time (ms)	lx (deg)	ly (deg)	rx (deg)	ry (deg)
0.000	-12.22966	-7.56316	-10.25384	-7.74198
4.003	-12.19230	-7.61264	-10.23233	-7.77556
7.999	-11.82980	-7.29571	-9.54607	-7.66644
11.998	-9.29476	-6.64951	-8.25909	-7.07042
16.027	-8.53676	-5.81212	-6.32973	-5.18687
20.006	-7.65629	-3.95643	-5.13769	-3.88692
24.003	-5.56687	-3.07836	-3.43719	-3.84022
28.005	-5.11871	-2.25821	-2.23811	-3.49946
31.999	-3.32036	-1.22964	-1.63400	-2.65516
35.997	-2.64138	-0.60744	-0.61605	-1.77205
40.002	-2.55894	0.31276	-1.09061	-1.61028
44.001	-2.53682	-0.23087	-1.27393	-1.42445
47.997	-2.72484	-0.19951	-1.32466	-1.54441
52.002	-2.72798	-0.28755	-1.42181	-1.63115
56.020	-2.75517	-0.27359	-1.27281	-1.58155
60.002	-2.76413	-0.13279	-1.31798	-1.45353
64.035	-2.82259	-0.15373	-1.26282	-1.39653
68.006	-2.71164	-0.21493	-1.17252	-1.32164
71.999	-2.67226	-0.27389	-1.05562	-1.23689
75.994	-2.59292	-0.14639	-0.93463	-1.13257
80.000	-2.59411	-0.11109	-1.06369	-1.11832
83.998	-2.59866	-0.17928	-1.08651	-1.09157
87.997	-2.58333	-0.23513	-1.06719	-1.07412
91.996	-2.54526	-0.19353	-0.96445	-0.99301
96.000	-2.47454	-0.18850	-0.90584	-0.91935
100.012	-2.47866	-0.21077	-0.89919	-0.92695
103.994	-2.44251	-0.25246	-0.82220	-0.92230
108.005	-2.45114	-0.07210	-0.85379	-0.92813
112.002	-2.46211	-0.13667	-0.83910	-0.97595
115.996	-2.49486	-0.16171	-0.87034	-0.98585
119.999	-2.50429	-0.23512	-0.94825	-0.99204
124.146	-2.45294	-0.17622	-0.93969	-1.05506
128.003	-2.47994	-0.22874	-0.93909	-1.09654
131.872	-2.49657	-0.18202	-0.92798	-0.92339
135.870	-2.58021	-0.22595	-0.94775	-0.91589
139.868	-2.44469	-0.13553	-1.03543	-0.94010
143.874	-2.45661	-0.09970	-0.95269	-1.04236
147.871	-2.39946	0.00119	-0.97586	-1.03438
151.872	-2.47524	-0.13642	-0.99045	-0.88430
155.879	-2.42916	-0.16021	-1.03173	-0.94030
159.881	-2.37553	0.01078	-1.03305	-1.01904
163.871	-2.40174	-0.04206	-0.98636	-0.98838
167.875	-2.36438	-0.01621	-0.80392	-1.04730
171.873	-2.27406	-0.06411	-0.35318	-0.95527
175.871	-2.01127	0.21767	0.79171	-1.00080
179.869	-0.80272	0.24799	0.94217	-0.52932
183.875	-0.84791	0.39851	1.07954	-0.34924
187.872	-0.61672	0.45520	1.14508	-0.39129
191.870	-0.58099	0.41739	1.08311	-0.32742
195.875	-0.29046	0.45515	1.07178	-0.52923
199.876	-0.41264	0.59060	0.79387	-0.34624
203.875	-0.39996	0.68688	0.61364	-0.42529
207.872	-0.27592	0.67357	0.60895	-0.20947
211.868	-0.32052	0.78224	0.59898	-0.34242
215.875	-0.21554	0.79569	0.66082	-0.33226
219.870	-0.25133	0.79735	0.90120	-0.45485
223.877	-0.25475	0.72970	0.85917	-0.40159
227.877	-0.29178	0.80304	0.75042	-0.44349
231.871	-0.34402	0.81021	0.69836	-0.52536
235.871	-0.34434	0.83757	0.62635	-0.58872
239.873	-0.40636	0.84886	0.60920	-0.59275
243.895	-0.42487	0.75704	0.69843	-0.67832
247.875	-0.42033	0.73490	0.71005	-0.70195
251.873	-0.47354	0.74041	0.81203	-0.80741
255.868	-0.52108	0.70515	0.84761	-0.88126
259.874	-0.53354	0.68977	0.90748	-0.97757
263.873	-0.53396	0.71479	0.89252	-0.95934
267.870	-0.53900	0.67909	0.92919	-0.95725
271.874	-0.52193	0.67934	0.92986	-0.85891
275.872	-0.48200	0.63447	0.90803	-0.73011
279.873	-0.45738	0.55574	0.91927	-0.61924
283.899	-0.46825	0.54106	0.86902	-0.56797
287.873	-0.45430	0.52071	0.80861	-0.50301
291.873	-0.45736	0.60193	0.86483	-0.54566
295.867	-0.44956	0.67726	0.84235	-0.61480
299.871	-0.44142	0.59157	0.83731	-0.63058
303.870	-0.41425	0.66638	0.84183	-0.40184
307.866	-0.31831	0.61752	0.75553	-0.44018
311.867	-0.25277	0.65315	0.70851	-0.28080
315.868	-0.20028	0.57283	0.71054	-0.34321
319.866	-0.21624	0.51327	0.77275	-0.39384
323.873	-0.08607	0.62970	0.90324	-0.44657
328.028	-0.10461	0.59191	0.97499	-0.43325
331.870	-0.12404	0.56823	0.96998	-0.45936
335.875	-0.06458	0.57869	1.00501	-0.46495
339.868	-0.05308	0.57867	1.02506	-0.49674
343.868	0.03043	0.65748	1.08366	-0.43671
347.867	-0.00911	0.78305	1.12886	-0.47429
351.871	-0.08125	0.79977	1.07336	-0.46280
355.864	-0.06587	0.86141	1.11008	-0.48306
359.874	-0.05837	0.82461	1.18453	-0.50325
363.873	-0.10768	0.84374	1.12372	-0.47700
367.870	-0.16094	0.63124	1.08021	-0.47783
371.870	-0.18482	0.61280	1.04260	-0.52978
375.872	-0.19651	0.64356	1.02858	-0.57351
379.869	-0.18529	0.71442	0.97455	-0.56624
383.868	-0.14312	0.77428	0.99737	-0.49285
387.865	-0.15293	0.59817	0.89823	-0.59889
391.871	-0.11565	0.54875	0.97484	-0.67535
395.870	0.00802	0.52564	1.10777	-0.70167
399.869	0.09138	0.56038	1.02613	-0.56700
403.870	0.08197	0.54776	1.02704	-0.60943
407.872	0.10245	0.55268	1.04052	-0.57196
411.868	0.20527	0.62075	1.02533	-0.63040
415.870	0.20219	0.61812	1.15146	-0.57768
419.867	0.26406	0.67516	1.19586	-0.49907
423.866	0.19090	0.66287	1.19036	-0.38386
427.870	0.19172	0.67216	1.24967	-0.41875
431.867	0.22904	0.75392	1.15220	-0.31410
435.865	0.30851	0.93913	1.06929	-0.26966
439.865	0.11441	0.88558	1.04568	-0.17772
443.871	0.16680	0.94612	1.19490	-0.19120
447.873	0.13523	0.89087	1.27621	-0.14342
451.872	0.16464	0.91367	1.39063	-0.10836
455.864	0.17849	0.92020	1.60288	-0.06103
459.870	0.13377	0.96477	1.75520	-0.04538
463.903	0.08795	0.89855	1.57039	0.06150
467.877	0.05142	0.91720	1.55410	0.04037
471.866	0.01973	0.91487	1.65510	0.07581
475.871	0.06051	0.87902	1.79100	0.09753
479.866	0.02494	0.82198	1.76455	0.13924
483.865	0.08440	0.75897	1.71154	0.13663
487.876	0.10066	0.73698	1.63058	0.15808
491.871	0.13672	0.71035	1.53991	0.13051
495.866	0.08582	0.71025	1.54058	0.10294
499.865	0.10054	0.66178	1.38900	0.10598
503.900	0.11049	0.66352	1.29737	0.02062
507.867	0.17824	0.70583	1.24902	0.03799
511.867	0.22023	0.72886	1.15540	-0.01265
515.868	0.23671	0.74411	1.14677	-0.00730
519.864	0.26287	0.70192	1.14642	-0.04827
523.864	0.20261	0.65735	1.06242	-0.08206
527.862	0.17164	0.68714	1.05798	-0.07784
531.871	0.15064	0.77577	1.06984	-0.04293
535.872	0.08175	0.75661	1.10549	-0.08375
539.863	0.31553	0.80306	1.13982	-0.13239
543.871	0.18837	0.78463	1.09026	-0.20710
547.863	0.15702	0.77122	1.12219	-0.16559
551.863	0.15484	0.80603	1.23387	-0.18076
555.866	0.21065	0.87862	1.34904	-0.10742
559.865	0.00928	0.84826	1.22762	-0.13838
563.861	0.07083	1.03550	1.23933	-0.10049
567.867	0.02936	1.02129	1.27043	-0.15768
571.868	0.03894	1.05090	1.18430	-0.16628
575.867	0.09274	1.06200	1.14126	-0.19701
579.863	0.05229	1.13727	1.01662	-0.16403
583.866	0.05445	1.08086	1.06659	-0.13627
587.863	0.04673	1.13946	1.15064	-0.13908
591.862	0.20137	1.05025	1.12668	-0.14338
595.867	0.09490	1.09224	0.97321	-0.18187
599.865	-0.05318	1.06799	1.02848	-0.24900
603.869	0.03730	1.11772	1.05446	-0.27998
607.863	-0.06589	1.04750	1.16374	-0.29447
611.867	-0.05703	1.07607	1.09036	-0.36375
615.867	-0.01157	1.13918	1.07011	-0.32666
619.862	-0.01226	1.17334	1.08443	-0.39304
623.867	0.09825	1.05281	1.19443	-0.40398
627.865	-0.08398	1.15009	1.22576	-0.44119
631.864	-0.02899	1.14251	1.15258	-0.46485
635.861	0.05184	1.14994	1.17510	-0.48554
639.867	-0.13277	1.20416	1.25959	-0.49529
643.864	-0.04393	1.25001	1.32585	-0.50118
647.863	-0.04132	1.10898	1.31260	-0.44905
651.865	-0.01370	1.03721	1.17835	-0.45928
655.872	-0.09694	1.01764	1.25404	-0.44511
659.866	-0.07180	1.04477	1.23310	-0.39138
663.865	-0.08004	1.01215	1.21829	-0.39906
667.868	-0.08041	1.04983	1.19763	-0.41185
671.863	-0.03948	1.02857	1.19728	-0.39834
675.867	-0.01978	1.12356	1.21072	-0.37354
679.863	-0.05038	1.17773	1.30613	-0.33545
683.864	-0.01561	1.20210	1.27611	-0.30015
687.858	-0.06884	1.07378	1.31109	-0.25088
691.866	-0.06080	1.05843	1.26803	-0.26507
695.872	-0.05254	1.19365	1.31838	-0.21588
699.869	-0.05219	1.21909	1.22690	-0.21467
703.861	-0.00655	1.21032	1.17247	-0.20484
707.865	0.02986	1.20041	1.13762	-0.17411
711.863	0.05596	1.22974	1.19973	-0.15786
715.860	0.08354	1.25910	1.26145	-0.15015
719.862	0.11803	1.20637	1.24084	-0.12710
723.861	0.15340	1.21124	1.21382	-0.11935
727.896	0.15049	1.21668	1.20561	-0.12889
731.873	0.17928	1.23212	1.21219	-0.18911
735.866	0.14211	1.29601	1.18646	-0.20379
739.868	0.20695	1.26846	1.16099	-0.24176
743.866	0.23842	1.27529	1.23352	-0.27280
747.858	0.24401	1.27109	1.31895	-0.22669
751.864	0.23410	1.32131	1.36015	-0.23540
755.861	0.18464	1.32377	1.31838	-0.23779
759.859	0.14672	1.24258	1.28050	-0.31205
763.858	0.04460	1.09321	1.28097	-0.34827
767.863	0.10840	1.15789	1.34586	-0.36095
771.862	0.12319	1.16862	1.31930	-0.09306
775.862	0.20767	1.27536	1.33639	-0.15698
779.864	0.20725	1.08003	1.39971	-0.22964
783.863	0.17817	0.97516	1.37801	-0.29400
787.862	0.12019	1.04606	1.31592	-0.21215
791.862	0.00521	1.21459	1.31540	-0.11380
795.865	0.00469	1.17056	1.29988	-0.12476
799.862	0.08081	0.98721	1.28541	-0.07853
803.862	0.12570	1.02931	1.32461	-0.10764
807.866	0.12677	1.11556	1.27254	-0.05339
811.862	0.11538	1.19455	1.22196	-0.14471
815.859	0.09398	1.14430	1.13906	-0.11913
819.864	0.07388	1.10135	1.12931	-0.18154
823.869	0.04356	0.98316	1.17292	-0.21271
827.858	0.04313	1.08834	1.15101	-0.09389
831.858	0.07780	1.01342	1.14595	-0.03814
835.864	0.10580	1.03383	1.14965	-0.09322
839.863	0.10230	1.07286	1.11023	-0.13443
843.858	0.08691	1.15682	1.10070	-0.11771
847.860	0.01616	1.17977	1.10802	-0.09856
851.860	0.01224	1.13369	1.14565	-0.15786
855.862	0.04380	1.19678	1.17934	-0.14864
859.858	0.06942	1.31469	1.21715	-0.15209
863.867	0.08292	1.33215	1.24404	-0.11361
867.863	0.00859	1.25948	1.24106	-0.02333
871.894	0.06907	1.22247	1.26656	0.05043
875.872	0.11597	1.27408	1.31263	0.08504
879.860	0.13392	1.25113	1.38143	0.15553
883.860	0.21688	1.14380	1.36352	0.25475
887.858	0.17539	1.09176	1.41310	0.01520
891.863	0.15576	1.13026	1.39929	-0.14269
895.862	0.19325	1.12564	1.42275	-0.13948
899.859	0.16275	1.00854	1.41189	-0.04442
903.861	0.13208	0.97424	1.38418	-0.03813
907.864	0.09215	0.89693	1.36127	-0.08797
911.859	0.13543	0.86091	1.33237	-0.31078
915.864	0.06621	0.84618	1.32210	-0.15161
919.895	0.03926	0.83147	1.33421	-0.27406
923.860	-0.00588	0.82267	1.28244	-0.19504
927.861	-0.02298	0.83537	1.24845	-0.15880
931.858	-0.05050	0.80993	1.24974	-0.06126
935.856	-0.02330	0.85875	1.23176	0.01098
939.883	-0.01650	0.81236	1.19219	0.14981
943.863	-0.05279	0.85129	1.15111	0.24633
947.864	-0.07537	0.84501	1.22772	0.16933
951.861	-0.01961	0.88528	1.19051	0.26970
955.855	0.02981	0.91124	1.20095	0.33111
959.860	0.04571	0.94473	1.16989	0.37188
963.858	0.11488	0.98261	1.10862	0.37574
967.858	0.04368	0.99290	1.13104	0.32665
971.856	0.01931	1.03458	1.22787	0.21102
975.861	0.00166	1.04531	1.22762	0.09754
979.859	0.07411	1.03239	1.28164	0.00633
983.734	0.06060	1.01799	1.38776	-0.03796
987.735	0.12602	1.02735	1.36169	-0.06566
991.738	0.68238	1.05388	1.29526	-0.07758
995.737	0.51714	1.07016	1.35507	-0.13837
999.730	0.40465	1.11531	1.32813	-0.13832
1003.734	0.36782	1.09738	1.23980	-0.11073
1007.733	0.23217	1.18478	1.33363	-0.15536
1011.738	0.19792	1.19872	1.33448	-0.14369
1015.733	0.30315	1.15628	1.36804	-0.15491
1019.731	0.36695	1.18511	1.37717	-0.11549
1023.734	0.49810	1.14210	1.38920	-0.15024
1027.734	0.47363	1.17566	1.28628	-0.12869
1031.732	0.45733	1.16071	1.21936	-0.13155
1035.733	0.45368	1.19461	1.22744	-0.11175
1039.737	0.38799	1.20808	1.24260	-0.10988
1043.734	0.36638	1.23881	1.29010	-0.19606
1047.730	0.34685	1.22495	1.32227	-0.17360
1051.734	0.34404	1.21318	1.29655	-0.18135
1055.731	0.35866	1.16472	1.18190	-0.21020
1059.729	0.36365	1.17980	1.20249	-0.18819
1063.734	0.34243	1.09107	1.16237	-0.15530
1067.736	0.28885	1.17300	1.16687	-0.10929
1071.734	0.22420	1.19499	1.19190	-0.11068
1075.761	0.21323	1.21230	1.19185	-0.10146
1079.741	0.25118	1.22193	1.15456	-0.14340
1083.733	0.21107	1.24973	1.20425	-0.14859
1087.730	0.26547	1.22561	1.28018	-0.13967
1091.728	0.25247	1.15922	1.33554	-0.13497
1095.734	0.26929	1.22295	1.37508	-0.18733
1099.731	0.25418	1.12725	1.50636	-0.16362
1103.730	0.30617	1.20412	1.56508	-0.09578
1107.734	0.33816	1.20702	1.57133	-0.11782
1111.732	0.36821	1.15575	1.64739	-0.15974
1115.728	0.38742	1.03051	1.63311	-0.13286
1119.739	0.42065	1.10671	1.58666	-0.10077
1123.732	0.36156	1.15821	1.60407	-0.06279
1127.733	0.35429	1.13914	1.54782	-0.05144
1131.729	0.31888	1.13229	1.54041	-0.07514
1135.734	0.32858	1.12973	1.44153	-0.12721
1139.732	0.33000	1.14781	1.36722	-0.12250
1143.752	0.28173	1.15219	1.41985	-0.03682
1147.794	0.25393	1.09781	1.40269	-0.07661
1151.734	0.26294	1.05097	1.39076	-0.08498
1155.732	0.23093	1.02876	1.38314	-0.10354
1159.755	0.20499	1.02742	1.37935	-0.09495
1163.728	0.17506	1.04402	1.41382	-0.11474
1167.732	0.21353	0.97026	1.40579	-0.09378
1171.731	0.21604	0.99913	1.42573	-0.10714
1175.727	0.20678	0.96827	1.41343	-0.08938
1179.731	0.20427	1.01309	1.41938	-0.00306
1183.731	0.25021	0.92629	1.39068	0.06759
1187.726	0.26726	0.78013	1.34817	0.05055
1191.726	0.28739	0.78411	1.33753	0.03826
1195.731	0.27130	0.73598	1.27998	0.08310
1199.754	0.31124	0.80863	1.30429	0.15743
1203.744	0.33032	0.84437	1.30377	0.20930
1207.729	0.36303	0.78164	1.23298	0.28157
1211.753	0.35055	0.90397	1.25188	0.13962
1215.737	0.38333	0.95882	1.24627	-0.01232
1219.729	0.44773	1.13942	1.30303	0.06079
1223.727	0.52284	0.92479	1.24444	0.11179
1227.736	0.51905	0.99552	1.21474	0.04653
1231.729	0.58826	1.03907	1.21836	-0.05635
1235.729	0.61501	1.12444	1.20135	-0.02889
1239.731	0.70801	1.11811	1.17488	0.06708
1243.736	0.70776	1.14548	1.10102	-0.00817
1247.730	0.73173	1.17046	1.10246	-0.13503
1251.728	0.71491	1.27485	1.08510	-0.15861
1255.725	0.73295	1.33095	1.12003	-0.11481
1259.731	0.73707	1.32111	1.07267	-0.09948
1263.729	0.71164	1.29132	1.07185	-0.10584
1267.729	0.74171	1.29071	1.07458	-0.13960
1271.727	0.72935	1.30229	1.02657	-0.09769
1275.730	0.71049	1.28918	1.00347	-0.00117
1279.749	0.67364	1.21769	0.89661	0.01620
1283.740	0.62970	1.15066	0.91604	0.06065
1287.727	0.58193	1.14884	0.89798	0.01309
1291.730	0.45701	1.05966	0.88676	0.07056
1295.725	0.53798	0.95818	0.99903	0.03396
1299.726	0.38325	0.95286	0.97462	-0.00353
1303.733	0.38343	0.94257	0.98921	0.01088
1307.729	0.26711	0.96288	1.00280	0.06505
1311.727	0.17504	1.05122	0.88446	0.10873
1315.731	0.16318	1.11558	0.94199	0.03091
1319.728	0.13275	1.04173	1.01789	-0.04000
1323.724	0.10808	1.20739	1.06019	-0.10631
1327.728	0.13555	1.22656	1.08425	-0.19170
1331.739	0.08867	1.21104	1.11963	-0.19222
1335.728	0.17936	1.24541	1.15057	-0.18896
1339.728	0.15030	1.29630	1.15970	-0.16164
1343.725	0.16385	1.39969	1.16840	-0.07818
1347.754	0.19626	1.45043	1.19438	0.05453
1351.731	0.23242	1.43016	1.20013	0.08360
1355.732	0.27113	1.36452	1.24491	0.13005
1359.792	0.36655	1.25637	1.26559	0.09942
1363.731	0.54131	1.23590	1.24865	0.01113
1367.729	0.48033	1.07205	1.22042	0.11498
1371.728	0.45262	0.99249	1.23727	0.20600
1375.730	0.50937	0.87486	1.20983	0.18069
1379.723	0.52131	0.80331	1.17984	0.20568
1383.731	0.47788	0.81097	1.14298	0.21562
1387.726	0.49843	0.77052	1.12132	0.26019
1391.727	0.61617	0.71742	1.03632	0.30313
1395.723	0.58965	0.74959	0.99846	0.29121
1399.728	0.45909	0.77381	0.97559	0.16833
1403.726	0.49011	0.63259	1.09614	-0.85049
1407.726	0.48927	-0.41401	1.10914	-1.20490
1411.728	0.37685	-2.54566	1.35588	-2.04901
1415.876	0.34640	-2.40543	1.80536	-2.11496
1419.733	0.46559	-2.34028	2.02510	-2.79256
1423.725	0.52225	-2.74424	2.05918	-3.18313
1427.726	0.62761	-3.06053	2.17095	-3.35202
1431.723	0.55766	-2.95335	1.93165	-2.79775
1435.727	0.43527	-2.55191	1.83219	-2.79942
1439.725	0.49297	-2.52221	1.98762	-2.70018
1443.726	0.59677	-2.55048	2.20096	-2.86552
1447.720	0.65665	-2.75005	2.32915	-2.69418
1451.736	0.61704	-2.56218	2.33422	-2.67257
1455.726	0.71955	-2.33866	2.12012	-2.70021
1459.725	0.80171	-2.34276	2.01910	-2.94938
1463.722	0.93177	-2.46629	1.98626	-3.18679
1467.728	0.87662	-2.57849	2.12565	-3.07223
1471.725	0.85496	-2.53199	2.00160	-3.19708
1475.726	1.06007	-2.46409	2.31307	-3.39139
1479.727	1.32647	-2.57919	2.92906	-3.35354
1483.735	1.55259	-2.94301	3.24071	-3.68400
1487.729	2.23568	-3.18222	3.97548	-3.92944
1491.727	2.45012	-4.18627	4.33056	-4.22208
1495.725	2.40848	-4.38534	3.97746	-4.32721
1499.729	2.26440	-3.95826	3.93707	-4.47065
1503.725	2.44138	-4.03405	3.85506	-4.71688
1507.721	2.49134	-3.68379	3.69889	-4.70989
1511.721	2.55420	-3.70289	3.73445	-4.91227
1515.725	2.51113	-4.05785	3.90155	-4.90214
1519.722	2.59797	-4.06491	3.73626	-4.97714
1523.723	2.66929	-4.02202	3.74772	-5.01590
1527.726	2.70490	-3.92465	3.73393	-5.02829
1531.726	2.69376	-4.06037	3.67504	-5.09633
1535.730	2.66068	-4.14887	3.66545	-5.15134
1539.728	2.67293	-4.42575	3.62187	-5.26554
1543.732	2.65379	-4.33996	3.60771	-5.17118
1547.724	2.62789	-4.22097	3.66661	-5.16976
1551.748	2.61149	-4.31980	3.64291	-5.23227
1555.727	2.57662	-4.39657	3.68831	-5.36865
1559.729	2.55698	-4.20682	3.62867	-5.36913
1563.725	2.47041	-4.24875	3.56845	-5.33718
1567.723	2.49815	-4.42717	3.54341	-5.34278
1571.719	2.54301	-4.48140	3.55226	-5.42489
1575.731	2.52418	-4.42980	3.54517	-5.29583
1579.785	2.58715	-4.21736	3.51505	-5.35003
1583.729	2.61590	-4.22287	3.52059	-5.23628
1587.736	2.58405	-4.19036	3.60699	-5.32248
1591.731	2.60589	-4.14890	3.49911	-5.16482
1595.720	2.76473	-4.10513	3.46889	-5.32973
1599.726	2.58749	-4.22536	3.48153	-5.17552
1603.724	2.47425	-4.21318	3.41679	-5.25494
1607.717	2.75007	-4.27952	3.54828	-5.11232
1611.718	2.79290	-4.21458	3.51008	-5.18533
1615.722	2.74308	-4.14535	3.51320	-5.12526
1619.752	2.77044	-4.14452	3.54655	-5.16665
1623.728	2.50724	-4.21633	3.68987	-5.15932
1627.722	2.51190	-4.24301	3.57038	-5.25797
1631.723	2.71605	-4.28609	3.56175	-5.23920
1635.720	2.67803	-4.22258	3.52022	-5.21437
1639.724	2.68945	-4.11595	3.56996	-5.22752
1643.725	2.77309	-4.13604	3.49164	-5.39186
1647.721	2.84145	-4.02216	3.56185	-5.22464
1651.717	2.78780	-4.09623	3.49693	-5.21381
1655.724	2.77760	-4.15076	3.46429	-5.29776
1659.727	2.86277	-4.10348	3.43711	-5.36824
1663.726	2.87821	-4.04065	3.44787	-5.47573
1667.730	2.84237	-4.07626	3.37549	-5.69139
1671.722	2.81385	-4.22460	3.44770	-5.67411
1675.720	2.82890	-4.27638	3.42895	-5.74842
1679.721	2.85583	-4.39798	3.41266	-5.51794
1683.724	2.82578	-4.37900	3.42881	-5.65521
1687.722	2.83714	-4.34436	3.36639	-5.72884
1691.725	2.82165	-4.34846	3.38719	-5.72607
1695.719	2.89421	-4.40314	3.40376	-5.81933
1699.729	2.80850	-4.26589	3.52645	-5.83873
1703.722	2.77525	-4.15001	3.51547	-5.82054
1707.719	2.74831	-4.26050	3.45314	-5.87419
1711.718	2.73256	-4.33300	3.52999	-5.84175
1715.724	2.79156	-4.31906	3.45544	-5.82793
1719.719	2.79303	-4.34134	3.45039	-5.82192
1723.755	2.91601	-4.45757	3.52759	-5.88624
1727.733	3.31027	-4.58219	4.03100	-5.92172
1731.724	4.21249	-4.57993	4.94874	-6.03158
1735.721	5.64098	-4.84690	7.26476	-7.03344
1739.725	6.30438	-5.53400	8.15990	-7.22326
1743.732	6.98018	-6.74354	8.91502	-8.76517
1747.722	7.93279	-7.09861	9.68920	-8.05141
1751.718	9.56516	-7.03782	12.15756	-8.78548
1755.741	10.05541	-7.15667	12.39170	-8.92975
1759.728	10.17952	-7.28356	12.24848	-8.95514
1763.722	10.28525	-7.23968	11.01323	-8.97185
1767.718	10.19161	-7.28316	11.79969	-9.08641
1771.722	10.08900	-7.48450	11.75914	-9.00571
1775.719	10.15963	-7.37383	11.73780	-9.10688
1779.718	10.16519	-7.67883	11.24352	-9.02518
1783.746	10.07663	-7.55099	11.79125	-9.12266
1787.727	10.15490	-7.59926	11.76290	-9.22466
1791.719	10.18591	-7.62128	11.91293	-9.22940
1795.717	10.22216	-7.71736	11.98944	-9.31278
1799.721	10.19515	-7.76236	11.73483	-9.33191
1803.719	10.18969	-7.88794	11.92172	-9.39048
1807.716	10.26509	-7.91526	11.94546	-9.38662
1811.716	10.20853	-7.91090	12.05331	-9.33455
1815.716	10.28051	-7.90044	12.04417	-9.34835
1819.714	10.32652	-7.91923	12.11474	-9.35620
1823.744	10.31578	-7.87537	11.96598	-9.39951
1827.724	10.38190	-7.87104	11.88031	-9.34116
1831.722	10.39674	-7.82277	11.92158	-9.30108
1835.714	10.41258	-7.81087	11.88506	-9.36347
1839.593	10.51695	-7.77407	12.09745	-9.27862
1843.589	10.56610	-7.82102	11.93230	-9.20525
1847.595	10.52490	-7.74499	11.92980	-9.20844
1851.591	10.47403	-7.71271	11.94619	-9.22980
1855.591	10.49260	-7.66909	12.18839	-9.25455
1859.596	10.57946	-7.44251	11.88382	-9.31765
1863.593	10.50230	-7.56671	11.80728	-9.34146
1867.591	10.55246	-7.69134	11.87258	-9.34080
1871.600	10.74293	-7.76350	11.83522	-9.33559
1875.597	10.53120	-7.72073	11.76802	-9.33711
1879.590	10.60987	-7.64909	11.58322	-9.38439
1883.592	10.43976	-7.56791	11.62887	-9.43256
1887.590	10.57164	-7.56513	11.75443	-9.42173
1891.610	10.66733	-7.62673	11.79175	-9.45591
1895.599	10.68199	-7.81387	11.72439	-9.44980
1899.593	10.57196	-7.68985	11.67296	-9.41214
1903.594	10.50640	-7.73780	11.62723	-9.42735
1907.590	10.59562	-7.77000	11.63409	-9.38993
1911.595	10.61879	-7.75158	11.71313	-9.42257
1915.595	10.53375	-7.82082	11.63006	-9.42579
1919.596	10.43524	-7.77089	11.62906	-9.42158
1923.592	10.49954	-7.80185	11.75498	-9.42398
1927.591	10.41105	-7.92849	11.69823	-9.35855
1931.591	10.44674	-7.99770	11.66394	-9.33388
1935.594	10.44763	-8.12728	11.72536	-9.30164
1939.592	10.39179	-8.16162	11.81042	-9.28223
1943.590	10.24243	-8.20680	11.51954	-9.31961
1947.590	9.96217	-8.18463	10.92803	-9.39741
1951.592	7.23811	-8.25513	9.52883	-9.54418
1955.593	6.98194	-8.17151	8.67791	-9.30662
1959.618	6.51155	-8.47703	7.72705	-9.21920
1963.593	5.85539	-8.31354	6.94560	-9.25499
1967.596	5.15505	-8.48465	6.64986	-9.49132
1971.591	4.95031	-8.59568	5.47370	-9.52871
1975.592	4.55556	-8.44153	4.92225	-9.17148
1979.599	3.81202	-8.27632	3.87690	-9.20352
1983.591	3.50640	-8.34251	3.28360	-9.06368
1987.590	3.25654	-8.28108	3.43247	-9.15083
1991.590	3.20706	-8.17358	3.53011	-9.07770
1995.597	3.22497	-7.98825	3.51354	-8.99817
1999.596	3.08228	-8.20386	3.42989	-9.00242
2003.644	3.03902	-8.08417	3.41335	-8.98355
2007.593	3.12361	-8.11639	3.40200	-8.94253
2011.594	3.03338	-8.12964	3.40690	-8.88293
2015.591	2.94007	-8.09717	3.52371	-8.79746
2019.588	3.00990	-8.09571	3.45106	-8.82022
2023.593	2.94485	-8.04517	3.39960	-8.86205
2027.593	2.92000	-8.08950	3.35172	-8.90273
2031.589	2.77067	-8.04124	3.13333	-8.96060
2035.592	2.85836	-8.01527	3.17529	-8.98438
2039.595	2.84106	-8.04624	2.96542	-9.06183
2043.589	2.84754	-7.99609	2.95921	-9.01981
2047.592	2.93309	-7.96904	2.81692	-9.00720
2051.590	2.90606	-7.90912	2.81513	-9.01431
2055.589	2.89661	-7.84461	2.67779	-8.99511
2059.587	2.94141	-7.73202	2.65379	-9.04005
2063.590	2.92290	-7.65386	2.62080	-9.06035
2067.589	2.93322	-7.59672	2.60508	-9.05710
2071.586	2.96238	-7.57607	2.62038	-9.04770
2075.591	2.98166	-7.54604	2.57944	-9.03447
2079.594	2.97406	-7.50112	2.58351	-9.01127
2083.588	2.92012	-7.46586	2.58256	-9.00053
2087.588	2.89237	-7.46789	2.57028	-9.01393
2091.591	2.86321	-7.48833	2.57712	-8.98805
2095.594	2.82135	-7.53561	2.56976	-9.03377
2099.588	2.75903	-7.59644	2.63128	-9.05834
2103.592	2.74160	-7.66892	2.62568	-9.09706
2107.588	2.62962	-7.84603	2.65255	-9.10268
2111.589	2.55042	-7.99261	2.65790	-9.12040
2115.592	2.54212	-8.03972	2.70163	-9.10133
2119.588	2.54009	-8.24352	2.82276	-9.03165
2123.592	2.55735	-8.56603	2.87631	-8.95086
2127.586	2.74133	-8.09244	2.80436	-8.84401
2131.592	2.63125	-7.57284	2.84133	-8.69504
2135.590	2.60577	-5.19827	2.87438	-7.42689
2139.587	2.68883	-4.72886	3.02210	-4.58871
2143.586	2.87215	-2.05402	3.07810	-4.05478
2147.591	2.97280	-1.31200	3.05036	-3.09533
2151.591	3.25181	-0.88028	3.15223	-1.33296
2155.587	3.39201	0.50808	3.35654	-0.92838
2159.587	3.50996	1.65950	3.34326	-0.50930
2163.598	3.36144	1.53366	3.40699	-0.38763
2167.595	3.54250	1.27484	3.54999	-0.36668
2171.590	3.49757	1.05133	3.71372	-0.36796
2175.591	3.71540	1.26935	3.75459	-0.55918
2179.589	3.72091	1.15691	3.79213	-0.57693
2183.587	3.75899	1.34898	3.89708	-0.78104
2187.587	3.72872	1.74199	3.92860	-0.70390
2191.591	3.67516	1.48108	3.97343	-0.70996
2195.589	3.77496	1.36343	4.06399	-0.59419
2199.589	3.65366	1.48820	4.10409	-0.45914
2203.590	3.52848	1.46050	4.17154	-0.32218
2207.617	3.63918	1.42850	4.13377	-0.20556
2211.586	3.60712	1.45029	4.08797	-0.05069
2215.583	3.49948	1.43135	4.04399	0.11315
2219.589	3.45220	1.45090	4.01114	-0.08108
2223.589	3.43632	1.56433	4.06011	-0.11333
2227.590	3.44092	1.57545	3.94579	-0.01202
2231.588	3.57698	1.70661	3.99477	-0.07910
2235.592	3.59755	1.59873	3.96449	0.05704
2239.590	3.56094	1.67638	3.92151	0.03448
2243.584	3.48872	1.55790	3.87129	0.12255
2247.588	3.49512	1.56378	3.82272	-0.03444
2251.590	3.47984	1.53645	3.86301	0.02849
2255.586	3.47539	1.55380	3.93208	-0.00761
2259.586	3.45531	1.61612	3.97202	-0.09710
2263.583	3.49812	1.80441	3.91328	-0.16870
2267.588	3.43190	1.65728	3.95308	-0.18315
2271.586	3.42213	1.56673	3.98990	-0.08773
2275.586	3.40885	1.49742	4.03149	-0.03587
2279.584	3.44327	1.55215	4.01749	-0.01475
2283.588	3.37536	1.59333	4.02085	-0.15103
2287.591	3.34873	1.60735	4.08515	-0.21009
2291.584	3.38489	1.53308	3.98874	-0.08071
2295.591	3.37583	1.58321	3.86899	-0.01810
2299.618	3.44248	1.60276	3.87722	0.02035
2303.594	3.49928	1.57391	3.87658	-0.04316
2307.583	3.56089	1.46513	3.90531	-0.01364
2311.588	3.49070	1.55673	4.13646	-0.00491
2315.582	3.58877	1.58372	4.06910	-0.22856
2319.583	3.59584	1.64113	4.13989	-0.36361
2323.588	3.58442	1.50567	3.98785	-0.21123
2327.586	3.69953	1.57367	4.03115	0.06380
2331.589	3.57869	1.51606	3.61362	0.23155
2335.584	3.61409	1.62890	3.81498	-0.07733
2339.589	3.67677	1.73325	4.08673	-0.28670
2343.585	3.57157	1.59347	4.06614	-0.33866
2347.589	3.48167	1.61898	4.17425	-0.20463
2351.587	3.53144	1.59718	4.34161	0.11596
2355.585	3.60284	1.57976	4.21614	-0.02265
2359.583	3.57216	1.55389	3.93895	-0.09832
2363.582	3.57105	1.54517	3.97281	-0.03612
2367.609	3.61307	1.73753	3.91123	-0.05271
2371.597	3.57468	1.71092	4.05663	-0.20385
2375.591	3.56915	1.65436	4.02594	-0.30100
2379.587	3.59953	1.62328	4.11419	-0.30884
2383.581	3.65168	1.55834	4.14969	-0.28895
2387.587	3.67153	1.57919	4.08063	-0.23205
2391.585	3.69548	1.66664	4.00038	-0.21254
2395.584	3.63389	1.62597	3.84500	-0.30379
2399.588	1.91586	1.61880	3.55614	-0.28792
2403.585	1.10832	1.72788	1.74258	-0.24025
2407.584	-0.55245	1.51379	1.11221	-0.29217
2411.596	-0.47795	1.48984	0.36419	-0.37613
2415.590	-1.00620	1.21679	-0.15844	-0.49250
2419.584	-1.26145	0.84113	-0.50210	-0.55840
2423.611	-1.25230	0.80457	-0.50910	-0.70667
2427.584	-1.20633	0.73188	-0.51247	-0.61961
2431.583	-1.13181	0.74785	-0.54553	-0.72038
2435.577	-1.11313	0.63157	-0.45579	-0.61202
2439.581	-1.01198	0.64699	-0.54009	-0.68841
2443.587	-1.04761	0.64418	-0.54838	-0.66997
2447.581	-1.01260	0.51090	-0.53237	-0.73745
2451.580	-1.06039	0.38298	-0.58704	-0.83493
2455.584	-1.00020	0.31489	-0.57200	-0.86909
2459.586	-0.98164	0.25330	-0.54294	-0.86512
2463.584	-0.95564	0.29469	-0.51076	-0.96996
2467.580	-0.91433	0.35154	-0.53667	-0.93296
2471.580	-0.87535	0.23301	-0.60655	-0.89964
2475.589	-0.89614	0.17159	-0.61265	-0.85343
2479.580	-0.92185	0.19350	-0.61796	-0.91241
2483.578	-0.97487	0.20994	-0.64739	-0.99512
2487.585	-1.03625	0.14283	-0.66744	-1.04723
2491.582	-1.14233	0.17152	-0.69436	-1.07790
2495.587	-1.15930	0.21793	-0.70154	-1.12380
2499.581	-1.17723	0.27018	-0.74010	-1.06748
2503.609	-1.20832	0.26476	-0.81836	-1.01043
2507.586	-1.25049	0.25275	-0.81918	-0.95357
2511.585	-1.25165	0.21971	-0.78689	-0.90589
2515.582	-1.25830	0.20898	-0.73985	-0.92282
2519.579	-1.25877	0.25794	-0.75151	-0.88789
2523.584	-1.24431	0.31118	-0.76384	-0.90510
2527.582	-1.21973	0.33779	-0.76010	-0.83050
2531.582	-1.22913	0.38447	-0.72918	-0.75523
2535.580	-1.18718	0.43240	-0.71848	-0.65196
2539.593	-1.16761	0.45021	-0.71221	-0.58739
2543.580	-1.16411	0.35295	-0.68156	-0.55095
2547.578	-1.15201	0.28675	-0.73637	-0.55035
2551.585	-1.16677	0.21256	-0.72369	-0.62019
2555.581	-1.16493	0.20496	-0.73623	-0.57544
2559.579	-1.16104	0.22051	-0.77526	-0.55817
2563.584	-1.19490	0.12417	-0.82756	-0.59210
2567.581	-1.15468	0.21644	-0.78632	-0.59613
2571.583	-1.18175	0.23713	-0.74290	-0.64192
2575.586	-1.14303	0.21117	-0.76213	-0.56252
2579.585	-1.15540	0.22233	-0.77521	-0.53511
2583.580	-1.14943	0.12034	-0.75761	-0.58644
2587.581	-1.14434	0.21530	-0.81116	-0.59071
2591.583	-1.17666	0.24441	-0.76484	-0.62652
2595.579	-1.13511	0.25766	-0.76541	-0.53914
2599.585	-1.12281	0.27597	-0.75327	-0.58021
2603.581	-1.15803	0.28628	-0.74186	-0.56481
2607.581	-1.15478	0.30640	-0.69166	-0.50923
2611.579	-1.17532	0.28456	-0.67608	-0.48205
2615.580	-1.20405	0.25425	-0.69709	-0.46377
2619.585	-1.19807	0.25991	-0.70848	-0.44600
2623.583	-1.20164	0.22327	-0.72709	-0.48078
2627.583	-1.20137	0.28023	-0.70481	-0.45698
2631.582	-1.21422	0.24722	-0.67144	-0.41181
2635.580	-0.93299	0.23198	-0.25800	-0.43318
2639.584	0.40760	0.31145	2.40397	-0.48482
2643.582	1.78243	0.33828	3.35264	-0.52202
2647.577	4.08162	0.28553	6.08431	-0.84694
2651.659	5.23866	0.27497	6.96981	-1.23318
2655.586	6.80707	-0.12411	9.00290	-2.02575
2659.578	8.65339	-0.06368	10.71329	-2.36074
2663.583	9.20255	-0.21073	12.04631	-2.40159
2667.581	10.92581	-0.49670	13.41838	-2.69412
2671.577	11.74794	-0.67691	14.33271	-2.68753
2675.577	12.67818	-0.69301	15.71600	-2.79246
2679.582	13.32613	-0.74843	16.22695	-2.93591
2683.580	13.85409	-0.80557	16.11141	-2.90602
2687.577	13.87344	-0.77270	16.22542	-2.87041
2691.451	14.24354	-0.83192	16.13090	-2.95931
2695.455	14.03706	-0.94207	16.37110	-3.10363
2699.454	14.16109	-0.95033	16.56994	-3.36754
2703.454	14.09920	-0.95102	16.46740	-3.53928
2707.481	14.13953	-1.05417	16.47228	-3.63857
2711.461	14.28548	-1.04737	16.47025	-3.62672
2715.455	14.47108	-0.96600	16.33802	-3.69798
2719.456	14.48725	-1.01386	16.46434	-3.61098
2723.478	14.26478	-1.22674	16.35726	-3.54261
2727.463	14.46929	-1.35046	16.42402	-3.55284
2731.454	14.42083	-1.17785	16.38246	-3.36939
2735.455	14.29690	-1.15545	16.16644	-3.29636
2739.454	14.36420	-1.18024	16.00452	-3.38824
2743.451	14.42104	-1.12026	15.64556	-3.16524
2747.452	14.33830	-1.13848	15.89444	-3.18643
2751.460	14.35377	-1.13198	15.81132	-3.20037
2755.454	14.24338	-1.08619	16.10482	-3.32542
2759.453	14.36460	-1.03598	15.94332	-3.36606
2763.451	14.08307	-1.16437	15.93850	-3.41445
2767.456	14.18321	-1.11287	15.95447	-3.37025
2771.455	14.20180	-0.99635	15.54667	-3.13282
2775.451	14.23543	-1.02244	15.62010	-3.34843
2779.454	14.16350	-1.08445	15.75265	-3.38086
2783.451	14.22815	-1.08019	15.74249	-3.38039
2787.451	14.21563	-1.08512	15.91149	-3.38764
2791.458	14.15822	-1.06834	15.85928	-3.50277
2795.454	14.22626	-1.11459	15.89744	-3.40714
2799.450	14.25711	-1.15861	15.76557	-3.22980
2803.455	14.18237	-1.21493	15.73253	-3.21683
2807.453	14.22836	-1.19362	15.65140	-3.17555
2811.451	14.22974	-1.23281	15.74934	-3.24953
2815.457	14.28455	-1.30878	15.72570	-3.44428
2819.451	14.30601	-1.35239	15.75017	-3.39813
2823.453	14.27271	-1.38325	15.72545	-3.31412
2827.450	14.23289	-1.35610	15.72021	-3.21719
2831.449	14.30417	-1.45486	15.64738	-3.14393
2835.460	14.36213	-1.43334	15.62814	-3.12776
2839.453	14.35167	-1.52283	15.64657	-3.15649
2843.497	14.57129	-1.58444	16.00729	-3.25926
2847.456	14.75762	-2.11553	16.57322	-3.52041
2851.447	14.97043	-3.49912	17.46190	-6.21758
2855.454	15.22162	-4.92933	18.27931	-7.10402
2859.450	15.20480	-5.71564	17.97901	-7.65763
2863.448	15.45046	-6.60316	17.92473	-8.94417
2867.454	15.31944	-7.47248	17.86045	-9.07476
2871.451	15.14939	-7.95679	18.14954	-9.63277
2875.454	15.24161	-7.86943	18.32141	-9.74629
2879.450	15.40007	-7.69153	17.92981	-9.67039
2883.454	15.33666	-7.31800	18.16186	-9.52273
2887.450	15.46092	-7.27510	17.80020	-9.17770
2891.448	15.58642	-7.43717	17.93668	-9.34685
2895.448	15.48045	-7.17421	18.05992	-9.33269
2899.453	15.45341	-6.92562	17.91864	-9.37177
2903.451	15.48504	-7.01223	17.72338	-9.27709
2907.448	15.48333	-7.18455	17.66193	-9.18293
2911.453	15.40106	-7.22861	17.70311	-9.32169
2915.455	15.47987	-7.46742	17.91803	-9.22833
2919.461	15.46247	-7.39937	17.72185	-9.10371
2923.452	15.48674	-7.30860	17.44479	-8.94497
2927.448	15.45302	-7.21871	17.13466	-8.86750
2931.448	15.46357	-7.11824	17.21422	-8.85186
2935.452	15.43648	-6.83446	17.54554	-8.93667
2939.451	15.42624	-6.97453	17.27384	-9.01800
2943.451	15.42433	-6.91065	17.23469	-8.89916
2947.446	15.48241	-7.06136	16.92617	-8.85353
2951.455	15.49972	-6.90061	16.68234	-8.81575
2955.451	15.46351	-6.88804	16.75234	-8.68484
2959.452	15.44707	-6.86278	16.79340	-8.67132
2963.448	15.44840	-6.92095	16.93364	-8.67258
2967.452	15.39010	-6.88526	17.07637	-8.70250
2971.451	15.35611	-7.00134	17.00407	-8.60669
2975.456	15.44128	-7.02497	16.85373	-8.53577
2979.475	15.54704	-6.98866	16.86757	-8.53662
2983.458	15.71126	-6.93166	16.62940	-8.53698
2987.450	15.39029	-6.96243	16.59841	-8.51919
2991.446	15.30228	-6.92337	16.64104	-8.44506
2995.450	15.32295	-6.94497	16.58489	-8.42850
2999.461	15.31928	-7.01288	16.79900	-8.45306
3003.455	15.18153	-7.07585	16.85296	-8.43819
3007.447	15.44282	-7.15220	17.10204	-8.46169
3011.447	15.36341	-6.99472	16.92363	-8.38539
3015.449	15.43971	-6.98985	16.64494	-8.39128
3019.447	15.41379	-7.00060	16.71112	-8.45772
3023.446	15.37856	-6.92399	16.61293	-8.59400
3027.451	15.36509	-7.00590	16.37364	-8.49650
3031.449	15.39665	-7.02545	16.01351	-8.40615
3035.449	15.42087	-7.16307	16.45343	-8.24000
3039.452	15.30695	-6.98037	16.45868	-8.33706
3043.455	15.13496	-6.96253	16.47235	-8.27309
3047.451	15.13600	-7.01692	16.27787	-8.33443
3051.456	14.10403	-6.93567	15.63338	-8.28769
3055.449	12.46502	-7.39558	14.22106	-8.38073
3059.521	11.24270	-7.45855	13.11509	-8.53778
3063.457	10.98037	-7.75041	12.75863	-8.59657
3067.448	10.73351	-7.93801	12.12613	-8.56164
3071.445	10.36519	-8.02354	12.09579	-8.46521
3075.450	10.06872	-8.14002	11.77284	-8.60416
3079.446	10.33728	-8.36942	11.67591	-8.61559
3083.449	10.46815	-8.70095	11.64980	-8.65371
3087.446	10.62962	-8.68491	11.74713	-8.74544
3091.448	10.47936	-8.55626	11.75569	-8.76105
3095.446	10.36989	-8.48889	11.38359	-8.80878
3099.449	10.34686	-8.55090	11.50167	-8.81504
3103.448	10.44737	-8.58258	11.29660	-8.83058
3107.446	10.43738	-8.70381	11.45987	-8.78055
3111.445	10.53060	-8.81449	11.51611	-8.73639
3115.449	10.48046	-8.88908	11.56969	-8.77456
3119.449	10.49167	-8.84762	11.54878	-8.78719
3123.444	10.42034	-8.84545	11.61718	-8.79042
3127.448	10.32875	-8.77148	11.59215	-8.82854
3131.449	10.25336	-8.82742	11.53363	-8.79924
3135.449	10.26713	-8.77331	11.54442	-8.79748
3139.445	10.25456	-8.77872	11.52772	-8.73135
3143.444	10.27076	-8.43211	11.51599	-8.72486
3147.449	10.26360	-8.34380	11.37192	-8.70929
3151.446	10.32210	-8.34830	11.30388	-8.73680
3155.444	10.26218	-8.26315	11.25209	-8.77804
3159.446	10.28469	-8.28706	11.20830	-8.83907
3163.447	10.27871	-8.23964	11.29882	-8.81207
3167.448	10.30105	-8.23818	11.23793	-8.81876
3171.449	10.38593	-8.25760	11.27233	-8.90492
3175.448	10.44509	-8.23822	11.21940	-8.93270
3179.444	10.45245	-8.21720	11.20648	-8.99248
3183.659	10.46304	-8.25807	11.25099	-9.10506
3187.448	10.46479	-8.27339	11.20216	-9.12633
3191.444	10.50208	-8.37019	11.21799	-9.18523
3195.448	10.50318	-8.42801	11.30300	-9.19719
3199.446	10.50529	-8.44899	11.34599	-9.22676
3203.444	10.48538	-8.47754	11.36131	-9.23674
3207.448	10.55936	-8.51011	11.33440	-9.27147
3211.450	10.56622	-8.48658	11.38008	-9.31388
3215.443	10.51273	-8.45871	11.36696	-9.29819
3219.442	10.52262	-8.38115	11.40353	-9.29991
3223.448	10.52039	-8.28391	11.37851	-9.26944
3227.446	10.49606	-8.23803	11.34740	-9.21981
3231.443	10.31460	-8.24846	11.35563	-9.17325
3235.448	10.13123	-8.25045	11.39654	-9.19240
3239.447	10.04292	-8.23739	11.39091	-9.18175
3243.444	10.20029	-8.18743	11.43281	-9.17703
3247.443	9.99607	-8.32263	11.46876	-9.16733
3251.453	9.96058	-8.28878	11.55171	-9.16378
3255.450	9.85226	-8.39413	11.55643	-9.12369
3259.446	9.92073	-8.54906	11.54594	-9.14996
3263.443	9.91385	-8.58636	11.54759	-9.16711
3267.448	9.89636	-8.59349	11.61747	-9.15727
3271.445	9.87172	-8.59109	11.60523	-9.18260
3275.468	10.01166	-8.68060	11.64773	-9.21177
3279.452	10.05353	-8.65427	11.63406	-9.20761
3283.480	10.06070	-8.70590	11.73052	-9.20839
3287.445	10.05134	-8.74430	11.69816	-9.20353
3291.449	10.13652	-8.74565	11.87042	-9.22335
3295.447	10.09013	-8.75997	11.75867	-9.15982
3299.445	10.13275	-8.79533	11.77270	-9.07851
3303.443	9.99989	-8.71128	11.73878	-9.00795
3307.440	10.04150	-8.68560	11.69793	-8.96475
3311.444	10.09662	-8.68398	11.70183	-8.92248
3315.440	10.09884	-8.67698	11.60225	-8.80852
3319.466	10.10410	-8.69138	11.50699	-8.79925
3323.446	10.27914	-8.69151	11.42635	-8.82993
3327.438	10.87900	-8.80790	11.82758	-8.81314
3331.443	11.50417	-8.65872	13.89950	-9.56761
3335.446	11.99633	-8.98555	14.43724	-9.91238
3339.443	12.26775	-8.95248	14.19611	-9.68097
3343.439	12.23903	-9.04157	13.70172	-9.87957
3347.446	12.32854	-9.06861	13.86481	-9.92364
3351.441	12.42782	-9.06692	13.54818	-9.94821
3355.443	12.41466	-9.12395	13.52860	-9.89285
3359.444	12.36364	-9.14291	13.48336	-9.96770
3363.443	12.36594	-9.19116	13.35513	-9.95216
3367.444	12.30580	-9.21053	13.60043	-9.99114
3371.441	12.36627	-9.23937	13.49685	-10.02510
3375.458	12.37873	-9.30948	13.38696	-10.00935
3379.446	12.37740	-9.30490	13.38094	-10.01114
3383.445	12.28761	-9.36087	13.34171	-10.02641
3387.464	12.34747	-9.31091	13.25030	-10.03391
3391.444	12.24393	-9.29486	13.33398	-10.04712
3395.447	12.21916	-9.30073	13.28437	-10.03530
3399.442	12.18690	-9.30572	13.21077	-10.06604
3403.440	12.14864	-9.33284	13.26359	-10.07225
3407.441	12.08126	-9.26944	13.20263	-10.08727
3411.443	12.04125	-9.26489	13.14710	-10.09905
3415.444	12.09289	-9.22647	13.12787	-10.08583
3419.447	12.02359	-9.21091	13.13406	-10.07221
3423.440	11.99823	-9.18611	13.05774	-10.05398
3427.442	12.03515	-9.14927	13.05190	-10.05301
3431.444	12.01499	-9.13464	13.10970	-10.00739
3435.442	12.02561	-9.12938	13.11957	-9.97868
3439.441	12.04958	-9.10330	13.12361	-9.90898
3443.438	12.07787	-9.08262	13.15277	-9.85510
3447.444	12.20688	-9.07375	13.07858	-9.85684
3451.444	12.15248	-9.08091	13.15628	-9.77753
3455.462	12.24242	-9.07499	13.14301	-9.76501
3459.452	12.24796	-9.09519	13.20190	-9.74618
3463.445	12.30509	-9.06283	13.21686	-9.69650
3467.441	12.27410	-9.06871	13.28634	-9.71451
3471.442	12.28775	-9.03313	13.32000	-9.72747
3475.448	12.22355	-9.01963	13.27417	-9.75577
3479.439	12.25341	-8.99871	13.19136	-9.81736
3483.438	12.28453	-9.03122	13.16590	-9.90848
3487.437	12.30869	-9.05447	13.07457	-9.88564
3491.442	12.30021	-9.03181	13.08797	-9.89019
3495.441	12.32108	-9.22909	13.09153	-9.84837
3499.444	12.25156	-9.25968	13.14628	-9.82531
3503.438	12.21421	-9.37629	13.03531	-9.67606
3507.443	12.17295	-9.45892	12.96727	-9.65607
3511.442	12.24057	-9.38690	12.88004	-9.69293
3515.438	12.27500	-9.36603	12.88827	-9.66161
3519.443	12.36004	-9.25590	12.86949	-9.51641
3523.442	12.32248	-9.23318	12.82569	-9.48597
3527.440	12.52535	-9.43613	12.85605	-9.49262
3531.442	12.54632	-9.42355	12.96543	-9.45846
3535.442	12.53147	-9.57718	13.15546	-9.51650
3539.440	12.46656	-9.60542	12.91604	-9.83722
3543.451	12.45187	-9.34306	12.81587	-9.62219
3547.319	12.54006	-9.37783	12.89968	-9.47092
3551.319	12.51801	-9.30162	12.86419	-9.41427
3555.445	12.47231	-9.52433	12.75691	-9.49831
3559.317	12.35398	-9.46084	12.90291	-9.58211
3563.313	12.25578	-9.52074	12.75516	-9.58709
3567.313	12.14072	-9.55117	12.93064	-9.57789
3571.318	12.35720	-9.60147	12.87166	-9.52821
3575.314	12.33747	-9.55082	13.08044	-9.54548
3579.314	12.31523	-9.60027	12.95273	-9.52930
3583.312	12.42373	-9.44985	12.74929	-9.46099
3587.318	12.29611	-9.45207	12.76321	-9.35152
3591.316	12.54434	-9.52701	12.71783	-9.39078
3595.315	12.35180	-9.56534	12.67083	-9.45984
3599.312	12.26804	-9.39920	13.09628	-9.30158
3603.319	12.27761	-9.57324	12.61802	-9.24225
3607.315	12.27171	-9.22824	12.63412	-9.11431
3611.315	12.01345	-9.34119	12.07851	-8.70306
3615.317	10.36519	-7.88335	11.67410	-8.35042
3619.313	10.10764	-7.47010	10.23437	-6.86563
3623.313	9.44617	-6.66954	9.68411	-6.06551
3627.311	8.25175	-6.17605	9.48019	-5.77458
3631.320	7.24608	-3.67680	8.31965	-4.64893
3635.317	5.57168	-3.75720	7.15635	-4.20609
3639.314	4.50091	-2.98158	7.83580	-3.39923
3643.310	3.91899	-2.62349	5.00135	-3.18046
3647.316	1.74466	-2.29546	2.40919	-2.70081
3651.314	1.03570	-2.09599	2.28856	-2.54519
3655.314	0.03750	-1.58018	1.73747	-2.13642
3659.360	-1.89838	-1.37585	0.36583	-1.57059
3663.318	-3.07115	-0.86208	-1.36060	-0.84840
3667.322	-3.65290	-0.96525	-1.36528	-0.97262
3671.321	-4.67133	-0.68412	-2.20575	-0.00007
3675.313	-5.49291	-0.61073	-4.11147	-0.30743
3679.312	-6.55555	-0.27854	-4.31454	0.25628
3683.317	-7.87930	0.54667	-5.64469	0.56535
3687.345	-8.63704	0.42874	-6.99998	0.88788
3691.311	-9.05393	0.84236	-7.28906	1.05350
3695.308	-9.42417	0.17314	-8.55350	1.40430
3699.315	-10.13318	0.73657	-8.11413	1.68818
3703.310	-10.58965	0.44193	-8.95000	1.75321
3707.310	-10.12467	1.23953	-8.97593	2.09689
3711.307	-10.17930	1.48178	-8.58357	2.09415
3715.317	-10.01510	1.31078	-8.85167	2.33992
3719.310	-10.11288	2.06577	-8.89715	2.12686
3723.378	-10.07182	1.35757	-8.88804	2.29988
3727.358	-10.00808	1.64664	-8.99467	2.36672
3731.314	-9.98516	2.09034	-8.97852	2.32014
3735.310	-10.27133	1.89873	-9.04986	2.26446
3739.310	-10.16940	2.10534	-9.03534	2.36586
3743.313	-10.27645	1.99602	-9.11298	2.41879
3747.311	-10.19584	2.00461	-9.11508	2.47849
3751.309	-10.18916	2.13591	-9.17890	2.31184
3755.318	-10.09852	2.18494	-9.27508	2.28259
3759.314	-10.19286	2.04598	-9.26505	2.31458
3763.310	-10.19159	1.95964	-9.35189	2.27710
3767.309	-10.06595	2.18975	-9.40520	2.36652
3771.306	-10.11481	2.08951	-9.38308	2.29464
3775.312	-10.16418	2.09128	-9.36025	2.33689
3779.310	-9.91124	2.30180	-9.41262	2.21193
3783.311	-10.07697	2.00203	-9.35959	2.08175
3787.305	-10.01349	2.06384	-9.44728	2.16440
3791.311	-10.01568	2.43462	-9.46181	2.02879
3795.539	-10.06751	2.01199	-9.53504	2.07944
3799.313	-10.04492	2.11046	-9.53458	2.12217
3803.306	-10.01048	2.14121	-9.61694	2.11143
3807.317	-9.90171	2.31641	-9.56793	2.10518
3811.311	-9.95521	2.28114	-9.58285	2.13684
3815.308	-9.98685	2.36843	-9.59631	2.09357
3819.313	-10.06629	2.42686	-9.62075	2.05821
3823.309	-10.07459	2.19912	-9.59228	2.15394
3827.310	-10.08450	2.30395	-9.73400	2.09587
3831.305	-10.10482	2.46449	-9.70926	2.17838
3835.311	-9.92370	2.55658	-9.67693	2.18062
3839.321	-10.03168	2.25532	-9.70032	2.15775
3843.315	-10.02774	2.38323	-9.61098	2.13542
3847.312	-10.02473	2.38035	-9.75201	2.08999
3851.310	-10.09321	2.43640	-9.85093	2.05198
3855.308	-10.04165	2.36134	-9.88429	1.98676
3859.308	-10.05938	2.43072	-9.88061	1.94954
3863.356	-10.01467	2.46950	-9.78455	1.92120
3867.310	-10.08195	2.58700	-9.84898	1.86858
3871.309	-10.13951	2.43454	-9.90298	1.80744
3875.312	-10.08094	2.46314	-9.98287	1.81790
3879.314	-10.20171	2.48433	-9.96622	1.69576
3883.308	-10.18505	2.60736	-9.92362	1.68510
3887.365	-10.27035	2.64777	-10.05558	1.69031
3891.318	-10.23663	2.60225	-10.10256	1.80892
3895.310	-10.22063	2.61702	-10.03443	1.81610
3899.308	-10.33055	2.67581	-10.01681	1.66635
3903.303	-10.39117	2.74335	-10.03669	1.73756
3907.309	-10.39527	2.70993	-10.11786	1.93683
3911.307	-10.21700	2.74992	-10.16586	1.64217
3915.315	-10.34177	2.64676	-10.09674	1.66318
3919.310	-10.29642	2.74906	-10.12902	1.68386
3923.311	-10.36932	2.79715	-10.21440	1.72329
3927.304	-10.32239	2.98845	-10.20329	1.58382
3931.305	-10.47876	2.83378	-10.23959	1.71111
3935.311	-10.31160	2.81671	-10.22200	1.72327
3939.312	-10.35270	2.80286	-10.19938	1.52734
3943.309	-10.18423	2.75281	-10.26811	1.52652
3947.306	-10.18320	2.75487	-10.17839	1.72600
3951.304	-10.03695	2.35285	-10.00040	1.60895
3955.310	-9.97690	1.35349	-9.27172	0.98120
3959.307	-9.54421	0.22768	-7.57710	-1.58534
3963.316	-9.13272	-1.08195	-6.47257	-1.84214
3967.330	-8.52967	-1.36814	-6.55626	-2.56355
3971.311	-7.97274	-1.94936	-6.24372	-3.38391
3975.312	-7.73292	-2.59992	-6.20420	-3.29698
3979.308	-7.63623	-3.14626	-5.92582	-3.58719
3983.311	-7.09008	-3.39511	-5.74291	-4.06368
3987.309	-7.26105	-2.69680	-5.91428	-4.13295
3991.307	-6.77648	-3.15493	-5.95675	-3.85559
3995.303	-6.99030	-3.05215	-5.94006	-4.16513
3999.328	-6.70577	-2.64937	-5.99502	-3.93320
4003.319	-6.77196	-3.08918	-5.91157	-4.12517
4007.307	-6.85109	-2.74763	-5.77549	-4.14403
4011.305	-6.66046	-2.65592	-5.86789	-4.13132
4015.310	-6.62302	-2.95427	-5.62488	-4.22124
4019.306	-6.53477	-2.53949	-5.58139	-4.25931
4023.307	-6.46755	-2.98924	-5.75224	-4.17629
4027.302	-6.41957	-2.77989	-5.76829	-4.08490
4031.308	-6.38891	-2.67399	-5.83058	-4.18080
4035.307	-6.30943	-2.76607	-5.79310	-4.20901
4039.303	-6.25811	-2.68132	-5.82422	-4.28640
4043.309	-6.31512	-2.64628	-5.75465	-4.18345
4047.310	-6.32331	-2.73456	-5.77340	-4.20439
4051.311	-6.24224	-2.84854	-5.70819	-4.20025
4055.305	-6.20121	-2.79371	-5.60138	-4.26957
4059.309	-6.31698	-2.71157	-5.66364	-4.15694
4063.307	-6.34503	-2.52331	-5.75448	-4.17694
4067.315	-6.17430	-2.64736	-5.82402	-4.23839
4071.312	-6.21691	-2.42902	-5.82577	-4.26320
4075.306	-6.21647	-2.46044	-5.81666	-4.32146
4079.304	-6.24094	-2.69496	-5.80720	-4.31244
4083.308	-6.21443	-2.51191	-5.68600	-4.23408
4087.309	-6.20114	-2.56757	-5.75993	-4.31425
4091.307	-6.19962	-2.68857	-5.73753	-4.24550
4095.305	-6.41138	-2.84980	-5.77779	-4.21262
4099.309	-6.18549	-2.76000	-5.80356	-4.19401
4103.304	-6.12749	-2.63368	-5.77969	-4.15634
4107.361	-6.14486	-2.73827	-5.80705	-4.14161
4111.316	-6.26392	-2.63032	-5.77743	-4.27289
4115.306	-6.20428	-2.66227	-5.75102	-4.17588
4119.305	-6.17389	-2.78498	-5.69440	-4.14820
4123.308	-6.25823	-2.66705	-5.63545	-4.14597
4127.304	-6.11773	-2.60543	-5.66201	-4.21303
4131.310	-6.16989	-2.69964	-5.71264	-4.21445
4135.328	-6.07577	-2.83923	-5.72296	-4.18469
4139.310	-6.25804	-2.98627	-5.65830	-4.18182
4143.302	-6.07702	-2.96235	-5.66533	-4.29489
4147.302	-6.15220	-2.85262	-5.68187	-4.27571
4151.307	-6.07913	-2.87665	-5.67966	-4.24448
4155.305	-6.16822	-2.89041	-5.70974	-4.19202
4159.304	-6.13873	-2.89459	-5.65862	-4.27276
4163.309	-6.02865	-2.88352	-5.70635	-4.21484
4167.301	-5.96102	-2.83514	-5.70033	-4.11343
4171.305	-5.96853	-3.00531	-5.68664	-4.06049
4175.309	-6.15394	-2.99048	-5.67106	-4.10343
4179.305	-5.94811	-2.84450	-5.67121	-4.13755
4183.304	-6.08767	-2.88787	-5.66157	-4.16458
4187.300	-6.08809	-2.88638	-5.66270	-4.16872
4191.305	-6.16716	-2.85247	-5.66651	-4.23464
4195.303	-6.09523	-2.80050	-5.61753	-4.21871
4199.304	-6.13493	-2.74485	-5.58629	-4.29678
4203.326	-6.43050	-2.80267	-5.53985	-4.26091
4207.307	-6.27297	-2.72982	-5.52227	-4.33785
4211.313	-6.24465	-2.70958	-5.55860	-4.35435
4215.305	-6.33986	-2.77934	-5.57486	-4.37857
4219.300	-6.06708	-2.82547	-5.43024	-4.37757
4223.311	-5.95979	-2.89121	-4.34428	-4.34648
4227.305	-5.17991	-2.97679	-2.50984	-4.32629
4231.300	-3.13289	-3.36958	-1.90083	-4.34810
4235.306	-2.87069	-3.67056	-1.47675	-4.70322
4239.304	-1.70722	-3.64113	-0.80602	-5.38282
4243.304	-0.97995	-3.59819	1.10160	-5.71490
4247.302	0.22271	-4.14927	0.98936	-5.85553
4251.305	0.86974	-4.19566	0.98085	-5.72004
4255.308	0.65315	-3.94555	1.21851	-5.73614
4259.309	0.23172	-3.87217	1.22365	-5.80085
4263.300	0.41204	-4.13565	1.24796	-5.90725
4267.305	0.42802	-3.99365	1.25900	-5.98715
4271.327	0.47227	-4.11685	1.27487	-5.89820
4275.309	0.35050	-4.00180	1.19413	-5.91757
4279.305	0.40971	-3.99853	1.06337	-5.97496
4283.301	0.29466	-4.08030	1.13630	-5.99285
4287.311	0.34040	-4.14540	1.27195	-5.97828
4291.302	0.39390	-4.12092	1.21864	-5.97729
4295.304	0.33347	-4.12196	1.28432	-5.99532
4299.309	0.39003	-4.17345	1.52054	-5.98035
4303.303	0.40509	-4.16373	1.54167	-5.92862
4307.302	0.38951	-4.13086	1.49148	-5.92386
4311.301	0.39353	-4.11235	1.42895	-5.87474
4315.302	0.35811	-4.14897	1.21511	-5.90322
4319.302	0.38911	-4.10320	1.42546	-5.88220
4323.302	0.43075	-4.09151	1.47573	-5.91547
4327.304	0.41589	-4.11236	1.50782	-5.88132
4331.325	0.47897	-4.13825	1.40358	-5.88093
4335.302	0.49498	-4.14492	1.71764	-5.81521
4339.309	0.53339	-4.13906	1.56382	-5.69822
4343.306	0.48393	-4.16725	1.50787	-5.67559
4347.302	0.51629	-4.15751	1.43439	-5.66832
4351.304	0.47845	-4.19510	1.35928	-5.57675
4355.306	0.50334	-4.17680	1.23226	-5.59992
4359.305	0.53195	-4.22801	1.20524	-5.62204
4363.301	0.49135	-4.33031	1.20482	-5.58932
4367.298	0.57061	-4.46106	1.18850	-5.54326
4371.304	0.60270	-4.54820	1.15699	-5.49119
4375.300	0.71456	-4.50763	1.09765	-5.46148
4379.306	0.68481	-4.52771	1.05391	-5.48074
4383.299	0.58312	-4.39470	0.92482	-5.53892
4387.303	0.67613	-4.44064	0.93066	-5.56053
4391.300	0.59503	-4.51502	1.04515	-5.59678
4395.299	0.68116	-4.52028	1.12556	-5.65133
4399.301	0.61707	-4.50204	1.16007	-5.71648
4403.179	0.55292	-4.51575	1.19229	-5.70131
4407.202	0.57059	-4.57149	1.15439	-5.70894
4411.191	0.67744	-4.41288	1.32091	-5.74275
4415.173	0.62392	-4.52013	1.36181	-5.71080
4419.179	0.52731	-4.53386	1.29050	-5.68320
4423.175	0.63044	-4.41176	1.41804	-5.68851
4427.178	0.71178	-4.47607	1.49016	-5.73424
4431.172	0.67861	-4.58236	1.52121	-5.83529
4435.177	0.76094	-4.55583	1.60273	-5.75831
4439.176	0.77784	-4.51729	1.64330	-5.67089
4443.173	0.76893	-4.52133	1.57704	-5.64808
4447.172	0.69389	-4.65299	1.59157	-5.63825
4451.177	0.81146	-4.46303	1.54482	-5.69342
4455.174	0.60347	-4.57840	1.61741	-5.64177
4459.175	0.48411	-4.54713	1.56278	-5.66902
4463.174	0.72335	-4.40839	1.61991	-5.68180
4467.182	0.57615	-4.55679	1.55288	-5.73206
4471.175	0.78253	-4.62195	1.54631	-5.71634
4475.203	0.77975	-4.49936	1.48798	-5.67498
4479.186	0.66387	-4.58985	1.48037	-5.66348
4483.173	0.56689	-4.58346	1.44582	-5.67921
4487.176	0.74543	-4.43810	1.40599	-5.60765
4491.174	0.70754	-4.40082	1.43840	-5.59005
4495.174	0.43472	-4.41871	1.44557	-5.56548
4499.171	0.63131	-4.31739	1.37089	-5.59609
4503.176	0.78421	-4.41705	1.39371	-5.58605
4507.178	0.68054	-4.31826	1.36206	-5.51527
4511.177	0.74819	-4.16098	1.31945	-5.42753
4515.174	0.52386	-4.09321	1.36271	-5.37433
4519.172	0.49336	-4.10381	1.50363	-5.05783
4523.171	0.41559	-3.56315	1.36020	-4.53876
4527.178	0.27245	-0.96390	1.17939	-3.38051
4531.175	0.14729	1.19676	1.16600	-1.31337
4535.174	0.04271	1.83490	-0.55769	0.02261
4539.173	0.09925	2.32537	0.11329	1.17309
4543.193	0.03368	3.59262	0.57347	2.21255
4547.176	0.07964	5.34172	-0.77570	4.32608
4551.173	0.06271	6.18210	-0.70451	4.58048
4555.176	0.06678	6.15928	-0.37005	4.46432
4559.172	0.05170	5.71816	-0.32724	4.28232
4563.172	0.00236	5.70712	-0.44358	4.14868
4567.170	-0.05495	5.63959	-0.32819	4.07715
4571.175	-0.11498	5.47389	-0.31612	4.05497
4575.171	-0.09820	5.42898	-0.38544	4.14439
4579.170	-0.10749	5.56784	-0.35226	4.22021
4583.170	-0.12558	5.65499	-0.42105	4.37441
4587.170	-0.08081	5.70610	-0.28021	4.16285
4591.175	-0.19353	5.75988	-0.18673	4.21982
4595.169	-0.24140	5.77550	-0.14935	4.23730
4599.174	-0.24222	5.78549	-0.11478	4.23792
4603.170	-0.24371	5.74872	-0.13861	4.29018
4607.170	-0.26756	5.49123	-0.13260	4.44252
4611.196	-0.25207	5.76140	-0.14886	4.53567
4615.178	-0.21217	5.88879	-0.19407	4.57223
4619.172	-0.25582	5.96115	-0.10185	4.44240
4623.168	-0.25877	5.96164	-0.08525	4.41913
4627.175	-0.28902	6.00807	-0.10418	4.43780
4631.171	-0.33226	5.95267	-0.10463	4.42906
4635.175	-0.21668	5.58197	-0.10073	4.40495
4639.170	-0.18350	5.62315	-0.09016	4.36520
4643.174	-0.23294	5.43650	-0.12252	4.42184
4647.172	-0.27210	5.38551	-0.05003	4.45023
4651.171	-0.27778	5.69563	-0.01623	4.48091
4655.169	-0.28322	5.51212	0.00792	4.57342
4659.175	-0.33774	5.47238	0.02621	4.71092
4663.171	-0.22641	5.47268	0.00303	4.52872
4667.170	-0.21318	5.52121	0.01082	4.60581
4671.174	-0.19177	5.47616	0.02231	4.48096
4675.179	-0.13709	5.59604	0.02134	4.44460
4679.182	-0.11863	5.68454	-0.02358	4.48918
4683.175	-0.14871	5.70087	-0.07371	4.49595
4687.174	-0.10451	5.70553	-0.11386	4.43454
4691.172	-0.07768	5.74788	-0.18008	4.40089
4695.168	-0.02504	5.71017	-0.21207	4.27571
4699.168	-0.02618	5.73937	-0.25284	4.28554
4703.174	-0.02807	5.72257	-0.35399	4.30482
4707.171	-0.12714	5.70299	-0.32119	4.22672
4711.168	-0.28036	5.56463	-0.25696	4.18114
4715.178	-0.45847	5.57799	-0.25981	4.17531
4719.175	-0.53612	5.48007	-0.23539	4.18782
4723.166	-0.37447	5.44471	-0.28694	4.24542
4727.211	-0.54210	5.31678	-0.23507	4.31114
4731.181	-0.22189	5.26760	-0.25455	4.37441
4735.194	-0.25994	5.18287	-0.15715	4.43503
4739.171	-0.25713	5.15593	-0.16047	4.42149
4743.170	-0.22445	5.08541	-0.14856	4.61177
4747.170	-0.03070	5.04287	-0.10031	4.50202
4751.172	0.04859	5.12694	-0.09761	4.56872
4755.165	0.14762	5.24143	-0.12277	4.55795
4759.176	0.24755	5.22590	-0.14067	4.59194
4763.169	0.27868	5.34166	-0.16774	4.59811
4767.168	0.32687	5.42705	-0.11466	4.54368
4771.166	0.36050	5.76528	-0.12714	4.56242
4775.172	0.38784	5.64336	-0.10999	4.53837
4779.169	0.44845	4.68538	0.27076	4.01664
4783.169	1.26306	4.60776	1.64352	3.91616
4787.166	1.16612	3.89047	2.60154	3.13335
4791.172	2.04956	3.43172	3.18586	1.72132
4795.166	1.89419	2.52635	3.98111	0.85965
4799.171	2.31024	2.26766	4.41472	0.53907
4803.172	2.97282	2.09718	4.54365	0.50710
4807.170	3.33008	0.89916	4.69226	0.16754
4811.168	2.91299	1.40779	4.96802	-0.22070
4815.174	2.83147	1.93035	4.82109	-0.26985
4819.175	2.98245	1.93604	4.76948	-0.23983
4823.172	3.17586	1.80671	4.50222	-0.22597
4827.167	3.11655	1.75337	4.57196	-0.24649
4831.166	3.29191	1.63102	4.69719	-0.23555
4835.171	3.41360	1.51251	4.66973	-0.29636
4839.169	3.44765	1.56798	4.74200	-0.37485
4843.172	3.30247	1.51293	4.77456	-0.34626
4847.197	3.27581	1.42022	4.83856	-0.38277
4851.173	3.36015	1.48572	4.81621	-0.40633
4855.166	3.66565	1.47877	4.79243	-0.35229
4859.166	3.47433	1.53098	4.81926	-0.34210
4863.171	3.46258	1.45403	4.72647	-0.33127
4867.169	3.50880	1.37325	4.83518	-0.33060
4871.167	3.73431	1.33477	4.85894	-0.34240
4875.163	3.84485	1.23709	4.85985	-0.39001
4879.170	3.30327	1.27960	4.92213	-0.40188
4883.330	3.32516	1.27873	4.85492	-0.36667
4887.172	3.55164	1.26169	4.84132	-0.38145
4891.167	3.78558	1.04784	4.80628	-0.40287
4895.165	3.99749	1.00441	4.71282	-0.36402
4899.168	3.90256	0.99003	4.78523	-0.37366
4903.169	3.77891	0.96402	4.76261	-0.35102
4907.165	3.33233	0.99048	4.73525	-0.32718
4911.165	3.71631	1.01310	4.82227	-0.34242
4915.165	3.83739	1.06317	4.84908	-0.39242
4919.166	3.69847	1.08741	4.80132	-0.42293
4923.175	3.81792	1.02949	4.78979	-0.43002
4927.171	3.82089	1.05781	4.84869	-0.48026
4931.166	3.73576	1.03918	4.73626	-0.46075
4935.164	3.78511	1.07241	4.75992	-0.48679
4939.171	3.78091	1.11797	4.80024	-0.47470
4943.168	3.87396	1.15638	4.80776	-0.46402
4947.166	3.98894	1.17501	4.79763	-0.48114
4951.190	3.91153	1.27587	4.86805	-0.48604
4955.171	3.90896	1.31815	4.78962	-0.48229
4959.232	3.89286	1.35494	4.74868	-0.44653
4963.178	3.92203	1.32026	4.74419	-0.39557
4967.171	3.88666	1.30666	4.73544	-0.37961
4971.168	3.90024	1.32527	4.70074	-0.33659
4975.171	3.90074	1.33404	4.75420	-0.32509
4979.166	3.95723	1.32924	4.80312	-0.30692
4983.163	3.87648	1.32003	4.82745	-0.29990
4987.163	3.84742	1.27203	4.83962	-0.31141
4991.167	3.78852	1.24713	4.85731	-0.34510
4995.165	3.77883	1.17874	4.86906	-0.33908
4999.163	3.75375	1.12685	4.88584	-0.34204
5003.162	3.75917	1.07987	4.85174	-0.36105
5007.171	3.79564	1.05574	4.84127	-0.39074
5011.167	3.81946	1.05660	4.85881	-0.41343
5015.164	3.84041	1.04589	4.78151	-0.41529
5019.192	3.85113	1.01472	4.79469	-0.42489
5023.172	3.85370	0.99197	4.74688	-0.48717
5027.167	3.90037	0.94534	4.73510	-0.55993
5031.163	3.89468	0.83795	4.75272	-0.46844
5035.167	3.83769	0.65080	4.73192	-0.75156
5039.164	3.36817	0.38045	4.72273	-1.96249
5043.165	2.88423	-2.02445	4.64921	-2.80467
5047.167	2.54298	-2.62709	4.62845	-4.23463
5051.170	2.03806	-3.68751	4.33932	-5.15052
5055.166	1.74476	-5.87356	4.37522	-5.10876
5059.163	1.39445	-6.05635	3.93897	-5.38420
5063.171	1.22558	-6.10252	3.48323	-6.25666
5067.163	1.54532	-6.18988	3.08916	-6.59731
5071.164	1.63487	-6.23064	2.68908	-6.85297
5075.162	1.59348	-6.15048	2.84202	-6.65203
5079.167	1.60823	-5.99158	3.22304	-6.54414
5083.165	1.56667	-5.80963	3.36866	-6.39960
5087.163	1.51328	-5.86685	3.00022	-6.43246
5091.169	1.46087	-5.79700	2.99359	-6.42924
5095.162	1.46777	-5.85380	2.85324	-6.52976
5099.164	1.47243	-5.66759	2.73526	-6.59755
5103.166	1.51420	-5.69463	2.65245	-6.59587
5107.161	1.58716	-5.72090	2.64364	-6.63052
5111.161	1.63226	-5.67673	2.57065	-6.63762
5115.163	1.71727	-5.65314	2.60889	-6.63942
5119.162	1.74442	-5.61474	2.75519	-6.64946
5123.163	1.80774	-5.62896	2.74655	-6.63800
5127.168	1.85822	-5.66747	2.65931	-6.58331
5131.169	1.88762	-5.70355	2.64943	-6.56156
5135.166	1.86734	-5.68952	2.78419	-6.47781
5139.161	1.96697	-5.67783	2.64270	-6.46148
5143.166	1.92728	-5.73595	2.55398	-6.53844
5147.163	1.79671	-5.78306	2.40535	-6.54607
5151.160	1.78912	-5.79513	2.48871	-6.53148
5155.164	1.73755	-5.79059	2.49183	-6.55134
5159.168	1.69961	-5.83395	2.62719	-6.53218
5163.163	1.63670	-5.96820	2.55970	-6.51978
5167.184	1.64732	-6.01635	2.55854	-6.47757
5171.160	1.60360	-6.01692	2.64386	-6.55356
5175.164	1.54038	-5.93626	2.56993	-6.60992
5179.165	1.55378	-5.94424	2.65478	-6.68265
5183.162	1.60776	-5.98345	2.57808	-6.70566
5187.161	1.68582	-6.02264	2.64537	-6.75764
5191.160	1.71020	-5.86602	2.75950	-6.79216
5195.164	1.74794	-5.86957	2.70790	-6.71904
5199.161	1.88145	-5.85896	2.71733	-6.70772
5203.159	1.85232	-5.81110	2.69416	-6.70472
5207.159	1.87969	-5.85592	2.69846	-6.68846
5211.165	1.88393	-5.88903	2.71062	-6.64282
5215.165	1.89337	-6.01391	2.79981	-6.58934
5219.161	1.89917	-6.00895	2.87029	-6.56770
5223.220	1.83843	-5.87793	2.84440	-6.44121
5227.166	1.89384	-5.85732	2.89287	-6.41364
5231.160	1.84456	-5.93192	2.79496	-6.43486
5235.165	1.83285	-5.99847	2.73380	-6.43654
5239.162	1.83303	-6.01976	2.72157	-6.44535
5243.160	1.82688	-6.10152	2.77730	-6.49090
5247.158	1.83097	-6.18037	2.81867	-6.44758
5251.164	1.82824	-6.18899	2.71211	-6.40437
5255.037	1.92138	-6.17796	2.71998	-6.43213
5259.035	1.89954	-6.10154	2.71600	-6.43862
5263.038	1.85797	-5.98401	2.64168	-6.40432
5267.038	1.80581	-6.00860	2.70451	-6.40066
5271.036	1.79916	-6.18735	2.80323	-6.45146
5275.034	1.79581	-6.30681	2.75497	-6.37108
5279.033	1.73031	-6.10788	2.94092	-6.33805
5283.038	1.62830	-6.12646	2.75641	-6.35349
5287.036	1.68121	-5.99492	2.75891	-6.33394
5291.038	1.72260	-5.96052	2.74405	-6.41016
5295.040	1.79058	-5.89283	2.68264	-6.33968
5299.036	1.69659	-5.76972	2.64312	-6.35781
5303.038	1.75193	-5.84724	2.62459	-6.39473
5307.037	1.79306	-6.07138	2.81650	-6.34084
5311.038	1.89421	-6.27079	2.91512	-6.39918
5315.034	1.87418	-6.00604	2.80595	-6.31900
5319.034	1.79244	-5.88103	2.89631	-6.32969
5323.037	1.78610	-5.90665	2.81660	-6.35153
5327.035	1.81124	-6.01735	2.87663	-6.30540
5331.035	1.78369	-6.11622	2.89465	-6.26985
5335.034	1.80578	-6.12595	2.94941	-6.28195
5339.038	1.74670	-6.21722	2.92146	-6.41691
5343.036	1.76105	-6.20130	2.95037	-6.50488
5347.040	1.71863	-6.21663	2.96572	-6.41955
5351.040	1.70036	-6.26109	2.91916	-6.46522
5355.036	1.69753	-6.23992	2.90163	-6.52841
5359.056	1.69034	-6.27295	2.91304	-6.66538
5363.038	1.73313	-6.35678	2.89339	-6.71759
5367.030	1.74551	-6.36515	2.86398	-6.73602
5371.037	1.73048	-6.27559	2.89658	-6.77783
5375.035	1.71136	-6.14430	2.95468	-6.79870
5379.034	1.64186	-6.16112	2.90450	-6.75162
5383.028	1.65555	-6.18874	2.81756	-6.69078
5387.070	1.71362	-6.20884	2.82630	-6.59139
5391.035	1.71717	-6.22243	2.90225	-6.50682
5395.032	1.70333	-6.20745	2.92837	-6.49915
5399.030	1.75091	-6.10882	2.93106	-6.49467
5403.035	1.71789	-6.09492	2.95594	-6.51736
5407.035	1.74300	-6.01765	2.96351	-6.54267
5411.039	1.76053	-5.96642	2.92205	-6.81636
5415.034	1.80734	-5.97484	2.95228	-6.82565
5419.036	1.85787	-6.02634	2.93005	-6.99818
5423.032	1.91434	-6.06266	2.90836	-6.89206
5427.033	1.94662	-6.04283	2.95005	-7.00962
5431.040	1.97376	-6.01621	2.97574	-7.06962
5435.031	2.01679	-5.97552	3.01636	-7.08094
5439.035	2.03543	-5.98145	2.99727	-7.08624
5443.033	2.05494	-6.02057	2.92582	-7.07150
5447.033	2.08860	-6.02032	2.94683	-7.00172
5451.032	2.12912	-6.02957	2.92488	-7.05200
5455.035	2.16575	-6.04849	2.94141	-6.99890
5459.032	2.21162	-6.06981	2.91886	-6.98556
5463.033	2.21581	-6.04576	2.85779	-6.91194
5467.030	2.22656	-6.01860	2.81650	-6.90558
5471.036	2.24530	-6.00465	2.81573	-6.91947
5475.037	2.20937	-6.00566	2.89814	-6.91580
5479.037	2.18258	-6.00707	2.79176	-6.89501
5483.034	2.18491	-6.00738	2.82860	-6.75243
5487.032	2.14397	-5.97428	2.93715	-6.78407
5491.031	2.12330	-5.96124	3.15179	-6.76783
5495.056	2.04384	-5.94339	3.29429	-6.70093
5499.035	2.01635	-5.93172	3.30866	-6.59601
5503.036	1.93085	-5.93271	3.40853	-6.46161
5507.029	1.86119	-5.90562	3.41246	-6.29932
5511.037	1.82346	-5.92170	3.42683	-6.17483
5515.040	1.76785	-5.95487	3.41614	-6.11728
5519.037	1.70469	-5.99025	3.42440	-6.10972
5523.036	1.63489	-6.05773	3.45539	-6.02155
5527.031	1.62671	-5.98506	3.44038	-6.04308
5531.034	1.53890	-6.00344	3.45499	-6.02412
5535.031	1.50651	-6.03503	3.41387	-6.01202
5539.032	1.47699	-6.04501	3.31922	-5.99677
5543.036	1.46440	-6.05617	3.28583	-6.02720
5547.031	1.43468	-6.09243	3.21327	-6.08153
5551.032	1.42211	-6.05697	3.11688	-6.13371
5555.038	1.37769	-6.06325	3.08810	-6.18585
5559.032	1.35063	-6.07732	3.01091	-6.18214
5563.032	1.38498	-6.04456	2.94195	-6.22447
5567.035	1.39225	-5.91375	2.95812	-6.26577
5571.028	1.40852	-5.90623	2.88881	-6.30369
5575.033	1.44664	-5.91270	2.81622	-6.39262
5579.031	1.50599	-5.91778	2.80597	-6.38828
5583.032	1.57934	-5.83287	2.85455	-6.41356
5587.033	1.67958	-5.82064	2.87230	-6.42863
5591.062	1.75121	-5.77875	2.96549	-6.42467
5595.031	1.81255	-5.71670	3.14088	-6.44316
5599.034	1.85990	-5.71015	2.94490	-6.31584
5603.029	1.89151	-5.71293	3.09446	-6.32713
5607.029	1.88410	-5.63927	2.97839	-6.28995
5611.026	1.93398	-5.65738	2.85633	-6.24379
5615.029	1.95703	-5.67951	2.77782	-6.28161
5619.027	2.03633	-5.70422	2.87730	-6.20140
5623.027	2.04634	-5.75695	2.80783	-6.15496
5627.035	2.03053	-5.87373	2.90195	-6.12995
5631.033	1.98784	-5.88283	2.96903	-6.08319
5635.032	1.92223	-5.77169	2.86287	-6.06882
5639.030	1.95212	-5.68801	2.79372	-6.01608
5643.032	2.01382	-5.78851	2.79082	-5.98136
5647.029	2.06456	-5.52655	2.82061	-5.83537
5651.030	2.21722	-5.72116	2.80526	-5.74947
5655.027	2.35687	-5.06952	1.25535	-5.57915
5659.032	2.16558	-5.31243	-1.21581	-5.04396
5663.031	2.57323	-4.98968	0.72690	-5.22097
5667.031	0.26617	-5.00598	8.19137	-5.63076
5671.033	0.49669	-5.14625	6.96915	9.99455
5675.029	2.24334	-5.38353	6.91814	12.91315
5679.033	2.65384	-5.20447	NaN	NaN
5683.025	2.98049	8.09036	-0.94718	9.69443
5687.031	-0.11213	9.17957	NaN	NaN
5691.027	8.76922	9.50963	NaN	NaN
5695.032	0.16439	7.97582	NaN	NaN
5699.052	3.00386	14.48274	NaN	NaN
5703.031	3.39463	10.91976	NaN	NaN
5707.032	4.50796	10.97520	NaN	NaN
5711.027	3.62185	10.19378	NaN	NaN
5715.027	NaN	NaN	NaN	NaN
5719.035	NaN	NaN	NaN	NaN
5723.035	NaN	NaN	NaN	NaN
5727.040	NaN	NaN	NaN	NaN
5731.060	NaN	NaN	NaN	NaN
5735.036	NaN	NaN	NaN	NaN
5739.030	NaN	NaN	NaN	NaN
5743.027	NaN	NaN	NaN	NaN
5747.024	4.00534	8.62540	NaN	NaN
5751.031	3.62825	12.16148	NaN	NaN
5755.027	2.74670	14.01828	NaN	NaN
5759.026	1.08425	9.77377	NaN	NaN
5763.030	0.47252	7.47703	NaN	NaN
5767.056	0.16836	8.03244	NaN	NaN
5771.037	-0.45567	6.54566	NaN	NaN
5775.027	-2.17195	4.33636	NaN	NaN
5779.029	-0.19678	1.33259	NaN	NaN
5783.023	-2.68876	1.45397	NaN	NaN
5787.053	-2.75264	1.00076	NaN	NaN
5791.026	-3.27517	0.19785	-15.60880	7.90342
5795.023	0.02045	0.34406	-10.96260	8.00401
5799.028	-0.17603	-0.37191	-4.05656	8.01529
5803.030	0.16968	-0.51898	-2.55973	8.03469
5807.028	0.56292	-0.89994	-12.40815	14.57780
5811.022	0.99370	-1.05517	-11.57284	14.19879
5815.026	1.11092	-1.17612	-2.03789	-0.92345
5819.024	0.95507	-1.26911	1.72108	0.20024
5823.022	1.24771	-1.23934	1.64799	-1.04515
5827.030	1.24654	-1.24304	0.82779	-2.22034
5831.026	1.23342	-1.31180	-1.81503	-2.08978
5835.027	1.19120	-1.30405	0.74206	-2.22411
5839.030	1.32195	-1.37177	0.76017	-1.61204
5843.026	1.34599	-1.35333	3.20194	-1.54258
5847.035	1.35311	-1.37639	3.43558	-1.68126
5851.034	1.40681	-1.35290	3.73964	-1.61364
5855.027	1.43002	-1.41418	3.53179	-1.85223
5859.023	1.48305	-1.45146	3.36146	-2.07336
5863.023	1.49636	-1.39587	3.82746	-2.01185
5867.030	1.57188	-1.21866	3.88278	-2.11982
5871.027	1.65515	-1.27057	3.55370	-2.08000
5875.027	1.77139	-1.34035	3.29785	-2.21787
5879.023	1.77563	-1.38557	3.60798	-2.16363
5883.029	1.66239	-1.33687	3.40603	-2.05921
5887.030	1.78220	-1.31030	3.55735	-2.21417
5891.025	1.69802	-1.31185	3.46696	-2.18637
5895.023	1.75039	-1.39592	3.34917	-2.08371
5899.029	1.82807	-1.37541	3.61977	-2.21734
5903.025	1.85128	-1.21808	3.45546	-2.04288
5907.031	1.86184	-1.22555	3.25040	-1.94712
5911.024	1.78746	-1.30767	3.20402	-2.13607
5915.031	1.79262	-1.38022	3.09470	-2.00545
5919.026	1.78724	-1.31032	3.09612	-1.87600
5923.022	1.83841	-1.22377	3.31079	-1.95476
5927.028	1.88678	-1.16662	3.13969	-1.98049
5931.033	1.80075	-1.27675	2.98492	-1.91127
5935.026	1.86451	-1.23902	2.91879	-2.07681
5939.025	1.90049	-1.19079	2.88829	-1.92024
5943.025	1.89059	-1.10438	2.88222	-1.88760
5947.030	1.87731	-1.15620	3.01403	-1.92808
5951.025	1.86206	-1.03920	3.06649	-2.00484
5955.025	1.83955	-1.09130	2.87242	-2.00063
5959.022	1.83662	-1.10905	2.77928	-2.07178
5963.027	1.83494	-1.14128	2.97341	-2.18223
5967.025	1.85700	-1.17394	2.80320	-2.07097
5971.052	1.82705	-1.11787	2.84559	-1.99825
5975.037	1.83781	-1.05937	2.76824	-2.07899
5979.025	1.87532	-1.07378	2.79996	-2.25297
5983.024	1.87674	-1.02792	2.78896	-2.20152
5987.028	1.86709	-0.99386	2.75056	-2.19800
5991.024	1.81057	-0.97371	2.73744	-2.19676
5995.022	1.86253	-1.00010	2.76356	-2.12079
5999.021	1.84503	-0.98131	2.68715	-2.22969
6003.027	1.89992	-1.03156	2.74727	-2.27047
6007.028	1.88459	-0.99085	2.67249	-2.13602
6011.045	1.84986	-0.98863	2.71075	-2.17650
6015.028	1.84803	-1.02717	2.75561	-2.20582
6019.021	1.85869	-1.10854	2.80533	-2.19611
6023.021	1.86429	-1.18103	2.86386	-2.14130
6027.021	1.86675	-1.34894	2.87420	-2.15613
6031.025	1.93075	-1.37910	2.96619	-2.14656
6035.023	2.02703	-1.34417	2.98062	-2.16019
6039.056	2.03766	-1.30800	2.90846	-2.22976
6043.033	2.07435	-1.29315	2.86148	-2.26571
6047.021	1.98963	-1.19822	2.83623	-2.27042
6051.020	1.98512	-1.21826	2.83462	-2.35388
6055.031	2.01967	-1.15176	2.84851	-2.34540
6059.023	1.98591	-1.18249	2.82588	-2.35374
6063.020	1.96828	-1.19022	2.87118	-2.39708
6067.020	1.95877	-1.18253	2.89324	-2.35703
6071.025	1.91546	-1.14644	2.87688	-2.33151
6075.021	1.84927	-1.07543	2.84110	-2.31665
6079.022	1.81324	-1.09450	2.83982	-2.28786
6083.017	1.74623	-1.09156	2.86339	-2.28352
6087.025	1.71508	-1.11538	2.89572	-2.25194
6091.021	1.72773	-1.14256	2.94195	-2.25380
6095.027	1.73204	-1.12883	3.00091	-2.22968
6099.026	1.71937	-1.16899	3.01950	-2.21544
6103.022	1.72793	-1.11272	3.06357	-2.20199
6106.920	1.74474	-1.09734	3.07486	-2.21307
6110.901	1.78927	-1.09424	3.11151	-2.24704
6114.898	1.82805	-1.04821	3.19185	-2.28234
6118.893	1.84381	-1.04544	3.28553	-2.32294
6122.890	1.91967	-0.99266	3.35021	-2.35984
6126.893	1.99525	-0.95123	3.25656	-2.38946
6130.898	2.02567	-0.81913	3.26826	-2.39570
6134.898	2.11608	-0.83093	3.15466	-2.43351
6138.896	1.96380	-0.86438	3.13157	-2.43765
6142.898	1.94360	-0.80412	3.03212	-2.46584
6146.901	1.80960	-0.86073	3.05397	-2.51399
6150.897	1.75875	-0.84379	3.01210	-2.51996
6154.897	1.70197	-0.85412	3.00012	-2.49430
6158.893	1.64317	-0.87692	2.97099	-2.49375
6162.895	1.71404	-0.88041	2.84467	-2.51483
6166.897	1.61486	-0.91386	2.82548	-2.51594
6170.898	1.61739	-0.92354	2.84140	-2.51484
6174.897	1.66433	-0.96159	2.83969	-2.47960
6178.900	1.64528	-0.97389	2.93881	-2.47202
6182.898	1.71603	-0.92846	2.97874	-2.43651
6186.899	1.81391	-0.94125	2.99970	-2.39012
6190.896	1.77710	-0.85016	2.94562	-2.38724
6194.895	1.78605	-0.83601	2.98393	-2.38929
6198.893	1.79953	-0.83814	3.01004	-2.44241
6202.899	1.72404	-0.85267	3.02153	-2.44494
6206.896	1.70403	-0.85027	3.04355	-2.44053
6210.895	1.58321	-0.86729	2.99893	-2.48336
6214.899	1.74117	-0.90618	2.98651	-2.45592
6218.894	1.69113	-0.88696	3.01564	-2.43257
6222.896	1.72654	-0.88821	3.05194	-2.41170
6226.922	1.68848	-0.91306	3.02816	-2.38513
6230.895	1.69188	-0.85971	2.93002	-2.43050
6234.892	1.79934	-0.94893	2.97579	-2.46065
6238.892	1.93318	-0.93793	2.96864	-2.46049
6242.895	1.89905	-1.00564	2.94285	-2.44350
6246.896	1.96229	-0.97437	2.98423	-2.41091
6250.892	1.66271	-1.03626	2.87334	-2.39728
6254.896	1.73824	-1.03738	2.88294	-2.38779
6258.893	1.80960	-1.07913	2.90584	-2.34870
6262.892	1.73182	-1.04878	2.82967	-2.35190
6266.894	1.73194	-1.08049	2.85967	-2.37845
6270.900	1.79936	-1.10337	2.84821	-2.35296
6274.895	1.93313	-1.10825	2.89401	-2.30891
6278.891	1.97438	-1.07851	2.94403	-2.26460
6282.890	1.89615	-1.13620	2.96218	-2.27279
6286.896	1.81379	-1.15105	2.99017	-2.30670
6290.922	1.79770	-1.15623	2.99247	-2.35867
6294.902	1.80526	-1.11481	3.05368	-2.40816
6298.896	1.82252	-1.11669	3.04204	-2.48923
6302.893	1.82475	-1.08664	3.09881	-2.57089
6306.895	1.89612	-1.10562	3.13063	-2.56480
6310.897	1.91987	-1.09215	3.11099	-2.54048
6314.892	1.93395	-1.02776	3.15755	-2.52041
6318.896	1.85965	-0.95233	3.11302	-2.38826
6322.892	1.51878	-0.95244	2.82987	-1.79580
6326.892	0.57878	-0.91293	0.94395	-1.73358
6330.891	0.43877	-0.81383	0.81444	-1.53881
6334.897	0.76223	-0.68177	1.12119	-1.37977
6338.894	0.85424	-0.64700	1.13675	-1.32948
6342.891	0.78295	-0.58982	1.30977	-1.46013
6346.889	0.62533	-0.49672	1.10547	-1.28849
6350.905	0.76253	-0.48716	1.07063	-1.22427
6354.898	0.65960	-0.45316	1.06614	-1.23745
6358.893	0.61888	-0.42698	1.17986	-1.24635
6362.896	0.62548	-0.41974	1.18207	-1.22660
6366.894	0.60952	-0.41602	1.15387	-1.23382
6370.897	0.64548	-0.38834	1.24141	-1.23733
6374.889	0.68943	-0.43318	1.38746	-1.22340
6378.895	0.69766	-0.48078	1.34026	-1.31135
6382.899	0.70489	-0.46901	1.40715	-1.36017
6386.891	0.67846	-0.51125	1.39713	-1.35417
6390.896	0.68094	-0.50668	1.46903	-1.41356
6394.889	0.64546	-0.44675	1.54611	-1.41515
6398.895	0.65161	-0.36240	1.59452	-1.38419
6402.892	0.62280	-0.49244	1.62614	-1.25105
6406.890	0.60789	-0.62919	1.59628	-1.17829
6410.889	0.59357	-0.77307	1.56228	-1.13970
6414.893	0.56195	-0.87120	1.59708	-1.24042
6418.890	0.54848	-0.74823	1.56030	-1.12280
6422.896	0.52543	-0.70828	1.55787	-1.16990
6426.893	0.48699	-0.65696	1.52967	-1.26953
6430.892	0.51999	-0.51670	1.55973	-1.34558
6434.893	0.48021	-0.53492	1.56057	-1.23423
6438.894	0.45053	-0.61013	1.65897	-1.30540
6442.918	0.42440	-0.74049	1.73604	-1.31034
6446.894	0.40107	-0.67659	1.80271	-1.30910
6450.892	0.36757	-0.71729	1.90579	-1.27427
6454.889	0.37429	-0.62765	2.03419	-1.36099
6458.887	0.38588	-0.57557	1.89020	-1.48474
6462.892	0.35295	-0.50273	1.86766	-1.48382
6466.890	0.40050	-0.54387	1.88757	-1.49685
6470.889	0.43234	-0.57979	1.89203	-1.50975
6474.932	0.41308	-0.59612	1.92357	-1.46327
6478.896	0.43884	-0.60004	1.96419	-1.44191
6482.888	0.45199	-0.64571	1.91058	-1.37728
6486.887	0.48299	-0.59964	1.88578	-1.36657
6490.892	0.51210	-0.63455	1.86047	-1.25630
6494.888	0.54488	-0.64868	1.86104	-1.27050
6498.885	0.57853	-0.64803	1.83908	-1.17519
6502.893	0.58123	-0.67004	1.84061	-1.14803
6506.890	0.60114	-0.72693	1.85507	-1.00817
6510.889	0.58424	-0.73498	1.86781	-0.93263
6514.900	0.58595	-0.72480	1.90537	-0.95175
6518.908	0.56520	-0.73260	1.94126	-0.90200
6522.888	0.55761	-0.75536	1.94850	-0.89584
6526.885	0.56419	-0.75037	1.96717	-0.89362
6530.883	0.53592	-0.77352	1.98534	-0.90253
6534.891	0.48830	-0.77939	1.95815	-0.95180
6538.893	0.44403	-0.77497	1.92753	-0.99854
6542.888	0.36479	-0.75170	1.92560	-1.03814
6546.891	0.32188	-0.72115	1.88571	-1.07114
6550.889	0.34409	-0.59841	1.87473	-1.15546
6554.888	0.32459	-0.53304	1.82995	-1.23267
6558.897	0.27701	-0.44578	1.79130	-1.25457
6562.892	0.28406	-0.44071	1.70735	-1.31768
6566.887	0.26443	-0.43830	1.66289	-1.36584
6570.885	0.24540	-0.36689	1.64650	-1.40997
6574.891	0.21906	-0.34912	1.61674	-1.44561
6578.888	0.22852	-0.32261	1.61022	-1.47409
6582.889	0.25885	-0.30566	1.58644	-1.50811
6586.888	0.26058	-0.25053	1.57004	-1.52865
6590.892	0.29630	-0.22496	1.57349	-1.53597
6594.888	0.28818	-0.22915	1.58584	-1.55024
6598.890	0.26431	-0.23795	1.59045	-1.53805
6602.891	0.26274	-0.24903	1.59417	-1.54293
6606.886	0.23053	-0.24334	1.58361	-1.50841
6610.888	0.22371	-0.20237	1.57166	-1.47531
6614.892	0.21380	-0.18994	1.52952	-1.44669
6618.888	0.18278	-0.16964	1.54671	-1.42267
6622.887	0.13682	-0.12206	1.55896	-1.45444
6626.885	0.11525	-0.04262	1.55457	-1.47182
6630.891	0.12560	0.03230	1.51844	-1.51906
6634.889	0.11873	0.04860	1.46534	-1.57919
6638.889	0.17030	0.10061	1.43183	-1.55432
6642.891	0.20023	0.08724	1.42397	-1.50574
6646.915	0.19859	0.09818	1.45524	-1.56763
6650.902	0.19983	0.10543	1.42340	-1.55214
6654.889	0.26763	0.13105	1.41013	-1.56704
6658.891	0.31598	0.14874	1.47526	-1.58566
6662.887	0.36375	0.21275	1.50829	-1.57405
6666.885	0.39914	0.14161	1.53116	-1.50967
6670.889	0.46505	-0.03819	1.59241	-1.40576
6674.885	0.49785	-0.30898	1.62148	-1.33010
6678.886	0.51962	-0.24443	1.63705	-1.07615
6682.889	0.50917	-0.48423	1.65952	-1.14412
6686.889	0.49019	-0.23775	1.60298	-1.11428
6690.887	0.44649	-0.17451	1.60231	-1.21851
6694.886	0.48798	-0.35180	1.59338	-1.29916
6698.883	0.46272	-0.40808	1.67695	-1.27351
6702.888	0.43167	-0.47676	1.67038	-1.34658
6706.885	0.35300	-0.51572	1.68399	-1.28959
6710.887	0.39842	-0.46130	1.71883	-1.21554
6714.889	0.36546	-0.43912	1.74747	-1.27004
6718.889	0.36328	-0.24230	1.85765	-1.30407
6722.893	0.26823	-0.19966	1.82336	-1.48410
6726.923	0.12620	-0.26094	1.73601	-1.54190
6730.898	0.25426	-0.32997	1.75845	-1.52344
6734.885	0.27999	-0.36160	1.83910	-1.55400
6738.884	0.30739	-0.26441	1.92421	-1.52541
6742.889	0.35352	-0.11413	1.95133	-1.49322
6746.887	0.32982	-0.07974	1.90520	-1.40761
6750.887	0.32404	0.00982	1.89615	-1.35540
6754.884	0.27652	-0.02271	1.86303	-1.37292
6758.888	0.27808	-0.26578	1.71208	-1.37765
6762.887	0.27912	-0.41154	1.61173	-1.31797
6766.890	0.31069	-0.55096	1.62101	-1.31230
6770.887	0.32560	-0.59548	1.63648	-1.29571
6774.888	0.30667	-0.55314	1.59440	-1.34926
6778.886	0.31660	-0.27607	1.57885	-1.29860
6782.886	0.29458	-0.22856	1.51246	-1.28786
6786.884	0.25393	-0.37434	1.57969	-1.29691
6790.884	0.29994	-0.39795	1.51630	-1.28898
6794.883	0.28123	-0.37166	1.54475	-1.28889
6798.883	0.28781	-0.53200	1.55524	-1.32957
6802.888	0.28766	-0.46074	1.59147	-1.41251
6806.888	0.24753	-0.43684	1.67248	-1.45565
6810.886	0.19489	-0.36642	1.69073	-1.55748
6814.889	0.07423	-0.43433	1.80640	-1.49633
6818.886	0.15988	-0.26342	1.91457	-1.42160
6822.883	0.12441	-0.21870	1.92969	-1.46239
6826.883	0.12168	-0.18696	1.96281	-1.53850
6830.887	0.16839	-0.20408	1.83065	-1.48300
6834.884	0.19760	-0.34649	1.91943	-1.59210
6838.886	0.18296	-0.48763	1.70328	-1.50274
6842.883	0.22147	-0.26944	1.70864	-1.47469
6846.887	0.26165	-0.05884	1.63554	-1.37527
6850.894	0.33863	-0.12459	1.42982	-1.31562
6854.916	0.36357	-0.09142	1.34874	-1.23842
6858.883	0.38241	-0.06836	1.28923	-1.26519
6862.887	0.39288	-0.09475	1.27400	-1.32432
6866.885	0.42681	-0.14275	1.32466	-1.34815
6870.881	0.43899	-0.26461	1.30025	-1.35991
6874.882	0.47227	-0.25854	1.37846	-1.35172
6878.885	0.50599	-0.26237	1.33292	-1.30636
6882.883	0.50336	-0.20567	1.34554	-1.34340
6886.883	0.51570	-0.16581	1.29491	-1.34976
6890.886	0.53597	-0.22386	1.34232	-1.37702
6894.887	0.49872	-0.25685	1.31848	-1.37917
6898.884	0.52322	-0.21175	1.40266	-1.41867
6902.881	0.51580	-0.18524	1.40462	-1.40471
6906.880	0.51930	-0.11455	1.45715	-1.37315
6910.881	0.54835	-0.16989	1.41062	-1.34664
