time (ms)	lx (deg)	ly (deg)	rx (deg)	ry (deg)
0.000	0.00452	0.89241	0.15221	-0.65201
3.992	0.03698	0.88208	0.19117	-0.60527
7.990	-0.00931	0.67206	0.24991	-0.57690
11.990	-0.02271	0.61238	0.34526	-0.53885
15.993	-0.08686	0.48825	0.32228	-0.51413
19.995	-0.11473	0.36418	0.31411	-0.48347
23.992	-0.14928	0.21780	0.35836	-0.40910
27.990	-0.20800	0.14581	0.34176	-0.34872
31.998	-0.24862	0.09691	0.34434	-0.29217
35.992	-0.25460	0.03027	0.37668	-0.31451
39.993	-0.28108	0.02900	0.36194	-0.26138
43.997	-0.31521	-0.02010	0.38673	-0.21424
47.995	-0.33146	-0.04045	0.38914	-0.19976
51.992	-0.34521	0.00005	0.38467	-0.14499
55.995	-0.30972	0.00813	0.42001	-0.13947
59.993	-0.30106	0.01401	0.57610	-0.16887
63.995	-0.27101	0.01300	0.58228	-0.12662
67.995	-0.23894	0.04192	0.68995	-0.20429
71.994	-0.20745	0.04786	0.76039	-0.21910
75.996	-0.18829	0.07763	0.83004	-0.25092
79.995	-0.19067	0.07373	0.83357	-0.24183
83.991	-0.19234	0.07099	0.87396	-0.26347
87.992	-0.17727	0.06724	0.91450	-0.30106
91.991	-0.18099	0.06953	0.95160	-0.31529
95.992	-0.15563	0.04224	0.98298	-0.32908
99.989	-0.16690	0.05253	0.97968	-0.32508
103.990	-0.17953	0.02574	0.95095	-0.32920
107.992	-0.16893	0.03275	0.93842	-0.34476
111.995	-0.17688	0.04142	0.91423	-0.33350
115.995	-0.18710	0.06747	0.88729	-0.33323
119.990	-0.18784	0.06272	0.84992	-0.34563
123.995	-0.17211	0.07286	0.86205	-0.36906
127.995	-0.18606	0.08357	0.84893	-0.37662
132.009	-0.18380	0.11724	0.80970	-0.36959
135.995	-0.16623	0.08218	0.77630	-0.30566
139.991	-0.15409	0.07467	0.74340	-0.27702
143.989	-0.22269	0.05052	0.72697	-0.23875
147.990	-0.25562	0.05879	0.69910	-0.21950
151.991	-0.31052	0.08213	0.64903	-0.18705
155.998	-0.36553	0.07643	0.60424	-0.12305
160.000	-0.42971	0.07447	0.47666	-0.04520
163.991	-0.39546	0.07385	0.37286	-0.01710
167.988	-0.44718	0.07745	0.34861	0.04075
172.017	-0.46381	0.09010	0.24048	0.08951
175.991	-0.45726	0.09542	0.23299	0.13886
179.989	-0.50272	0.10908	0.21430	0.14604
183.986	-0.51121	0.16641	0.17027	0.15998
187.987	-0.49455	0.18706	0.14429	0.15953
191.994	-0.47416	0.23268	0.11803	0.18344
195.992	-0.45753	0.25546	0.21408	0.18398
199.993	-0.41936	0.23859	0.25321	0.16013
203.993	-0.39790	0.30524	0.35802	0.13470
207.991	-0.36712	0.34094	0.55510	0.07770
211.992	-0.34886	0.38217	0.66173	0.05255
215.987	-0.33876	0.40038	0.74424	0.02636
219.994	-0.28076	0.36102	0.86550	-0.02134
223.991	-0.21338	0.36361	0.87007	-0.06477
227.988	-0.14712	0.35981	0.94765	-0.10510
231.993	-0.10945	0.38600	0.90780	-0.18980
235.990	-0.03040	0.35879	0.93984	-0.23519
239.993	0.01541	0.34711	0.92108	-0.29614
243.994	0.02569	0.38950	0.87322	-0.31572
247.988	0.01856	0.37211	0.82635	-0.36882
251.989	0.04743	0.39512	0.78220	-0.33545
256.039	0.08267	0.40195	0.72193	-0.32540
259.992	0.10041	0.39249	0.65290	-0.37209
263.988	0.07257	0.41505	0.57171	-0.35950
267.989	0.02916	0.45279	0.54915	-0.35565
271.990	-0.00405	0.44246	0.47867	-0.34146
275.991	-0.02891	0.43664	0.42688	-0.30526
279.986	-0.05304	0.45475	0.38688	-0.27922
283.995	-0.09232	0.43821	0.35072	-0.27055
287.995	-0.12369	0.41554	0.32848	-0.26059
291.986	-0.11922	0.34836	0.30156	-0.23852
295.991	-0.14412	0.30447	0.26800	-0.24985
299.987	-0.15844	0.27125	0.23624	-0.28765
303.988	-0.17003	0.27016	0.21452	-0.25522
307.993	-0.14506	0.27771	0.29443	-0.27060
311.992	-0.08808	0.22359	0.39132	-0.27020
315.988	-0.11036	0.18696	0.64712	-0.28080
319.988	-0.13268	0.13548	0.61166	-0.28644
323.990	-0.15501	0.11396	0.64096	-0.29936
327.993	-0.12439	0.05300	0.61635	-0.29499
331.991	-0.12823	0.03253	0.64583	-0.31658
335.988	-0.06324	0.00768	0.68099	-0.32520
339.985	-0.06147	-0.00668	0.71362	-0.33946
343.991	-0.07929	-0.00671	0.69298	-0.34771
347.992	-0.05559	-0.05693	0.74915	-0.38910
351.988	-0.07545	-0.14716	0.70156	-0.41949
355.987	-0.08557	-0.17784	0.65402	-0.45172
359.988	-0.09758	-0.21030	0.58094	-0.46154
363.984	-0.08187	-0.19256	0.51317	-0.45918
367.991	-0.08857	-0.20185	0.45743	-0.46900
371.987	-0.12553	-0.19661	0.41690	-0.48220
375.991	-0.12302	-0.19077	0.37998	-0.45005
379.984	-0.09877	-0.19037	0.30637	-0.43258
383.986	-0.13717	-0.12380	0.20380	-0.40622
387.990	-0.15618	-0.08541	0.15260	-0.40039
392.027	-0.21512	-0.04239	0.09701	-0.38791
395.990	-0.27453	0.03752	0.00673	-0.36764
399.984	-0.27793	0.04798	-0.05661	-0.36165
403.986	-0.29342	0.05926	-0.08654	-0.37775
407.994	-0.27155	0.08362	-0.05894	-0.42166
411.987	-0.29133	0.09870	-0.02191	-0.55765
415.984	-0.32402	0.13237	-0.01995	-0.61758
419.985	-0.31799	0.17305	0.03869	-0.90091
423.988	-0.33044	0.17973	0.06862	-0.92644
427.985	-0.29841	0.15289	0.17062	-0.90088
431.985	-0.23281	0.14835	0.31585	-1.00443
435.984	-0.15849	0.11209	0.43740	-0.95926
439.986	0.03447	0.09482	0.59173	-0.98316
443.988	0.21552	0.10593	0.66221	-1.06862
447.990	0.30749	0.15640	0.87096	-1.08337
452.002	0.37829	0.18261	0.91875	-1.03507
455.987	0.41018	0.18698	1.02335	-0.96013
459.989	0.33861	0.19571	1.07919	-0.84163
463.990	0.43132	0.14412	1.11760	-0.82016
467.988	0.47081	0.17916	1.11901	-0.75652
471.990	0.50421	0.18899	1.12794	-0.70187
475.987	0.49289	0.17776	1.11896	-0.68803
479.985	0.48016	0.16614	1.10127	-0.68516
483.986	0.43492	0.16283	1.06009	-0.65853
488.001	0.38829	0.17180	1.02811	-0.64128
492.000	0.30049	0.14040	0.96680	-0.61570
495.986	0.24696	0.14181	0.84898	-0.60280
499.989	0.17355	0.11746	0.81372	-0.60770
503.987	0.09053	0.11013	0.73360	-0.62843
507.986	0.06252	0.13483	0.67422	-0.62104
511.985	-0.00206	0.17332	0.55803	-0.63586
515.986	-0.05378	0.20259	0.46818	-0.61328
519.988	-0.15206	0.28589	0.42085	-0.60519
523.982	-0.17457	0.35916	0.33729	-0.57990
527.983	-0.21286	0.39651	0.26763	-0.56224
531.993	-0.23530	0.44884	0.20874	-0.51108
535.992	-0.25485	0.49503	0.17926	-0.48956
539.985	-0.23013	0.47863	0.17094	-0.49334
543.983	-0.22730	0.53349	0.14829	-0.48191
547.981	-0.20249	0.56552	0.11654	-0.46753
551.990	-0.25314	0.60199	0.10342	-0.49332
555.985	-0.21552	0.59240	0.14610	-0.53267
559.984	-0.22507	0.57814	0.22872	-0.63412
563.983	-0.20100	0.53578	0.23783	-0.70118
567.986	-0.16315	0.50716	0.25641	-0.74841
571.983	-0.12726	0.40931	0.29808	-0.78105
575.986	-0.11893	0.38727	0.37549	-0.87326
579.987	-0.10252	0.30847	0.36074	-0.92822
583.986	-0.13148	0.26611	0.39688	-0.97444
587.983	-0.15022	0.24943	0.40546	-1.03610
592.012	-0.13600	0.18667	0.44127	-1.09414
596.165	-0.09093	0.16776	0.44805	-1.14017
599.986	-0.11322	0.14425	0.46066	-1.17096
603.987	-0.06822	0.10126	0.43053	-1.20932
607.982	-0.00745	0.12290	0.44557	-1.26182
611.982	0.01702	0.08896	0.48932	-1.26057
615.992	0.02497	0.10722	0.53002	-1.27447
619.986	0.01906	0.08501	0.55726	-1.26217
623.979	0.03857	0.07574	0.61007	-1.27776
627.981	0.17678	0.11252	0.64077	-1.26570
631.987	0.32898	0.11659	0.68640	-1.27237
635.985	0.31662	0.12618	0.80833	-1.19023
639.980	0.32109	0.21792	0.82918	-1.14284
643.981	0.32131	0.20045	0.88592	-1.06980
647.982	0.40484	0.26677	0.89736	-1.06210
651.981	0.34665	0.29304	0.91954	-0.90186
655.985	0.26987	0.33871	0.92423	-0.86231
659.986	0.32382	0.34510	0.93276	-0.81022
664.007	0.19057	0.38898	0.90676	-0.75637
667.984	0.14836	0.45098	0.86922	-0.67338
671.979	0.04509	0.48507	0.83116	-0.60596
675.985	-0.03551	0.51272	0.75985	-0.59139
679.984	-0.13975	0.57839	0.66704	-0.57987
683.985	-0.09401	0.57660	0.60560	-0.57185
687.980	-0.07396	0.58520	0.53659	-0.57693
691.981	-0.13156	0.58637	0.45108	-0.53241
695.981	-0.15764	0.59613	0.37286	-0.54839
699.985	-0.11731	0.58364	0.31114	-0.54897
704.003	-0.15997	0.59268	0.25493	-0.52432
707.983	-0.13871	0.58739	0.19869	-0.49652
711.984	-0.12240	0.56547	0.12248	-0.49364
715.979	-0.11709	0.55874	0.03574	-0.50403
719.982	-0.09835	0.53218	0.02382	-0.46725
723.980	-0.05800	0.46792	-0.00931	-0.45408
727.978	-0.06601	0.44613	-0.05658	-0.40911
731.981	-0.05376	0.42943	-0.08450	-0.41853
735.984	-0.05889	0.39967	-0.13228	-0.43629
739.855	-0.03906	0.38550	-0.13965	-0.45098
743.858	-0.02112	0.34331	-0.16685	-0.44230
747.865	-0.02839	0.30922	-0.19363	-0.45893
751.857	-0.06477	0.27953	-0.21008	-0.47970
755.855	-0.07835	0.25135	-0.19752	-0.47672
759.854	-0.05239	0.21860	-0.18266	-0.45515
763.856	-0.04854	0.17832	-0.18343	-0.44268
767.876	-0.04807	0.17633	-0.20599	-0.43343
771.863	-0.06430	0.15531	-0.19189	-0.44710
775.856	-0.14307	0.13578	-0.21440	-0.43246
779.856	-0.19164	0.14504	-0.21678	-0.41562
783.866	-0.21221	0.14050	-0.22264	-0.38908
787.870	-0.20211	0.15675	-0.25721	-0.38403
791.858	-0.25006	0.14909	-0.26043	-0.39763
795.855	-0.24636	0.14007	-0.28508	-0.40043
799.886	-0.28932	0.11351	-0.29208	-0.38080
803.860	-0.29210	0.11324	-0.31424	-0.38570
807.855	-0.35308	0.10071	-0.34151	-0.40257
811.856	-0.28942	0.09530	-0.31196	-0.45152
815.853	-0.33012	0.08550	-0.14307	-0.59285
819.853	-0.30957	0.05827	-0.14491	-0.60597
823.854	-0.23234	0.01228	-0.04743	-0.63644
827.861	-0.24468	0.00251	0.08175	-0.83589
831.851	-0.23872	-0.01337	0.13114	-0.86416
835.852	-0.27617	-0.01583	0.20350	-0.79469
839.855	-0.28409	-0.01565	0.21179	-0.86711
843.862	-0.29317	-0.00554	0.27562	-0.90341
847.856	-0.34342	0.00750	0.34074	-0.97733
851.857	-0.34099	0.08985	0.46237	-0.99821
855.852	-0.38422	0.11286	0.49063	-1.00451
859.854	-0.43604	0.13878	0.52815	-0.97276
863.856	-0.52803	0.19640	0.56290	-0.96463
867.852	-0.49733	0.15620	0.58513	-0.91440
871.860	-0.52647	0.06103	0.56359	-0.84656
875.860	-0.49919	-0.12258	0.55501	-0.72125
879.853	-0.47430	-0.30628	0.47731	-0.64123
883.850	-0.45185	-0.09184	0.54955	-0.64301
887.852	-0.36060	-0.13525	0.51935	-0.67102
891.854	-0.29240	-0.11199	0.52185	-0.63912
895.857	-0.31362	-0.21350	0.47882	-0.64337
899.851	-0.19494	-0.02567	0.40246	-0.66760
903.851	-0.11997	0.06684	0.40604	-0.63634
907.873	-0.07530	0.40630	0.36534	-0.58365
911.865	-0.07885	0.42660	0.36633	-0.57008
915.854	-0.02847	0.62361	0.39526	-0.52230
919.855	0.00985	0.51262	0.39663	-0.51664
923.856	0.01157	0.58709	0.42529	-0.52595
927.853	0.00901	0.60923	0.46607	-0.47892
931.856	-0.05544	0.67708	0.51555	-0.48997
935.855	-0.07147	0.66473	0.52850	-0.47081
939.856	-0.12493	0.68550	0.58550	-0.49461
943.850	-0.23038	0.67231	0.63151	-0.47913
947.851	-0.36094	0.61433	0.62037	-0.48564
951.866	-0.36879	0.56897	0.63144	-0.51602
955.860	-0.29592	0.54845	0.58779	-0.55926
959.853	-0.22872	0.51858	0.50758	-0.58287
963.853	-0.12816	0.50815	0.47088	-0.54747
967.855	-0.16940	0.49148	0.39663	-0.51234
971.860	-0.12260	0.50507	0.31620	-0.52002
975.854	-0.06219	0.47018	0.25542	-0.55662
979.852	-0.09582	0.46487	0.18278	-0.61678
983.853	-0.05246	0.46546	0.22909	-0.82791
987.851	-0.01315	0.44807	0.23435	-0.93404
991.854	0.00534	0.45056	0.23800	-1.08609
995.855	0.00479	0.45523	0.33541	-1.00441
999.851	-0.04554	0.44474	0.34384	-1.10973
1003.851	-0.10816	0.42412	0.51751	-0.97477
1007.855	-0.25885	0.39042	0.58282	-0.85125
1011.850	-0.22944	0.34617	0.50982	-0.90922
1015.886	-0.23641	0.28994	0.48937	-0.80662
1019.851	-0.16030	0.29893	0.49346	-0.81768
1023.849	-0.04167	0.30075	0.33025	-0.61854
1027.846	-0.03015	0.38381	0.27341	-0.60701
1031.848	0.01062	0.41343	0.26371	-0.65469
1035.858	-0.14178	0.49796	0.27667	-0.83352
1039.850	-0.00978	0.54289	0.27001	-0.84023
1043.853	0.02705	0.60401	0.31943	-0.87344
1047.852	0.05857	0.67467	0.43852	-1.00109
1051.850	0.04127	0.65226	0.58166	-0.86002
1055.857	-0.00099	0.72861	0.60789	-0.94117
1059.853	-0.07917	0.73616	0.75717	-0.84528
1063.851	-0.15203	0.73875	0.77292	-0.81241
1067.850	-0.31270	0.72117	0.86401	-0.83868
1071.853	-0.26046	0.68254	0.79285	-0.90169
1075.852	-0.30657	0.68661	0.77657	-0.83350
1079.854	-0.30501	0.69847	0.78015	-0.83574
1083.847	-0.21445	0.68856	0.74925	-0.81138
1087.848	-0.18680	0.65459	0.69392	-0.76831
1091.850	-0.24008	0.63278	0.57009	-0.73196
1095.856	-0.22931	0.62714	0.55136	-0.71176
1099.855	-0.14422	0.62334	0.49684	-0.68861
1103.850	-0.11535	0.58617	0.44584	-0.67189
1107.849	-0.09652	0.57603	0.40144	-0.66713
1111.846	-0.06140	0.56952	0.34901	-0.68547
1115.854	-0.06927	0.56294	0.30252	-0.70244
1119.858	-0.03765	0.53774	0.24708	-0.68207
1123.849	0.01611	0.42285	0.22147	-0.67387
1127.859	0.02715	0.31904	0.21140	-0.65613
1131.852	-0.01323	0.29612	0.17990	-0.66076
1135.849	0.00156	0.24310	0.16739	-0.66799
1139.852	0.03839	0.10434	0.17122	-0.67315
1143.850	0.04430	0.05666	0.14900	-0.63266
1147.850	0.05341	0.02475	0.13883	-0.63790
1151.849	0.08014	-0.04187	0.06969	-0.62491
1155.849	0.11838	-0.07872	0.04264	-0.59273
1159.858	0.15375	-0.13908	0.02263	-0.52249
1163.859	0.15665	-0.19178	0.00568	-0.52989
1167.849	0.14176	-0.22431	-0.01219	-0.53946
1171.851	0.17531	-0.25321	-0.01174	-0.51645
1175.849	0.22058	-0.26725	0.00814	-0.48244
1179.853	0.26356	-0.29344	0.05008	-0.47187
1183.849	0.27034	-0.31235	0.05534	-0.44864
1187.849	0.32717	-0.33026	0.06259	-0.45885
1191.846	0.34769	-0.33197	0.07512	-0.46564
1195.847	0.42398	-0.32208	0.15990	-0.46241
1199.848	0.47401	-0.28849	0.22596	-0.44680
1203.853	0.52232	-0.30605	0.28024	-0.45058
1207.865	0.62967	-0.27387	0.31679	-0.45144
1211.853	0.69010	-0.25036	0.38534	-0.41479
1215.849	0.75173	-0.20360	0.46048	-0.39307
1219.851	0.74598	-0.17353	0.49513	-0.35729
1223.849	0.73851	-0.07705	0.54972	-0.34971
1227.849	0.64699	-0.06103	0.59493	-0.33808
1231.847	0.25128	-0.10364	0.55754	-0.29932
1235.846	0.14687	-0.09328	0.55242	-0.29082
1239.846	-0.02313	-0.07216	0.54111	-0.28751
1243.851	-0.14618	-0.06674	0.51939	-0.29591
1247.846	-0.21579	-0.05261	0.55267	-0.32265
1251.845	-0.30719	-0.07253	0.56756	-0.34777
1255.845	-0.23872	-0.06975	0.68340	-0.41137
1259.848	-0.22931	-0.10099	0.54297	-0.39155
1263.843	-0.26865	-0.16753	0.51776	-0.41118
1267.845	-0.27897	-0.17991	0.41336	-0.33490
1271.845	-0.31069	-0.24198	0.32995	-0.37911
1275.848	-0.28064	-0.26779	0.39514	-0.39655
1279.850	-0.29962	-0.23184	0.45800	-0.41367
1283.846	-0.25612	-0.19742	0.52935	-0.49158
1287.858	-0.29900	-0.13403	0.62096	-0.53245
1291.848	-0.30064	0.03146	0.61225	-0.62989
1295.846	-0.27595	0.07082	0.61342	-0.69513
1299.846	-0.21162	0.24889	0.52314	-0.76513
1303.847	-0.17817	0.30552	0.54049	-0.84914
1307.852	-0.12575	0.37360	0.57044	-0.90869
1311.846	-0.11801	0.43485	0.52379	-0.78649
1315.845	-0.04576	0.48569	0.51791	-0.66466
1319.847	0.05671	0.52636	0.48602	-0.60729
1323.846	0.13575	0.56525	0.45624	-0.52560
1327.846	0.20447	0.61357	0.40991	-0.46438
1331.847	0.22368	0.64508	0.40050	-0.59977
1335.850	0.21758	0.62177	0.39804	-0.48173
1339.846	0.14531	0.64103	0.42088	-0.57925
1343.845	0.03335	0.61847	0.49376	-0.56272
1347.851	0.00630	0.59005	0.43192	-0.56996
1351.849	-0.03470	0.58289	0.47120	-0.54083
1355.843	-0.02432	0.56813	0.55553	-0.55327
1359.849	-0.01472	0.57424	0.57627	-0.64224
1363.849	0.01060	0.58480	0.63853	-0.69227
1367.851	-0.00891	0.57874	0.61367	-0.75543
1371.848	-0.02951	0.57519	0.64662	-0.78071
1375.846	-0.05773	0.58110	0.66729	-0.82861
1379.845	-0.00345	0.61564	0.67963	-0.87970
1383.842	0.09676	0.61005	0.64541	-0.86851
1387.844	0.19648	0.61690	0.59024	-0.79242
1391.848	0.23817	0.61864	0.58632	-0.71148
1395.848	0.28729	0.62942	0.53002	-0.55039
1399.843	0.35414	0.65367	0.50326	-0.46251
1403.844	0.40244	0.64926	0.44321	-0.43782
1407.847	0.44279	0.64312	0.44941	-0.30248
1411.859	0.45691	0.63070	0.43207	-0.28029
1415.848	0.50376	0.63050	0.39038	-0.26695
1419.845	0.52275	0.65005	0.41050	-0.16427
1423.842	0.51788	0.64627	0.40164	-0.17528
1427.878	0.47309	0.57828	0.39437	-0.13724
1431.847	0.40971	0.56941	0.39112	-0.22567
1435.847	0.37712	0.57890	0.37859	-0.24970
1439.841	0.36948	0.57565	0.42323	-0.33351
1443.848	0.29022	0.54755	0.41824	-0.31950
1447.844	0.22723	0.45587	0.43753	-0.32737
1451.867	0.16293	0.50189	0.42132	-0.38216
1455.845	-0.00114	0.50589	0.42289	-0.44552
1459.843	0.00695	0.48398	0.45135	-0.49937
1463.846	-0.14337	0.44226	0.45778	-0.50923
1467.846	-0.16350	0.44201	0.49535	-0.52741
1471.848	-0.21080	0.48974	0.51572	-0.56635
1475.843	-0.22179	0.51938	0.52498	-0.57934
1479.846	-0.25897	0.52047	0.58813	-0.59913
1483.850	-0.27046	0.50909	0.59982	-0.60472
1487.847	-0.31612	0.49552	0.62367	-0.64547
1491.843	-0.32389	0.55254	0.66345	-0.64996
1495.851	-0.32675	0.56452	0.66444	-0.66859
1499.844	-0.30754	0.55615	0.66570	-0.67207
1503.846	-0.23798	0.56857	0.64677	-0.65726
1507.841	-0.19616	0.57936	0.60349	-0.59126
1511.847	-0.05388	0.57099	0.51242	-0.52952
1515.843	0.14657	0.56758	0.58163	-0.66040
1519.842	0.20060	0.59817	0.60697	-0.74743
1523.842	0.21137	0.58060	0.66642	-0.79412
1527.847	0.20291	0.55911	0.69598	-0.67795
1531.846	0.19869	0.47975	0.53758	-0.57921
1535.845	0.28190	0.42645	0.39119	-0.49900
1539.848	0.32419	0.50248	0.58575	-0.88665
1543.843	0.36050	0.58581	0.69198	-0.75554
1547.840	0.34518	0.39295	0.48594	-0.63477
1551.846	0.33027	0.26630	0.38018	-0.51786
1555.841	0.41452	0.51785	0.91952	-0.62485
1559.842	0.30858	0.21534	0.46272	-0.54836
1563.843	0.24415	0.08792	0.39179	-0.37623
1567.843	0.26843	0.45617	0.84384	-0.44069
1571.842	0.21465	0.24707	0.52843	-0.38661
1575.849	0.25547	0.35725	0.54766	-0.38313
1579.851	0.21135	0.29901	0.63722	-0.52022
1583.840	0.29510	0.44888	0.51014	-0.51464
1587.726	0.25512	0.21971	0.61404	-0.55322
1591.717	0.33717	0.46789	0.61349	-0.54937
1595.843	0.30632	0.20587	0.96926	-0.71172
1599.846	0.23857	0.26958	0.40206	-0.46478
1603.720	0.18122	0.27118	0.43408	-0.40477
1607.717	-0.22827	0.23808	-0.13593	-0.46390
1611.716	-2.11118	0.24107	-1.52322	-0.58323
1616.273	-2.62382	0.18702	-1.85460	-0.54792
1619.726	-2.93740	0.06561	-2.25674	-0.76593
1623.724	-2.96916	0.00742	-2.47648	-0.89493
1627.718	-3.02529	-0.01864	-2.66607	-0.90023
1631.722	-3.38291	0.00149	-2.83977	-0.94444
1635.717	-3.70398	-0.05793	-3.43222	-0.48879
1639.715	-3.46699	-0.00442	-3.43714	-0.29835
1643.715	-3.31618	0.00012	-3.45677	-0.38805
1647.753	-3.56020	0.05684	-3.44394	-0.55949
1651.717	-3.69123	0.10341	-3.41590	-0.65971
1655.724	-3.66861	0.08568	-3.37321	-0.59565
1659.720	-3.56828	0.17869	-3.51614	-0.71023
1663.715	-3.67279	0.29180	-3.49643	-0.81665
1667.717	-3.66221	0.18589	-3.51935	-0.90318
1671.713	-3.74859	0.02497	-3.60875	-0.72546
1675.717	-3.78565	-0.05740	-3.61340	-0.77130
1679.717	-3.68747	-0.04412	-3.55763	-0.80574
1683.713	-3.85177	0.04376	-3.50356	-0.89843
1687.718	-3.83141	-0.00841	-3.50121	-1.00557
1691.714	-3.74834	-0.06459	-3.63280	-0.86404
1695.715	-3.68673	-0.16443	-3.63549	-0.89508
1699.715	-3.66483	-0.04434	-3.65208	-0.99629
1703.714	-3.67754	0.12476	-3.59384	-0.97223
1707.715	-3.75104	-0.07885	-3.55889	-0.82753
1711.714	-3.67415	0.03811	-3.76688	-0.79816
1715.715	-3.82796	-0.01170	-3.76297	-0.83667
1719.716	-3.77313	0.16476	-3.71372	-0.83567
1723.720	-3.74392	0.03829	-3.85889	-0.81144
1727.714	-3.68826	-0.02872	-3.86991	-0.86187
1731.714	-3.69610	-0.05098	-3.76460	-0.79132
1735.711	-3.61431	-0.09359	-3.86850	-0.84053
1739.712	-3.76156	0.07615	-3.73307	-0.90750
1743.714	-3.65851	0.01051	-3.89790	-0.92163
1747.720	-3.75089	0.08225	-3.79838	-0.93973
1751.717	-3.69009	0.03055	-3.98679	-0.95942
1755.713	-3.83603	-0.05276	-3.89246	-0.97943
1759.715	-3.68982	0.27991	-3.80256	-1.04214
1763.715	-3.59970	0.06820	-4.04517	-1.05740
1767.715	-3.66703	0.09984	-3.92445	-1.07912
1771.713	-3.84809	0.20638	-3.82511	-1.03151
1775.714	-3.99889	0.20889	-3.84004	-1.08228
1779.712	-3.77854	0.27049	-3.94898	-1.06722
1783.714	-3.79156	0.19347	-4.00018	-1.06556
1787.714	-3.80547	0.20292	-4.08273	-1.06444
1791.717	-3.79971	0.12769	-4.18445	-1.04944
1795.714	-3.77881	0.09638	-4.17003	-1.06888
1799.712	-3.75437	0.07620	-4.14307	-1.10103
1803.714	-3.78111	-0.04369	-4.14189	-1.01446
1807.712	-3.81577	-0.08427	-3.99116	-0.98697
1811.710	-3.82067	-0.11658	-3.95177	-0.96620
1815.717	-3.98074	-0.12667	-4.11300	-0.84700
1819.717	-3.85790	-0.17662	-4.17865	-0.79997
1823.717	-3.81207	-0.19079	-4.13589	-0.89001
1827.711	-3.76181	-0.20645	-4.03559	-0.81622
1831.721	-3.97353	-0.21577	-4.20926	-0.75348
1835.715	-3.84098	-0.17695	-4.07036	-0.97315
1839.716	-3.71070	-0.17730	-4.11414	-0.87225
1843.729	-3.80233	-0.12834	-3.97136	-0.86387
1847.717	-3.68221	-0.13376	-3.82146	-0.95091
1851.712	-3.01046	-0.11531	-3.38958	-0.95689
1855.709	-1.79358	-0.09984	-1.91853	-0.82368
1859.717	-0.98397	-0.12964	-0.94041	-0.86661
1863.751	-0.73238	-0.16180	-0.63208	-0.81495
1867.709	-0.34481	-0.25067	0.41162	-0.81756
1871.710	-0.15784	-0.21875	0.23964	-1.10390
1875.716	-0.32824	-0.42155	-0.45512	-0.99764
1879.711	-0.12960	-0.21902	-0.02914	-1.11956
1883.708	-0.26029	-0.39576	0.09997	-0.89477
1887.707	-0.22852	-0.33956	-0.06152	-0.93402
1891.715	-0.10002	-0.30877	-0.14719	-1.04387
1895.715	-0.13682	-0.27229	-0.05348	-0.82518
1899.709	-0.02020	-0.17064	0.08507	-0.80685
1903.715	-0.02112	-0.22260	0.04564	-0.97081
1907.715	0.08170	-0.10573	0.00501	-1.01893
1911.712	0.12476	-0.13038	-0.13066	-0.86627
1915.721	0.03507	-0.11913	0.13687	-1.07035
1919.712	0.10376	-0.08580	0.16089	-1.01473
1923.713	0.12615	-0.22662	-0.06095	-1.01948
1927.707	0.14526	-0.17215	0.03517	-1.10317
1931.710	0.14369	-0.17084	0.08043	-1.26437
1935.714	0.00620	-0.31923	-0.01504	-1.15245
1939.711	0.04951	-0.29170	0.03857	-1.05018
1943.714	0.10349	-0.28199	-0.03757	-1.13548
1947.712	0.02184	-0.38757	-0.08996	-1.21963
1951.712	0.06319	-0.35203	0.02722	-1.03923
1955.716	0.01333	-0.37681	0.16228	-1.08011
1959.718	0.11657	-0.37730	0.13014	-1.02576
1963.710	0.16216	-0.36585	0.04686	-0.96575
1967.709	0.07026	-0.33658	0.07827	-0.78928
1971.713	0.13317	-0.33017	0.40276	-0.93194
1975.712	0.18075	-0.40782	0.10622	-0.86525
1979.710	0.17712	-0.45637	-0.08215	-0.81174
1983.713	0.23430	-0.40086	0.29672	-0.89784
1987.716	0.23140	-0.48904	0.06986	-0.94192
1991.704	0.29875	-0.41286	0.26465	-1.02983
1995.715	0.29272	-0.44645	0.22460	-1.02531
1999.715	0.26627	-0.62207	0.15422	-0.96679
2003.710	0.29550	-0.58959	0.08813	-1.03895
2007.706	0.24492	-0.58659	0.17861	-0.96455
2011.718	0.24820	-0.60256	0.18338	-1.03358
2015.710	0.21956	-0.58970	0.15548	-0.84995
2019.709	0.18710	-0.59929	0.18124	-1.01952
2023.710	0.21586	-0.54828	0.15700	-0.77087
2027.710	0.13687	-0.59544	0.26942	-1.01492
2031.714	0.20884	-0.57061	0.09411	-0.71780
2035.713	0.04795	-0.75763	0.35059	-0.89756
2039.712	0.12630	-0.67803	-0.11034	-0.86071
2043.714	0.18675	-0.65688	0.28592	-0.90673
2047.711	0.04606	-0.70593	0.10902	-1.12028
2051.710	0.12171	-0.61902	0.23539	-0.85722
2055.709	0.04822	-0.77472	0.33647	-1.21912
2059.709	0.08096	-0.73154	0.07793	-1.09879
2063.709	0.08535	-0.68170	0.33742	-1.01904
2067.708	0.04797	-0.82175	0.27664	-1.24317
2071.712	0.11833	-0.72146	0.14538	-1.17428
2075.708	-0.00201	-0.75855	0.34159	-1.26191
2079.713	0.07882	-0.73890	0.29151	-1.28164
2083.769	0.12990	-0.69765	0.35047	-1.18695
2087.715	0.09733	-0.62866	0.33300	-1.10136
2091.733	0.13771	-0.67867	0.36551	-1.09246
2095.715	0.11272	-0.66118	0.35323	-1.16052
2099.709	0.23085	-0.47878	0.35558	-1.01404
2103.706	0.25805	-0.57098	0.36221	-0.98540
2107.706	0.19216	-0.55317	0.33230	-1.17133
2111.711	0.21289	-0.43328	0.36722	-1.02634
2115.709	0.31416	-0.41000	0.36251	-0.87612
2119.707	0.43147	-0.37719	0.29314	-0.92112
2123.708	0.19206	-0.32597	0.30111	-0.97937
2127.715	0.29074	-0.29277	0.38618	-0.84360
2131.707	0.40730	-0.30496	0.34541	-0.61635
2135.707	0.56282	-0.25573	0.08805	-0.94359
2139.712	0.46227	-0.19461	0.15558	-0.84265
2143.709	0.20075	-0.20950	0.29955	-0.92139
2147.709	0.23093	-0.13088	0.29533	-1.09811
2151.704	0.37685	-0.09999	0.28473	-1.05176
2155.712	0.44634	-0.12007	0.20499	-1.03115
2159.709	0.29528	-0.27358	0.15640	-1.06446
2163.716	0.35409	-0.40070	0.13260	-1.13776
2167.712	0.40958	-0.39357	0.23999	-1.07611
2171.712	0.40035	-0.29545	0.24398	-1.18500
2175.726	0.41720	-0.33239	0.28637	-1.22807
2179.717	0.25984	-0.47207	0.26684	-1.29287
2183.705	0.22606	-0.55277	0.28793	-1.31810
2187.705	0.35561	-0.76634	0.31382	-1.36454
2191.707	0.35459	-0.58387	0.42673	-1.37743
2195.709	0.56017	-0.72033	0.78131	-1.33475
2199.708	1.11549	-0.79773	1.17260	-1.38724
2203.707	1.22526	-0.90798	1.15377	-1.43385
2207.713	1.28090	-1.00085	1.35224	-1.47505
2211.710	1.31210	-1.11601	1.36677	-1.51012
2215.706	1.50160	-1.12258	1.40805	-1.52100
2219.712	1.61575	-1.12294	1.34152	-1.51116
2223.710	1.68362	-1.19853	1.50462	-1.51947
2227.707	1.73093	-1.17831	1.46921	-1.55382
2231.713	1.74841	-1.13168	1.46345	-1.59195
2235.709	1.74000	-1.12659	1.46445	-1.60642
2239.706	1.71293	-1.15434	1.45177	-1.62229
2243.707	1.61334	-1.14943	1.43471	-1.60684
2247.714	1.52216	-1.05366	1.42191	-1.52513
2251.709	1.45576	-1.02205	1.45470	-1.56929
2255.709	1.48833	-0.93408	1.46598	-1.53327
2259.703	1.41201	-0.91397	1.46234	-1.55792
2263.706	1.45378	-0.86148	1.46030	-1.54410
2267.707	1.34199	-0.77585	1.44264	-1.53113
2271.703	1.27527	-0.76149	1.47670	-1.52107
2275.709	1.21102	-0.78387	1.54180	-1.51232
2279.707	1.15935	-0.93850	1.57424	-1.48908
2283.705	1.13395	-0.96019	1.61662	-1.46877
2287.704	1.18264	-0.82486	1.62795	-1.36838
2291.711	1.19036	-0.83122	1.57339	-1.44688
2295.733	1.26822	-0.78191	1.57473	-1.42913
2299.712	1.32825	-0.86130	1.56871	-1.48911
2303.702	1.31816	-1.05832	1.54410	-1.37511
2307.700	1.26058	-1.06018	1.57743	-1.41553
2311.704	1.24096	-0.93490	1.57042	-1.43296
2315.705	1.31191	-0.90559	1.52161	-1.34806
2319.704	1.35420	-0.77252	1.48962	-1.30717
2323.703	1.46757	-0.90059	1.46603	-1.35875
2327.704	1.46750	-0.93791	1.36950	-1.40416
2331.707	1.45071	-0.98046	1.37828	-1.51175
2335.703	1.45103	-1.10761	1.41231	-1.70175
2339.706	1.43161	-1.18129	1.45368	-1.68695
2343.706	1.46224	-1.20409	1.57801	-1.75361
2347.703	1.46134	-1.14654	1.79024	-1.82339
2351.707	1.47494	-1.21005	1.80799	-1.76983
2355.705	1.47365	-1.18050	1.83729	-1.61374
2359.707	1.48384	-1.28996	1.72994	-1.58785
2363.705	1.48897	-1.33026	1.69738	-1.66504
2367.703	1.49820	-1.27014	1.70388	-1.73506
2371.714	1.52918	-1.11266	1.73130	-1.62505
2375.712	1.53423	-1.05914	1.74690	-1.52896
2379.707	1.47615	-0.97071	1.69639	-1.53983
2383.700	1.49522	-1.15464	1.82497	-1.56374
2387.702	1.54011	-1.01548	1.65835	-1.47006
2391.706	1.65937	-0.85002	1.64518	-1.34888
2395.705	1.51749	-0.80771	1.67548	-1.41543
2399.703	1.46283	-0.91238	1.64114	-1.63381
2403.708	1.50142	-1.07013	1.56647	-1.40496
2407.704	1.50747	-0.76611	1.54063	-1.45862
2411.703	1.49336	-0.76977	1.49450	-1.44207
2415.708	1.57300	-1.07717	1.53929	-1.44998
2419.706	1.45234	-0.90293	1.43540	-1.48262
2423.702	1.50261	-0.82726	1.43220	-1.35038
2427.702	1.43714	-0.87887	1.56496	-1.39575
2431.704	1.36868	-1.01653	1.58582	-1.41897
2435.706	1.45886	-0.98455	1.56536	-1.65214
2439.702	1.48679	-0.88434	1.46187	-1.56989
2443.577	1.46588	-0.92642	1.42662	-1.45401
2447.581	1.51601	-0.97405	1.44056	-1.36864
2451.580	1.53327	-0.86328	1.62708	-1.47974
2455.708	1.46239	-0.89103	1.64719	-1.53487
2459.585	1.44210	-0.97180	1.54301	-1.53726
2463.585	1.47025	-1.03417	1.57334	-1.49911
2467.584	1.40929	-0.97787	1.63593	-1.49472
2471.584	1.34403	-1.04046	1.67526	-1.47493
2475.577	1.38619	-1.03746	1.50197	-1.48350
2479.576	1.44031	-0.94535	1.59159	-1.52052
2483.575	1.44530	-1.04029	1.84902	-1.58832
2487.582	1.37347	-1.10407	1.55085	-1.42759
2491.579	1.34805	-1.20082	1.59006	-1.55909
2495.610	1.30144	-1.01934	1.66105	-1.47308
2499.576	1.32910	-1.15934	1.53272	-1.44661
2503.581	1.22047	-1.13674	1.69339	-1.47688
2507.585	1.37550	-1.14824	1.55891	-1.50188
2511.577	1.20991	-1.08799	1.50219	-1.52761
2515.579	1.36206	-1.18795	1.65374	-1.62100
2519.574	1.35291	-1.11694	1.64345	-1.67052
2523.575	1.35392	-1.25895	1.57476	-1.64176
2527.573	1.33686	-1.26462	1.56995	-1.56909
2531.579	1.35405	-1.13246	1.69956	-1.66799
2535.577	1.39170	-0.98851	1.63643	-1.63282
2539.574	1.48448	-1.05097	1.61394	-1.61996
2543.577	1.48825	-0.91101	1.61367	-1.68379
2547.574	1.47796	-0.92653	1.71784	-1.72038
2551.578	1.47258	-0.90560	1.64791	-1.83368
2555.574	1.42047	-0.95388	1.74923	-1.76063
2559.572	1.40946	-0.90903	1.67472	-1.67146
2563.576	1.39207	-0.91547	1.61627	-1.74020
2567.573	1.40177	-0.81532	1.65064	-1.81208
2571.576	1.42605	-0.82560	1.64883	-1.70766
2575.575	1.51491	-0.93814	1.59571	-1.82333
2579.578	1.45219	-1.03616	1.64409	-1.86968
2583.574	1.34842	-0.97583	1.62723	-1.74406
2587.576	1.27663	-1.14938	1.57929	-1.84267
2591.582	1.36496	-1.33383	1.58423	-1.88815
2595.579	1.35831	-1.15128	1.57602	-1.72222
2599.576	1.52129	-1.28565	1.56734	-1.82896
2603.580	1.36789	-1.39610	1.48694	-1.79051
2607.575	1.34502	-1.48027	1.53332	-1.77779
2611.574	1.39889	-1.39149	1.52357	-1.81011
2615.575	1.49011	-1.45466	1.60367	-1.78381
2619.579	1.53213	-1.56872	1.75461	-1.82385
2623.576	1.48749	-1.39751	1.63311	-1.91693
2627.578	1.33765	-1.53474	1.74365	-1.96198
2631.573	1.50180	-1.63593	1.79629	-1.94227
2635.574	1.59360	-1.48544	1.94035	-2.00383
2639.577	1.50673	-1.38452	1.89062	-1.98695
2643.575	1.50911	-1.57214	2.05558	-2.01604
2647.574	1.56005	-1.68622	2.09299	-2.10272
2651.576	1.60325	-1.67462	1.99701	-2.10496
2655.577	1.64799	-1.36337	1.97567	-2.02770
2659.577	1.52238	-1.58359	1.86560	-2.10323
2663.578	1.54879	-1.37138	1.72076	-2.11563
2667.572	1.49126	-1.51719	1.75094	-1.98601
2671.582	1.48290	-1.62902	1.76527	-2.01172
2675.576	1.46950	-1.56737	1.82492	-1.97993
2679.575	1.45023	-1.57468	1.72342	-1.95838
2683.573	1.48104	-1.43761	1.64290	-1.87408
2687.577	1.44711	-1.42045	1.56838	-1.89796
2691.575	1.48620	-1.28567	1.60677	-1.90138
2695.574	1.48166	-1.30377	1.71551	-1.89852
2699.573	1.38580	-1.42392	1.75141	-1.79432
2703.572	1.44832	-1.26980	1.65051	-1.87613
2707.574	1.46740	-1.34445	1.71370	-1.90515
2711.579	1.35184	-1.41639	1.76899	-1.94640
2715.600	1.38719	-1.24957	1.74509	-1.75880
2719.577	1.49180	-1.23943	1.64092	-1.86366
2723.576	1.48426	-1.12033	1.68258	-1.86171
2727.572	1.43315	-1.25667	1.78203	-1.90460
2731.571	1.41702	-1.16906	1.66162	-1.85845
2735.572	1.44956	-1.23340	1.66314	-1.70924
2739.577	1.58230	-1.30416	1.76033	-1.75322
2743.572	1.41152	-1.34818	1.54108	-1.64320
2747.571	1.43967	-1.45770	1.55876	-1.67034
2751.570	1.43424	-1.31673	1.71873	-1.74041
2755.576	1.48280	-1.30419	1.84416	-1.78657
2759.572	1.51477	-1.26872	1.54693	-1.78257
2763.567	1.69192	-1.37737	1.67769	-1.82764
2767.570	1.46762	-1.25281	1.78553	-1.78853
2771.584	1.63172	-1.19918	1.80930	-1.73072
2775.574	1.56704	-1.32179	1.69309	-1.72497
2779.573	1.47876	-1.35256	1.78714	-1.73905
2783.572	1.58961	-1.32823	1.76358	-1.71071
2787.570	1.62138	-1.28869	1.75042	-1.70713
2791.572	1.58678	-1.19469	1.75414	-1.64734
2795.586	1.71417	-1.14652	1.85727	-1.67464
2799.574	1.61962	-1.24768	1.79418	-1.56655
2803.575	1.61895	-1.08554	1.83744	-1.51127
2807.572	1.54666	-1.06194	1.80266	-1.52899
2811.570	1.68285	-1.25076	1.79460	-1.45945
2815.571	1.58368	-1.11956	1.74400	-1.43271
2819.574	1.57967	-1.10257	1.78007	-1.38746
2823.572	1.62981	-0.89550	1.88333	-1.22000
2827.573	1.62683	-0.77625	1.88940	-0.79839
2831.570	1.71967	-0.70827	1.81783	-1.00995
2835.575	1.79963	-0.51677	1.88814	-0.67505
2839.572	1.81634	-0.34364	1.93819	-0.97540
2843.583	1.84448	-0.48919	1.95849	-1.12112
2847.572	1.84064	-0.19134	1.90336	-0.80087
2851.575	1.84332	-0.12463	1.94888	-0.93991
2855.572	1.91033	-0.14946	1.99959	-0.81974
2859.571	1.85385	-0.10645	2.00133	-0.64620
2863.573	1.86972	0.04719	1.98720	-0.71981
2867.572	1.94020	0.13140	2.04384	-0.50996
2871.573	1.84850	0.03410	1.96705	-0.72379
2875.570	1.78543	-0.03167	2.01278	-0.76054
2879.583	1.80918	-0.11291	1.99178	-0.76790
2883.572	1.72198	-0.03261	1.89590	-0.49024
2887.569	1.65897	-0.14138	1.91767	-0.56131
2891.567	1.61498	-0.11347	1.92490	-0.76734
2895.573	1.62775	-0.06597	1.88068	-0.53567
2899.571	1.57034	-0.25868	1.89672	-0.54473
2903.571	1.53232	-0.12127	1.93807	-0.80611
2907.612	1.60268	-0.08858	1.96100	-0.60947
2911.581	1.43964	-0.22124	1.86035	-0.66948
2915.569	1.54237	-0.13871	2.05762	-0.72571
2919.575	1.66202	-0.07360	1.92793	-0.75080
2923.576	1.52069	-0.01076	1.86412	-0.68696
2927.571	1.53260	0.00484	2.04418	-0.67206
2931.572	1.56337	0.07531	2.02820	-0.49172
2935.567	1.51110	0.12875	1.93026	-0.48017
2939.615	1.45485	0.02156	1.90522	-0.52868
2943.575	1.38394	0.03366	2.05955	-0.50303
2947.568	1.49872	0.02472	2.01521	-0.75396
2951.568	1.50393	-0.08987	2.03826	-0.83077
2955.567	1.62334	-0.02683	1.95852	-0.60090
2959.576	1.61029	-0.08234	1.99677	-0.53734
2963.568	1.55288	0.03311	1.94563	-0.45171
2967.568	1.56578	0.04605	2.04168	-0.47433
2971.571	1.62153	0.16463	2.09554	-0.67139
2975.596	1.60323	0.12047	2.24019	-0.74241
2979.579	1.60397	-0.00633	2.25521	-0.75176
2983.571	1.60437	0.03490	2.21635	-0.84572
2987.567	1.69336	-0.00017	2.01221	-0.51196
2991.568	1.65436	-0.10755	1.92731	-0.49932
2995.567	1.63063	-0.23257	1.91474	-0.24788
2999.568	1.58153	-0.14144	1.93623	-0.22689
3003.575	1.42876	-0.09229	1.86756	-0.37338
3007.573	1.49168	-0.09338	1.96900	-0.32890
3011.564	1.34971	-0.31542	2.00626	-0.36602
3015.573	1.45797	-0.29260	1.87319	-0.35689
3019.581	1.48689	-0.40527	1.96367	-0.47376
3023.577	1.49996	-0.37901	1.92892	-0.46309
3027.566	1.53666	-0.42320	1.94057	-0.56480
3031.566	1.41928	-0.47772	1.96353	-0.68726
3035.568	1.44582	-0.45769	2.01456	-0.78584
3039.569	1.46246	-0.40686	2.07658	-0.86345
3043.572	1.35710	-0.37206	2.09507	-0.91907
3047.574	1.37855	-0.34560	2.13658	-0.99625
3051.569	1.38307	-0.33804	2.16835	-1.02625
3055.566	1.37860	-0.24792	2.17725	-1.06851
3059.568	1.33478	-0.14963	2.20944	-1.09895
3063.567	1.33160	0.01423	2.20515	-1.10451
3067.566	1.29365	0.00179	2.20379	-1.12601
3071.567	1.30020	0.02599	2.20205	-1.08182
3075.568	1.32136	0.01746	2.17807	-1.06305
3079.568	1.28914	-0.02132	2.18786	-1.04758
3083.567	1.21511	-0.10191	2.19653	-1.03010
3087.571	1.21479	-0.15940	2.18144	-1.02850
3091.568	1.19043	-0.20769	2.18059	-0.99896
3095.570	1.16520	-0.17403	2.18575	-0.99456
3099.570	1.20038	-0.15853	2.17804	-1.00402
3103.568	1.22414	-0.20958	2.17058	-1.02063
3107.566	1.26574	-0.18679	2.18885	-1.03713
3111.582	1.30107	-0.19275	2.18986	-1.10343
3115.569	1.32093	-0.07030	2.25144	-1.06995
3119.568	1.27450	-0.06144	2.30496	-1.04117
3123.564	1.21005	-0.00961	2.31143	-0.95471
3127.576	1.27770	-0.12377	2.26192	-0.90438
3131.569	1.36645	-0.07306	2.25246	-0.88661
3135.563	1.39453	-0.08275	2.15286	-0.79161
3139.593	1.41861	-0.06317	2.13708	-0.55033
3143.567	1.36553	-0.11723	2.09896	-0.41912
3147.567	1.32287	-0.02102	2.14528	-0.35536
3151.564	1.36308	-0.06066	2.13903	-0.43731
3155.570	1.50093	-0.13096	2.07851	-0.49870
3159.570	1.42838	-0.21140	1.98197	-0.41209
3163.569	1.40956	-0.22489	1.96159	-0.41217
3167.570	1.43168	-0.26583	1.97228	-0.50410
3171.567	1.38394	-0.21183	2.00284	-0.64774
3175.564	1.47050	-0.20340	2.01665	-0.49093
3179.595	1.56429	-0.06667	1.96791	-0.45752
3183.570	1.52238	-0.04561	1.98851	-0.71561
3187.564	1.56236	0.06277	2.13093	-0.82126
3191.564	1.45239	0.14308	2.07569	-0.66621
3195.561	1.64407	0.01659	1.91308	-0.60698
3199.568	1.59266	0.20162	2.00539	-0.33709
3203.567	1.58542	0.06590	2.06627	-0.56607
3207.563	1.55517	-0.03897	1.98883	-0.47517
3211.566	1.48064	-0.16996	2.03335	-0.42638
3215.572	1.67253	0.15094	1.94932	-0.42638
3219.570	1.59107	0.13066	1.97252	-0.42332
3223.563	1.52258	0.15177	1.97607	-0.52235
3227.563	1.68491	0.08537	1.95527	-0.54434
3231.566	1.64317	0.27914	1.94714	-0.71677
3235.563	1.67633	-0.14707	1.91115	-0.48333
3239.563	1.56546	-0.20376	1.94327	-0.77425
3243.564	1.69899	0.05594	1.98968	-0.65746
3247.597	1.61994	0.15177	1.85378	-0.56952
3251.571	1.47660	0.12632	2.09004	-0.56152
3255.563	1.76931	0.19020	1.87384	-0.68097
3259.564	1.65024	0.35686	1.94419	-0.20881
3263.565	1.63125	0.04811	2.02098	-0.63371
3267.566	1.45358	-0.05346	1.90837	-0.27368
3271.562	1.76874	0.32735	2.05804	-0.38935
3275.562	1.57498	0.22977	1.91581	-0.43660
3279.564	1.52010	0.21340	1.96147	-0.38381
3283.563	1.60930	0.34347	1.92416	-0.42924
3287.568	1.58569	0.33007	1.86330	-0.38289
3291.564	1.51283	0.18665	2.01005	-0.56791
3295.570	1.56077	0.06958	1.94027	-0.64945
3299.459	1.40318	0.10595	1.82078	-0.54450
3303.458	1.50557	0.04471	1.90165	-0.73360
3307.440	1.43057	0.12771	2.04136	-0.71151
3311.439	1.38644	0.18671	1.77776	-0.75702
3315.468	0.87942	0.09956	1.39483	-0.68856
3319.445	0.90364	0.12274	1.57203	-0.60378
3323.440	1.17346	0.15269	1.66036	-0.78217
3327.440	1.13786	0.06934	1.44894	-0.84824
3331.435	1.05905	0.10711	1.56650	-0.91232
3335.436	0.96100	0.03531	1.52717	-0.96051
3339.444	0.94356	-0.02914	1.37528	-1.02510
3343.471	1.03421	-0.09396	1.45653	-1.04284
3347.450	0.95514	-0.16331	1.42694	-1.08579
3351.439	0.84580	-0.07302	1.40237	-1.11582
3355.490	0.73985	-0.04430	1.42513	-1.20545
3359.440	0.79459	0.04853	1.48528	-1.22134
3363.438	0.81238	0.14461	1.47124	-1.25643
3367.434	0.78074	0.11690	1.49299	-1.28921
3371.437	0.56096	-0.03118	1.49701	-1.28618
3375.439	0.59424	-0.12898	1.43156	-1.24709
3379.438	0.68682	-0.01426	1.39220	-1.25694
3383.440	0.68742	-0.06257	1.38867	-1.21113
3387.440	0.60136	-0.20002	1.40385	-1.18711
3391.435	0.59997	-0.22234	1.41576	-1.13692
3395.439	0.61823	0.01483	1.33123	-1.07116
3399.439	0.57952	-0.23792	1.36898	-0.98348
3403.435	0.69498	-0.32525	1.29412	-0.92700
3407.439	0.70714	-0.50394	1.29268	-0.88888
3411.438	0.63677	-0.46986	1.27834	-0.71842
3415.439	0.79240	-0.45034	1.18798	-0.80812
3419.433	0.68804	-0.47780	1.38701	-0.90054
3423.439	0.80483	-0.48313	1.05855	-0.75487
3427.438	0.65096	-0.56502	1.35628	-0.78462
3431.435	0.75724	-0.49352	1.17088	-0.94754
3435.435	0.58965	-0.50549	1.18989	-0.98811
3439.441	0.76555	-0.50808	1.28117	-1.16247
3443.439	0.61265	-0.54176	1.22613	-1.11041
3447.437	0.84364	-0.58278	1.26726	-1.18790
3451.434	0.59382	-0.54358	1.25307	-1.14075
3455.438	0.72608	-0.49186	1.15550	-1.16706
3459.437	0.65757	-0.55147	1.32151	-1.18619
3463.440	0.80292	-0.45787	1.27281	-1.16845
3467.440	0.65002	-0.44986	1.30568	-1.16618
3471.432	0.74057	-0.20375	1.31471	-1.09329
3475.440	0.81774	-0.42788	1.31459	-1.11951
3479.434	0.71484	-0.54943	1.28167	-1.10254
3483.440	0.73397	-0.40321	1.28313	-0.96227
3487.434	0.69270	-0.50789	1.30938	-0.89493
3491.439	0.82148	-0.12816	1.34514	-0.89373
3495.435	0.76585	0.00512	1.23317	-0.90601
3499.434	0.71685	-0.29126	1.10914	-0.87565
3503.434	0.70255	-0.30279	0.92966	-0.93787
3507.439	0.72593	-0.34428	1.18882	-1.15230
3511.435	0.72531	-0.38848	1.05084	-1.26505
3515.434	0.68163	-0.37723	1.14084	-0.90803
3519.437	0.57749	-0.16193	1.20986	-0.97758
3523.440	0.65980	-0.23913	1.20539	-0.80625
3527.435	0.70893	-0.15405	1.53247	-0.93515
3531.433	1.08393	-0.20815	1.81590	-1.06237
3535.439	1.34103	-0.27781	2.57791	-0.90310
3539.434	1.76046	-0.34457	2.86418	-0.75815
3543.436	1.44317	-0.36844	2.26745	-0.79256
3547.438	1.58634	-0.39994	2.62231	-1.00139
3551.435	1.58907	-0.48950	2.39118	-0.75330
3555.434	1.81557	-0.55233	2.50046	-0.61806
3559.433	1.75902	-0.49333	2.17826	-0.80569
3563.436	1.79115	-0.41760	2.48433	-0.91776
3567.435	1.86402	-0.38580	2.54843	-0.82010
3571.436	1.85326	-0.25959	2.64787	-0.78281
3575.433	1.89714	-0.36046	2.59383	-0.78004
3579.471	1.86741	-0.27804	2.59495	-0.83714
3583.437	1.85690	-0.39643	2.52773	-0.82230
3587.435	1.84984	-0.30608	2.50764	-0.70746
3591.439	1.91199	-0.38690	2.47207	-0.79538
3595.432	1.90934	-0.22091	2.41539	-0.95069
3599.435	1.96940	-0.17722	2.44469	-0.88621
3603.434	1.97872	-0.10609	2.53840	-0.80946
3607.431	2.07960	-0.08610	2.56659	-0.81038
3611.432	1.99558	-0.08786	2.54702	-0.81528
3615.434	2.08957	-0.07328	2.55552	-0.90416
3619.431	2.09108	-0.07298	2.57013	-0.89752
3623.430	2.16548	-0.16379	2.57949	-0.92260
3627.437	2.13167	-0.11852	2.55762	-0.83302
3631.438	2.20810	-0.06933	2.58076	-0.78660
3635.432	2.15309	0.03275	2.53310	-0.65083
3639.428	2.20205	0.11224	2.54108	-0.91332
3643.435	2.15591	0.08212	2.53912	-0.94030
3647.433	2.13941	0.11274	2.52825	-0.95947
3651.436	2.08567	0.05128	2.53924	-0.98939
3655.431	2.08890	-0.07785	2.52587	-0.82453
3659.437	2.06250	-0.06119	2.49295	-0.80033
3663.434	2.01516	-0.20222	2.35538	-0.85130
3667.429	1.96709	-0.25167	2.27486	-0.95421
3671.442	1.96169	-0.45220	2.37424	-1.10048
3675.437	1.95956	-0.48258	2.38920	-1.03698
3679.432	2.00946	-0.37014	2.47868	-1.04151
3683.430	2.01087	-0.48581	2.40756	-0.99488
3687.436	2.06317	-0.38925	2.40362	-0.87576
3691.431	2.10045	-0.42468	2.37263	-0.84816
3695.435	2.18168	-0.36779	2.45277	-1.08007
3699.432	2.16771	-0.27890	2.41393	-1.16649
3703.435	2.14560	-0.15825	2.37139	-1.16526
3707.433	2.18163	-0.07561	2.55683	-1.17981
3711.431	2.16025	-0.02704	2.57226	-1.07310
3715.440	2.17829	-0.04763	2.61305	-1.07229
3719.437	2.17789	-0.03375	2.53038	-1.05871
3723.458	2.17182	-0.36626	2.54063	-1.06605
3727.434	2.20711	-0.43100	2.62333	-1.11132
3731.429	2.15715	-0.21137	2.65812	-1.01332
3735.430	2.13420	0.01289	2.65889	-0.93959
3739.434	2.09712	0.04440	2.78835	-1.03075
3743.430	2.09906	-0.22838	2.68348	-1.03169
3747.427	2.13321	-0.33888	2.70829	-0.97990
3751.429	2.07963	-0.49555	2.66642	-0.97986
3755.437	2.06743	-0.58614	2.63304	-0.93864
3759.434	2.14414	-0.53881	2.65859	-0.93488
3763.434	2.14121	-0.65009	2.60092	-0.99848
3767.431	1.98784	-0.57539	2.53020	-0.88402
3771.429	1.91900	-0.54229	2.69361	-1.04202
3775.430	2.08453	-0.51762	2.54464	-1.08816
3779.429	2.01642	-0.55003	2.56988	-1.08747
3783.430	2.03087	-0.62739	2.56102	-1.13028
3787.430	2.06785	-0.57841	2.57632	-1.15860
3791.478	1.96965	-0.58997	2.55066	-1.09575
3795.434	2.09591	-0.55122	2.56523	-1.03084
3799.440	2.04193	-0.50227	2.53776	-1.18521
3803.431	2.03695	-0.55208	2.40964	-0.98326
3807.431	2.04146	-0.41809	2.67737	-1.08040
3811.428	2.03660	-0.54560	2.39084	-1.03711
3815.427	2.10454	-0.38596	2.70307	-1.13846
3819.431	2.04079	-0.51019	2.58071	-1.08723
3823.432	2.16919	-0.38992	2.68125	-1.14923
3827.426	2.04964	-0.38665	2.68024	-1.10486
3831.432	2.17534	-0.30602	2.53907	-1.00202
3835.431	2.06835	-0.29022	2.47209	-1.09065
3839.437	2.03105	-0.29649	2.88463	-1.03575
3843.489	2.09985	-0.49584	2.46374	-0.98478
3847.429	2.01945	-0.27314	2.85435	-1.03747
3851.431	2.04369	-0.51150	2.53340	-1.08117
3855.426	2.15918	-0.41401	2.68106	-1.09538
3859.429	2.02064	-0.60527	2.67724	-1.02177
3863.434	2.12273	-0.49968	2.47754	-1.09318
3867.435	2.13068	-0.57258	2.83697	-1.04170
3871.430	2.09484	-0.43493	2.63252	-1.14091
3875.431	2.17276	-0.49130	2.63537	-1.06346
3879.433	2.12974	-0.42310	2.87440	-1.06221
3883.431	2.09420	-0.41159	2.69413	-0.76012
3887.428	2.10719	-0.32426	2.62219	-1.00228
3891.431	2.09343	-0.56609	2.66288	-1.01895
3895.426	2.14243	-0.59018	2.76918	-1.07270
3899.431	2.10000	-0.65659	2.71936	-0.74668
3903.429	2.16389	-0.55847	2.73949	-1.21852
3907.431	2.09963	-0.58846	2.72491	-0.90584
3911.434	2.08131	-0.52428	2.69539	-0.92842
3915.429	2.07398	-0.50621	2.71255	-0.85674
3919.427	2.03997	-0.43798	2.67964	-0.97417
3923.434	2.03613	-0.40225	2.54645	-0.85711
3927.461	1.99406	-0.48170	2.50561	-0.82506
3931.428	1.81840	-0.57830	2.45480	-0.79762
3935.427	1.80276	-0.50115	2.34493	-0.51309
3939.427	1.43491	-0.51395	2.19846	-0.83150
3943.427	1.48582	-0.46489	2.17133	-0.80739
3947.426	1.63777	-0.45981	2.26130	-0.52337
3951.427	1.48535	-0.37099	1.92252	-0.57097
3955.429	1.39855	-0.31052	2.12630	-0.48091
3959.428	1.45452	-0.31695	2.03665	-0.71529
3963.438	1.20943	-0.25869	2.01275	-0.54191
3967.430	1.24999	-0.24078	2.04096	-0.49531
3971.429	1.27026	-0.22304	1.95837	-0.46206
3975.427	1.12568	-0.25475	1.94831	-0.43393
3979.427	1.25751	-0.20781	1.98514	-0.44408
3983.427	1.03010	-0.09854	1.90140	-0.49722
3987.428	1.11043	-0.14698	1.96003	-0.37323
3991.429	1.09472	-0.10606	1.95039	-0.48332
3995.430	1.16292	-0.14188	1.93742	-0.44044
3999.430	1.10735	-0.29172	1.87034	-0.43338
4003.426	1.09656	-0.16206	1.88080	-0.41465
4007.437	1.05081	-0.07871	1.87862	-0.41038
4011.449	1.13930	-0.05538	1.83938	-0.48179
4015.427	1.24401	-0.07791	1.88162	-0.49035
4019.425	1.35132	-0.13653	1.93633	-0.50483
4023.429	1.42915	-0.17970	1.93760	-0.59872
4027.426	1.38476	-0.25657	2.01784	-0.58255
4031.424	1.33976	-0.19668	2.08111	-0.62837
4035.429	1.34013	-0.24124	2.11388	-0.66299
4039.424	1.38327	-0.13077	2.08488	-0.65263
4043.427	1.34217	-0.06730	2.13983	-0.66921
4047.434	1.48806	-0.09154	2.19412	-0.69287
4051.425	1.42441	-0.11360	2.10751	-0.66036
4055.427	1.35598	-0.06951	1.97171	-0.64790
4059.424	1.32009	-0.15527	2.16667	-0.74743
4063.431	1.35804	-0.24397	2.12858	-0.73581
4067.425	1.42764	-0.18892	2.10035	-0.76934
4071.430	1.38163	-0.06295	2.07338	-0.64389
4075.426	1.34738	-0.05167	2.09452	-0.60328
4079.427	1.45237	-0.00499	2.05182	-0.70277
4083.422	1.58269	0.00355	2.02973	-0.59261
4087.432	1.43173	-0.00924	2.04807	-0.65435
4091.431	1.54899	0.05552	2.03397	-0.57783
4095.446	1.46412	-0.02238	1.91415	-0.63422
4099.436	1.52042	-0.11665	2.15343	-0.57441
4103.425	1.64089	-0.06292	2.01444	-0.53091
4107.424	1.53471	0.05241	1.96831	-0.61925
4111.421	1.57339	0.06113	2.02884	-0.43518
4115.423	1.47446	-0.00219	1.97884	-0.40598
4119.426	1.57505	-0.06612	2.07586	-0.62437
4123.428	1.51119	-0.08187	2.06062	-0.53042
4127.432	1.42112	-0.01751	2.04446	-0.41354
4131.427	1.52431	0.06498	2.05970	-0.47236
4135.427	1.46472	-0.03532	1.92614	-0.38392
4139.428	1.55003	0.04983	2.07261	-0.37433
4143.426	1.43213	-0.06871	2.05834	-0.42926
4147.426	1.49135	-0.12813	2.26676	-0.35456
4151.297	1.46063	-0.15650	2.20265	-0.31674
4155.301	1.51444	-0.22754	2.20773	-0.51036
4159.299	1.49939	-0.08717	2.11717	-0.35559
4163.302	1.53932	-0.00792	2.18463	-0.37879
4167.299	1.69076	-0.22476	2.17896	-0.39975
4171.297	1.61590	-0.01624	2.09398	-0.37045
4175.297	1.65046	0.14906	2.21878	-0.33511
4179.309	1.73447	-0.13072	2.22022	-0.34737
4183.300	1.67583	-0.19560	2.15936	-0.36261
4187.301	1.69740	-0.06463	2.16441	-0.32353
4191.295	1.60866	-0.04017	2.25394	-0.28591
4195.297	1.62140	-0.07278	2.19574	-0.25223
4199.297	1.63038	-0.10221	2.16022	-0.20106
4203.305	1.75245	-0.09706	2.19071	-0.19358
4207.300	1.53552	-0.21489	2.35011	-0.10373
4211.297	1.57848	-0.05897	2.06200	-0.07259
4215.342	1.66361	0.07526	2.17757	-0.13873
4219.303	1.50219	-0.07571	2.16297	-0.15515
4223.302	1.53709	0.09787	2.20364	-0.33325
4227.298	1.64749	-0.04310	2.11918	-0.20005
4231.296	1.64208	-0.22067	2.19286	-0.07459
4235.297	1.51092	-0.06722	2.13004	0.08761
4239.295	1.43930	-0.20747	2.13209	-0.07171
4243.295	1.49654	-0.06923	2.15276	-0.20426
4247.295	1.55209	0.02360	2.17497	-0.45584
4251.296	1.58014	-0.10246	1.86516	-0.15354
4255.295	1.53389	0.00325	2.05987	-0.14488
4259.301	1.58969	0.06359	2.11383	-0.21137
4263.303	1.47908	0.05790	2.11653	-0.51285
4267.295	1.12707	0.02161	1.92044	-0.23079
4271.301	0.87942	-0.01672	1.63489	-0.36543
4275.295	1.18190	0.00350	1.48602	-0.41280
4279.301	0.57066	0.07566	2.02567	-0.55529
4283.299	0.94036	0.07414	1.43758	-0.53301
4287.297	1.24520	0.20227	1.39701	-0.59335
4291.301	0.69970	0.05538	1.27944	-0.70165
4295.298	0.77397	0.15693	1.24210	-0.61723
4299.299	0.89478	0.07223	1.35645	-0.50726
4303.298	0.70523	0.01667	1.17530	-0.64368
4307.305	0.69776	0.07613	1.28554	-0.67373
4311.297	0.74997	-0.07509	1.04081	-0.62704
4315.299	0.75402	-0.04584	1.07924	-0.60239
4319.293	0.64488	-0.21105	1.25962	-0.64644
4323.300	0.77320	-0.14940	1.17465	-0.62634
4327.298	0.82667	-0.31781	1.27978	-0.64865
4331.294	0.71615	-0.23555	1.59737	-0.59141
4335.295	0.81893	-0.06266	1.18314	-0.52546
4339.296	0.68226	-0.19371	1.21985	-0.56107
4343.303	0.68702	-0.07029	1.34447	-0.57329
4347.301	0.66623	-0.18027	1.40867	-0.59610
4351.296	0.69114	-0.24370	1.32748	-0.58174
4355.301	0.85255	-0.15802	1.36873	-0.63379
4359.297	0.71858	-0.24020	1.35762	-0.69185
4363.294	0.83920	-0.04323	1.26986	-0.64823
4367.300	0.83235	-0.23865	1.48835	-0.70785
4371.296	0.65471	-0.14215	1.22538	-0.52642
4375.299	0.77995	-0.24059	1.20365	-0.66618
4379.295	0.82689	-0.09814	1.40204	-0.58682
4383.295	0.77134	-0.23068	1.39463	-0.60900
4387.302	0.97494	-0.11113	1.28110	-0.71487
4391.298	0.77503	-0.14498	1.31367	-0.83147
4395.294	0.80888	-0.02594	1.21467	-0.65266
4399.300	0.75253	-0.10853	1.49470	-0.44750
4403.294	0.85282	-0.15805	1.25932	-0.47310
4407.299	0.80719	-0.27493	1.28896	-0.63071
4411.294	0.89634	-0.12753	1.25076	-0.87049
4415.294	0.70089	-0.23396	1.19857	-0.60452
4419.296	0.81560	-0.05769	1.52288	-0.49242
4423.298	0.64315	-0.30468	1.27671	-0.59196
4427.336	0.65171	-0.16874	1.29730	-0.67572
4431.303	0.81200	-0.03533	1.15823	-0.45573
4435.295	0.62000	-0.25896	1.24848	-0.43199
4439.292	0.69935	-0.17480	1.34051	-0.69463
4443.292	0.65801	-0.43949	1.22489	-0.53340
4447.292	0.69173	-0.17251	1.38354	-0.47770
4451.293	0.50264	-0.51432	1.22035	-0.56517
4455.293	0.56821	-0.22522	1.46214	-0.71551
4459.293	0.53669	-0.54125	1.32017	-0.61577
4463.292	0.65017	-0.34220	1.34120	-0.61085
4467.297	0.54009	-0.46671	1.26527	-0.48818
4471.306	0.64531	-0.27543	1.64548	-0.38209
4475.296	0.55111	-0.36439	1.40527	-0.56707
4479.296	0.68034	-0.29419	1.39812	-0.54126
4483.292	0.71325	-0.18852	1.22345	-0.54421
4487.297	0.66853	-0.18767	1.33855	-0.59928
4491.296	0.66466	-0.28791	1.28045	-0.46818
4495.292	0.76347	-0.28979	1.18361	-0.55880
4499.292	0.63474	-0.41572	1.25803	-0.54258
4503.296	0.73742	-0.30492	1.54693	-0.48179
4507.293	0.68781	-0.28659	1.44230	-0.56028
4511.297	0.72603	-0.32940	1.53247	-0.77532
4515.302	0.72960	-0.43966	1.47300	-0.82059
4519.293	0.81962	-0.51493	1.64189	-0.83974
4523.294	0.76506	-0.59906	1.59241	-1.10264
4527.291	0.77086	-0.50299	1.42208	-0.87912
4531.297	0.88657	-0.52499	1.60434	-0.94389
4535.293	0.93651	-0.61218	1.68575	-1.07990
4539.292	1.10877	-0.61056	1.73623	-1.35403
4543.294	0.99898	-0.68905	1.64808	-1.05414
4547.289	0.99923	-0.51160	1.70318	-1.14782
4551.301	1.15126	-0.53756	1.71900	-1.32489
4555.294	1.10747	-0.69574	1.51363	-1.06355
4559.295	1.17332	-0.63821	1.58582	-1.04630
4563.293	1.08592	-0.67637	1.63107	-1.19245
4567.294	1.13992	-0.48306	1.67437	-0.79794
4571.293	1.09363	-0.43688	1.66611	-1.18421
4575.292	1.09425	-0.59277	1.62668	-0.97084
4579.292	1.10996	-0.54544	1.73274	-0.94882
4583.291	0.94247	-0.62229	1.70093	-1.13337
4587.291	0.91294	-0.50391	1.47838	-0.81408
4591.296	0.96182	-0.44113	1.54036	-0.93885
4595.301	0.89272	-0.54011	1.63626	-1.05537
4599.293	0.95410	-0.51057	1.81295	-0.87711
4603.291	1.00241	-0.38659	1.80858	-1.07958
4607.289	0.91892	-0.45090	1.56905	-0.93658
4611.295	0.99338	-0.51600	1.66832	-1.00618
4615.294	0.89411	-0.70264	1.66088	-1.25480
4619.292	0.92408	-0.59156	1.56945	-1.00894
4623.290	0.98435	-0.45682	1.55730	-0.91267
4627.291	0.92207	-0.53753	1.66205	-1.08535
4631.295	1.05518	-0.41577	1.44902	-0.90365
4635.296	0.88215	-0.59584	1.56898	-1.04539
4639.295	1.06676	-0.71944	1.54663	-1.17815
4643.290	0.95857	-0.84891	1.56504	-1.44721
4647.295	0.92329	-0.64597	1.47201	-1.11524
4651.347	0.98675	-0.69648	1.55477	-1.08352
4655.300	0.95534	-0.55451	1.52089	-1.17066
4659.296	1.00050	-0.52847	1.50849	-1.18845
4663.290	1.03302	-0.66488	1.62232	-1.23178
4667.289	0.93765	-0.86343	1.50313	-0.98421
4671.294	1.01461	-0.54467	1.37466	-1.20098
4675.296	0.91753	-0.73659	1.64987	-1.14656
4679.301	1.01506	-0.51103	1.66165	-1.17990
4683.290	0.98397	-0.95306	1.56933	-1.13121
4687.289	1.04156	-0.55507	1.52464	-1.23740
4691.288	0.98856	-0.71410	1.51844	-1.24222
4695.294	1.04019	-0.59522	1.65074	-1.25734
4699.289	1.01878	-0.44542	1.37265	-1.12813
4703.294	0.97551	-0.63510	1.61595	-1.22888
4707.290	1.03642	-0.48238	1.35747	-1.09608
4711.287	1.08537	-0.60589	1.46095	-1.13938
4715.287	1.06684	-0.63034	1.50889	-1.10907
4719.308	1.10455	-0.65279	1.49783	-1.16477
4723.291	1.01824	-0.58161	1.49230	-1.20048
4727.290	1.08170	-0.58855	1.49671	-1.20864
4731.293	1.11928	-0.56184	1.43116	-1.20535
4735.290	1.09936	-0.60606	1.62024	-1.16924
4739.288	1.07726	-0.58386	1.32379	-1.14730
4743.329	1.11641	-0.55744	1.67370	-1.14590
4747.287	1.12343	-0.52214	1.53436	-1.13418
4751.288	1.14352	-0.43233	1.53342	-1.19946
4755.289	1.08763	-0.44138	1.58061	-1.22220
4759.293	1.20410	-0.40519	1.56327	-1.27532
4763.292	1.11668	-0.36230	1.55281	-1.28960
4767.288	0.98762	-0.60141	1.41095	-1.23086
4771.290	1.15808	-0.30645	1.85772	-1.27192
4775.287	1.05994	-0.53298	1.44912	-1.22940
4779.288	1.08768	-0.50282	1.42342	-1.13948
4783.290	1.12953	-0.28432	1.59055	-1.21045
4787.289	1.08927	-0.55568	1.54537	-1.19374
4791.287	1.04649	-0.67481	1.55529	-1.26269
4795.289	1.07535	-0.66929	1.56166	-1.30074
4799.291	1.04962	-0.69838	1.47174	-1.22713
4803.291	1.03414	-0.78371	1.56880	-1.31248
4807.287	1.02972	-0.85406	1.55539	-1.22443
4811.299	1.07701	-0.57993	1.55162	-1.24168
4815.292	1.05940	-0.62092	1.52803	-1.32974
4819.286	1.01881	-0.63407	1.52002	-1.36035
4823.286	0.93549	-0.63406	1.52191	-1.36005
4827.289	1.03975	-0.45952	1.50943	-1.52291
4831.290	1.06778	-0.56468	1.47771	-1.34980
4835.284	1.05689	-0.66318	1.38676	-1.42243
4839.292	0.98876	-0.67050	1.51159	-1.42272
4843.312	1.05188	-0.72680	1.46350	-1.30800
4847.289	0.98430	-0.44214	1.41571	-1.53330
4851.291	0.99338	-0.43143	1.50941	-1.44866
4855.290	0.85560	-0.47624	1.41625	-1.36382
4859.290	1.16930	-0.45598	1.43798	-1.13982
4863.289	1.11757	-0.43030	1.57235	-1.34513
4867.305	1.15354	-0.67739	1.48213	-1.18171
4871.288	1.09492	-0.73002	1.48379	-1.19693
4875.283	0.84096	-0.84695	1.53225	-1.31208
4879.297	1.06942	-0.77807	1.60873	-1.47238
4883.291	0.89649	-0.80988	1.55745	-1.66207
4887.295	0.78451	-1.05903	1.35918	-1.62059
4891.286	0.97938	-0.97964	1.54296	-1.53307
4895.288	0.69126	-0.86586	1.36950	-1.49265
4899.285	0.76007	-0.97361	1.36804	-1.77497
4903.290	0.79158	-1.07562	1.41821	-1.70291
4907.289	0.75521	-1.01932	1.16803	-1.68443
4911.284	0.76069	-1.02724	1.17215	-1.60857
4915.290	0.59880	-1.02697	1.17691	-1.71985
4919.288	0.79538	-0.88522	1.05185	-1.75242
4923.287	0.72667	-0.89572	1.13754	-1.96024
4927.289	0.63417	-1.07140	1.04049	-1.72085
4931.289	0.61481	-0.98899	1.05200	-1.61919
4935.287	0.68044	-1.00222	1.05682	-1.73777
4939.288	0.62121	-1.06095	0.99578	-1.78757
4943.283	0.54553	-1.24976	1.13236	-2.01511
4947.284	0.68704	-1.05006	1.03369	-1.85632
4951.292	0.65074	-1.08693	1.00328	-1.82455
4955.286	0.58290	-1.14899	1.10854	-1.80289
4959.284	0.71097	-0.88991	1.06384	-1.86010
4963.286	0.73082	-0.86745	1.16290	-1.98345
4967.292	0.54500	-1.03230	1.05456	-1.88096
4971.286	0.61610	-1.11105	1.01739	-1.81161
4975.290	0.70305	-1.12698	1.10318	-1.85727
4979.286	0.61240	-0.99677	1.07192	-1.93264
4983.287	0.66124	-1.08417	1.07565	-1.84116
4987.308	0.71940	-0.80547	0.98219	-1.87606
4991.295	0.71139	-0.71658	1.01945	-1.87909
4995.287	0.65558	-1.03961	0.93517	-1.82771
4999.284	0.63794	-0.97517	0.95122	-1.88965
5003.158	0.74511	-1.07131	0.97115	-1.95724
5007.165	0.75595	-0.88200	0.96978	-1.88396
5011.160	0.77357	-0.89057	0.96579	-1.91675
5015.171	0.66635	-0.91632	1.05153	-1.92005
5019.163	0.68749	-0.98786	0.88361	-1.93794
5023.159	0.87131	-1.02885	0.94457	-1.90212
5027.160	0.71553	-0.81588	0.94505	-1.93264
5031.162	0.76027	-0.95495	0.97246	-1.89279
5035.166	0.50441	-0.93235	0.94529	-1.87784
5039.160	0.93934	-0.80162	0.87736	-1.92325
5043.158	0.79662	-0.78474	0.96246	-2.02026
5047.162	0.77536	-1.01397	0.86414	-1.91392
5051.161	0.70697	-0.94369	0.72816	-1.89996
5055.163	0.62779	-0.97088	1.04868	-1.90697
5059.161	0.78315	-0.92415	0.85565	-1.91487
5063.162	0.70077	-0.75785	0.86535	-1.88798
5067.158	0.75727	-0.73332	0.84173	-1.88313
5071.157	0.75771	-0.77935	0.93214	-1.85767
5075.158	0.69278	-0.74401	0.87560	-1.90297
5079.157	0.66017	-0.83864	0.82664	-1.94648
5083.162	0.66114	-0.91960	0.97137	-2.09477
5087.164	0.62632	-0.95563	0.96209	-1.94809
5091.197	0.53486	-0.99966	0.95490	-1.92767
5095.159	0.57920	-0.99595	1.02543	-1.83506
5099.167	0.74106	-1.03685	0.96638	-1.83288
5103.161	0.70598	-0.98194	0.99891	-1.86654
5107.156	0.62054	-1.00429	1.03769	-1.88769
5111.156	0.61952	-1.04637	0.99787	-1.84250
5115.156	0.64082	-1.04433	0.97447	-1.93243
5119.158	0.61647	-1.04858	0.96886	-1.89250
5123.159	0.54384	-0.99362	0.98293	-1.92473
5127.167	0.55188	-1.03391	0.96388	-1.86723
5131.165	0.62620	-1.08807	0.95844	-1.84510
5135.159	0.59406	-1.03323	0.89264	-1.82897
5139.162	0.57012	-1.05179	0.91760	-1.88731
5143.162	0.56846	-1.00860	0.94708	-1.90316
5147.158	0.50853	-0.99060	0.99313	-1.93224
5151.155	0.49736	-1.01778	0.93892	-1.85037
5155.155	0.51773	-1.08360	0.91555	-1.96537
5159.159	0.52639	-1.04815	0.80208	-1.92194
5163.154	0.50004	-1.02113	0.76191	-1.91677
5167.157	0.57940	-1.07606	0.81821	-2.03768
5171.156	0.60168	-1.01577	0.82225	-2.10247
5175.155	0.66111	-0.87056	0.82885	-2.04547
5179.155	0.68121	-0.98336	0.92545	-2.01762
5183.164	0.74563	-0.98360	1.27916	-1.94155
5187.157	0.78340	-0.94939	1.84485	-1.88233
5191.157	0.95852	-0.89994	1.73098	-1.99486
5195.153	1.01781	-0.78802	1.61027	-1.94802
5199.160	1.01283	-0.73111	1.52481	-1.89778
5203.157	1.02513	-0.73731	1.33736	-1.91220
5207.159	1.12561	-0.83861	1.45247	-1.97843
5211.153	1.19713	-0.89818	1.54547	-1.94329
5215.156	1.19519	-0.86035	1.60992	-1.91748
5219.154	1.25190	-0.99075	1.69140	-1.90671
5223.167	1.27234	-1.01260	1.68404	-1.88210
5227.155	1.24888	-0.90263	1.76480	-1.89877
5231.157	1.22806	-0.88838	1.67390	-1.90193
5235.161	1.18904	-0.82684	1.65188	-1.85975
5239.157	1.14794	-0.88498	1.58738	-1.82542
5243.155	1.16436	-0.90236	1.60858	-1.86359
5247.152	1.13429	-0.89874	1.64278	-1.88328
5251.160	1.14690	-0.89206	1.62899	-1.87461
5255.155	1.10050	-0.86418	1.61944	-1.84678
5259.155	1.09011	-0.84269	1.61553	-1.82859
5263.159	1.07321	-0.80509	1.59194	-1.86775
5267.159	1.06552	-0.79084	1.56055	-1.87395
5271.158	1.06391	-0.79891	1.52414	-1.85624
5275.152	1.05242	-0.75216	1.52769	-1.79105
5279.159	1.02967	-0.76203	1.47982	-1.79052
5283.156	1.02392	-0.76496	1.48238	-1.76431
5287.155	1.01767	-0.80456	1.44946	-1.63016
5291.157	1.01856	-0.83131	1.48084	-1.56091
5295.155	1.01635	-0.84647	1.53089	-1.81075
5299.152	1.04059	-0.93831	1.57119	-1.90627
5303.159	1.02806	-0.97880	1.60469	-1.91932
5307.158	0.98621	-0.94071	1.58512	-1.88204
5311.156	0.94003	-0.83613	1.60191	-1.86032
5315.150	0.92512	-0.91609	1.62844	-1.80593
5319.153	0.94331	-0.94679	1.54212	-1.88079
5323.153	0.95333	-0.89383	1.56491	-1.92372
5327.151	0.98809	-0.85037	1.62267	-1.92794
5331.153	1.06590	-0.89159	1.58792	-1.97543
5335.154	1.09331	-0.83326	1.53929	-2.03274
5339.151	1.13457	-0.74119	1.47037	-1.95840
5343.150	1.17178	-0.61099	1.40167	-1.89813
5347.163	1.21978	-0.54249	1.38161	-1.85164
5351.157	1.31094	-0.48854	1.38361	-1.80395
5355.156	1.34911	-0.45210	1.37751	-1.79216
5359.156	1.39433	-0.34249	1.36293	-1.82456
5363.155	1.37739	-0.40760	1.39537	-1.82714
5367.153	1.41231	-0.51003	1.38128	-1.78104
5371.158	1.41261	-0.62814	1.38103	-1.74562
5375.154	1.42092	-0.80397	1.41834	-1.74081
5379.155	1.36915	-1.03121	1.43771	-1.70550
5383.152	1.35700	-0.98435	1.49391	-1.68493
5387.161	1.35008	-1.09191	1.51464	-1.66404
5391.159	1.35440	-1.03327	1.52233	-1.63594
5395.152	1.32810	-1.00033	1.51945	-1.58404
5399.151	1.31667	-0.83363	1.49413	-1.58170
5403.152	1.34085	-0.74600	1.45299	-1.60204
5407.154	1.30131	-0.86138	1.46410	-1.60943
5411.156	1.28596	-1.02943	1.61734	-1.61792
5415.157	1.30186	-1.11622	1.70162	-1.69414
5419.155	1.31119	-1.14773	1.71099	-1.88059
5423.156	1.31359	-1.00503	1.70571	-1.98511
5427.155	1.33289	-1.06465	1.56578	-2.04348
5431.167	1.35440	-1.05950	1.58482	-1.91318
5435.153	1.34103	-0.76758	1.56151	-1.97102
5439.152	1.33741	-0.63785	1.55011	-1.98668
5443.154	1.36566	-0.64987	1.53572	-1.99826
5447.155	1.40827	-0.81522	1.64863	-1.94359
5451.152	1.49408	-0.74948	1.68302	-1.92254
5455.156	1.47784	-0.63483	1.60251	-2.00276
5459.153	1.44602	-0.66636	1.61374	-1.87810
5463.148	1.39485	-0.78604	1.57384	-1.74771
5467.150	1.42273	-0.75750	1.57751	-1.59914
5471.156	1.41759	-0.75052	1.59576	-1.42641
5475.155	1.36576	-0.76685	1.59814	-1.54400
5479.156	1.38066	-0.96539	1.54398	-1.60952
5483.154	1.37965	-0.94051	1.55159	-1.68151
5487.151	1.35363	-1.06988	1.57421	-1.66849
5491.151	1.37776	-1.10163	1.54197	-1.80856
5495.156	1.33671	-1.10175	1.53076	-1.79760
5499.152	1.36268	-1.06873	1.54403	-1.73073
5503.188	1.43468	-1.11243	1.49287	-1.82753
5507.149	1.48525	-1.12313	1.48515	-1.86945
5511.149	1.52712	-1.06885	1.49897	-1.86545
5515.155	1.55405	-1.06770	1.61781	-1.85080
5519.152	1.48580	-1.05673	1.78491	-1.80920
5523.150	1.43168	-1.03481	1.79738	-1.81822
5527.155	1.40958	-0.98992	1.61228	-1.89296
5531.172	1.45877	-0.92311	1.65242	-2.01943
5535.151	1.41281	-0.86606	1.69403	-1.94776
5539.149	1.34986	-0.74908	1.72929	-1.98038
5543.151	1.31454	-0.75033	1.71508	-1.99156
5547.152	1.31888	-0.70520	1.60124	-1.94518
5551.151	1.29526	-0.65855	1.66879	-1.90132
5555.159	1.30000	-0.61973	1.72342	-1.97676
5559.149	1.30149	-0.57189	1.64201	-1.99302
5563.154	1.26827	-0.63196	1.63194	-2.01496
5567.147	1.25565	-0.61363	1.65684	-2.02466
5571.155	1.28120	-0.53632	1.70946	-1.92247
5575.152	1.30637	-0.51895	1.77410	-1.75671
5579.153	1.30017	-0.52156	1.74677	-1.66514
5583.147	1.39029	-0.49528	1.68057	-1.64482
5587.153	1.42898	-0.47451	1.55388	-1.67156
5591.152	1.46065	-0.40972	1.60218	-1.70894
5595.155	1.47166	-0.39546	1.70209	-1.77184
5599.157	1.47060	-0.44238	1.61260	-1.84418
5603.148	1.48642	-0.40145	1.65381	-1.77806
5607.148	1.40904	-0.50420	1.62840	-1.75984
5611.150	1.46266	-0.49447	1.68781	-1.75577
5615.150	1.39961	-0.73786	1.69299	-1.76889
5619.148	1.24444	-0.75360	1.58726	-1.85455
5623.145	1.22139	-0.65624	1.52650	-1.80907
5627.146	1.26478	-0.74664	1.43627	-1.87840
5631.147	1.16721	-0.80805	1.40113	-1.86907
5635.148	1.10167	-0.87126	1.48550	-1.92508
5639.159	1.14838	-0.89534	1.48667	-1.93389
5643.152	1.07899	-0.93100	1.52848	-1.94460
5647.146	1.08319	-0.94347	1.58609	-1.95434
5651.146	1.14263	-0.98277	1.57009	-1.96989
5655.149	1.19916	-0.98016	1.59271	-2.00210
5659.147	1.28983	-0.95619	1.60717	-2.00754
5663.149	1.36102	-0.83240	1.60404	-1.92833
5667.150	1.33101	-0.72467	1.63879	-1.95251
5671.145	1.27725	-0.52154	1.61766	-1.93593
5675.153	1.26909	-0.41097	1.61406	-1.89988
5679.155	1.25317	-0.21469	1.53947	-1.81591
5683.147	1.24679	-0.05011	1.52469	-1.73373
5687.145	1.33470	-0.10784	1.47285	-1.70855
5691.149	1.36871	-0.05329	1.49813	-1.64199
5695.148	1.29710	-0.01153	1.42327	-1.62052
5699.155	1.21536	0.03153	1.32307	-1.56283
5703.151	1.14072	0.01602	1.26299	-1.52074
5707.146	1.14893	0.03754	1.21129	-1.50180
5711.146	1.10681	0.01086	1.16890	-1.47508
5715.147	1.07180	-0.03232	1.14637	-1.42581
5719.151	1.05776	-0.03193	1.11231	-1.36418
5723.158	1.04195	-0.11896	1.11412	-1.32358
5727.149	1.06818	-0.28954	1.09914	-1.29267
5731.145	0.95762	-0.27385	1.05592	-1.24742
5735.146	0.88121	-0.41053	1.02312	-1.19997
5739.145	0.93458	-0.36175	0.96343	-1.18676
5743.146	0.94465	-0.45601	0.92803	-1.17010
5747.145	0.94321	-0.51072	0.90939	-1.15916
5751.145	1.01283	-0.55344	0.93284	-1.22181
5755.149	0.99856	-0.56656	1.07842	-1.38718
5759.147	1.08964	-0.57730	1.15459	-1.47757
5763.155	1.11251	-0.58544	1.24831	-1.66969
5767.147	1.13154	-0.58208	1.24952	-1.64166
5771.145	1.18192	-0.49997	1.36464	-1.79686
5775.148	1.19443	-0.42490	1.31640	-1.77369
5779.149	1.22236	-0.29014	1.39083	-1.77778
5783.145	1.26376	-0.23745	1.46008	-1.74432
5787.149	1.32902	-0.12752	1.49706	-1.72040
5791.145	1.38069	-0.05579	1.52975	-1.81415
5795.142	1.39383	0.07192	1.51539	-1.73162
5799.145	1.40616	0.07142	1.43456	-1.58460
5803.147	1.41462	0.12160	1.44540	-1.65511
5807.150	1.43171	0.16676	1.42407	-1.58145
5811.147	1.47087	0.21862	1.42243	-1.52632
5815.150	1.44054	0.29183	1.36729	-1.43974
5819.148	1.45403	0.26590	1.39004	-1.42578
5823.145	1.44356	0.24476	1.34502	-1.37511
5827.144	1.37387	0.26059	1.38741	-1.35378
5831.145	1.30382	0.23238	1.34924	-1.33957
5835.149	1.10475	0.18554	1.39793	-1.29769
5839.142	0.96906	0.11205	1.41395	-1.27593
5843.150	0.99176	0.03558	1.43074	-1.28237
5847.151	0.93879	0.01799	1.41132	-1.29065
5851.145	0.90490	0.07561	1.39227	-1.30864
5855.149	0.87565	0.06768	1.37779	-1.30832
5859.021	0.94899	0.04423	1.35831	-1.35161
5863.018	0.88644	0.07275	1.35134	-1.36381
5867.023	0.88088	0.12922	1.42667	-1.39288
5871.021	0.88483	0.11755	1.37699	-1.36103
5875.022	0.85962	0.09454	1.36404	-1.39349
5879.019	0.90681	0.07379	1.32036	-1.40499
5883.019	0.92162	0.08567	1.29489	-1.42804
5887.021	0.89895	0.06343	1.23838	-1.46062
5891.022	0.90411	-0.00325	1.21320	-1.45180
5895.022	0.88885	-0.13891	1.20112	-1.45250
5899.049	0.84883	-0.23999	1.18148	-1.46594
5903.026	0.82409	-0.27334	1.21318	-1.51555
5907.027	0.77240	-0.33543	1.21266	-1.54832
5911.021	0.75618	-0.36949	1.16461	-1.57789
5915.020	0.72446	-0.41213	1.14876	-1.63199
5919.019	0.69054	-0.47482	1.14752	-1.65498
5923.020	0.67198	-0.46364	1.10616	-1.68353
5927.021	0.64456	-0.50795	1.13568	-1.73216
5931.018	0.66067	-0.55783	1.18532	-1.78363
5935.029	0.72598	-0.55271	1.21005	-1.81521
5939.022	0.75836	-0.57109	1.23352	-1.82453
5943.054	0.84180	-0.55831	1.25356	-1.82203
5947.016	0.85342	-0.53761	1.22732	-1.77681
5951.022	0.95867	-0.56182	1.24215	-1.73440
5955.018	0.98884	-0.55607	1.27013	-1.70927
5959.020	1.08210	-0.57419	1.30139	-1.69036
5963.020	1.15997	-0.58943	1.34197	-1.67799
5967.016	1.09683	-0.59622	1.37635	-1.65824
5971.025	1.19790	-0.69641	1.40983	-1.67782
5975.024	1.19567	-0.66265	1.40690	-1.69775
5979.022	1.21301	-0.65378	1.43230	-1.71789
5983.027	1.24585	-0.58713	1.42243	-1.71777
5987.021	1.28187	-0.55723	1.41139	-1.78849
5991.018	1.32602	-0.60206	1.44793	-1.83387
5995.019	1.36940	-0.60364	1.45919	-1.88148
5999.016	1.39016	-0.57236	1.48927	-1.92223
6003.016	1.43595	-0.56316	1.50770	-1.91340
6007.020	1.43133	-0.53435	1.47816	-1.95149
6011.017	1.47399	-0.52716	1.44760	-2.05672
6015.015	1.48034	-0.49139	1.43731	-2.07617
6019.028	1.49959	-0.46401	1.43322	-2.16846
6023.018	1.49463	-0.48331	1.41923	-2.12945
6027.016	1.42275	-0.51445	1.41529	-2.15677
6031.017	1.34837	-0.52140	1.46447	-2.13150
6035.035	1.34911	-0.54639	1.49602	-2.11430
6039.040	1.32979	-0.53472	1.49242	-2.09208
6043.017	1.32441	-0.58497	1.51680	-2.09423
6047.016	1.33026	-0.62315	1.54368	-2.03608
6051.022	1.34926	-0.67362	1.58812	-1.98804
6055.017	1.38458	-0.73682	1.59601	-1.93995
6059.021	1.38721	-0.72768	1.59331	-1.82616
6063.019	1.44468	-0.82880	1.57034	-1.80474
6067.017	1.46348	-0.87158	1.52372	-1.78961
6071.015	1.40336	-1.01279	1.56099	-1.74007
6075.016	1.30918	-1.04362	1.46626	-1.71193
6079.017	1.27549	-1.14377	1.45328	-1.65739
6083.016	1.27418	-1.25800	1.41318	-1.66340
6087.015	1.24612	-1.30750	1.36878	-1.62662
6091.022	1.12028	-1.23055	1.33247	-1.64727
6095.020	1.08666	-1.29374	1.31907	-1.64120
6099.017	1.04166	-1.37913	1.31312	-1.64910
6103.022	1.02288	-1.37015	1.34313	-1.66077
6107.018	0.97440	-1.43120	1.37198	-1.66229
6111.019	0.94237	-1.43775	1.36724	-1.67177
6115.023	0.95599	-1.43017	1.35685	-1.72827
6119.018	0.97489	-1.43567	1.36799	-1.74343
6123.019	0.98303	-1.41824	1.35762	-1.77858
6127.019	1.05503	-1.30329	1.35422	-1.79129
6131.021	1.12903	-1.22146	1.38317	-1.85504
6135.017	1.13853	-1.14683	1.40782	-1.86299
6139.013	1.17835	-1.04308	1.38525	-1.88633
6143.020	1.23809	-1.13867	1.38384	-1.89480
6147.049	1.16218	-0.92290	1.35640	-1.93174
6151.017	1.19036	-0.93986	1.33319	-1.99427
6155.013	1.28983	-0.99476	1.35561	-1.99916
6159.018	1.49827	-1.01506	1.76314	-1.98912
6163.013	1.59789	-1.11572	1.83697	-2.02022
6167.014	2.02140	-2.00798	2.76324	-2.05072
6171.285	2.16392	-1.27627	3.48934	-2.05698
6175.018	2.25033	-1.14694	3.23784	-2.09534
6179.014	2.67412	-1.22952	3.48071	-2.14944
6183.018	2.82006	-1.39160	3.43622	-2.22880
6187.021	2.72172	-1.43513	3.50232	-2.28996
6191.013	2.76215	-1.54132	3.54892	-2.35692
6195.013	2.87755	-1.56785	3.54883	-2.41552
6199.017	2.86190	-1.51656	3.50314	-2.43426
6203.016	2.91663	-1.57655	3.50197	-2.52564
6207.013	2.92928	-1.51349	3.48860	-2.50340
6211.013	2.95200	-1.48601	3.54358	-2.53070
6215.018	2.96822	-1.42902	3.49594	-2.53628
6219.016	3.02536	-1.44430	3.49082	-2.50190
6223.014	3.02524	-1.52224	3.45470	-2.51584
6227.017	3.02217	-1.57724	3.42638	-2.48675
6231.015	3.00866	-1.63025	3.42178	-2.43799
6235.016	3.00141	-1.62619	3.40413	-2.36528
6239.012	2.95643	-1.68572	3.36104	-2.31581
6243.020	2.85086	-1.71161	3.34111	-2.27558
6247.016	2.86334	-1.68048	3.34173	-2.23226
6251.014	2.85923	-1.68631	3.35315	-2.21123
6255.016	2.91436	-1.72322	3.28558	-2.22488
6259.018	2.86980	-1.73623	3.29283	-2.22422
6263.016	2.93443	-1.72240	3.39891	-2.25544
6267.015	2.94755	-1.73720	3.43439	-2.31533
6271.019	3.08114	-1.72021	3.70092	-2.31090
6275.013	2.93084	-1.66508	3.80130	-2.37239
6279.015	2.88448	-1.72632	3.48736	-2.64051
6283.014	2.70280	-1.70652	3.43044	-2.69509
6287.014	2.79179	-1.70610	3.41961	-2.79030
6291.012	2.87851	-1.70994	3.34193	-2.56092
6295.011	2.89653	-1.77529	3.28548	-2.52999
6299.018	2.89827	-1.76621	3.33211	-2.51849
6303.013	2.89074	-1.72246	3.49967	-2.48158
6307.016	2.80788	-1.65226	3.78094	-2.48355
6311.019	2.64649	-1.56651	3.76005	-2.51267
6315.013	2.65131	-1.50261	3.45309	-2.70619
6319.014	2.69094	-1.51291	3.24536	-2.64255
6323.016	2.69492	-1.43261	3.12801	-2.57768
6327.010	2.75383	-1.39915	3.06325	-2.45356
6331.011	2.73761	-1.30195	3.26970	-2.39986
6335.012	2.76839	-1.28663	3.30918	-2.41967
6339.012	2.82001	-1.29129	3.45499	-2.42552
6343.011	2.99272	-1.31887	3.78585	-2.44048
6347.017	2.83588	-1.37752	3.61834	-2.30170
6351.017	2.80540	-1.34233	3.32083	-2.19272
6355.012	2.89747	-1.35351	3.06766	-2.29556
6359.013	2.94183	-1.35115	3.10522	-2.31339
6363.077	3.01618	-1.33328	3.24271	-2.29352
6367.020	3.11871	-1.32601	3.41382	-2.25169
6371.010	3.00547	-1.28225	3.65129	-2.28100
6375.033	2.98002	-1.18162	3.67158	-2.22083
6379.012	2.89223	-1.24207	3.74802	-2.00448
6383.009	2.85846	-1.34334	3.56934	-1.84706
6387.015	2.83323	-1.32367	3.26995	-1.98467
6391.015	2.79847	-1.28067	3.07397	-2.19764
6395.017	2.86534	-1.23987	3.16381	-2.15355
6399.010	2.79964	-1.18923	3.28113	-2.24439
6403.011	2.83922	-1.17162	3.49174	-2.24370
6407.011	2.85190	-1.18382	3.55587	-2.29901
6411.013	2.88755	-1.14104	3.86699	-2.30897
6415.016	3.00336	-1.21637	3.70873	-2.51564
6419.011	3.11329	-1.28763	3.22203	-2.74363
6423.010	3.00960	-1.39043	3.09681	-2.52035
6427.009	3.03365	-1.31101	3.22524	-2.45103
6431.015	3.28687	-1.28907	4.02757	-2.56325
6435.014	3.52442	-1.38312	4.94679	-2.58234
6439.010	5.61507	-1.44938	6.74660	-2.61341
6443.339	5.90438	-1.55058	7.81797	-2.65185
6447.012	8.08966	-1.69598	8.69491	-2.72070
6451.007	8.61872	-1.75978	10.04971	-2.81887
6455.009	9.99077	-1.61988	11.49755	-2.88150
6459.010	10.34278	-1.73778	11.83526	-2.92836
6463.005	10.66294	-1.69787	12.08746	-2.84459
6467.009	10.93284	-1.71012	12.17589	-2.95151
6471.011	11.05457	-1.66765	12.17978	-2.94720
6475.015	11.03325	-1.71117	12.07028	-2.92255
6479.009	11.12242	-1.65501	12.00229	-2.97260
6483.030	11.05873	-1.60744	11.94275	-3.04198
6487.014	11.01235	-1.53691	12.05694	-3.09679
6491.009	10.95586	-1.55734	12.03220	-3.10956
6495.014	11.00938	-1.61090	12.12506	-3.10269
6499.010	11.00737	-1.75592	12.20406	-3.07409
6503.009	10.97428	-1.77035	12.19489	-3.04571
6507.008	10.93698	-1.82132	12.10222	-3.06434
6511.007	10.89284	-1.92011	12.10267	-3.06399
6515.014	10.90066	-2.05766	12.10635	-3.06725
6519.018	10.97217	-2.22886	12.15839	-3.09746
6523.007	10.88783	-1.98327	12.20321	-3.09267
6527.012	10.91538	-1.97480	12.19927	-3.05109
6531.009	11.02077	-1.89436	12.20461	-3.03335
6535.015	11.10789	-1.89497	12.16211	-3.05568
6539.008	11.16428	-1.65747	12.19346	-3.05726
6543.010	11.35287	-1.78413	12.11880	-3.06570
6547.008	11.16791	-1.55933	12.14924	-3.09187
6551.005	10.97616	-1.63592	12.17108	-3.06888
6555.009	11.10708	-1.71756	12.13636	-3.02732
6559.014	11.20789	-1.62780	12.11883	-3.02376
6563.004	11.15229	-1.64877	12.08300	-3.02189
6567.006	11.24156	-1.66256	12.04894	-3.07159
6571.007	11.15527	-1.58515	12.06240	-3.03688
6575.007	11.11795	-1.52003	12.10907	-2.99383
6579.006	11.16203	-1.62419	12.13408	-2.94618
6583.009	11.14835	-1.66838	12.14328	-2.85776
6587.079	11.02837	-1.89370	12.05502	-2.85986
6591.014	10.96143	-1.91455	12.04194	-2.87726
6595.009	11.00489	-2.00008	12.05502	-2.90907
6599.015	11.01622	-1.89653	12.11987	-2.92962
6603.010	11.00305	-1.94508	12.18711	-2.84299
6607.006	11.11327	-2.08528	12.15438	-2.78535
6611.006	11.10995	-2.07800	12.04396	-2.75959
6615.005	11.06107	-1.98418	11.90117	-2.86855
6619.004	11.00561	-2.00098	12.01516	-2.92300
6623.007	11.07252	-1.92106	12.01385	-2.89126
6627.007	11.03308	-1.99348	12.04341	-2.85751
6631.006	11.07759	-1.93136	12.13835	-2.75416
6635.003	11.03922	-1.83177	11.91346	-2.80087
6639.007	11.04061	-1.81069	11.72203	-2.88874
6643.011	11.17331	-1.91526	11.86899	-2.86816
6647.008	11.16657	-1.81285	12.09104	-2.81374
6651.010	11.25266	-1.75675	11.91191	-2.81876
6655.002	11.34633	-1.77164	13.62537	-2.91873
6659.011	13.18026	-1.82102	15.39008	-2.84960
6663.007	12.84137	-1.90901	15.47561	-2.92802
6667.006	14.22169	-2.07073	16.50464	-3.14708
6671.007	14.79978	-1.88234	16.67150	-3.13033
6675.009	15.60486	-1.95678	16.84141	-3.28334
6679.007	15.24415	-1.97182	17.91707	-3.42485
6683.012	15.70029	-2.09050	17.50340	-3.64551
6687.009	15.52727	-2.01692	16.93946	-3.53177
6691.005	15.44070	-2.04205	17.02272	-3.67971
6695.002	15.51824	-1.96041	17.04891	-3.60731
6699.004	15.63502	-2.09141	16.91365	-3.71496
6703.008	15.43561	-2.18827	16.93030	-3.84614
6707.006	15.22987	-2.17958	16.89057	-3.85334
6710.881	15.38853	-2.20226	16.97588	-3.81916
6714.881	15.49352	-2.23197	17.10247	-3.83346
6718.884	15.42938	-2.08180	17.02331	-3.89554
6722.886	15.51158	-2.19943	16.97517	-3.86316
6726.880	15.46376	-2.31421	16.95356	-3.89036
6730.884	15.38260	-2.31997	16.98598	-3.99116
6734.878	15.35221	-1.95020	17.01664	-3.91448
6738.887	15.51089	-2.08911	16.86616	-3.93081
6742.880	15.54934	-1.96080	16.94105	-3.91759
6746.883	15.41697	-1.94452	16.94813	-3.89121
6750.877	15.54257	-1.88107	16.84643	-3.87398
6754.879	15.74205	-1.93650	16.93937	-3.86212
6758.880	15.77651	-1.74318	16.89777	-3.74965
6762.876	15.61900	-1.77092	16.74651	-3.56028
6766.878	15.74532	-1.89681	16.76665	-3.64680
6770.883	15.79634	-1.74564	16.77457	-3.62585
6774.883	15.69546	-1.77189	16.66211	-3.62879
6778.876	15.76669	-1.83766	16.57678	-3.66365
6782.880	15.77816	-1.79775	16.69136	-3.65021
6786.884	15.78814	-1.90967	16.59866	-3.62154
6790.883	15.66305	-2.01007	16.66068	-3.58265
6794.877	15.65495	-2.02411	16.71544	-3.55735
6798.928	15.67961	-2.00355	16.53256	-3.50510
6802.886	15.50011	-2.10572	16.57871	-3.56280
6806.878	15.47321	-2.10296	16.52893	-3.58714
6810.878	15.53426	-2.03739	16.55065	-3.57862
6814.910	15.61276	-2.06473	16.55915	-3.48557
6818.891	15.59717	-2.03139	16.47007	-3.44904
6822.879	15.44834	-2.08204	16.41361	-3.31809
6826.875	14.66357	-2.07253	15.42313	-3.35150
6830.883	12.09387	-2.09641	13.29518	-3.25763
6834.878	10.27667	-1.74955	10.79068	-2.86946
6838.877	8.16914	-0.97687	10.51307	-2.65659
6842.877	5.83702	-1.09080	8.30532	-2.36192
6846.881	5.41829	-0.72145	5.75099	-1.95403
6850.881	3.22520	-0.61504	5.56409	-1.62874
6854.884	2.49483	-0.82964	5.02743	-1.85658
6858.881	2.05628	-1.02376	3.97820	-1.53877
6862.873	2.63648	-1.00537	3.29649	-1.39887
6866.877	2.73095	-0.94914	3.50991	-1.33701
6870.877	2.73808	-1.00963	4.71442	-1.45731
6874.876	2.77213	-0.89690	3.63799	-1.49512
6878.874	2.64614	-0.66882	3.82247	-1.42667
6882.881	2.86378	-0.67922	3.65727	-1.47980
6886.880	2.29057	-0.75718	3.51275	-1.38849
6890.876	2.72843	-0.76797	3.42371	-1.37214
6894.878	2.65961	-0.82442	3.33881	-1.41743
6898.882	2.66164	-0.72152	3.22638	-1.38687
6902.879	2.45631	-0.83614	3.27195	-1.34768
6906.882	2.47546	-0.79776	3.23395	-1.28140
6910.884	2.60037	-0.82577	3.14746	-1.48918
6914.878	2.36326	-0.81701	3.33960	-1.33988
6918.878	2.30303	-1.03829	3.04581	-1.34582
6922.878	2.41477	-1.01850	3.05660	-1.38729
6926.875	2.30603	-0.64439	3.23586	-1.38269
6930.877	2.40553	-0.59827	2.96369	-1.38575
6934.881	2.52139	-0.64247	2.96190	-1.33334
6938.883	2.18587	-0.76602	3.24783	-1.40548
6942.877	2.20922	-0.91593	3.15622	-1.60305
6946.876	2.23541	-0.67828	3.02853	-1.46297
6950.876	2.31505	-0.66154	3.17987	-1.47895
6954.880	2.32298	-0.91891	3.28813	-1.64357
6958.880	2.16967	-0.78249	3.03620	-1.58158
6962.877	2.23236	-0.95208	3.08312	-1.56503
6966.877	2.35922	-0.77893	3.20394	-1.59328
6970.878	2.17554	-0.69512	3.17054	-1.63572
6974.883	2.26594	-0.62432	3.15909	-1.60951
6978.883	2.36071	-0.68567	3.13536	-1.64875
6982.946	2.24743	-0.74923	3.13284	-1.59909
6986.879	2.24173	-0.60333	3.16040	-1.59540
6990.880	2.29753	-0.62416	3.15137	-1.66523
6994.877	2.36106	-0.63895	3.10151	-1.65507
6998.879	2.34183	-0.40864	3.07877	-1.60728
7002.874	2.36884	-0.47611	3.11841	-1.58843
7006.881	2.33016	-0.55163	3.10084	-1.57737
7010.876	2.34760	-0.47734	3.02623	-1.53947
7014.878	2.43149	-0.38198	3.10220	-1.43814
7018.875	2.46558	-0.55810	3.29508	-1.46678
7022.939	3.11354	-0.47135	5.22822	-1.55098
7026.883	5.02213	-0.13481	7.43635	-1.38382
7030.930	7.63764	0.00929	8.77860	-1.04058
7034.880	8.83849	0.32679	10.05339	-0.85077
7038.875	9.83823	0.38512	12.22405	-1.26996
7042.877	10.71847	0.57597	13.01753	-0.58711
7046.876	12.72211	0.63681	13.54286	-0.20786
7050.874	12.65649	0.94534	14.20203	-0.23157
7054.874	12.81894	1.48549	13.97468	-0.39478
7058.877	12.65087	1.52090	13.60245	-0.04451
7062.877	11.74430	1.87837	12.82625	-0.07443
7066.876	11.99918	1.78610	13.40175	0.05867
7070.871	11.91120	1.11230	13.63686	0.03929
7074.870	12.31379	1.43428	13.66433	0.12614
7078.873	12.66880	1.51728	13.90794	0.38264
7082.874	12.76232	1.62006	13.77268	-0.01945
7086.878	12.53159	1.47369	13.86196	0.23196
7090.870	12.81304	1.53640	13.82829	0.18591
7094.888	12.78101	1.69517	13.94345	0.27235
7098.877	12.67525	1.64067	13.80177	0.29438
7102.874	12.60396	1.76070	13.95960	0.41287
7106.883	12.61928	1.53168	13.70669	0.43990
7110.875	12.65070	1.60645	13.74739	0.38684
7114.874	12.82637	1.75761	13.79105	0.37818
7118.873	12.72199	1.76865	13.84525	0.42161
7122.871	12.80339	1.80604	13.76282	0.45825
7126.878	12.72053	1.94133	13.51569	0.45393
7130.883	12.71044	1.70172	13.65153	0.46238
7134.882	12.69389	1.65046	13.63424	0.45010
7138.874	12.88004	1.65370	13.68677	0.59208
7142.877	12.65526	1.56655	13.34662	0.47487
7146.878	12.64577	1.72742	13.47500	0.39461
7150.873	12.79654	1.88486	13.39433	0.35595
7154.873	12.61909	1.67352	13.54070	0.63633
7158.871	12.69119	1.76296	13.14176	0.49913
7162.874	12.60157	1.49088	13.41305	0.52975
7166.875	12.67969	1.36783	13.33069	0.44990
7170.871	12.87732	1.29679	13.38001	0.67234
7174.872	12.56030	1.45592	13.29361	0.50837
7178.873	12.63707	1.57000	13.45803	0.53250
7182.871	12.82283	1.63979	13.40422	0.42040
7186.873	12.63149	1.65915	13.43120	0.54269
7190.874	12.71233	1.70432	13.40335	0.45917
7194.878	12.69131	1.54002	13.61605	0.49682
7198.872	12.79539	1.40496	13.54138	0.37032
7202.869	12.97290	1.43509	13.50926	0.43840
7206.877	12.68479	1.49517	13.45686	0.31830
7210.872	12.77726	1.53448	13.55651	0.36022
7214.872	12.74482	1.71079	13.73043	0.28496
7218.897	12.66339	1.77373	13.58219	0.26137
7222.875	12.66812	1.77503	13.63489	0.33670
7226.870	12.63905	1.82058	13.51846	0.26787
7230.872	12.66091	1.45220	13.63571	0.20724
7234.873	12.67945	1.37064	13.86235	0.20017
7238.892	12.83460	1.43603	13.80404	0.13188
7242.882	12.78351	1.36768	13.72952	0.23683
7246.869	12.71110	1.20674	13.71123	0.26005
7250.876	12.70303	1.39271	13.61764	0.21982
7254.871	12.69974	1.53483	13.66587	0.24013
7258.876	12.81679	1.72783	13.84090	0.32818
7262.877	12.90890	1.83599	13.69429	0.32691
7266.872	12.83392	1.46700	13.30096	0.24519
7270.874	12.76508	1.36025	13.25411	0.25070
7274.870	12.86570	1.44728	13.46946	0.25444
7278.869	12.88626	1.54706	13.47883	0.26740
7282.873	12.93976	1.58334	13.49882	0.30812
7286.872	13.02040	1.62543	13.37737	0.25700
7290.871	13.06315	1.65337	13.42178	0.25708
7294.871	13.07085	1.70082	13.53913	0.25637
7298.868	13.10036	1.63808	13.51940	0.27787
7302.867	13.08223	1.59092	13.48693	0.29180
7306.875	13.09428	1.56274	13.49568	0.31740
7310.871	13.12712	1.59160	13.51339	0.37128
7314.876	13.10869	1.62678	13.42174	0.28001
7318.870	11.87429	1.48111	13.22255	0.12306
7322.869	10.03876	1.22768	11.69364	-0.16688
7327.073	9.01174	0.90834	11.18628	-1.46920
7330.874	7.89790	-0.03232	10.09015	-0.96730
7334.873	8.07334	-0.57266	9.05403	-0.38477
7338.867	6.91481	-0.60248	8.68155	-0.80522
7342.874	5.14850	-0.66851	7.57108	-0.93829
7346.874	5.68182	-0.69737	6.82102	-1.12967
7350.872	6.20492	-0.73477	6.75815	-1.15465
7354.873	6.25220	-0.71149	6.70198	-1.21656
7358.869	6.15154	-0.73894	6.90838	-1.24373
7362.872	6.18399	-0.67349	6.99255	-1.23623
7366.870	6.12347	-0.66124	6.93978	-1.24406
7370.868	6.00987	-0.60104	6.95191	-1.18695
7374.869	5.89055	-0.51844	6.96585	-1.22156
7378.876	5.85615	-0.44034	6.88306	-1.28026
7382.870	5.65140	-0.41714	6.84712	-1.26342
7386.872	5.74809	-0.39956	6.77905	-1.23368
7390.869	6.01260	-0.28511	6.70705	-1.15246
7394.879	5.91865	-0.30782	6.72570	-1.07071
7398.875	5.87388	-0.33728	6.72930	-1.08133
7402.872	5.84908	-0.42648	6.75416	-1.07052
7406.871	5.77472	-0.46337	6.67826	-1.10392
7410.871	5.73596	-0.58994	6.57715	-1.10802
7414.869	5.77826	-0.42394	6.51716	-1.13873
7418.867	5.82587	-0.35543	6.51586	-1.15535
7422.867	5.83245	-0.42721	6.50001	-1.15531
7426.870	5.86715	-0.50865	6.50114	-1.19926
7430.872	5.87653	-0.67553	6.46120	-1.20121
7434.869	5.80280	-0.75355	6.43765	-1.38749
7438.929	5.76595	-0.66936	6.52336	-1.52782
7442.881	5.79396	-0.51255	6.55983	-1.37406
7446.867	5.61301	-0.57762	6.23977	-1.34008
7450.867	5.09180	-0.34045	6.16444	-1.28704
7454.867	2.36036	-0.27177	2.68598	-1.24417
7458.870	1.58703	0.08264	2.49971	-1.09596
7462.873	-0.24368	0.10096	2.51564	-0.95318
7466.866	-0.46711	0.03762	0.00578	-0.92843
7470.870	-0.98583	0.21238	0.23879	-0.66938
7474.870	-0.86255	0.14406	-0.06691	-0.86449
7478.870	-0.90222	0.29947	-0.02983	-0.57611
7482.895	-0.98445	0.34512	0.02117	-0.61840
7486.874	-0.33667	0.37367	0.05271	-0.58061
7490.866	-0.49046	0.36057	0.13446	-0.62895
7494.866	-0.61660	0.40036	0.11500	-0.64322
7498.866	-0.84488	0.44216	0.11972	-0.57710
7502.867	-0.68764	0.42431	0.14709	-0.75281
7506.866	-0.76823	0.41138	0.16375	-0.86570
7510.863	-0.75444	0.42552	0.19452	-0.73104
7514.872	-0.77821	0.43844	0.06835	-0.80009
7518.868	-0.82344	0.48050	-0.00809	-0.77999
7522.876	-0.69652	0.45875	-0.04554	-0.80901
7526.866	-0.70479	0.47601	0.14826	-0.90525
7530.892	-0.72503	0.46123	0.24621	-0.89839
7534.874	-0.81029	0.47993	0.00576	-0.92560
7538.868	-0.77017	0.46348	-0.13526	-0.93712
7542.865	-0.75498	0.44366	-0.30875	-0.91031
7546.866	-0.77225	0.44045	-0.10227	-0.70595
7550.866	-0.78650	0.43963	0.01139	-0.73050
7554.870	-0.80148	0.47635	-0.04490	-0.80752
7558.869	-0.72387	0.48088	-0.23505	-0.84182
7562.874	-0.63890	0.47781	-0.20963	-0.79278
7566.747	-0.64940	0.53393	-0.25584	-0.67636
7570.741	-0.66367	0.53719	-0.09962	-0.57444
7574.741	-0.78925	0.53856	-0.12089	-0.61387
7578.746	-0.74007	0.48008	-0.18229	-0.68575
7582.740	-0.70399	0.38694	-0.28989	-0.65586
7586.739	-0.75424	0.32298	-0.27468	-0.64187
7590.738	-0.74985	0.48880	-0.23961	-0.56867
7594.748	-0.66724	0.57883	-0.25748	-0.53443
7598.762	-0.64650	0.48608	-0.23798	-0.53680
7602.744	-0.67774	0.34719	-0.22492	-0.60341
7606.741	-0.77052	0.18588	-0.20236	-0.68699
7610.746	-0.73863	0.40744	-0.18122	-0.76729
7614.746	-0.71283	0.34244	-0.23353	-0.86468
7618.745	-0.67769	0.38786	-0.26808	-0.95207
7622.738	-0.63362	0.46549	-0.27969	-0.95073
7626.744	-0.62620	0.43515	-0.27622	-1.13549
7630.740	-0.61228	0.48939	-0.20762	-1.29352
7634.740	-0.58731	0.48643	-0.06477	-1.13064
7638.743	-0.60813	0.51935	0.02817	-1.19269
7642.742	-0.62548	0.55197	0.01904	-1.14115
7646.742	-0.59488	0.46686	-0.04343	-1.22458
7650.742	-0.55339	0.41567	-0.16189	-1.19079
7654.750	-0.59267	0.16501	-0.21504	-1.13433
7658.745	-0.69474	0.10883	-0.19457	-1.03410
7662.743	-0.63340	0.27643	-0.17027	-0.95722
7666.749	-0.60201	0.25670	-0.15464	-0.92731
7670.738	-0.64211	0.16645	-0.08187	-0.95280
7674.737	-0.74320	0.00005	-0.22830	-0.95960
7678.741	-0.75218	-0.06495	-0.16777	-0.93295
7682.738	-0.66618	0.12138	-0.24922	-0.89419
7686.734	-0.66717	0.20134	-0.33114	-0.85739
7690.747	-0.62325	0.26930	-0.40571	-0.80668
7694.744	-0.71007	0.36023	-0.45490	-0.87050
7698.741	-0.69719	0.42297	-0.31305	-0.93473
7702.738	-0.70082	0.53202	-0.13972	-0.91198
7706.739	-0.68647	0.43567	0.00998	-0.89909
7710.735	-0.68714	0.44963	-0.14516	-0.95432
7714.741	-0.69451	0.50687	-0.33734	-0.96173
7718.740	-0.66551	0.58022	-0.45631	-0.89251
7722.737	-0.65694	0.57197	-0.43835	-0.76464
7726.737	-0.66816	0.60049	-0.22646	-0.59444
7730.742	-0.75553	0.59663	-0.01812	-0.62277
7734.748	-0.74047	0.60781	0.04271	-0.68747
7738.740	-0.70079	0.57485	0.03921	-0.79892
7742.738	-0.64451	0.57041	-0.23482	-0.72908
7746.739	-0.64506	0.59463	-0.43805	-0.76621
7750.737	-0.60957	0.68917	-0.57548	-0.55615
7754.734	-0.63240	0.61110	-0.26383	-0.89936
7758.736	-0.61940	0.55540	-0.02278	-0.78153
7762.741	-0.64737	0.49587	0.03122	-0.69646
7766.737	-0.62516	0.29173	-0.19191	-0.69693
7770.741	-0.68734	0.24790	-0.53920	-0.80428
7774.743	-0.69484	0.19607	-0.59054	-0.80678
7778.743	-0.70255	0.18096	-0.37462	-1.07383
7782.741	-0.65136	0.15112	0.02752	-0.93549
7786.739	-0.64126	0.22288	0.13253	-0.92326
7790.737	-0.68548	0.20149	0.02772	-0.96719
7794.736	-0.79913	0.15668	-0.24371	-1.00027
7798.742	-0.81047	-0.01558	-0.28719	-0.87973
7802.752	-0.74479	0.12458	-0.27096	-0.83442
7806.738	-0.72680	0.13194	-0.25212	-0.91446
7810.740	-0.75804	0.11343	-0.33471	-0.99653
7814.735	-0.71166	0.14953	-0.16620	-0.95171
7818.740	-0.57076	0.23727	-0.23001	-0.92507
7822.745	-0.57009	0.28769	-0.33829	-0.90683
7826.736	-0.58811	0.30272	-0.29669	-0.79069
7830.735	-0.59334	0.29328	-0.32704	-0.72977
7834.736	-0.58248	0.29156	-0.32464	-0.80144
7838.737	-0.51647	0.29241	-0.29793	-0.76140
7842.740	-0.53026	0.27852	-0.28481	-0.77390
7846.744	-0.62379	0.19490	-0.33754	-0.75635
7850.737	-0.69665	0.22718	-0.48076	-0.79981
7854.736	-0.65558	0.39982	-0.45892	-0.75542
7858.742	-0.54657	0.46952	-0.39303	-0.69101
7862.739	-0.25614	0.52122	0.04060	-0.68903
7866.735	0.68049	0.56255	1.16520	-0.74401
7870.957	1.28080	0.57808	1.83174	-0.80187
7874.739	1.34155	0.58586	1.84436	-0.82639
7878.735	1.30377	0.60231	1.86712	-0.83254
7882.736	1.43830	0.63792	1.79757	-0.86724
7886.737	1.39931	0.69963	1.82331	-0.83827
7890.737	1.22913	0.72040	1.84547	-0.81552
7894.734	1.11224	0.75659	1.86977	-0.82003
7898.746	1.06808	0.69654	1.88055	-0.85210
7902.740	1.15466	0.67590	1.89416	-0.88236
7906.741	1.15828	0.59109	1.92086	-0.88930
7910.736	1.22159	0.64143	1.93110	-0.87288
7914.732	1.34259	0.65434	1.91975	-0.90559
7918.735	1.40715	0.63853	1.90569	-0.87878
7922.733	1.47704	0.59395	1.89032	-0.83390
7926.738	1.32441	0.61426	1.87113	-0.79209
7930.737	1.23407	0.57995	1.83709	-0.76516
7934.734	1.18855	0.53380	1.85574	-0.80702
7938.736	1.12747	0.40660	1.84647	-0.78895
7942.743	1.12941	0.36300	1.84361	-0.76434
7946.735	1.09249	0.31567	1.83261	-0.70770
7950.740	1.08411	0.28397	1.82076	-0.67019
7954.736	1.03645	0.22301	1.80060	-0.63590
7958.734	1.04878	0.22696	1.77853	-0.57153
7962.734	1.01705	0.21953	1.74258	-0.52766
7966.734	1.00390	0.20808	1.71595	-0.49787
7970.734	0.94361	0.17397	1.70380	-0.49824
7974.739	0.99367	0.12554	1.66971	-0.46768
7978.736	1.00094	0.08075	1.64327	-0.42762
7982.797	1.02047	0.08760	1.59834	-0.40239
7986.737	1.05198	0.14333	1.58807	-0.39077
7990.735	1.20626	0.19569	1.57848	-0.40478
7994.733	1.27403	0.21340	1.59586	-0.41285
7998.733	1.32031	0.26860	1.64858	-0.45094
8002.733	1.35147	0.29935	1.69282	-0.53254
8006.733	1.38267	0.25910	1.70938	-0.65431
8010.738	1.25738	0.37478	1.66611	-0.70280
8014.733	1.28117	0.41934	1.60241	-0.71755
8018.732	1.25327	0.51973	1.55784	-0.70688
8022.737	1.24414	0.54661	1.47957	-0.73190
8026.739	1.18108	0.58225	1.31657	-0.70137
8030.739	1.14315	0.57567	1.29851	-0.73851
8034.734	1.10641	0.59620	1.33403	-0.65315
8038.733	1.09807	0.55300	1.30513	-0.62435
8042.732	1.11122	0.59103	1.24225	-0.59224
8046.740	1.08607	0.55688	1.27457	-0.56769
8050.735	1.04674	0.57805	1.25647	-0.48910
8054.732	1.10227	0.50637	1.27038	-0.46990
8058.729	1.09634	0.48990	1.26832	-0.47842
8062.735	1.12658	0.46123	1.34016	-0.48896
8066.737	1.17173	0.46552	1.32069	-0.51169
8070.733	1.21603	0.49420	1.38590	-0.56392
8074.739	1.28442	0.57040	1.42526	-0.58659
8078.738	1.32833	0.59235	1.47042	-0.69730
8082.733	1.41454	0.62688	1.51291	-0.72503
8086.738	1.43597	0.66465	1.58711	-0.74828
8090.735	1.45522	0.65387	1.66767	-0.76233
8094.738	1.41335	0.56019	1.79386	-0.77569
8098.731	1.42640	0.52250	2.00276	-0.79056
8102.733	1.45782	0.47806	2.20376	-0.77519
8106.730	1.40418	0.27708	2.26185	-0.81411
8110.736	1.40683	0.06846	2.41006	-0.85039
8114.731	1.39376	0.21816	2.32706	-0.86149
8118.731	1.35817	0.07140	2.39869	-0.91883
8122.730	1.34552	0.05768	2.43642	-0.94159
8126.735	1.25540	-0.04854	2.40379	-0.89354
8130.742	1.21596	-0.08708	2.32939	-0.89885
8134.733	1.23020	-0.14335	2.20753	-0.88512
8138.737	1.24644	-0.22858	2.24549	-0.81050
8142.730	1.24374	-0.14896	2.13353	-0.68838
8146.735	1.23114	-0.16459	2.16191	-0.49768
8150.735	1.23461	-0.04124	2.04527	-0.37078
8154.758	1.25121	0.13145	1.93430	-0.27279
8158.734	1.21474	0.15356	1.93170	-0.20804
8162.736	1.21616	0.22357	1.86987	-0.14445
8166.730	1.22819	0.28940	1.78974	-0.14418
8170.733	1.20968	0.34152	1.73814	-0.22918
8174.730	1.18579	0.39598	1.65805	-0.21232
8178.735	1.17845	0.46293	1.60553	-0.20972
8182.734	1.13583	0.49712	1.56129	-0.23598
8186.734	1.10465	0.48500	1.49059	-0.24560
8190.733	1.05409	0.54250	1.44493	-0.41303
8194.730	1.04530	0.55855	1.37736	-0.50408
8198.732	1.02536	0.54981	1.36700	-0.63807
8202.729	1.02486	0.55646	1.35695	-0.67093
8206.731	0.99844	0.57791	1.36395	-0.74418
8210.750	0.96767	0.59456	1.39277	-0.81955
8214.733	0.98802	0.60278	1.41784	-0.83352
8218.731	1.01536	0.65986	1.46477	-0.86418
8222.735	1.02335	0.71123	1.57004	-0.90511
8226.733	1.07723	0.74416	1.66160	-0.93544
8230.729	1.07991	0.80596	1.94657	-0.96362
8234.740	1.06947	0.74145	1.90388	-0.99225
8238.734	0.99896	0.46271	1.91107	-1.08954
8242.729	1.00888	0.40897	1.91990	-1.13092
8246.729	1.01347	0.46281	1.96472	-1.15507
8250.730	1.02231	0.46497	1.95525	-1.11464
8254.729	1.02623	0.46333	1.87180	-1.02318
8258.728	1.03181	0.56101	1.91962	-0.93265
8262.732	1.03858	0.56344	1.86117	-0.96578
8266.728	1.00752	0.49359	1.76346	-0.90594
8270.728	0.96899	0.51191	1.67881	-0.95483
8274.730	0.96886	0.46552	1.67209	-1.00268
8278.727	0.98335	0.55816	1.69126	-0.93349
8282.771	1.02250	0.54717	1.70499	-0.90294
8286.731	1.05615	0.61471	1.71751	-0.88521
8290.726	1.08021	0.64569	1.74709	-0.87240
8294.733	1.12916	0.66714	1.84937	-0.91923
8298.730	1.17875	0.67550	1.84290	-1.02935
8302.727	1.17862	0.67664	1.89525	-1.10924
8306.727	1.17339	0.61611	1.89721	-1.10075
8310.727	1.20417	0.47217	1.82611	-1.14186
8314.734	1.37414	0.58655	1.82862	-1.17135
8318.738	1.35973	0.57279	1.79448	-1.24354
8322.725	1.34036	0.66003	1.51893	-1.14214
8326.732	1.35105	0.72903	1.50881	-1.13164
8330.729	1.33048	0.67069	1.36471	-1.07924
8334.728	1.40222	0.58863	1.39334	-1.12591
8338.727	1.41286	0.44970	1.38676	-1.02765
8342.727	1.38046	0.53858	1.40943	-1.04502
8346.729	1.36744	0.48120	1.32795	-1.01014
8350.730	1.33666	0.61629	1.24017	-0.98082
8354.727	1.34373	0.67111	1.26237	-0.98454
8358.735	1.32394	0.63386	1.26267	-0.96727
8362.729	1.29821	0.68180	1.25215	-0.91919
8366.730	1.29668	0.65947	1.33497	-0.89776
8370.731	1.32666	0.57315	1.38235	-0.91142
8374.729	1.31401	0.60388	1.43811	-0.91177
8378.731	1.25607	0.59949	1.49698	-0.92591
8382.727	1.24451	0.65618	1.56355	-0.95563
8386.727	1.24739	0.65718	1.58802	-0.94608
8390.729	1.28859	0.68409	1.66413	-0.94085
8394.726	1.30685	0.68038	1.73299	-0.95999
8398.732	1.34038	0.67044	1.77861	-0.93645
8402.732	1.33572	0.66830	1.82648	-0.93519
8406.731	1.36598	0.65742	1.85269	-0.93458
8410.727	1.38885	0.64753	1.86575	-0.95076
8414.727	1.40574	0.68219	1.88586	-0.95614
8418.729	1.41147	0.67340	1.88965	-0.98488
8422.603	1.42060	0.67004	1.89833	-1.02329
8426.606	1.39604	0.64919	1.88896	-1.01585
8430.603	1.36328	0.60573	1.90173	-1.03461
8434.604	1.26200	0.52549	1.88105	-1.00108
8438.601	1.21822	0.43811	1.86984	-0.96930
8442.606	1.08599	0.38690	1.80819	-0.97783
8446.607	1.01906	0.33223	1.77948	-0.96704
8450.601	1.04223	0.29334	1.71791	-0.96293
8454.598	1.13449	0.29559	1.67053	-0.91870
8458.605	1.11864	0.26683	1.63251	-0.84894
8462.602	1.16051	0.17344	1.61238	-0.70282
8466.601	1.16453	0.15028	1.72255	-0.66307
8470.605	1.10829	0.05347	1.67494	-0.60790
8474.603	1.06260	0.01185	1.60975	-0.57489
8478.601	1.07914	0.03468	1.59757	-0.60775
8482.638	1.09296	0.14117	1.54177	-0.72117
8486.617	1.11502	0.21995	1.53386	-0.76200
8490.607	1.17847	0.25798	1.56206	-0.69330
8494.600	1.21055	0.26968	1.61004	-0.74809
8498.598	1.23811	0.13217	1.58966	-0.76017
8502.600	1.21053	0.05103	1.67303	-0.79814
8506.605	1.14057	0.11307	1.71166	-0.85407
8510.654	1.11621	0.10643	1.65533	-0.92929
8514.606	1.09314	0.09140	1.64211	-0.96155
8518.599	1.09554	0.12718	1.64764	-0.98673
8522.599	1.03843	0.09304	1.67124	-0.96146
8526.598	0.96060	0.02795	1.68466	-0.86421
8530.600	1.05850	0.11481	1.70445	-0.83935
8534.605	1.07073	0.09925	1.67809	-0.83017
8538.602	1.00829	0.16229	1.65619	-0.80286
8542.596	0.96723	0.17774	1.64754	-0.76094
8546.598	0.95078	0.24041	1.61679	-0.72167
8550.611	0.95852	0.32011	1.52124	-0.70941
8554.601	0.99273	0.43369	1.44237	-0.71057
8558.602	0.97596	0.44035	1.38895	-0.67338
8562.598	1.00370	0.50263	1.33850	-0.65469
8566.598	1.03942	0.52474	1.29712	-0.68483
8570.601	1.06897	0.56239	1.37761	-0.76181
8574.598	1.07599	0.54413	1.40348	-0.73868
8578.604	1.07818	0.51999	1.44956	-0.78613
8582.599	1.11407	0.48674	1.47062	-0.95594
8586.603	1.22476	0.40469	1.60531	-0.91704
8590.596	1.27366	0.39790	1.72255	-1.00141
8594.600	1.34586	0.32406	1.79197	-1.10806
8598.597	1.35638	0.26929	1.80980	-1.15982
8602.597	1.36437	0.20718	1.96248	-1.16073
8606.603	1.41462	0.20810	2.05425	-1.10223
8610.599	1.41673	0.15799	2.13537	-1.10106
8614.602	1.42179	0.10359	2.15138	-1.04430
8618.607	1.43052	0.06439	2.19613	-0.99984
8622.598	1.43699	0.02946	2.16605	-0.87507
8626.605	1.45648	0.07445	2.17859	-0.83645
8630.599	1.41519	0.24593	2.16022	-0.84056
8634.599	1.39639	0.59250	2.09103	-0.72304
8638.599	1.36027	0.49551	1.83952	-0.66914
8642.599	1.30886	0.44910	1.73859	-0.65151
8646.603	1.24719	0.31943	1.67174	-0.64396
8650.604	1.23114	0.19224	1.74179	-0.61056
8654.601	1.25334	0.17572	1.64665	-0.59380
8658.606	1.28112	0.26609	1.63985	-0.56552
8662.604	1.40162	0.55293	1.56169	-0.56747
8666.600	1.39807	0.63694	1.59390	-0.62372
8670.595	1.34083	0.55429	1.50973	-0.64558
8674.598	1.34103	0.46320	1.51923	-0.65089
8678.603	1.31751	0.41233	1.49044	-0.69374
8682.600	1.24667	0.33687	1.51494	-0.72682
8686.631	1.25520	0.24110	1.51526	-0.70526
8690.606	1.22228	0.17139	1.48885	-0.67748
8694.602	1.28043	0.30800	1.40901	-0.69667
8698.603	1.34832	0.43895	1.39294	-0.63980
8702.597	1.29752	0.57447	1.41072	-0.53338
8706.594	1.26292	0.49360	1.44083	-0.49073
8710.596	1.24059	0.46240	1.46571	-0.40597
8714.599	1.24937	0.45164	1.54599	-0.32992
8718.596	1.26497	0.50626	1.61461	-0.35460
8722.598	1.23208	0.47124	1.61168	-0.36695
8726.613	1.23615	0.50622	1.63447	-0.38338
8730.594	1.23603	0.53851	1.72069	-0.41479
8734.593	1.25108	0.53829	1.73772	-0.45455
8738.600	1.26813	0.57107	1.69274	-0.45721
8742.597	1.20445	0.52843	1.65753	-0.56149
8746.594	1.23521	0.50716	1.62039	-0.57508
8750.596	1.26691	0.53294	1.66482	-0.51355
8754.631	1.31501	0.54759	1.64856	-0.55486
8758.603	1.35221	0.57021	1.58696	-0.53188
8762.598	1.36228	0.61345	1.53232	-0.51269
8766.592	1.39143	0.69805	1.51740	-0.52345
8770.600	1.37927	0.70789	1.45338	-0.49125
8774.597	1.38691	0.75488	1.44748	-0.51802
8778.604	1.42518	0.77054	1.39381	-0.49476
8782.603	1.36841	0.84132	1.39587	-0.44995
8786.597	1.39071	0.89324	1.46658	-0.61154
8790.596	1.39912	0.89833	1.48781	-0.71312
8794.593	1.35928	0.92224	1.55383	-0.75147
8798.600	1.32091	0.94408	1.55730	-0.82220
8802.596	1.30020	0.92618	1.59742	-1.03388
8806.595	1.28122	0.91052	1.65766	-1.04470
8810.594	1.22734	0.86953	1.66547	-1.07715
8814.594	1.23305	0.83155	1.73720	-1.09486
8818.595	1.23620	0.83065	1.78877	-1.13828
8822.614	1.22434	0.80281	1.85247	-1.15991
8826.599	1.20623	0.74867	1.93913	-1.15375
8830.597	1.21650	0.63075	1.99012	-1.08780
8834.595	1.22744	0.59528	2.02579	-1.03329
8838.591	1.19522	0.52816	2.06659	-1.03406
8842.597	1.22184	0.48208	2.08912	-0.95031
8846.598	1.21963	0.47952	2.10746	-0.88217
8850.593	1.18202	0.46596	2.12939	-0.79842
8854.593	1.25567	0.42193	2.15138	-0.75876
8858.597	1.27919	0.40223	2.15621	-0.71757
8862.597	1.29588	0.39080	2.12349	-0.72215
8866.594	1.31878	0.40262	2.10602	-0.69423
8870.594	1.31238	0.42075	2.03414	-0.73297
8874.593	1.33247	0.49410	1.98412	-0.74901
8878.594	1.36625	0.57662	1.94947	-0.75943
8882.598	1.43902	0.64518	1.88678	-0.74056
8886.595	1.40271	0.59124	1.86102	-0.74606
8890.597	1.41859	0.61451	1.78800	-0.78997
8894.596	1.40584	0.58274	1.73348	-0.80084
8898.596	1.30980	0.44959	1.64193	-0.82604
8902.596	1.27393	0.43653	1.58448	-0.82976
8906.599	1.19051	0.38505	1.56742	-0.79093
8910.597	1.06679	0.39942	1.54016	-0.72731
8914.594	1.08433	0.37140	1.50428	-0.64091
8918.594	1.01948	0.30048	1.47640	-0.55838
8922.595	0.94495	0.30756	1.49805	-0.51796
8926.598	0.93919	0.29663	1.49264	-0.42559
8930.596	0.89840	0.32670	1.47536	-0.34899
8934.595	0.89701	0.36762	1.47680	-0.28525
8938.596	0.90771	0.42936	1.49651	-0.27687
8942.596	0.89510	0.49872	1.52612	-0.19688
8946.597	0.93177	0.61292	1.57510	-0.16064
8950.632	0.95931	0.61339	1.63593	-0.13701
8954.593	1.02724	0.68515	1.68196	-0.11652
8958.594	1.02399	0.73004	1.73497	-0.11398
8962.594	1.06369	0.72893	1.80119	-0.12071
8966.596	1.08587	0.76567	1.81396	-0.10702
8970.595	1.11757	0.76188	1.81828	-0.12001
8974.597	1.15709	0.75616	1.87364	-0.15917
8978.589	1.19177	0.74795	1.88779	-0.21853
8982.598	1.22953	0.69961	1.92265	-0.23675
8986.601	1.30796	0.66064	1.94937	-0.28480
8990.597	1.35906	0.61410	1.98239	-0.32478
8994.588	1.49054	0.58756	1.99679	-0.37554
8998.590	1.43067	0.55474	2.01223	-0.42026
9002.593	1.37533	0.49477	1.93636	-0.41806
9006.590	1.15327	0.45198	1.73819	-0.41858
9010.588	1.04235	0.42437	1.50561	-0.42618
9014.589	1.05952	0.38531	1.56335	-0.42843
9018.591	0.96107	0.43198	1.62215	-0.42688
9022.591	0.84843	0.40479	1.31047	-0.39281
9026.589	0.72161	0.50697	1.15067	-0.41042
9030.595	0.63784	0.47582	1.12985	-0.43509
9034.597	0.43830	0.40887	1.09026	-0.43383
9038.590	0.40626	0.36857	1.15771	-0.39909
9042.590	0.38708	0.33632	1.14002	-0.36506
9046.591	0.37226	0.36037	1.15645	-0.29505
9050.588	0.33479	0.36766	1.07284	-0.16979
9054.591	0.38998	0.43141	1.16820	-0.13239
9058.595	0.37008	0.45325	1.20842	0.05515
9062.589	0.36030	0.49624	1.18061	0.19274
9066.594	0.38613	0.50774	1.22504	0.25263
9070.599	0.38214	0.56357	1.18969	0.29224
9074.591	0.39616	0.62367	1.11038	0.27120
9078.591	0.48180	0.75534	0.96435	0.21402
9082.589	0.53610	0.84368	0.90932	0.18985
9086.591	0.62781	0.88786	0.76523	0.16603
9090.594	0.53687	0.90820	0.88282	0.10701
9094.594	0.52396	0.94702	0.82985	0.06935
