time (ms)	lx (deg)	ly (deg)	rx (deg)	ry (deg)
0.000	-0.02278	-0.23286	0.17199	-0.69169
3.993	0.00132	0.13247	0.22467	-0.60947
8.002	-0.06016	0.29603	0.17931	-0.64749
11.998	-0.11163	0.34334	0.11153	-0.62729
15.999	-0.21514	0.23733	0.12123	-0.67286
19.996	-0.28433	-0.45187	0.17670	-0.64995
23.996	-0.30074	0.04612	0.14943	-0.65325
27.998	-0.28540	0.10799	0.13719	-0.51409
31.995	-0.26376	0.05228	0.13511	-0.32048
36.000	-0.22145	0.21226	0.09289	-0.55141
39.999	-0.24068	0.33571	0.16402	-0.50149
43.999	-0.26083	0.40843	0.18913	-0.43820
48.002	-0.29639	0.55242	0.13977	-0.41639
51.997	-0.27667	0.43885	0.12389	-0.47672
55.999	-0.31826	-0.07986	0.14426	-0.48308
59.991	-0.20077	-0.15121	0.14935	-0.51434
64.016	-0.07733	-0.20871	0.13295	-0.45209
67.997	-0.07527	-0.16994	0.10987	-0.44747
71.995	-0.10376	0.09848	0.09585	-0.43373
75.994	-0.12017	0.00892	0.09078	-0.39380
79.999	-0.18546	0.35581	0.06733	-0.34719
83.994	-0.24331	0.18127	0.05487	-0.30127
87.995	-0.28180	0.13523	0.04236	-0.26047
91.994	-0.29461	0.00924	0.08026	-0.53412
95.999	-0.29277	-0.08692	0.12865	-0.52326
99.990	-0.25577	0.01260	0.13846	-0.55171
104.007	-0.12798	-0.00902	0.17985	-0.44715
108.000	-0.16707	-0.10675	0.15074	-0.48007
112.007	-0.12478	-0.05109	0.14449	-0.34003
115.994	-0.06825	-0.10382	0.15841	-0.48129
119.999	-0.03261	0.01496	0.15695	-0.47736
124.024	-0.09344	0.04875	0.17422	-0.37524
128.000	-0.01010	0.07099	0.14265	-0.32838
131.993	-0.03328	0.13650	0.17764	-0.35675
135.999	0.02382	0.21768	0.07420	-0.35064
139.991	0.02035	0.38657	0.06036	-0.24017
143.993	0.00476	0.40824	0.00779	-0.20292
147.992	-0.00742	0.42601	-0.06170	-0.14785
151.998	-0.01645	0.36080	-0.03358	-0.17233
155.995	-0.04045	0.45679	0.07190	-0.14335
159.994	-0.09748	0.53315	0.11657	-0.13891
164.004	-0.11749	0.54932	0.09880	-0.08722
167.999	-0.17109	0.56331	0.15595	-0.13294
171.996	-0.17658	0.70202	0.17253	-0.16539
175.991	-0.23748	0.73437	0.12419	-0.21455
179.993	-0.30930	0.75740	0.19514	-0.19675
183.994	-0.26016	0.82771	0.17479	-0.14499
187.997	-0.33754	0.74793	0.25108	-0.26484
191.992	-0.29317	0.67029	0.26431	-0.27699
195.992	-0.32819	0.68420	0.32369	-0.34855
199.994	-0.33499	0.57612	0.30481	-0.33752
204.002	-0.28389	0.47296	0.29925	-0.37596
207.993	-0.36988	0.60385	0.31401	-0.42093
211.995	-0.26867	0.44588	0.32881	-0.40162
215.997	-0.30054	0.63190	0.28267	-0.40262
219.992	-0.26066	0.53501	0.31384	-0.43211
223.992	-0.28183	0.48191	0.32935	-0.43880
227.990	-0.33330	0.57105	0.35203	-0.47803
231.995	-0.28870	0.43229	0.26505	-0.47085
235.994	-0.36491	0.39042	0.25669	-0.38982
239.991	-0.31384	0.40384	0.24346	-0.37315
243.992	-0.27967	0.44598	0.20296	-0.34637
248.011	-0.27274	0.58758	0.09426	-0.35820
252.001	-0.26862	0.52223	0.13022	-0.36649
255.987	-0.31799	0.59237	0.14625	-0.40913
259.996	-0.30111	0.58037	0.17360	-0.39611
263.994	-0.26354	0.52467	0.13086	-0.41617
268.170	-0.25574	0.61732	0.13446	-0.42730
271.993	-0.21609	0.57556	0.10222	-0.48057
275.990	-0.19010	0.46730	0.11989	-0.50345
279.990	-0.16444	0.53252	0.14610	-0.54850
283.997	-0.20800	0.53240	0.17563	-0.63397
287.999	-0.24443	0.40277	0.21028	-0.56972
291.992	-0.26572	0.39223	0.21656	-0.58251
295.996	-0.24351	0.36627	0.21951	-0.58671
299.992	-0.24674	0.41673	0.27118	-0.62977
303.996	-0.28706	0.46886	0.30831	-0.64766
307.988	-0.28280	0.33357	0.36886	-0.68050
311.992	-0.31004	0.27515	0.37581	-0.57699
315.995	-0.32685	0.26489	0.36918	-0.62151
319.990	-0.41931	0.16330	0.34181	-0.55105
323.996	-0.48014	0.11567	0.38291	-0.51477
327.993	-0.45063	-0.23526	0.35697	-0.49468
332.000	-0.52982	-0.17476	0.32570	-0.47023
336.005	-0.47989	-0.28014	0.37583	-0.50851
340.030	-0.51825	-0.38626	0.39752	-0.46086
343.988	-0.47095	-0.36735	0.40345	-0.42908
347.995	-0.43209	-0.46821	0.37050	-0.39444
351.991	-0.48753	-0.59897	0.33754	-0.37290
355.992	-0.37060	-0.39939	0.40055	-0.43959
359.995	-0.26768	-0.33096	0.41882	-0.42490
363.990	-0.24080	-0.16438	0.41350	-0.46960
367.993	-0.28133	-0.28561	0.36422	-0.52961
371.993	-0.19579	-0.28989	0.39033	-0.52454
375.994	-0.16571	-0.39435	0.38683	-0.47152
379.989	-0.20447	-0.27475	0.34491	-0.46968
383.989	-0.29116	-0.25676	0.36953	-0.52009
387.988	-0.18941	-0.39994	0.38571	-0.53179
391.996	-0.25790	-0.52554	0.38894	-0.58795
395.989	-0.21723	-0.27957	0.32119	-0.68142
399.994	-0.26334	-0.16470	0.22765	-0.62361
403.987	-0.28379	-0.14790	0.25247	-0.58348
407.991	-0.22383	-0.22801	0.26996	-0.55690
411.998	-0.28510	-0.15707	0.24351	-0.52037
415.995	-0.31439	-0.09080	0.25634	-0.42809
419.990	-0.35596	0.09992	0.23937	-0.36254
423.994	-0.31585	0.09510	0.22145	-0.34473
427.989	-0.33528	0.01180	0.09503	-0.43960
431.989	-0.43170	0.15568	0.08130	-0.43746
435.987	-0.42743	0.22863	0.12932	-0.37984
439.993	-0.38665	0.26285	0.17094	-0.36396
443.991	-0.37266	0.39213	0.18042	-0.35638
447.989	-0.43998	0.41412	0.15906	-0.34706
451.987	-0.53778	0.46661	0.24473	-0.28410
455.998	-0.48279	0.56570	0.33697	-0.35737
459.991	-0.47041	0.42940	0.48450	-0.37940
463.989	-0.46408	0.33923	0.59027	-0.41977
467.987	-0.43147	0.36161	0.59305	-0.43172
472.030	-0.43867	0.46391	0.59389	-0.43060
475.996	-0.40407	0.40656	0.58682	-0.39957
479.988	-0.42743	0.32504	0.58625	-0.40705
483.988	-0.45132	0.29626	0.45487	-0.42999
487.988	-0.44348	0.31189	0.46800	-0.37809
491.987	-0.44956	0.33677	0.46830	-0.41469
495.997	-0.40063	0.33689	0.41154	-0.40965
499.984	-0.41269	0.23750	0.37613	-0.43715
503.993	-0.44316	0.30079	0.36040	-0.39161
507.990	-0.44753	0.37876	0.32372	-0.36318
511.987	-0.48723	0.42534	0.36856	-0.32700
515.988	-0.44418	0.37846	0.31977	-0.28397
519.988	-0.45296	0.34999	0.35921	-0.36097
523.992	-0.42460	0.32243	0.46138	-0.33428
527.988	-0.39574	0.37580	0.49110	-0.30809
531.992	-0.38070	0.37367	0.49686	-0.29748
535.988	-0.37516	0.32879	0.50823	-0.32412
540.004	-0.33054	0.20140	0.49063	-0.36842
543.992	-0.34166	0.25582	0.46979	-0.30354
547.986	-0.37050	0.27383	0.45401	-0.33291
552.020	-0.37568	0.26031	0.38693	-0.32755
555.989	-0.39653	0.20053	0.25051	-0.33531
559.986	-0.40780	0.20157	0.17397	-0.37459
563.990	-0.40134	0.28357	0.14734	-0.33163
567.988	-0.37777	0.32266	0.20269	-0.28516
571.986	-0.41949	0.35846	0.26173	-0.29177
575.985	-0.43842	0.29140	0.16313	-0.34378
579.996	-0.42877	0.35948	0.20239	-0.32142
583.985	-0.46492	0.34700	0.23927	-0.30877
587.982	-0.49733	0.36111	0.26143	-0.39191
591.985	-0.49230	0.26364	0.22614	-0.47197
595.987	-0.52339	0.22227	0.30138	-0.54584
599.990	-0.50674	0.07402	0.31258	-0.67355
603.988	-0.51523	0.22361	0.34305	-0.68887
608.004	-0.54577	0.10188	0.38062	-0.69424
611.991	-0.59168	-0.00328	0.35787	-0.80072
615.985	-0.60900	-0.02646	0.34429	-0.85851
619.993	-0.43832	-0.04763	0.37563	-0.75240
623.986	-0.48346	0.05618	0.37635	-0.79386
627.990	-0.52468	0.06170	0.40671	-0.85418
631.980	-0.51175	0.06746	0.38276	-0.91318
635.991	-0.32052	0.06046	0.41425	-0.87992
639.984	-0.42316	0.14246	0.39775	-0.86156
643.985	-0.42162	0.19141	0.46100	-0.79256
647.980	-0.30977	0.17968	0.49542	-0.84078
651.985	-0.32077	0.26516	0.47557	-0.87357
655.987	-0.29945	0.30032	0.46549	-0.76891
659.989	-0.22318	0.34035	0.44028	-0.73684
663.997	-0.25229	0.36783	0.42023	-0.80412
667.990	-0.20440	0.22287	0.46023	-0.83537
671.985	-0.24299	0.22024	0.44768	-0.94035
675.984	-0.23505	0.21946	0.40311	-0.87704
679.988	-0.26143	0.13692	0.37303	-0.82536
683.984	-0.31622	0.04165	0.38688	-0.84730
687.983	-0.31089	-0.08101	0.30965	-0.80557
691.984	-0.30697	-0.17866	0.31838	-0.62137
695.985	-0.29979	-0.16065	0.30610	-0.60631
699.980	-0.25478	-0.19857	0.35784	-0.55142
703.988	-0.29039	-0.28869	0.41770	-0.61095
707.987	-0.28208	-0.25795	0.47535	-0.74315
711.981	-0.28694	-0.08344	0.54751	-0.70341
715.987	-0.32739	-0.04421	0.53627	-0.69857
719.860	-0.26843	-0.19971	0.54101	-0.76080
723.861	-0.28148	-0.19464	0.54940	-0.75206
727.858	-0.25681	-0.11925	0.60900	-0.68770
731.860	-0.27269	-0.09572	0.62005	-0.66733
735.858	-0.27245	-0.04798	0.60833	-0.69516
739.856	-0.16799	-0.13883	0.61675	-0.77411
743.857	-0.25895	-0.27023	0.56570	-0.74716
747.862	-0.16402	-0.14291	0.62957	-0.83795
751.864	-0.17345	-0.15148	0.61206	-0.76335
755.855	-0.22919	-0.26556	0.48145	-0.77445
759.863	-0.09696	-0.28049	0.41611	-0.87053
763.857	-0.09590	-0.24963	0.34667	-0.72403
767.857	-0.12215	-0.21201	0.34121	-0.73551
771.857	-0.11121	-0.18845	0.24773	-0.66140
775.861	-0.06572	-0.11925	0.14466	-0.68232
779.859	-0.05897	-0.17576	0.41244	-0.73513
783.862	-0.09922	-0.07562	0.39132	-0.73458
787.855	-0.11553	-0.00060	0.36258	-0.75896
791.865	-0.10272	0.00673	0.54699	-0.75317
795.861	-0.15501	0.02246	0.47391	-0.73713
799.856	-0.15035	0.01178	0.52260	-0.78582
803.862	-0.20961	0.05256	0.48550	-0.73748
807.873	-0.23420	0.08362	0.55793	-0.75248
811.857	-0.22130	0.11672	0.56230	-0.75481
815.863	-0.17459	0.11490	0.57173	-0.80239
819.860	-0.15109	0.07790	0.58116	-0.82440
823.856	-0.17276	0.16982	0.51165	-0.78833
827.857	-0.19296	0.13620	0.38650	-0.80194
831.851	-0.14975	0.05059	0.40080	-0.90111
835.865	-0.26091	-0.94715	0.32402	-1.02180
839.860	-0.36350	-3.11273	0.22646	-2.83231
843.862	-1.51206	-3.08638	0.24832	-3.39434
847.853	-2.77156	-3.26841	0.03522	-3.80415
851.860	-2.37144	-3.40661	-0.35965	-3.98839
855.858	-2.33504	-3.27038	-0.92768	-4.17404
859.857	-2.33963	-3.25283	-0.92349	-3.97463
863.862	-2.16768	-3.39821	-0.98449	-3.98361
867.856	-2.11031	-3.39685	-1.08349	-3.88081
871.857	-1.94171	-3.47344	-1.22501	-3.95327
875.860	-2.06877	-3.38551	-1.37952	-3.98143
879.857	-2.07239	-3.36016	-1.37101	-3.84355
883.859	-2.07678	-3.27214	-1.56241	-3.86540
887.860	-2.10221	-3.34891	-1.56940	-3.95855
891.852	-2.06540	-3.36742	-1.63120	-3.93499
895.856	-2.03462	-3.29373	-1.76028	-3.82934
899.856	-1.97126	-3.33314	-1.78580	-3.80124
903.856	-1.94273	-3.28147	-1.75547	-3.70471
907.851	-1.91085	-3.26192	-1.81052	-3.77723
911.859	-1.87257	-3.24689	-1.84664	-3.75084
915.856	-1.83025	-3.22491	-1.83459	-3.77256
919.867	-1.86288	-3.21064	-1.80263	-3.74408
923.856	-1.85837	-3.24249	-1.84250	-3.75973
927.860	-1.85998	-3.28732	-1.82254	-3.81323
931.852	-1.87698	-3.26518	-1.80300	-3.85190
935.856	-1.96858	-3.23493	-1.74285	-3.90147
939.854	-2.03548	-3.18776	-1.69842	-3.89738
943.894	-2.02311	-3.15934	-1.68644	-3.94294
947.853	-2.05712	-3.09987	-1.66361	-3.98776
951.859	-2.15014	-3.04249	-1.57917	-4.04715
955.858	-2.17908	-3.09772	-1.54170	-4.09344
959.854	-2.12620	-3.11323	-1.52952	-4.17409
963.860	-2.16352	-3.14237	-1.52176	-4.23457
967.854	-2.15467	-3.15702	-1.47504	-4.27213
971.858	-2.12124	-3.17900	-1.42878	-4.35055
975.849	-2.08456	-3.22880	-1.36905	-4.37948
979.857	-2.06761	-3.22495	-1.37473	-4.43879
983.857	-2.00668	-3.36460	-1.32240	-4.43239
987.851	-1.97723	-3.28719	-1.27222	-4.48487
991.860	-1.98990	-3.35926	-1.26788	-4.50024
995.856	-1.95029	-3.37429	-1.28060	-4.55984
999.862	-1.89035	-3.37117	-1.26113	-4.60095
1003.858	-1.92825	-3.36048	-1.25401	-4.50653
1007.858	-1.94079	-3.32731	-1.25431	-4.36666
1011.856	-1.97441	-3.31799	-1.26044	-4.05804
1015.854	-1.94848	-3.27591	-1.26088	-4.28286
1019.850	-1.95383	-3.27508	-1.25039	-4.33021
1023.853	-2.01801	-3.25107	-1.23201	-4.21768
1027.852	-2.02785	-3.18862	-1.23608	-4.14290
1031.853	-2.05211	-3.16683	-1.21301	-4.18228
1035.849	-2.10087	-3.18656	-1.26388	-4.15561
1039.855	-2.09110	-3.25221	-1.33398	-4.05710
1043.861	-2.16535	-3.30242	-1.40264	-4.07827
1047.850	-2.17244	-3.28166	-1.60578	-4.09677
1051.854	-2.14607	-3.30526	-1.73581	-4.21137
1055.852	-2.09807	-3.32409	-1.76958	-4.24696
1059.853	-2.10486	-3.31213	-1.75518	-4.21285
1063.852	-2.12416	-3.30261	-1.65342	-4.23301
1067.852	-1.94211	-3.30117	-1.62807	-4.25582
1071.852	-1.87086	-3.11768	-0.95527	-4.25506
1075.852	-1.42397	-3.04758	-0.08927	-4.24833
1079.853	-1.07426	-2.81575	-0.16069	-4.15932
1083.859	-0.70034	-2.79107	0.09964	-4.16721
1087.862	-0.74032	-2.54976	-0.13374	-4.11322
1091.855	-0.61084	-2.56156	-0.17489	-4.06688
1095.857	-0.44832	-2.43202	0.01174	-4.01965
1099.852	-0.37253	-2.46542	0.12084	-3.96447
1103.861	-0.52409	-2.47462	0.07562	-3.90955
1107.852	-0.62754	-2.34220	-0.11081	-3.88315
1111.858	-0.74692	-2.40088	0.00462	-3.83752
1115.854	-0.69987	-2.45530	0.01420	-3.76654
1119.853	-0.69285	-2.46182	-0.07708	-3.73645
1123.852	-0.65975	-2.41147	-0.16094	-3.70031
1127.863	-0.63551	-2.44419	-0.16896	-3.72246
1131.852	-0.82960	-2.44734	-0.19157	-3.81529
1135.852	-0.72672	-2.45065	-0.15278	-3.77761
1139.850	-0.83233	-2.48793	-0.17956	-3.81271
1143.857	-0.71322	-2.52009	-0.24862	-3.78635
1147.852	-0.86716	-2.51752	-0.26585	-3.78323
1151.856	-0.90108	-2.50703	-0.25882	-3.80527
1155.852	-0.84081	-2.44388	-0.30158	-3.81283
1159.856	-0.78486	-2.43834	-0.32528	-3.87375
1163.852	-0.71727	-2.43882	-0.28004	-3.83842
1167.856	-0.72022	-2.43448	-0.26890	-3.85457
1171.861	-0.79201	-2.46318	-0.26719	-3.79926
1175.850	-0.90490	-2.39783	-0.31506	-3.73224
1179.850	-2.00413	-2.34552	-1.50152	-3.58127
1183.849	-4.45991	-1.96383	-3.37828	-3.57159
1187.856	-5.65848	-1.73980	-4.27508	-3.36139
1191.852	-6.62062	-1.63116	-6.42361	-2.99625
1195.855	-8.34295	-1.42482	-6.50699	-3.02732
1199.846	-8.60776	-1.48645	-6.98377	-2.99943
1203.855	-8.33972	-1.68476	-6.87472	-2.79763
1207.857	-7.54466	-1.88314	-6.91190	-2.55094
1211.855	-7.74508	-1.77333	-6.76601	-2.28343
1215.851	-8.21891	-1.50026	-6.70027	-2.30951
1219.852	-7.91310	-1.36906	-6.69512	-2.19571
1223.851	-7.67835	-1.36025	-6.88988	-2.01816
1227.869	-7.59383	-1.40894	-7.10890	-2.26820
1231.852	-7.65283	-1.48975	-7.10299	-2.32596
1235.856	-8.10890	-1.42873	-7.09756	-2.28891
1239.851	-8.14397	-1.51300	-7.07161	-2.32607
1243.849	-7.75985	-1.54849	-7.03367	-2.24924
1247.854	-7.95056	-1.59640	-7.18225	-2.41237
1251.863	-7.84552	-1.53224	-7.09355	-2.40279
1255.854	-7.77298	-1.49481	-7.13419	-2.47213
1259.846	-7.84727	-1.51600	-7.17827	-2.67188
1263.854	-7.74608	-1.59800	-7.19613	-2.67392
1267.851	-7.73545	-1.62646	-7.22446	-2.69276
1271.852	-7.81264	-1.63415	-7.14602	-2.64806
1275.849	-7.88729	-1.65575	-7.11855	-2.58567
1279.850	-7.78957	-1.63687	-7.05657	-2.52761
1283.852	-7.75670	-1.60763	-7.10895	-2.56697
1287.849	-7.76888	-1.49638	-7.10357	-2.63275
1291.853	-7.76835	-1.43226	-7.11479	-2.53780
1295.855	-7.80431	-1.41252	-7.12009	-2.48587
1299.849	-7.80677	-1.31843	-7.16977	-2.56210
1303.854	-7.81198	-1.41166	-7.13898	-2.52504
1307.848	-7.83490	-1.32929	-7.15872	-2.59262
1311.849	-7.87582	-1.39467	-7.14790	-2.64165
1315.852	-7.90070	-1.40078	-7.15232	-2.62999
1319.847	-7.86690	-1.45029	-7.17111	-2.62161
1323.854	-7.93148	-1.46468	-7.20304	-2.62595
1327.849	-7.88824	-1.57077	-7.19835	-2.52240
1331.853	-7.84289	-1.53429	-7.22282	-2.39638
1335.853	-7.85750	-1.60380	-7.35212	-2.55742
1339.853	-7.77805	-1.59338	-7.35429	-2.49361
1343.850	-7.84852	-1.60683	-7.33540	-2.44016
1347.849	-7.87326	-1.57206	-7.46853	-2.43681
1351.854	-7.87109	-1.46332	-7.45672	-2.34388
1355.868	-7.92512	-1.54702	-7.43008	-2.38124
1359.853	-7.94165	-1.56043	-7.54103	-2.42330
1363.845	-7.81451	-1.72274	-7.54710	-2.34207
1367.854	-7.78842	-1.62652	-7.54196	-2.31502
1371.852	-7.87691	-1.56383	-7.57352	-2.38629
1375.857	-7.99503	-1.45572	-7.51481	-2.44423
1379.844	-7.98362	-1.47438	-7.60197	-2.55498
1383.854	-7.95774	-1.48106	-7.56361	-2.67403
1387.883	-7.85731	-1.46155	-7.58734	-2.51310
1391.851	-7.96217	-1.41890	-7.56896	-2.38201
1395.846	-7.95509	-1.54154	-7.52669	-2.29759
1399.847	-8.01289	-1.64452	-7.55069	-2.43643
1403.849	-7.91495	-1.61845	-7.55105	-2.65890
1407.851	-7.90964	-1.58567	-7.56159	-2.48480
1411.850	-7.98895	-1.53060	-7.52774	-2.54032
1415.853	-7.93143	-1.60120	-7.49898	-2.47946
1419.850	-8.02214	-1.58543	-7.49917	-2.38384
1423.847	-7.95555	-1.54752	-7.53837	-2.49128
1427.849	-7.97186	-1.39097	-7.49598	-2.49610
1431.851	-8.03144	-1.32329	-7.50622	-2.54546
1435.844	-7.97851	-1.36621	-7.51698	-2.51567
1439.851	-8.02891	-1.41803	-7.49356	-2.55050
1443.846	-7.96553	-1.27616	-7.51818	-2.60560
1447.850	-8.02034	-1.31787	-7.51349	-2.57903
1451.844	-8.00024	-1.26279	-7.52159	-2.59216
1455.846	-7.89547	-1.39126	-7.55693	-2.71529
1459.849	-7.97184	-1.44786	-7.60921	-2.76416
1463.850	-7.92770	-1.26139	-7.58856	-2.76877
1467.843	-7.94168	-1.35135	-7.62255	-2.72006
1471.851	-7.88872	-1.41015	-7.55986	-2.67042
1475.846	-7.86500	-1.50899	-7.52105	-2.59229
1479.851	-7.85957	-1.47170	-7.46053	-2.54374
1483.846	-7.79685	-1.52122	-7.55193	-2.46283
1487.850	-7.71725	-1.50202	-7.55242	-2.61862
1491.845	-7.71060	-1.45974	-7.61004	-2.60854
1495.852	-7.71832	-1.53233	-7.57495	-2.56625
1499.854	-7.80197	-1.42316	-7.53398	-2.51174
1503.846	-7.77914	-1.25060	-7.54503	-2.51940
1507.846	-7.78099	-1.28954	-7.47973	-2.54264
1511.867	-7.79554	-1.25697	-7.38253	-2.55562
1515.849	-7.79554	-1.21445	-7.47363	-2.57678
1519.845	-7.83061	-1.19729	-7.44911	-2.67948
1523.848	-7.88315	-1.14520	-7.46638	-2.75330
1527.846	-7.90781	-1.04950	-7.48451	-2.81389
1531.849	-7.86851	-1.09965	-7.46809	-2.80872
1535.842	-7.79566	-1.09499	-7.50051	-2.77513
1539.850	-7.90175	-1.01738	-7.45792	-2.83375
1543.860	-7.89783	-1.03968	-7.48388	-2.84863
1547.848	-7.90750	-1.10621	-7.48053	-2.77968
1551.845	-7.90121	-1.11951	-7.54527	-2.75656
1555.843	-7.85719	-1.10871	-7.60648	-2.70183
1559.847	-7.76455	-1.05476	-7.74067	-2.78868
1563.845	-7.78075	-1.07212	-7.75037	-2.74116
1567.843	-7.85945	-1.22484	-7.90367	-2.65233
1571.718	-8.12860	-1.15951	-8.12313	-2.53655
1575.725	-8.13040	-1.11871	-8.12417	-2.42274
1579.721	-8.11391	-1.11509	-8.14910	-2.37390
1583.723	-8.10034	-1.09629	-7.97201	-2.33101
1587.729	-8.02888	-1.04181	-8.10005	-2.29896
1591.723	-8.08102	-0.94376	-8.12841	-2.38168
1595.725	-7.97196	-1.04958	-8.27013	-2.46086
1599.718	-8.30626	-1.05106	-8.29506	-2.54059
1603.726	-8.29518	-1.44030	-8.27878	-2.51227
1607.722	-8.33124	-1.71086	-8.27384	-2.46545
1611.721	-8.37495	-1.70564	-8.19791	-2.47827
1615.717	-8.28109	-1.52496	-8.15815	-2.56839
1619.721	-8.18514	-1.76762	-8.16771	-2.54933
1623.717	-8.20357	-1.57523	-8.16270	-2.48131
1627.720	-8.16622	-1.69511	-8.20116	-2.44464
1631.724	-8.10360	-1.65344	-8.22599	-2.36099
1635.728	-8.12405	-1.65909	-8.24589	-2.30843
1639.724	-8.16800	-1.64799	-8.22086	-2.12059
1643.719	-8.03190	-1.70649	-8.30881	-1.95704
1647.721	-8.00939	-1.51375	-8.29081	-2.04316
1651.717	-7.87582	-1.40871	-8.31465	-2.20858
1655.723	-7.73402	-1.39098	-8.31610	-2.18060
1659.720	-7.73796	-1.32177	-8.24864	-2.11995
1663.718	-7.64313	-1.22599	-8.18638	-2.17749
1667.718	-7.81563	-1.23437	-8.16878	-2.24665
1671.724	-7.86342	-1.22082	-8.21791	-2.32035
1675.721	-7.96059	-1.46032	-8.20880	-2.40465
1679.716	-7.96176	-1.38518	-8.23187	-2.41403
1683.719	-8.05251	-1.65847	-8.19630	-2.47327
1687.719	-7.99537	-1.54282	-8.14628	-2.54578
1691.721	-8.02049	-1.72095	-8.14086	-2.54003
1695.721	-8.06450	-1.69306	-8.09917	-2.47714
1699.719	-8.14786	-1.59130	-8.14456	-2.29630
1703.720	-8.19307	-1.66647	-8.20022	-2.25001
1707.715	-8.16693	-1.67533	-8.20517	-2.11991
1711.717	-8.14560	-1.63749	-8.18278	-2.06951
1715.725	-8.15076	-1.62612	-8.17575	-2.07556
1719.717	-8.13551	-1.51679	-8.15985	-2.05941
1723.722	-8.13347	-1.47172	-8.15954	-2.04445
1727.718	-8.13407	-1.46122	-8.14176	-2.02456
1731.717	-8.20462	-1.38992	-8.13911	-1.97895
1735.716	-8.34448	-1.32596	-8.15064	-1.96587
1739.719	-8.26925	-1.30736	-8.17785	-1.93225
1743.720	-8.20009	-1.35774	-8.13750	-1.98282
1747.714	-8.16870	-1.34265	-8.17196	-1.97675
1751.722	-8.26053	-1.29068	-8.21432	-1.98890
1755.724	-8.25202	-1.26507	-8.26493	-2.06453
1759.721	-8.28889	-1.25979	-8.34208	-2.13757
1763.743	-8.28687	-1.38610	-8.33484	-2.36417
1767.720	-8.31056	-1.43890	-8.33306	-2.56547
1771.720	-8.36564	-1.42466	-8.34351	-2.56582
1775.716	-8.41969	-1.30893	-8.35527	-2.63878
1779.716	-8.32133	-1.38836	-8.35274	-2.63558
1783.716	-8.25695	-1.48505	-8.34725	-2.80140
1787.721	-8.33073	-1.49501	-8.35002	-2.79107
1791.722	-8.38651	-1.66290	-8.33423	-2.68154
1795.725	-8.24796	-1.45144	-7.63272	-2.73671
1799.718	-6.12261	-1.68115	-6.18568	-2.77612
1803.747	-5.70062	-1.71618	-3.90009	-2.94725
1807.717	-4.08323	-1.73861	-3.05051	-3.07987
1811.720	-2.99802	-1.82860	-1.51355	-3.25851
1815.714	-1.57562	-1.77560	-0.65062	-3.76665
1819.715	-0.96328	-2.18054	0.31657	-3.61452
1823.713	-0.63086	-2.20039	0.39546	-3.61466
1827.719	-0.25686	-2.20299	-0.05688	-3.72866
1831.754	-0.17606	-2.19481	-0.21998	-3.76372
1835.709	-0.27103	-2.50392	-0.36759	-3.91237
1839.721	-0.33672	-2.48952	-0.20457	-4.03013
1843.720	-0.32424	-2.46601	-0.10255	-4.01747
1847.715	-0.33449	-2.51980	0.01360	-4.02546
1851.712	-0.26716	-2.49737	0.00839	-4.10179
1855.718	-0.21132	-2.59966	0.10619	-4.13453
1859.713	-0.13312	-2.62989	0.24813	-4.13542
1863.713	-0.13821	-2.47693	0.18832	-4.17573
1867.714	-0.15360	-2.41283	0.12104	-4.16919
1871.715	-0.20388	-2.46420	0.22807	-4.18652
1875.715	-0.23428	-2.50075	0.31074	-4.17450
1879.718	-0.23840	-2.45799	0.37253	-4.10595
1883.714	-0.22457	-2.41982	0.41901	-4.04083
1887.714	-0.20986	-2.38485	0.48972	-3.98113
1891.717	-0.17380	-2.28016	0.48947	-3.97339
1895.714	-0.15908	-2.27518	0.51761	-3.94632
1899.716	-0.18355	-2.30884	0.48527	-4.00259
1903.713	-0.20209	-2.28701	0.45185	-4.02353
1907.715	-0.20484	-2.30906	0.48311	-3.95722
1911.715	-0.14044	-2.33015	0.54371	-3.98700
1915.712	-0.08743	-2.38049	0.55024	-4.05309
1919.721	-0.01313	-2.34036	0.52399	-3.96840
1923.721	0.05346	-2.28885	0.46805	-4.03992
1927.709	0.12277	-2.35854	0.48031	-4.15563
1931.718	0.14518	-2.39574	0.52322	-4.16267
1935.728	0.13883	-2.43357	0.56803	-4.18726
1939.721	0.17454	-2.44297	0.59863	-4.18118
1943.710	0.17261	-2.46127	0.67087	-4.11374
1947.717	0.20045	-2.51799	0.72484	-4.09872
1951.713	0.22033	-2.60739	0.63873	-4.17717
1955.717	0.20777	-2.64122	0.65109	-4.14342
1959.712	0.23425	-2.61907	0.55982	-4.10018
1963.718	0.21430	-2.69187	0.48701	-4.11875
1967.747	0.17382	-2.74079	0.54781	-4.13512
1971.721	0.15005	-2.71940	0.60794	-4.09444
1975.708	0.11813	-2.66853	0.48572	-4.07630
1979.716	0.12697	-2.64951	0.44182	-4.06203
1983.712	0.11389	-2.70200	0.38519	-4.07685
1987.716	0.11694	-2.69007	0.36886	-4.08225
1991.716	0.11054	-2.63002	0.33163	-4.08189
1995.708	0.09292	-2.57199	0.32625	-4.04036
1999.718	0.07634	-2.51287	0.32429	-3.96796
2003.722	0.05204	-2.46920	0.31786	-3.99244
2007.719	0.02549	-2.44715	0.43170	-3.99832
2011.713	0.01712	-2.43909	0.40842	-3.96626
2015.715	0.01698	-2.36700	0.41879	-3.90411
2019.716	0.03313	-2.33540	0.35658	-3.94143
2023.709	-0.01519	-2.35435	0.42981	-4.02619
2027.712	-0.02879	-2.36008	0.47525	-4.02945
2031.748	-0.06289	-2.29580	0.48964	-3.99599
2035.715	-0.04869	-2.25519	0.46309	-3.98975
2039.716	-0.04083	-2.18882	0.41455	-4.04291
2043.730	-0.06048	-2.21107	0.40961	-4.08408
2047.721	-0.09473	-2.16924	0.36737	-4.09216
2051.716	-0.09279	-2.17343	0.34104	-4.05323
2055.710	-0.08480	-2.11966	0.32005	-4.05314
2059.711	-0.09111	-2.10715	0.30898	-4.05203
2063.705	-0.10520	-2.13035	0.37715	-4.04763
2067.709	-0.07341	-2.09315	0.38559	-4.04906
2071.710	-0.06557	-2.06717	0.38871	-4.07969
2075.715	-0.05591	-2.01789	0.39827	-4.09274
2079.721	-0.06098	-2.01136	0.40125	-4.09143
2083.710	-0.08177	-2.03069	0.38775	-4.07873
2087.715	-0.05368	-2.00190	0.44917	-4.07333
2091.707	-0.04408	-1.99339	0.52158	-4.07257
2095.716	-0.04341	-1.96867	0.55334	-4.09705
2099.713	-0.03348	-1.94507	0.51341	-4.14080
2103.713	-0.00888	-1.93683	0.54337	-4.15670
2107.715	0.00434	-1.91446	0.51853	-4.16374
2111.709	0.01266	-1.87954	0.48076	-4.15558
2115.715	-0.01876	-1.86405	0.48503	-4.11361
2119.709	0.00963	-1.87859	0.47728	-4.13264
2123.710	0.00561	-1.90019	0.49230	-4.13610
2127.705	0.02035	-1.85521	0.48140	-4.14307
2131.719	-0.01258	-1.85948	0.45425	-4.14739
2135.710	-0.00149	-1.88167	0.44435	-4.15041
2139.710	0.02450	-1.93916	0.41120	-4.14131
2143.706	0.06425	-1.92201	0.41199	-4.08497
2147.708	0.04723	-1.94966	0.39522	-4.07091
2151.708	0.04760	-2.00595	0.41013	-4.01171
2155.709	0.07478	-2.13326	0.42882	-3.94464
2159.706	0.10773	-2.32118	0.44075	-3.94025
2163.715	0.12292	-2.44285	0.48875	-3.94747
2167.712	0.14029	-2.38518	0.48478	-3.94043
2171.740	0.15501	-2.44158	0.53217	-3.89778
2175.721	0.19102	-2.46469	0.53620	-3.89041
2179.710	0.59325	-2.59299	1.69490	-3.86273
2183.711	0.85424	-2.47557	2.09041	-3.67361
2187.707	1.72942	-2.43252	2.74655	-3.51201
2191.709	2.28388	-1.95912	4.13520	-3.01349
2195.710	2.70062	-1.92749	4.19445	-3.08394
2199.709	2.81283	-1.74403	4.05629	-3.09901
2203.709	2.64334	-1.67359	3.51127	-3.04845
2207.713	2.65154	-1.59580	3.63792	-2.94384
2211.716	2.57288	-1.71498	3.48832	-2.91740
2215.712	2.53459	-1.69730	3.56465	-2.91439
2219.711	2.57159	-1.62487	3.45628	-2.93002
2223.710	2.61402	-1.54418	3.54732	-2.87110
2227.705	2.62994	-1.48832	3.57545	-2.89610
2231.711	2.60837	-1.48222	3.61322	-2.89286
2235.709	2.57372	-1.50469	3.51879	-2.88910
2239.711	2.55735	-1.48665	3.52185	-2.93676
2243.726	2.51831	-1.48699	3.49614	-2.93026
2247.707	2.50457	-1.59609	3.52010	-2.92487
2251.708	2.48292	-1.68196	3.52586	-2.93598
2255.706	2.48282	-1.66058	3.54704	-2.94593
2259.717	2.49032	-1.66085	3.55758	-2.94481
2263.707	2.51133	-1.70284	3.60808	-2.93221
2267.711	2.50536	-1.75801	3.65191	-2.93311
2271.703	2.50273	-1.73747	3.67791	-2.94806
2275.706	2.51358	-1.83423	3.72941	-2.97017
2279.706	2.50685	-1.71254	3.79579	-3.02187
2283.712	2.47199	-1.82288	3.78197	-2.99858
2287.703	2.44346	-1.85539	3.70045	-3.00476
2291.713	2.48740	-1.76172	3.66461	-3.02734
2295.715	2.50613	-1.72383	3.62234	-3.03784
2299.705	2.55921	-1.69223	3.59631	-3.05106
2303.706	2.55842	-1.70707	3.65712	-3.06589
2307.740	2.58447	-1.73369	3.55604	-3.10219
2311.712	2.57444	-1.72909	3.56766	-3.10146
2315.712	2.66739	-1.69320	3.52168	-3.10718
2319.705	2.65018	-1.64075	3.52442	-3.10709
2323.706	2.71468	-1.64788	3.50450	-3.07325
2327.705	2.72456	-1.65007	3.50553	-3.10129
2331.712	2.76195	-1.63650	3.52022	-3.13829
2335.707	2.75096	-1.62449	3.53488	-3.10466
2339.711	2.73415	-1.56065	3.57009	-3.08901
2343.702	2.68799	-1.63135	3.60091	-3.09922
2347.706	2.66412	-1.60020	3.65062	-3.10075
2351.705	2.62796	-1.60732	3.68708	-3.10174
2355.713	2.61810	-1.67787	3.71046	-3.06719
2359.712	2.58524	-1.65197	3.73888	-3.02785
2363.708	2.57286	-1.73358	3.70925	-3.07669
2367.706	2.56681	-1.72122	3.69785	-3.10128
2371.701	2.58061	-1.76993	3.68300	-3.08385
2375.705	2.70153	-1.88236	3.68179	-3.02251
2379.713	2.80642	-1.90173	3.69894	-3.04537
2383.702	3.11334	-1.95149	3.62457	-3.01553
2387.706	2.99589	-1.99322	3.60563	-2.99254
2391.708	3.06523	-1.94714	3.53997	-3.11021
2395.709	3.12289	-1.97405	3.53488	-3.18181
2399.705	3.16973	-1.91458	3.51345	-3.27049
2403.711	3.25775	-1.87960	3.53112	-3.23869
2407.706	3.12564	-1.82819	3.55510	-3.22340
2411.705	2.98760	-1.69006	3.59518	-3.06276
2415.705	3.06051	-1.68972	3.56593	-3.17099
2419.714	2.99081	-1.82296	3.41558	-3.50983
2423.704	2.46196	-2.21754	2.81026	-3.70753
2427.591	1.78657	-4.54233	2.78146	-4.31522
2431.581	1.55717	-5.85444	2.43924	-5.11914
2435.580	1.80134	-5.50139	2.05447	-5.71894
2439.576	1.35467	-5.73455	1.91881	-6.04597
2443.585	1.49135	-5.71494	1.65302	-6.24720
2447.587	1.43481	-5.82556	1.93323	-6.19255
2451.583	1.30642	-5.61076	1.83219	-6.11889
2455.581	1.42236	-5.14575	1.54696	-6.07257
2459.580	1.66993	-6.96391	1.54678	-6.06663
2463.586	1.58743	-6.91793	1.49453	-6.06719
2467.611	1.71737	-7.22423	1.43369	-6.06954
2471.582	1.85993	-7.33154	1.48017	-6.12885
2475.578	1.82192	-7.40556	1.39582	-6.16044
2479.599	1.83281	-7.50029	1.35755	-6.16370
2483.585	1.94407	-7.57633	1.38540	-6.17422
2487.584	1.94511	-7.70101	1.42164	-6.17117
2491.578	2.02088	-7.82347	1.34420	-6.25090
2495.582	-2.41925	-7.84215	1.33140	-6.26590
2499.578	-2.37852	-7.81306	1.36643	-6.36346
2503.579	-2.30670	-7.90597	1.36471	-6.43474
2507.583	-2.30704	-7.92965	1.34405	-6.44377
2511.596	-2.31292	-7.98867	1.36566	-6.52911
2515.582	-2.27781	-8.00024	1.34951	-6.42938
2519.576	-2.28360	-8.05892	1.28953	-6.45907
2523.584	-2.30397	-8.06750	1.26602	-6.45834
2527.578	-2.28881	-8.08878	1.17163	-6.53158
2531.582	-2.25246	-8.04992	1.11839	-6.50350
2535.573	-2.21650	-7.98554	1.13608	-6.49858
2539.577	-2.20349	-7.94416	1.13836	-6.47704
2543.577	-1.36980	-7.97172	1.17319	-6.44878
2547.577	1.31570	-4.92037	1.14821	-6.39628
2551.582	1.46663	-4.81517	1.17111	-6.40538
2555.579	1.38374	-4.87219	1.16709	-6.35943
2559.581	1.44069	-4.98584	1.19621	-6.35419
2563.581	1.46576	-5.07869	1.21115	-6.36218
2567.579	1.48287	-5.10153	1.27028	-6.36381
2571.577	1.45991	-5.07997	1.35797	-6.29229
2575.576	1.43731	-5.11127	1.38647	-6.22646
2579.579	1.46804	-5.09631	1.41291	-6.20746
2583.576	1.41583	-5.09793	1.43163	-6.16670
2587.580	1.42079	-5.07172	1.43458	-6.17303
2591.582	1.42672	-5.04627	1.45279	-6.16323
2595.576	1.40755	-5.06164	1.45157	-6.13279
2599.581	1.43942	-5.04932	1.46464	-6.11605
2603.604	1.44175	-5.06647	1.45177	-6.08657
2607.580	1.40700	-5.01962	1.45137	-6.03184
2611.578	1.41134	-4.99350	1.42156	-6.09689
2615.580	1.41124	-4.96633	1.36953	-6.12175
2619.576	1.41658	-4.94539	1.33239	-6.16777
2623.576	1.41779	-4.90445	1.38347	-6.14959
2627.579	1.41529	-4.93743	1.33559	-6.17498
2631.577	1.41650	-5.04965	1.38686	-6.10098
2635.579	1.46246	-5.71570	1.52114	-6.24664
2647.251	1.85651	-6.98211	2.96059	-6.87147
2651.555	2.43994	-8.41770	4.29870	-7.88235
2654.095	2.63316	-8.50112	4.17593	-8.20597
2656.601	2.85970	-8.64195	4.19299	-8.28800
2659.583	2.62224	-8.63530	4.26405	-8.31773
2663.587	2.33036	-8.50518	4.11811	-8.36478
2667.607	2.76227	-8.37407	3.94340	-8.30942
2671.581	2.80224	-8.33642	4.01806	-8.22995
2675.578	2.94926	-8.51365	3.95399	-8.33776
2679.576	2.95062	-8.55422	3.78929	-8.36878
2683.575	2.99623	-8.51759	3.91995	-8.36358
2687.580	2.97510	-8.64203	3.99168	-8.40035
2691.575	3.01480	-8.60917	3.94280	-8.42209
2695.580	3.11183	-8.60913	3.99504	-8.41555
2699.572	3.15674	-8.59821	3.95883	-8.41427
2703.580	3.26497	-8.64528	4.10123	-8.38635
2707.577	3.34079	-8.63927	4.02416	-8.43119
2711.578	3.40526	-8.66644	4.17833	-8.45537
2715.581	3.44110	-8.67192	4.24715	-8.49318
2719.580	3.49386	-8.60193	4.26501	-8.47647
2723.577	3.51209	-8.54022	4.21108	-8.47650
2727.578	3.55552	-8.44759	4.35005	-8.46051
2731.578	3.57206	-8.44351	4.35067	-8.43476
2735.574	3.60477	-8.38460	4.36560	-8.38637
2739.578	3.61658	-8.25403	4.30509	-8.42141
2743.570	3.64840	-8.24957	4.19904	-8.41477
2747.579	3.67363	-8.23540	4.16253	-8.35122
2751.577	3.65853	-8.26806	4.19598	-8.32973
2755.575	3.63685	-8.15949	4.07782	-8.23322
2759.577	3.59278	-8.09711	4.10940	-8.17285
2763.585	3.58116	-8.09249	4.01193	-8.00301
2767.574	3.63203	-8.12680	3.94562	-8.00144
2771.575	3.70398	-8.11697	3.86378	-8.01351
2775.600	3.71100	-8.10998	3.79655	-7.99607
2779.581	3.65354	-8.08293	3.81274	-7.96190
2783.575	3.58398	-8.20569	3.85674	-7.93718
2787.573	3.47376	-8.21511	3.87094	-7.94332
2791.577	3.42621	-8.21942	3.90607	-7.99731
2795.574	3.58648	-8.11408	4.04014	-7.96960
2799.578	3.55285	-8.01267	3.92102	-8.03512
2803.574	3.46432	-7.99705	3.81115	-8.02805
2807.572	3.32602	-8.08695	3.91138	-8.08090
2811.573	3.37203	-7.93961	3.93337	-8.08506
2815.578	3.41731	-7.86407	3.99726	-8.11392
2819.574	3.35132	-7.93165	3.95977	-8.08189
2823.573	3.23175	-8.06669	3.87458	-8.07425
2827.572	3.04383	-8.04071	3.77750	-8.08998
2831.573	3.26710	-7.92020	3.75650	-8.04880
2835.571	3.24328	-7.89502	3.76040	-8.01682
2839.573	3.30994	-7.81996	3.80268	-8.06544
2843.573	3.21080	-7.70475	3.78444	-8.05202
2847.575	3.18784	-7.85941	3.82766	-8.04584
2851.576	3.24029	-7.85716	3.80330	-8.01008
2855.577	3.36290	-7.76200	3.74552	-7.99317
2859.579	3.30675	-7.80608	3.79351	-7.96991
2863.573	3.20058	-7.87957	3.86978	-7.96621
2867.574	3.21191	-7.88289	3.73878	-7.93912
2871.573	3.20590	-7.84964	3.78321	-7.90348
2875.616	3.20461	-7.91007	3.80021	-7.90651
2879.570	3.27873	-7.90020	3.91758	-7.94838
2883.577	3.26265	-7.85407	3.95021	-7.92721
2887.575	3.23598	-7.77952	3.98736	-7.95747
2891.572	3.26960	-7.67956	3.98689	-7.90702
2895.566	3.32001	-7.64579	3.89851	-7.97832
2899.571	3.29018	-7.73787	3.95342	-8.08893
2903.574	3.23502	-7.89435	3.97679	-8.18517
2907.573	3.28147	-7.91950	3.95152	-8.23321
2911.567	3.30618	-7.94627	4.02895	-8.28080
2915.572	3.35283	-8.13823	4.11898	-8.31323
2919.570	3.32140	-8.15298	4.26311	-8.34896
2923.578	3.33371	-8.22285	4.34512	-8.29927
2927.580	3.33203	-8.22971	4.08458	-8.30883
2931.571	3.29582	-8.46701	3.95770	-8.34634
2935.572	3.26233	-8.47862	4.13436	-8.38006
2939.570	3.18163	-8.30268	3.88330	-8.24184
2943.574	2.89084	-7.73344	2.53954	-8.09140
2947.570	0.81302	-5.76725	1.96893	-7.56375
2951.576	-0.25257	-5.13150	0.21837	-6.35032
2955.569	-1.11130	-4.92387	-0.57687	-5.37742
2959.570	-2.23868	-4.21332	-2.45611	-4.29740
2963.570	-3.61436	-3.54508	-2.72545	-4.33273
2967.580	-4.15226	-2.48776	-3.11143	-4.03150
2971.573	-4.21217	-2.64506	-3.61033	-3.65672
2975.575	-4.00381	-2.46209	-3.57859	-3.57625
2979.575	-3.99297	-2.55945	-3.38479	-3.69179
2983.573	-3.70616	-2.72506	-3.15595	-3.58061
2987.571	-3.93880	-3.51452	-3.10982	-3.57388
2991.573	-3.94441	-3.40179	-3.19511	-3.62106
2995.577	-4.15549	-3.17816	-3.20998	-3.52892
2999.571	-4.00277	-3.48656	-3.37472	-3.47661
3003.575	-4.06355	-3.55981	-3.47438	-3.62890
3007.571	-4.13070	-3.40516	-3.44468	-3.54417
3011.575	-4.05152	-3.16783	-3.44728	-3.52550
3015.587	-4.02752	-3.37776	-3.35165	-3.63080
3019.573	-4.06236	-3.34550	-3.49683	-3.63301
3023.576	-4.02497	-3.38463	-3.54442	-3.64283
3027.569	-4.11201	-3.29448	-3.56534	-3.62687
3031.569	-4.08653	-3.14985	-3.65984	-3.63234
3035.569	-4.07574	-3.20326	-3.67128	-3.66599
3039.574	-4.03001	-3.17767	-3.64578	-3.67256
3043.566	-4.05848	-3.14136	-3.66342	-3.66550
3047.570	-4.03784	-3.09366	-3.64758	-3.64595
3051.576	-4.08436	-3.04203	-3.63695	-3.59852
3055.576	-4.09545	-2.98637	-3.63112	-3.58466
3059.577	-4.11182	-2.90714	-3.72867	-3.57350
3063.574	-4.06997	-2.82750	-3.71720	-3.56769
3067.565	-4.09708	-2.80740	-3.79285	-3.55758
3071.570	-4.11940	-2.89126	-3.78435	-3.59069
3075.572	-4.13643	-2.86880	-3.77075	-3.57224
3079.574	-4.12954	-2.80262	-3.72598	-3.55190
3083.568	-4.12745	-2.74766	-3.82581	-3.53494
3087.575	-4.15083	-2.70774	-3.76107	-3.53847
3091.608	-4.21772	-2.67361	-3.78780	-3.55148
3095.574	-4.20778	-2.58699	-3.87971	-3.58846
3099.567	-4.16258	-2.57818	-3.85034	-3.62679
3103.569	-4.16164	-2.55375	-3.77046	-3.63352
3107.565	-4.17615	-2.57841	-3.81837	-3.69135
3111.567	-4.20195	-2.54333	-3.81244	-3.65693
3115.570	-4.12132	-2.49592	-3.77948	-3.54911
3119.568	-4.10206	-2.45801	-3.85207	-3.48603
3123.569	-4.17008	-2.45770	-3.93574	-3.49052
3127.569	-4.23036	-2.47222	-3.81817	-3.49338
3131.572	-4.21960	-2.44802	-3.87089	-3.50401
3135.573	-4.19410	-2.39152	-3.86277	-3.45659
3139.570	-4.14868	-2.40499	-3.82642	-3.38423
3143.567	-4.20264	-2.40438	-3.89720	-3.42886
3147.566	-4.18400	-2.41001	-3.94490	-3.37014
3151.568	-4.17773	-2.36898	-3.98161	-3.29219
3155.567	-4.22960	-2.37402	-4.02189	-3.31496
3159.567	-4.12977	-2.37306	-4.05300	-3.46269
3163.568	-4.17630	-2.39224	-3.88779	-3.41677
3167.573	-4.13996	-2.32815	-3.72899	-3.47607
3171.570	-3.91398	-2.24701	-3.86736	-3.48392
3175.570	-3.64810	-2.19667	-2.96557	-3.31564
3179.577	-1.38667	-2.05766	-0.76541	-3.13741
3183.568	-0.94572	-1.94522	-0.11692	-3.18079
3187.572	-0.14352	-1.88308	0.08684	-2.95913
3191.563	-0.25388	-1.78020	0.05219	-3.01321
3195.566	-0.41249	-1.65251	0.15275	-3.00262
3199.571	-0.35251	-1.63760	0.04579	-2.99279
3203.568	-0.32722	-1.69079	-0.12007	-2.92790
3207.567	-0.34868	-1.62941	-0.03608	-2.97202
3211.567	-0.25249	-1.61783	-0.02330	-2.95433
3215.572	-0.22745	-1.61843	-0.04628	-2.87306
3219.567	-0.22718	-1.67524	-0.06671	-2.87611
3223.565	-0.22043	-1.71064	0.00012	-2.90062
3227.572	-0.14980	-1.73620	-0.05107	-2.89834
3231.570	-0.18040	-1.74980	-0.06731	-2.95797
3235.566	-0.17864	-1.77457	-0.04775	-3.05764
3239.572	-0.10503	-1.79700	-0.02472	-3.08859
3243.567	-0.10796	-1.79119	0.03209	-3.07925
3247.567	-0.08619	-1.74402	0.08718	-3.07610
3251.565	-0.05174	-1.72721	0.07180	-3.09961
3255.566	-0.08612	-1.70320	0.12272	-3.12361
3259.570	-0.11811	-1.64813	0.11429	-3.11269
3263.569	-0.05825	-1.58991	0.13880	-3.16449
3267.570	0.00268	-1.57395	0.12565	-3.16390
3271.564	0.01477	-1.56364	0.10816	-3.17515
3275.567	0.05470	-1.53069	0.13637	-3.15054
3279.567	0.03740	-1.51477	0.09992	-3.07654
3283.471	0.02040	-1.49255	0.07728	-3.02949
3287.436	0.00476	-1.44281	0.02437	-3.00464
3291.444	0.01767	-1.42937	0.01745	-2.94769
3295.443	-0.02794	-1.42051	0.04035	-2.94997
3299.436	0.00544	-1.39709	0.00583	-2.90652
3303.451	0.01782	-1.34494	0.06286	-2.91408
3307.444	0.02889	-1.36654	0.06614	-2.84720
3311.444	-0.00097	-1.30495	0.16799	-2.74194
3315.440	-0.04668	-1.45441	0.14216	-2.66272
3319.439	-0.04611	-1.37315	0.15702	-2.74466
3323.438	-0.08793	-1.42006	0.14186	-2.88584
3327.435	-0.01489	-1.49980	0.18534	-2.91369
3331.440	0.00318	-1.50792	0.20095	-2.92774
3335.442	-0.04465	-1.51693	0.22472	-2.88109
3339.456	-0.04733	-1.41875	0.22668	-2.89822
3343.441	0.00544	-1.51542	0.22594	-2.76335
3347.452	-0.04117	-1.54611	0.24207	-2.69149
3351.440	-0.07567	-1.56386	0.18735	-2.80327
3355.440	-0.03504	-1.64384	0.15871	-3.03719
3359.445	0.01879	-1.54080	0.17382	-3.05143
3363.438	-0.03606	-1.48681	0.16814	-2.90579
3367.443	0.00027	-1.52150	0.20219	-2.73486
3371.436	-0.07721	-1.50347	0.17499	-2.62793
3375.443	-0.07502	-1.60893	0.19360	-2.99704
3379.439	-0.05681	-1.52078	0.19263	-2.89810
3383.439	0.03522	-1.47127	0.18238	-2.75507
3387.442	-0.05187	-1.46143	0.26629	-2.68876
3391.445	-0.01678	-1.65646	0.15903	-2.72200
3395.441	-0.03502	-1.65628	0.18549	-3.05938
3399.473	-0.11327	-1.45160	0.24840	-2.88262
3403.446	-0.02579	-1.35333	0.19886	-2.73231
3407.437	-0.14265	-1.41859	0.21261	-2.64493
3411.440	-0.07907	-1.72279	0.23783	-2.57649
3415.443	-0.06165	-1.78570	0.16739	-2.69255
3419.441	-0.08805	-1.60183	0.12545	-2.93507
3423.437	-0.04070	-1.36508	0.12692	-2.82328
3427.439	-0.07147	-1.38264	0.14754	-2.83381
3431.446	-0.25083	-1.45717	0.10994	-2.76847
3435.439	-0.24822	-1.66530	0.13789	-2.75587
3439.437	-0.20137	-1.62861	0.18067	-2.52549
3443.441	-0.13665	-1.65441	0.10662	-2.57534
3447.441	-0.15250	-1.65369	0.12699	-2.63029
3451.439	-0.16144	-1.57002	0.07115	-2.67966
3455.437	-0.11778	-1.50278	0.13327	-2.94619
3459.438	-0.12657	-1.43176	0.16653	-2.94963
3463.440	-0.11359	-1.29437	0.30637	-2.84099
3467.485	-0.07827	-1.22170	0.27622	-2.88012
3471.450	-0.11503	-1.21536	0.33719	-2.83789
3475.436	-0.03122	-1.42615	0.31555	-2.75222
3479.443	-0.02159	-1.64709	0.31287	-2.71659
3483.448	-0.03415	-1.62480	0.27051	-2.76785
3487.438	-0.02020	-1.58256	0.25669	-2.85350
3491.442	0.00707	-1.63202	0.21499	-2.86659
3495.439	0.01571	-1.67632	0.31868	-2.83576
3499.437	0.00154	-1.56424	0.23192	-2.86466
3503.477	0.00757	-1.52163	0.14220	-2.87094
3507.438	-0.00658	-1.59806	0.04745	-2.87440
3511.445	-0.04117	-1.68185	0.03303	-2.86458
3515.445	-0.04212	-1.70038	-0.03643	-2.86632
3519.436	-0.05209	-1.66629	-0.05385	-2.85933
3523.435	-0.03539	-1.57067	-0.08654	-2.88855
3527.430	-0.01291	-1.51110	-0.07152	-2.92987
3531.435	0.00057	-1.49240	-0.04502	-2.92878
3535.447	0.01417	-1.44216	-0.01936	-2.93517
3539.468	0.02487	-1.42078	-0.06053	-2.96977
3543.444	0.01643	-1.40988	-0.09629	-2.95651
3547.443	0.03345	-1.41574	-0.10123	-2.94830
3551.437	0.03368	-1.42021	-0.06788	-2.95026
3555.439	0.02718	-1.38246	-0.09580	-2.95467
3559.432	0.01631	-1.37683	-0.10955	-2.93997
3563.435	0.02405	-1.36076	-0.09148	-2.98089
3567.434	0.01787	-1.40255	-0.11478	-2.98741
3571.431	0.01524	-1.43541	-0.12126	-2.98146
3575.434	0.03137	-1.45408	-0.09056	-2.98887
3579.434	0.10597	-1.50745	0.11431	-2.95214
3583.440	0.50485	-1.57260	2.42260	-2.95937
3587.436	2.52788	-1.80061	3.34042	-2.99219
3591.436	3.42881	-1.67555	5.27710	-3.09575
3595.443	4.39052	-1.83200	6.40209	-3.11661
3599.431	5.11445	-1.95817	7.58127	-3.26416
3603.440	6.19712	-1.97418	8.43576	-3.94499
3607.440	6.58692	-2.20411	8.26150	-3.77243
3611.432	6.98064	-2.41785	8.05545	-4.39500
3615.439	7.05051	-2.81597	8.16926	-4.49929
3619.452	7.06718	-2.76342	8.24042	-4.49088
3623.439	7.01042	-2.74156	8.08144	-4.50374
3627.435	6.81468	-2.84298	8.21876	-4.51718
3631.435	6.96482	-2.70895	8.20931	-4.64068
3635.441	7.04205	-2.77941	8.21728	-4.61788
3639.442	7.06149	-2.89922	8.27275	-4.76724
3643.435	7.11332	-2.91938	8.32808	-4.77521
3647.436	7.18012	-2.97099	8.33513	-4.76607
3651.437	7.28615	-2.98076	8.46611	-4.80935
3655.430	7.31923	-3.05194	8.41971	-4.72727
3659.441	7.45143	-3.00425	8.45871	-4.64593
3663.434	7.46572	-2.96317	8.46133	-4.58884
3667.465	7.57078	-2.89405	8.53440	-4.46163
3671.433	7.44969	-2.84079	8.55438	-4.40703
3675.437	7.43078	-2.89073	8.62508	-4.34297
3679.442	7.50073	-2.90651	8.33333	-4.38486
3683.435	7.35812	-3.04634	8.46318	-4.31866
3687.432	7.34060	-2.96135	8.53816	-4.26917
3691.433	7.25062	-2.94628	8.54246	-4.24353
3695.432	7.29077	-2.88382	8.47347	-4.15947
3699.433	7.33747	-2.92917	8.51173	-4.19032
3703.432	7.24385	-2.95294	8.53821	-4.20142
3707.433	7.26771	-3.07120	8.57765	-4.24361
3711.432	7.28676	-3.07935	8.51459	-4.25132
3715.433	7.42310	-3.11201	8.44348	-4.33565
3719.441	7.45694	-3.11290	8.54950	-4.32771
3723.437	7.46538	-3.08766	8.46060	-4.32399
3727.437	7.45716	-3.10310	8.37446	-4.26643
3731.436	7.47719	-3.18812	8.48869	-4.24376
3735.432	7.53393	-3.10899	8.51748	-4.26691
3739.449	7.63026	-3.13919	8.49406	-4.26609
3743.437	7.68659	-3.14479	8.48687	-4.15133
3747.434	7.73755	-3.12683	8.44324	-4.23165
3751.428	7.71966	-3.04052	8.41971	-4.19971
3755.432	7.80004	-2.99152	8.48915	-4.22149
3759.435	7.80613	-2.98669	8.52816	-4.18731
3763.444	7.83709	-3.01674	8.45720	-4.14835
3767.438	7.77549	-3.10736	8.48474	-4.11864
3771.437	7.78733	-3.22430	8.52515	-4.09779
3775.433	7.57659	-3.12099	8.54137	-4.07557
3779.435	7.71981	-3.15542	8.47986	-3.98942
3783.438	7.80494	-3.26829	8.14930	-4.06714
3787.432	7.81110	-3.29390	7.93420	-4.18157
3791.437	7.60351	-3.32748	8.02698	-4.19245
3795.438	7.60224	-3.33306	8.28721	-4.24187
3799.432	7.62111	-3.35223	8.22472	-4.15255
3803.436	7.53537	-3.32768	8.15348	-4.19689
3807.435	7.49634	-3.33203	8.01214	-4.21137
3811.434	7.62860	-3.34901	8.07336	-4.13598
3815.436	7.86717	-3.29309	8.11661	-4.18058
3819.429	7.66492	-3.21674	8.03545	-4.29423
3823.430	7.67626	-3.19581	8.08207	-4.33941
3827.434	7.68016	-3.30317	8.05932	-4.45498
3831.433	7.24341	-3.70979	8.05988	-4.77551
3835.430	6.57125	-4.43446	7.96558	-5.53041
3839.437	5.79443	-5.50519	7.10455	-5.56250
3843.431	5.32498	-5.92142	5.97700	-6.02405
3847.441	4.49931	-6.27872	5.12927	-6.23689
3851.429	4.33419	-6.10082	4.81456	-6.39006
3855.444	4.24774	-6.07610	4.92743	-6.42374
3859.439	4.26931	-6.23216	4.99733	-6.47572
3863.428	4.35704	-6.08858	4.79285	-6.46932
3867.435	4.53216	-5.87182	4.83545	-6.37767
3871.433	4.64201	-6.02820	4.87379	-6.34422
3875.434	4.48133	-6.09815	4.90067	-6.47181
3879.433	4.41502	-6.15924	4.82703	-6.55711
3883.460	4.45086	-6.28317	4.77436	-6.50961
3887.432	4.38951	-6.05512	4.71563	-6.52412
3891.434	4.38891	-6.07872	4.77456	-6.45291
3895.431	4.46640	-6.14865	4.78262	-6.42526
3899.434	4.52698	-6.02262	4.76152	-6.43113
3903.431	4.51726	-5.97531	4.75465	-6.46344
3907.435	4.52984	-6.07151	4.80251	-6.48522
3911.432	4.49926	-6.18621	4.76608	-6.52088
3915.452	4.50602	-6.26391	4.71055	-6.51262
3919.435	4.48251	-6.02193	4.63089	-6.52908
3923.430	4.50458	-5.96334	4.79997	-6.50360
3927.433	4.50875	-6.16566	4.69879	-6.53417
3931.439	4.50125	-6.02925	4.74449	-6.54208
3935.429	4.50034	-6.07847	4.64251	-6.55858
3939.430	4.46704	-6.11510	4.66815	-6.55203
3943.442	4.42923	-6.20017	4.64177	-6.59762
3947.434	4.49045	-6.21559	4.48762	-6.54690
3951.432	4.49065	-6.23119	4.51378	-6.50363
3955.426	4.49038	-6.13991	4.55786	-6.49172
3959.428	4.41203	-6.18826	4.63405	-6.52240
3963.428	4.45318	-6.22790	4.66482	-6.53378
3967.428	4.46475	-6.18608	4.63854	-6.57775
3971.429	4.48177	-6.05717	4.55719	-6.55857
3975.431	4.53687	-6.14745	4.51965	-6.55827
3979.428	4.49558	-6.19846	4.51329	-6.58180
3983.429	4.50986	-6.19805	4.39382	-6.64711
3987.430	4.47735	-6.14719	4.42792	-6.53102
3991.431	4.46028	-6.21320	4.44835	-6.47552
3995.433	4.33002	-6.32125	4.48298	-6.55051
3999.427	4.35114	-6.20434	4.56631	-6.52749
4003.434	4.05036	-6.19402	4.19346	-6.37076
4007.430	0.97427	-5.93744	2.36921	-6.14853
4011.587	0.82466	-5.47863	1.01563	-5.98878
4015.430	-0.13908	-5.49767	0.23562	-5.66814
4019.434	-0.79674	-4.95268	-0.98717	-5.13107
4023.428	-2.57682	-3.93808	-1.70891	-4.71690
4027.433	-3.15270	-3.42072	-2.81580	-4.31448
4031.427	-4.14135	-3.05237	-3.50454	-3.81674
4035.433	-4.36242	-2.92547	-3.79670	-3.57384
4039.441	-4.33236	-2.80821	-3.77434	-3.58157
4043.429	-3.97973	-2.98475	-3.44374	-3.45612
4047.438	-3.71567	-2.84732	-3.46976	-3.41997
4051.427	-3.85133	-2.92974	-3.40620	-3.14003
4055.437	-3.84068	-2.93242	-3.49369	-3.14780
4059.426	-3.92544	-2.88807	-3.53743	-3.18590
4063.427	-3.95204	-2.88483	-3.58479	-3.14049
4067.426	-3.96733	-2.81114	-3.65796	-3.08112
4071.427	-4.05979	-2.72798	-3.78427	-3.07873
4075.422	-4.07984	-2.72564	-3.72652	-3.15985
4079.428	-4.09841	-2.71472	-3.81442	-3.24854
4083.433	-3.99716	-2.73388	-3.83455	-3.22708
4087.432	-4.04080	-2.68266	-3.86279	-3.07427
4091.423	-4.07722	-2.65991	-3.89419	-3.09845
4095.437	-4.08725	-2.60569	-4.01813	-3.07767
4099.461	-4.11668	-2.54541	-3.96829	-3.09993
4103.426	-4.10229	-2.54959	-4.08335	-3.08716
4107.432	-4.10443	-2.54139	-4.03818	-3.12369
4111.426	-4.11051	-2.50622	-4.05036	-3.20907
4115.425	-4.07424	-2.45886	-4.09130	-3.26465
4119.426	-4.10231	-2.42651	-4.13782	-3.27362
4123.427	-4.08167	-2.44533	-4.19457	-3.17951
4127.425	-4.06046	-2.43569	-4.20037	-3.15231
4131.426	-4.04270	-2.43520	-4.16156	-3.22864
4135.301	-4.01722	-2.40054	-4.12019	-3.27157
4139.301	-4.01458	-2.39725	-4.02423	-3.26714
4143.304	-4.02366	-2.50550	-4.04935	-3.29995
4147.308	-4.01692	-2.47991	-4.07330	-3.34380
4151.303	-4.04782	-2.43217	-4.06794	-3.36714
4155.302	-4.04260	-2.47702	-4.08648	-3.34747
4159.296	-4.04616	-2.50741	-4.09503	-3.39175
4163.300	-4.01141	-2.54574	-4.02658	-3.42946
4167.302	-3.97612	-2.57262	-4.03890	-3.48409
4171.301	-3.98748	-2.57417	-4.05530	-3.58019
4175.305	-3.99176	-2.49699	-4.03201	-3.56474
4179.301	-4.03184	-2.52638	-4.12098	-3.63416
4183.305	-4.11752	-2.51825	-4.07167	-3.65019
4187.303	-4.09703	-2.50765	-4.13606	-3.69269
4191.307	-4.06779	-2.43295	-4.14147	-3.68087
4195.299	-4.08723	-2.43724	-4.11515	-3.61111
4199.300	-4.11468	-2.41405	-4.10209	-3.59431
4203.296	-4.11715	-2.43260	-4.09118	-3.58418
4207.299	-4.11814	-2.47844	-4.15848	-3.54282
4211.298	-4.17154	-2.53252	-4.14969	-3.44400
4215.309	-4.15053	-2.52420	-4.17672	-3.33030
4219.299	-4.11843	-2.57711	-4.20309	-3.32095
4223.301	-4.12856	-2.66234	-4.24357	-3.30159
4227.307	-4.03969	-2.71301	-4.33374	-3.28020
4231.299	-3.99514	-2.70883	-4.34746	-3.25562
4235.299	-3.96407	-2.82114	-4.29868	-3.20920
4239.299	-3.88278	-2.85812	-4.09263	-3.30639
4243.304	-3.00217	-2.88130	-2.84507	-3.14091
4247.296	-1.65126	-2.84838	-1.13273	-3.15819
4251.306	-0.60166	-2.74403	-0.08666	-3.13806
4255.299	0.05405	-2.86267	2.14387	-3.09203
4259.304	0.74441	-2.72650	1.41511	-3.15957
4263.295	0.83297	-2.63843	0.75930	-3.17941
4267.303	0.99023	-2.48708	0.92959	-3.18997
4271.300	0.89225	-2.47921	0.72087	-3.12598
4275.299	0.74377	-2.41581	0.70146	-3.14786
4279.294	0.73546	-2.50428	0.56575	-3.17814
4283.299	0.53627	-2.43151	0.70164	-3.17558
4287.302	0.64938	-2.41237	0.64243	-3.23450
4291.306	0.65223	-2.37409	0.65593	-3.26169
4295.302	0.68977	-2.46287	0.69092	-3.33175
4299.299	0.69620	-2.39999	0.64057	-3.37613
4303.294	0.65727	-2.37523	0.60491	-3.37965
4307.302	0.63047	-2.40451	0.58759	-3.38718
4311.327	0.57994	-2.41220	0.56252	-3.34349
4315.293	0.54840	-2.44575	0.57069	-3.38214
4319.303	0.54553	-2.46755	0.56828	-3.40099
4323.298	0.56488	-2.43736	0.59220	-3.37173
4327.302	0.59947	-2.45078	0.59377	-3.38676
4331.296	0.61057	-2.43443	0.61349	-3.38313
4335.298	0.65469	-2.45793	0.63248	-3.39496
4339.296	0.65690	-2.41898	0.67278	-3.36982
4343.297	0.64228	-2.40458	0.74568	-3.31826
4347.295	0.66223	-2.41067	0.78903	-3.25042
4351.305	0.71590	-2.42369	0.84436	-3.20765
4355.305	0.75732	-2.42399	0.84893	-3.20148
4359.304	0.74958	-2.44002	0.96127	-3.14971
4363.298	0.75742	-2.45095	0.96030	-3.02498
4367.300	0.82761	-2.49624	1.06121	-2.95662
4371.295	0.89324	-2.47983	1.03359	-2.91356
4375.296	0.84530	-2.51922	1.02776	-2.86905
4379.299	0.84625	-2.51419	0.97182	-2.75377
4383.297	0.87937	-2.49450	0.97269	-2.76954
4387.292	0.89575	-2.48209	0.94678	-2.79789
4391.304	0.88024	-2.45772	0.85902	-2.93504
4395.295	0.86426	-2.40858	0.77766	-2.96199
4399.296	0.83774	-2.40636	0.75144	-3.01342
4403.297	0.90200	-2.31194	0.71092	-3.02138
4407.302	0.84488	-2.19734	0.70057	-3.09671
4411.297	0.85634	-2.11833	0.65312	-3.26667
4415.296	0.83188	-1.98725	0.63382	-3.30222
4419.309	0.87014	-1.95539	0.62292	-3.31609
4423.301	0.89453	-1.87439	0.62181	-3.40239
4427.292	0.87602	-1.84253	0.56573	-3.42208
4431.296	0.87920	-1.75481	0.54605	-3.47857
4435.299	0.83786	-1.71844	0.54404	-3.49434
4439.296	0.94031	-1.70064	0.52974	-3.52111
4443.292	0.91460	-1.64008	0.52528	-3.54938
4447.302	0.90220	-1.62318	0.51168	-3.58797
4451.296	0.96738	-1.64748	0.45309	-3.63350
4455.300	0.95792	-1.63929	0.43440	-3.60190
4459.292	0.95805	-1.67983	0.38477	-3.63761
4463.300	0.91478	-1.62918	0.34397	-3.64819
4467.297	0.92212	-1.66309	0.31096	-3.64469
4471.300	0.88537	-1.68577	0.33670	-3.64102
4475.298	0.91644	-1.66645	0.30282	-3.63871
4479.300	0.96564	-1.68561	0.27175	-3.62397
4483.298	0.92559	-1.65505	0.26711	-3.60335
4487.295	0.92768	-1.68561	0.27835	-3.55560
4491.298	0.92969	-1.65510	0.33747	-3.46753
4495.294	0.95103	-1.71037	1.71714	-3.38609
4499.299	1.83952	-1.76568	2.36710	-3.48358
4503.298	3.47732	-1.87831	4.56565	-3.49062
4507.291	4.42787	-1.94045	6.77827	-3.52294
4511.296	5.36708	-2.03403	7.58327	-3.74115
4515.301	7.29225	-2.23372	9.45433	-4.12839
4519.295	8.35211	-2.42618	10.82933	-4.48639
4523.328	9.31931	-2.42370	11.83020	-4.47295
4527.293	10.59721	-2.56424	12.19299	-4.81468
4531.300	11.96719	-2.85512	13.70266	-4.93178
4535.289	12.37004	-2.58979	13.70125	-5.06346
4539.294	12.45206	-2.84197	13.59666	-5.06469
4543.292	11.63792	-2.83694	13.65420	-5.09511
4547.289	11.51190	-2.81677	13.26862	-5.11091
4551.293	11.49436	-2.79719	13.12907	-5.14764
4555.295	11.33927	-2.87093	13.58857	-5.19068
4559.303	11.60616	-2.88077	13.54225	-5.24210
4563.299	11.86762	-2.86441	13.50659	-5.15929
4567.293	11.90169	-2.89040	13.37263	-5.22661
4571.295	12.04768	-2.87856	13.48216	-5.21168
4575.293	12.02261	-2.81237	13.65240	-5.17415
4579.293	11.98094	-2.85752	13.46195	-5.09034
4583.288	11.99519	-2.88067	13.44796	-5.10205
4587.292	12.04657	-3.02785	13.72828	-5.07675
4591.292	11.80490	-3.06661	13.34895	-5.01689
4595.291	12.02853	-3.09719	13.49221	-4.98540
4599.297	12.12677	-2.96678	13.54549	-4.92394
4603.316	12.15875	-2.92943	13.33565	-4.89369
4607.296	12.11700	-3.16804	13.33814	-4.91887
4611.293	12.12495	-3.21919	13.52841	-4.90969
4615.295	12.01863	-3.18565	13.34202	-4.83041
4619.293	11.99296	-3.26795	13.35832	-4.81518
4623.294	12.08993	-3.19217	13.27278	-4.85582
4627.297	12.05022	-3.19650	13.26589	-4.80428
4631.293	12.03693	-3.26327	13.35449	-4.75374
4635.320	11.91695	-3.27439	13.41873	-4.81685
4639.301	11.99849	-3.30999	13.37040	-4.75002
4643.297	12.01521	-3.21453	13.32982	-4.78318
4647.294	12.11344	-3.26922	13.34333	-4.77828
4651.296	12.16197	-3.27933	13.33746	-4.74425
4655.289	11.89050	-3.33530	13.33805	-4.79543
4659.298	12.07680	-3.33746	13.38665	-4.74413
4663.294	12.14034	-3.37702	13.32221	-4.84701
4667.291	12.05153	-3.38478	13.32660	-4.79163
4671.292	12.16923	-3.33655	13.39692	-4.69946
4675.291	12.02907	-3.43262	13.36246	-4.80170
4679.291	12.08430	-3.48622	13.32752	-4.66980
4683.294	12.14622	-3.41101	13.31142	-4.71467
4687.303	11.95881	-3.51645	13.30585	-4.76528
4691.291	12.08245	-3.47380	13.33288	-4.73243
4695.295	12.23746	-3.46356	13.32877	-4.64403
4699.291	12.15021	-3.52181	13.30670	-4.71702
4703.292	12.03916	-3.56506	13.34709	-4.75309
4707.292	12.24550	-3.56402	13.33549	-4.70637
4711.297	12.11973	-3.60878	13.30207	-4.65593
4715.293	12.02473	-3.63685	13.30841	-4.66909
4719.294	12.10706	-3.69217	13.32649	-4.63509
4723.320	12.18433	-3.72477	13.29187	-4.61319
4727.297	12.10573	-3.74113	13.34075	-4.57870
4731.294	12.21338	-3.66204	13.30898	-4.62946
4735.294	12.23241	-3.75945	13.35212	-4.64075
4739.289	12.25420	-3.75034	13.33424	-4.54324
4743.295	12.17475	-3.77468	13.31328	-4.43430
4747.303	12.23843	-3.75254	13.27927	-4.41927
4751.298	12.24827	-3.78304	13.28195	-4.50461
4755.287	12.32104	-3.78325	13.30841	-4.56725
4759.291	12.38311	-3.84521	13.24158	-4.61952
4763.296	12.36253	-3.77690	13.13825	-4.72053
4767.295	12.38228	-3.77918	13.13929	-4.66200
4771.297	12.41319	-3.67248	13.07041	-4.76668
4775.288	12.46368	-3.67551	12.93759	-4.71722
4779.290	12.46353	-3.63018	12.99272	-4.73080
4783.290	12.43076	-3.52687	12.91913	-4.78485
4787.289	12.49500	-3.50564	12.93043	-4.82602
4791.308	12.43783	-3.45726	12.99135	-4.84304
4795.295	12.45054	-3.46611	13.04653	-4.87329
4799.291	12.47236	-3.46705	13.04353	-4.89762
4803.285	12.48736	-3.45182	13.00686	-4.91125
4807.294	12.57850	-3.47588	12.97714	-4.92596
4811.289	12.54013	-3.44884	13.16572	-4.91718
4815.289	12.57711	-3.57104	13.17273	-4.93121
4819.290	12.54609	-3.60899	13.20867	-4.94119
4823.289	12.57909	-3.63950	13.21110	-4.98266
4827.288	12.62892	-3.73234	13.21260	-5.02654
4831.291	12.64683	-3.74847	13.17073	-5.03594
4835.291	12.64877	-3.80508	13.13251	-5.08321
4839.287	12.67421	-3.78334	12.98918	-5.09570
4843.295	12.66018	-3.78432	12.98862	-5.13701
4847.289	12.58172	-3.71511	13.03350	-5.05668
4851.295	12.38228	-3.74909	12.10122	-5.04290
4855.290	10.48754	-4.15246	11.97918	-5.13921
4859.290	9.67980	-4.37678	10.89549	-5.16132
4863.292	8.59211	-5.31481	10.23425	-5.25270
4867.288	8.07214	-4.70277	9.07837	-5.46394
4871.293	7.75134	-6.69256	8.91071	-5.63647
4875.291	7.46990	-6.89211	8.72287	-5.95527
4879.293	7.22654	-6.91828	8.62998	-5.97654
4883.287	7.17008	-7.04252	8.75279	-5.74074
4887.293	7.27367	-7.02170	8.63287	-5.90642
4891.296	7.17524	-6.87935	8.60361	-5.94518
4895.294	7.09729	-6.81424	8.58439	-6.00462
4899.291	7.11518	-6.82244	8.56117	-6.08126
4903.286	7.10433	-6.77957	8.46951	-6.08866
4907.294	7.08449	-6.78983	8.48420	-6.15230
4911.292	7.05894	-6.89257	8.43195	-6.13019
4915.293	7.02428	-6.79916	8.41932	-6.14731
4919.291	7.02697	-6.76802	8.38168	-6.11708
4923.288	7.08820	-6.72903	8.42556	-6.09156
4927.289	7.14565	-6.70477	8.36270	-6.14008
4931.298	7.13901	-6.67357	8.37172	-6.16674
4935.329	7.14321	-6.66309	8.34798	-6.16515
4939.291	7.22170	-6.66872	8.34924	-6.11273
4943.285	7.22590	-6.69489	8.31154	-6.12136
4947.292	7.30295	-6.71479	8.22654	-6.10713
4951.288	7.43437	-6.75673	8.10206	-6.11077
4955.292	7.56076	-6.76996	8.01404	-6.06499
4959.286	7.68647	-6.83399	7.94246	-6.08522
4963.286	7.27089	-6.86658	7.94905	-6.07453
4967.286	7.28512	-6.88330	7.83882	-6.14130
4971.293	7.16412	-6.93914	7.83113	-6.07017
4975.294	7.91516	-6.96635	7.81819	-5.99074
4979.289	8.24794	-7.01229	7.81308	-5.95577
4983.287	8.40101	-7.05479	7.82219	-5.92121
4987.285	8.69971	-7.03439	7.90725	-5.90456
4991.164	8.78743	-7.09699	7.85046	-5.88522
4995.161	8.94031	-7.12478	7.91120	-5.84379
4999.167	9.16506	-7.18530	7.92208	-5.82897
5003.162	9.20395	-7.21516	7.96303	-5.83315
5007.164	6.85138	-7.31090	7.99053	-5.87659
5011.159	6.85043	-7.36414	8.04370	-5.85421
5015.162	7.20094	-7.40699	8.06995	-5.87715
5019.169	7.12305	-7.50238	8.07881	-6.00164
5023.165	7.14990	-7.70075	8.11953	-5.93843
5027.182	7.70146	-7.76588	7.96556	-5.95496
5031.164	7.96407	-7.85358	7.85336	-6.03528
5035.170	7.24229	-7.97352	8.00452	-5.94940
5039.161	8.43064	-8.13210	7.95446	-5.96717
5043.165	8.88952	-8.31757	7.86841	-6.00057
5047.165	9.97960	-8.45691	7.82092	-6.02080
5051.159	9.67541	-8.58854	7.90881	-5.94165
5055.166	7.25142	-8.63404	7.84688	-5.93883
5059.162	7.46243	-8.75031	7.80689	-5.99943
5063.170	7.59319	-8.83159	7.66492	-5.94645
5067.159	8.10304	-8.90245	7.71031	-5.93912
5071.164	8.29567	-9.13211	7.78284	-5.93543
5075.163	8.73446	-9.17643	7.80872	-5.97804
5079.164	9.20468	-9.33477	7.82879	-5.99137
5083.159	9.40895	-9.39939	7.83086	-6.01440
5087.164	9.51252	-9.57366	7.92894	-6.04037
5091.161	7.47148	-9.67673	7.95064	-6.04684
5095.164	7.77463	-9.60131	7.89610	-6.06913
5099.193	7.74313	-9.69872	7.93861	-6.10472
5103.171	8.21016	-9.76696	7.86405	-6.06801
5107.162	8.32602	-9.73346	7.91772	-6.03362
5111.160	8.48877	-9.74313	7.78007	-6.10632
5115.164	8.71792	-9.79737	7.86147	-6.05576
5119.159	9.04723	-9.81319	7.82621	-6.02791
5123.163	9.18192	-9.82526	7.88741	-6.04380
5127.163	9.17573	-9.82276	7.89849	-6.04081
5131.164	9.21154	-9.78389	7.81493	-6.07444
5135.158	9.11235	-9.73090	7.74788	-6.03742
5139.165	7.81666	-7.00541	7.32065	-6.02959
5143.161	5.57815	-6.19539	6.01682	-5.94476
5147.166	4.14342	-5.99558	4.09619	-5.69973
5151.156	2.70827	-5.64150	2.96134	-5.08350
5155.165	2.02864	-5.19102	1.65976	-4.13677
5159.162	1.17892	-4.46443	0.78781	-3.98157
5163.162	-0.46542	-4.07347	-0.15372	-3.64161
5167.222	-1.26108	-3.51984	-0.62444	-3.04946
5171.162	-1.06438	-3.32500	-1.11747	-2.84198
5175.159	-0.91741	-3.56766	-1.01055	-3.17711
5179.153	-0.48701	-3.68879	-0.71680	-3.16452
5183.157	-0.21490	-3.44738	-0.68528	-3.13943
5187.163	-0.62412	-3.30059	-0.68796	-3.19719
5191.159	-0.64012	-3.20272	-0.78853	-3.41294
5195.156	-0.65848	-3.25210	-0.65625	-3.36329
5199.162	-0.75429	-3.30669	-0.74439	-3.39077
5203.158	-0.64853	-3.37610	-0.72027	-3.23645
5207.157	-0.65238	-3.37900	-0.86364	-3.17009
5211.152	-0.69565	-3.22535	-0.99023	-3.08691
5215.160	-0.60265	-3.35966	-0.91480	-3.12796
5219.156	-0.57734	-3.42785	-0.81789	-3.27878
5223.157	-0.69613	-3.41103	-0.89957	-3.10607
5227.164	-0.70868	-3.41191	-0.97236	-3.08081
5231.164	-0.69642	-3.32006	-0.86044	-3.10749
5235.160	-0.70613	-3.26623	-0.92160	-3.05286
5239.159	-0.67092	-3.39726	-0.94562	-3.06213
5243.159	-0.63558	-3.33030	-1.06701	-2.96918
5247.154	-0.73647	-3.33845	-1.02895	-2.94285
5251.163	-0.67819	-3.36749	-1.06170	-2.95635
5255.157	-0.74121	-3.38522	-1.00075	-3.04932
5259.160	-0.73173	-3.23243	-0.99355	-3.07195
5263.156	-0.68697	-3.24817	-1.04322	-3.07264
5267.162	-0.70146	-3.17437	-0.98507	-3.11211
5271.162	-0.74486	-3.17533	-0.96956	-3.11143
5275.164	-0.84912	-3.23621	-1.01635	-3.16720
5279.156	-0.73369	-3.19907	-0.95899	-3.16631
5283.157	-0.78734	-3.10604	-0.99042	-3.22090
5287.158	-0.77183	-3.01172	-1.02288	-3.26906
5291.159	-0.58535	-2.91195	-0.99623	-3.29561
5295.161	-0.65838	-2.93773	-1.08279	-3.26481
5299.159	-0.68652	-2.89950	-1.05654	-3.29577
5303.178	-0.73506	-2.90859	-1.02484	-3.28035
5307.156	-0.68419	-2.95112	-1.02255	-3.26968
5311.169	-0.71489	-2.92885	-1.04481	-3.25839
5315.154	-0.71551	-2.79726	-1.05500	-3.28958
5319.159	-0.63622	-2.84887	-1.04940	-3.34067
5323.158	-0.56255	-2.75015	-1.05525	-3.38124
5327.158	-0.50403	-2.75015	-1.07436	-3.32838
5331.156	-0.51297	-2.81279	-1.09192	-3.30742
5335.162	-0.60230	-2.89746	-1.12191	-3.31981
5339.156	-0.55044	-2.98076	-1.09832	-3.40395
5343.156	-0.55935	-3.02516	-1.03722	-3.33404
5347.152	-0.57578	-3.00491	-1.10098	-3.29136
5351.155	-0.73064	-3.10937	-1.05855	-3.38495
5355.182	-0.67995	-3.12581	-1.05582	-3.38822
5359.166	-0.66186	-3.07384	-1.01652	-3.45055
5363.156	-0.69685	-3.00171	-1.01074	-3.48687
5367.157	-0.78039	-3.13693	-1.12777	-3.44332
5371.156	-0.77208	-3.13850	-1.10452	-3.41473
5375.190	-0.74580	-3.13493	-1.15553	-3.42918
5379.157	-0.77052	-3.11851	-1.09386	-3.49812
5383.160	-0.79861	-3.07402	-1.02280	-3.45089
5387.153	-0.79188	-3.05685	-1.16024	-3.38942
5391.158	-0.78553	-3.01558	-1.05952	-3.46613
5395.155	-0.75002	-2.98379	-1.13744	-3.51460
5399.160	-0.76171	-2.88959	-1.08482	-3.48444
5403.154	-0.74546	-2.89393	-1.12695	-3.44536
5407.154	-0.73881	-2.93029	-1.12648	-3.37960
5411.154	-0.70441	-2.88462	-1.08475	-3.39730
5415.172	-0.78377	-2.87138	-1.08713	-3.36883
5419.158	-0.87900	-2.81701	-1.10864	-3.33305
5423.154	-0.72300	-2.79106	-1.09467	-3.30816
5427.155	-0.66605	-2.72592	-1.01590	-3.29534
5431.157	-0.58652	-2.70132	-0.96755	-3.33689
5435.158	-0.53632	-2.75296	-0.94080	-3.38673
5439.198	-0.56850	-2.76187	-0.97159	-3.34602
5443.167	-0.59148	-2.78052	-0.82853	-3.35177
5447.155	-0.83133	-2.78194	-0.90986	-3.32191
5451.159	-0.70863	-2.73911	-0.87332	-3.35864
5455.154	-0.26984	-2.68866	-0.76749	-3.29120
5459.158	-0.43376	-2.69600	-0.81642	-3.32274
5463.154	-0.62054	-2.68112	-0.82625	-3.35757
5467.154	-0.48475	-2.70278	-0.72781	-3.32323
5471.151	-0.55272	-2.78054	-0.67072	-3.37633
5475.154	-0.52441	-2.76387	-0.75493	-3.28138
5479.171	-0.68332	-2.74527	-0.67243	-3.23039
5483.158	-0.44735	-2.70800	-0.74754	-3.29181
5487.158	-0.54193	-2.73870	-0.87612	-3.24931
5491.155	-0.48622	-2.63774	-0.77354	-3.24058
5495.156	-0.44887	-2.65469	-0.84724	-3.18855
5499.149	-0.49639	-2.66496	-0.78518	-3.16888
5503.159	-0.47254	-2.71964	-0.80014	-3.22025
5507.171	-0.52443	-2.75326	-0.81583	-3.27866
5511.156	-0.56724	-2.69211	-0.80677	-3.22235
5515.158	-0.36467	-2.65187	-0.79565	-3.12686
5519.157	-0.52746	-2.63661	-0.70561	-3.18041
5523.154	-0.62474	-2.68965	-0.76082	-3.30867
5527.152	-0.74647	-2.76569	-0.87342	-3.10136
5531.153	-2.23581	-2.66641	-2.38576	-3.21275
5535.155	-4.66521	-2.59644	-3.72348	-3.16028
5539.156	-6.49906	-2.17716	-5.48897	-2.75869
5543.159	-6.84945	-2.12785	-6.88612	-2.39590
5547.153	-8.32281	-2.08866	-7.12481	-2.75077
5551.152	-8.39720	-2.01653	-7.33869	-1.96981
5555.151	-7.50339	-1.97776	-7.22637	-1.95452
5559.156	-7.61180	-2.38647	-7.15112	-2.23488
5563.161	-7.29382	-2.23164	-7.05853	-2.07544
5567.151	-7.43871	-2.18572	-6.94875	-1.88075
5571.158	-7.36994	-2.05119	-6.99873	-1.98769
5575.154	-7.47990	-1.91903	-6.95022	-2.10348
5579.159	-7.59444	-1.80763	-7.14108	-2.02266
5583.154	-7.55391	-1.77531	-7.22502	-1.90294
5587.153	-7.69507	-1.91101	-7.20939	-2.08337
5591.171	-7.69463	-1.65220	-7.16916	-2.06972
5595.158	-7.59139	-1.64797	-7.32624	-2.15034
5599.186	-7.60607	-1.67398	-7.22187	-2.13860
5603.179	-7.64376	-1.72386	-7.29782	-2.14829
5607.160	-7.69027	-1.64528	-7.25523	-2.16117
5611.152	-7.55264	-1.55385	-7.45965	-2.27366
5615.151	-7.58851	-1.56620	-7.39339	-2.21955
5619.153	-7.66412	-1.59422	-7.36240	-2.31080
5623.154	-7.58595	-1.61226	-7.32829	-2.22724
5627.146	-7.62311	-1.65863	-7.43500	-2.23930
5631.156	-7.51879	-1.59779	-7.49254	-2.22993
5635.162	-7.45160	-1.58095	-7.32968	-2.23547
5639.156	-7.41045	-1.64157	-7.33203	-2.27333
5643.154	-7.43661	-1.50509	-7.30632	-2.29857
5647.158	-7.36030	-1.54618	-7.40706	-2.30397
5651.146	-7.39186	-1.41822	-7.58815	-2.28074
5655.156	-7.37763	-1.57769	-7.38314	-2.33638
5659.151	-7.36774	-1.43369	-7.32163	-2.33599
5663.155	-7.40687	-1.36145	-7.36201	-2.33617
5667.154	-7.34580	-1.25188	-7.33852	-2.34751
5671.151	-7.31965	-1.29134	-7.33098	-2.37791
5675.151	-7.29909	-1.12670	-7.44882	-2.39287
5679.151	-7.36347	-1.24052	-7.38925	-2.47427
5683.155	-7.40330	-1.23516	-7.49610	-2.48973
5687.155	-7.41453	-1.27936	-7.51903	-2.49958
5691.155	-7.47141	-1.34778	-7.37423	-2.52918
5695.154	-7.48500	-1.36635	-7.33842	-2.54523
5699.150	-7.44843	-1.23580	-7.45230	-2.53560
5703.150	-7.47678	-1.23284	-7.43127	-2.59995
5707.150	-7.39071	-1.30931	-7.54420	-2.62408
5711.150	-7.46209	-1.33478	-7.58242	-2.63742
5715.144	-7.52893	-1.34817	-7.54952	-2.69056
5719.155	-7.40284	-1.28662	-7.50781	-2.69358
5723.185	-7.45289	-1.29413	-7.54408	-2.67978
5727.151	-7.42900	-1.22544	-7.55001	-2.59521
5731.154	-7.41375	-1.31020	-7.57356	-2.61805
5735.153	-7.27516	-1.26309	-7.57486	-2.65624
5739.146	-7.32844	-1.21369	-7.60802	-2.65360
5743.154	-7.38771	-1.14057	-7.61090	-2.64584
5747.152	-7.34743	-1.13464	-7.60590	-2.64897
5751.151	-7.36398	-0.98291	-7.53798	-2.65984
5755.148	-7.37384	-1.01822	-7.49076	-2.66450
5759.153	-7.33110	-0.98106	-7.50369	-2.61056
5763.152	-7.36601	-1.18790	-7.47199	-2.62803
5767.153	-7.38812	-1.30301	-7.48980	-2.74388
5771.150	-7.37838	-1.07324	-7.42988	-2.71901
5775.158	-7.38727	-0.94458	-7.40162	-2.67812
5779.151	-7.45074	-0.84817	-7.39144	-2.61890
5783.152	-7.44943	-0.78955	-7.37741	-2.56335
5787.147	-7.40413	-0.82111	-7.33747	-2.65102
5791.155	-7.38422	-0.93443	-7.34939	-2.59500
5795.185	-7.37299	-1.17475	-7.51242	-2.53569
5799.145	-7.39086	-1.18244	-7.43857	-2.54940
5803.153	-7.34741	-1.03338	-7.33735	-2.55377
5807.152	-7.35698	-0.84734	-7.30864	-2.56109
5811.157	-7.35566	-0.76783	-7.30778	-2.54294
5815.151	-7.34560	-0.84000	-7.26378	-2.50422
5819.149	-7.36921	-0.77966	-7.22808	-2.49834
5823.146	-7.37216	-0.77453	-7.23650	-2.51749
5827.146	-7.37218	-0.93300	-7.34023	-2.53250
5831.147	-7.37997	-0.96711	-7.40726	-2.42626
5835.148	-7.41351	-1.12989	-7.36235	-2.36257
5839.152	-7.46277	-1.17668	-7.31596	-2.08603
5843.018	-7.32414	-1.08394	-7.27992	-2.07118
5847.168	-7.40533	-1.08697	-7.30293	-1.98346
5851.030	-7.44689	-1.02770	-7.29394	-2.08386
5855.024	-7.49417	-1.00575	-7.27729	-2.09177
5859.028	-7.51388	-1.00797	-7.28937	-1.99856
5863.031	-7.47153	-1.02469	-7.33305	-1.94140
5867.023	-7.41807	-1.01070	-7.37868	-1.95103
5871.023	-7.35117	-0.94448	-7.37402	-1.97059
5875.023	-7.30139	-0.94293	-7.39918	-2.01823
5879.030	-7.30380	-0.94340	-7.38388	-2.09228
5883.021	-7.30842	-0.88437	-7.42885	-2.14696
5887.021	-7.34404	-0.85501	-7.43156	-2.16117
5891.023	-7.35615	-0.84042	-7.45140	-2.22470
5895.022	-7.35571	-0.84074	-7.49432	-2.18013
5899.025	-7.30976	-0.92722	-7.48690	-2.13521
5903.028	-7.25834	-1.02348	-7.48136	-2.10220
5907.021	-7.26302	-1.04880	-7.48754	-2.02934
5911.023	-7.27636	-1.10177	-7.46846	-2.07765
5915.053	-7.34607	-1.15339	-7.47378	-1.99716
5919.028	-7.51537	-1.16907	-7.53759	-1.89281
5923.021	-7.71613	-1.18851	-8.31455	-1.87372
5927.020	-8.38396	-1.04378	-9.22443	-1.74160
5931.024	-8.38342	-1.01237	-9.02050	-1.74458
5935.024	-8.26976	-0.98739	-9.10717	-1.69879
5939.018	-8.37019	-0.93061	-8.94544	-1.64856
5943.031	-8.52054	-1.05218	-8.88794	-1.69604
5947.022	-8.36244	-1.01294	-8.97658	-1.71721
5951.021	-8.49369	-1.01982	-8.94539	-1.71465
5955.018	-8.37271	-1.01849	-8.87241	-1.72140
5959.025	-8.42209	-1.01077	-8.85742	-1.72159
5963.022	-8.44225	-0.99485	-8.90187	-1.75996
5967.025	-8.44890	-1.02031	-8.88860	-1.81524
5971.019	-8.43994	-1.08982	-8.82015	-1.79681
5975.027	-8.44239	-1.09178	-8.78939	-1.78906
5979.037	-8.47614	-1.17401	-8.73002	-1.76147
5983.039	-8.50964	-1.19793	-8.73545	-1.72650
5987.030	-8.57190	-1.19430	-8.76108	-1.70673
5991.023	-8.63277	-1.17515	-8.67468	-1.74087
5995.023	-8.67650	-1.18336	-8.66467	-1.71870
5999.020	-8.74406	-1.15494	-8.67456	-1.76951
6003.025	-8.73875	-1.33311	-8.69569	-1.83731
6007.021	-8.72694	-1.50778	-8.74629	-1.78480
6011.069	-8.71625	-1.57998	-8.81346	-1.69248
6015.029	-8.78294	-1.36965	-8.78314	-1.78642
6019.023	-8.82211	-1.45583	-8.81673	-1.76749
6023.024	-8.83461	-1.54247	-8.83011	-1.81185
6027.023	-8.72663	-1.57603	-8.87450	-1.82968
6031.024	-8.62532	-1.71913	-8.85887	-1.84671
6035.020	-8.60436	-1.65061	-8.84431	-1.81207
6039.023	-8.67781	-1.59472	-8.86013	-1.71753
6043.023	-8.69962	-1.61009	-8.83716	-1.78186
6047.019	-8.77790	-1.51083	-8.79695	-1.75127
6051.021	-8.74200	-1.53520	-8.76966	-1.71189
6055.017	-8.75732	-1.45830	-8.74379	-1.66460
6059.018	-8.73853	-1.60649	-8.71962	-1.63327
6063.021	-8.61598	-1.60060	-8.69617	-1.65289
6067.025	-8.62826	-1.68068	-8.64958	-1.64938
6071.017	-8.73123	-1.71082	-8.62850	-1.61290
6075.023	-8.71111	-1.67056	-8.61086	-1.60365
6079.019	-8.46257	-1.67483	-8.55833	-1.57131
6083.022	-8.63323	-1.62923	-8.55027	-1.59926
6087.014	-7.75941	-1.69195	-6.95846	-1.75519
6091.017	-6.36493	-2.57783	-4.76712	-1.84078
6095.022	-4.60528	-2.85098	-3.02301	-2.32061
6099.019	-3.69036	-3.28750	-1.74214	-3.41006
6103.013	-1.86265	-3.16962	-0.59034	-3.66170
6107.025	-1.12487	-3.29988	-0.31945	-3.82428
6111.023	-0.79317	-3.46176	0.18199	-3.84579
6115.023	-0.53356	-3.49232	0.33196	-4.03007
6119.017	-0.63652	-3.42697	0.08852	-3.93067
6123.015	-0.67585	-3.45992	0.01256	-3.95921
6127.016	-0.62590	-3.33741	-0.10046	-3.95938
6131.020	-0.61290	-3.29762	-0.03077	-3.95375
6135.018	-0.48465	-3.31184	0.05266	-3.96235
6139.016	-0.47800	-3.27836	0.07284	-4.02358
6143.023	-0.45882	-3.30048	0.15248	-4.04488
6147.017	-0.38636	-3.31282	0.18983	-4.05353
6151.041	-0.33201	-3.31995	0.25033	-4.04424
6155.020	-0.25341	-3.31093	0.26272	-4.04822
6159.023	-0.24552	-3.30878	0.24440	-4.02261
6163.018	-0.21849	-3.33209	0.25361	-4.08209
6167.022	-0.14538	-3.40941	0.30630	-4.13092
6171.023	-0.09942	-3.48753	0.33119	-4.15113
6175.016	-0.02653	-3.47335	0.37663	-4.18157
6179.016	-0.03306	-3.54178	0.26212	-4.20176
6183.017	-0.00372	-3.58891	0.31848	-4.14798
6187.015	0.02097	-3.62802	0.29012	-4.14331
6191.032	0.02613	-3.69570	0.28520	-4.11810
6195.016	-0.05770	-3.76582	0.33662	-4.13949
6199.017	-0.04993	-3.64638	0.33660	-4.09902
6203.017	-0.13799	-3.65817	0.23966	-4.07285
6207.016	-0.11843	-3.69119	0.13374	-4.07530
6211.016	-0.24718	-3.67688	0.14794	-4.03608
6215.011	-0.21653	-3.65427	0.20534	-4.00904
6219.022	-0.25565	-3.72038	0.09217	-3.97417
6223.016	-0.24314	-3.84664	0.04837	-3.96710
6227.021	-0.29230	-3.87220	0.05189	-3.99099
6231.025	-0.43658	-3.87719	0.13876	-4.01348
6235.020	-0.38551	-3.97606	0.15069	-4.03304
6239.014	-0.33910	-3.81346	-0.02445	-4.02798
6243.014	-0.40427	-3.89192	-0.08443	-4.05426
6247.020	-0.31223	-3.84127	-0.06544	-4.09459
6251.017	-0.29371	-3.91875	-0.13880	-4.10761
6255.019	-0.22634	-3.86445	-0.10818	-4.12759
6259.018	-0.22894	-3.88036	-0.20015	-4.15800
6263.015	-0.18209	-3.89976	-0.12292	-4.06581
6267.016	-0.20403	-3.85086	-0.13163	-4.03319
6271.011	-0.18042	-3.80010	-0.07939	-3.98716
6275.019	-0.18090	-3.73414	-0.08929	-3.93801
6279.014	-0.22993	-3.69013	-0.14082	-3.92774
6283.019	-0.29997	-3.68375	-0.15342	-3.90425
6287.010	-0.29610	-3.64086	-0.05016	-3.92061
6291.020	-0.36797	-3.67900	0.06785	-3.86176
6295.032	-0.36998	-3.63460	0.14077	-3.84313
6299.019	-0.38129	-3.59155	0.16543	-3.80609
6303.014	-0.23974	-3.52620	0.14878	-3.79689
6307.013	-0.30994	-3.40630	0.06487	-3.84343
6311.018	-0.20633	-3.33031	0.00392	-3.88299
6315.019	-0.21001	-3.26767	0.15935	-3.85433
6319.016	-0.20594	-3.32489	0.10721	-3.85280
6323.015	-0.26078	-3.32752	0.10771	-3.89923
6327.017	-0.17849	-3.32244	0.25299	-3.89554
6331.013	-0.10426	-3.33392	0.36879	-3.94306
6335.009	-0.10349	-3.31232	0.28220	-4.01886
6339.014	-0.04447	-3.27931	0.33734	-4.03820
6343.017	-0.07785	-3.24669	0.20631	-4.01859
6347.017	-0.10912	-3.33283	0.22403	-4.00090
6351.010	-0.09011	-3.37983	0.24684	-3.96007
6355.022	-0.18358	-3.39188	0.28113	-4.07689
6359.019	-0.18953	-3.40193	0.19174	-4.15778
6363.010	-0.25036	-3.41932	0.22825	-4.26325
6367.019	-0.22080	-3.42317	0.28629	-4.30630
6371.014	-0.21926	-3.40923	0.29501	-4.33368
6375.013	-0.18680	-3.43620	0.22921	-4.45922
6379.010	-0.16283	-3.40721	0.20879	-4.42761
6383.012	-0.17673	-3.48955	0.13794	-4.40433
6387.012	-0.17050	-3.50978	0.14759	-4.38466
6391.018	-0.13516	-3.47916	0.14183	-4.45027
6395.017	-0.10024	-3.47082	0.15298	-4.44076
6399.019	-0.09604	-3.51992	0.12233	-4.41804
6403.013	-0.07483	-3.56784	0.17588	-4.37796
6407.019	-0.07656	-3.62712	0.16228	-4.31988
6411.013	-0.02673	-3.65353	0.26962	-4.26376
6415.012	0.03556	-3.56584	0.22641	-4.21049
6419.014	-0.00258	-3.57943	0.29235	-4.16138
6423.017	-0.00479	-3.58911	0.21167	-4.14986
6427.010	0.01707	-3.40972	0.12146	-4.12324
6431.019	0.02613	-3.40229	0.27734	-4.10075
6435.028	0.00653	-3.47910	0.19343	-4.09131
6439.025	0.00906	-3.49843	0.15335	-4.14733
6443.045	0.04271	-3.62203	0.39147	-4.13259
6447.018	-0.01946	-3.44164	0.18365	-4.16957
6451.012	0.02596	-3.31706	-0.00226	-4.21964
6455.011	0.04959	-3.31688	-0.11131	-4.19910
6459.014	-0.02797	-3.33773	-0.04447	-4.25471
6463.015	-0.06924	-3.31671	0.08900	-4.30223
6467.011	0.03906	-3.27304	-0.02914	-4.27517
6471.012	0.00556	-3.30873	0.13079	-4.27338
6475.014	0.04710	-3.27351	0.03234	-4.32434
6479.015	-0.00149	-3.25241	-0.05107	-4.35058
6483.021	0.04403	-3.21890	0.13615	-4.31047
6487.013	0.09063	-3.19965	-0.10384	-4.34507
6491.012	0.14027	-3.24438	0.02370	-4.18905
6495.018	0.08215	-3.31601	0.02467	-4.30824
6499.015	-0.04559	-3.28186	0.05696	-4.32521
6503.011	0.03715	-3.25058	0.07880	-4.37244
6507.009	0.08664	-3.29560	0.09763	-4.27700
6511.005	0.05055	-3.27673	0.14990	-4.27405
6515.014	0.06951	-3.35697	0.17876	-4.27189
6519.010	0.09120	-3.61215	0.24981	-4.27585
6523.023	0.01519	-3.60831	0.27160	-4.15222
6527.032	-0.06212	-3.61277	0.31426	-4.20638
6531.015	0.00841	-3.44179	0.35543	-4.21729
6535.015	-0.02638	-3.47080	0.38335	-4.23897
6539.010	-0.05269	-3.49900	0.41934	-4.20339
6543.012	-0.03219	-3.42876	0.50083	-4.14150
6547.016	-0.03035	-3.28045	0.59439	-4.09148
6551.010	0.02998	-3.14151	0.74712	-4.05736
6555.011	0.40735	-2.99279	1.21162	-3.44914
6559.006	1.07835	-2.72419	1.38932	-2.89187
6563.010	1.36417	-2.71849	1.27852	-2.53050
6567.016	1.46906	-2.25355	1.21707	-2.48788
6571.005	1.41640	-2.03769	1.36876	-2.47621
6575.029	1.54125	-1.85449	1.33614	-2.47004
6579.016	1.58748	-1.72387	1.23942	-2.68278
6583.014	1.66076	-1.75093	1.31523	-2.48080
6587.015	1.68074	-1.52360	1.27790	-2.48616
6591.010	1.73276	-1.51649	1.29948	-2.44401
6595.006	1.76653	-1.42711	1.56508	-2.40009
6599.013	1.79894	-1.39241	1.44324	-2.36888
6603.023	1.80107	-1.34715	1.44808	-2.37683
6607.019	1.86905	-1.27422	1.45549	-2.40197
6611.010	1.88239	-1.22571	1.60050	-2.40563
6615.010	1.87617	-1.20727	1.54849	-2.37328
6619.011	1.86437	-1.15415	1.65361	-2.08876
6623.012	1.89617	-1.09564	1.71280	-1.80922
6627.008	1.82063	-0.93956	1.72284	-1.90687
6631.009	1.63876	-0.62741	1.64089	-1.98451
6635.024	0.72521	0.00022	0.55585	-1.47602
6639.036	-0.72563	-0.24017	-0.17144	-1.05214
6643.009	-1.04416	0.22882	-0.50423	-0.44768
6647.017	-1.22588	0.42362	-0.75384	0.00343
6651.013	-1.57503	0.70805	-0.91661	0.19569
6655.008	-1.49267	0.69580	-0.89602	0.09141
6659.007	-1.55412	0.70684	-1.02615	-0.12914
6663.011	-1.63162	0.74354	-1.06763	-0.16047
6667.011	-1.64766	0.40335	-0.82516	-0.05494
6671.012	-1.52975	0.51326	-0.79245	-0.07670
6675.004	-1.51395	0.51503	-0.85515	0.06604
6679.013	-1.56853	0.60530	-0.89485	0.12048
6683.009	-1.60722	0.73791	-0.94249	0.14823
6687.012	-1.53887	0.69718	-0.98172	0.12328
6691.011	-1.50767	0.77778	-0.96926	0.10875
6695.021	-1.40735	0.65333	-0.96403	0.11168
6698.885	-1.37392	0.70140	-1.01102	0.16793
6702.887	-1.35869	0.69493	-0.98437	0.24055
6706.878	-1.34596	0.70546	-1.00022	0.29551
6710.882	-1.31947	0.74302	-1.06862	0.38335
6714.906	-1.31491	0.75224	-1.20060	0.41364
6718.886	-1.28249	0.82582	-1.30032	0.33753
6722.887	-1.31131	0.93216	-1.28532	0.30447
6726.882	-1.40616	0.80648	-1.32024	0.23066
6731.081	-1.42918	0.80849	-1.26391	0.30837
6734.892	-1.54108	0.75944	-1.22032	0.24627
6738.886	-1.47164	0.79980	-1.15039	0.31465
6742.883	-1.42811	0.69269	-1.19430	0.19082
6746.884	-1.40346	0.72996	-1.26098	0.20319
6750.882	-1.45314	0.71290	-1.23431	0.27718
6754.887	-1.36928	0.74179	-1.31419	0.20671
6758.883	-1.41737	0.78658	-1.31176	0.19315
6762.883	-1.39778	0.85407	-1.24143	0.36492
6766.880	-1.40286	0.94509	-1.20730	0.39824
6770.886	-1.37320	0.97245	-1.23957	0.47293
6774.884	-1.35254	0.98420	-1.29095	0.55122
6778.889	-1.32741	1.13597	-1.33527	0.53986
6782.880	-1.29640	1.19042	-1.35938	0.54818
6786.887	-1.28705	1.27401	-1.38456	0.60950
6790.883	-1.22836	1.29117	-1.37669	0.56635
6794.881	-1.23062	1.38637	-1.36933	0.58195
6799.012	-1.27284	1.40626	-1.37166	0.51573
6802.882	-1.20130	1.45714	-1.38572	0.43448
6806.887	-1.19170	1.47026	-1.43607	0.39030
6810.884	-1.23253	1.42085	-1.50403	0.35216
6814.880	-1.21802	1.38734	-1.49078	0.34886
6818.892	-1.16451	1.42692	-1.51030	0.30039
6822.883	-1.19557	1.44404	-1.49135	0.27556
6826.886	-1.19135	1.35783	-1.46330	0.27680
6830.878	-1.22712	1.36216	-1.51799	0.21631
6834.880	-1.27619	1.31061	-1.51643	0.21768
6838.880	-1.27410	1.27811	-1.46127	0.20496
6842.883	-1.26133	1.12475	-1.35794	0.20833
6846.877	-1.32570	1.10997	-1.29211	0.22868
6850.886	-1.37979	0.99882	-1.28326	0.25894
6854.912	-1.42568	0.92755	-1.25287	0.25688
6858.881	-1.41214	0.95765	-1.22481	0.25616
6862.890	-1.41365	0.88896	-1.34867	0.24012
6866.911	-1.45988	0.86766	-1.42012	0.23289
6870.889	-1.46564	0.89480	-1.35660	0.21700
6874.879	-1.44049	0.87199	-1.34733	0.22487
6878.884	-1.40849	0.91402	-1.41055	0.25453
6882.879	-1.40919	0.93302	-1.31637	0.27523
6886.884	-1.49356	1.04975	-1.33445	0.27498
6890.878	-1.52714	1.07027	-1.26800	0.29811
6894.884	-1.50762	1.14100	-1.37255	0.25120
6898.880	-1.46249	1.16881	-1.42580	0.21282
6902.887	-1.49230	1.08121	-1.38766	0.26111
6906.877	-1.49262	1.12973	-1.34056	0.24783
6910.880	-1.48672	1.04397	-1.33267	0.23123
6914.881	-1.47288	1.02478	-1.35454	0.23580
6918.885	-1.45247	1.02141	-1.16354	0.17808
6922.878	-1.42377	0.68830	-1.01449	0.11377
6926.878	-0.96351	0.80557	1.10167	-0.41959
6930.874	0.10729	0.35730	1.22625	-1.16880
6935.085	0.53768	0.27959	1.52568	-1.08440
6938.881	0.94145	-0.37753	2.49681	-1.36857
6942.879	1.22734	-0.40313	1.90411	-1.47602
6946.882	1.63497	-0.69429	1.73026	-1.46782
6950.879	1.17686	-0.86214	1.68657	-1.48830
6954.877	0.96713	-0.79998	1.73574	-1.46595
6958.879	1.13538	-0.76734	1.84421	-1.51732
6962.873	1.00027	-0.55585	1.82690	-1.52192
6966.883	1.13367	-0.03930	1.84416	-1.54412
6970.879	1.10289	-0.45089	1.85162	-1.55466
6974.878	1.23166	-0.50227	1.85653	-1.60074
6978.879	1.22511	-0.37762	1.83357	-1.59242
6982.879	1.33480	-0.29175	1.84061	-1.61326
6986.886	1.33175	-0.38282	1.80295	-1.62097
6990.879	1.30181	-0.36923	1.84354	-1.63185
6994.898	1.33731	-0.27841	1.82921	-1.62752
6998.881	1.34450	-0.27560	1.87688	-1.63691
7002.878	1.34547	-0.32739	1.82234	-1.66798
7006.881	1.43825	-0.51385	1.80650	-1.69876
7010.879	1.44894	-0.39720	1.79966	-1.69021
7014.884	1.43352	-0.47183	1.84252	-1.74109
7018.878	1.47630	-0.48421	1.80434	-1.75934
7022.878	1.55229	-0.50682	1.84959	-1.70622
7026.879	1.42094	-0.76994	1.86119	-1.72784
7030.884	1.39629	-0.77502	1.91804	-1.68640
7034.877	1.40241	-0.78969	1.86099	-1.58362
7038.890	1.41090	-0.69426	1.90150	-1.52007
7042.885	1.36315	-0.77249	1.85075	-1.62686
7046.880	1.50187	-0.81991	1.85804	-1.65228
7050.879	1.52784	-0.75376	1.91789	-1.55093
7054.909	1.24074	-0.84834	1.97989	-1.60648
7058.882	1.36975	-0.88135	1.94245	-1.54418
7062.877	1.31238	-0.89846	2.04178	-1.50369
7066.876	1.30181	-0.88306	2.07918	-1.44228
7070.880	1.33545	-0.83119	1.92815	-1.14219
7074.872	1.32049	-0.73952	1.78805	-1.32626
7078.877	1.36538	-0.70302	1.82681	-1.35967
7082.875	1.39706	-0.65592	1.85048	-1.32262
7086.877	1.37764	-0.64835	1.87944	-1.28588
7090.875	1.38352	-0.60893	1.98311	-1.42326
7094.881	1.37146	-0.53314	1.96120	-1.45949
7098.875	1.43384	-0.42426	1.88031	-1.36685
7102.877	1.42122	-0.39075	2.00517	-1.39931
7106.881	1.47541	-0.39509	2.05640	-1.31367
7110.880	1.51030	-0.34637	2.00871	-1.32684
7114.878	1.53500	-0.33412	1.98727	-1.36801
7118.881	1.56146	-0.30051	1.90993	-1.15367
7122.876	1.54998	-0.37272	1.72210	-1.20943
7126.876	1.51578	-0.37342	1.71084	-1.12182
7130.872	1.51935	-0.39401	1.71489	-1.24635
7134.893	1.50497	-0.48329	1.69245	-1.25344
7138.890	1.43367	-0.64639	1.72736	-1.23308
7142.879	1.41258	-0.67576	1.83352	-1.22338
7146.875	1.38833	-0.68886	1.93430	-1.22505
7150.874	1.40790	-0.77720	1.82671	-1.30124
7154.884	1.40184	-0.83976	1.81590	-1.20927
7158.879	1.41479	-0.87190	1.75989	-1.34674
7162.876	1.41179	-0.92182	1.87741	-1.41535
7166.882	1.41556	-0.97526	1.95911	-1.45443
7170.876	1.43057	-0.96708	1.90435	-1.46172
7174.875	1.41648	-0.99153	1.96824	-1.45732
7178.870	1.36536	-1.02301	1.99568	-1.47601
7182.874	1.39458	-0.99422	1.96643	-1.49075
7186.876	1.34621	-0.97730	1.92084	-1.47059
7190.879	1.44212	-0.95414	1.89367	-1.53666
7194.880	1.38272	-0.94465	1.93254	-1.65666
7198.875	1.41288	-0.88578	1.93113	-1.65740
7202.878	1.40901	-0.76709	1.90703	-1.62315
7206.877	1.48091	-0.78214	1.92027	-1.62768
7210.881	1.53399	-0.73620	1.87118	-1.64719
7214.870	1.51293	-0.71763	1.84416	-1.67423
7218.879	1.50140	-0.68634	1.83744	-1.73603
7222.873	1.62239	-0.64634	1.83861	-1.59766
7226.875	1.64330	-0.65112	1.86218	-1.42222
7230.879	1.64394	-0.70042	1.85752	-1.38419
7234.881	1.65503	-0.71785	1.86779	-1.38486
7238.876	1.64127	-0.81998	1.87324	-1.31096
7242.870	1.56853	-0.76599	1.91214	-1.29631
7246.873	1.59797	-0.86837	1.87748	-1.41146
7250.874	1.53964	-0.94700	1.97629	-1.48250
7254.873	1.47419	-0.92991	1.99806	-1.22354
7258.873	1.51802	-1.04683	1.99483	-1.27825
7262.879	1.60484	-1.14872	1.95929	-1.16980
7266.875	1.50998	-1.17703	1.88323	-1.17881
7270.878	1.50095	-1.21261	1.93551	-1.17225
7274.903	1.43493	-1.23825	1.99734	-1.08569
7278.885	1.47233	-1.28185	2.00904	-1.24023
7282.875	1.45837	-1.25284	1.92421	-1.29848
7286.875	1.50782	-1.30947	1.97498	-1.34456
7290.872	1.51117	-1.31363	1.94079	-1.34198
7294.873	1.53654	-1.30170	1.95200	-1.30499
7298.875	1.51836	-1.35606	1.92661	-1.43800
7302.872	1.43074	-1.36013	1.95847	-1.42710
7306.874	1.37119	-1.30485	2.02383	-1.58398
7310.875	1.51271	-1.25829	2.04612	-1.66346
7314.869	1.50797	-1.22098	2.08513	-1.65293
7318.881	1.56871	-1.14899	2.02758	-1.70757
7322.871	1.51978	-1.07760	1.97793	-1.86405
7326.872	1.45490	-1.04043	2.02525	-1.74010
7330.867	1.34658	-0.99704	1.98276	-1.71839
7334.871	1.09634	-0.98628	1.90058	-1.67118
7338.871	0.68868	-0.95353	1.13037	-1.74031
7342.875	-1.09852	-1.02828	0.45068	-1.88283
7346.878	-1.49121	-1.10508	0.38278	-1.80530
7350.872	-1.10931	-1.20299	-0.00136	-1.80862
7354.871	-0.80186	-1.27957	-0.01660	-1.90093
7358.876	-0.33193	-1.17456	0.08728	-2.17398
7362.876	-0.44083	-1.23512	-0.12674	-2.23139
7366.875	-0.58238	-1.44380	-0.04025	-1.85551
7370.872	-0.31719	-1.51085	0.00834	-1.78799
7374.871	-0.60965	-1.47474	-0.01139	-1.79526
7378.871	-0.78876	-1.53186	0.01797	-1.92203
7382.871	-0.62074	-1.52740	-0.03680	-1.81606
7386.869	-0.68173	-1.46766	-0.07423	-1.68938
7390.877	-0.65392	-1.46904	-0.14868	-1.90949
7394.871	-0.65263	-1.45682	-0.16432	-1.96099
7398.876	-0.64620	-1.40371	-0.06418	-1.86067
7402.874	-0.65106	-1.33283	-0.14891	-1.77520
7406.876	-0.65858	-1.43365	-0.00447	-1.81815
7410.873	-0.65320	-1.34145	0.00613	-1.91771
7414.889	-0.71697	-1.28401	-0.07408	-2.05377
7418.882	-0.70211	-1.24649	0.00243	-2.09224
7422.873	-0.68548	-1.25857	-0.03045	-2.10958
7426.873	-0.74067	-1.31552	0.06309	-2.00446
7430.870	-0.79077	-1.40518	0.08624	-2.07772
7434.871	-0.70496	-1.44955	-0.04442	-2.02593
7438.874	-0.66665	-1.44385	-0.20497	-1.97660
7442.881	-0.67005	-1.37939	-0.34779	-1.96183
7446.872	-0.66248	-1.49255	0.03467	-1.84536
7450.870	-0.61982	-1.56281	0.12714	-1.89207
7454.869	-0.68970	-1.68697	0.10570	-1.85111
7458.871	-0.64526	-1.62815	0.09915	-1.85955
7462.866	-0.62794	-1.63491	0.02281	-1.87003
7466.875	-0.58270	-1.57190	0.01174	-1.93663
7470.874	-0.49202	-1.60865	-0.06512	-1.99840
7474.871	-0.49197	-1.70002	0.03110	-1.95735
7478.873	-0.53026	-1.63796	0.05728	-1.96683
7482.868	-0.53374	-1.58550	0.03400	-1.94926
7486.917	-0.51542	-1.69733	0.08453	-1.91692
7490.872	-0.55528	-1.70700	0.11332	-1.97797
7494.873	-0.58994	-1.76270	0.10128	-1.93846
7498.867	-0.63347	-1.69302	0.05646	-1.97743
7502.875	-0.65454	-1.76570	0.09448	-1.95008
7506.868	-0.71228	-1.78579	0.07577	-1.99540
7510.869	-0.69149	-1.81536	0.14034	-2.02562
7514.872	-0.69796	-1.50575	0.11550	-1.99788
7518.867	-0.69724	-1.09422	0.05472	-2.01089
7522.873	-0.68543	-1.61100	0.08083	-2.07792
7526.875	-0.64771	-1.45508	0.02991	-2.07710
7530.868	-0.68856	-1.39545	-0.07076	-2.10804
7534.868	-0.62675	-1.40592	-0.22048	-2.08910
7538.869	-0.60498	-1.35144	-0.34067	-2.05480
7542.869	-0.54277	-1.24015	-0.42770	-2.05950
7546.872	-0.51768	-1.39718	-0.53997	-2.02256
7550.749	-0.48048	-1.36898	-0.67436	-2.10438
7554.742	-0.48607	-1.30128	-0.57870	-2.07216
7558.760	-0.52711	-1.41255	-0.53741	-2.07063
7562.751	-0.57774	-1.53059	-0.53562	-2.07557
7566.743	-0.61580	-1.57003	-0.55510	-1.99034
7570.747	-0.61129	-1.65209	-0.49073	-1.96085
7574.744	-0.49361	-1.69649	-0.43430	-1.87998
7578.747	-0.41279	-1.71396	-0.33987	-1.88670
7582.745	-0.22239	-1.77219	-0.32779	-1.96678
7586.740	-0.36057	-1.79860	-0.25225	-1.91640
7590.742	-0.20395	-1.80319	-0.20653	-1.93423
7594.743	-0.17300	-1.74952	-0.16429	-1.87950
7598.747	-0.40509	-1.80125	-0.12302	-1.85940
7602.757	-0.43239	-1.80281	-0.13600	-1.83823
7606.747	-0.42822	-1.79335	-0.10322	-1.83947
7610.744	-0.46897	-1.78281	-0.08964	-1.83125
7614.756	-0.46892	-1.72271	-0.11674	-1.82338
7618.742	-0.57210	-1.68624	-0.11878	-1.83599
7622.740	-0.71022	-1.68530	-0.12332	-1.81740
7626.742	-0.71848	-1.66442	-0.12463	-1.78836
7630.744	-0.79980	-1.62347	-0.13526	-1.75966
7634.760	-0.83935	-1.61189	-0.16042	-1.80377
7638.746	-0.85672	-1.62998	-0.16841	-1.81032
7642.747	-0.87860	-1.61820	-0.18194	-1.80521
7646.742	-0.89882	-1.56072	-0.17571	-1.78552
7650.746	-0.87096	-1.50849	-0.21241	-1.78614
7654.738	-0.89001	-1.45619	-0.24840	-1.83136
7658.747	-0.87957	-1.42136	-0.28282	-1.87783
7662.748	-0.89396	-1.39665	-0.28200	-1.89540
7666.743	-0.85694	-1.37334	-0.26212	-1.89511
7670.743	-0.80493	-1.35774	-0.26053	-1.93529
7674.741	-0.77655	-1.31894	-0.20030	-1.98953
7678.747	-0.64771	-1.29034	-0.13776	-1.96534
7682.770	-0.69164	-1.24011	-0.12674	-1.94514
7686.743	-0.66625	-1.16216	-0.09771	-1.91952
7690.766	-0.62625	-1.05457	-0.04802	-1.91089
7694.741	-0.53897	-0.99417	-0.03867	-1.87810
