time (ms)	lx (deg)	ly (deg)	rx (deg)	ry (deg)
0.000	-3.37071	-1.02897	-2.66954	-1.71959
4.026	-3.36606	-0.98566	-2.68715	-1.68802
8.004	-3.31506	-0.97995	-2.69923	-1.66246
11.994	-3.28573	-0.88764	-2.71562	-1.64559
15.993	-3.35150	-0.97292	-2.72258	-1.80162
19.984	-3.31717	-0.88965	-2.73841	-1.80120
23.989	-3.30379	-0.92213	-2.73786	-2.00991
27.990	-3.35422	-0.94470	-2.71627	-1.94720
31.992	-3.35036	-0.93704	-2.70825	-2.07880
35.987	-3.35179	-0.98163	-2.68608	-2.12442
39.993	-3.31361	-1.02055	-2.70275	-2.19216
43.997	-3.30411	-0.97934	-2.72640	-2.41574
47.988	-3.28321	-0.99846	-2.74145	-2.36987
51.988	-3.21879	-0.92283	-2.74821	-2.41565
55.992	-3.28256	-1.00206	-2.83140	-2.41429
59.987	-3.26423	-0.98238	-2.81357	-2.40699
63.993	-3.39886	-1.09317	-2.83071	-2.40178
67.990	-3.53941	-1.12288	-2.86742	-2.39300
71.994	-3.49206	-1.09333	-2.93044	-2.34156
75.988	NaN	NaN	NaN	NaN
83.994	-0.63898	-0.97816	0.05229	-2.10819
87.993	-0.10287	-0.76558	-0.02038	-1.50104
91.983	0.17755	-0.65691	0.42929	-1.53234
95.992	0.18169	-0.34512	0.35494	-1.28235
99.990	0.10438	-0.37728	0.47753	-1.57101
103.989	-0.00804	-0.39450	0.22979	-1.28512
107.987	-0.01313	-0.27331	0.22648	-1.43892
111.993	0.00916	-0.17499	0.11451	-1.15001
116.005	-0.11334	-0.09279	0.29322	-1.23542
119.992	-0.21070	-0.08364	0.25252	-1.28082
124.016	-0.44534	-0.09825	0.26818	-1.13564
127.988	-0.12583	-0.05434	0.25200	-1.08010
131.989	-0.09401	0.02855	0.33029	-1.12826
135.982	-0.19375	0.07070	0.28694	-1.05924
139.986	-0.34141	0.00805	0.22547	-1.12127
143.982	-0.35802	0.07907	0.15042	-1.03627
148.002	-0.33355	0.13918	0.21552	-0.94574
151.997	-0.36097	0.08491	0.24234	-0.97220
155.987	-0.47046	0.14544	0.27676	-0.90204
159.994	-0.40085	0.19668	0.24894	-0.85469
163.863	-0.32848	0.13456	0.16494	-0.87921
167.866	-0.29669	0.03484	0.16923	-0.82270
171.865	-0.49463	0.10019	0.11711	-0.87755
175.861	-0.42651	0.10280	0.23914	-0.82493
179.864	-0.48187	0.14887	0.08552	-0.79589
183.862	-0.37174	0.12770	0.07909	-0.77361
187.862	-0.22753	0.08088	0.15628	-0.73999
191.859	-0.36804	0.13689	0.13620	-0.79728
195.862	-0.28535	0.12643	0.03973	-0.74819
199.860	-0.32977	0.07730	0.05703	-0.74697
203.865	-0.32593	0.03081	0.04043	-0.77666
207.861	-0.33198	-0.04130	0.12744	-0.70903
211.867	-0.35901	-0.02179	0.08445	-0.74903
215.858	-0.22271	0.03188	0.07418	-0.75244
219.864	-0.17688	-0.04637	0.11627	-0.68019
223.859	-0.11309	-0.08141	0.07974	-0.70985
227.865	-0.10964	-0.11662	0.10776	-0.76111
231.856	-0.39914	-0.09326	0.11225	-0.67626
235.865	-0.20427	-0.10921	0.10441	-0.67408
239.871	-0.19795	-0.21981	0.18166	-0.70399
243.858	-0.26810	-0.12559	0.18417	-0.65310
247.860	-0.19656	-0.12961	0.20641	-0.59447
251.867	-0.01042	-0.13607	0.21070	-0.68873
255.865	-0.22857	-0.08700	0.21763	-0.60883
259.861	-0.47751	-0.02621	0.19402	-0.68063
263.859	-0.18861	-0.03086	0.23165	-0.69407
267.863	-0.27091	-0.10536	0.29868	-0.65310
271.858	-0.63707	-0.05926	0.21753	-0.70712
275.888	-0.40829	0.14931	0.24492	-0.78687
279.867	-0.14833	-0.00596	0.06624	-0.74665
283.856	-0.38216	0.05367	0.28667	-0.71163
287.866	-0.25421	0.03603	0.19425	-0.81094
291.872	-0.18958	0.12099	0.24458	-0.80242
295.872	-0.26527	0.09095	0.24587	-0.60840
299.864	0.14938	0.10620	0.14481	-0.61725
303.862	-0.07249	0.14579	0.39574	-0.57754
307.855	0.10354	0.02234	0.56468	-0.62443
311.858	-0.14126	0.14758	0.52644	-0.48562
315.862	-0.02194	0.20550	0.44177	-0.46334
319.864	0.03911	0.04311	0.46837	-0.49077
323.887	0.06425	0.14713	0.49855	-0.54652
327.859	0.13151	0.13088	0.53865	-0.40800
331.860	-0.04398	0.12889	0.54823	-0.36859
335.866	0.21815	0.11194	0.55965	-0.46504
339.854	0.05549	0.10449	0.55885	-0.60354
343.855	0.12193	0.07144	0.64357	-0.44998
347.861	-0.17956	0.06235	0.53562	-0.64635
351.859	0.15134	0.04214	0.54808	-0.52443
355.853	0.09587	0.04942	0.50255	-0.62550
359.859	0.08905	-0.00559	0.56734	-0.60520
363.857	-0.20331	0.04060	0.66724	-0.64081
367.861	0.09336	0.01044	0.74134	-0.69360
371.860	0.14436	0.01687	0.71791	-0.63954
375.861	0.04924	0.04488	0.69717	-0.64630
379.866	0.05909	0.00475	0.70394	-0.57316
383.863	0.22532	-0.05447	0.78486	-0.51178
387.858	0.04425	0.06988	0.77248	-0.62500
391.861	0.05239	0.11386	0.84592	-0.55806
395.855	0.08607	0.01670	0.84513	-0.52315
399.857	0.11327	-0.05114	0.74570	-0.50625
403.860	0.04594	0.05176	0.76667	-0.50075
407.858	0.14019	0.05663	0.68531	-0.48568
411.873	0.10232	0.10568	0.68891	-0.38043
415.862	0.03566	0.03732	0.72833	-0.40473
419.863	0.09508	-0.09259	0.71766	-0.36498
423.858	0.05323	-0.00303	0.79888	-0.33791
427.856	0.07284	0.12770	0.74699	-0.44078
431.876	0.07798	-0.05186	0.81446	-0.42174
435.864	0.09101	-0.02470	0.80426	-0.34581
439.853	0.07676	-0.05892	0.88743	-0.35666
443.856	0.15173	-0.02955	0.90525	-0.32175
447.856	-0.15662	-0.03735	0.94743	-0.21198
451.860	0.05683	-0.07726	0.94006	-0.22811
455.855	0.06924	-0.06573	0.97656	-0.25973
459.863	-0.04398	-0.04311	0.97648	-0.24582
463.856	0.21383	-0.03479	0.99536	-0.34266
467.854	-0.28396	-0.05680	0.99134	-0.31203
471.862	0.01603	-0.08648	1.01494	-0.21971
475.857	0.11046	-0.02870	1.00159	-0.14015
479.878	-0.04636	-0.09492	1.01816	-0.14333
483.860	-0.01407	-0.05435	1.01325	-0.12147
487.851	-0.04668	-0.04793	1.06059	-0.16713
491.863	0.07939	-0.02351	1.02823	-0.18631
495.859	-0.02879	0.02873	1.05481	-0.15113
499.856	0.17645	-0.11965	1.04828	-0.10609
503.861	0.19050	-0.03466	1.07624	-0.14301
507.868	-0.02477	0.05631	1.09884	-0.09535
511.863	0.08436	0.13729	0.98040	-0.08271
515.853	0.14176	-0.02157	1.08644	-0.10132
519.861	0.07234	-0.03317	1.14900	-0.10474
523.856	-0.06758	0.02043	1.13588	-0.06226
527.855	0.10453	0.09940	1.10785	-0.05448
531.853	0.05792	0.16959	0.96351	-0.00827
535.861	0.05008	0.00326	1.11497	0.03111
539.856	0.03204	0.11870	1.14804	0.11515
543.864	0.03934	0.08665	1.03444	0.18052
547.856	0.06505	0.08697	1.11961	0.15252
551.892	0.04437	0.13409	1.10236	0.17220
555.858	-0.00069	0.09058	1.06024	0.20974
559.855	-0.01626	0.10327	1.14233	0.26047
563.854	-0.00955	0.17732	1.06609	0.29630
567.857	0.10850	0.17210	1.09981	0.27187
571.850	0.08319	0.29935	1.08120	0.24857
575.861	0.13918	0.20277	1.13896	0.29768
579.856	0.14389	0.20038	1.05275	0.33525
583.859	-0.04152	0.23393	1.09152	0.28454
587.853	-0.00228	0.28378	1.12097	0.31796
591.853	-0.03482	0.28514	1.05945	0.28857
595.856	-0.01181	0.34786	1.09068	0.34673
599.857	0.13156	0.32743	1.13786	0.31030
603.852	0.28557	0.34833	1.10227	0.31935
607.858	0.27657	0.40486	1.11457	0.30027
611.853	0.11915	0.46728	1.16957	0.31917
615.856	0.06098	0.33218	1.16550	0.36371
619.857	-0.08287	0.38357	1.10231	0.38044
623.849	-0.14350	0.43378	1.16376	0.30113
627.857	-0.11813	0.47563	1.23074	0.33665
631.856	-0.03733	0.46658	1.13789	0.34069
635.856	0.07470	0.50544	1.09648	0.34961
639.852	0.01889	0.44539	1.18666	0.34518
643.852	0.03859	0.42889	1.24014	0.37724
647.855	0.00978	0.47463	1.22687	0.39746
651.858	-0.10039	0.46191	1.23355	0.44740
655.849	0.16124	0.43316	1.03679	0.44462
659.855	0.23448	0.43472	1.04605	0.42904
663.863	NaN	NaN	NaN	NaN
671.853	0.09758	0.39423	1.04223	0.45947
675.858	0.30295	0.38709	1.02444	0.47682
679.853	0.41246	0.36691	1.05624	0.48258
683.857	0.22596	0.34609	1.08542	0.47678
687.854	0.21594	0.38483	1.00752	0.46124
691.857	0.35325	0.39653	1.02231	0.49364
695.850	0.48031	0.40355	1.00591	0.47034
699.852	0.31280	0.43634	1.11184	0.46473
703.853	0.24887	0.42742	1.31940	0.46512
707.863	0.21951	0.42252	1.12464	0.44085
711.856	0.27838	0.42672	1.14920	0.48120
715.855	0.19271	0.43477	1.11179	0.47405
719.853	0.18114	0.44076	1.23124	0.44921
723.853	0.23239	0.40277	1.04987	0.49080
727.852	0.21321	0.43490	1.09264	0.55330
731.857	0.32551	0.39099	1.18646	0.56438
735.850	0.27850	0.39648	1.41501	0.56416
739.853	0.19713	0.36371	1.31461	0.64076
743.869	0.28158	0.39569	1.10209	0.64377
747.857	0.22281	0.39621	1.14002	0.59224
751.857	0.28801	0.51386	1.28889	0.68466
755.882	0.24071	0.49279	1.20546	0.64941
759.851	0.29997	0.53640	1.10842	0.72425
763.853	0.23306	0.52820	1.16632	0.71840
767.850	0.17501	0.57049	1.31716	0.70562
771.847	0.20425	0.53160	1.32282	0.63162
775.849	0.24947	0.54718	1.12080	0.69019
779.853	0.27724	0.60420	1.14270	0.63149
783.855	0.25431	0.64517	1.13883	0.70465
787.848	0.25095	0.58102	1.17359	0.56255
791.860	0.31637	0.65250	1.17671	0.72468
795.851	0.32029	0.59419	1.15503	0.65360
799.854	0.28912	0.58519	1.01794	0.51679
803.846	0.27987	0.54179	1.13690	0.53431
807.854	0.32325	0.50812	1.18626	0.52046
811.853	0.34806	0.49883	1.18403	0.42577
815.845	0.32570	0.44158	1.11690	0.42655
819.849	0.34305	0.48571	1.14491	0.56876
823.852	0.30620	0.50004	1.14846	0.40234
827.850	0.27868	0.46645	1.17473	0.39310
831.847	0.40102	0.48058	1.15337	0.48191
835.858	0.31548	0.41944	1.13337	0.30501
839.850	0.34682	0.46560	1.21898	0.46305
843.855	0.34370	0.51729	1.11668	0.49235
847.845	0.42902	0.50463	1.11110	0.64603
851.855	0.42921	0.48232	1.19056	0.58880
855.863	0.38881	0.53828	1.17890	0.49622
859.857	0.34151	0.51831	1.28358	0.57927
863.851	0.34442	0.58964	1.25773	0.67287
867.854	0.33670	0.56112	1.23556	0.49979
871.848	0.40090	0.56288	1.24637	0.59669
875.854	0.35561	0.63851	1.24796	0.70020
879.852	0.30235	0.61255	1.27515	0.63931
883.853	0.30622	0.57995	1.27043	0.64150
887.854	0.25006	0.48482	1.35231	0.70899
891.852	0.28404	0.58467	1.36466	0.62480
895.852	0.23361	0.58468	1.32810	0.64175
899.848	0.27885	0.50685	1.29931	0.70195
903.849	0.24902	0.55305	1.20909	0.72301
907.849	0.34263	0.50536	1.21901	0.70954
911.853	0.30908	0.41159	1.22658	0.74593
915.845	0.36424	0.51214	1.25265	0.66997
919.861	0.35017	0.47226	1.23556	0.56030
923.851	0.33568	0.50148	1.20991	0.52255
927.869	0.35179	0.65215	1.19621	0.47550
931.856	0.40618	0.68184	1.19103	0.51838
935.851	0.34429	0.55928	1.13221	0.39922
939.854	0.37412	0.54362	1.17289	0.36557
943.845	0.32806	0.58537	1.14933	0.28583
947.853	0.32724	0.58057	1.19279	0.25254
951.848	0.20641	0.50698	1.18537	0.22779
955.853	0.35933	0.59553	1.19944	0.24434
959.857	0.31081	0.56586	1.14248	0.30096
963.860	0.22373	0.49488	1.19733	0.34455
967.848	0.32665	0.51301	1.18344	0.43744
971.847	0.29592	0.47709	1.17433	0.42721
975.847	0.27525	0.41499	1.09971	0.46650
979.854	0.37762	0.43663	1.22973	0.53951
983.882	0.31022	0.43683	1.12415	0.61723
987.850	0.31114	0.41601	1.09413	0.56885
991.845	0.26396	0.36232	1.15002	0.60727
995.850	0.36799	0.34897	1.16483	0.55244
999.862	0.33680	0.25251	1.20308	0.57775
1003.850	0.39142	0.28089	1.16969	0.60118
1007.725	0.40963	0.33784	1.15419	0.52020
1011.727	0.43517	0.25636	1.15645	0.60958
1015.724	0.44051	0.27589	1.14317	0.60605
1019.720	0.47493	0.45315	1.21514	0.57220
1023.725	0.50902	0.38181	1.19832	0.62596
1027.728	0.52585	0.45829	1.26396	0.54045
1031.723	0.47403	0.45658	1.27772	0.57552
1035.722	0.52587	0.45794	1.25227	0.56199
1039.719	0.52937	0.39615	1.18098	0.59270
1043.726	0.50478	0.47129	1.13283	0.47702
1047.725	0.50140	0.47635	1.18483	0.49147
1051.722	0.45113	0.30166	1.20584	0.46824
1055.726	0.46574	0.26719	1.20978	0.43672
1059.722	0.33355	0.27888	1.15786	0.43598
1063.717	0.38430	0.21158	1.15481	0.41852
1067.725	0.30664	0.25855	1.14945	0.42329
1071.724	0.30630	0.28134	1.14439	0.42378
1075.719	0.34992	0.29816	1.13082	0.40101
1079.725	0.29498	0.28310	1.05855	0.41195
1083.721	0.36045	0.29684	1.06091	0.32276
1087.723	0.36598	0.36813	1.07991	0.40437
1091.726	0.36576	0.10745	1.11675	0.37279
1095.726	0.35466	0.28022	1.10331	0.42804
1099.723	0.27269	0.25492	1.07728	0.41366
1103.721	0.33566	0.30429	1.10519	0.48478
1107.720	0.30126	0.34850	1.14682	0.46731
1111.725	0.36764	0.31977	1.05615	0.42509
1115.723	0.22817	0.31531	1.03079	0.41498
1119.717	0.31863	0.25803	1.04669	0.38974
1123.724	0.33216	0.17739	1.03967	0.34733
1127.722	0.33831	0.18147	1.11442	0.39574
1131.726	0.34340	0.12561	1.18361	0.35705
1135.721	0.33268	0.20008	1.13174	0.42225
1139.725	0.30319	0.18706	1.14791	0.40848
1143.720	0.31488	0.28554	1.17513	0.37715
1147.748	0.35022	0.25669	1.19128	0.35606
1151.731	0.41388	0.30588	1.22395	0.32791
1155.720	0.43073	0.25129	1.20031	0.41173
1159.722	0.44572	0.19717	1.18091	0.32910
1163.724	0.45058	0.18992	1.20231	0.37672
1167.718	0.51217	0.25949	1.16228	0.40826
1171.726	0.49009	0.25598	1.17803	0.43146
1175.719	0.40164	0.29204	1.06478	0.38559
1179.717	0.40172	0.28658	1.11653	0.29001
1183.724	0.44157	0.30765	1.10470	0.29816
1187.718	0.49490	0.23658	1.01809	0.34194
1191.718	0.55314	0.28292	1.05880	0.28979
1195.717	0.51778	0.29425	1.01491	0.26927
1199.723	0.56610	0.30456	1.02402	0.15585
1203.719	0.49820	0.34566	1.03486	0.21014
1207.722	0.57118	0.37731	1.06421	0.19692
1211.714	0.51319	0.32558	1.06982	0.08219
1215.727	0.55689	0.32307	1.03518	0.05416
1219.722	0.58173	0.24023	0.99678	0.03632
1223.719	0.51887	0.33748	1.02796	0.11523
1227.723	0.55329	0.30933	1.03759	0.12107
1231.721	0.49637	0.34211	1.04404	0.03210
1235.715	0.46969	0.22450	0.99854	-0.02735
1239.720	0.55496	0.29487	1.05736	-0.03578
1243.717	0.47279	0.25047	1.00886	-0.06815
1247.717	0.44686	0.20122	0.97015	0.00440
1251.723	0.43941	0.21024	0.88473	-0.09797
1255.724	0.34541	0.26205	0.90190	-0.08033
1259.720	0.31263	0.25703	0.90031	-0.07084
1263.722	0.31900	0.33434	0.90282	-0.10691
1267.718	0.34146	0.23894	0.92418	-0.12048
1271.721	0.41842	0.27929	0.92473	-0.10043
1275.718	0.46339	0.23275	0.93770	-0.12731
1279.717	0.46939	0.29313	0.91019	-0.18751
1283.719	0.37080	0.21280	0.83295	-0.18791
1287.721	0.39507	0.23666	0.81776	-0.16677
1291.714	0.42663	0.23196	0.86845	-0.05702
1295.721	0.41152	0.25981	0.87858	-0.05685
1299.726	0.48071	0.20895	0.90986	-0.10174
1303.742	0.54401	0.22102	0.94847	0.06698
1307.725	0.53490	0.17361	0.89376	-0.06318
1311.719	0.51299	0.06543	0.93557	0.03675
1315.718	0.48771	0.18363	0.93038	-0.05777
1319.715	0.50473	0.22448	0.87523	-0.05697
1323.717	0.47346	0.20398	0.94358	-0.08256
1327.716	0.46187	0.20930	0.98057	-0.02870
1331.721	0.48038	0.21561	1.01620	0.16701
1335.722	0.44974	0.12452	1.02283	-0.05680
1339.723	0.49413	0.27507	0.99340	-0.09724
1343.717	0.45934	0.21111	0.98792	-0.03978
1347.712	0.43443	0.28583	0.99834	-0.06231
1351.717	0.37189	0.21648	0.97834	-0.10964
1355.716	0.41422	0.20135	0.96286	-0.05881
1359.719	0.40532	0.17295	0.95785	-0.03459
1363.720	0.38077	0.11915	0.95202	0.01088
1367.720	0.40192	0.10869	0.90443	-0.00169
1371.725	0.44783	0.10044	0.90490	0.00932
1375.717	0.45068	0.07522	0.88773	0.00467
1379.732	0.44825	0.03573	0.82081	-0.02018
1383.718	0.42343	-0.06436	0.77486	-0.00522
1387.716	0.43842	0.02224	0.89096	-0.02226
1391.719	0.43678	-0.02947	0.70747	-0.02144
1395.760	0.47473	-0.05496	0.63240	-0.02341
1399.715	0.57664	0.03643	0.79049	-0.03518
1403.715	0.52483	-0.04222	0.84238	-0.05610
1407.717	0.51766	0.07136	0.79273	-0.09561
1411.715	0.57890	0.06279	0.90165	-0.16036
1415.715	0.50344	-0.05422	0.84148	-0.15656
1419.721	0.61809	-0.02055	0.79511	-0.15899
1423.720	0.59071	-0.02676	0.77446	-0.17057
1427.719	0.56421	0.12335	0.98703	-0.24224
1431.716	0.67769	0.06783	0.89602	-0.23119
1435.720	0.48110	-0.01026	0.91254	-0.27065
1439.715	0.71903	0.00639	0.92299	-0.28530
1443.714	0.60590	-0.02067	0.91728	-0.27877
1447.713	0.59466	-0.00693	0.92023	-0.34493
1451.714	0.53014	-0.11194	0.90847	-0.30980
1455.715	0.56443	-0.11256	0.86381	-0.28503
1459.715	0.66819	-0.08152	0.84682	-0.30394
1463.724	0.56280	-0.02214	0.75779	-0.27269
1467.715	0.47815	0.04453	0.79942	-0.32574
1471.713	0.50498	-0.01970	0.77883	-0.29426
1475.707	0.51518	-0.06965	0.81449	-0.39911
1479.719	0.54739	-0.01801	0.81630	-0.32770
1483.715	0.53153	0.01558	0.83471	-0.31657
1487.716	0.58789	0.10478	0.85054	-0.46375
1491.732	0.60526	0.10988	0.90371	-0.51177
1495.718	0.59387	0.10680	0.93783	-0.47999
1499.716	0.65729	0.08354	0.96125	-0.54060
1503.723	0.65930	0.05375	0.98062	-0.49307
1507.719	0.64551	0.14280	1.04049	-0.60302
1511.713	0.71697	0.12965	1.02427	-0.55810
1515.714	0.73719	0.06570	1.00687	-0.62911
1519.716	0.68039	0.12670	0.97135	-0.59719
1523.714	0.65722	0.10433	0.90093	-0.58225
1527.712	0.61928	0.16362	0.89632	-0.57311
1531.719	0.64583	0.13311	0.82518	-0.64800
1535.715	0.66573	0.17321	0.74337	-0.59984
1539.714	0.56570	0.16246	0.70821	-0.60476
1543.713	0.50101	0.20393	0.63876	-0.63863
1547.719	0.46207	0.23516	0.62513	-0.68892
1551.713	0.51771	0.28565	0.55374	-0.64083
1555.712	0.44701	0.26935	0.49609	-0.61753
1559.720	0.33906	0.35300	0.44197	-0.58004
1563.715	-0.03268	0.32142	0.38164	-0.60522
1567.727	0.12602	0.39492	0.38318	-0.68301
1571.712	0.17938	0.43420	0.32615	-0.74346
1575.715	0.21745	0.42958	0.34208	-0.70547
1579.715	0.02814	0.42837	0.28927	-0.65725
1583.717	0.02000	0.38784	0.28029	-0.66676
1587.715	-0.05450	0.41033	0.27545	-0.67867
1591.719	-0.04217	0.38995	0.28178	-0.67340
1595.713	-0.06800	0.38006	0.30059	-0.65310
1599.717	-0.06748	0.35176	0.29111	-0.67956
1603.712	-0.10766	0.29692	0.32290	-0.68512
1607.717	-0.06083	0.31262	0.18698	-0.70033
1611.712	-0.09552	0.25207	0.29299	-0.69178
1615.715	-0.14657	0.26151	0.28915	-0.68801
1619.718	-0.16958	0.34063	0.22879	-0.63300
1623.711	-0.10803	0.26236	0.18008	-0.62369
1627.710	-0.06482	0.32999	0.11587	-0.56773
1631.715	-0.06331	0.32962	0.06696	-0.55526
1635.712	-0.03432	0.41731	0.02251	-0.56396
1639.717	-0.08237	0.33884	0.03040	-0.60592
1643.713	-0.06611	0.33111	-0.09242	-0.55732
1647.711	-0.04710	0.41048	-0.04033	-0.53007
1651.706	-0.03891	0.49787	0.06415	-0.59936
1655.710	0.00122	0.48929	0.03115	-0.57193
1659.710	0.11791	0.51339	-0.04172	-0.44839
1663.706	0.07406	0.49486	0.01881	-0.44725
1667.716	-0.01923	0.46223	-0.03246	-0.48263
1671.713	-0.10195	0.36744	-0.05008	-0.55954
1675.709	-0.17405	0.32293	0.02732	-0.64309
1679.727	-0.01747	0.23398	0.16605	-0.55926
1683.717	0.25234	0.27686	0.22892	-0.51053
1687.706	0.39286	-0.04301	1.46177	-0.63707
1691.715	0.75407	-0.40351	3.03266	-1.38140
1695.713	2.82288	-1.17258	3.72165	-2.23553
1699.718	3.59792	-2.05964	4.50927	-2.41683
1703.714	4.12475	-2.30157	4.82676	-2.78849
1707.715	4.46655	-2.34595	5.68829	-3.01635
1711.719	4.90466	-2.61902	5.72795	-2.96789
1715.713	4.88404	-2.29585	5.72052	-3.26691
1719.715	4.95810	-2.38979	5.52202	-3.24421
1723.712	5.07727	-2.52531	5.59160	-3.20869
1727.709	4.77614	-2.50396	5.49094	-3.22975
1731.712	4.85083	-2.39754	5.44719	-3.30250
1735.712	4.99108	-2.36241	5.58299	-3.39228
1739.705	4.99763	-2.38426	5.65619	-3.29939
1743.721	5.17646	-2.44787	5.78750	-3.42882
1747.717	5.09172	-2.28480	5.73087	-3.41982
1751.710	5.19820	-2.34273	5.54907	-3.42318
1755.714	5.18823	-2.33940	5.65049	-3.48798
1759.711	5.32498	-2.35272	5.65624	-3.44384
1763.709	5.16598	-2.27977	5.71247	-3.45888
1767.710	5.07289	-2.43211	5.67207	-3.47615
1771.731	5.12590	-2.31006	5.66860	-3.51793
1775.714	5.21360	-2.32132	5.66297	-3.53131
1779.708	5.24636	-2.42140	5.75684	-3.51992
1783.709	5.18815	-2.40477	5.73163	-3.53481
1787.712	5.19345	-2.34714	5.53131	-3.53940
1791.710	5.17713	-2.42186	5.47082	-3.56945
1795.709	5.23108	-2.47150	5.70072	-3.60330
1799.710	5.20263	-2.45580	5.68249	-3.56519
1803.709	5.06498	-2.51637	5.60826	-3.57493
1807.711	5.23347	-2.49685	5.52298	-3.60747
1811.715	5.17865	-2.45587	5.60187	-3.61707
1815.709	5.20182	-2.66032	5.62724	-3.60139
1819.712	5.17693	-2.60966	5.59108	-3.64962
1823.708	5.13459	-2.46508	5.40009	-3.64990
1827.733	5.23585	-2.67806	5.52354	-3.64629
1831.706	5.18562	-2.64503	5.38218	-3.64252
1835.712	5.31521	-2.69892	5.57458	-3.53202
1839.715	5.27875	-2.49766	5.51730	-3.50324
1843.709	5.28812	-2.72876	5.44953	-3.54149
1847.708	5.45560	-2.78298	5.39197	-3.58165
1851.710	5.42835	-2.56919	5.44532	-3.49920
1855.711	5.32757	-2.71630	5.39389	-3.54324
1859.579	5.33844	-2.73281	5.47097	-3.54794
1863.585	5.49573	-2.71554	5.40771	-3.48928
1867.583	5.55054	-2.81602	5.38206	-3.58249
1871.708	5.49219	-2.71129	5.50434	-3.50866
1875.584	5.44252	-2.71233	5.45671	-3.45046
1879.583	5.41603	-2.56917	5.52782	-3.51801
1883.594	5.41367	-2.72369	5.58776	-3.49666
1887.586	5.49453	-2.75716	5.58469	-3.44900
1891.586	5.40073	-2.64219	5.63970	-3.45606
1895.577	5.31312	-2.74258	5.66032	-3.43626
1899.581	5.33118	-2.69591	5.64066	-3.41715
1903.584	5.29083	-2.83110	5.69227	-3.45573
1907.582	5.43502	-2.76528	5.67084	-3.34763
1911.584	5.36993	-2.72430	5.64683	-3.32904
1915.581	5.23878	-2.76303	5.61242	-3.37138
1919.576	4.65059	-2.75438	5.28185	-3.28663
1923.586	3.94562	-2.52491	4.34835	-3.10998
1927.607	2.84014	-2.16980	2.81573	-2.69776
1931.586	2.23424	-1.37419	2.26041	-1.83077
1935.581	1.33453	-0.46884	1.15424	-1.37076
1939.579	0.08108	-0.56443	0.25862	-0.94969
1943.585	-0.23333	0.23383	0.17494	-0.84267
1947.579	-0.54520	0.27733	-0.31662	-0.55182
1951.581	-0.47344	0.29818	-0.33511	-0.41325
1955.580	-0.37789	0.28456	-0.19812	-0.35588
1959.585	-0.41246	0.12794	0.01663	-0.29806
1963.585	-0.46803	0.21876	-0.18683	-0.40620
1967.585	-0.41996	0.35066	-0.22100	-0.33715
1971.586	-0.38231	0.21951	-0.13064	-0.20597
1975.585	-0.51190	0.23076	-0.21911	-0.15227
1979.587	-0.49798	0.35664	-0.18345	-0.13734
1983.583	-0.55250	0.40171	-0.40874	-0.00952
1987.584	-0.53580	0.41332	-0.36355	0.04706
1991.578	-0.56148	0.35632	-0.38539	0.02415
1995.582	-0.53706	0.39848	-0.32727	-0.02229
1999.584	-0.57032	0.45424	-0.36812	-0.07005
2003.579	-0.58471	0.37843	-0.35169	-0.02239
2007.579	-0.57084	0.44507	-0.36975	0.11316
2011.586	-0.58344	0.37400	-0.32268	0.09182
2015.592	-0.59253	0.38454	-0.36926	0.19538
2019.584	-0.56327	0.38049	-0.41787	0.30797
2023.575	-0.56056	0.44763	-0.45624	0.20423
2027.586	-0.48051	0.42788	-0.43281	0.16504
2031.582	-0.54582	0.63114	-0.43904	0.11999
2035.585	-0.43502	0.43474	-0.46631	0.15950
2039.576	-0.45515	0.51373	-0.45562	0.17873
2043.577	-0.47986	0.55691	-0.52088	0.23114
2047.579	-0.40899	0.45077	-0.52150	0.14966
2051.623	-0.41805	0.45981	-0.59776	0.16096
2055.578	-0.41619	0.44041	-0.60789	0.09740
2059.579	-0.39273	0.41740	-0.58585	0.08212
2063.579	-0.28543	0.49354	-0.65565	0.05953
2067.581	-0.24966	0.58868	-0.65531	0.07877
2071.582	-0.31508	0.49572	-0.58754	0.04254
2075.579	-0.18060	0.43274	-0.69806	0.08393
2079.582	-0.28545	0.47363	-0.65637	0.04597
2083.575	-0.27959	0.50186	-0.65372	0.02534
2087.583	-0.24381	0.53809	-0.65201	0.05320
2091.582	-0.32640	0.48568	-0.71216	0.09397
2095.581	-0.25952	0.47008	-0.69665	0.06276
2099.578	-0.22768	0.50698	-0.75871	0.09022
2103.578	-0.33245	0.51257	-0.82059	0.10058
2107.578	-0.34174	0.51043	-0.75201	0.05012
2111.580	-0.38700	0.50074	-0.74900	0.06748
2115.580	-0.25232	0.52738	-0.73268	0.05009
2119.579	-0.39462	0.50456	-0.75645	0.09014
2123.583	-0.33119	0.46337	-0.79493	0.16242
2127.578	-0.33764	0.42801	-0.69853	0.18653
2131.581	-0.37958	0.42585	-0.61196	0.17500
2135.578	-0.29031	0.45336	-0.61476	0.10193
2139.587	-0.23783	0.47980	-0.63094	0.18385
2143.578	-0.16337	0.51006	-0.55381	0.18810
2147.582	-0.13603	0.51710	-0.55605	0.17741
2151.630	-0.11612	0.53871	-0.59357	0.16290
2155.580	-0.11600	0.54418	-0.59833	0.20703
2159.577	-0.13816	0.52475	-0.62766	0.26937
2163.592	-0.12846	0.49235	-0.62712	0.19764
2167.585	-0.09979	0.47205	-0.58856	0.15721
2171.577	-0.11801	0.46795	-0.62501	0.15724
2175.582	-0.06239	0.43321	-0.68682	0.17232
2179.583	-0.08562	0.42389	-0.76044	0.15502
2183.582	-0.07726	0.35591	-0.77501	0.13132
2187.574	-0.15315	0.29076	-0.85252	0.11270
2191.577	-0.15027	0.20905	-0.87257	0.11663
2195.579	-0.17645	0.22898	-0.86128	0.14443
2199.578	-0.27185	0.23042	-0.86317	0.13730
2203.573	-0.27644	0.17884	-0.89408	0.10671
2207.583	-0.34734	0.08864	-0.88250	0.12781
2211.578	-0.35630	0.01126	-0.88788	0.11921
2215.577	-0.33536	-0.06992	-0.86292	0.11467
2219.577	-0.38978	-0.08588	-0.84247	0.14008
2223.579	-0.40082	-0.08767	-0.83089	0.18381
2227.576	-0.39273	-0.05094	-0.84734	0.19726
2231.578	-0.38256	0.02763	-0.82585	0.19609
2235.577	-0.36566	0.08993	-0.77049	0.13189
2239.578	-0.35605	0.18219	-0.73779	0.04569
2243.574	-0.29860	0.21156	-0.68486	-0.00330
2247.591	-0.22969	0.19633	-0.63689	-0.04989
2251.579	-0.17630	0.33834	-0.67558	-0.05993
2255.575	-0.10992	0.36145	-0.65905	-0.16784
2259.580	-0.05681	0.43965	-0.63697	-0.22932
2263.579	-0.02618	0.44546	-0.57389	-0.19019
2267.579	-0.04564	0.52619	-0.60655	-0.18087
2271.574	-0.06584	0.54989	-0.60756	-0.15724
2275.580	-0.10982	0.57998	-0.69990	-0.21977
2279.575	-0.13620	0.56331	-0.61340	-0.29196
2283.580	-0.14888	0.54475	-0.63680	-0.25744
2287.573	-0.19603	0.48375	-0.67101	-0.28863
2291.579	-0.20678	0.38011	-0.72565	-0.19560
2295.576	-0.19904	0.36155	-0.82337	-0.03824
2299.583	-0.20710	0.45726	-0.73923	-0.20593
2303.580	-0.18315	0.42759	-0.71290	-0.15582
2307.579	-0.17822	0.39465	-0.78416	-0.08147
2311.578	-0.22532	0.43174	-0.83736	-0.09352
2315.583	-0.13933	0.48089	-0.80655	-0.11447
2319.580	-0.06616	0.48174	-0.72801	-0.15644
2323.575	-0.08177	0.51923	-0.74092	-0.10841
2327.579	-0.13148	0.50887	-0.71677	-0.07206
2331.574	-0.05048	0.47478	-0.67938	-0.11579
2335.574	-0.09086	0.48957	-0.68846	-0.19545
2339.576	-0.03829	0.54962	-0.72109	-0.19217
2343.583	-0.03586	0.56696	-0.66642	-0.16367
2347.572	-0.12424	0.47391	-0.71583	-0.10481
2351.579	-0.12233	0.36789	-0.79228	-0.02810
2355.576	-0.13585	0.39139	-0.74868	-0.08167
2359.578	-0.11821	0.40476	-0.73774	-0.12781
2363.577	-0.13062	0.37768	-0.77057	-0.12051
2367.576	-0.19814	0.38652	-0.80898	-0.10746
2371.573	-0.33551	0.51614	-0.93877	-0.13797
2375.574	-0.43547	0.35915	-1.04997	0.17603
2379.573	-0.60387	0.56840	-0.98266	0.16299
2383.588	-0.50118	0.39471	-0.93530	0.26935
2387.579	-0.48907	0.43638	-1.06163	0.32996
2391.575	-0.38430	0.62109	-1.18197	0.25514
2395.574	-0.50567	0.64406	-1.12472	0.31112
2399.572	-0.50992	0.68327	-1.10814	0.29045
2403.579	-0.53736	0.64110	-1.07267	0.20797
2407.576	-0.45795	0.68280	-1.11834	0.32076
2411.575	-0.46790	0.56160	-1.12330	0.40063
2415.573	-0.64047	0.60954	-1.03367	0.39066
2419.578	-0.49627	0.61957	-0.94294	0.27015
2423.573	-0.49964	0.59144	-0.90066	0.22801
2427.583	-0.55317	0.58269	-0.96633	0.17275
2431.578	-0.52701	0.56719	-1.06212	0.25153
2435.575	-0.54329	0.52987	-0.93616	0.21752
2439.574	-0.57925	0.55531	-0.95735	0.30227
2443.569	-0.56431	0.57760	-0.91016	0.19189
2447.573	-0.50215	0.52677	-0.86213	0.25852
2451.585	-0.56838	0.50683	-0.93095	0.33089
2455.573	-0.60610	0.54922	-0.92217	0.33350
2459.572	-0.57347	0.54395	-0.98752	0.43481
2463.572	-0.55865	0.46345	-0.95011	0.36078
2467.613	-0.59084	0.48328	-0.82858	0.39520
2471.573	-0.52327	0.53596	-0.83044	0.49424
2475.572	-0.45830	0.56647	-0.77848	0.37401
2479.570	-0.47001	0.55229	-0.82317	0.48835
2483.573	-0.45932	0.58571	-0.73699	0.27655
2487.570	-0.48436	0.53214	-0.69198	0.23277
2491.571	-0.49681	0.57954	-0.68861	0.25610
2495.572	-0.43825	0.59177	-0.75399	0.19622
2499.575	-0.44162	0.64263	-0.84478	0.23122
2503.567	-0.44351	0.57597	-0.72206	0.16357
2507.576	-0.58208	0.60669	-0.74833	0.11358
2511.576	-0.49627	0.52997	-0.77374	0.14980
2515.574	-0.52175	0.47824	-0.80791	0.15713
2519.572	-0.56404	0.47913	-0.88736	0.23022
2523.570	-0.49433	0.50341	-0.82637	0.12282
2527.571	-0.51649	0.65507	-0.83069	0.14572
2531.573	-0.49418	0.55251	-0.92162	0.17951
2535.575	-0.44800	0.58469	-0.94820	0.18614
2539.569	-0.52510	0.51238	-1.00124	0.19665
2543.594	-0.64086	0.48260	-1.02841	0.17153
2547.575	-0.66987	0.37969	-1.10996	0.15572
2551.576	-0.68727	0.31014	-0.97455	0.20570
2555.578	-0.54883	0.41339	-0.89505	0.12676
2559.573	-0.58424	0.46124	-0.87225	0.02639
2563.567	-0.53761	0.54475	-0.85910	0.00827
2567.573	-0.49061	0.50826	-0.87838	-0.03968
2571.572	-0.54634	0.46760	-0.87198	-0.06942
2575.574	-0.54612	0.48025	-0.83960	-0.02328
2579.566	-0.56540	0.42892	-0.80364	-0.04246
2583.570	-0.63685	0.47684	-0.87121	-0.01841
2587.578	-0.56017	0.60739	-0.99226	0.01252
2591.576	-0.51416	0.52463	-0.95284	0.11474
2595.572	-0.46348	0.49636	-0.91860	0.12155
2599.570	-0.48669	0.53698	-0.99236	0.07319
2603.570	-0.46415	0.54473	-0.96867	0.07583
2607.569	-0.46701	0.62036	-0.96971	0.08490
2611.576	-0.47512	0.51308	-0.96976	0.15091
2615.571	-0.47895	0.50781	-1.04823	0.14619
2619.571	-0.45502	0.50138	-1.09916	0.24735
2623.570	-0.42728	0.57577	-1.18438	0.21028
2627.574	-0.40435	0.58099	-1.06480	0.13252
2631.571	-0.43522	0.55907	-0.98534	0.20463
2635.581	-0.42686	0.61222	-1.06820	0.34015
2639.568	-0.38082	0.66360	-1.08745	0.21255
2643.572	-0.37802	0.71747	-1.18135	0.14742
2647.567	-0.41281	0.76099	-1.11149	0.25205
2651.570	-0.43127	0.77423	-1.07001	0.27637
2655.572	-0.47098	0.79552	-1.18016	0.18089
2659.569	-0.39474	0.84164	-1.24275	0.22190
2663.570	-0.46234	0.87926	-1.26760	0.23596
2667.568	-0.44386	0.85360	-1.29576	0.29024
2671.569	-0.46676	0.88642	-1.28288	0.28773
2675.574	-0.40125	0.89937	-1.29375	0.30273
2679.623	-0.37730	0.90548	-1.27386	0.27928
2683.574	-0.44594	0.91265	-1.20150	0.30349
2687.572	-0.36690	0.91535	-1.13911	0.34652
2691.569	-0.33506	0.89148	-1.00690	0.37501
2695.571	-0.41939	0.86864	-1.07349	0.27411
2699.567	-0.40646	0.89785	-1.19569	0.35834
2703.570	-0.48795	0.88016	-1.10112	0.35788
2707.568	-0.39839	0.82969	-1.01876	0.29682
2711.444	-0.51304	0.84237	-0.91686	0.20769
2715.441	-0.52265	0.86711	-0.95214	0.26600
2719.443	-0.53776	0.81839	-0.94482	0.28523
2723.494	-0.62709	0.77992	-1.10261	0.23369
2727.439	-0.68263	0.83986	-0.90644	0.15424
2731.447	-0.64369	0.88068	-0.96370	0.15608
2735.442	-0.62086	0.83222	-1.04079	0.17541
2739.447	-0.67052	0.78545	-0.98201	0.17968
2743.447	-0.55791	0.71949	-0.78392	0.06083
2747.442	-0.50540	0.68406	-0.77171	-0.06247
2751.442	-0.53550	0.66160	-0.82126	0.02328
2755.436	-0.51602	0.61877	-0.82570	-0.00912
2759.447	-0.52108	0.36730	-0.89483	-0.09988
2763.448	-0.47363	0.51497	-0.79240	-0.17495
2767.439	-0.43949	0.43201	-0.73297	-0.18764
2771.447	-0.37702	0.37913	-0.72422	-0.28509
2775.442	-0.38566	0.36403	-0.69521	-0.31054
2779.442	-0.38214	0.38328	-0.60402	-0.31338
2783.442	-0.32392	0.39663	-0.62307	-0.39937
2787.441	-0.31751	0.31153	-0.62414	-0.42248
2791.442	-0.30702	0.34361	-0.66211	-0.43346
2795.445	-0.33357	0.42095	-0.72384	-0.45544
2799.440	-0.29481	0.39437	-0.78538	-0.49653
2803.462	-0.27103	0.44794	-0.69469	-0.47303
2807.455	-0.30918	0.28720	-0.76866	-0.47598
2811.444	-0.27220	0.33165	-0.73069	-0.49072
2815.441	-0.27421	0.35911	-0.73352	-0.46493
2819.444	-0.23686	0.56492	-0.74178	-0.45703
2823.450	-0.21331	0.33248	-0.76144	-0.43101
2827.438	-0.21060	0.41999	-0.81389	-0.41968
2831.446	-0.24237	0.35432	-0.83280	-0.34914
2835.445	-0.22743	0.42426	-0.83111	-0.35746
2839.442	-0.23430	0.40791	-0.77062	-0.40865
2843.440	-0.22572	0.52052	-0.75727	-0.35938
2847.455	-0.17030	0.42496	-0.82176	-0.33577
2851.443	-0.14240	0.42499	-0.80402	-0.35138
2855.444	-0.16799	0.44089	-0.79714	-0.43933
2859.445	-0.23683	0.34801	-0.82734	-0.44681
2863.439	-0.26026	0.35456	-0.80382	-0.43928
2867.456	-0.27401	0.44223	-0.77724	-0.42887
2871.448	-0.27490	0.41519	-0.83957	-0.44094
2875.440	-0.26277	0.42697	-0.82305	-0.42629
2879.446	-0.28518	0.46126	-0.77496	-0.46746
2883.442	-0.33990	0.19583	-0.78987	-0.43218
2887.452	-0.36201	0.21377	-0.84888	-0.40243
2891.444	-0.33727	0.30956	-0.78300	-0.51479
2895.442	-0.38301	0.41591	-0.83444	-0.45406
2899.443	-0.40809	0.34576	-0.77781	-0.43245
2903.475	-0.38549	0.37590	-0.76270	-0.37257
2907.442	-0.42701	0.28131	-0.73866	-0.37059
2911.444	-0.44812	0.11619	-0.74307	-0.35106
2915.439	-0.49175	0.26153	-0.77796	-0.31004
2919.435	-0.46979	0.38706	-0.72037	-0.43159
2923.438	-0.49905	0.23770	-0.76387	-0.38000
2927.456	-0.43606	0.24570	-0.79337	-0.36564
2931.454	-0.47470	0.30884	-0.76422	-0.34567
2935.442	-0.48498	0.12481	-0.79699	-0.34773
2939.444	-0.46572	0.09432	-0.75972	-0.34480
2943.435	-0.44894	0.13050	-0.77491	-0.37715
2947.443	-0.46078	0.23720	-0.81307	-0.36410
2951.439	-0.36541	0.27202	-0.78831	-0.35029
2955.443	-0.35774	0.21787	-0.82307	-0.39953
2959.438	-0.30937	0.19141	-0.94083	-0.42938
2963.442	-0.34670	0.20634	-0.93822	-0.47810
2967.442	-0.32533	0.25182	-0.94413	-0.43748
2971.442	-0.38234	0.19151	-0.99434	-0.44311
2975.442	-0.41636	0.09706	-0.99251	-0.35814
2979.438	-0.41462	0.07544	-0.98484	-0.47347
2983.443	-0.37544	0.06389	-1.00075	-0.50303
2987.436	-0.38243	0.13826	-1.00734	-0.48412
2991.438	-0.37953	0.20840	-1.02203	-0.51774
2995.440	-0.34087	0.24200	-1.01489	-0.56499
2999.442	-0.34365	0.29714	-1.01856	-0.58349
3003.437	-0.29761	0.25075	-1.01124	-0.54775
3007.440	-0.34059	0.20863	-1.01806	-0.46559
3011.456	-0.36817	0.20667	-1.10847	-0.48023
3015.442	-0.35330	0.24764	-1.03771	-0.58518
3019.436	-0.38871	0.26267	-1.08807	-0.64812
3023.433	-0.30784	0.25251	-1.08932	-0.69822
3027.443	-0.30166	0.28047	-1.07463	-0.64512
3031.437	-0.32766	0.29252	-1.06813	-0.68857
3035.442	-0.36970	0.24687	-0.95619	-0.76533
3039.436	-0.35206	0.23549	-0.99035	-0.68734
3043.443	-0.35146	0.30524	-1.01062	-0.65415
3047.437	-0.39901	0.35024	-1.10509	-0.62817
3051.442	-0.40733	0.30119	-1.17317	-0.70879
3055.443	-0.49877	0.25536	-1.09792	-0.68260
3059.439	-0.48833	0.20659	-1.17458	-0.58247
3063.443	-0.49349	0.23757	-1.05041	-0.53507
3067.435	-0.53505	0.20470	-1.09418	-0.57086
3071.442	-0.51503	0.34690	-1.05798	-0.52103
3075.438	-0.54426	0.21533	-1.03094	-0.59373
3079.436	-0.47937	0.25487	-1.00809	-0.44100
3083.443	-0.52088	0.29084	-1.00985	-0.50144
3087.448	-0.51734	0.25857	-0.86892	-0.51967
3091.435	-0.50361	0.17970	-0.88776	-0.52228
3095.441	-0.50786	0.20197	-0.89448	-0.60073
3099.438	-0.49828	0.24262	-0.91378	-0.49408
3103.442	-0.45840	0.10732	-0.92592	-0.56761
3107.436	-0.49230	0.14573	-0.78250	-0.60492
3111.438	-0.52753	0.20276	-0.91128	-0.69923
3115.439	-0.48153	0.24227	-0.83009	-0.75055
3119.462	-0.45209	0.20540	-0.89289	-0.68639
3123.440	-0.48282	0.21635	-0.83927	-0.71182
3127.435	-0.48756	0.18475	-0.93748	-0.67471
3131.465	-0.39703	0.12186	-0.86853	-0.68182
3135.447	-0.45574	0.17332	-0.87332	-0.75166
3139.439	-0.47368	0.17958	-0.99556	-0.74010
3143.441	-0.46954	0.07415	-1.00742	-0.66210
3147.470	-0.52761	0.09947	-1.15521	-0.71741
3151.443	-0.45175	0.09172	-1.05476	-0.70298
3155.436	-0.45458	0.09375	-1.05051	-0.66673
3159.436	-0.47828	0.05355	-1.07282	-0.69299
3163.443	-0.50699	-0.01975	-0.94596	-0.70243
3167.438	-0.48986	-0.08779	-1.01987	-0.59328
3171.436	-0.42666	0.00316	-1.04079	-0.69091
3175.436	-0.49088	0.00311	-1.04439	-0.63012
3179.442	-0.49637	0.03307	-1.07247	-0.72536
3183.441	-0.49691	0.03111	-1.09477	-0.70237
3187.436	-0.48937	0.03971	-1.02436	-0.67245
3191.435	-0.43333	0.04480	-1.00866	-0.72522
3195.430	-0.45041	0.13557	-0.89049	-0.65561
3199.434	-0.38080	0.16494	-0.91299	-0.68654
3203.439	-0.42227	0.15615	-0.87684	-0.73143
3207.434	-0.46353	0.20525	-0.93224	-0.69761
3211.436	-0.38524	0.20597	-0.94100	-0.77298
3215.433	-0.38184	0.14047	-0.99990	-0.69539
3219.434	-0.50791	0.16206	-1.04818	-0.71537
3223.439	-0.46708	0.13793	-1.07885	-0.68650
3227.439	-0.40690	0.14323	-0.91512	-0.67846
3231.436	-0.47917	0.12027	-0.93815	-0.67493
3235.438	-0.45510	0.09405	-0.85778	-0.65279
3239.436	-0.55615	0.01506	-0.86260	-0.68108
3243.439	-0.47416	-0.00852	-0.87736	-0.72952
3247.439	-0.46562	-0.01242	-0.85880	-0.73352
3251.433	-0.39283	-0.03044	-0.95549	-0.72071
3255.434	-0.42748	-0.05434	-0.90986	-0.71481
3259.433	-0.53391	-0.05718	-0.88344	-0.77977
3263.438	-0.53188	-0.08677	-0.86711	-0.78778
3267.434	-0.56327	-0.10868	-0.86381	-0.75496
3271.433	-0.60099	-0.11090	-0.88609	-0.78040
3275.439	-0.65828	-0.09919	-0.79967	-0.75728
3279.435	-0.62838	-0.12975	-0.90438	-0.81390
3283.435	-0.67317	-0.14561	-0.91376	-0.82957
3287.432	-0.64419	-0.10945	-0.96936	-0.78624
3291.439	-0.65407	-0.15674	-0.98313	-0.79202
3295.434	-0.69116	-0.20805	-0.96132	-0.82112
3299.437	-0.75047	-0.16769	-0.94738	-0.76791
3303.453	-0.71471	-0.20392	-0.96125	-0.75723
3307.439	-0.70541	-0.21925	-0.98641	-0.84079
3311.434	-0.68233	-0.21093	-0.96879	-0.80323
3315.430	-0.69238	-0.18648	-0.95785	-0.79722
3319.463	-0.68173	-0.30763	-1.02898	-0.80436
3323.434	-0.65191	-0.33054	-1.02342	-0.81735
3327.432	-0.62776	-0.24763	-0.99802	-0.81393
3331.428	-0.65886	-0.24119	-1.00432	-0.85067
3335.431	-0.69598	-0.39442	-1.04064	-0.79961
3339.435	-0.68364	-0.32955	-1.05855	-0.82914
3343.436	-0.69114	-0.28706	-1.09150	-0.84143
3347.432	-0.72826	-0.30234	-1.03431	-0.83995
3351.438	-0.71900	-0.26266	-1.05486	-0.78299
3355.434	-0.71801	-0.42595	-1.02570	-0.83052
3359.433	-0.69903	-0.42674	-1.02025	-0.82436
3363.433	-0.70017	-0.32868	-0.99506	-0.84230
3367.431	-0.73722	-0.32105	-1.06493	-0.84352
3371.431	-0.73563	-0.37419	-1.04612	-0.86141
3375.437	-0.75208	-0.34549	-1.01491	-0.83310
3379.432	-0.72099	-0.43285	-1.04714	-0.87058
3383.449	-0.72387	-0.39332	-1.04932	-0.86322
3387.438	-0.72836	-0.42252	-0.99514	-0.95865
3391.436	-0.64305	-0.41368	-1.00526	-0.94657
3395.432	-0.66744	-0.44429	-1.00357	-1.02598
3399.436	-0.71950	-0.44334	-0.98529	-1.02280
3403.431	-0.70295	-0.44317	-0.97266	-1.00609
3407.430	-0.68494	-0.49890	-1.01251	-1.08789
3411.433	-0.62508	-0.54127	-1.00891	-1.08111
3415.435	-0.58513	-0.52447	-1.07748	-1.19074
3419.435	-0.55848	-0.58038	-1.13769	-1.28073
3423.430	-0.49143	-0.53914	-1.13179	-1.28086
3427.441	-0.43351	-0.55219	-1.13330	-1.23517
3431.436	-0.44864	-0.54759	-1.14945	-1.22565
3435.432	-0.42105	-0.57368	-1.09661	-1.19453
3439.435	-0.41792	-0.57085	-1.07006	-1.07158
3443.432	-0.38683	-0.56638	-1.06069	-0.93197
3447.431	-0.40412	-0.56941	-1.12176	-0.88586
3451.430	-0.60662	-0.53357	-1.17900	-0.69967
3455.430	-0.59607	-0.48658	-1.20638	-0.63066
3459.430	-0.58163	-0.41637	-1.20164	-0.51835
3463.430	-0.54694	-0.37090	-1.10569	-0.59086
3467.436	-0.55558	-0.38134	-1.07016	-0.44640
3471.433	-0.80843	-0.27356	-1.08676	-0.42958
3475.441	-0.81000	-0.27629	-1.08411	-0.42173
3479.431	-0.95202	-0.19854	-1.16230	-0.34190
3483.428	-0.90788	-0.23211	-1.20112	-0.35856
3487.430	-0.84228	-0.27458	-1.25932	-0.39470
3491.434	-0.83079	-0.16786	-1.30960	-0.44395
3495.430	-0.79657	-0.13708	-1.25984	-0.47149
3499.430	-0.73950	-0.14220	-1.24974	-0.52095
3503.431	-0.70551	-0.18993	-1.26681	-0.46868
3507.447	-0.72101	-0.09576	-1.29390	-0.44411
3511.437	-0.68342	-0.05919	-1.32657	-0.41886
3515.436	-0.71863	-0.11787	-1.32049	-0.37238
3519.429	-0.73531	-0.23311	-1.31769	-0.37378
3523.429	-0.69471	-0.13015	-1.31235	-0.36223
3527.430	-0.68057	-0.15279	-1.31253	-0.25811
3531.436	-0.69727	-0.04917	-1.29844	-0.26967
3535.429	-0.69848	-0.10597	-1.24741	-0.25872
3539.430	-0.70680	-0.17169	-1.22727	-0.29288
3543.469	-0.74863	-0.21813	-1.23022	-0.24525
3547.427	-0.73945	0.06227	-1.25587	-0.25561
3551.435	-0.75471	-0.16185	-1.30112	-0.35711
3555.437	-0.74489	-0.05926	-1.31513	-0.29200
3559.429	-0.75903	0.00368	-1.35001	-0.34200
3563.429	-0.74652	-0.08197	-1.35058	-0.40967
3567.306	-0.73253	0.00870	-1.34487	-0.36289
3571.300	-0.72888	0.04415	-1.28802	-0.41574
3575.308	-0.74920	-0.01381	-1.25394	-0.43820
3579.305	-0.80099	0.08905	-1.28648	-0.45243
3583.306	-0.77680	0.14359	-1.29400	-0.46366
3587.299	-0.72216	0.14893	-1.29107	-0.40598
3591.307	-0.72015	0.09352	-1.25406	-0.39771
3595.306	-0.66573	0.15316	-1.27269	-0.29344
3599.308	-0.68838	0.15860	-1.23598	-0.37282
3603.307	-0.65600	0.17120	-1.19944	-0.36684
3607.301	-0.66124	0.21925	-1.17098	-0.28888
3611.306	-0.61335	0.21463	-1.19212	-0.33020
3615.311	-0.63950	0.17450	-1.21901	-0.35682
3619.308	-0.55344	0.12061	-1.23429	-0.41490
3623.302	-0.52113	0.09984	-1.22811	-0.36313
3627.306	-0.49813	0.13015	-1.20710	-0.32684
3631.299	-0.53088	0.17702	-1.21348	-0.38942
3635.301	-0.52188	0.15771	-1.23322	-0.34266
3639.305	-0.56314	0.15331	-1.21474	-0.34825
3643.306	-0.57679	0.05916	-1.25193	-0.38275
3647.301	-0.50356	0.09405	-1.26493	-0.43529
3651.303	-0.52198	0.12685	-1.21762	-0.51343
3655.304	-0.55558	0.11820	-1.15196	-0.50934
3659.306	-0.54562	0.12782	-1.16672	-0.45970
3663.320	-0.54069	0.27323	-1.21829	-0.29037
3667.308	-0.57059	0.24940	-1.13943	-0.45347
3671.307	-0.60655	0.16941	-1.25195	-0.48210
3675.306	-0.59535	0.12434	-1.29067	-0.44672
3679.301	-0.62632	0.13256	-1.05170	-0.56424
3683.314	-0.45721	-0.29537	-0.49125	-0.77363
3687.302	-0.23386	-1.08671	-0.29039	-1.50952
3691.302	0.65843	-1.81709	1.19413	-2.47890
3695.300	1.37451	-2.79977	1.43151	-3.56527
3699.300	1.63415	-3.32002	1.58733	-3.86991
3703.306	1.65443	-3.62940	1.47298	-4.38267
3707.301	1.71873	-4.03985	1.62840	-4.23838
3711.302	1.65604	-3.93648	1.55251	-4.35611
3715.305	1.60712	-4.02485	1.36714	-4.27772
3719.305	1.68213	-3.92498	1.30935	-4.28673
3723.297	1.76430	-3.94731	1.26073	-4.19903
3727.309	1.89402	-4.00199	1.44560	-4.15710
3731.309	1.76482	-3.97818	1.32106	-4.18959
3735.297	1.83938	-3.97253	1.45522	-4.20470
3739.301	1.84773	-4.01344	1.48359	-4.23187
3743.305	1.86927	-4.01814	1.34881	-4.26764
3747.302	1.77568	-3.98473	1.31543	-4.24853
3751.306	1.88048	-3.94097	1.30025	-4.21673
3755.303	1.98772	-3.91734	1.32453	-4.19401
3759.325	1.99186	-3.84945	1.41521	-4.12639
3763.304	1.89525	-3.85256	1.38724	-4.14300
3767.306	1.92922	-3.89565	1.44837	-4.15198
3771.300	1.93546	-3.89138	1.46407	-4.17152
3775.299	1.96261	-3.83043	1.44847	-4.16772
3779.305	1.99389	-3.93488	1.38322	-4.15153
3783.301	1.94739	-4.05050	1.43761	-4.23134
3787.304	1.96623	-3.99564	1.43047	-4.20544
3791.296	2.00961	-3.98733	1.42079	-4.14889
3795.304	2.06277	-4.02279	1.42236	-4.13656
3799.301	2.01387	-4.11218	1.49917	-4.15629
3803.303	1.97822	-4.18243	1.42174	-4.13587
3807.339	2.04867	-4.15975	1.40961	-4.07697
3811.307	2.09147	-4.11300	1.41898	-4.11848
3815.311	2.07038	-4.18827	1.45505	-4.11035
3819.299	2.15266	-4.21873	1.41144	-4.08043
3823.304	2.12466	-4.23594	1.44770	-4.08573
3827.297	2.14783	-4.18342	1.44354	-4.11579
3831.303	2.13613	-4.12439	1.43481	-4.08881
3835.299	2.09851	-4.08785	1.51702	-4.13441
3839.300	2.29082	-4.17279	2.39790	-4.12730
3843.294	2.91388	-4.25550	3.67437	-4.14864
3847.305	5.36976	-4.23739	5.46074	-4.23747
3851.303	6.55121	-4.30235	6.45704	-4.48446
3855.299	7.32812	-4.26553	8.22633	-4.85068
3859.297	8.14062	-4.35847	9.51558	-5.24840
3863.301	9.77789	-4.46737	10.54895	-5.01422
3867.301	12.08739	-4.19318	11.31564	-5.43961
3871.305	12.36355	-4.66383	13.11813	-5.52621
3875.298	13.77382	-4.64305	13.69764	-5.49782
3879.299	14.25287	-4.93094	14.69887	-5.71265
3883.302	14.46938	-4.85745	15.16962	-5.88446
3887.297	14.70219	-4.83182	15.09356	-5.89363
3891.297	14.61448	-5.02812	15.28492	-6.09389
3895.299	14.72443	-4.99117	15.10367	-6.13189
3899.297	14.72234	-5.30407	15.09372	-6.20417
3903.302	14.80101	-5.48616	15.17129	-6.25219
3907.297	14.83652	-5.19142	15.15889	-6.25698
3911.298	14.78354	-5.50045	15.20801	-6.28672
3915.299	14.86444	-5.62948	15.15776	-6.28147
3919.298	14.84369	-5.42144	15.29563	-6.34933
3923.296	14.89928	-5.66589	15.34561	-6.38350
3927.297	14.89200	-5.51737	15.34259	-6.34740
3931.299	14.99512	-5.61740	15.28538	-6.37855
3935.303	14.94080	-5.68420	15.30512	-6.34204
3939.299	15.00841	-5.70623	15.35360	-6.31004
3943.298	15.08025	-5.52182	15.35957	-6.30397
3947.299	15.02131	-5.71264	15.26552	-6.33359
3951.298	15.11614	-5.72047	15.25575	-6.30406
3955.300	14.99903	-5.63703	15.20630	-6.28369
3959.295	15.07204	-5.60016	15.12169	-6.26692
3963.294	15.06142	-5.68905	15.08731	-6.24983
3967.297	14.98602	-5.62449	15.08717	-6.26973
3971.296	15.04795	-5.57673	14.98442	-6.22225
3975.301	14.97263	-5.77444	14.91856	-6.20079
3979.292	15.04121	-5.67354	14.99491	-6.21478
3983.336	15.04688	-5.45120	14.86720	-6.26077
3987.296	14.93385	-5.83051	14.81971	-6.20119
3991.296	15.03480	-5.64111	14.86564	-6.17330
3995.296	14.98924	-5.65407	14.87012	-6.21708
3999.294	15.00341	-5.63069	14.86078	-6.18336
4003.295	15.01179	-5.74621	14.93937	-6.20895
4007.296	15.12608	-5.63630	14.89828	-6.22250
4011.295	15.15099	-5.57133	14.91643	-6.22454
4015.301	15.02934	-5.56616	14.88132	-6.25533
4019.301	15.04596	-5.61707	14.91017	-6.18570
4023.295	15.07944	-5.72321	14.83550	-6.21048
4027.294	14.91893	-5.69854	14.85512	-6.19755
4031.295	14.93230	-5.61794	14.78440	-6.16427
4035.295	15.13982	-5.55575	14.70876	-6.13178
4039.295	15.01311	-5.56896	14.78503	-6.11656
4043.293	15.00190	-5.62122	14.77660	-6.09824
4047.301	15.07655	-5.47650	14.71740	-6.07118
4051.296	15.06637	-5.54568	14.69613	-6.04655
4055.295	15.12035	-5.57427	14.68227	-6.10167
4059.299	15.08907	-5.50378	14.67702	-6.05563
4063.301	14.99869	-5.60221	14.63671	-6.00103
4067.294	15.15596	-5.59629	14.62143	-6.00372
4071.295	15.02492	-5.68724	14.60988	-5.97954
4075.298	15.11435	-5.61017	14.64826	-5.94290
4079.291	15.14828	-5.67348	14.61980	-5.99747
4083.322	15.21922	-5.56544	14.62247	-5.98867
4087.297	15.21030	-5.42245	14.56127	-6.02831
4091.307	15.07063	-5.62336	14.54804	-5.97071
4095.294	15.21804	-5.59489	14.54425	-5.96715
4099.304	15.23503	-5.59468	14.52602	-5.90277
4103.291	15.16095	-5.77539	14.50593	-5.86181
4107.301	15.20806	-5.58860	14.51816	-5.98165
4111.296	15.33460	-5.79744	14.62273	-6.17842
4115.298	15.39082	-6.54922	14.87610	-7.19772
4119.294	15.08935	-8.58545	15.10982	-7.98724
4123.297	15.05399	-9.28725	15.87334	-8.65412
4127.295	15.04691	-10.29590	15.43969	-9.40362
4131.290	14.87649	-10.58551	15.83606	-9.68268
4135.299	14.99359	-11.37676	16.36809	-9.97233
4139.297	15.03587	-10.95382	16.33450	-9.73840
4143.299	14.84039	-10.64433	16.16012	-9.89995
4147.352	14.84267	-10.72482	16.13191	-9.92547
4151.316	15.27351	-10.41511	16.13846	-9.74998
4155.308	14.87891	-10.43456	16.20478	-9.73066
4159.294	14.80338	-10.56889	16.05496	-9.64663
4163.299	14.97201	-10.43495	15.98643	-9.62954
4167.299	14.93154	-10.49566	15.93568	-9.69249
4171.294	14.94736	-10.44798	16.00587	-9.63856
4175.293	15.01911	-10.44291	15.83326	-9.51482
4179.301	14.98741	-10.54081	15.83875	-9.49355
4183.304	15.11188	-10.46762	15.74460	-9.42735
4187.290	15.09974	-10.36886	15.78738	-9.40105
4191.293	15.12645	-10.36345	15.68725	-9.39310
4195.295	15.20672	-10.43817	15.85880	-9.34769
4199.297	15.07660	-10.51387	15.84491	-9.36536
4203.288	15.14285	-10.47919	15.73573	-9.38045
4207.293	15.32246	-10.42068	15.73366	-9.33818
4211.295	15.43969	-10.48613	15.69813	-9.30447
4215.297	15.34123	-10.50117	15.58718	-9.30369
4219.326	15.18303	-10.44384	15.65198	-9.33797
4223.305	15.24896	-10.41352	15.66758	-9.29775
4227.297	15.12296	-10.41101	15.47916	-9.31208
4231.298	15.08960	-10.43965	15.39501	-9.19726
4235.292	15.21763	-10.37214	15.34584	-9.06951
4239.296	15.40867	-10.28667	15.36569	-9.12251
4243.294	15.22075	-10.38547	15.37533	-9.11965
4247.292	15.15513	-10.37614	15.32057	-9.05881
4251.292	15.01374	-10.34925	15.24004	-8.99559
4255.294	15.08403	-10.33167	15.15721	-8.91881
4259.296	15.32221	-10.33536	15.31443	-8.90683
4263.297	15.10920	-10.45337	15.35528	-8.88673
4267.298	15.05487	-10.41576	15.38724	-8.85417
4271.292	15.15811	-10.36449	15.22874	-8.74852
4275.288	14.95876	-10.36098	15.29579	-8.74319
4279.297	15.09340	-10.43183	15.31011	-8.83123
4283.292	15.13936	-10.35446	15.42052	-8.74324
4287.313	15.13309	-10.28285	15.38955	-8.73977
4291.291	15.26524	-10.22631	15.25385	-8.70130
4295.296	15.32482	-10.32132	15.32775	-8.68980
4299.293	15.34951	-10.30634	15.20180	-8.69297
4303.295	15.22800	-10.33603	15.17300	-8.60129
4307.302	15.02138	-10.18657	15.16925	-8.54837
4311.292	15.01459	-10.23050	15.12714	-8.52943
4315.291	15.12925	-10.18702	15.14444	-8.58871
4319.293	15.17975	-10.24522	15.17385	-8.62322
4323.292	15.34083	-10.22574	15.18419	-8.55551
4327.291	15.36043	-10.25290	15.18333	-8.49180
4331.296	15.17716	-10.28609	15.11639	-8.40476
4335.289	15.09805	-10.32107	15.07720	-8.38351
4339.295	14.92055	-10.36873	15.04566	-8.39481
4343.292	14.87190	-10.31979	15.02175	-8.33729
4347.295	14.89525	-10.26439	14.98312	-8.33330
4351.295	14.93378	-10.25492	14.91726	-8.37249
4355.290	14.79632	-10.35918	14.91914	-8.45215
4359.293	14.79333	-10.65167	14.88060	-8.48919
4363.294	14.29373	-11.27060	14.76212	-8.44484
4367.309	14.42453	-11.03924	14.65137	-8.51019
4371.291	14.10914	-11.27524	14.50907	-8.58877
4375.291	14.20364	-11.28717	14.38523	-8.59127
4379.294	14.00662	-11.34195	14.32171	-8.62345
4383.294	14.29697	-11.48684	14.24995	-8.61498
4387.290	14.03178	-11.51801	14.22316	-8.66834
4391.296	13.99160	-11.41680	14.04453	-8.64223
4395.334	13.59152	-11.46671	13.44660	-8.63510
4399.294	11.97902	-11.56582	11.79867	-8.61252
4403.285	8.58699	-11.72192	9.65114	-8.61999
4407.295	6.74834	-11.73628	8.32033	-8.58531
4411.291	4.18697	-11.88869	5.77802	-8.55251
4415.290	3.34912	-11.86229	4.13614	-8.49267
4419.288	1.39778	-11.97521	1.88883	-8.42691
4423.167	0.81511	-11.75184	0.47448	-8.37463
4427.170	-1.02037	-11.56294	-1.14826	-8.25251
4431.168	-2.94438	-11.83952	-2.17730	-8.06770
4435.160	-4.20165	-11.47870	-3.82282	-7.96003
4439.168	-5.31913	-11.52992	-4.42681	-7.90278
4443.166	-5.35642	-11.59872	-5.45046	-7.83375
4447.167	-5.20122	-11.31257	-5.95339	-7.73577
4451.162	-5.02066	-11.34278	-5.20268	-7.74706
4455.168	-4.87325	-11.16905	-5.05139	-7.72586
4459.164	-4.88909	-11.14909	-4.86325	-7.68188
4463.161	-5.04198	-11.17366	-4.88951	-7.66719
4467.169	-5.17028	-11.21115	-5.12435	-7.65139
4471.163	-5.28660	-11.36425	-5.64855	-7.68079
4475.167	-5.30596	-11.35653	-5.67725	-7.76224
4479.165	-5.29703	-11.27671	-5.19295	-7.84704
4483.172	-5.31226	-11.22586	-5.35849	-7.84211
4487.164	-5.15775	-10.99267	-5.74347	-7.85037
4491.189	-5.09805	-10.95503	-5.55381	-7.96698
4495.165	-5.41600	-11.14381	-5.39630	-7.96907
4499.168	-5.44444	-11.38858	-5.65730	-7.96435
4503.164	-5.42722	-11.26877	-5.59698	-8.07981
4507.164	-5.36405	-11.29682	-5.71645	-8.10827
4511.168	-5.43868	-11.05670	-5.73384	-8.12244
4515.165	-5.41295	-11.01390	-5.72581	-8.23101
4519.164	-5.38174	-10.84660	-5.69413	-8.17584
4523.163	-5.45823	-10.90497	-5.71964	-8.32335
4527.168	-5.41706	-10.96992	-5.80506	-8.23917
4531.163	-5.50901	-10.97374	-5.70030	-8.34856
4535.162	-5.46295	-11.01482	-5.79607	-8.36089
4539.162	-5.44960	-11.02617	-5.76750	-8.37944
4543.167	-5.43443	-10.91698	-5.86583	-8.39161
4547.165	-5.39947	-10.91500	-5.82820	-8.43840
4551.162	-5.38895	-10.81091	-5.89122	-8.44360
4555.178	-5.35856	-10.82882	-5.84365	-8.48881
4559.199	-5.62928	-10.90980	-5.86153	-8.44540
4563.182	-5.41325	-10.95373	-5.91207	-8.50894
4567.171	-5.42537	-10.97356	-5.92751	-8.53549
4571.162	-5.37387	-10.92115	-5.89998	-8.55159
4575.162	-5.35559	-10.89895	-5.96660	-8.60804
4579.167	-5.32887	-10.87238	-6.00349	-8.63679
4583.158	-5.33177	-10.74135	-5.99578	-8.63711
4587.161	-5.32579	-10.91144	-5.89664	-8.68657
4591.162	-5.46706	-10.83131	-5.86362	-8.77134
4595.166	-5.56994	-10.77357	-6.08622	-8.75047
4599.160	-5.41032	-10.78302	-6.17923	-8.85305
4603.172	-5.55226	-10.82784	-6.09035	-8.89177
4607.168	-5.53872	-10.82534	-5.96939	-8.98906
4611.166	-5.49964	-10.82412	-6.10549	-8.87413
4615.157	-5.37561	-10.75459	-6.19976	-8.91519
4619.163	-5.38749	-10.77883	-6.09908	-8.92785
4623.164	-5.42508	-10.76994	-6.15620	-8.96037
4627.197	-5.46684	-10.72024	-6.19964	-9.01021
4631.167	-5.56246	-10.83925	-6.35322	-9.02348
4635.160	-6.22020	-10.58161	-6.61704	-9.01664
4639.160	-8.38423	-10.04768	-7.38305	-8.78927
4643.163	-8.89826	-9.09990	-9.60113	-7.98002
4647.169	-9.29657	-7.53673	-9.84197	-7.35437
4651.160	-9.63645	-6.74938	-9.73619	-6.60898
4655.165	-9.18356	-6.39228	-9.86601	-5.72716
4659.161	-9.38999	-5.90169	-10.02422	-5.71680
4663.159	-9.36919	-6.00735	-9.90426	-5.55586
4667.161	-9.25724	-6.06730	-9.52413	-5.76921
4671.162	-9.33790	-5.98184	-9.52466	-5.69171
4675.164	-9.63899	-5.92619	-9.75717	-6.01440
4679.164	-9.44151	-6.00467	-9.69721	-5.74601
4683.161	-9.65061	-5.82364	-9.75543	-5.75597
4687.163	-9.64017	-5.84513	-9.80792	-5.71686
4691.155	-9.67678	-5.82237	-9.83493	-5.72089
4695.161	-9.71232	-5.70487	-9.85720	-5.64984
4699.162	-9.74993	-5.68611	-9.81855	-5.61373
4703.158	-9.78932	-5.71086	-9.74579	-5.72130
4707.158	-9.81836	-5.64072	-9.92555	-5.73791
4711.161	-9.65686	-5.62330	-9.89631	-5.69704
4715.163	-9.90462	-5.63344	-9.90041	-5.69438
4719.156	-9.84476	-5.55914	-9.89694	-5.66453
4723.159	-9.91633	-5.53007	-10.08019	-5.70550
4727.159	-9.84850	-5.63629	-10.02028	-5.67592
4731.166	-9.76163	-5.54696	-10.04997	-5.75440
4735.161	-9.82621	-5.56117	-10.08981	-5.71962
4739.182	-9.82532	-5.66849	-10.16406	-5.75160
4743.168	-9.81660	-5.61866	-10.09366	-5.79061
4747.160	-9.83383	-5.65748	-10.14725	-5.78858
4751.161	-9.79142	-5.67472	-10.18231	-5.77873
4755.154	-9.81036	-5.65088	-10.11938	-5.82388
4759.159	-9.78112	-5.71834	-10.13114	-5.83797
4763.165	-9.77842	-5.72236	-10.18851	-5.86225
4767.160	-9.75885	-5.79206	-10.20478	-5.83736
4771.158	-9.85033	-5.73533	-10.21534	-5.83419
4775.158	-9.84038	-5.98026	-10.27234	-5.85875
4779.158	-9.84067	-5.91271	-10.25891	-5.85247
4783.164	-9.79402	-5.92533	-10.34619	-5.89592
4787.155	-9.81872	-5.88129	-10.29200	-5.90927
4791.165	-9.82715	-5.96042	-10.33356	-5.91657
4795.160	-9.82245	-5.92017	-10.27616	-5.91624
4799.159	-9.82132	-5.82456	-10.29051	-5.85087
4803.173	-9.80472	-5.80392	-10.14398	-5.81508
4807.163	-9.54768	-5.38741	-10.09645	-5.57760
4811.164	-8.94082	-4.57604	-9.61392	-4.33848
4815.162	-7.84009	-2.75366	-8.87033	-3.93044
4819.160	-7.19390	-2.43337	-8.64922	-3.25424
4823.160	-7.17172	-2.21322	-8.19122	-2.54299
4827.159	-6.96367	-2.16712	-8.50151	-2.36411
4831.161	-7.36169	-2.21654	-8.54120	-2.44869
4835.184	-7.26571	-2.17266	-8.39316	-2.59221
4839.158	-7.31948	-2.16142	-8.28276	-2.45761
4843.160	-7.33059	-2.36613	-8.27744	-2.64254
4847.161	-7.33552	-2.23247	-8.40686	-2.48362
4851.152	-7.27313	-2.28141	-8.18701	-2.54631
4855.166	-7.22070	-2.16734	-8.17819	-2.48173
4859.165	-7.19236	-2.16206	-8.14570	-2.47415
4863.152	-7.34753	-2.12477	-8.11374	-2.45630
4867.160	-7.23323	-2.09062	-8.01326	-2.47240
4871.160	-7.31757	-2.11238	-8.02419	-2.45640
4875.152	-7.24515	-2.14930	-8.00404	-2.49511
4879.156	-7.37838	-2.19743	-7.90628	-2.45320
4883.158	-7.27592	-2.17392	-8.00080	-2.42390
4887.159	-7.26307	-2.14365	-8.09331	-2.37248
4891.152	-7.31565	-2.14466	-7.91156	-2.26702
4895.178	-7.16380	-2.12580	-7.85570	-2.32147
4899.172	-7.20128	-2.16797	-7.89101	-2.29674
4903.159	-7.21132	-2.07644	-7.90228	-2.17773
4907.159	-7.19595	-2.17799	-7.85032	-2.23965
4911.154	-7.22204	-2.09629	-7.90840	-2.23214
4915.161	-7.20394	-2.20050	-7.83278	-2.33361
4919.156	-7.28481	-2.13730	-7.83458	-2.26304
4923.162	-7.20448	-2.15651	-7.79693	-2.27915
4927.158	-7.32451	-2.02009	-7.78499	-2.21247
4931.158	-7.35395	-1.93587	-7.71579	-2.10501
4935.157	-7.27338	-1.96589	-7.71118	-2.26309
4939.158	-7.07972	-2.10204	-7.75358	-2.17224
4943.161	-7.12051	-1.98566	-7.78738	-2.21061
4947.157	-7.21992	-2.06828	-7.73799	-2.08992
4951.160	-7.33296	-2.10729	-7.66609	-2.09724
4955.157	-7.28898	-2.16364	-7.67453	-2.14668
4959.157	-7.24273	-2.22252	-7.70431	-2.22465
4963.150	-7.09258	-2.19752	-7.85044	-2.18732
4967.166	-7.11066	-2.11891	-7.81580	-2.13094
4971.157	-7.17829	-2.12677	-7.88449	-2.10883
4975.154	-7.00917	-2.29021	-7.88134	-2.11534
4979.162	-6.94335	-2.09506	-7.96032	-2.08763
4983.158	-6.99697	-2.12854	-7.85025	-2.29306
4987.155	-6.91112	-2.32778	-7.06867	-2.45688
4991.161	-5.58130	-4.71308	-5.46758	-3.35493
4995.159	-4.97832	-5.09479	-3.72257	-5.65918
4999.151	-3.67956	-6.00927	-2.63626	-6.38354
5003.161	-2.58603	-8.00138	-1.74781	-7.37200
5007.157	-2.11519	-8.58799	-1.73638	-8.09704
5011.156	-1.54854	-8.69046	-1.30040	-8.30999
5015.153	-0.92812	-9.36023	-0.98673	-8.69496
5019.160	-0.81009	-9.31426	-0.82960	-8.75150
5023.167	-0.51999	-9.58412	-0.73647	-8.74835
5027.155	-0.56967	-9.00812	-0.94512	-8.64060
5031.150	-0.71913	-9.05820	-0.92495	-8.54951
5035.191	-0.64178	-8.90843	-0.75938	-8.63419
5039.154	-0.61890	-8.84077	-0.58451	-8.59427
5043.160	-0.62727	-9.37191	-0.75583	-8.81155
5047.154	-0.48704	-9.18670	-0.65945	-8.92152
5051.155	-0.43969	-9.22915	-0.59511	-8.93113
5055.187	-0.46567	-9.55873	-0.49545	-8.97223
5059.154	-0.28647	-9.34334	-0.43544	-8.99361
5063.155	-0.35799	-9.36803	-0.29503	-8.88240
5067.158	-0.38837	-9.23904	-0.61697	-8.96099
5071.165	-0.33640	-9.26775	-0.53021	-8.97153
5075.158	-0.23440	-9.15394	-0.54277	-8.98758
5079.152	-0.16017	-9.33868	-0.63057	-8.98519
5083.152	-0.21800	-9.43898	-0.59138	-8.98179
5087.157	-0.11185	-9.38657	-0.52927	-8.96760
5091.158	-0.04800	-9.30883	-0.60399	-8.91194
5095.154	-0.01380	-9.31817	-0.54225	-8.84312
5099.157	-0.18092	-9.36463	-0.57721	-8.77260
5103.168	-0.12441	-9.32369	-0.71198	-8.77427
5107.158	-0.16032	-9.35361	-0.70660	-8.82679
5111.154	-0.23894	-9.50572	-0.67335	-8.80212
5115.155	-0.27654	-9.57128	-0.66791	-8.82523
5119.152	-0.46056	-9.53087	-0.62047	-8.86044
5123.151	-0.38067	-9.49837	-0.60076	-8.89773
5127.152	-0.42653	-9.60410	-0.60104	-8.93095
5131.148	-0.48979	-9.60871	-0.62186	-8.93237
5135.151	-0.55659	-9.62170	-0.59106	-8.91302
5139.155	-0.59054	-9.58256	-0.60647	-8.92915
5143.152	-0.60322	-9.60532	-0.61362	-8.96165
5147.167	-0.61419	-9.56901	-0.56563	-8.95293
5151.156	-0.62677	-9.53690	-0.54113	-8.92467
5155.152	-0.66417	-9.53432	-0.50066	-8.90326
5159.147	-0.63689	-9.58960	-0.45202	-8.88477
5163.168	-0.66732	-9.59592	-0.45577	-8.84447
5167.155	-0.68312	-9.62679	-0.44113	-8.82920
5171.178	-0.67722	-9.62699	-0.39660	-8.80186
5175.152	-0.64910	-9.74052	-0.40747	-8.80566
5179.156	-0.64630	-9.75993	-0.39795	-8.81079
5183.151	-0.68779	-9.78645	-0.40427	-8.84868
5187.156	-0.63067	-9.60218	-0.37256	-8.85686
5191.148	-0.60243	-9.69209	-0.38899	-8.89803
5195.150	-0.60369	-9.67195	-0.40380	-8.92569
5199.155	-0.55257	-9.61451	-0.39589	-8.96452
5203.152	-0.43586	-9.48822	-0.37623	-8.92785
5207.146	-0.28088	-9.52742	-0.36047	-8.90825
5211.170	-0.24989	-9.51146	-0.32359	-8.87578
5215.156	-0.17084	-9.52848	-0.33193	-8.83732
5219.152	-0.18616	-9.50993	-0.32104	-8.83083
5223.147	-0.10734	-9.41770	-0.36419	-8.85614
5227.155	-0.03864	-9.38248	-0.37871	-8.78926
5231.157	-0.19057	-9.47630	-0.43924	-8.77982
5235.151	-0.13270	-9.62548	-0.42549	-8.81978
5239.190	-0.12860	-9.66096	-0.45177	-8.80582
5243.151	-0.13893	-10.10290	-0.42040	-9.04540
5247.153	-0.15633	-11.21802	-0.37504	-9.60525
5251.154	-0.38042	-11.94974	-0.38000	-9.76354
5255.193	-0.42574	-12.19347	-0.38988	-9.62364
5259.145	-0.61501	-11.44762	-0.43440	-9.65953
5263.161	-0.65709	-11.62589	-0.46522	-9.73530
5267.153	-0.50719	-11.20004	-0.47103	-9.79077
5271.154	-0.52853	-11.56549	-0.48048	-9.79587
5275.033	-0.51637	-11.38815	-0.47299	-9.76625
5279.025	-0.47852	-11.36187	-0.43132	-9.86066
5283.028	-0.56344	-11.32804	-0.42909	-9.85541
5287.020	-0.57362	-11.40149	-0.38693	-9.85565
5291.030	-0.60679	-11.37692	-0.38611	-9.82007
5295.026	-0.60235	-11.28852	-0.44167	-9.73446
5299.025	-0.66136	-11.31707	-0.48800	-9.71265
5303.024	-0.57292	-11.31572	-0.48944	-9.66030
5307.022	-0.54431	-11.23842	-0.47959	-9.63283
5311.031	-0.55759	-11.21164	-0.44624	-9.63333
5315.023	-0.52920	-11.12918	-0.41447	-9.61349
5319.028	-0.59230	-11.16459	-0.43924	-9.64032
5323.020	-0.63493	-11.14709	-0.48212	-9.65840
5327.029	-0.59292	-11.14918	-0.49910	-9.72603
5331.027	-0.58359	-11.06297	-0.56803	-9.70912
5335.028	-0.52873	-11.17315	-0.55572	-9.72773
5339.023	-0.49627	-11.21118	-0.51977	-9.72933
5343.025	-0.44393	-11.18417	-0.48038	-9.73163
5347.023	-0.47019	-11.23503	-0.46661	-9.74208
5351.023	-0.45835	-11.23201	-0.49991	-9.75019
5355.024	-0.42184	-11.29715	-0.44460	-9.70850
5359.030	-0.37740	-11.27271	-0.40589	-9.79250
5363.028	-0.32828	-11.28971	-0.43909	-9.82457
5367.025	-0.29076	-11.31264	-0.44780	-9.82248
5371.026	-0.24505	-11.34467	-0.41132	-9.89342
5375.044	-0.22596	-11.35364	-0.44969	-9.96290
5379.022	-0.16424	-11.34131	-0.50527	-9.92994
5383.029	-0.12965	-11.32059	-0.46033	-9.93709
5387.024	-0.08982	-11.28493	-0.47629	-9.95431
5391.024	-0.09860	-11.21841	-0.52945	-10.01829
5395.017	-0.13578	-11.20792	-0.52627	-10.02783
5399.044	-0.07701	-11.14550	-0.57761	-10.06104
5403.028	-0.22261	-11.16805	-0.59439	-10.07523
5407.025	-0.28982	-11.18538	-0.55726	-10.05997
5411.021	-0.28520	-11.12609	-0.46408	-10.05021
5415.028	-0.32982	-11.08322	-0.48272	-10.00209
5419.023	-0.30148	-11.04167	-0.45592	-9.92931
5423.024	-0.31737	-11.02749	-0.43991	-9.89873
5427.017	-0.39388	-10.96610	-0.46155	-9.90039
5431.023	-0.43060	-11.05514	-0.51614	-9.90499
5435.027	-0.46741	-11.01300	-0.50158	-9.89069
5439.021	-0.45723	-11.02228	-0.50101	-9.86657
5443.058	-0.51478	-11.03730	-0.46770	-9.85640
5447.024	-0.53590	-11.01801	-0.44604	-9.83578
5451.024	-0.50150	-10.99355	-0.48366	-9.81302
5455.022	-0.46242	-11.01368	-0.49182	-9.78582
5459.021	-0.52875	-11.03495	-0.48036	-9.77162
5463.027	-0.60436	-11.20254	-0.48480	-9.77514
5467.022	-0.62744	-11.19350	-0.45190	-9.77200
5471.022	-0.60952	-11.17819	-0.38646	-9.76221
5475.021	-0.49178	-10.89481	-0.39824	-9.69482
5479.056	-0.56582	-10.41784	-0.38598	-9.15730
5483.028	-0.65918	-7.83535	-0.42527	-8.11493
5487.026	-0.71742	-7.48804	-0.61054	-6.57762
5491.022	-0.77918	-6.43834	-0.84538	-6.27351
5495.026	-0.65821	-5.31238	-0.73677	-5.80149
5499.024	-0.66255	-5.30304	-0.80439	-5.71814
5503.020	-0.60593	-5.11919	-0.78885	-5.30144
5507.040	-0.60178	-5.05278	-0.73389	-5.24617
5511.040	-0.75238	-5.08576	-0.72533	-5.42947
5515.025	-0.80588	-5.14808	-0.74590	-5.47987
5519.020	-0.80215	-5.12255	-0.68474	-5.46911
5523.021	-0.70858	-5.12276	-0.88136	-5.41055
5527.026	-0.72052	-5.02901	-0.97172	-5.29076
5531.021	-0.52570	-5.00193	-1.08748	-5.24315
5535.020	-0.45018	-4.88959	-1.04560	-5.14105
5539.019	-0.59955	-4.87324	-1.16709	-5.03005
5543.019	-0.56086	-4.72220	-1.03583	-4.88192
5547.014	-0.69729	-4.72160	-0.89091	-4.97974
5551.019	-0.56563	-4.75079	-0.83044	-4.89729
5555.023	-0.64580	-4.78147	-0.91257	-4.89965
5559.016	-0.60079	-4.70220	-1.12184	-4.77279
5563.021	-0.59808	-4.67695	-1.11095	-4.76062
5567.027	-0.76886	-4.59389	-1.18076	-4.71715
5571.019	-0.72097	-4.54049	-1.16270	-4.70344
5575.021	-0.78039	-4.54379	-1.13710	-4.71579
5579.190	-0.76466	-4.59422	-1.15771	-4.69163
5583.026	-0.71240	-4.58684	-1.10271	-4.63786
5587.019	-0.69526	-4.59750	-1.11837	-4.70721
5591.020	-0.65273	-4.63523	-1.10380	-4.67567
5595.019	-0.64841	-4.58478	-1.13439	-4.63263
5599.024	-0.47006	-4.57586	-1.18661	-4.61894
5603.020	-0.53858	-4.60099	-1.18917	-4.60332
5607.028	-0.46175	-4.61544	-1.07872	-4.62334
5611.021	-0.36839	-4.62255	-0.96884	-4.58565
5615.022	-0.31297	-4.63781	-0.96929	-4.57879
5619.019	-0.38365	-4.68680	-0.94425	-4.63180
5623.015	-0.35613	-4.66800	-0.95465	-4.61246
5627.021	-0.37248	-4.63702	-0.93517	-4.68727
5631.018	-0.37601	-4.64802	-0.93033	-4.64796
5635.038	-0.45830	-4.58285	-0.90820	-4.75603
5639.023	-0.40847	-4.67832	-0.81573	-4.83379
5643.020	-0.38983	-4.68692	-0.81779	-4.82540
5647.019	-0.46721	-4.63931	-0.80054	-4.82148
5651.026	-0.47634	-4.62412	-0.79131	-4.80863
5655.023	-0.49699	-4.72906	-0.81833	-4.84832
5659.016	-0.55644	-4.68698	-0.81416	-4.84196
5663.022	-0.52476	-4.62976	-0.85620	-4.91793
5667.020	-0.47964	-4.58452	-0.86195	-4.86608
5671.019	-0.49498	-4.62087	-0.84138	-4.86405
5675.024	-0.44103	-4.55222	-0.83339	-4.85647
5679.034	-0.40671	-4.62182	-0.87845	-4.90259
5683.023	-0.39169	-4.57645	-0.83066	-4.83348
5687.024	-0.42849	-4.63301	-0.89550	-4.82777
5691.024	-0.39241	-4.60390	-0.98896	-4.89526
5695.067	-0.34630	-4.67072	-1.03794	-4.92971
5699.016	-0.32220	-4.56013	-1.03885	-4.84708
5703.017	-0.27252	-4.44898	-1.11658	-4.83292
5707.021	-0.29605	-4.49169	-0.97988	-4.76279
5711.019	-0.36876	-4.60147	-0.97904	-4.80491
5715.018	-0.36722	-4.65072	-1.03761	-4.83734
5719.020	-0.40723	-4.71608	-1.07780	-4.83974
5723.020	-0.42112	-4.73073	-1.04741	-4.82001
5727.017	-0.42346	-4.62464	-1.16992	-4.84470
5731.019	-0.44609	-4.61100	-1.21735	-4.75889
5735.022	-0.39933	-4.59269	-1.22072	-4.75252
5739.011	-0.34077	-4.55988	-1.23702	-4.74368
5743.018	-0.37335	-4.60389	-1.20450	-4.78274
5747.020	-0.37353	-4.67545	-1.14734	-4.81790
5751.016	-0.38519	-4.75156	-1.16282	-4.87591
5755.021	-0.32474	-4.70248	-1.17733	-4.94768
5759.017	-0.27676	-4.57583	-1.14171	-5.00171
5763.013	-0.22050	-4.60101	-1.15047	-5.10164
5767.021	-0.19628	-4.59159	-1.12350	-5.09602
5771.016	-0.14650	-4.65045	-1.11658	-5.15764
5775.026	-0.09977	-4.64037	-1.08061	-5.11906
5779.016	-0.09262	-4.65434	-1.04754	-5.13713
5783.016	-0.12977	-4.71503	-1.02548	-5.18591
5787.018	-0.11674	-4.77009	-1.00658	-5.17870
5791.021	-0.15806	-4.71539	-0.99678	-5.15695
5795.012	-0.13089	-4.69185	-0.94715	-5.14877
5799.021	-0.13789	-4.73852	-0.89875	-5.09205
5803.018	-0.18844	-4.77499	-0.85027	-5.04461
5807.018	-0.25780	-4.78155	-0.79426	-5.01948
5811.016	-0.28093	-4.78885	-0.73987	-4.97926
5815.023	-0.34819	-4.79049	-0.67109	-4.95948
5819.021	-0.37757	-4.80346	-0.70556	-4.96255
5823.015	-0.40172	-4.83611	-0.68049	-4.96706
5827.021	-0.47681	-4.80974	-0.69615	-4.93962
5831.018	-0.48063	-4.80285	-0.72551	-4.91323
5835.016	-0.48949	-4.81037	-0.74367	-4.88057
5839.010	-0.49341	-4.81663	-0.82191	-4.84010
5843.021	-0.51346	-4.78679	-0.78699	-4.83903
5847.017	-0.52751	-4.76203	-0.86538	-4.86644
5851.018	-0.48584	-4.80243	-0.87972	-4.88312
5855.021	-0.48840	-4.84518	-0.85642	-4.87077
5859.022	-0.47133	-4.83501	-0.90547	-4.84411
5863.012	-0.45477	-4.86916	-0.91403	-4.82760
5867.032	-0.44224	-4.86877	-0.98154	-4.83629
5871.023	-0.43390	-4.84115	-0.97393	-4.84577
5875.013	-0.44376	-4.81635	-0.87146	-4.95360
5879.019	-0.42954	-4.77905	-0.88860	-5.05511
5883.015	-0.47768	-4.76448	-0.82213	-5.09827
5887.020	-0.39070	-4.70094	-0.82908	-5.22765
5891.011	-0.37851	-4.70102	-0.77635	-5.22074
5895.014	-0.40599	-4.72383	-0.78588	-5.23115
5899.019	-0.42832	-4.73961	-0.85736	-5.17029
5903.020	-0.35104	-4.66433	-0.81967	-5.18153
5907.014	-0.30086	-4.64858	-0.92346	-5.09042
5911.015	-0.36606	-4.68891	-0.98311	-5.08747
5915.056	-0.34409	-4.66915	-0.95294	-5.12434
5919.015	-0.31975	-4.70463	-0.98338	-5.11416
5923.022	-0.30270	-4.75562	-0.90192	-5.02751
5927.014	-0.26813	-4.79152	-0.92979	-5.04653
5931.011	-0.30307	-4.81208	-0.94534	-5.08242
5935.018	-0.29215	-4.84041	-0.91455	-5.02811
5939.016	-0.26299	-4.84168	-0.92676	-4.94943
5943.018	-0.26517	-4.85969	-0.90101	-5.00623
5947.012	-0.27302	-4.88408	-0.90547	-5.07262
5951.014	-0.23046	-4.92184	-0.79315	-5.16498
5955.011	-0.23862	-4.91202	-0.75201	-5.09793
5959.018	-0.22150	-4.91832	-0.82600	-5.15076
5963.013	-0.27138	-4.91916	-0.77459	-5.06169
5967.014	-0.27056	-4.91790	-0.78749	-5.16355
5971.013	-0.33119	-4.91568	-0.78119	-5.16783
5975.007	-0.26463	-4.89978	-0.78330	-5.14298
5979.018	-0.34948	-4.93780	-0.79402	-5.21535
5983.020	-0.38397	-4.91477	-0.76632	-5.20725
5987.015	-0.30257	-4.89794	-0.81171	-5.26340
5991.013	-0.23291	-4.93417	-0.77585	-5.34870
5995.017	-0.41539	-4.87496	-0.82426	-5.21563
5999.014	-0.56578	-4.87811	-0.87215	-5.28155
6003.012	-0.42589	-4.89965	-0.81942	-5.26366
6007.013	-0.38147	-4.91181	-0.78603	-5.27415
6011.015	-0.35454	-4.85447	-0.80575	-5.30354
6015.012	-0.42872	-4.81559	-0.78273	-5.31135
6019.010	-0.49637	-4.84838	-0.75198	-5.28973
6023.023	-0.37179	-4.79436	-0.81416	-5.23163
6027.013	-0.48574	-4.85624	-0.80119	-5.25713
6031.016	-0.34216	-4.85852	-0.77871	-5.30520
6035.008	-0.45510	-4.85621	-0.78019	-5.22655
6039.017	-0.45485	-4.84143	-0.82846	-5.28459
6043.014	-0.35030	-4.89217	-0.75590	-5.25886
6047.016	-0.40241	-4.87608	-0.79285	-5.36277
6051.007	-0.45453	-4.89931	-0.79409	-5.28596
6055.010	-0.40703	-4.84003	-0.90063	-5.34599
6059.021	-0.49086	-4.92740	-0.86255	-5.36019
6063.017	-0.43266	-5.00730	-0.90542	-5.19317
6067.012	-0.47031	-5.02024	-0.94537	-5.26050
6071.015	-0.42961	-5.02017	-0.99628	-5.38136
6075.010	-0.48232	-4.94817	-1.08041	-5.22658
6079.008	-0.47388	-4.94036	-0.99789	-5.33484
6083.018	-0.43969	-4.97168	-1.04749	-5.31988
6087.014	-0.46453	-4.92273	-1.06106	-5.25351
6091.011	-0.47689	-4.94386	-0.99544	-5.16179
6095.011	-0.51322	-4.78412	-1.05106	-5.23148
6099.014	-0.50880	-4.97839	-0.98616	-5.25433
6103.017	-0.50632	-4.96322	-0.91448	-5.16233
6107.016	-0.52657	-4.91758	-1.01764	-5.24065
6111.013	-0.48436	-4.98647	-1.00953	-5.26562
6115.013	-0.52629	-4.97147	-0.91952	-5.25896
6119.011	-0.55180	-5.04069	-0.96279	-5.26998
6123.013	-0.47277	-5.02936	-0.92688	-5.25178
6126.893	-0.51942	-5.00684	-0.86443	-5.28570
6130.904	-0.56178	-5.04704	-0.90354	-5.24038
6134.889	-0.49153	-4.92025	-0.89019	-5.35249
6138.881	-0.46721	-5.01792	-0.91063	-5.32935
6142.884	-0.47661	-5.03328	-0.94353	-5.32815
6146.883	-0.45892	-4.97564	-0.97554	-5.39238
6150.896	-0.44996	-4.97192	-0.93567	-5.37954
6154.896	-0.42298	-4.95497	-0.92738	-5.43220
6158.885	-0.38578	-4.93117	-0.94361	-5.40920
6162.903	-0.28230	-4.90354	-0.94755	-5.46038
6166.889	-0.31930	-4.87629	-0.97457	-5.46691
6170.884	-0.26341	-4.86887	-1.02561	-5.43258
6174.880	-0.23919	-4.89996	-0.99276	-5.47085
6178.885	-0.25758	-4.91835	-1.00290	-5.48787
6182.884	-0.25577	-4.88195	-1.07532	-5.48523
6186.881	-0.21517	-4.88921	-1.10380	-5.48904
6190.884	-0.25803	-4.94938	-1.07512	-5.52260
6194.891	-0.21830	-5.06367	-1.08522	-5.57250
6198.885	-0.16479	-5.01089	-1.09279	-5.55983
6202.885	-0.20474	-4.94432	-1.06458	-5.53527
6206.882	-0.20551	-5.06584	-1.10586	-5.53510
6210.890	-0.24909	-4.99018	-1.02531	-5.50317
6214.884	-0.26401	-5.01774	-0.91403	-5.48599
6218.888	-0.24140	-5.03627	-1.05391	-5.54467
6222.880	-0.26232	-5.06950	-1.06113	-5.54773
6226.882	-0.25507	-5.11730	-1.02766	-5.48056
6230.885	-0.27537	-5.07632	-1.03518	-5.45972
6234.888	-0.32503	-5.01362	-1.00022	-5.44100
6238.891	-0.34471	-4.91839	-1.05044	-5.39176
6242.890	-0.33749	-4.90687	-0.98725	-5.36212
6246.883	-0.35285	-4.95474	-0.91803	-5.32240
6250.882	-0.40470	-4.95417	-0.90748	-5.34451
6254.888	-0.39981	-4.93594	-1.00040	-5.33626
6258.883	-0.40482	-4.86599	-1.03354	-5.35332
6262.883	-0.41561	-4.85875	-1.01042	-5.33999
6266.889	-0.40522	-4.83016	-1.01526	-5.25785
6270.884	-0.40147	-4.79908	-1.03382	-5.34217
6274.887	-0.37402	-4.76514	-0.92500	-5.42041
6278.885	-0.34916	-4.76157	-0.98551	-5.40455
6282.889	-0.31305	-4.84899	-0.94187	-5.46138
6286.884	-0.31970	-4.84926	-0.88810	-5.41177
6290.883	-0.33159	-4.88796	-0.94222	-5.42235
6294.878	-0.31397	-4.84205	-0.91140	-5.42767
6298.883	-0.26915	-4.84740	-0.85992	-5.39127
6302.886	-0.29994	-4.82733	-0.81200	-5.34136
6306.881	-0.26776	-4.86736	-0.79756	-5.33493
6310.888	-0.28969	-4.86180	-0.81327	-5.35501
6314.885	-0.30731	-4.81410	-0.86292	-5.37789
6318.888	-0.35901	-4.87719	-0.86312	-5.31881
6322.889	-0.34712	-4.90028	-0.84374	-5.32344
6326.883	-0.31518	-4.83766	-0.86461	-5.29865
6330.920	-0.32171	-4.88932	-0.82982	-5.35132
6334.900	-0.37752	-4.81081	-0.86193	-5.30770
6338.884	-0.37712	-4.87404	-0.82079	-5.28075
6342.882	-0.37534	-4.84350	-0.88992	-5.27980
6346.881	-0.40080	-4.90543	-0.96551	-5.36378
6350.881	-0.32747	-4.93063	-0.87324	-5.38209
6354.875	-0.43790	-4.87420	-0.69990	-5.32394
6358.885	-0.42440	-4.90576	-0.88163	-5.25022
6362.889	-0.37668	-4.90404	-0.82957	-5.34777
6366.895	-0.42549	-4.81397	-0.70846	-5.33299
6370.886	-0.34561	-5.02747	-0.85126	-5.22902
6374.882	-0.39462	-4.90423	-0.89200	-5.23000
6378.877	-0.28935	-4.89885	-0.90622	-5.29251
6382.886	-0.29568	-4.93982	-0.75379	-5.26559
6386.882	-0.37492	-4.97246	-0.86406	-5.19953
6390.882	-0.41678	-4.86761	-0.85582	-5.15208
6394.883	-0.31310	-4.84526	-0.74384	-5.12378
6398.884	-0.11903	-4.88613	-0.30436	-5.11607
6402.881	1.03077	-4.80545	1.24362	-5.01487
6406.887	2.12808	-4.68539	1.39195	-4.97044
6410.882	2.28933	-4.14432	1.56838	-4.84365
6414.881	2.35494	-4.52235	1.77043	-4.84276
6418.879	2.44876	-4.14088	1.79413	-4.68205
6422.886	2.54405	-3.59656	1.94942	-4.68048
6426.880	2.41494	-3.92707	2.02542	-4.56482
6430.883	2.57184	-3.87452	1.86045	-4.53965
6434.886	2.67187	-3.74202	2.07663	-4.47998
6438.880	2.50722	-3.62517	1.99377	-4.43222
6442.884	2.63059	-3.48719	2.10037	-4.38177
6446.881	2.64661	-3.48467	2.05764	-4.23259
6450.884	2.71030	-3.40802	2.08575	-4.17097
6454.882	2.64651	-3.36600	2.10389	-4.05214
6458.881	2.61766	-3.31385	2.07432	-3.93211
6462.886	2.75554	-3.28592	2.03704	-4.05426
6466.881	2.72768	-3.21199	2.05045	-3.98138
6470.883	2.86051	-3.16744	2.05896	-3.94124
6474.874	2.80464	-3.01344	2.06649	-3.85607
6478.899	2.84056	-2.98679	2.07450	-3.81358
6482.886	3.20246	-2.90216	3.25463	-3.70401
6486.885	3.60850	-2.73988	3.94927	-3.62498
6490.891	4.33912	-2.81775	5.24097	-3.49716
6494.883	5.67752	-2.59582	5.52996	-3.56446
6498.881	6.90547	-2.32980	6.54425	-3.41356
6502.876	7.00856	-2.26845	7.32675	-3.27657
6506.882	7.00585	-2.01202	6.76838	-3.23422
6510.880	7.26429	-1.80339	7.27697	-3.15538
6514.883	7.39408	-1.81579	6.98912	-3.05648
6518.876	7.11694	-1.52750	6.97167	-3.00030
6522.886	7.26185	-1.71952	7.01245	-2.87581
6526.884	7.11105	-1.87962	6.95093	-2.88008
6530.888	7.22617	-1.74200	6.87809	-2.91536
6534.882	7.25880	-1.67186	7.07090	-2.77129
6538.877	7.25250	-1.62949	7.01983	-2.78447
6542.880	7.34758	-1.43917	7.00057	-2.70370
6546.876	7.22143	-1.66359	7.15863	-2.68403
6550.878	7.17375	-1.76232	6.96656	-2.69976
6554.874	7.23601	-1.68041	6.99291	-2.63217
6558.877	7.23037	-1.65691	6.97680	-2.65316
6562.879	7.27113	-1.78187	6.86809	-2.63306
6566.877	7.08810	-1.85395	6.94582	-2.69338
6570.884	7.18831	-1.76515	6.90583	-2.63123
6574.877	7.22048	-1.76485	7.06303	-2.71495
6578.876	7.19048	-1.78465	6.98631	-2.63159
6582.871	7.22451	-1.83961	7.01252	-2.65202
6586.883	7.18897	-1.98300	6.91219	-2.65288
6590.880	7.23452	-1.65441	6.90488	-2.62193
6594.881	7.28175	-1.91464	6.91464	-2.59418
6598.881	7.29699	-1.95579	6.87090	-2.63829
6602.878	7.26649	-1.96284	6.92325	-2.68758
6606.880	7.24866	-1.99480	6.88844	-2.68772
6610.879	7.28481	-2.07933	6.84509	-2.68226
6614.901	7.24351	-2.06334	6.85667	-2.59164
6618.888	7.26989	-1.97373	6.89233	-2.67712
6622.877	7.26102	-2.12038	6.89532	-2.65790
6626.881	7.25064	-2.09568	6.98905	-2.68065
6630.879	7.28110	-2.09800	6.95964	-2.66758
6634.876	7.27152	-2.23825	6.91794	-2.73737
6638.876	7.28915	-2.20383	6.95883	-2.74226
6642.877	7.30332	-2.28574	7.01585	-2.68048
6646.880	7.35488	-2.24647	6.94010	-2.68172
6650.881	7.32309	-2.35650	6.88463	-2.71652
6654.881	7.29650	-2.36067	6.92449	-2.68442
6658.887	7.32456	-2.26540	6.87831	-2.75318
6662.879	7.37963	-2.28692	6.81852	-2.69243
6666.876	7.49039	-2.25407	6.85468	-2.58508
6670.880	7.50266	-2.33279	6.81253	-2.60917
6674.876	7.43879	-2.34031	6.77311	-2.60638
6678.878	7.43239	-2.27420	6.83631	-2.73725
6682.880	7.41575	-2.39443	6.91975	-2.76734
6686.872	7.50073	-2.31334	7.06789	-2.72407
6690.881	7.51400	-2.28693	7.02731	-2.79414
6694.883	7.56386	-2.30878	7.09118	-2.71372
6698.877	7.55052	-2.29847	7.14076	-2.74595
6702.875	7.58129	-2.30593	7.20282	-2.72701
6706.875	7.68725	-2.28744	7.25787	-2.80476
6710.878	8.09654	-2.27002	7.54547	-2.69155
6714.880	9.36590	-1.94578	10.26648	-2.61904
6718.875	11.82621	-1.65901	11.87938	-1.98765
6722.875	13.25674	-0.84856	12.72575	-1.76373
6726.871	13.58636	-0.56948	13.84090	-1.37559
6730.875	14.39927	-0.19683	14.42330	-0.86929
6734.881	15.39725	0.38341	14.75695	-0.62592
6738.881	15.71181	1.43152	15.22659	-0.46174
6742.879	15.67156	1.80269	15.22384	-0.18510
6746.876	15.55780	1.85563	15.02427	-0.49534
6750.872	15.40463	1.52516	14.77526	-0.10555
6754.874	15.43623	1.24652	14.86634	-0.18750
6758.877	15.24323	1.19975	14.90208	-0.00994
6762.878	15.39988	1.36917	14.99801	-0.17798
6766.876	15.41893	1.23149	15.08518	0.01670
6770.874	15.44315	1.30102	15.22479	0.03426
6774.904	15.52725	1.21362	15.16537	0.05996
6778.875	15.55962	1.33053	15.20954	0.07992
6782.878	15.73941	1.29814	15.13526	-0.01854
6786.873	15.65918	1.25034	15.08053	0.06161
6790.874	15.68148	1.21433	15.11963	0.15156
6794.869	15.61921	1.23044	15.17094	0.18644
6798.872	15.56261	1.24856	15.18902	0.33156
6802.872	15.74058	1.23715	15.18069	0.28843
6806.878	15.71641	1.24423	15.15876	0.46555
6810.878	15.76699	1.27470	15.05735	0.33954
6814.870	15.65651	1.27583	15.01005	0.39486
6818.878	15.69339	1.33963	15.07482	0.38812
6822.873	15.64273	1.33439	15.00392	0.49429
6826.874	15.56531	1.19636	14.91668	0.45307
6830.868	15.56869	1.28302	15.00878	0.51143
6834.874	15.56088	1.37696	14.92732	0.48654
6838.873	15.56413	1.35921	14.94180	0.53894
6842.873	15.64300	1.42770	14.88057	0.51829
6846.872	15.57698	1.46665	14.83378	0.55420
6850.874	15.57606	1.42623	14.87944	0.60715
6854.873	15.55077	1.43475	14.88236	0.67752
6858.877	15.61403	1.46605	14.93684	0.69701
6862.910	15.58762	1.45399	14.97703	0.66188
6866.905	15.65838	1.44383	14.88718	0.73420
6871.284	15.61994	1.44004	14.85417	0.60659
6874.882	15.64220	1.40186	14.90387	0.69272
6878.873	15.65585	1.49000	14.92783	0.78680
6882.873	15.61377	1.46691	14.85190	0.81784
6886.872	15.62478	1.39992	14.90243	0.88456
6890.877	15.63428	1.43061	15.04807	0.87743
6894.869	15.62577	1.48565	14.85248	0.81800
6898.872	15.62125	1.45296	15.02728	0.75882
6902.880	15.53280	1.35027	14.92971	0.75907
6906.876	15.59810	1.44777	15.01846	0.80127
6910.871	15.54485	1.41661	14.99630	0.80495
6914.877	15.51847	1.46008	15.04751	0.78715
6918.872	15.54566	1.47010	14.99440	0.79445
6922.876	15.48033	1.33429	14.95378	0.79460
6926.870	15.62148	1.44552	14.97465	0.77156
6930.872	15.58506	1.47496	14.99155	0.78585
6934.876	15.69841	1.44804	14.87631	0.68167
6938.878	15.71595	1.45031	14.91842	0.74813
6942.877	15.54485	1.49690	14.92051	0.79105
6946.878	15.75755	1.52032	14.89154	0.83450
6950.874	15.79689	1.67449	14.83520	0.78070
6954.876	15.67306	1.58077	14.74613	0.82151
6958.868	15.67943	1.60159	14.79291	0.89034
6962.874	15.72568	1.59518	14.64004	0.90176
6966.872	15.63773	1.62834	14.71213	0.86943
6970.867	15.70248	1.60703	14.74690	0.81708
6974.872	15.43118	1.61137	14.67813	0.90763
6978.871	15.64245	1.58421	14.73469	0.92241
6982.752	15.57482	1.52852	14.73453	0.87001
6986.743	15.62036	1.61822	14.67546	1.05272
6990.765	15.56848	1.59452	14.63527	0.79574
6994.755	15.54206	1.53642	14.69631	0.87100
6998.745	15.53142	1.61138	14.80876	1.00839
7002.746	15.44827	1.54219	14.69917	0.80082
7006.751	15.49218	1.57986	14.72608	0.82494
7010.750	15.60433	1.58228	14.70950	0.93984
7014.745	15.68067	1.63545	14.71893	1.00047
7018.744	15.61092	1.63257	14.66961	1.00502
7022.738	15.62252	1.66789	14.62335	1.01278
7026.744	15.62949	1.68973	14.65716	0.94120
7030.745	15.56542	1.60906	14.67277	0.99256
7034.756	15.60915	1.60331	14.71206	1.03681
7038.746	15.65304	1.62119	14.65109	1.04039
7042.751	15.66843	1.61571	14.60200	0.93526
7046.748	15.56717	1.59869	14.51684	0.98275
7050.746	15.51080	1.55245	14.50818	0.75115
7054.751	15.04517	1.49666	14.36982	0.66948
7058.748	14.52986	1.40464	14.25443	0.67847
7062.742	14.44867	1.19954	14.27592	0.41844
7066.744	14.39022	0.52114	14.22778	0.45138
7070.743	14.71865	0.37737	14.29559	0.41920
7074.749	14.53053	0.71822	14.16485	0.30305
7078.749	14.37953	0.63337	14.09810	0.21175
7082.743	14.49823	0.70209	14.05652	0.14856
7086.761	14.46573	0.46964	13.95925	0.04302
7090.748	14.39543	0.37261	13.98185	0.02937
7094.746	14.38472	0.35838	13.97064	0.04056
7098.749	14.40640	0.34111	13.98419	-0.01230
7102.742	14.41178	0.36213	14.00749	-0.07043
7106.744	14.36909	0.32867	14.04953	-0.08666
7110.746	14.41557	0.32697	14.07536	-0.13515
7114.751	14.37329	0.35907	14.01828	-0.16469
7118.755	14.40384	0.33158	13.98611	-0.16500
7122.746	14.40027	0.37002	14.01167	-0.13135
7126.745	14.40181	0.34754	14.03536	0.00096
7130.740	14.35151	0.38681	14.05715	0.06200
7134.743	14.32369	0.42485	13.96624	0.02081
7138.743	14.32602	0.47449	13.92926	-0.02475
7142.747	14.24921	0.46921	13.95874	-0.00605
7146.754	14.24655	0.44284	13.93494	0.04117
7150.744	14.29951	0.43997	13.88747	0.02714
7154.751	14.31785	0.43829	13.85126	0.09899
7158.761	14.28625	0.50749	13.80868	0.10767
