time (ms)	lx (deg)	ly (deg)	rx (deg)	ry (deg)
0.000	1.31451	-1.10953	1.49225	-1.19792
3.996	1.36546	-1.11438	1.46410	-1.30937
7.995	1.41814	-1.11385	1.45108	-1.21271
12.011	1.28715	-1.11324	1.56112	-1.30184
15.998	1.27324	-1.16639	1.42771	-1.22713
19.995	1.23722	-1.09427	1.36189	-1.25619
23.992	1.23032	-1.12328	1.42330	-1.30527
28.002	1.29248	-1.21525	1.58946	-1.26751
31.997	1.34418	-1.36997	1.51556	-1.40474
35.996	1.44441	-1.32420	1.60962	-1.46215
39.994	1.42069	-1.39232	1.28169	-1.49357
44.002	1.43416	-1.27750	1.26557	-1.50400
47.996	1.40075	-1.12412	1.33416	-1.48413
52.012	1.31193	-1.31792	1.11345	-1.54776
55.998	1.33845	-1.21143	1.28822	-1.58264
59.994	1.40497	-1.12600	1.19934	-1.66821
63.993	1.42573	-1.37697	1.32585	-1.59770
68.003	1.63623	-1.21149	1.29085	-1.55639
71.998	1.42543	-1.19644	1.23836	-1.58033
75.996	1.48739	-1.21726	1.15268	-1.49302
79.995	1.36253	-1.13330	1.18277	-1.51075
83.993	1.22392	-1.12343	1.26262	-1.39737
87.993	1.03679	-0.95992	0.79868	-1.36604
91.988	0.78836	-0.70909	0.63881	-1.11591
95.998	-0.02311	-0.14701	-0.15461	-0.92594
100.123	-0.31806	0.06153	0.15139	-0.54058
103.993	-0.23140	-0.20905	-0.06892	-0.69288
107.997	0.00834	0.03737	-0.00228	-0.43724
111.997	0.22492	-0.60284	0.09800	-0.45453
115.997	-0.08448	-0.20861	-0.03519	-0.50696
119.989	-0.14027	-0.26969	-0.02529	-0.79338
123.997	-0.07564	-0.26467	-0.03313	-0.53056
127.995	-0.11084	-0.23037	0.00236	-0.52234
131.993	-0.19087	-0.23629	0.05093	-0.40762
136.016	-0.10860	-0.27595	0.03594	-0.45851
139.999	-0.08843	-0.32301	0.05376	-0.54639
143.991	-0.04231	-0.36095	0.06698	-0.56560
147.996	-0.00861	-0.37159	0.09408	-0.66712
152.001	-0.00457	-0.39825	-0.01144	-0.71020
155.999	0.04894	-0.33193	0.04410	-0.78367
159.993	0.08108	-0.31894	0.12560	-0.66446
163.996	0.14675	-0.23589	0.15764	-0.60535
167.993	0.13565	-0.20274	0.18871	-0.62525
171.998	0.16893	-0.19613	-0.00673	-0.59062
175.994	0.21207	-0.16564	0.05780	-0.57181
179.997	0.24170	-0.14651	0.08753	-0.56373
183.993	0.21217	-0.20441	0.00109	-0.61713
187.995	0.23299	-0.04669	0.01638	-0.50761
191.992	0.20571	0.02912	-0.03383	-0.56172
195.998	0.18628	-0.01811	-0.06683	-0.55171
200.012	0.14573	-0.01615	-0.05601	-0.58895
204.028	0.07495	-0.06048	-0.21681	-0.58075
207.993	0.11816	-0.08946	-0.15849	-0.63859
211.991	0.15551	-0.18132	-0.25031	-0.61191
215.870	0.14598	-0.17171	-0.23708	-0.61459
219.868	0.14508	-0.19171	-0.23678	-0.65365
223.866	0.15707	-0.24143	-0.17082	-0.66009
227.864	0.21887	-0.23427	-0.14484	-0.66083
231.865	0.17447	-0.25888	-0.24376	-0.67976
235.868	0.17233	-0.17695	-0.21720	-0.68259
239.875	0.14799	-0.17705	-0.21370	-0.69517
243.870	0.13163	-0.16798	-0.24180	-0.69298
247.866	0.11518	0.05290	-0.26386	-0.71300
251.867	0.03335	-0.06841	-0.26818	-0.71752
255.864	0.09622	0.02463	-0.21323	-0.72262
259.870	0.10950	0.00972	-0.16251	-0.69067
263.868	0.30230	-0.01690	0.05924	-0.60515
267.864	0.66258	0.10824	0.28019	-0.51123
271.865	0.38583	0.09003	0.45939	-0.46364
275.864	0.59454	0.01051	0.30327	-0.44314
279.865	0.44368	-0.08237	0.31292	-0.36743
283.871	0.61543	-0.10443	0.26987	-0.25187
287.877	0.56977	0.00117	0.47574	-0.28128
291.866	0.50222	0.00055	0.66037	-0.26728
295.869	0.52245	0.14894	0.71632	-0.20380
299.864	0.58389	-0.01508	0.75054	-0.20071
303.868	0.52069	0.12350	0.79630	-0.16148
307.864	0.53012	0.02910	0.83699	-0.20091
311.871	0.59151	-0.17473	0.83476	-0.22903
315.865	0.61617	0.18653	0.72546	-0.21597
319.865	0.54002	0.36141	0.68119	-0.23319
323.869	0.52748	0.29763	0.74424	-0.28338
327.867	0.51178	0.27022	0.70943	-0.34324
331.867	0.46731	0.10638	0.69342	-0.32721
335.861	0.46257	0.09127	0.66888	-0.30517
339.869	0.52585	0.10327	0.64918	-0.32416
343.866	0.66451	0.05230	0.60429	-0.22860
347.865	0.71149	-0.03158	0.52409	-0.17620
351.869	0.64650	-0.01988	0.48830	-0.24123
355.866	0.57444	0.01742	0.42507	-0.26742
359.867	0.50021	-0.03678	0.38856	-0.30559
363.863	0.54014	-0.03648	0.50728	-0.10319
367.874	0.57888	-0.04816	0.47768	-0.11768
371.869	0.62471	-0.07750	0.54649	-0.13741
375.864	0.67025	-0.17085	0.57123	-0.10227
379.869	0.65965	-0.24596	0.57126	-0.07569
383.865	0.57203	-0.29372	0.48418	-0.02974
387.868	0.58079	-0.22169	0.48274	-0.13177
391.870	0.54833	-0.14812	0.49135	-0.18077
395.865	0.46262	-0.25733	0.44589	-0.10978
399.866	0.35136	-0.26521	0.55590	-0.29067
403.865	0.45222	-0.11033	0.52957	-0.22915
407.873	0.42284	-0.06364	0.48619	-0.28655
411.866	0.51853	-0.21175	0.46815	-0.40341
415.898	0.37732	-0.10250	0.42882	-0.35652
419.862	0.43249	0.00199	0.31893	-0.32012
423.863	0.44445	0.13073	0.25530	-0.18619
427.861	0.48066	0.32886	0.27540	-0.39010
431.862	0.35208	0.13470	0.26287	-0.28966
435.863	0.44036	-0.01985	0.25086	-0.24076
439.861	0.42735	-0.05588	0.36879	-0.39032
443.865	0.54898	-0.10058	0.29746	-0.41748
447.872	0.54873	-0.11199	0.36308	-0.44863
451.877	0.59913	-0.10265	0.35104	-0.54469
455.862	0.53012	-0.00288	0.30200	-0.66753
459.861	0.52046	-0.00862	0.39251	-0.91311
463.866	0.47120	-0.15311	0.39819	-0.84554
467.862	0.37305	-0.15615	0.46602	-0.77897
471.861	0.29379	-0.16599	0.56064	-0.65429
475.855	0.36670	-0.11704	0.48912	-0.70541
479.868	0.38598	0.02845	0.45326	-0.79358
483.861	0.36571	-0.04433	0.47718	-0.65142
487.866	0.31947	-0.01001	0.58818	-0.74929
491.863	0.27882	-0.14487	0.61307	-0.69270
495.873	0.29587	-0.07507	0.60873	-0.66380
499.862	0.25314	-0.10434	0.53982	-0.61087
503.861	0.41187	-0.09674	0.55818	-0.59804
507.864	0.41772	-0.08329	0.59456	-0.55233
511.865	0.42306	-0.15076	0.45334	-0.44878
515.864	0.37856	-0.10302	0.43383	-0.44344
519.859	0.52143	-0.35055	0.43589	-0.58295
523.867	0.35171	-0.37369	0.47597	-0.69758
527.862	0.30520	-0.33851	0.46085	-0.92798
531.869	0.47761	-0.29783	0.44269	-0.80230
535.860	0.57650	-0.28796	0.48187	-0.40907
539.865	0.51193	-0.18909	0.43976	-0.42771
543.862	0.45373	0.00827	0.38402	-0.52787
547.861	0.42688	-0.12056	0.40735	-0.34994
551.864	0.37157	-0.19784	0.34382	-0.45072
555.862	0.38539	-0.09808	0.39405	-0.66840
559.861	0.23996	-0.09537	0.34471	-0.72269
563.859	0.33002	0.03407	0.37675	-0.94006
567.866	0.38253	0.00661	0.41249	-0.50610
571.862	0.41718	0.02793	0.45862	-0.35684
575.871	0.35335	0.06590	0.45033	-0.35217
579.866	0.32153	0.08767	0.41884	-0.48165
583.855	0.26202	0.11689	0.46324	-0.44261
587.863	0.21983	0.04863	0.44671	-0.30277
591.861	0.32871	-0.01059	0.48912	-0.64066
595.860	0.40412	0.02967	0.49726	-0.31579
599.866	0.29870	0.21581	0.49463	-0.34621
603.861	0.37573	0.16601	0.53007	-0.26587
607.860	0.45984	0.12347	0.63449	-0.34677
611.860	0.42457	0.20353	0.53505	-0.36541
615.870	0.46857	0.24831	0.47041	-0.37165
619.881	0.53026	0.25072	0.51572	-0.47210
623.857	0.49026	0.28854	0.55905	-0.20693
627.863	0.40455	0.20649	0.66694	-0.37897
631.863	0.41517	0.13764	0.57952	-0.40782
635.889	0.56513	0.20778	0.49453	-0.35701
639.865	0.44448	0.27671	0.53416	-0.43096
643.857	0.37360	0.30077	0.47780	-0.48128
647.863	0.51689	0.13033	0.62719	-0.42168
651.856	0.45155	0.14328	0.63141	-0.38777
655.865	0.36735	0.19551	0.62223	-0.44867
659.864	0.28453	0.07619	0.48929	-0.39086
663.863	0.26954	0.01064	0.59813	-0.37038
667.854	0.26723	-0.08501	0.65099	-0.33206
671.857	0.29376	-0.10193	0.58362	-0.27496
675.860	0.29791	-0.02699	0.73628	-0.33759
679.863	0.27284	-0.02808	0.69414	-0.38418
683.854	0.26011	0.03019	0.48051	-0.37525
687.858	0.27493	-0.03486	0.65337	-0.33275
691.861	0.29657	-0.02336	0.59699	-0.24025
695.861	0.26056	-0.16264	0.60019	-0.25817
699.878	0.24892	-0.10752	0.65109	-0.25066
703.864	0.27049	-0.07164	0.66585	-0.15937
707.859	0.24815	-0.00991	0.72513	-0.28773
711.860	0.27247	0.07005	0.69000	-0.24032
715.859	0.28632	0.07939	0.65506	-0.31101
719.858	0.32047	0.13046	0.52942	-0.27417
723.863	0.28083	0.05243	0.36402	-0.26648
727.857	0.32997	-0.02271	0.39859	-0.35821
731.858	0.30724	-0.06580	0.36248	-0.44764
735.855	0.31642	0.07803	0.39899	-0.55632
739.867	0.32657	0.04433	0.52724	-0.61343
743.863	0.26029	0.05653	0.34593	-0.53145
747.861	0.27644	0.10121	0.39812	-0.55669
751.859	0.33903	0.06003	0.52356	-0.55325
755.856	0.28778	0.05104	0.42460	-0.51676
759.860	0.29816	0.00683	0.56027	-0.55466
763.863	0.24892	-0.09567	0.45512	-0.57706
767.860	0.33620	-0.07258	0.59900	-0.56423
771.857	0.26982	0.01511	0.57344	-0.48606
775.856	0.21455	-0.00706	0.65389	-0.62439
779.856	0.07525	-0.07174	0.59506	-0.50360
783.868	0.18005	-0.03780	0.61513	-0.42546
787.862	0.23773	-0.06272	0.65168	-0.33820
791.858	0.49773	-0.02065	0.60816	-0.31367
795.854	0.21638	0.06620	0.60272	-0.26440
799.862	0.25495	-0.02413	0.58401	-0.30416
803.858	0.30255	-0.08019	0.56054	-0.25362
807.858	0.48016	-0.08016	0.58324	-0.34029
811.852	0.32804	-0.02863	0.56858	-0.55705
815.857	0.41137	-0.03322	0.51600	-0.37272
819.859	0.32933	-0.05092	0.53791	-0.36476
823.868	0.39531	-0.12715	0.54883	-0.32734
827.863	0.47622	-0.07437	0.58888	-0.33768
831.863	0.50458	-0.08115	0.59987	-0.42161
835.857	0.39849	-0.09962	0.60387	-0.54651
839.857	0.44172	-0.08697	0.53508	-0.57700
843.851	0.50279	-0.16695	0.53674	-0.67827
847.855	0.50823	-0.10797	0.49785	-0.69385
851.860	0.48805	-0.05650	0.54141	-0.58803
855.895	0.49071	-0.03653	0.55056	-0.48875
859.859	0.50205	-0.01401	0.58856	-0.44849
863.851	0.53974	0.10640	0.52520	-0.40907
867.865	0.44475	0.08913	0.52878	-0.19034
871.855	0.23832	0.09050	0.44959	-0.21596
875.859	0.27776	0.08337	0.43917	-0.47216
879.852	0.19149	-0.06709	0.45388	-0.41218
883.859	0.20336	0.05261	0.52116	-0.65683
887.856	0.30575	-0.01260	0.47572	-0.44748
891.853	0.30990	0.06317	0.43170	-0.43862
895.859	0.13367	0.02597	0.45056	-0.46552
899.855	0.04859	0.06983	0.42361	-0.30996
903.859	0.06296	0.08401	0.39380	-0.30022
907.855	-0.03350	0.00119	0.35841	-0.40450
911.859	0.10590	0.07703	0.34360	-0.63133
915.866	0.26830	-0.05032	0.28910	-0.73447
919.857	0.28411	0.05785	0.21944	-0.69894
923.858	0.32067	0.14956	0.22227	-0.82684
927.850	0.41172	0.22754	0.23229	-0.64291
931.853	0.25160	0.23522	0.20919	-0.65107
935.855	0.31203	0.13351	0.18923	-0.61111
939.858	0.28535	0.09261	0.13605	-0.63897
943.850	0.38673	-0.03143	0.04760	-0.67969
947.880	0.37345	-0.26240	0.01358	-0.73239
951.858	0.36151	-0.28804	0.01040	-0.66223
955.856	0.39385	-0.17538	0.17943	-0.67025
959.852	0.37581	-0.11480	0.23242	-0.53160
963.854	0.32903	-0.22304	0.20204	-0.51317
967.858	0.30396	-0.33131	0.20725	-0.49327
971.856	0.26160	-0.34005	0.21884	-0.51434
975.854	0.22500	-0.45411	0.35146	-0.51391
979.853	0.22728	-0.40824	0.39316	-0.53497
983.855	0.24433	-0.33091	0.46403	-0.57495
987.853	0.23207	-0.35752	0.49676	-0.66136
991.863	0.27284	-0.29344	0.50230	-0.81675
995.861	0.26711	-0.23388	0.53560	-0.84644
999.859	0.26550	-0.24993	0.51031	-0.97845
1003.852	0.27600	-0.18005	0.43832	-0.77927
1007.859	0.33652	-0.17156	0.43093	-0.88270
1011.855	0.35330	-0.10009	0.43234	-0.86252
1015.849	0.42472	-0.09067	0.44217	-0.88866
1019.859	0.40082	-0.07976	0.37258	-1.00105
1023.855	0.39886	-0.02974	0.37765	-1.07289
1027.857	0.33238	-0.06242	0.37360	-1.07460
1031.857	0.28257	-0.05422	0.32655	-1.10702
1035.854	0.29865	-0.06545	0.32191	-1.04659
1039.853	0.32555	-0.04122	0.32739	-0.98712
1043.859	0.29545	-0.20421	0.30029	-0.92186
1047.857	0.24381	-0.16311	0.34337	-0.89587
1051.916	0.23123	-0.11667	0.42606	-0.89723
1055.857	0.22018	-0.03695	0.44641	-0.83691
1059.856	0.25182	0.18214	0.45051	-0.76447
1063.851	0.36070	0.15732	0.53247	-0.74620
1067.726	0.33479	-0.07591	0.53530	-0.59114
1071.726	0.32670	0.02448	0.66476	-0.56268
1075.730	0.32632	-0.04634	0.81094	-0.57414
1079.734	0.33444	0.00952	0.63484	-0.67225
1083.722	0.28150	0.24466	0.62945	-0.69140
1087.730	0.25024	0.05203	0.53235	-0.67609
1091.728	0.24778	0.08044	0.52746	-0.73586
1095.728	0.11773	0.32840	0.40666	-0.65811
1099.723	0.20993	0.31985	0.61196	-0.68206
1103.731	0.12821	0.17896	0.52768	-0.66843
1107.726	0.07013	0.19772	0.49081	-0.61264
1111.730	0.16665	0.10109	0.47388	-0.55880
1115.722	0.31885	0.16403	0.44403	-0.67142
1119.733	0.35089	0.20197	0.47220	-0.79986
1123.733	0.40214	0.16030	0.44882	-0.54593
1127.728	0.36211	0.07547	0.45624	-0.50006
1131.727	0.41745	0.23226	0.45559	-0.46677
1135.725	0.50071	0.33535	0.47761	-0.44701
1139.730	0.46810	0.33130	0.47770	-0.54347
1143.729	0.44261	0.29477	0.43261	-0.59179
1147.721	0.41251	0.24269	0.41891	-0.64911
1151.727	0.45693	0.19874	0.41566	-0.58906
1155.724	0.41343	0.28245	0.47202	-0.57962
1159.726	0.42899	0.26610	0.49416	-0.52707
1163.731	0.33791	0.12223	0.48314	-0.49328
1167.728	0.31114	0.19516	0.47751	-0.43190
1171.721	0.15777	0.37966	0.50339	-0.48040
1175.725	0.14168	0.40039	0.50173	-0.51954
1179.727	0.14161	0.23775	0.46798	-0.52960
1183.729	0.16543	0.06419	0.44366	-0.59850
1187.727	0.19502	0.24290	0.36211	-0.48185
1191.731	0.21959	0.35640	0.32419	-0.44411
1195.725	0.28840	0.27771	0.32647	-0.48200
1199.727	0.38643	0.01213	0.67821	-0.54447
1203.736	0.31737	-0.39124	1.00223	-0.88683
1207.726	0.81131	-0.70757	1.58301	-2.17417
1211.729	1.23181	-1.22417	2.94262	-2.43808
1215.721	1.58463	-1.80068	2.28534	-2.20210
1219.731	1.91670	-1.84973	2.64294	-2.34342
1223.723	1.95192	-1.83483	2.55975	-2.55363
1227.728	1.82301	-1.77086	2.60619	-2.56535
1231.721	1.88886	-1.89797	2.48564	-2.55581
1235.724	1.89364	-1.84834	2.52044	-2.48589
1239.724	1.91980	-1.83879	2.56998	-2.49308
1243.738	1.97939	-1.88298	2.51091	-2.45702
1247.726	1.99689	-1.92305	2.54863	-2.47144
1251.724	2.01139	-1.97594	2.60255	-2.42522
1255.727	2.01801	-2.02668	2.53704	-2.37539
1259.728	2.00586	-2.00346	2.49714	-2.40575
1263.761	1.96995	-1.96193	2.44623	-2.40262
1267.727	1.86846	-1.94073	2.32724	-2.36726
1271.719	1.82123	-1.94106	2.25808	-2.34129
1275.728	1.75912	-1.91741	2.27617	-2.30401
1279.726	1.78086	-1.95849	2.26021	-2.31241
1283.723	1.76130	-2.00260	2.23256	-2.30385
1287.726	1.79529	-1.96522	2.17561	-2.29355
1291.733	1.84262	-1.98224	2.10476	-2.32705
1295.724	1.80514	-1.90297	2.03345	-2.36489
1299.723	1.78478	-1.84813	2.02864	-2.42459
1303.721	1.83647	-1.97706	2.04009	-2.46627
1307.727	1.92503	-2.02302	2.11336	-2.64829
1311.722	1.90088	-1.93608	2.12731	-2.67918
1315.727	1.97493	-1.88408	2.18057	-2.70082
1319.721	2.03521	-1.84757	2.20632	-2.86365
1323.724	2.08917	-1.80945	2.15802	-2.90865
1327.735	2.15822	-1.77990	2.18701	-2.91932
1331.726	2.15512	-1.69446	2.16862	-2.96079
1335.723	2.13988	-1.65180	2.20835	-3.00479
1339.720	2.17586	-1.65576	2.23521	-2.95724
1343.727	2.08325	-1.79380	2.21373	-2.87684
1347.723	2.10761	-1.77775	2.22156	-2.82030
1351.721	2.04651	-1.80476	2.18922	-2.75251
1355.721	2.08163	-1.74674	2.21866	-2.74951
1359.724	2.14446	-1.70281	2.22143	-2.87903
1363.723	2.12617	-1.86123	2.20495	-2.79355
1367.721	2.08838	-2.01588	2.22007	-2.80881
1371.731	2.04659	-2.12672	2.17063	-2.89047
1375.721	2.03402	-1.90790	2.16996	-3.03549
1379.724	2.01417	-1.99521	2.21898	-3.00249
1383.721	2.12439	-1.94470	2.22468	-2.94292
1387.724	2.10124	-1.99386	2.19913	-2.96338
1391.730	2.23833	-2.04330	2.19784	-3.03866
1395.723	2.28080	-2.05998	2.15425	-2.99449
1399.720	2.22874	-2.33472	2.07170	-3.05889
1403.728	2.16892	-2.21264	2.02879	-3.09790
1407.724	2.17343	-2.15236	1.98358	-3.14983
1411.731	2.18325	-2.10696	1.91152	-3.21072
1415.719	2.21814	-2.10719	1.82544	-3.25639
1419.743	2.21370	-2.13916	1.86226	-3.22297
1423.727	2.20054	-2.15137	1.86389	-3.14933
1427.723	2.21705	-2.20059	1.84795	-3.05011
1431.719	2.23814	-2.26125	1.83258	-3.13250
1435.725	2.28118	-2.26131	1.81852	-3.07124
1439.722	2.21628	-2.30705	1.79242	-3.06628
1443.725	2.27364	-2.25884	1.79083	-3.02789
1447.720	2.29550	-2.28516	1.74261	-2.97890
1451.739	2.28985	-2.32892	1.72582	-2.94732
1455.729	2.32335	-2.37130	1.74179	-2.91700
1459.725	2.30660	-2.37210	1.73747	-2.88973
1463.726	2.33422	-2.40110	1.69902	-2.85460
1467.722	2.33336	-2.42467	1.66279	-2.85225
1471.726	2.34557	-2.39263	1.67219	-2.86931
1475.722	2.34111	-2.36748	1.69619	-2.85699
1479.720	2.30536	-2.34156	1.68188	-2.85958
1483.719	2.29760	-2.16983	1.70130	-2.91758
1487.721	2.32905	-2.10948	1.70283	-2.87908
1491.723	2.31668	-1.70965	1.74548	-2.78734
1495.769	2.35095	-0.53670	1.84426	-2.32209
1499.720	2.34877	1.18761	1.96759	-0.58287
1503.720	2.33916	1.60829	1.92989	1.44016
1507.720	2.36126	2.12773	1.99379	1.51512
1511.720	2.46862	2.66685	2.01813	1.61188
1515.724	2.53620	3.67961	2.16533	1.82985
1519.719	2.54816	2.89318	2.20813	1.93685
1523.717	2.68665	2.75773	2.17081	1.68082
1527.741	2.74598	2.69948	2.17703	1.61693
1531.721	2.65760	2.59656	2.27461	1.66269
1535.721	2.67883	2.70344	2.50462	1.77274
1539.720	2.68564	2.65800	2.68066	1.84502
1543.718	2.70721	2.92925	2.41019	1.72303
1547.717	2.76633	2.88190	2.39983	1.71072
1551.719	2.85358	2.91406	2.42659	1.84006
1555.721	2.91079	2.75198	2.32796	2.03209
1559.722	2.90034	2.85567	2.32602	1.83374
1563.718	2.89609	2.81285	2.30340	1.86604
1567.721	2.87656	2.87021	2.28717	1.95579
1571.720	2.81568	2.86304	2.31728	1.91287
1575.719	2.85779	2.93626	2.29448	1.97915
1579.722	2.87435	2.93693	2.27454	2.06639
1583.718	2.92525	3.04238	2.25736	2.18528
1587.717	2.98505	3.06642	2.27300	2.16441
1591.718	2.92965	3.08298	2.40342	2.06984
1595.775	2.84301	3.07247	2.40075	1.96441
1599.718	2.86997	3.09925	2.41048	1.93226
1603.719	2.89215	3.22344	2.48884	1.92711
1607.718	2.89463	3.23291	2.37696	1.89593
1611.716	2.87378	3.25395	2.39867	1.85502
1615.716	2.90044	3.26114	2.40436	1.93572
1619.742	2.86846	3.29245	2.46761	1.95978
1623.713	2.85826	3.36550	2.43867	1.89363
1627.722	2.82682	3.28871	2.45542	1.92672
1631.718	2.74096	3.20847	2.41675	1.96970
1635.721	2.70621	2.97089	2.33336	2.03600
1639.724	2.75269	3.05501	2.23771	2.18841
1643.717	2.66739	3.17308	2.16258	2.21270
1647.718	2.69146	3.06259	2.18330	2.17282
1651.722	2.76586	3.19806	2.19477	2.10851
1655.721	2.80855	3.05962	2.18790	2.00275
1659.724	2.86554	3.06744	2.22267	2.11011
1663.721	2.86190	2.84530	2.17651	2.00686
1667.719	2.78421	2.99469	2.16857	2.10078
1671.721	2.75891	2.96963	2.13061	2.01478
1675.714	2.93624	3.00513	2.17167	2.12501
1679.715	2.92450	3.03716	2.14278	2.13544
1683.720	2.92554	2.91341	2.15564	2.06368
1687.720	3.01494	2.90783	2.19606	2.06449
1691.713	3.02252	2.97824	2.16196	2.05412
1695.722	3.00888	2.86267	2.11442	2.06691
1699.737	2.99965	2.87143	2.15224	2.10041
1703.725	3.00408	2.87399	2.12771	2.20350
1707.738	2.99712	3.20194	2.17829	2.29801
1711.717	2.94403	4.13915	2.21965	2.78117
1715.718	2.79904	5.48399	2.15098	4.83064
1719.714	2.81568	6.38269	1.98725	5.36179
1723.720	2.79293	6.25247	2.00956	5.48402
1727.715	2.83979	6.20251	2.06476	5.49190
1731.716	2.89624	6.40053	2.02770	5.55912
1735.717	2.79181	6.34901	2.07524	5.57013
1739.714	2.67311	5.62531	2.12900	5.37205
1743.719	2.67051	6.06375	2.07794	5.42108
1747.716	2.54967	6.13325	2.07935	5.58763
1751.716	2.51574	6.32293	2.09886	5.57388
1755.715	2.45931	6.26512	2.02269	5.53164
1759.736	2.64520	6.38901	1.98849	5.64845
1763.723	2.79548	6.35760	1.95589	5.72159
1767.712	2.93374	6.39985	1.90267	5.74717
1771.720	2.71114	6.46661	1.85279	5.63900
1775.716	2.72917	6.42218	1.75714	5.52032
1779.718	2.65042	6.20947	1.71888	5.71015
1783.710	2.82994	6.34763	1.69964	5.93076
1787.724	2.84460	6.34647	1.66718	5.95027
1791.714	2.87326	6.36781	1.61825	5.98115
1795.718	2.92094	6.24391	1.59400	5.99862
1799.774	3.02368	6.21214	1.58393	6.09774
1803.713	2.99240	6.25349	1.57106	6.07776
1807.720	2.97181	6.13342	1.55740	6.01602
1811.716	2.96619	6.14653	1.57024	5.73996
1815.715	2.94290	6.08179	1.60256	5.91667
1819.713	2.98745	6.16572	1.62807	5.92124
1823.727	3.02546	6.29854	1.74734	5.87367
1827.724	3.02915	6.35477	1.77610	5.81368
1831.716	2.98339	6.29150	1.76086	5.68481
1835.719	2.93020	6.37032	1.76557	5.62264
1839.716	3.00022	6.40687	1.83717	5.46215
1843.721	3.07006	6.35220	1.89186	5.49252
1847.714	3.05234	6.29980	1.84919	5.38642
1851.715	3.04989	6.32379	1.85408	5.40015
1855.714	2.91200	6.42674	1.85013	5.35045
1859.713	2.94339	6.35399	1.81838	5.37340
1863.720	2.95572	6.35304	1.83248	5.38522
1867.718	2.94012	6.27482	1.85408	5.35559
1871.723	2.86935	6.21152	2.03038	5.30766
1875.718	2.88435	6.21595	1.93232	5.34540
1879.710	2.65260	6.27747	1.84909	5.36964
1883.720	2.72464	6.16888	1.81605	5.57651
1887.719	2.84004	6.15496	1.80561	5.47733
1891.713	2.95673	6.17756	1.86179	5.40615
1895.714	2.95475	6.24563	1.88256	5.36143
1899.715	3.01136	6.20593	1.80457	5.58253
1903.718	2.99859	6.35461	1.93048	5.65233
1907.713	3.17064	6.10962	1.87416	5.79631
1911.723	3.20261	6.13441	2.00286	5.74080
1915.717	3.08362	6.23303	1.82688	5.55525
1919.714	2.82056	6.32503	1.93380	5.74790
1923.584	3.09985	6.19878	2.04431	5.56229
1927.620	3.06397	6.15484	1.87490	5.54265
1931.590	3.09193	6.22582	1.81374	5.81142
1935.586	2.94965	6.27026	1.85137	5.84692
1939.587	2.83251	6.26653	1.93046	5.83051
1943.584	2.87574	6.15678	1.96794	5.77834
1947.587	2.89468	6.17567	1.86856	5.76624
1951.585	2.90735	6.21499	1.98737	5.70157
1955.599	2.84831	6.26861	1.92086	5.69709
1959.589	2.90569	6.18765	2.02579	5.65609
1963.590	2.89064	6.15437	1.94233	5.67263
1967.591	2.85039	6.12581	1.89206	5.75158
1971.587	2.80922	6.16859	1.89749	5.86100
1975.590	2.80838	6.34878	1.88831	5.75191
1979.585	2.99955	6.21652	1.91895	5.78583
1983.596	2.94889	6.20765	1.91895	5.77037
1987.590	2.86222	6.29756	1.96871	5.74965
1991.582	2.35157	6.15391	1.90311	5.74869
1995.591	1.55273	6.18753	1.59241	5.71007
1999.591	0.18085	5.68074	0.38598	5.00000
2003.591	-0.49006	4.97954	-0.09210	4.47960
2007.584	-0.27882	3.66193	-0.65553	3.80521
2011.590	-0.34322	4.29091	-0.56287	2.96442
2015.587	-0.23361	3.78240	-0.60312	2.88138
2019.586	-0.42810	3.65011	-0.66362	2.73227
2023.590	-0.41058	3.47777	-0.77682	2.61233
2027.586	-0.48438	3.83578	-0.95916	2.73539
2031.590	-0.01080	4.04084	-0.98913	2.83528
2035.582	-0.19589	3.94678	-1.02742	2.63141
2039.596	-0.21869	3.66672	-1.06686	2.74532
2043.614	-0.30503	3.68766	-1.08745	2.64420
2047.590	-0.22728	3.65801	-1.02811	2.67601
2051.590	-0.38926	3.66587	-1.04652	2.60197
2055.589	-0.39375	3.65914	-1.09678	2.64556
2059.586	-0.28570	3.44244	-1.10534	2.75624
2063.586	-0.35901	3.63091	-1.02890	2.82256
2067.590	-0.08175	3.75192	-1.08224	2.84774
2071.596	-0.19710	3.76219	-1.00179	2.77574
2075.586	-0.35804	3.75073	-0.96326	2.83756
2079.596	-0.26994	3.71635	-0.92979	2.85469
2083.590	-0.30836	3.78274	-0.87016	2.84244
2087.593	-0.24415	3.85275	-0.85302	2.89963
2091.585	-0.38780	3.81757	-0.85798	2.98368
2095.584	-0.24423	3.84661	-0.84317	2.94841
2099.588	-0.24023	3.87237	-0.82267	3.10839
2103.588	-0.17112	4.00477	-0.80176	2.90765
2107.581	-0.28101	4.07973	-0.84927	2.78696
2111.590	-0.33851	4.00257	-0.80873	2.77207
2115.586	-0.31414	4.04617	-0.80662	2.91890
2119.589	-0.30950	4.03821	-0.82191	3.06766
2123.616	-0.34819	3.93936	-0.79054	2.99949
2127.590	-0.38392	3.94055	-0.83248	2.94725
2131.586	-0.36901	3.93984	-0.95552	2.88215
2135.585	-0.30930	3.88080	-0.92686	3.02094
2139.599	-0.34159	3.91930	-0.93207	3.03187
2143.592	-0.35933	3.92587	-0.85503	2.98753
2147.584	-0.50329	3.85546	-0.88994	3.00242
2151.582	-0.39884	3.81620	-0.97018	3.06966
2155.581	-0.49197	3.79154	-0.91416	3.08351
2159.586	-0.46356	3.78280	-1.00958	3.00333
2163.586	-0.50592	3.77892	-0.99191	3.01197
2167.587	-0.47795	3.80379	-1.02980	3.02947
2171.588	-0.36675	3.80575	-1.13407	3.08380
2175.583	-0.42373	3.78997	-1.01404	3.22384
2179.583	-0.47741	3.73296	-1.01719	3.14800
2183.580	-0.42400	3.69577	-0.94733	3.26091
2187.584	-0.40911	3.58602	-0.87083	3.17206
2191.585	-0.41145	3.70380	-0.87079	3.26715
2195.579	-0.37226	3.59381	-0.88706	3.27471
2199.583	-0.33372	3.61474	-0.97197	3.30945
2203.587	-0.33737	3.71689	-0.84265	3.27700
2207.587	-0.35092	3.69816	-0.82622	3.28962
2211.585	-0.37985	3.71485	-0.84682	3.24931
2215.579	-0.39311	3.66805	-0.81481	3.23965
2219.583	-0.40221	3.54627	-0.88195	3.27310
2223.582	-0.42986	3.65192	-0.90602	3.32432
2227.586	-0.42298	3.58408	-0.87897	3.34648
2231.578	-0.45914	3.64802	-0.93093	3.41905
2235.587	-0.48994	3.67661	-0.94309	3.19352
2239.582	-0.48773	3.76772	-0.99189	3.04227
2243.586	-0.48540	3.78214	-0.97008	3.25509
2247.584	-0.48455	3.74795	-0.96757	3.34080
2251.586	-0.46696	3.73235	-1.02231	3.24234
2255.582	-0.45296	3.79574	-1.04198	3.16450
2259.581	-0.49336	3.85482	-1.10901	3.16091
2263.601	-0.50178	3.93770	-1.07599	3.12614
2267.589	-0.42606	3.89317	-1.12251	3.09312
2271.579	-0.35553	3.95761	-1.13769	3.02909
2275.582	-0.35350	4.03664	-1.17103	3.01035
2279.585	-0.31332	4.04244	-1.22506	3.04617
2283.582	-0.29302	4.07938	-1.37354	3.07856
2287.583	-0.31771	4.09077	-1.28668	3.02241
2291.588	-0.32910	4.11277	-1.32245	2.97275
2295.588	-0.36970	4.13804	-1.32763	2.94375
2299.577	-0.37968	4.15143	-1.34440	2.94608
2303.580	-0.28587	4.15854	-1.36330	2.94633
2307.583	-0.24631	4.12981	-1.32421	3.02128
2311.581	-0.30257	4.13181	-1.25024	3.11456
2315.580	-0.32419	4.13158	-1.29229	3.20533
2319.586	-0.33084	4.08703	-1.20400	3.27814
2323.597	-0.33918	4.08846	-1.10006	3.43100
2327.585	-0.37137	4.05161	-1.07098	3.35132
2331.592	-0.35526	4.01389	-1.08028	3.47709
2335.581	-0.34375	3.98021	-1.02771	3.48139
2339.626	-0.31943	3.91815	-0.98760	3.56553
2343.584	-0.36072	3.89622	-0.91624	3.61204
2347.587	-0.38673	3.84604	-0.94544	3.62874
2351.582	-0.47609	3.85295	-0.94130	3.54108
2355.579	-0.51932	3.83385	-0.96378	3.45487
2359.585	-0.56528	3.85557	-0.95311	3.39331
2363.583	-0.63017	3.82819	-0.94728	3.40047
2367.580	-0.62727	3.84704	-1.05478	3.30377
2371.576	-0.67372	3.84869	-1.09949	3.23923
2375.583	-0.66886	3.84582	-1.38272	3.24226
2379.582	-0.69496	3.86240	-1.37508	3.16260
2383.582	-0.69548	3.87459	-1.46177	3.17355
2387.583	-0.63724	3.91883	-1.50693	3.10449
2391.581	-0.50858	3.95169	-1.49078	3.12586
2395.579	-0.50031	3.96307	-1.37193	3.10276
2399.578	-0.47180	3.84813	-1.43577	3.08361
2403.598	-0.30128	3.31547	-1.23744	2.57623
2407.584	-0.21423	2.80648	-0.77191	2.02242
2411.683	-0.18032	2.18518	0.13444	1.60677
2415.584	0.00437	1.87701	0.87413	0.65947
2419.591	0.18137	1.27109	1.07674	0.44998
2423.579	0.49274	1.19207	1.29358	0.04909
2427.583	0.72533	1.29851	1.04081	-0.00880
2431.577	0.99551	1.21861	1.02496	0.16974
2435.579	1.02015	1.41090	1.05094	0.32703
2439.580	1.05895	1.48959	1.10246	0.62305
2443.582	1.12772	1.55716	1.19939	0.67010
2447.578	1.10906	1.56630	1.25027	0.65404
2451.595	1.23900	1.55762	1.14208	0.64707
2455.586	1.25726	1.56664	1.11941	0.45179
2459.585	1.28554	1.61511	1.08500	0.42894
2463.582	1.29047	1.67406	1.07535	0.51186
2467.580	1.32887	1.73958	1.03759	0.69486
2471.574	1.33259	1.79376	0.94351	0.69918
2475.577	1.33039	1.83061	0.97794	0.76920
2479.586	1.33344	1.90908	0.99591	0.80529
2483.578	1.28393	1.95798	0.93418	0.77244
2487.583	1.24429	1.97051	0.87835	0.82526
2491.578	1.24136	1.97493	0.83749	0.78458
2495.582	1.21626	1.98393	0.87704	0.80308
2499.583	1.19462	1.96852	0.82784	0.70908
2503.580	1.12921	1.89880	0.81166	0.65751
2507.581	1.09162	1.78136	0.79295	0.73741
2511.577	1.08549	1.73902	0.74089	0.56351
2515.580	1.08949	1.70687	0.81915	0.54827
2519.578	1.02494	1.53596	0.75434	0.37094
2523.578	1.02151	1.47282	0.76851	0.34261
2527.581	1.03662	1.44195	0.76285	0.29081
2531.577	1.06684	1.39153	0.98447	0.24545
2535.577	1.08492	1.37275	0.85195	0.13807
2539.588	1.10581	1.33081	0.85883	0.08820
2543.581	1.16037	1.30081	0.89500	0.03605
2547.579	1.17919	1.29512	0.90900	0.05583
2551.585	1.21244	1.34320	0.76347	0.01314
2555.579	1.22819	1.35593	0.93790	-0.00564
2559.578	1.20909	1.45319	0.93812	0.09759
2563.612	1.20040	1.38862	0.80920	0.04294
2567.581	1.22147	1.36802	0.76240	0.03799
2571.579	1.19688	1.36987	0.88336	0.12237
2575.578	1.18297	1.31006	0.85759	0.20809
2579.586	1.16642	1.29718	0.89277	0.25094
2583.580	1.18242	1.38209	0.80506	0.22504
2587.580	1.20594	1.40609	0.76466	0.24901
2591.572	1.23513	1.43321	0.74561	0.18384
2595.581	1.27656	1.39173	0.83548	0.33408
2599.575	1.35683	1.28840	0.78002	0.41188
2603.575	1.39996	1.35484	0.73466	0.32331
2607.574	1.63712	1.18624	0.93135	0.19765
2611.580	1.75366	0.63499	2.16384	0.14089
2615.643	2.39185	0.36935	3.05420	-0.07027
2619.572	3.20310	0.11576	3.17297	-0.69961
2623.581	3.46906	-0.17963	3.77115	-1.36641
2627.571	3.43618	-0.40292	3.91356	-1.35679
2631.574	3.89412	-0.75881	3.91072	-1.59412
2635.575	3.74451	-0.60823	3.98598	-1.74426
2639.576	3.85269	-0.61963	4.05298	-1.62056
2643.580	3.97753	-0.39278	3.85580	-1.64320
2647.575	4.09192	-0.43667	3.80070	-1.73513
2651.570	4.00452	-0.38243	3.78052	-1.71803
2655.575	4.07560	-0.64890	3.95819	-1.70831
2659.574	4.12429	-0.62185	4.03085	-1.81304
2663.579	4.07345	-0.67064	3.98385	-1.88295
2667.574	4.07206	-0.81495	3.98751	-1.73267
2671.579	4.07873	-0.74592	4.00072	-1.74391
2675.577	4.08518	-0.61393	4.02786	-1.78347
2679.580	4.11061	-0.69980	3.98027	-1.76976
2683.574	4.14646	-0.56347	3.96738	-1.71181
2687.576	3.99665	-0.53029	4.01798	-1.67819
2691.573	4.03097	-0.81838	4.05547	-1.74127
2695.579	4.02986	-0.75330	4.06940	-1.66632
2699.577	4.00736	-0.86049	4.02055	-1.61134
2703.571	3.99198	-0.76147	4.01127	-1.70981
2707.578	4.02675	-0.71856	4.00243	-1.53261
2711.576	4.09742	-0.75716	3.98385	-1.59544
2715.575	4.03478	-0.48364	4.00781	-1.64634
2719.573	4.14833	-0.64282	3.98309	-1.60971
2723.580	3.99623	-0.84340	3.99662	-1.58910
2727.575	4.05557	-0.73598	3.96824	-1.54062
2731.575	4.00015	-0.79019	3.96844	-1.51986
2735.573	4.00857	-0.79935	4.04735	-1.57557
2739.578	4.02381	-0.76967	3.91837	-1.57574
2743.576	3.93132	-0.73689	4.05320	-1.68540
2747.584	4.01655	-0.72561	4.05567	-1.57734
2751.577	4.04885	-0.60622	4.14885	-1.63748
2755.571	4.19849	-0.72480	3.98301	-1.72215
2759.584	4.26232	-0.81906	4.18790	-1.66028
2763.575	3.97555	-0.80154	4.09806	-1.64554
2767.573	4.13159	-0.80148	4.11942	-1.68383
2771.608	4.14507	-0.85323	4.21177	-1.71649
2775.573	4.17524	-0.81276	4.13801	-1.74562
2779.448	4.26761	-0.77535	4.10552	-1.67789
2783.446	4.14083	-0.66258	4.15302	-1.64381
2787.453	4.13910	-0.81540	4.08651	-1.59226
2791.449	4.17329	-0.88363	3.99620	-1.58107
2795.457	4.19605	-0.86259	4.01771	-1.78122
2799.445	4.26252	-0.82407	4.06046	-1.53364
2803.452	4.05685	-0.83053	4.05419	-1.60610
2807.447	4.13014	-0.95382	3.99830	-1.62241
2811.448	4.12384	-0.89937	4.00788	-1.64309
2815.442	4.15989	-0.81981	3.96795	-1.59131
2819.445	4.27034	-0.87378	3.95211	-1.51583
2823.448	4.30092	-0.89181	3.95545	-1.61258
2827.451	4.22380	-0.91442	3.88801	-1.68658
2831.448	4.28844	-0.87158	3.86652	-1.68754
2835.446	4.37830	-0.79201	3.90249	-1.81567
2839.447	4.40172	-0.73127	3.87425	-1.71495
2843.445	4.29897	-0.95785	3.84663	-1.71116
2847.446	4.34924	-1.02261	3.82662	-1.77439
2851.447	4.38827	-0.90270	3.79823	-1.75127
2855.448	4.39104	-0.84166	3.77105	-1.74389
2859.446	4.39084	-0.81139	3.76692	-1.74831
2863.445	4.26304	-0.90248	3.73591	-1.74686
2867.451	4.32313	-0.86510	3.66051	-1.76041
2871.446	4.33865	-0.80486	3.76794	-1.87882
2875.446	4.46946	-1.17056	4.07221	-1.75968
2879.450	4.43537	-1.42918	4.96278	-1.82331
2883.455	5.27304	-1.52642	5.73822	-2.31936
2887.462	5.14005	-1.60576	5.90983	-2.70611
2891.447	6.04983	-2.67505	6.26316	-2.69887
2895.451	6.13983	-2.59859	6.33483	-3.15396
2899.447	6.38717	-2.54445	6.65779	-3.39010
2903.451	6.52620	-2.35003	6.87051	-3.20739
2907.443	6.47309	-2.53007	6.81762	-3.23554
2911.450	6.40062	-2.58342	6.52103	-3.26875
2915.446	6.53294	-2.67306	6.60441	-3.22435
2919.451	6.64765	-2.56517	6.81590	-3.25154
2923.444	6.65103	-2.55503	6.65732	-3.27508
2927.450	6.60171	-2.86327	6.73684	-3.31432
2931.445	6.62527	-2.80326	6.60994	-3.25106
2935.446	6.72359	-2.74981	6.59554	-3.38903
2939.440	6.73987	-2.68274	6.73752	-3.27892
2943.444	6.70570	-2.64506	6.66898	-3.26303
2947.448	6.64760	-2.73374	6.71826	-3.29401
2951.451	6.65084	-2.69328	6.45091	-3.30439
2955.461	6.74222	-2.69866	6.76459	-3.33521
2959.452	6.79552	-2.68699	6.41104	-3.34989
2963.450	6.72279	-2.61657	6.38905	-3.44069
2967.453	6.67505	-2.72103	6.54727	-3.45233
2971.445	6.73723	-2.71322	6.35523	-3.47610
2975.451	6.83934	-2.61203	6.47848	-3.52397
2979.446	6.85248	-2.66786	6.60497	-3.49138
2983.439	6.76153	-2.71247	6.52436	-3.54335
2987.450	6.77330	-2.72003	6.64944	-3.53872
2991.446	6.90532	-2.73309	6.62625	-3.53372
2995.449	6.87724	-2.71580	6.56953	-3.48676
2999.464	6.86063	-2.72436	6.26103	-3.49817
3003.458	6.89507	-2.63676	6.50131	-3.49392
3007.445	6.88932	-2.74820	6.66376	-3.47316
3011.469	6.94306	-2.69987	6.58763	-3.44634
3015.452	6.95597	-2.65237	6.68519	-3.42060
3019.443	6.94680	-2.76447	6.61898	-3.41656
3023.449	6.94482	-2.68671	6.63306	-3.41674
3027.447	7.01942	-2.72236	6.26216	-3.38056
3031.441	6.97274	-2.78290	6.55506	-3.48492
3035.444	7.11723	-2.66554	6.69735	-3.42694
3039.445	7.51091	-2.78330	7.27470	-3.46388
3043.461	9.73619	-2.69416	9.21312	-3.35941
3047.453	10.46198	-2.58570	10.98104	-3.23741
3051.447	11.85442	-2.58323	11.97332	-3.25263
3055.449	12.55528	-2.13727	13.23546	-3.22836
3059.442	13.44883	-2.50018	13.45484	-3.43522
3063.443	13.81228	-2.52539	13.84485	-3.44041
3067.445	13.55623	-2.31890	13.76242	-3.47435
3071.448	13.69511	-2.31366	13.74109	-3.40804
3075.452	13.60545	-2.29460	13.59609	-3.30151
3079.447	13.44956	-2.25954	13.38078	-3.57448
3083.448	13.43911	-2.28525	13.61881	-3.57143
3087.447	13.33896	-2.28591	13.74060	-3.32961
3091.447	13.62106	-2.19438	13.58362	-3.56873
3095.444	13.62371	-2.23978	13.64302	-3.72794
3099.445	13.58585	-2.22567	13.73325	-3.48572
3103.438	13.67138	-2.27282	13.78593	-3.41314
3107.454	13.66721	-2.24636	13.54185	-3.60038
3111.447	13.50593	-2.22485	13.66826	-3.44434
3115.443	13.68160	-2.31353	13.62744	-3.38290
3119.438	13.74451	-2.25840	13.70448	-3.58023
3123.442	13.86273	-2.18834	13.71029	-3.49061
3127.451	13.70191	-2.16417	13.68082	-3.46615
3131.446	13.87178	-2.16103	13.66611	-3.38312
3135.437	13.88656	-2.18349	13.62652	-3.41249
3139.445	13.75748	-2.17985	13.58104	-3.32035
3143.446	13.81142	-2.16113	13.55733	-3.35174
3147.440	13.91586	-2.11926	13.58695	-3.31887
3151.444	13.74205	-2.09443	13.55886	-3.31943
3155.441	13.86942	-2.03534	13.56549	-3.33848
3159.457	13.88670	-2.10050	13.63344	-3.27316
3163.444	13.85573	-2.13155	13.52951	-3.26412
3167.454	13.75762	-2.14338	13.55360	-3.27359
3171.451	13.88717	-2.22200	13.54839	-3.24200
3175.441	13.78043	-2.25634	13.45367	-3.26872
3179.445	13.82370	-2.28587	13.59133	-3.27461
3183.442	13.87096	-2.34229	13.55860	-3.28539
3187.447	13.86247	-2.31090	13.57065	-3.29505
3191.441	13.73149	-2.41261	13.57870	-3.28979
3195.442	13.74676	-2.36308	13.52909	-3.34405
3199.438	13.78176	-2.47822	13.54978	-3.33314
3203.443	13.79580	-2.44110	13.52641	-3.38342
3207.440	13.76060	-2.50347	13.57982	-3.26268
3211.444	13.83980	-2.47332	13.54026	-3.24428
3215.439	13.65805	-2.41286	13.46529	-3.10296
3219.445	13.72999	-2.39952	13.54065	-3.13069
3223.439	13.73592	-2.36252	13.49833	-3.16331
3227.445	13.74463	-2.28298	13.45846	-3.19954
3231.445	13.57553	-2.43952	13.56036	-3.12879
3235.441	13.83049	-2.36183	13.52095	-3.13003
3239.441	13.77584	-2.31424	13.47240	-3.20820
3243.435	13.81565	-2.31052	13.58149	-3.12002
3247.441	13.71163	-2.49438	13.54223	-3.10162
3251.449	13.75605	-2.42604	13.44547	-3.10579
3255.440	13.74029	-2.41211	13.53512	-3.18898
3259.439	13.91561	-2.33440	13.57093	-3.20148
3263.459	13.85407	-2.31722	13.53892	-3.26695
3267.440	13.90656	-2.40221	13.57912	-3.23452
3271.439	13.99125	-2.43485	13.54844	-3.20886
3275.441	13.91617	-2.43699	13.55395	-3.16274
3279.443	14.05420	-2.37114	13.55414	-3.18323
3283.434	13.91430	-2.51480	13.59251	-3.18156
3287.444	13.95960	-2.49380	13.55623	-3.18564
3291.442	14.02856	-2.31942	13.54267	-3.15993
3295.454	13.94918	-2.34844	13.59921	-3.14085
3299.443	13.99821	-2.26284	13.64434	-3.05160
3303.438	13.97606	-2.34265	13.65589	-3.04613
3307.438	13.76460	-2.33481	13.63187	-2.99987
3311.444	13.32893	-2.12834	13.56880	-2.97265
3315.440	13.13604	-1.90963	12.07559	-2.89796
3319.440	11.24638	-1.20487	11.39792	-2.77450
3323.434	10.87170	-0.97847	10.39150	-2.24950
3327.441	10.71346	-0.96817	10.22541	-1.72113
3331.442	10.52434	-0.77239	9.83905	-2.08797
3335.440	10.29327	-0.43037	9.68869	-1.94071
3339.446	10.07136	-0.35092	9.60041	-1.64502
3343.441	10.32368	-0.49660	9.44962	-1.58256
3347.439	10.24879	-0.57926	9.59339	-1.49071
3351.442	10.15369	-0.88242	9.69173	-1.37336
3355.438	9.94633	-1.00612	9.88726	-1.27085
3359.438	10.07579	-0.83702	9.94435	-1.32753
3363.453	10.04651	-0.71470	9.90477	-1.26598
3367.441	9.97637	-0.67893	9.84686	-1.21761
3371.436	9.95709	-0.47842	9.78428	-1.24633
3375.442	9.88839	-0.46487	9.72344	-1.20523
3379.443	9.92512	-0.58623	9.59503	-1.24595
3383.443	9.92471	-0.55855	9.64516	-1.25701
3387.438	9.92926	-0.57301	9.67963	-1.29179
3391.440	9.95331	-0.62779	9.53236	-1.29943
3395.443	9.98194	-0.55782	9.66629	-1.35682
3399.434	10.03645	-0.49171	9.59074	-1.42172
3403.458	10.02885	-0.47360	9.44076	-1.43868
3407.444	10.00812	-0.40117	9.44436	-1.39533
3411.475	10.00093	-0.40451	9.37257	-1.42128
3415.436	9.99296	-0.45111	9.38317	-1.32827
3419.441	10.01602	-0.50410	9.33413	-1.25187
3423.440	10.04307	-0.54644	9.35418	-1.17661
3427.440	9.99792	-0.60587	9.30887	-1.11676
3431.438	9.92935	-0.64462	9.36810	-1.16754
3435.433	9.92317	-0.65489	9.46602	-1.07467
3439.442	9.92150	-0.66843	9.48248	-1.02934
3443.436	9.92639	-0.79964	9.53501	-0.98274
3447.437	9.93836	-0.76139	9.69021	-1.01777
3451.439	9.94452	-0.79624	9.81204	-1.00853
3455.439	9.99180	-0.81441	9.83749	-1.00111
3459.439	9.99768	-0.76269	9.82375	-1.04808
3463.442	9.97216	-0.75500	9.79730	-1.06216
3467.436	9.93670	-0.71472	9.88319	-1.08019
3471.440	9.90087	-0.64752	9.87141	-1.14060
3475.431	9.92981	-0.51510	9.90014	-1.13324
3479.441	9.95170	-0.51404	9.87924	-1.16348
3483.436	10.02543	-0.31894	9.85862	-1.12988
3487.436	9.99638	-0.31649	9.84392	-1.07714
3491.432	10.02182	-0.37390	9.81221	-1.13745
3495.440	10.08957	-0.36726	9.74733	-1.18975
3499.437	10.06949	-0.35840	9.73969	-1.17624
3503.440	10.05048	-0.32202	9.82209	-1.09356
3507.445	9.96309	-0.27382	9.80371	-1.10899
3511.437	9.99744	-0.27952	9.67589	-1.06446
3515.432	10.04208	-0.28163	9.67242	-1.12275
3519.441	10.10584	-0.34148	9.65640	-1.22653
3523.435	10.02601	-0.38214	9.65452	-1.09141
3527.440	9.99404	-0.35731	9.73005	-1.24976
3531.434	10.22731	-0.36405	9.98326	-1.11788
3535.440	11.76354	-0.37553	12.31192	-1.14828
3539.439	13.20498	-0.32944	13.99358	-0.92581
3543.437	14.13533	-0.28253	14.48443	-1.12790
3547.435	15.09300	-0.21247	15.98989	-1.08624
3551.439	15.40189	-0.23705	16.47349	-1.18459
3555.432	15.89184	-0.24270	16.40210	-1.42428
3559.435	15.76338	-0.28214	16.41229	-1.56999
3563.434	15.78090	-0.22007	16.33363	-1.27969
3567.473	15.89251	-0.11601	16.20409	-1.29656
3571.440	15.88697	-0.11482	16.03765	-1.56217
3575.431	15.80585	-0.08976	16.05839	-1.56597
3579.435	15.86048	-0.08459	15.97993	-1.66027
3583.439	15.82658	-0.10816	16.11801	-1.67484
3587.445	15.85288	-0.07140	16.01376	-1.70211
3591.430	15.74456	-0.01093	16.05447	-1.70143
3595.433	15.61826	-0.04774	16.07402	-1.71653
3599.436	15.71515	-0.04502	16.13493	-1.60589
3603.439	15.81075	0.00139	16.15557	-1.56405
3607.432	15.97319	-0.01574	15.98259	-1.46038
3611.439	15.88525	-0.02471	16.03880	-1.42252
3615.434	15.88674	-0.03494	16.08921	-1.37787
3619.435	15.89845	-0.05406	16.10729	-1.41671
3623.439	15.87570	-0.11709	16.30380	-1.39685
3627.439	15.75293	-0.25793	16.13638	-1.29187
3631.318	15.96794	-0.13938	16.17782	-1.29647
3636.688	15.97452	-0.13925	16.12729	-1.22226
3639.312	15.98475	-0.19471	16.16965	-1.19113
3643.310	16.04331	-0.12371	16.15213	-1.18611
3647.304	16.03751	-0.15287	16.12209	-1.27510
3651.312	16.04524	-0.22212	16.01387	-1.21642
3655.307	16.01404	-0.26225	16.11524	-1.21869
3659.311	16.03804	-0.19662	16.10724	-1.26873
3663.309	15.92333	-0.34629	16.08486	-1.30402
3667.311	16.01553	-0.26230	16.06000	-1.25194
3671.310	16.13333	-0.10415	16.07902	-1.25101
3675.312	16.06396	-0.07068	16.04936	-1.22246
3679.307	15.95782	-0.04198	16.08591	-1.31091
3683.310	15.92774	0.08688	16.02463	-1.42580
3687.303	16.05787	0.11835	16.05560	-1.34899
3691.307	16.07226	0.09093	16.02236	-1.26471
3695.309	15.97259	0.09790	16.07375	-1.33572
3699.312	15.97337	0.00272	16.03964	-1.35096
3703.360	15.92184	-0.14302	16.04035	-1.49568
3707.315	16.04966	0.02632	16.01358	-1.33297
3711.310	16.04815	0.06386	15.94729	-1.25589
3715.314	15.98333	0.02747	15.93302	-1.34227
3719.305	15.94337	0.05037	15.96569	-1.38699
3723.312	15.96938	-0.03994	15.97097	-1.33862
3727.307	16.02610	0.01091	15.87490	-1.28614
3731.311	15.94474	-0.01414	15.90502	-1.21483
3735.303	15.97085	-0.03775	16.06804	-1.29136
3739.311	15.90470	0.00566	16.05936	-1.29922
3743.309	15.94337	0.22990	15.95523	-1.31495
3747.311	15.96021	0.13274	15.94660	-1.20625
3751.311	15.90389	0.08238	15.83926	-1.19642
3755.312	15.92030	0.06105	15.84387	-1.23453
3759.317	15.86936	0.03157	15.91994	-1.23239
3763.325	15.92983	-0.04750	15.79724	-1.17581
3767.311	15.91578	0.05709	15.84176	-1.19094
3771.311	15.96853	-0.02676	15.88399	-1.17416
3775.317	16.00273	-0.06970	15.73927	-1.18410
3779.308	16.17835	-0.17598	15.78248	-1.16473
3783.309	16.29708	-0.18293	15.76699	-1.18146
3787.305	16.05282	-0.13242	15.82779	-1.32510
3791.310	15.86564	-0.17678	15.78370	-1.32931
3795.305	15.83859	-0.13342	15.78246	-1.30804
3799.315	15.71805	-0.11965	15.91909	-1.32658
3803.308	15.95170	-0.07301	15.80657	-1.41669
3807.311	16.30833	-0.01839	15.90591	-1.43252
3811.309	16.19306	-0.03336	15.94880	-1.47423
3815.311	15.85607	-0.12442	16.06007	-1.49642
3819.306	15.98778	-0.10563	16.14474	-1.51546
3823.311	15.94706	-0.13022	16.21004	-1.56157
3827.315	15.92308	0.00225	16.11627	-1.58333
3831.308	15.93715	-0.02669	15.90835	-1.49930
3835.311	16.00129	0.00858	16.07443	-1.40647
3839.312	15.98707	-0.08270	16.08866	-1.33466
3843.307	16.09274	-0.13270	15.98753	-1.45117
3847.348	16.13578	-0.25348	16.35066	-1.54861
3851.307	16.17239	-0.91071	16.50551	-1.88439
3855.303	16.13434	-2.15153	16.87439	-3.09744
3859.311	16.20789	-2.31224	16.99109	-3.30248
3863.305	16.30920	-2.89262	17.14948	-3.91196
3867.305	16.29454	-3.08822	17.21592	-4.33940
3871.300	16.34188	-3.02410	17.16770	-4.16587
3875.309	16.43508	-2.89535	17.24770	-4.09719
3879.304	16.36683	-2.98073	17.09522	-4.00801
3883.308	16.48036	-2.90908	17.13307	-3.93920
3887.323	16.46028	-2.86894	17.19427	-3.97259
3891.309	16.52622	-2.72825	17.12874	-3.96543
3895.305	16.49442	-2.90905	17.09877	-3.93411
3899.303	16.42494	-2.87688	17.18811	-3.91902
3903.310	16.51317	-2.80200	17.04174	-3.99516
3907.304	16.52038	-2.71314	17.09481	-3.88637
3911.305	16.59925	-2.74266	17.13760	-3.86709
3915.304	16.57833	-2.81578	16.93950	-3.83185
3919.306	16.61589	-2.77620	16.86009	-3.75980
3923.306	16.68261	-2.74270	16.87357	-3.68575
3927.304	16.59622	-2.76069	16.83648	-3.67309
3931.303	16.73675	-2.70159	16.73575	-3.70892
3935.303	16.81287	-2.65430	16.80537	-3.72902
3939.299	16.80475	-2.77906	16.81055	-3.81769
3943.302	16.85523	-2.83040	16.75300	-3.81084
3947.302	16.84380	-2.88983	16.93714	-3.76655
3951.323	16.87655	-2.84275	16.96496	-3.75589
3955.312	16.78888	-2.81041	16.88155	-3.78132
3959.303	16.65129	-2.84761	16.92308	-3.73009
3963.303	16.68628	-2.68375	16.87819	-3.78664
3967.308	16.77216	-2.62210	16.81592	-3.76951
3971.302	16.94259	-2.55211	16.75443	-3.81396
3975.307	16.92490	-2.77457	16.86337	-3.90876
3979.304	16.83836	-2.79300	16.86732	-3.82192
3983.303	16.82963	-2.68112	16.81285	-3.85018
3987.305	16.73991	-2.66426	16.88469	-3.76461
3991.301	16.70506	-2.58970	16.79411	-3.77195
3995.303	16.61737	-2.55790	16.76990	-3.78435
3999.299	16.57659	-2.65413	16.72202	-3.70454
4003.301	16.88250	-2.55615	16.70725	-3.57865
4007.309	16.71214	-2.57685	16.70789	-3.69346
4011.317	16.77509	-2.60430	16.73538	-3.67759
4015.309	16.71255	-2.59136	16.76479	-3.72589
4019.303	16.67924	-2.48288	16.79129	-3.69853
4023.307	16.72831	-2.50236	16.79927	-3.71067
4027.300	16.63642	-2.47483	16.83995	-3.69720
4031.302	16.59303	-2.47080	16.83591	-3.68205
4035.301	16.58186	-2.44187	16.81922	-3.51330
4039.301	16.60221	-2.52005	16.85719	-3.59414
4043.337	16.58118	-2.56784	16.87266	-3.58246
4047.314	16.65077	-2.67677	16.94586	-3.62878
4051.308	16.98323	-2.67766	16.93205	-3.61881
4055.302	16.78253	-2.70201	16.92662	-3.61186
4059.302	16.74524	-2.70543	16.89327	-3.53735
4063.303	16.62648	-2.79541	16.82392	-3.52594
4067.297	16.49177	-2.86368	16.77441	-3.52409
4071.306	16.44640	-2.87592	16.78842	-3.51797
4075.317	16.54435	-2.86905	16.80810	-3.52202
4079.305	16.56982	-2.94671	16.84241	-3.51539
4083.305	16.38022	-2.93585	16.78408	-3.44955
4087.301	16.02321	-2.88032	16.57719	-3.42815
4091.311	14.20255	-2.74342	14.52788	-3.42624
4095.303	12.80374	-2.68954	13.14960	-3.28285
4099.302	11.66465	-2.54467	12.49318	-3.22021
4103.300	11.00175	-2.45314	11.09965	-2.91852
4107.301	9.69694	-2.46178	10.22522	-2.97339
4111.329	9.13170	-2.32780	9.83207	-2.94752
4115.308	8.98593	-2.30044	9.48287	-2.73699
4119.301	9.21805	-2.27133	9.44605	-2.41019
4123.300	9.36426	-2.18489	9.51232	-2.52915
4127.298	9.48316	-2.18091	9.59701	-2.43405
4131.306	9.38822	-2.09435	9.52072	-2.49645
4135.307	9.49723	-2.11533	9.65208	-2.43140
4139.301	9.34626	-2.06850	9.59559	-2.53983
4143.300	9.37784	-2.16769	9.52562	-2.43576
4147.303	9.39093	-2.09353	9.52024	-2.45076
4151.297	9.34730	-2.09575	9.44964	-2.46340
4155.299	9.39767	-2.08352	9.35440	-2.42593
4159.298	9.38098	-2.06027	9.42552	-2.41182
4163.299	9.35418	-1.99813	9.35645	-2.40320
4167.295	9.34819	-1.92763	9.37404	-2.43947
4171.302	9.36476	-1.86180	9.33819	-2.41329
4175.306	9.38134	-1.89071	9.31876	-2.55151
4179.347	9.37953	-2.01982	9.27718	-2.50288
4183.307	9.37296	-2.03193	9.26212	-2.44928
4187.295	9.31501	-2.02208	9.30945	-2.51389
4191.299	9.20881	-2.04881	9.30592	-2.45365
4195.302	9.14559	-1.97476	9.27573	-2.52275
4199.305	9.25598	-2.06473	9.34043	-2.53297
4203.305	9.21761	-2.14204	9.33299	-2.53663
4207.299	9.20651	-2.11347	9.31694	-2.55025
4211.300	9.19026	-2.21363	9.36196	-2.55986
4215.303	9.23287	-2.22771	9.35266	-2.57568
4219.310	9.18218	-2.19355	9.30230	-2.51274
4223.299	9.23502	-2.21337	9.34176	-2.49085
4227.304	9.16431	-2.12587	9.36851	-2.50539
4231.299	9.14675	-2.13886	9.33253	-2.46399
4235.302	9.16767	-2.17984	9.21055	-2.51876
4239.299	9.27298	-2.19313	9.24573	-2.58100
4243.299	9.21906	-2.10948	9.25579	-2.60613
4247.358	9.20006	-2.17144	9.20330	-2.59984
4251.298	9.12040	-2.13966	9.27334	-2.67350
4255.314	9.21237	-2.11187	9.24216	-2.60841
4259.334	9.19938	-2.07520	9.23548	-2.65724
4263.299	9.24977	-2.10334	9.28035	-2.71015
4267.303	9.13990	-2.09510	9.28743	-2.67728
4271.299	9.15935	-2.07519	9.30938	-2.74814
4275.298	9.12686	-2.09819	9.31721	-2.77458
4279.296	9.15089	-2.15609	9.34773	-2.76479
4283.298	9.17106	-2.07154	9.38305	-2.67082
4287.297	9.11680	-2.10805	9.36017	-2.70567
4291.297	9.12423	-2.01161	9.41262	-2.82160
4295.294	9.19706	-2.06257	9.40692	-2.76151
4299.300	9.20117	-2.06733	9.39530	-2.70304
4303.296	9.20591	-2.07230	9.36136	-2.81781
4307.297	9.14324	-2.08018	9.33838	-2.91546
4311.293	9.22001	-2.02604	9.31617	-2.87598
4315.295	9.27334	-1.97725	9.25932	-2.88368
4319.301	9.24281	-2.00388	9.26788	-2.89017
4323.299	9.23805	-1.92008	9.23343	-3.01152
4327.294	9.25589	-1.94063	9.22204	-2.80861
4331.296	9.30430	-1.90833	9.22731	-2.86158
4335.296	9.29766	-1.92977	9.16866	-2.87811
4339.306	9.22509	-1.95207	9.25519	-2.93274
4343.292	9.23345	-1.85145	9.24747	-2.92527
4347.300	9.05122	-1.84762	9.28538	-2.84188
4351.301	8.85705	-1.81665	8.91553	-2.76297
4355.293	6.05501	-1.72822	7.29470	-2.72353
4359.295	4.47124	-1.51289	5.68460	-2.60035
4363.299	3.93816	-1.68175	4.35627	-2.72736
4367.297	3.14506	-1.73210	3.94814	-2.70201
4371.297	2.60765	-1.65859	3.51236	-2.68602
4375.307	2.51722	-1.68368	2.55738	-2.69209
4379.302	2.13175	-1.67690	2.49595	-2.65424
4383.299	2.61025	-1.76131	2.78612	-2.66281
4387.299	2.44806	-1.71212	2.77767	-2.57156
4391.301	2.65793	-1.81523	2.95423	-2.53829
4395.298	2.80107	-1.66566	2.97317	-2.57226
4399.298	2.42401	-1.77240	2.66855	-2.58038
4403.295	2.49404	-1.75006	2.82174	-2.61721
4407.301	2.57724	-1.83057	2.69824	-2.52228
4411.296	2.34651	-1.84413	2.71503	-2.43340
4415.302	2.45346	-1.85413	2.67566	-2.47679
4419.292	2.49409	-1.80822	2.72746	-2.47532
4423.307	2.50838	-1.82501	2.68224	-2.45777
4427.297	2.47348	-1.76159	2.71476	-2.49698
4431.296	2.54137	-1.84781	2.70386	-2.48243
4435.291	2.54556	-1.72573	2.66704	-2.55539
4439.302	2.50427	-1.80178	2.66652	-2.56201
4443.295	2.51864	-1.73043	2.68341	-2.52360
4447.296	2.45247	-1.77147	2.61595	-2.52510
4451.475	2.56483	-1.74066	2.65951	-2.61288
4455.299	2.54762	-1.84507	2.64042	-2.63930
4459.297	2.49392	-1.75127	2.61744	-2.65109
4463.300	2.54925	-1.87379	2.58836	-2.62695
4467.302	2.55965	-1.76064	2.61409	-2.75284
4471.295	2.60339	-1.77836	2.57342	-2.70213
4475.328	2.61845	-1.81742	2.46025	-2.70963
4479.293	2.57308	-1.92748	2.50526	-2.72422
4483.299	2.56416	-1.91768	2.47380	-2.76104
4487.170	2.60094	-2.01868	2.50999	-2.78923
4491.174	2.58687	-1.93599	2.42592	-2.78346
4495.167	2.60052	-1.83443	2.48388	-2.80506
4499.173	2.62405	-1.85188	2.36631	-2.79034
4503.170	2.62004	-1.84172	2.37565	-2.73880
4507.169	2.58549	-1.86421	2.36693	-2.76961
4511.176	2.56476	-1.98986	2.40927	-2.71560
4515.173	2.55039	-1.85161	2.43858	-2.61813
4519.171	2.47762	-1.80926	2.52827	-2.60319
4523.169	2.52545	-1.77837	2.53602	-2.63922
4527.171	2.51215	-1.67235	2.56374	-2.62078
4531.167	2.52713	-1.57063	2.29409	-2.56855
4535.173	2.55599	-1.68812	2.58819	-2.59816
4539.169	2.37612	-1.69532	2.52297	-2.57632
4543.168	2.39185	-1.63668	2.58623	-2.56978
4547.170	2.42369	-1.72413	2.48814	-2.52379
4551.175	2.45324	-1.74912	2.61372	-2.57827
4555.168	2.37961	-1.62484	2.57508	-2.56128
4559.172	2.27000	-1.79725	2.52825	-2.61711
4563.168	2.30001	-1.78025	2.47717	-2.58801
4567.167	2.47415	-1.75142	2.45193	-2.58181
4571.162	2.39926	-1.74703	2.55200	-2.57966
4575.186	2.25454	-1.84800	2.52894	-2.57990
4579.175	2.32181	-1.85696	2.54754	-2.57555
4583.169	2.32107	-1.82373	2.50603	-2.60148
4587.167	2.29252	-1.83813	2.43045	-2.51304
4591.171	2.36294	-1.71848	2.49756	-2.46103
4595.173	2.30930	-1.73864	2.52381	-2.56069
4599.165	2.30821	-1.80589	2.54568	-2.59072
4603.167	2.34540	-1.70262	2.49865	-2.51948
4607.170	2.37897	-1.68346	2.48629	-2.52017
4611.167	2.32959	-1.71497	2.54222	-2.54472
4615.164	2.26785	-1.80951	2.51898	-2.45301
4619.173	2.28185	-1.75881	2.46696	-2.54415
4623.167	2.27689	-1.68576	2.41338	-2.66951
4627.163	2.25124	-1.61809	2.47420	-2.56606
4631.171	2.22800	-1.56968	2.45520	-2.64411
4635.172	2.27882	-1.61076	2.51812	-2.69893
4639.165	2.27127	-1.65783	2.53593	-2.74132
4643.166	2.24517	-1.63740	2.45728	-2.73690
4647.170	2.26103	-1.67762	2.43295	-2.76289
4651.167	2.22946	-1.60355	2.47549	-2.74271
4655.169	2.28859	-1.60482	2.47388	-2.69045
4659.171	2.27642	-1.52393	2.50013	-2.72109
4663.167	2.24151	-1.49736	2.50442	-2.76762
4667.168	2.32944	-1.52293	2.49726	-2.68349
4671.167	2.36336	-1.53205	2.41732	-2.63653
4675.176	2.37602	-1.54667	2.44747	-2.59743
4679.170	2.33849	-1.54423	2.48661	-2.44279
4683.168	2.24901	-1.53016	2.45572	-2.54741
4687.172	2.06518	-1.50702	2.39170	-2.54840
4691.181	2.07194	-1.47085	2.12803	-2.47548
4695.165	1.86818	-1.51784	2.04778	-2.56947
4699.165	1.92024	-1.54892	2.07048	-2.61156
4703.165	1.78183	-1.66528	1.99664	-2.53309
4707.171	1.63256	-1.67484	1.97059	-2.57546
4711.165	1.62135	-1.64668	1.84815	-2.58216
4715.165	1.52481	-1.69625	1.73296	-2.61712
4719.164	1.40852	-1.70366	1.63732	-2.61713
4723.167	1.39046	-1.71881	1.56035	-2.66222
4727.164	1.41095	-1.71369	1.62234	-2.64610
4731.170	1.44902	-1.69194	1.60799	-2.68444
4735.164	1.46015	-1.75182	1.62470	-2.73738
4739.165	1.39475	-1.80349	1.63747	-2.72113
4743.164	1.49498	-1.91944	1.67288	-2.74643
4747.164	1.50475	-1.91246	1.66343	-2.78498
4751.167	1.51516	-1.99031	1.63668	-2.82023
4755.164	1.56568	-2.10657	1.63926	-2.85942
4759.174	1.65480	-2.01965	1.70556	-2.80459
4763.170	1.71003	-2.06060	1.72131	-2.85554
4767.165	1.73933	-2.11811	1.77278	-2.87072
4771.165	1.77816	-2.13392	1.76497	-2.88889
4775.163	1.77414	-2.11897	1.75917	-2.88016
4779.165	1.78037	-2.06489	1.76311	-2.83860
4783.159	1.80045	-2.12293	1.77504	-2.81747
4787.163	1.78307	-2.05573	1.77514	-2.80134
4791.165	1.80090	-2.02379	1.78654	-2.78361
4795.161	1.80231	-1.93884	1.81193	-2.76680
4799.170	1.80000	-1.89012	1.82505	-2.75419
4803.169	1.71617	-1.80756	1.75483	-2.80717
4807.166	1.59901	-1.80114	1.73817	-2.78886
4811.159	1.56042	-1.80983	1.70445	-2.79082
4815.169	1.49860	-1.80408	1.66961	-2.75347
4819.164	1.41740	-1.77032	1.67243	-2.69186
4823.168	1.44398	-1.85452	1.66118	-2.65093
4827.170	1.44443	-1.83159	1.65101	-2.62254
4831.164	1.43488	-1.83366	1.64176	-2.64771
4835.169	1.43912	-1.80968	1.57429	-2.61694
4839.160	1.44185	-1.85415	1.55459	-2.71521
4843.171	1.39904	-1.86962	1.56010	-2.78039
4847.163	1.35541	-1.90618	1.60680	-2.70124
4851.167	1.41387	-1.89619	1.65381	-2.85251
4855.165	1.43835	-1.93205	1.69076	-2.83549
4859.162	1.52709	-1.95988	1.71127	-2.86110
4863.170	1.56300	-1.96528	1.76708	-2.80098
4867.165	1.56642	-1.98997	1.80390	-2.83586
4871.166	1.52285	-2.00447	1.74762	-2.81556
4875.162	1.53032	-1.97777	1.73011	-2.90260
4879.169	1.54088	-2.00324	1.71935	-2.90997
4883.164	1.54552	-1.93257	1.73733	-2.86020
4887.170	1.55075	-1.90987	1.71251	-2.81727
4891.162	1.63055	-1.88198	1.69237	-2.78600
4895.164	1.67499	-1.87675	1.65666	-2.75917
4899.198	1.70373	-1.78320	1.64253	-2.72873
4903.165	1.63893	-1.72968	1.57575	-2.69895
4907.161	1.60714	-1.73338	1.49381	-2.72253
4911.162	1.58133	-1.69608	1.43783	-2.74438
4915.161	1.52178	-1.71161	1.42883	-2.73354
4919.156	1.52037	-1.73261	1.41621	-2.72827
4923.165	1.50083	-1.72727	1.40576	-2.70908
4927.170	1.51330	-1.73225	1.39150	-2.67092
4931.166	1.53463	-1.72260	1.39726	-2.61653
4935.180	1.48716	-1.66533	1.36943	-2.60329
4939.165	1.54272	-1.71160	1.34733	-2.58227
4943.163	1.48213	-1.74838	1.33912	-2.59824
4947.163	1.50557	-1.74558	1.35112	-2.58921
4951.173	1.52662	-1.71603	1.38756	-2.58230
4955.166	1.58797	-1.72062	1.44850	-2.58298
4959.163	1.62418	-1.75116	1.47578	-2.61857
4963.157	1.67851	-1.73702	1.50356	-2.59709
4967.168	1.73477	-1.74223	1.53758	-2.59361
4971.161	1.74214	-1.74277	1.53277	-2.61181
4975.168	1.77965	-1.73028	1.55869	-2.66033
4979.166	1.85413	-1.75646	1.56248	-2.67067
4983.163	1.88997	-1.75491	1.59869	-2.68165
4987.157	1.90767	-1.77434	1.66514	-2.67549
4991.159	1.87926	-1.83126	1.69118	-2.67744
4995.159	1.86161	-1.84026	1.71796	-2.69569
4999.158	1.85599	-1.85593	1.69284	-2.73832
5003.159	1.88132	-1.85443	1.68687	-2.74178
5007.159	1.84414	-1.82676	1.66728	-2.76081
5011.164	1.83347	-1.80010	1.66175	-2.76424
5015.177	1.82857	-1.73941	1.64005	-2.76110
5019.159	1.82881	-1.68450	1.61042	-2.75839
5023.161	1.77184	-1.62770	1.62552	-2.75371
5027.160	1.77910	-1.54405	1.64025	-2.75183
5031.160	1.71392	-1.54212	1.59960	-2.75582
5035.164	1.66465	-1.55653	1.59886	-2.75243
5039.165	1.64243	-1.61502	1.57684	-2.74096
5043.211	1.62574	-1.56403	1.58921	-2.69933
5047.173	1.56216	-1.53881	1.62413	-2.67344
5051.167	1.56585	-1.51823	1.61853	-2.68294
5055.165	1.54872	-1.47766	1.61238	-2.71244
5059.160	1.52156	-1.52737	1.61756	-2.66066
5063.164	1.52521	-1.52504	1.65537	-2.63069
5067.163	1.52221	-1.53904	1.63965	-2.62298
5071.163	1.49468	-1.54139	1.62807	-2.58509
5075.173	1.50574	-1.56027	1.61577	-2.54167
5079.168	1.53622	-1.53712	1.60818	-2.52287
5083.165	1.56677	-1.50259	1.59911	-2.49124
5087.159	1.57426	-1.49397	1.61300	-2.52110
5091.197	1.58535	-1.50248	1.57069	-2.54654
5095.164	1.60196	-1.50408	1.58505	-2.50864
5099.160	1.56451	-1.52886	1.57907	-2.50696
5103.156	1.54728	-1.51775	1.59065	-2.55611
5107.162	1.52957	-1.57359	1.56789	-2.58926
5111.159	1.53528	-1.58756	1.57565	-2.63508
5115.162	1.51524	-1.63788	1.54609	-2.63063
5119.155	1.50373	-1.64094	1.56568	-2.71210
5123.162	1.49626	-1.68282	1.55521	-2.75291
5127.160	1.53652	-1.69041	1.54497	-2.79988
5131.161	1.48682	-1.73765	1.54666	-2.82273
5135.165	1.44071	-1.76385	1.52875	-2.80784
5139.156	1.42930	-1.73695	1.50373	-2.82061
5143.162	1.40661	-1.77884	1.49897	-2.82279
5147.158	1.46958	-1.77144	1.43419	-2.79098
5151.156	1.42789	-1.76676	1.48758	-2.79892
5155.163	1.39929	-1.76331	1.47590	-2.81687
5159.157	1.41090	-1.75354	1.49597	-2.85107
5163.158	1.43781	-1.76539	1.50685	-2.90752
5167.157	1.46130	-1.84084	1.48969	-2.91389
5171.163	1.45103	-1.84955	1.48538	-2.90230
5175.166	1.45475	-1.85672	1.43677	-2.90588
5179.169	1.49783	-1.84629	1.43210	-2.91719
5183.156	1.49386	-1.82495	1.36752	-2.95228
5187.158	1.50294	-1.78636	1.34395	-2.93558
5191.156	1.51305	-1.77404	1.36970	-2.98872
5195.157	1.52771	-1.72260	1.34931	-2.99365
5199.160	1.52930	-1.73645	1.35812	-2.99864
5203.161	1.52139	-1.74308	1.35179	-2.98512
5207.160	1.49904	-1.71129	1.32084	-2.94988
5211.153	1.51792	-1.67727	1.33780	-2.94082
5215.157	1.49190	-1.62425	1.34638	-2.94284
5219.174	1.54693	-1.57385	1.38074	-2.94740
5223.168	1.58805	-1.54108	1.45877	-2.97359
5227.153	1.62455	-1.53757	1.48523	-2.96374
5231.156	1.70472	-1.54461	1.51305	-2.98462
5235.156	1.77367	-1.54555	1.51318	-2.97371
5239.158	1.85080	-1.54302	1.49780	-2.96913
5243.152	1.89565	-1.52253	1.44607	-2.97963
5247.156	1.94347	-1.53651	1.42379	-2.96893
5251.158	1.95453	-1.56164	1.49359	-2.97181
5255.171	1.88854	-1.57344	1.53022	-2.95154
5259.176	1.92614	-1.57829	1.52441	-2.94447
5263.161	1.87205	-1.64376	1.43471	-2.92543
5267.158	1.86303	-1.69682	1.40646	-2.90508
5271.161	1.79334	-1.71587	1.37459	-2.89721
5275.157	1.74861	-1.74142	1.41291	-2.90765
5279.161	1.71746	-1.77594	1.41717	-2.91319
5283.156	1.73594	-1.79290	1.37593	-2.88440
5287.161	1.73792	-1.81391	1.38275	-2.86801
5291.159	1.75570	-1.82338	1.36975	-2.86726
5295.161	1.76053	-1.80290	1.29953	-2.89757
5299.153	1.81277	-1.85282	1.29928	-2.91460
5303.166	1.82341	-1.88774	1.24176	-2.91659
5307.158	1.85504	-1.87367	1.27931	-2.91734
5311.160	1.74385	-1.82212	1.29328	-2.99357
5315.155	1.75617	-1.75933	1.31712	-3.03660
5319.191	1.75148	-1.72286	1.29774	-3.07088
5323.202	1.71806	-1.65186	1.33378	-3.02535
5327.155	1.71749	-1.72058	1.38406	-3.04625
5331.155	1.53924	-1.61600	1.38590	-3.09150
5335.153	1.62262	-1.67979	1.43627	-3.05804
5339.034	1.56032	-1.69913	1.52541	-3.09403
5343.029	1.45996	-1.64256	1.55953	-3.06674
5347.033	1.44185	-1.67976	1.61250	-3.09688
5351.033	1.38349	-1.66133	1.60489	-3.09171
5355.033	1.39879	-1.67828	1.59060	-3.08217
5359.027	1.45071	-1.69958	1.54269	-3.03858
5363.035	1.42454	-1.69509	1.42372	-3.00785
5367.031	1.45028	-1.70688	1.49391	-2.97064
5371.030	1.39401	-1.67493	1.35231	-2.93495
5375.027	1.48094	-1.69958	1.36278	-2.94767
5379.032	1.44522	-1.69706	1.41779	-2.87263
5383.031	1.41355	-1.68772	1.43424	-2.84225
5387.030	1.43317	-1.65331	1.38671	-2.87232
5391.039	1.47278	-1.62729	1.32907	-2.84233
5395.031	1.46591	-1.62002	1.27398	-2.89245
5399.033	1.46400	-1.62206	1.20351	-2.88831
5403.031	1.42193	-1.59285	1.20050	-2.92050
5407.032	1.38262	-1.60300	1.21504	-2.90954
5411.025	1.34547	-1.61512	1.20016	-2.93217
5415.034	1.33512	-1.61008	1.21018	-2.95456
5419.032	1.28202	-1.56760	1.24039	-2.96853
5423.032	1.22350	-1.56579	1.29114	-2.99865
5427.027	1.19242	-1.57237	1.27897	-3.01994
5431.039	1.18527	-1.61668	1.32934	-2.99050
5435.029	1.15337	-1.56491	1.38126	-2.97471
5439.033	1.16520	-1.54132	1.44066	-2.95974
5443.023	1.14960	-1.55911	1.45576	-2.92221
5447.032	1.23665	-1.59212	1.52436	-2.88733
5451.028	1.30590	-1.58496	1.55016	-2.86772
5455.033	1.33728	-1.63535	1.58021	-2.82387
5459.029	1.41072	-1.64660	1.62227	-2.77497
5463.029	1.36886	-1.68026	1.60717	-2.78233
5467.025	1.42236	-1.66533	1.59016	-2.78525
5471.032	1.49284	-1.72241	1.54988	-2.81442
5475.037	1.52231	-1.70300	1.50254	-2.88379
5479.029	1.52796	-1.72618	1.48813	-2.92692
5483.026	1.51586	-1.74783	1.44324	-2.94324
5487.030	1.51082	-1.77488	1.41323	-2.99129
5491.027	1.51792	-1.82066	1.39688	-2.95851
5495.027	1.54792	-1.84972	1.35779	-2.99924
5499.028	1.53701	-1.79787	1.36385	-3.06049
5503.034	1.53991	-1.78995	1.35075	-3.13036
5507.028	1.49130	-1.82106	1.33564	-3.14187
5511.031	1.48957	-1.82381	1.30481	-3.15058
5515.049	1.45678	-1.78989	1.28239	-3.07399
5519.033	1.47543	-1.68728	1.29494	-3.00531
5523.028	1.48436	-1.71802	1.24076	-2.97604
5527.026	1.48751	-1.78823	1.23087	-2.97302
5531.065	1.51422	-1.74718	1.18820	-2.95315
5535.026	1.50006	-1.76134	1.14486	-2.95582
5539.026	1.54086	-1.74629	1.17773	-2.91265
5543.029	1.54215	-1.76230	1.13903	-2.87098
5547.028	1.48424	-1.79064	1.11531	-2.82806
5551.027	1.51586	-1.75128	1.11961	-2.77266
5555.028	1.49808	-1.70312	1.18046	-2.72811
5559.025	1.31079	-1.63212	1.07135	-2.68369
5563.026	0.95633	-1.51116	0.91964	-2.52775
5567.027	0.24711	-1.55871	0.70347	-2.57709
5571.030	0.25986	-1.35528	0.36335	-2.52314
5575.028	0.03385	-1.17075	0.23085	-2.31285
5579.027	0.08952	-1.12170	-0.21921	-2.27720
5583.030	-0.16005	-0.99923	-0.39571	-2.13971
5587.023	-0.22299	-0.84759	-0.74012	-1.87816
5591.025	-0.53448	-0.65994	-0.87004	-1.73752
5595.027	-1.19519	-0.52682	-0.96425	-1.81457
5599.034	-1.78195	-0.42185	-1.24101	-1.32362
5603.031	-1.33177	-0.24614	-1.50552	-0.88512
5607.023	-1.62931	0.17107	-1.41149	-1.23451
5611.032	-1.75909	0.10422	-1.43372	-1.18017
5615.025	-1.64927	0.44913	-1.55998	-0.97910
5619.026	-1.68947	0.50719	-1.59038	-0.95763
5623.024	-1.72309	0.46071	-1.71057	-0.69104
5627.027	-1.81024	0.47621	-1.69128	-0.77804
5631.025	-1.80799	0.41755	-1.67615	-0.76123
5635.044	-1.84411	0.57082	-1.62001	-0.76567
5639.038	-1.85222	0.44895	-1.72396	-0.69915
5643.023	-1.81761	0.49463	-1.68017	-0.63971
5647.030	-1.85569	0.57208	-1.65456	-0.69327
5651.026	-1.84027	0.48435	-1.62988	-0.69539
5655.024	-1.85207	0.30980	-1.62919	-0.71267
5659.024	-1.79334	0.38157	-1.62978	-0.67184
5663.023	-1.78461	0.40280	-1.61642	-0.62642
5667.024	-1.75570	0.47401	-1.53639	-0.65469
5671.020	-1.76304	0.48037	-1.52769	-0.62970
5675.261	-1.79366	0.50646	-1.55353	-0.55516
5679.032	-1.77888	0.41097	-1.60955	-0.53880
5683.026	-1.71880	0.50611	-1.62125	-0.60106
5687.029	-1.73222	0.42010	-1.63087	-0.54572
5691.026	-1.72227	0.34437	-1.56161	-0.51303
5695.025	-1.69691	0.43968	-1.68897	-0.62598
5699.028	-1.65265	0.55968	-1.62180	-0.62205
5703.025	-1.68384	0.56118	-1.63182	-0.52240
5707.018	-1.72647	0.51358	-1.64771	-0.54453
5711.029	-1.81012	0.51401	-1.75158	-0.52373
5715.024	-1.87089	0.55236	-1.73348	-0.47663
5719.024	-1.79329	0.50497	-1.62460	-0.61201
5723.028	-1.82514	0.44894	-1.71193	-0.62115
5727.029	-1.87118	0.57056	-1.66534	-0.52974
5731.023	-1.85428	0.45770	-1.74400	-0.59221
5735.029	-1.79177	0.50043	-1.55648	-0.57731
5739.020	-1.78446	0.57973	-1.66026	-0.53978
5743.025	-1.81835	0.64227	-1.69894	-0.54143
5747.027	-1.88365	0.58757	-1.66673	-0.54522
5751.054	-1.86563	0.52996	-1.66683	-0.51608
5755.023	-1.90976	0.64954	-1.72086	-0.57436
5759.022	-1.90237	0.60097	-1.66306	-0.58049
5763.042	-1.91789	0.51162	-1.66398	-0.57092
5767.030	-1.94488	0.58208	-1.68850	-0.54630
5771.026	-1.90934	0.58965	-1.72453	-0.60063
5775.019	-1.92114	0.65689	-1.64228	-0.55712
5779.029	-2.02098	0.67257	-1.67243	-0.52815
5783.034	-2.05620	0.71642	-1.72322	-0.48060
5787.023	-2.06912	0.85382	-1.68161	-0.45905
5791.017	-2.02867	0.63586	-1.52198	-0.50062
5795.021	-2.00611	0.59232	-1.58168	-0.54879
5799.025	-1.99154	0.50722	-1.61433	-0.48512
5803.026	-1.92753	0.58152	-1.63598	-0.47774
5807.022	-1.89565	0.64279	-1.61766	-0.35202
5811.300	-1.85212	0.69359	-1.74496	-0.37067
5815.021	-1.88358	0.63237	-1.56432	-0.32403
5819.022	-1.88569	0.59455	-1.68687	-0.31316
5823.023	-1.86910	0.57757	-1.71932	-0.35163
5827.022	-1.91417	0.59272	-1.66929	-0.44209
5831.026	-1.93752	0.53662	-1.54835	-0.42180
5835.021	-1.93475	0.58561	-1.61004	-0.41362
5839.026	-2.01684	0.58958	-1.64335	-0.37715
5843.017	-1.98497	0.62557	-1.70874	-0.37629
5847.030	-2.04037	0.65808	-1.71828	-0.37025
5851.023	-2.03432	0.72570	-1.71382	-0.42179
5855.020	-2.05115	0.71330	-1.68255	-0.46439
5859.020	-2.06458	0.81407	-1.70655	-0.42763
5863.020	-2.09405	0.82257	-1.74340	-0.43813
5867.021	-2.11641	0.84334	-1.69569	-0.39865
5871.021	-2.14491	0.87885	-1.71387	-0.37569
5875.021	-2.11281	0.88247	-1.69706	-0.33832
5879.021	-2.11157	0.96055	-1.71717	-0.32374
5883.023	-2.12617	0.97548	-1.69614	-0.29987
5887.025	-2.18642	0.97889	-1.65277	-0.29131
5891.028	-2.21903	0.99794	-1.67375	-0.24674
5895.026	-2.24369	0.98571	-1.69572	-0.24617
5899.023	-2.24448	0.97354	-1.70073	-0.28415
5903.024	-2.30055	0.93615	-1.70970	-0.34289
5907.016	-2.29305	0.88383	-1.70040	-0.35049
5911.026	-2.29711	0.91235	-1.74533	-0.29211
5915.022	-2.32840	0.87924	-1.83957	-0.28030
5919.021	-2.37030	0.87447	-1.86908	-0.23341
5923.020	-2.37563	0.85031	-1.86937	-0.20765
5927.026	-2.26111	0.81764	-1.92309	-0.15686
5931.028	-2.22017	0.83407	-1.97753	-0.22897
5935.023	-2.08201	0.79316	-1.92009	-0.21013
5939.020	-2.08245	0.76532	-1.88112	-0.22970
5943.020	-1.78949	0.76330	-1.38803	-0.16274
5947.025	-0.71766	0.82971	0.07277	-0.08141
5951.024	0.44616	0.89082	1.25828	-0.05726
5955.021	1.54438	1.03115	2.75064	-0.09104
5959.046	3.26376	1.25587	3.72526	-0.07479
5963.025	3.70685	1.05862	5.08805	-0.07356
5967.020	4.60920	1.18826	6.30664	-0.08687
5971.020	5.83589	1.20215	6.79342	-0.10886
5975.022	6.57546	1.19634	7.11024	-0.01413
5979.022	6.97641	1.33898	7.48556	-0.02141
5983.020	6.80807	1.32108	7.57873	0.13757
5987.019	6.77462	1.39817	6.90821	0.06527
5991.017	6.67184	1.42125	6.92462	0.06372
5995.018	6.64530	1.44780	7.02071	0.14144
5999.015	6.58058	1.44616	6.95113	0.11541
6003.024	6.63619	1.40157	7.21088	0.12543
6007.021	6.64755	1.43938	7.16007	0.20429
6011.017	6.66058	1.44642	7.17453	0.27149
6015.054	6.72780	1.42094	7.04741	0.32575
6019.024	6.67155	1.42071	7.08598	0.21907
6023.016	6.61009	1.40947	7.26771	0.19712
6027.019	6.61670	1.41507	7.09404	0.16166
6031.020	6.63881	1.42875	7.33701	0.16850
6035.022	6.62846	1.39649	7.34179	0.18100
6039.013	6.62397	1.39798	7.05809	0.22103
6043.028	6.66082	1.45498	7.04814	0.24094
6047.022	6.66827	1.47824	7.21454	0.23563
6051.036	6.65585	1.47209	7.08708	0.21604
6055.029	6.63752	1.45547	7.28871	0.17744
6059.019	6.61974	1.44304	7.27790	0.20658
6063.023	6.79232	1.47254	7.07561	0.22793
6067.018	6.77105	1.52510	6.95861	0.25764
6071.018	6.68967	1.45844	7.02137	0.31164
6075.032	6.72957	1.42173	7.17311	0.28895
6079.024	6.65301	1.44990	7.19813	0.29650
6083.020	6.74136	1.44564	7.12689	0.33462
6087.018	6.79689	1.47639	6.98529	0.34150
6091.024	6.85840	1.41846	6.96032	0.35943
6095.022	6.80184	1.48146	6.92709	0.36365
6099.021	6.98189	1.51301	7.06806	0.35634
6103.012	6.87438	1.51141	7.02682	0.31464
6107.016	6.88825	1.47532	7.14299	0.35115
6111.021	6.88805	1.46822	6.93814	0.32373
6115.021	6.84316	1.45857	6.89903	0.37593
6119.013	6.90459	1.46842	6.85177	0.37478
6123.022	6.91520	1.43370	6.98663	0.35482
6127.019	6.78392	1.47836	6.95254	0.32949
6131.018	6.84578	1.42365	7.02956	0.34167
6135.016	6.84933	1.45740	6.94677	0.38724
6139.023	6.91527	1.43870	7.09123	0.50057
6143.019	6.82356	1.40673	6.94839	0.41050
6147.017	6.77181	1.49792	7.06510	0.44314
6151.052	6.85466	1.45294	7.03010	0.47792
6155.048	6.84994	1.43999	6.99135	0.48827
6159.018	6.85490	1.49961	6.96822	0.43877
6163.016	6.91738	1.49431	6.98348	0.31225
6167.015	6.90378	1.50648	7.10866	0.40513
6171.021	6.95868	1.51994	7.20128	0.37699
6175.015	6.95250	1.54505	7.12417	0.41076
6179.024	7.00406	1.50067	7.06009	0.47286
6183.012	7.00223	1.43955	7.03408	0.53496
6187.020	7.00648	1.47084	7.10208	0.56557
6191.015	7.02081	1.39253	7.13287	0.46549
6194.894	6.97800	1.39944	7.07774	0.52300
6198.892	6.98582	1.42764	7.16488	0.43873
6202.896	7.00900	1.38064	7.29382	0.43735
6206.891	6.98101	1.35230	7.08016	0.43750
6210.886	6.98467	1.33715	6.96773	0.46129
6214.894	6.95093	1.31898	6.76393	0.42692
6218.935	6.93653	1.29572	6.67006	0.39032
6222.899	6.92806	1.29570	6.77156	0.44078
6226.894	6.94178	1.33400	6.73972	0.38010
6230.895	6.95533	1.33568	6.70631	0.37077
6234.885	7.01756	1.36523	6.68565	0.37689
6238.894	7.08478	1.36760	6.69233	0.37335
6242.890	7.15518	1.38442	6.65108	0.41699
6246.894	7.12627	1.35488	6.64773	0.42630
6250.891	6.95763	1.34867	6.66095	0.43680
6254.889	6.30710	1.37970	6.59603	0.48141
6258.893	3.91136	1.49225	6.26157	0.49403
6262.905	2.72380	1.82490	3.46946	0.58763
6266.899	1.81733	1.92873	3.31264	0.57291
6270.894	1.18411	1.84000	1.36769	0.69418
6274.886	0.18368	1.87238	1.15932	0.68032
6278.893	-0.63898	2.04958	-0.24289	0.79335
6282.888	-1.34065	2.16614	-0.58002	0.86320
6286.892	-1.37332	2.16428	-0.51994	0.89930
6290.895	-0.79895	2.21939	0.21135	0.97130
6294.891	-0.61402	2.21752	-0.16685	1.02864
6298.889	-0.89910	2.20681	0.08503	1.04377
6302.884	-1.17838	2.17521	0.02978	1.11819
6306.888	-1.04446	2.13911	-0.06544	1.18446
6310.893	-1.05597	2.10900	0.13672	1.22443
6314.890	-1.10427	2.12515	-0.11195	1.20356
6318.888	-0.94852	2.18522	-0.08212	1.25873
6322.905	-1.06247	2.26160	-0.08021	1.26357
6326.895	-1.03295	2.28650	-0.09294	1.29730
6330.888	-0.91564	2.34234	-0.13915	1.30428
6334.889	-0.88101	2.34224	-0.17097	1.28783
6338.891	-0.94316	2.39151	-0.12054	1.31766
6342.892	-0.96571	2.44660	-0.20440	1.32494
6346.888	-0.89495	2.43990	-0.30548	1.32838
6350.895	-0.95224	2.43272	-0.44314	1.32227
6354.893	-0.90547	2.40173	-0.45572	1.24230
6358.891	-0.93810	2.27208	-0.42517	1.28614
6362.891	-1.01650	2.13205	-0.42857	1.30511
6366.888	-0.99668	2.16673	-0.36305	1.34533
6370.889	-1.02040	2.19594	-0.42849	1.30586
6374.923	-1.02970	2.30865	-0.31191	1.32075
6378.892	-1.02414	2.21829	-0.49210	1.30937
6382.885	-1.07277	2.17707	-0.60379	1.35728
6386.898	-1.09706	2.17152	-0.55848	1.30278
6390.894	-1.18500	2.14923	-0.46897	1.25690
6394.893	-1.15709	2.12444	-0.44567	1.33010
6398.887	-1.17284	2.17638	-0.44500	1.28966
6402.889	-1.19765	2.17591	-0.29704	1.33116
6406.895	-1.14035	2.31207	-0.50676	1.25342
6410.888	-1.16017	2.25473	-0.56302	1.27976
6414.887	-1.15461	2.13511	-0.53158	1.27532
6418.888	-1.16907	2.17134	-0.46272	1.29309
6422.906	-1.20408	2.14549	-0.50813	1.20486
6426.890	-1.19859	2.11949	-0.46244	1.21565
6430.891	-1.19656	2.13272	-0.46272	1.21128
6434.892	-1.17190	2.14680	-0.48498	1.25973
6438.888	-1.14712	2.03959	-0.41686	1.19583
6442.885	-1.15979	2.00869	-0.48507	1.16093
6446.886	-1.10728	2.03567	-0.51011	1.11808
6450.886	-1.14945	1.98237	-0.47718	1.14434
6454.891	-1.07294	2.02977	-0.54121	1.12108
6458.886	-1.11782	2.00666	-0.50190	1.04361
6462.890	-1.16610	2.02126	-0.53548	1.06872
6466.882	-1.17210	2.04873	-0.53808	1.12277
6470.885	-1.10130	2.07238	-0.54848	1.16390
6474.894	-1.15870	2.09367	-0.55404	1.11201
6478.891	-1.16399	1.98290	-0.51064	1.15238
6482.886	-1.20470	1.94466	-0.53287	1.14122
6486.893	-1.14647	1.99924	-0.54518	1.20781
6490.905	-1.20767	1.97754	-0.57104	1.17986
6494.888	-1.20953	2.07041	-0.55649	1.13481
6498.889	-1.24880	1.97121	-0.51019	1.11865
6502.884	-1.28442	2.01289	-0.55466	1.19094
6506.887	-1.30114	2.02116	-0.53821	1.16012
6510.885	-1.27639	2.03585	-0.53386	1.07190
6514.887	-1.23707	1.99295	-0.49495	1.07771
6518.890	-1.27125	1.99024	-0.51423	1.08822
6522.885	-1.21497	2.07311	-0.54232	1.10225
6526.886	-1.21792	2.12166	-0.51140	1.08258
6530.885	-1.20254	2.07545	-0.58086	1.10087
6534.885	-1.10008	2.06761	-0.55228	1.17554
6538.888	-1.06986	2.04848	-0.53098	1.00701
6542.886	-1.02278	2.11337	-0.53203	1.03662
6546.884	-1.02315	2.05417	-0.56530	1.19320
6550.888	-1.02518	2.10312	-0.46351	1.16433
6554.885	-1.09132	2.04660	-0.61032	1.13177
6558.894	-1.04764	2.08891	-0.63938	1.20970
6562.890	-1.15456	2.09385	-0.56910	1.15217
6566.888	-1.15409	1.87873	-0.61327	1.13487
6570.887	-1.23918	1.90627	-0.59595	1.09031
6574.883	-1.19261	1.98020	-0.51131	1.23091
6578.887	-1.26341	2.03204	-0.66513	1.10453
6582.886	-1.40770	2.07139	-0.61337	1.10372
6586.884	-1.37434	1.98470	-0.56600	1.16282
6590.921	-1.36499	2.07711	-0.46190	1.12695
6594.886	-1.35606	2.04000	-0.66201	1.16253
6598.883	-1.30508	2.15456	-0.56960	1.20805
6602.891	-1.33552	2.01716	-0.54500	1.12994
6606.888	-1.23913	1.96096	-0.42035	1.04832
6610.883	-1.06327	1.35292	-0.23202	0.48559
6614.883	-0.60816	0.63903	0.45582	-0.32618
6618.878	0.05249	-0.21929	1.80824	-0.71377
6622.897	0.39546	-0.40095	2.31378	-1.01043
6626.899	0.61414	-0.91454	2.30494	-1.21016
6630.884	0.83183	-0.70635	2.30657	-1.54861
6634.887	0.74337	-0.80295	2.03717	-1.71952
6638.892	0.63794	-0.58348	2.06976	-1.27883
6642.885	0.83756	-0.65515	1.99511	-1.24759
6646.888	0.82483	-0.74220	1.87552	-1.30115
6650.887	0.73714	-0.65596	1.41244	-1.39538
6654.878	0.88513	-0.72704	1.80295	-1.37324
6658.882	0.90039	-0.68602	1.95748	-1.40913
6662.881	0.99916	-0.70828	1.81129	-1.49667
6666.882	1.01494	-0.74318	1.80020	-1.50847
6670.877	1.01913	-0.68117	1.72123	-1.57090
6674.887	0.99107	-0.66650	1.68625	-1.67028
6678.884	1.01824	-0.66985	1.61458	-1.71025
6682.887	1.11082	-0.65686	1.64469	-1.64458
6686.886	1.11611	-0.65452	1.59209	-1.60707
6690.883	1.19902	-0.62407	1.61039	-1.64501
6694.883	1.23625	-0.59470	1.62510	-1.65976
6698.887	1.19522	-0.62783	1.65924	-1.60392
6702.882	1.23957	-0.64342	1.67933	-1.63775
6706.882	1.17081	-0.64055	1.67578	-1.58318
6710.887	1.21276	-0.64909	1.59197	-1.66885
6714.883	1.18259	-0.68163	1.53146	-1.58438
6718.882	1.20321	-0.68588	1.60203	-1.60240
6722.881	1.19777	-0.68846	1.73363	-1.47831
6726.891	1.18659	-0.73323	1.68000	-1.46495
6730.886	1.19425	-0.71643	1.64417	-1.48183
6734.878	1.15084	-0.71687	1.64030	-1.56151
6738.888	1.10755	-0.76539	1.65342	-1.66527
6742.881	1.15315	-0.75812	1.65198	-1.69756
6746.887	1.13241	-0.77278	1.58760	-1.68878
6750.884	1.17138	-0.83279	1.63211	-1.67157
6754.903	1.14600	-0.80023	1.64317	-1.67253
