time (ms)	lx (deg)	ly (deg)	rx (deg)	ry (deg)
0.000	0.33531	-0.94429	-0.68851	0.20146
3.997	0.29488	-0.44995	-0.58865	0.21024
7.991	0.36859	0.00589	-1.73098	1.48341
11.998	0.69732	1.62972	-1.78731	1.94561
15.997	-0.38214	0.52938	-2.86378	0.52864
19.993	-0.15382	0.34043	-2.17009	1.75537
24.003	-0.95954	-1.25143	-1.89035	1.43580
27.997	-0.14292	1.82467	-1.81074	1.64610
31.994	2.33150	-0.02632	-2.16597	2.11649
35.991	-0.19601	0.47490	-4.21442	2.29918
40.000	-1.35941	-0.10183	-2.34689	0.21275
43.996	-1.19130	-0.26742	-2.24753	1.56358
47.997	-1.38255	-0.40266	-2.59175	2.01979
51.989	-1.64030	-0.60612	-2.29974	1.76641
55.999	-1.48654	-1.40067	-2.69693	2.66915
60.011	-1.71543	-1.29732	-2.15537	0.82840
64.026	-0.10463	-1.91858	-2.11594	0.46458
67.997	-0.84488	-0.89219	-2.66335	-0.36409
71.991	-0.34593	-1.10772	-4.03739	-0.19758
75.997	3.65032	-1.24376	-2.67841	-0.97429
79.994	3.20941	-2.01076	-2.96020	-1.94671
83.996	2.98646	-1.13104	-1.73120	-1.01588
87.990	1.37709	-1.08574	-2.63304	-0.92093
91.997	-1.03903	-1.33034	-2.13155	-0.09039
95.995	-3.87065	-1.62612	-2.64614	-0.37467
99.994	2.45832	-1.37377	-2.29607	0.15397
103.989	0.17424	-1.40103	-2.56285	-0.27935
108.000	0.75546	-1.62717	-2.34775	-0.38334
111.994	0.46892	-1.73800	-2.40335	-0.33087
115.994	0.48393	-0.37841	-3.01450	0.26303
119.989	2.83249	-0.28760	-3.51194	-0.59050
123.992	1.49631	-1.57728	-2.15081	-0.63882
127.995	1.23977	-0.34860	-4.92935	-1.12136
132.021	-2.62506	0.23912	-2.12357	-1.25878
135.998	-2.46191	-1.82178	-2.30402	0.12921
139.996	-1.33252	-0.10521	-2.63425	0.77830
143.988	0.61868	-0.46198	-2.29022	-0.90322
148.000	0.26800	-1.66759	-2.95515	1.19616
151.991	-1.13109	-2.31066	-2.35338	0.83566
155.994	-1.99657	-1.66602	-2.43112	1.35432
159.997	1.14384	-2.41497	-3.94199	-0.78219
163.990	-1.62433	-1.88605	-4.89828	-1.03001
167.993	-1.64412	-2.25632	-2.56320	0.08060
171.988	-2.46387	-1.31303	-2.33650	-0.66187
175.995	-0.87083	-0.51483	-1.92872	0.05888
179.992	-0.91875	-1.32684	-2.50496	1.12891
183.994	-0.76744	-2.07548	-2.04805	1.81133
187.995	-0.13910	-1.17445	-2.03077	1.52698
191.995	3.92067	-1.55644	-2.26532	1.95528
195.992	1.94565	-0.82935	-2.36064	-2.44805
199.996	0.19891	-2.82007	-2.20917	0.27378
203.987	-0.46351	-1.75514	-1.89535	0.60822
207.996	-1.71776	-1.70795	-1.36811	0.67013
211.992	-0.41413	-1.73164	-0.56491	1.48190
215.993	-2.38006	-1.72374	-0.16767	0.58341
219.987	2.87294	-0.86811	-0.03045	1.29454
223.993	-0.25860	-1.89846	-1.91248	0.02387
227.987	3.34492	-2.61315	-2.87990	-0.03678
232.001	0.12049	-1.78592	-1.09951	0.02579
235.991	0.15481	-1.68746	-2.48113	-0.95945
239.992	0.06924	-0.87437	-2.01399	0.47672
243.987	1.75203	-0.24830	-1.19792	0.93382
247.994	3.58114	0.17403	-1.52598	0.96299
251.994	3.81864	-2.31950	-0.64503	1.10568
255.988	2.29173	-2.22148	-0.77833	1.04395
259.993	0.10170	-1.86442	-0.64990	0.77346
263.993	-0.25361	-1.54041	-1.08095	-0.70372
267.995	-0.69829	-0.75320	-2.02763	-0.89175
271.995	-0.02765	-0.97402	-1.11256	-0.99326
275.992	2.52790	-0.88328	-0.76752	-1.62671
279.993	0.12714	-0.92485	-1.08798	-1.28838
284.004	0.32766	-1.73434	-1.28127	0.55882
287.994	2.71832	-2.37428	-1.13370	-0.28136
291.991	1.20864	-2.52816	0.14533	-0.67651
295.990	-0.34543	-1.51688	2.75358	-1.07497
299.984	-0.54826	-1.52258	-1.21360	-0.31163
303.995	-0.74186	-0.84235	-1.04183	-0.44529
307.991	-0.86411	-1.09375	0.36774	-1.09795
311.991	0.73136	-2.03949	-1.29586	-0.66752
315.992	-1.43171	-0.71294	-2.18391	-2.02089
319.990	0.88684	-1.22575	-1.55943	-1.01654
323.990	4.80529	-3.27786	-1.97314	-1.11659
327.985	1.64117	-3.19287	-1.49607	-1.01265
331.993	1.48937	-2.46412	-1.36593	-2.10397
335.993	-0.51711	-0.85630	-1.29536	-0.19171
339.990	-0.82642	-0.99779	-1.28730	-1.37506
343.990	-1.04332	-0.82356	-0.74613	-2.23364
347.986	-0.79918	-0.92573	-0.33173	-2.15084
351.993	-0.37722	-0.92093	-0.19608	-1.50511
355.994	-1.31176	-0.65607	-0.35849	-1.79885
359.985	-0.95810	-0.74501	-0.13598	-1.47429
363.987	-0.91574	-0.71871	-0.62791	-1.25796
367.993	-0.92100	-0.86462	-0.65337	-0.54914
371.989	-1.24076	-1.65639	-0.71543	-0.97578
375.987	-1.50073	-1.86621	-0.64523	-0.97967
379.991	0.14367	-0.76714	-1.96196	-1.68275
383.989	0.51788	-0.71243	-2.59287	-1.35028
387.990	0.38459	-0.67071	-1.32009	-0.80427
391.985	-1.50023	-1.51406	-1.28271	-0.81976
395.995	-0.50731	-0.63686	-3.01648	-0.94679
399.991	0.18181	-0.80332	-2.73192	-0.76144
404.025	-0.55967	-0.78415	-2.38888	-3.21796
407.989	-1.07969	-1.02523	-3.25891	-1.63571
411.988	-0.44815	-0.97215	-3.32882	-1.03740
415.984	0.43723	-0.67704	-3.48101	-1.12164
419.992	0.12630	-0.19511	-3.34581	-1.35430
423.988	0.10029	-0.87661	-2.74596	-0.95221
427.989	0.54123	-0.74940	-2.74316	-1.29016
431.984	0.23698	-0.38314	-2.62714	-0.93346
435.991	-0.01782	-0.74412	-2.48156	-0.51537
439.997	-4.26568	-2.73323	-0.55615	-0.93847
443.984	0.04467	-0.76337	-1.16987	-0.88018
447.992	-2.79956	-1.88015	-1.28581	-1.04229
451.989	-0.10381	-0.37161	-1.38223	-1.23559
455.991	-0.47805	-1.54246	-0.78751	-1.15716
459.992	-2.53684	-1.60334	-0.86098	-1.15353
463.989	0.05656	-1.11665	0.17343	-2.12116
467.988	-0.78615	-0.51439	-0.03035	-1.92878
471.990	1.34624	-1.80507	0.58161	-2.58496
475.983	2.06704	-0.97959	-0.65099	-2.43285
479.993	2.82162	-1.24066	-0.16963	-1.33234
483.990	-0.93125	0.73575	0.39953	-1.33251
487.989	-0.94137	1.15589	-0.17295	1.74391
491.983	-0.69156	-0.12712	-0.18948	-0.31695
495.990	-0.94859	-1.23141	-0.33692	-1.45235
499.989	-0.97303	-1.83913	-0.72471	-1.35350
503.981	-0.74052	-1.69574	-1.09065	-2.65883
507.991	-0.78312	-1.44866	-3.54124	-3.93257
511.986	-0.68987	-1.49468	-2.01803	-1.82025
515.987	-2.56102	-1.83667	-0.37407	0.27120
519.985	-0.40546	-2.35814	0.63935	-0.09077
523.990	1.07349	-1.66614	-0.39509	0.30705
527.987	2.41028	-2.76489	0.66250	-0.05461
531.989	2.56832	-2.25885	1.42838	-0.85620
535.990	3.42774	-3.41758	0.03489	-0.13555
539.989	5.15214	-0.09612	-0.75729	-0.30981
543.982	-0.23207	-1.73651	1.05473	-0.24427
547.989	-0.24520	-1.98588	-0.43452	0.57577
551.987	-0.71228	-2.02972	1.29740	-3.16198
555.987	-1.54244	-2.11140	-0.43599	0.01695
559.990	-0.72719	-2.71959	-1.22082	-0.43326
563.992	-0.40045	-2.15690	-0.99755	-1.92579
567.980	-0.53510	-0.04162	-1.72696	-0.15310
571.989	-0.02819	-0.87820	-0.42388	-0.27905
575.986	3.96619	0.33186	-0.66987	-1.49866
579.987	5.80057	0.07545	-0.08895	-0.80777
583.981	-0.11148	0.39278	-1.27790	-0.78772
587.988	-0.31794	-0.82197	-0.71451	-0.14396
591.986	0.41363	-0.51577	-2.98047	-2.39779
595.981	-0.76345	-0.16123	-1.58874	-1.07702
599.989	-0.21150	0.42551	-0.99119	-0.74460
603.986	1.06835	-0.50367	-0.66796	-0.52931
607.991	3.27116	0.15391	-1.00739	-0.30008
611.989	5.78755	-0.47006	-0.73660	-0.12287
615.986	-0.13354	-0.28586	-0.88902	0.22103
619.986	0.12863	0.29289	-1.09239	0.69805
623.988	-0.53289	-2.52316	-0.68228	0.20333
627.988	-0.49604	-0.51949	-0.84900	0.26327
631.986	-1.98435	-0.89153	0.89014	-0.79848
635.859	-0.71523	-1.01383	0.95966	-0.39126
639.862	-0.21596	-0.56694	-0.67896	0.20375
643.859	1.21085	-1.11849	-0.54545	0.49861
647.861	1.58490	-1.35391	-0.53423	0.58960
651.854	3.99479	-1.35758	-0.63498	1.43552
655.862	5.98353	-1.89913	-0.61516	1.37426
659.862	-0.55034	-0.59750	-0.54270	1.07008
663.858	-0.92629	-0.51857	-0.58491	0.87458
667.863	-0.60893	1.91182	-0.65489	1.22437
671.861	3.23821	-1.58331	-0.66769	0.01486
675.858	-0.53634	0.34834	-0.79818	0.03710
679.854	-0.62680	-0.03807	-0.90478	-0.31900
683.862	-0.48490	-2.23412	-0.74042	-1.37624
687.868	-0.58999	-0.07000	-1.02389	-2.09176
691.865	4.10179	-3.38038	-1.18773	-1.40831
695.860	3.20706	-3.70587	-1.62768	-1.45970
699.880	2.66892	-3.23588	-4.11530	-1.24949
703.861	2.67479	-3.07248	-4.28180	-1.86476
707.860	-1.24905	-3.07094	-4.29885	-1.53191
711.858	1.72324	-2.89792	-3.63722	-0.19693
715.856	-0.21648	-3.12514	-3.65747	-0.81986
719.861	0.05075	-1.99572	-4.11034	-0.75769
723.859	1.22409	-1.18703	-2.50053	-0.97433
727.858	1.15439	-1.64033	-4.18452	-1.45474
731.857	0.66843	-2.45078	-4.47745	-1.84720
735.866	0.90383	-2.34418	-2.56664	-1.76048
739.857	-2.39284	-1.71663	-2.72563	-1.53427
743.860	0.51855	-2.59371	-5.92923	-2.35332
747.854	0.23453	-3.72670	-1.44220	-0.48275
751.910	-0.40087	-3.85306	-1.90574	-0.81241
755.869	0.22028	-2.20887	-1.13434	-1.29434
759.862	-2.34565	-3.21103	-2.24118	0.36356
763.857	0.10098	-2.38925	-2.35925	0.53987
767.859	-3.47344	-2.16578	-1.11822	-1.33793
771.855	-4.31758	-2.01847	-2.78659	-0.09382
775.861	-3.63282	-2.06270	-2.40924	-0.48030
779.859	-0.98889	-1.16720	-2.54068	-0.97857
783.860	-1.06890	-0.35157	-2.72610	-2.58380
787.853	-0.98961	-1.63325	-2.66196	-0.70594
791.863	3.46600	-2.03924	-2.71317	-1.02454
795.858	2.53749	-3.40003	-2.74360	-1.14875
799.859	2.39646	-4.02339	-2.76027	-1.08561
803.856	2.81340	-2.78589	-2.06401	-0.88778
807.861	2.53080	-1.74217	-2.54291	-0.91176
811.887	2.50055	-1.47307	-2.72508	-0.75668
815.860	-1.54748	-1.00008	-2.69034	-0.43708
819.861	1.93125	-2.51685	-2.86868	-0.62082
823.851	2.43360	-3.68929	-4.96021	-0.31363
827.855	-1.92029	-1.27446	-2.96807	-0.43072
831.849	1.74660	-4.48906	-2.98740	-0.50205
835.859	1.58252	-3.61978	-2.84544	-0.85513
839.852	0.46450	-4.46748	-6.17761	-0.90842
843.853	-0.44331	-4.84610	-6.67933	-1.50965
847.852	0.15789	-3.79614	-5.62075	-1.03193
851.857	0.20043	-4.11714	-2.92059	-0.93422
855.856	0.58190	-1.72822	-6.39320	-1.33759
859.850	0.13543	-3.45344	-3.00329	-0.80284
863.855	-1.77697	-3.40408	-2.91436	-1.55170
867.851	-1.89369	-0.93565	-3.10928	-1.95157
871.851	-0.97385	1.17409	-4.86978	-0.51035
875.853	-0.03631	-0.42509	-4.98268	-0.73390
879.856	-5.25655	-0.52715	-8.62865	-1.11463
883.850	-6.71030	-1.16175	-8.20911	0.08719
887.854	-7.68647	-0.87952	-8.52889	-0.15089
891.848	-7.55922	-0.49245	-9.96222	-0.99814
895.854	-7.73918	-0.16901	-9.02333	-1.13132
899.854	-8.82684	-0.58426	-8.35272	-0.03899
903.886	-9.78108	-0.54146	-8.31727	-1.05974
907.847	-7.98880	-0.45767	-6.97707	-1.20168
911.854	-9.57085	-0.69975	-9.82754	-0.57972
915.883	-7.66192	-0.67811	-9.78958	-0.37166
919.851	-8.88133	-0.61091	-9.65512	-0.36373
923.845	-9.04853	-0.75095	-9.61086	-0.48243
927.852	-8.18621	-0.43893	-8.41701	-1.63030
931.850	-8.59973	-0.53430	-9.54351	-0.66514
935.897	-8.02358	-0.44007	-9.59947	-0.61652
939.848	-8.81055	-0.52236	-10.41597	0.16497
943.854	-8.12050	-0.12425	-9.88097	-0.04455
947.876	-9.06877	-0.45010	-9.99756	0.73563
951.853	-8.81142	0.09314	-9.69530	0.70368
955.858	-7.87409	-0.05607	-9.63158	0.74333
959.853	-9.16465	-0.03932	-9.71071	1.12524
963.849	-8.59830	0.13400	-9.29597	1.05358
967.858	-8.01886	0.15932	-8.88259	0.02504
971.855	-8.40307	0.69218	-9.47606	0.58031
975.853	-8.00491	0.32058	-9.07448	-0.92297
979.849	-7.71727	0.50205	-9.40859	-0.79695
983.858	-7.87521	0.77515	-9.49180	-0.01931
987.857	-7.64486	0.71251	-9.49110	-1.09199
991.853	-7.33154	1.63785	-9.36150	-0.71011
995.852	-8.48828	1.31776	-9.30969	-0.32447
999.857	-7.98116	1.08441	-8.99595	-0.41323
1003.854	-8.45240	1.12242	-8.94513	-0.80958
1007.851	-7.27443	1.06613	-9.33280	-0.29618
1011.859	-7.82355	1.39275	-6.35157	-0.12262
1015.850	-7.84667	0.68751	-8.15975	-0.33708
1019.856	-7.53391	1.41958	-7.66850	-0.47470
1023.853	-7.64898	1.25022	-8.57869	-1.13086
1027.857	-8.44725	0.62956	-9.34829	-0.72838
1031.849	-8.35636	0.86229	-9.57392	-0.87881
1035.857	-8.11795	0.22037	-9.84052	-0.85696
1039.854	-7.83144	1.41211	-7.19122	-0.77070
1043.854	-7.78007	1.00316	-7.16962	-0.26541
1047.847	-8.18509	0.97056	-7.81773	-0.34224
1051.855	-7.92403	0.94334	-9.99835	0.33440
1055.853	-7.84411	0.22918	-9.89277	1.63964
1059.848	-7.72264	1.01383	-9.90816	1.89202
1063.858	-7.49583	1.02870	-9.89027	1.24333
1067.853	-8.12984	-0.05557	-9.97498	1.48709
1071.849	-8.02144	0.78542	-10.18901	1.39276
1075.856	-8.07781	0.89022	-10.41186	1.44051
1079.854	-7.89250	0.92040	-10.55354	1.37010
1083.849	-7.79388	0.15121	-10.17913	1.50624
1087.853	-7.72812	-0.20913	-10.21067	0.19022
1091.851	-8.12668	-0.31379	-10.05183	0.09325
1095.854	-7.93469	-0.35090	-6.20545	-0.27342
1099.850	-8.87849	-0.49585	-6.72815	-0.40967
1103.857	-8.04049	0.59677	-7.95263	-0.70037
1107.853	-8.59221	-0.42177	-9.82983	0.03085
1111.857	-8.11629	0.14029	-9.16446	-0.20935
1115.849	-8.28758	0.01387	-8.90257	-0.31681
1119.856	-6.50827	-0.56334	-8.98542	-0.26149
1123.887	-7.53549	-0.65101	-9.90840	-0.39344
1127.849	-8.38614	-0.96427	-9.45877	-0.51362
1131.854	-7.94487	0.50561	-10.02425	0.16427
1135.883	-8.30546	0.64068	-11.33621	-0.56911
1139.852	-8.27076	0.75228	-11.80526	-0.54087
1143.848	-7.87842	0.92432	-11.08634	-0.23149
1147.854	-7.22768	0.78151	-9.42272	0.55485
1151.876	-8.07100	0.87472	-9.75357	0.37058
1155.854	-8.25068	1.01077	-9.89251	-0.39652
1159.849	-7.55013	0.93218	-6.62630	-0.54943
1163.853	-8.13295	-1.69552	-7.28290	-0.56022
1167.851	-8.45587	-0.41346	-10.04117	-0.19440
1171.848	-8.93329	-2.51215	-9.84431	0.11698
1175.855	-8.05373	-2.15042	-10.02557	0.19473
1179.852	-8.99847	-1.51350	-11.14691	-0.11422
1183.852	-7.46399	-0.39310	-9.97105	-0.39231
1187.875	-7.50032	-0.43305	-9.89978	0.79053
1191.846	-8.19355	-1.01429	-9.92377	1.32433
1195.849	-8.26864	-1.30449	-9.70516	1.56781
1199.840	-8.21597	-0.68368	-9.87370	1.08808
1203.849	-8.48746	-0.58059	-9.65599	0.79855
1207.846	-10.09872	-1.20948	-9.52864	-0.08626
1211.846	-9.00939	-0.43898	-7.82484	-0.49783
1215.840	-8.48100	-0.49284	-9.53564	-0.10824
1219.871	-8.82405	-1.80574	-9.96015	-0.19807
1223.856	-8.11702	-2.45944	-10.32462	-1.14103
1227.851	-8.44936	-3.19229	-10.56195	-0.87109
1231.852	-8.23491	-3.13267	-11.79705	-2.72312
1235.858	-8.10107	-2.10912	-11.31784	-3.08732
1239.851	-8.37123	-2.60597	-11.58048	-1.74612
1243.845	-8.29917	-2.15479	-10.96000	-0.96404
1247.845	-8.16771	-1.82019	-10.83390	-0.38102
1251.850	-8.30619	-1.66221	-10.77016	-0.87955
1255.845	-8.46320	-0.99543	-10.63653	0.43849
1259.848	-8.46097	-1.30228	-10.99984	0.62213
1263.843	-8.25788	-1.07025	-10.68063	-0.33443
1267.845	-8.57192	-1.09465	-9.91818	-0.16412
1271.841	-8.47510	-1.25108	-8.37371	-3.19343
1275.851	-8.64357	-1.02836	-9.37926	-1.79119
1279.844	-10.49404	-1.16713	-9.90602	-2.65582
1283.844	-10.16764	-1.00281	-10.42835	-3.10344
1287.867	-9.88574	-0.92752	-10.27912	-3.06498
1291.850	-9.47087	-0.80558	-10.10992	-3.18358
1295.852	-9.17805	-0.49807	-9.80821	-1.12146
1299.846	-8.77725	-0.41908	-9.71553	-2.38417
1303.852	-8.50748	-0.27721	-10.25151	-2.99807
1307.850	-8.80960	-0.31704	-9.78676	-2.92438
1311.872	-8.68858	-0.35428	-10.28159	-2.16750
1315.847	-8.59471	-0.69827	-9.48557	-2.27159
1319.850	-7.98206	0.01011	-9.73790	-2.23632
1323.846	-8.40686	-0.17795	-5.32921	-2.44560
1327.839	-9.43817	-1.13396	-9.88873	-2.62980
1331.847	-8.62833	-1.57394	-9.28376	-2.58733
1335.845	-8.94539	-1.64650	-10.04307	0.35711
1339.845	-8.30680	-1.72667	-8.80006	0.48916
1343.839	-7.96860	-1.55583	-9.55111	0.16984
1347.850	-8.55850	-1.80710	-10.45248	-0.44068
1351.845	-8.61351	-3.69915	-9.21179	-1.73453
1355.878	-8.60591	-1.93138	-9.45689	-1.96079
1359.852	-8.30019	-2.86641	-9.99664	0.05856
1363.852	-8.25258	-2.08110	-10.28316	0.26707
1367.848	-8.02134	-2.20452	-11.15133	-1.08529
1371.849	-8.62265	-1.85450	-10.33759	-0.55048
1375.850	-8.86449	-2.50569	-10.12246	-0.71918
1379.849	-7.64047	-1.51898	-10.33024	-0.76593
1383.844	-7.71896	-1.15865	-11.64528	-1.12652
1387.838	-8.70563	-1.35432	-11.39468	-0.88461
1391.845	-8.37463	0.06333	-10.71717	-0.92598
1395.841	-8.11904	-1.15027	-10.11589	-1.14818
1399.842	-8.56733	-0.31204	-11.36789	-0.85642
1403.843	-7.82733	-0.46290	-8.92188	-0.76135
1407.846	-7.33108	0.30282	-8.75655	-0.05310
1411.843	-4.96260	-0.16099	-8.29769	1.25524
1415.842	-8.00467	-0.95523	-4.49968	3.59103
1419.835	-6.65725	-1.48831	-2.95542	0.65479
1423.885	1.30122	0.27645	0.50036	0.38576
1427.862	3.11260	0.25204	1.35249	-0.56114
1431.849	3.16154	0.07342	5.18633	-0.76505
1435.850	3.06899	0.07662	4.62162	-0.14205
1439.847	9.18789	-1.24462	6.51346	-0.44160
1443.851	6.30544	-1.06892	7.04428	-1.54324
1447.847	9.62929	-2.67546	8.29146	-1.71649
1451.844	12.06164	-3.15472	8.48476	-2.51671
1455.851	5.72878	-2.10207	8.29613	-1.28756
1459.847	9.77247	-3.07316	8.47197	-1.58915
1463.843	10.56769	-2.95021	8.48843	-2.22104
1467.851	9.96405	-3.11835	8.19214	-1.62327
1471.847	7.15369	-4.56313	8.06937	-2.09815
1475.849	10.29522	-4.49253	8.20026	-2.08192
1479.847	10.02124	-3.33104	7.82053	-1.64086
1483.850	7.75663	-4.13466	10.16882	-1.77763
1487.847	9.62321	-3.18061	8.22620	-2.19571
1491.736	11.85457	-4.31093	7.97758	-1.76767
1495.721	7.59159	-3.28895	8.19730	-1.53541
1499.721	10.70994	-3.27412	8.06949	-1.48653
1503.724	8.59842	-0.61560	7.95424	-1.36223
1507.719	7.79734	-3.27129	7.98539	-1.11545
1511.722	10.04607	-3.47472	7.92471	-0.80001
1515.718	9.10910	-0.62765	7.87886	-0.84791
1519.725	8.29509	-3.06896	7.85728	-0.46885
1523.722	10.20784	-2.11557	7.89043	-0.29573
1527.722	9.82320	-2.68407	7.91560	-0.52248
1531.726	5.45267	-2.49512	7.93773	-0.54714
1535.720	10.40444	-1.20228	8.05672	-0.79532
1539.721	10.14246	-0.82112	7.87087	-0.97218
1543.717	3.96948	-3.16859	8.00903	-1.48169
1547.723	8.80408	-1.62203	9.73533	-1.79920
1551.718	10.14905	-1.12833	7.76162	-1.20529
1555.723	8.63801	-2.30862	6.30124	-2.20762
1559.721	5.19069	-3.79976	8.01530	-1.76539
1563.716	8.33746	-2.68188	7.86150	-2.12495
1567.721	9.92121	-1.48589	7.72773	-1.73400
1571.719	8.26223	-1.41452	7.69342	-1.54559
1575.713	4.49654	-3.01178	9.03430	-1.49401
1579.721	10.49968	-0.85365	8.51807	-1.66980
1583.718	10.66467	-2.37085	7.93423	-1.69650
1587.712	10.14759	-2.43387	7.83841	-1.60104
1591.721	11.36064	-2.74990	7.62709	-1.40467
1595.717	12.52234	-4.42427	7.97873	-0.80728
1599.721	4.76633	-5.75805	7.91017	-0.98697
1603.713	10.51271	-1.16903	8.49117	-0.81695
1607.722	10.43652	-2.61825	7.88334	-0.73189
1611.718	10.05760	-2.69831	7.82121	-0.84461
1615.724	10.97727	-4.13494	7.97799	-0.85602
1619.713	9.85329	-2.63179	7.80248	-0.82033
1623.723	9.68274	-1.71063	7.83203	-0.81158
1627.732	9.72002	-1.31560	7.78246	-0.83826
1631.720	9.98271	-2.52712	7.85273	-0.62710
1635.712	5.32666	-2.31754	7.75263	-0.40537
1639.721	4.44891	1.22121	7.96205	-0.61669
1643.716	11.07455	-2.62290	7.93053	-0.60527
1647.720	4.76142	-0.62401	8.28145	-0.97630
1651.712	9.63264	-2.89755	10.26256	-0.54807
1655.721	9.70343	-3.21445	7.97276	-0.59141
1659.718	10.02899	-2.61924	8.07487	-0.62380
1663.711	9.84505	-0.57815	7.79683	-0.55338
1667.721	9.60975	-1.80780	7.61724	-0.60898
1671.718	11.86636	-3.36048	8.40016	-0.56813
1675.719	10.96435	-2.59550	7.81758	-0.66853
1679.712	12.70452	-4.49816	7.81047	-0.76070
1683.721	11.48702	-4.75552	7.70034	-1.10024
1687.716	10.28979	-4.08223	7.89944	-0.95973
1691.726	10.68698	-4.24896	7.79639	-0.74443
1695.718	5.32739	-0.69207	8.95143	-0.73989
1699.723	10.35558	-4.74706	10.08248	-0.83896
1703.714	2.98866	-5.18120	12.71750	-1.31929
1707.719	12.66051	-5.11859	14.65168	-1.82194
1711.715	17.68268	-10.48237	14.65895	-2.76496
1715.722	17.69541	-6.28349	14.63058	-2.49171
1719.717	17.94576	-7.34071	14.57067	-2.66090
1723.713	19.34924	-8.78542	16.56893	-3.19839
1727.719	18.43676	-7.35152	17.59331	-2.79388
1731.717	18.12020	-6.91372	15.60489	-3.21845
1735.718	18.31767	-7.17198	14.97020	-3.41524
1739.716	18.12231	-6.75786	15.07898	-3.18199
1743.721	18.19067	-7.13766	14.87299	-3.01435
1747.718	18.16858	-7.06695	14.86815	-3.30549
1751.720	18.16991	-6.94481	14.70298	-3.09607
1755.720	18.30591	-6.63794	14.59003	-3.12504
1759.717	18.36121	-6.85153	14.51279	-3.25659
1763.740	18.42126	-6.77735	15.24468	-3.57302
1767.715	18.47802	-6.71332	14.46740	-3.15297
1771.716	18.00519	-5.88651	14.56925	-3.01605
1775.712	17.85984	-5.81173	14.71220	-3.25954
1779.719	17.36710	-5.77084	14.07618	-3.12196
1783.715	17.33589	-5.81631	14.49458	-3.09223
1787.716	17.94818	-6.12672	14.29606	-2.89321
1791.712	17.72826	-5.59895	14.38218	-2.56967
1795.718	17.81986	-5.60339	14.53446	-2.81793
1799.717	17.98135	-5.71318	14.53730	-2.42952
1803.718	18.12417	-5.62052	14.54535	-2.31809
1807.713	17.62654	-5.42373	14.59440	-2.28533
1811.717	17.85474	-5.48329	14.47973	-2.30369
1815.714	17.69536	-5.41799	14.46249	-2.24818
1819.712	17.55465	-5.12039	14.30927	-2.18481
1823.723	17.57710	-5.38017	14.47959	-2.18065
1827.716	17.74121	-5.25176	14.72315	-2.33807
1831.717	17.56376	-5.27140	14.50430	-2.27284
1835.716	17.49941	-5.26010	14.52674	-2.31826
1839.708	17.54856	-5.18662	14.47780	-2.26295
1843.719	17.38981	-5.12493	14.40284	-2.30771
1847.714	17.44307	-5.25483	14.47375	-2.36313
1851.714	17.53236	-5.41163	14.32318	-2.39088
1855.708	17.48065	-5.39507	14.30368	-2.47018
1859.715	17.42256	-5.43294	14.27574	-2.51236
1863.715	17.50740	-5.40755	14.18533	-2.51072
1867.712	17.53286	-5.46231	14.11892	-2.51605
1871.717	17.45965	-5.26978	14.38912	-2.50874
1875.714	17.51428	-5.53809	14.28485	-2.49979
1879.712	17.51765	-5.51163	14.22020	-2.51748
1883.717	17.60941	-5.53785	14.15680	-2.50370
1887.716	17.59383	-5.58896	14.04110	-2.33905
1891.716	17.56695	-5.38991	14.05439	-2.35237
1895.712	17.47444	-5.46859	14.31889	-2.41815
1899.717	17.63664	-5.37280	14.26396	-2.18967
1903.712	17.66204	-5.21065	14.12231	-2.13348
1907.718	17.69144	-5.35087	14.33057	-2.01644
1911.714	17.79235	-5.30019	14.40593	-1.96557
1915.718	18.00860	-5.96960	14.19548	-1.81797
1919.710	18.13974	-5.49833	13.84134	-1.70618
1923.717	18.23266	-5.82343	13.65758	-1.60916
1927.712	18.07726	-6.34508	13.58414	-1.60519
1931.716	17.79617	-5.60209	16.98301	-2.27867
1935.709	17.59142	-6.55892	13.71887	-2.55856
1939.717	17.47543	-5.24573	13.94329	-2.01250
1943.714	16.23865	-5.26993	12.13868	-0.86377
1947.720	15.65467	-4.18729	12.25320	0.77507
1951.714	12.74345	-2.11467	11.01264	1.62261
1955.715	11.36558	-1.67292	8.23595	2.82054
1959.718	3.86054	4.50607	6.88472	3.68419
1963.712	3.54796	2.53712	5.70055	6.55919
1967.716	7.81624	3.68276	6.03518	6.67628
1971.715	6.59040	3.43427	5.67949	6.14184
1975.709	6.21713	4.25096	5.70745	6.16535
1979.716	7.02888	4.12850	5.81002	5.87616
1983.713	6.94066	4.17028	6.04630	5.31108
1987.753	5.42427	4.64079	6.20894	5.60793
1991.706	4.12085	6.01180	5.90487	5.69661
1995.715	5.92611	4.13150	5.62898	6.34508
1999.712	7.61648	4.13325	5.51993	6.49919
2003.710	3.78197	4.36967	5.12390	6.59783
2007.715	4.33907	4.35955	5.28458	6.16877
2011.712	4.71508	4.72080	4.96970	6.27613
2015.712	5.87594	4.95354	4.79011	6.16917
2019.707	6.00712	4.18144	5.63284	5.45229
2023.715	9.22825	2.81744	5.55912	5.43064
2027.712	5.73681	2.98434	5.47141	5.93448
2031.717	5.69055	2.77784	5.38100	5.95619
2035.716	6.49634	2.60959	5.15217	6.38109
2039.712	6.52500	3.28686	5.16834	6.59681
2043.712	6.50895	4.70033	5.12427	7.00227
2047.706	6.29143	5.50301	5.03004	5.97110
2051.714	4.99056	5.18894	5.46121	5.19524
2055.710	4.51692	5.72053	5.20748	5.64705
2059.707	4.22227	5.27365	5.46421	5.85618
2063.714	8.22664	3.79068	5.54656	6.17362
2067.711	4.10229	4.82333	5.41421	6.22204
2071.707	4.13145	4.60387	5.30003	6.26239
2075.714	6.19452	3.83985	5.22271	6.52175
2079.711	8.22487	3.08675	5.49569	6.37343
2083.713	8.71683	2.71893	5.27412	6.14475
2087.705	8.03071	4.81512	5.48907	6.06928
2091.715	6.53840	4.41061	5.42798	6.17000
2095.711	6.19957	4.49324	5.43142	6.10090
2099.712	5.75907	3.35702	5.39372	6.06755
2103.711	6.53749	4.57928	5.28249	6.09391
2107.714	8.51678	3.66646	5.26728	6.23467
2111.710	6.24543	6.52968	5.15972	6.21370
2115.717	6.14136	4.49798	5.18055	6.58940
2119.705	5.85878	4.75404	5.31103	6.66833
2123.713	7.91027	4.41288	5.44906	6.81894
2127.712	6.33282	4.36571	5.71399	6.75482
2131.726	5.88960	4.29755	5.62230	6.34058
2135.721	6.12933	3.60209	5.75826	6.10214
2139.712	6.09091	3.45246	5.59445	6.13870
2143.712	6.80237	3.55560	5.37064	6.50162
2147.706	6.58156	4.86100	5.61748	6.50322
2151.714	6.77538	4.24577	5.79821	6.86656
2155.715	6.84842	3.62599	5.86968	6.39298
2159.714	6.77631	3.13161	5.90050	6.32514
2163.709	7.48612	3.39271	5.90561	6.31383
2167.704	6.80856	4.10082	5.97899	5.96245
2171.707	6.65696	3.71829	6.03591	6.23504
2175.710	6.91836	3.42519	5.60539	6.32527
2179.705	6.67826	3.79375	5.74138	6.30127
2183.707	7.23570	1.72756	5.83812	6.38201
2187.701	7.83829	3.03003	5.90747	6.25168
2191.705	5.41135	3.81976	5.78597	6.34750
2195.706	7.12442	3.97905	5.98596	6.95097
2199.736	8.13230	3.77350	6.00771	7.66366
2203.707	11.05471	6.99639	6.43121	8.78545
2207.702	6.92956	6.32384	6.03842	9.02140
2211.704	8.05725	6.75263	6.07739	9.33811
2215.699	8.27370	6.96210	6.00901	9.37014
2219.712	8.57520	7.06181	6.10902	9.48455
2223.705	7.34201	7.60750	6.61092	9.34434
2227.704	7.82499	7.38929	6.86334	9.33704
2231.709	8.04112	7.36144	6.89487	9.49050
2235.706	8.00849	7.69207	7.52140	9.37808
2239.711	8.06287	7.91415	7.84961	9.34460
2243.708	8.79606	4.15739	6.15934	9.46701
2247.703	7.56574	8.56563	5.90607	9.56238
2251.699	7.69246	8.93918	6.21237	9.61854
2255.706	8.04460	8.14964	6.45691	9.60075
2259.704	7.64732	7.58295	6.77888	9.82573
2263.698	7.65751	6.51911	7.24569	9.78193
2267.705	7.62294	8.84017	8.18144	9.82261
2271.703	7.43688	7.92237	6.79400	9.71577
2275.708	7.52110	7.99980	6.58320	9.32899
2279.699	7.45204	7.96802	6.42018	9.14441
2283.706	7.40657	7.65722	6.04666	9.34735
2287.703	7.60782	8.19389	6.19317	9.24433
2291.703	7.47195	6.58202	6.21406	9.20770
2295.698	7.53384	6.15162	5.96127	9.43337
2299.705	7.91047	8.18021	5.94583	9.36574
2303.704	7.59758	6.87694	5.97786	9.43629
2307.704	7.41236	7.23151	5.84203	9.42971
2311.700	7.40145	7.99674	5.86632	9.42991
2315.702	8.02204	6.42635	5.76146	9.56550
2319.702	7.42683	6.75305	5.80907	9.43985
2323.697	8.47197	7.86452	5.81685	9.57395
2327.705	7.30141	8.37093	5.81533	9.77894
2331.706	7.32697	8.46524	5.77556	10.02822
2335.704	7.67674	8.22640	5.69485	10.29785
2339.697	7.42024	8.22724	5.70878	10.56524
2343.705	7.53720	8.50660	5.72421	10.28675
2347.581	7.50151	9.95198	5.59179	11.22709
2351.578	7.92583	7.99439	5.80175	10.49153
2355.577	8.01049	8.07631	5.87361	10.25616
2359.581	8.07898	7.91913	5.79337	10.69331
2363.577	8.07256	3.49763	5.76686	10.05510
2367.573	14.21206	0.83473	5.71743	10.01586
2371.581	8.40390	5.23806	5.84154	10.06407
2375.585	10.14937	4.99220	5.87651	9.81226
2379.580	8.46483	6.16017	6.03290	9.65764
2383.577	7.77576	7.62511	5.99384	9.42151
2387.580	8.33676	7.98038	6.13746	9.40330
2391.578	8.29470	7.85475	6.24251	9.45252
2395.578	8.06750	8.39764	6.24796	9.47233
2399.572	8.72913	8.22285	6.53997	9.43958
2403.579	11.61082	5.87700	6.78436	9.42815
2407.577	8.00776	8.15517	7.17062	9.49344
2411.582	7.83378	8.16588	7.57437	9.55859
2415.570	6.33809	8.99856	7.73833	9.59939
2419.579	7.92074	6.28718	8.19423	9.56349
2423.606	6.98113	8.16113	8.21935	9.64330
2427.576	7.28469	7.80990	8.66617	9.66339
2431.576	7.64574	7.20659	6.47115	9.85938
2435.579	7.80969	6.42840	6.56228	9.83464
2439.590	7.80082	8.40644	8.12152	9.88824
2443.576	7.73253	7.92799	6.69973	9.98161
2447.572	7.81006	6.08262	7.80560	9.82580
2451.582	7.50054	5.27053	10.59294	8.83996
2455.578	12.30533	5.72830	12.16456	5.24808
2459.572	13.82555	5.24023	12.59689	3.19923
2463.578	12.75535	0.84449	13.04702	3.88019
2467.573	13.51621	0.58670	15.49460	0.99732
2471.575	13.95689	0.00304	13.37928	2.92863
2475.574	13.92255	-2.64245	13.82188	1.34580
2479.578	13.82307	-5.45888	14.62514	2.18855
2483.575	14.28252	-4.67587	14.84019	-0.64569
2487.575	19.46964	-7.74837	13.28056	-1.78901
2491.569	14.74815	-5.51363	13.66212	-2.02711
2495.578	14.76521	-5.68092	14.87990	-3.05104
2499.575	14.51805	-5.89817	15.11167	-4.17570
2503.579	14.71566	-6.15710	14.24011	-3.45330
2507.579	14.03683	-5.87857	14.16620	-3.53830
2511.605	14.33455	-5.83310	13.97594	-1.55622
2515.581	14.21232	-6.01246	13.78726	-3.83064
2519.575	14.23415	-5.89887	14.16945	-3.96877
2523.583	14.03022	-5.99987	13.58421	-3.80361
2527.580	14.06623	-6.23986	14.03468	-3.81220
2531.584	17.19572	-8.40107	13.91472	-3.63523
2535.586	13.49249	-5.99883	13.71781	-3.62055
2539.578	16.76235	-8.33409	13.66458	-3.52566
2543.579	21.40559	-9.86336	13.63920	-3.25811
2547.575	15.07368	-9.13856	13.47714	-2.77199
2551.582	15.19794	-10.41051	13.59391	-2.48528
2555.580	15.09670	-10.01385	13.34519	-2.51678
2559.574	15.43475	-10.12757	13.21978	-2.55757
2563.580	18.98560	-10.29880	13.17070	-2.52452
2567.577	14.95132	-10.17630	13.13315	-2.35973
2571.576	19.31985	-9.88458	10.27804	-2.45588
2575.582	15.11713	-9.63559	11.14932	-2.36981
2579.595	15.22941	-6.79945	10.79023	-2.25545
2583.574	15.09159	-6.01276	10.84319	-2.24996
2587.568	18.20382	-9.47789	10.73049	-2.17254
2591.576	15.14153	-6.02927	10.60685	-2.25318
2595.573	15.06822	-6.01712	10.62425	-2.20118
2599.574	14.87381	-6.49040	10.29709	-3.12572
2603.568	14.84517	-6.98910	10.53672	-2.19793
2607.575	14.24991	-6.69914	8.24604	-3.76606
2611.572	14.20313	-6.68566	10.32640	-2.35003
2615.577	14.12504	-6.72901	9.78409	-3.71474
2619.581	17.95142	-8.71706	10.17185	-3.74636
2623.576	17.89280	-8.54147	10.25435	-3.29714
2627.573	17.83506	-8.47091	10.03724	-2.38128
2631.569	17.16205	-8.83394	10.00006	-2.58712
2635.575	17.61572	-11.49917	9.70512	-2.21008
2639.597	16.57041	-12.08443	13.73936	-2.68603
2643.576	14.84944	-12.32743	10.16411	-1.29411
2647.578	15.59487	-6.68479	11.21002	-2.04827
2651.576	20.59725	-13.17124	11.16683	-0.58892
2655.571	18.29653	-13.33279	10.50654	-0.73162
2659.568	17.34693	-12.29586	10.77205	-0.42209
2663.573	14.81474	-12.37836	10.40665	-0.65212
2667.571	14.03816	-12.76701	10.68890	-0.80420
2671.571	13.87887	-7.14515	10.76070	-0.66203
2675.565	20.22230	-11.52297	10.66078	-0.55129
2679.573	17.66889	-11.23010	10.64331	-0.76247
2683.570	15.53518	-10.25261	10.56502	-0.67428
2687.570	13.85335	-6.66714	12.57056	-1.50434
2691.584	13.92657	-6.91464	10.71583	-0.58576
2695.575	17.73461	-7.65358	10.62938	-0.61367
2699.566	21.24252	-10.48178	10.68614	-0.84049
2703.574	17.61042	-7.47408	10.71542	-2.04462
2707.570	20.57579	-12.83516	10.65204	-1.37961
2711.571	20.62306	-13.96740	10.45718	-1.05165
2715.570	17.74850	-13.28048	10.47360	-2.54220
2719.567	13.91367	-10.11462	10.64803	-1.81594
2723.574	13.97459	-5.75476	10.61186	-1.70238
2727.570	15.25801	-6.39010	10.70603	-1.20947
2731.571	15.49628	-5.95314	10.81595	-1.98514
2735.565	16.29148	-5.78368	11.24626	-1.65114
2739.572	15.31277	-5.21966	11.10708	-1.58161
2743.574	18.71779	-8.82719	10.91050	-1.72341
2747.571	18.08908	-9.24333	10.98702	-2.36007
2751.583	16.02282	-9.59466	10.90559	-1.70691
2755.573	16.70490	-8.41314	11.03286	-2.29257
2759.573	14.34298	-6.92751	11.20973	-2.23365
2763.568	16.78144	-4.61618	11.11358	-2.20179
2767.570	12.48196	-2.32589	11.17097	-2.12679
2771.565	15.62119	-2.93271	13.81640	-2.24725
2775.573	19.58313	-10.70334	11.25731	-2.96258
2779.570	13.71032	-4.85723	10.15454	-2.44021
2783.574	12.45369	-2.89839	8.82390	-2.19054
2787.570	9.46172	-3.92496	7.82124	-1.51525
2791.574	4.74496	-3.13770	5.90868	-1.94234
2795.573	2.13229	-2.64013	4.74602	-2.23960
2799.572	0.17918	-3.25118	0.03909	-0.53998
2803.565	-0.07676	-4.66567	-1.58842	-1.50990
2807.572	3.50764	-4.11370	-3.50820	-1.37620
2811.572	-5.78300	-1.80320	-3.82865	-1.18943
2815.565	-5.71831	-1.41073	-6.38829	-0.74300
2819.572	-6.13998	-3.55521	-6.63649	-0.78982
2823.568	-6.49078	-3.23439	-8.69273	-0.10287
2827.574	-10.32087	-4.05328	-9.15928	0.35088
2831.565	-10.57879	-2.00875	-10.45279	-0.59543
2835.572	-12.19420	-3.21415	-11.30290	-0.01569
2839.593	-11.47033	-2.61099	-12.92830	-0.10145
2843.569	-12.37468	-3.71766	-10.92686	0.47074
2847.567	-13.38461	-2.93344	-11.37212	0.07474
2851.572	-13.44524	-1.70217	-11.28087	0.13269
2855.574	-12.82417	-1.60867	-11.59394	0.05000
2859.569	-12.47591	-2.77742	-11.65080	0.31940
2863.568	-11.41452	-2.53422	-11.64816	0.73639
2867.575	-12.84763	-1.91427	-12.04889	0.20168
2871.568	-12.85716	-2.01967	-11.80238	-0.14947
2875.568	-12.71361	-1.53068	-12.25360	-0.82663
2879.572	-11.19659	0.05341	-12.48558	-0.05066
2883.567	-12.59141	-1.33754	-12.15803	0.12505
2887.568	-12.57621	-1.27191	-12.16316	0.90388
2891.562	-10.67548	-1.72315	-12.26469	0.54834
2895.573	-11.26381	-1.15050	-12.19614	-0.26027
2899.567	-11.54297	-1.04817	-12.06572	-0.13042
2903.569	-11.89464	-1.03753	-12.15101	-0.94967
2907.563	-11.85164	-0.86410	-12.51976	-0.76213
2911.571	-12.03439	-1.33164	-12.11377	-0.56020
2915.565	-11.15568	-2.22248	-12.28431	0.40433
2919.568	-11.47920	-2.15497	-12.14103	0.53106
2923.568	-11.73502	-2.62660	-12.13294	0.70226
2927.562	-11.65558	-2.28916	-12.08793	0.09134
2931.569	-11.84066	-2.46520	-12.04220	-0.04703
2935.565	-11.19425	-0.76913	-11.26421	0.03241
2939.564	-11.55242	-1.47478	-11.33325	0.11400
2943.570	-11.65082	-1.01261	-11.60982	0.49788
2947.565	-10.91270	-1.43117	-12.03937	0.27192
2951.572	-12.17298	-1.22796	-12.14430	0.39731
2955.569	-12.97043	-1.68252	-12.88662	0.44427
2959.564	-11.93163	-0.80004	-12.06026	0.46234
2963.568	-11.61068	-1.45837	-12.40387	0.54407
2967.570	-11.67401	-2.27902	-12.45433	1.23533
2971.565	-11.82005	-1.67729	-12.32902	1.17407
2975.567	-10.88771	-1.78627	-12.16773	1.57266
2979.561	-11.97918	-2.16875	-12.33911	1.11962
2983.569	-12.00844	-2.24188	-12.24448	0.77956
2987.569	-12.38247	-1.56871	-12.26458	0.61655
2991.569	-12.02781	-1.66824	-12.15272	1.05106
2995.561	-10.67425	-1.79966	-12.49748	0.83884
2999.569	-10.28251	-1.76781	-12.42373	0.85223
3003.567	-11.03812	-1.57426	-12.27218	0.81643
3007.562	-11.44788	-1.87842	-12.30983	1.60541
3011.569	-11.56114	-2.14433	-12.44706	1.59725
3015.565	-11.55216	-1.95460	-12.58904	1.33816
3019.566	-11.51823	-1.96546	-12.74976	1.19846
3023.563	-12.39191	-2.07922	-13.08435	0.85431
3027.567	-11.52676	-2.02167	-12.68314	0.78459
3031.566	-11.15262	-1.88976	-12.72244	0.76438
3035.571	-11.78355	-2.05521	-12.87515	0.73195
3039.560	-11.77211	-1.97159	-12.82071	0.63433
3043.568	-11.46127	-1.99760	-12.92321	-0.13502
3047.566	-11.02354	-1.82785	-12.83762	0.18033
3051.566	-10.75493	-1.96762	-12.79614	-0.02573
3055.566	-12.19315	-0.05654	-13.09485	-0.16385
3059.602	-11.81586	-1.46962	-12.71337	0.48493
3063.566	-11.91438	-1.61586	-12.73380	0.66698
3067.568	-11.76597	-1.12073	-12.81585	0.71180
3071.563	-11.55161	-1.49936	-13.01670	0.79834
3075.565	-12.25856	-1.72949	-13.12936	-0.03383
3079.559	-12.36539	-1.48295	-13.09143	-0.28598
3083.567	-11.88915	-1.61329	-12.69639	-0.37504
3087.564	-11.69959	-1.27581	-12.37584	-0.34582
3091.564	-11.38566	-1.44992	-12.74593	-0.48821
3095.558	-10.76954	-1.43990	-12.74345	0.38864
3099.566	-11.81154	-1.19246	-12.50877	0.62339
3103.563	-11.54785	-1.16227	-12.45674	0.45890
3107.564	-10.58989	0.13779	-12.83847	0.16681
3111.558	-11.14663	-0.98960	-12.94304	-0.05556
3115.566	-11.98030	-0.66868	-12.01547	-0.01152
3119.563	-11.20054	-1.24081	-11.98887	0.00340
3123.593	-9.97503	-2.41645	-8.87532	-0.17373
3127.588	-10.53780	-3.89481	-7.61192	-1.11056
3131.573	-5.98078	-1.84922	-8.78367	-0.21923
3135.569	-7.31001	-3.17817	-6.35133	-0.12526
3139.571	-6.15007	-4.76699	-5.96890	-0.24316
3143.563	-4.63496	-4.44827	-5.93949	-2.31271
3147.571	0.26639	-5.07766	-5.90323	-2.16969
3151.569	-5.00521	-5.32074	-5.08544	-2.69282
3155.570	-0.52237	-5.99915	-5.30818	-3.33647
3159.580	-3.85264	-5.90665	-5.34125	-2.90678
3163.568	-3.89439	-4.88372	-5.93183	-2.36258
3167.568	-4.07263	-5.32895	-5.99951	-2.05487
3171.563	-1.26698	-5.86478	-6.01309	-2.15045
3175.572	-2.97851	-3.45409	-5.69622	-1.95617
3179.568	-2.50989	-3.46142	-5.10470	-1.82667
3183.570	-4.48473	-5.01522	-4.83543	-2.05975
3187.566	-6.61437	-5.26029	-4.91294	-2.18306
3191.588	-2.65617	-5.38754	-5.09315	-2.30988
3195.566	-3.16181	-4.18612	-4.66169	-2.32140
3199.440	-2.72711	-3.19928	-5.43868	-0.64722
3203.436	-2.47212	-3.91947	-5.91280	-0.66145
3207.443	-5.68335	-5.38447	-5.42997	-1.74668
3211.432	-3.52957	-5.29700	-5.49261	-1.99393
3215.441	-5.92316	-4.91406	-6.39533	-2.19952
3219.437	-3.12343	-2.05008	-3.56638	-3.12876
3223.441	-3.71320	-4.59818	-5.21663	-2.90391
3227.440	-4.54363	-5.48660	-5.66673	-2.16850
3231.437	-2.72578	-5.11809	-5.48922	-2.67060
3235.433	-0.15273	-4.93420	-5.47407	-2.41449
3239.442	-4.88609	-4.14824	-6.04095	-2.65625
3243.438	-5.04265	-1.85513	-3.88372	-3.85677
3247.453	-5.45890	-2.54460	-7.11083	-3.81494
3251.441	-4.57990	-4.36455	-6.10266	-2.40903
3255.437	-3.42413	-5.07369	-5.29231	-3.41324
3259.454	0.18147	-7.14162	-6.84950	-2.77853
3263.438	-5.00226	-3.64661	-4.39639	-3.20900
3267.435	-4.89143	-4.02378	-5.38944	-2.81184
3271.456	-4.02813	-4.87939	-6.61957	-2.57645
3275.438	-4.22871	-3.41666	-5.58203	-2.46572
3279.438	0.10525	-7.50473	-6.01930	-2.32885
3283.436	-4.24865	-2.45285	-6.67706	-0.58039
3287.436	-1.92307	-5.28717	-5.93407	-2.55320
3291.442	-4.11458	-4.44110	-5.06355	-2.15391
3295.439	-0.06341	-4.96563	-5.29647	-2.43143
3299.437	-5.98810	-2.51169	-3.04724	-2.84670
3303.435	-3.13353	-2.51816	-5.82437	-2.39712
3307.438	-3.93645	-4.22469	-5.49047	-2.10414
3311.433	-3.81602	-4.13508	-5.51578	-2.16175
3315.435	-4.10241	-6.40433	-6.61648	-3.02875
3319.437	-4.10910	-2.50313	-5.38885	-2.28028
3323.434	-4.26844	-4.23386	-5.44618	-2.34346
3327.448	-3.82334	-4.29703	-5.41536	-2.21327
3331.449	-4.03532	-4.19270	-4.94765	-2.50231
3335.435	-4.11295	-4.76644	-5.28303	-3.15688
3339.435	0.25934	-7.07104	-4.80426	-3.13509
3343.430	-3.05452	-3.84592	-5.35123	-2.58730
3347.438	-3.23504	-3.29299	-5.47306	-3.31849
3351.435	-3.52358	-4.51007	-5.27575	-3.42024
3355.434	-4.01398	-4.03501	-5.19812	-3.02621
3359.441	-5.93917	-4.86840	-4.54765	-2.22940
3363.434	-2.33026	-3.82000	-5.18143	-3.39881
3367.434	1.61582	-2.80621	-3.86622	-2.00401
3371.430	-5.59988	-4.72644	-0.52823	-2.12853
3375.438	-1.78629	0.01098	1.78902	-0.96369
3379.434	-1.53064	-3.58454	6.78928	-3.72937
3383.436	5.25963	-2.06265	6.85165	-3.27498
3387.439	5.21592	-3.77556	5.76084	-3.31419
3391.433	6.43900	-5.07627	6.69072	-3.05627
3395.443	4.33954	-3.18946	6.29023	-2.57670
3399.434	4.15292	-1.37294	6.76674	-1.93347
3403.429	4.75864	-2.92097	8.28767	-2.66173
3407.438	4.87172	-0.85307	6.13162	-2.38105
3411.432	5.16420	-2.92979	6.19402	-2.70378
3415.439	5.10957	-5.29733	5.96520	-2.51539
3419.434	6.36464	-4.16288	6.28675	-2.15751
3423.437	6.16395	-4.47016	6.41185	-2.22083
3427.432	8.78600	-4.77674	6.87638	-2.11756
3431.434	8.47629	-5.08111	6.74009	-2.34701
3435.430	8.49044	-6.31163	6.46826	-3.13950
3439.453	8.68405	-5.12828	6.42366	-3.42835
3443.433	6.28190	-4.44790	6.39369	-3.66358
3447.435	6.30941	-4.64583	6.61063	-3.99579
3451.438	7.20978	-4.92623	6.42111	-3.61019
3455.438	7.15880	-4.75008	6.41589	-3.64414
3459.429	6.51689	-4.64513	6.53269	-3.16811
3463.436	6.64885	-2.85544	6.54879	-3.09115
3467.437	7.20653	-3.81076	6.44344	-2.85708
3471.433	6.83443	-3.61290	6.39094	-3.02587
3475.434	7.53720	-3.06881	6.41359	-3.05285
3479.429	7.64193	-3.52525	6.48149	-2.86450
3483.436	7.19664	-3.23237	6.44263	-2.68137
3487.434	6.56032	-3.62658	6.28342	-2.77213
3491.434	6.92273	-3.37202	6.25843	-2.53914
3495.451	6.61131	-3.19830	6.06583	-2.52107
3499.448	6.14555	-3.48493	6.20553	-2.49745
3503.456	8.88111	-3.94545	6.18664	-2.43750
3507.433	9.32751	-3.83246	6.19775	-2.33604
3511.441	9.38530	-6.02206	6.23057	-2.23024
3515.438	8.12807	-3.52129	6.21475	-2.08336
3519.437	7.08058	-0.34913	6.08166	-2.06559
3523.434	7.70989	-3.24602	6.15475	-2.23404
3527.440	6.62184	-1.03323	6.25061	-2.18408
3531.443	6.27940	-1.95003	6.29644	-2.11197
3535.442	6.10242	-1.62140	6.36533	-2.04416
3539.440	5.79128	-1.09297	6.32051	-2.04596
3543.436	4.52925	-0.08455	6.37922	-2.06013
3547.432	3.70403	-1.29742	6.31840	-2.04666
3551.441	2.97886	-2.14706	6.22635	-2.04263
3555.434	3.69916	-1.29458	6.17016	-1.96028
3559.433	8.69062	-3.46774	6.19368	-1.99556
3563.451	6.35005	-1.96916	6.15333	-2.11560
3567.431	6.80142	-1.44196	6.19179	-2.06504
3571.426	7.38532	-4.07991	6.15119	-2.03443
3575.447	6.92281	-4.27881	6.27998	-2.02330
3579.431	6.01270	-3.71783	6.19449	-2.09957
3583.431	7.05934	-4.30787	6.28408	-2.12990
3587.437	8.57595	-3.50879	6.15156	-2.02301
3591.429	7.22910	-3.55365	6.34751	-1.88941
3595.431	8.98034	-4.39153	6.32723	-1.73881
3599.453	7.34604	-4.42054	6.37202	-1.88382
3603.432	7.45274	-4.40958	6.54225	-1.58993
3607.441	7.67882	-3.69537	5.54747	-2.06553
3611.436	7.85680	-4.70056	6.65772	-1.99465
3615.437	8.61370	-4.42410	6.49631	-2.70575
3619.431	9.83908	-4.56482	6.30524	-3.11493
3623.439	8.01328	-4.44501	6.35295	-2.25741
3627.446	8.12189	-3.29183	6.33831	-3.00795
3631.427	3.63095	-1.08972	7.44681	-1.37586
3635.433	7.67860	-4.77240	11.07754	-1.32154
3639.430	10.34254	-4.10801	11.09057	-1.11784
3643.429	12.64910	-3.48441	12.71391	-1.31127
3647.426	14.27646	-5.17033	12.36165	-1.16152
3651.436	14.01052	-4.21406	12.46507	-1.03353
3655.430	14.05855	-4.01229	12.67142	-2.63215
3659.426	14.35864	-3.17447	12.22139	-1.74099
3663.437	15.27330	-4.35033	11.63194	-1.33156
3667.433	14.90656	-4.37224	12.69526	-3.48441
3671.427	15.52096	-5.13448	11.72612	-4.65338
3675.431	15.43694	-5.16951	11.25493	-4.32641
3679.430	16.20680	-8.87106	11.55261	-2.32783
3683.430	14.71554	-3.86659	12.73170	-1.78561
3687.441	14.37168	-3.80367	11.61116	-1.50556
3691.431	14.63432	-3.78094	11.76078	-1.57901
3695.429	14.64452	-4.39963	11.74656	-1.56988
3699.434	14.67056	-3.91844	12.15066	-1.60623
3703.428	15.35514	-5.15529	11.69212	-1.50899
3707.435	14.54632	-5.26678	12.14006	-1.37261
3711.424	14.53121	-5.20855	12.02143	-1.25888
3715.432	17.53073	-8.47147	11.89609	-1.19872
3719.428	16.81901	-8.43017	11.71691	-0.76649
3723.429	14.50444	-3.60324	11.73352	-0.86953
3727.425	16.81465	-8.45696	11.91372	-1.22224
3731.430	14.57713	-3.61466	12.00540	-1.24032
3735.433	14.03746	-5.15208	11.92272	-1.60245
3739.431	15.31477	-5.32869	11.92795	-1.19105
3743.424	15.18328	-4.97763	11.81168	-1.56842
3747.439	14.79746	-4.92169	11.85970	-1.31291
3751.427	15.20519	-8.28666	11.76842	-1.05440
3755.423	16.25377	-8.08983	11.88796	-0.81507
3759.427	21.48925	-10.19435	12.30786	-0.40852
3763.427	21.08263	-10.66367	11.79361	-0.76173
3767.423	15.84360	-5.12525	11.66042	-0.80893
3771.426	14.55077	-5.08069	12.02131	-1.70604
3775.427	14.96043	-5.07702	12.02883	-1.26756
3779.423	13.81249	-4.86736	12.16055	-1.13675
3783.435	14.49916	-4.97466	11.68679	-0.93836
3787.427	14.28501	-5.00304	12.43556	-1.38865
3791.428	13.96187	-4.78542	12.06660	-1.15587
3795.421	13.83035	-4.60708	12.01203	-1.85257
3799.431	14.87503	-4.69431	12.41125	-2.38617
3803.606	13.59253	-4.26629	11.76592	-2.12368
3807.434	14.36010	-4.24163	12.12511	-2.52476
3811.431	12.33875	-4.85539	11.35000	-1.23127
3815.425	10.05298	-2.01670	10.28974	-1.84652
3819.430	6.38927	-1.76534	6.80213	-0.27832
3823.426	3.92655	-2.40238	6.08966	-1.05772
3827.432	4.00225	-0.54793	2.51779	-0.05807
3831.426	0.02179	-1.59957	0.33456	2.60975
3835.430	0.18335	-1.36475	0.21929	2.73657
3839.425	3.69407	-2.47212	1.93804	-0.12090
3843.430	3.55997	-1.87564	2.29480	-0.80201
3847.423	3.26700	-1.31248	1.64803	-0.58618
3851.432	2.66053	-0.62957	1.43644	-0.21396
3855.426	1.39549	-1.10334	2.24864	-0.62544
3859.427	0.08756	-1.35286	2.01551	-0.83532
3863.431	0.80270	-1.58181	1.72686	-0.35682
3867.429	-0.33843	-2.21022	2.33903	-0.22125
3871.458	1.32520	-1.34162	0.63270	-0.09425
3875.436	-0.22008	-2.40040	-0.34561	-0.17213
3879.427	1.31955	-2.43093	-2.86326	0.71996
3883.422	2.58544	-1.47972	-3.89419	0.68930
3887.461	2.14679	-0.78314	-0.66717	1.76997
3891.425	0.60235	-1.53773	1.82383	2.33067
3895.425	3.36023	-2.51955	0.95413	1.61931
3899.420	3.01697	-2.67257	0.14235	1.07005
3903.427	3.38780	-2.88158	0.11453	2.40743
3907.426	1.23260	-1.38050	0.06396	1.73347
3911.425	2.66788	-1.49753	1.35864	0.20097
3915.422	5.38622	-2.78236	0.95023	1.65362
3919.422	3.67301	-1.17328	-5.38348	1.12869
3923.428	2.15586	-2.55159	-0.01814	1.94211
3927.428	1.10415	-2.23411	-5.17799	1.55862
3931.425	1.05111	-1.46683	-4.79765	1.85661
3935.419	1.37054	-1.68790	0.31486	1.26246
3939.430	1.18597	-1.51398	-0.18293	2.43835
3943.427	2.12602	-1.52912	0.98588	2.06054
3947.419	0.93867	-0.71026	1.06190	0.79402
3951.427	1.62148	-1.18714	0.61707	1.82127
3955.432	1.17227	-2.35277	0.64488	1.31080
3959.419	-0.00099	-1.86804	0.96065	1.73904
3963.428	0.76431	-1.75504	1.14178	2.01778
3967.423	1.09472	-1.38946	3.31197	-0.14679
3971.424	0.60511	-1.07407	3.62941	0.36650
3975.429	0.33920	-1.40896	0.40162	-0.84544
3979.423	0.24892	-1.08371	0.80136	-0.76186
3983.426	0.36861	-1.44432	0.28133	-0.43430
3987.419	1.90438	-1.81898	1.12214	-0.25192
3991.439	2.43915	-1.90541	1.20879	-0.79345
3995.426	2.71189	-2.10789	0.74355	-0.37909
3999.424	2.07504	-2.08199	1.23325	0.12295
4003.429	2.94686	-1.21172	1.28321	0.38379
4007.452	2.92604	-2.78844	1.60866	-0.50745
4011.430	0.77923	-1.04308	-2.37126	-1.74536
4015.423	0.32699	-2.33399	-0.70518	-0.81270
4019.424	0.22589	0.63504	-2.48242	0.97576
4023.420	0.30439	-0.80669	-1.14260	-0.38364
4027.428	1.84332	-0.35659	-1.10155	-2.19997
4031.423	3.36619	-2.51278	0.61846	-0.35760
4035.425	3.14642	-0.72655	-1.04084	-1.73654
4039.422	3.30510	-1.39058	-1.28956	-1.28344
4043.425	3.58151	-1.57947	-1.23040	-2.33865
4047.424	3.45306	-1.09135	-1.32659	-1.94360
4051.298	3.52427	-1.55499	-1.24004	-2.33314
4055.293	3.11784	-1.89567	-1.30459	-2.41601
4059.299	3.25760	-0.90476	-1.88742	-0.90069
4063.297	3.14258	-1.37458	-0.79548	-1.45913
4067.300	3.34484	-1.54963	-1.58262	-1.19052
4071.299	3.30482	-1.78742	-0.78307	-0.85536
4075.305	3.42651	-2.01758	-1.93276	-1.29252
4079.301	3.45353	-1.81876	-0.46718	1.88513
4083.298	3.37470	-1.87640	0.58803	0.12782
4087.299	3.17948	-2.37139	-0.98822	0.72913
4091.293	2.26262	-2.68202	0.75409	0.18069
4095.300	1.89032	-1.87760	0.78270	0.64778
4099.296	3.21060	-4.44651	1.47253	-0.34459
4103.297	2.91720	-2.05471	1.16632	-0.63176
4107.322	3.02437	-1.61383	1.13027	0.33768
4111.300	2.86022	-1.36271	2.61124	0.48811
4115.297	3.13286	1.22419	-0.23882	1.44036
4119.296	3.11076	1.35908	-6.84734	0.45011
4123.291	3.03578	0.57977	-7.28886	4.30720
4127.299	3.28699	2.65088	-5.42159	4.41681
4131.296	-1.40864	5.38467	NaN	NaN
4135.292	3.33601	9.94415	23.26341	12.55946
4139.299	NaN	NaN	NaN	NaN
4143.300	NaN	NaN	NaN	NaN
4147.297	NaN	NaN	NaN	NaN
4151.300	NaN	NaN	NaN	NaN
4155.396	NaN	NaN	NaN	NaN
4159.510	NaN	NaN	NaN	NaN
4163.298	NaN	NaN	NaN	NaN
4167.300	NaN	NaN	NaN	NaN
4171.318	NaN	NaN	NaN	NaN
4175.302	NaN	NaN	NaN	NaN
4179.301	NaN	NaN	NaN	NaN
4183.302	NaN	NaN	NaN	NaN
4187.302	NaN	NaN	NaN	NaN
4191.300	NaN	NaN	NaN	NaN
4195.301	NaN	NaN	NaN	NaN
4199.298	NaN	NaN	NaN	NaN
4203.296	NaN	NaN	NaN	NaN
4207.298	NaN	NaN	NaN	NaN
4211.631	NaN	NaN	NaN	NaN
4215.306	NaN	NaN	NaN	NaN
4219.304	NaN	NaN	NaN	NaN
4223.305	NaN	NaN	NaN	NaN
4227.325	NaN	NaN	NaN	NaN
4231.600	NaN	NaN	NaN	NaN
4235.782	NaN	NaN	NaN	NaN
4239.319	NaN	NaN	NaN	NaN
4243.461	NaN	NaN	NaN	NaN
4247.698	NaN	NaN	NaN	NaN
4251.701	NaN	NaN	NaN	NaN
4255.879	NaN	NaN	NaN	NaN
4260.034	NaN	NaN	NaN	NaN
4264.039	NaN	NaN	NaN	NaN
4268.166	NaN	NaN	NaN	NaN
4271.969	NaN	NaN	NaN	NaN
4275.308	-13.88322	1.04293	-17.26438	1.74321
4279.297	-15.55077	5.26950	-17.24458	-0.95893
4283.299	-15.17406	4.88665	-17.31430	-3.66010
4287.291	-13.62287	-3.36179	-14.63560	-5.45863
4291.297	-15.14063	1.17911	-17.26178	-5.74317
4295.330	-15.05753	1.71227	-17.12988	-7.67442
4299.302	-15.16511	-3.15849	-17.12795	-6.40543
4303.296	-2.87824	-6.99655	-17.05566	-6.88517
4307.304	-2.53070	-6.87727	-17.05471	-7.51715
4311.300	-3.57446	-3.12312	-16.70581	-7.43473
4315.300	-3.21649	-6.49481	-15.51175	-6.89643
4319.327	-3.45818	-6.35989	-14.91935	-7.05704
4323.298	-3.86474	-6.22610	-14.66199	-7.20947
4327.300	-7.66036	-3.92676	-14.33900	-7.18744
4331.306	-7.46704	-2.91067	-13.73781	-7.11972
4335.301	-7.76221	-3.15081	-13.43958	-6.85010
4339.292	-8.10902	-0.88580	-13.27196	-7.37470
4343.293	-11.98937	-1.78529	-12.48568	-7.38553
4347.294	-9.82855	-4.84194	-9.90980	-7.41409
4351.294	-8.36156	-5.22334	-9.98646	-7.87021
4355.289	-7.87138	-4.19344	-9.97257	-8.02548
4359.293	-7.60614	-5.54144	-10.11707	-7.50687
4363.293	-7.42090	-2.95853	-10.01842	-8.03751
4367.288	-7.03130	-3.42975	-9.96494	-7.31705
4371.296	-7.22392	-3.55814	-9.91693	-7.69367
4375.291	-7.41270	-4.78460	-11.16077	-7.84070
4379.288	-9.05255	-4.87186	-9.85736	-7.75135
4383.295	-8.45354	-3.85397	-9.73525	-7.59671
4387.290	-3.19583	-9.32435	-9.63189	-7.31743
4391.292	-3.00277	-7.65724	-9.63727	-6.94940
4395.287	-8.34995	-3.75664	-9.99337	-7.45613
4399.295	-8.84973	-4.13681	-9.79325	-5.78344
4403.291	-9.00992	-4.54878	-8.65987	-9.27873
4407.293	-8.28442	-4.21206	-9.62577	-5.99363
4411.286	-8.07173	-3.19568	-9.75550	-6.18221
4415.295	-7.66758	-3.34718	-9.70357	-6.81601
4419.295	-7.20941	-3.49877	-9.74328	-6.92599
4423.293	-7.73582	-3.71520	-10.01948	-6.75962
4427.286	-7.56788	-4.01978	-9.75230	-6.76601
4431.295	-7.88329	-3.48389	-9.90258	-7.01694
4435.291	-7.54708	-4.53788	-9.95459	-6.73071
4439.297	-7.72541	-5.03501	-9.81245	-6.91909
4443.296	-7.83390	-5.08992	-9.86669	-6.49083
4447.290	-7.51961	-7.79491	-10.09814	-5.95207
4451.292	-7.62155	-5.20747	-9.73429	-3.43640
4455.286	-7.25169	-5.02295	-6.01274	-4.25985
4459.296	-5.90826	-2.97986	-5.88036	-4.01195
4463.291	-5.38978	-2.44802	-4.06537	-3.94894
4467.287	-4.36249	-2.35891	-5.78047	-2.15701
4471.295	3.49663	-2.24829	-0.84878	-2.87763
4475.294	0.46393	-2.48509	-0.81052	-0.79499
4479.290	-2.38033	-2.22139	-0.93502	-0.52090
4483.324	-1.57297	-0.84884	-1.07793	-0.64313
4487.299	0.72260	1.16614	-1.19648	-0.40914
4491.298	-0.95949	-1.25498	-1.44545	-0.35140
4495.294	3.75138	-2.44176	1.11546	-0.51131
4499.308	3.58813	-2.36269	-1.33225	-0.13656
4503.294	3.48914	-3.34553	-1.10872	0.03503
4507.286	3.63799	-2.76083	-1.32394	0.17909
4511.295	3.68730	-2.72604	-1.32932	0.17593
4515.289	3.28756	-2.90578	-1.49230	-0.00864
4519.291	3.17663	-3.02138	-1.55514	0.57215
4523.285	2.26118	-2.99658	-0.97844	1.14925
4527.293	-1.57493	-2.96805	-1.58626	0.36337
4531.290	-1.15982	-2.93244	-1.52310	0.25973
4535.286	-1.75453	-2.01530	-1.10432	0.58301
4539.292	1.01903	-2.43969	-1.19713	0.39233
4543.306	0.60049	-2.14813	-1.22586	0.24202
4547.289	0.73848	-1.89852	-1.06629	0.39242
4551.290	-1.59891	-2.54564	-1.26443	0.26552
4555.292	0.57245	-3.08487	-1.16394	1.05732
4559.293	0.81466	-2.77201	-1.45834	0.78731
4563.292	1.18989	-3.37252	-1.08914	-0.11034
4567.283	1.27383	-3.80232	-2.01523	0.08833
4571.295	1.05843	-2.94245	-1.89607	-0.33073
4575.289	1.80176	-3.53724	-2.68806	0.03289
4579.292	2.12729	-4.07720	-1.55968	-0.37938
4583.284	2.28690	-4.72521	-1.28710	-0.82334
4587.288	1.95562	-4.09360	-1.24803	-1.47035
4591.288	-1.45061	-2.62601	-0.18564	-1.75243
4595.283	2.32127	-4.02266	-0.89614	-1.01861
4599.294	3.15283	-3.76592	-0.19829	-1.19333
4603.289	-0.92463	-2.07884	-0.62970	-1.28895
4607.289	2.64086	-3.64499	-0.21527	-1.33127
4611.285	-0.22725	-2.59201	0.11602	-0.69996
4615.292	0.06822	-2.41207	0.57684	-0.55526
4619.289	0.28890	-2.71717	1.65374	-0.94168
4623.291	-0.10279	-2.12616	0.23214	-1.52822
4627.296	2.12342	-1.94601	-0.56937	-0.88561
4631.283	0.65779	-1.41128	-0.18338	-1.11084
4635.290	0.45267	-1.74049	-0.43996	-1.90284
4639.288	0.45093	-2.26886	-0.99392	-2.18171
4643.288	-3.63547	-2.70964	-0.76883	-1.94390
4647.283	1.02662	-2.18983	-2.56924	-1.61491
4651.291	0.49272	-1.65870	-0.63699	-2.01846
4655.288	-0.04078	-1.24273	-0.94247	-1.80922
4659.285	0.85108	-2.16488	-5.20026	-1.98902
4663.290	1.52612	-1.73139	-3.93001	-2.12867
4667.297	1.92515	-1.87820	-1.25694	-1.69585
4671.288	1.11606	-2.53995	-2.48292	-1.77133
4675.283	1.65339	-3.16479	-1.79519	-1.79895
4679.294	1.90552	-1.62048	-1.52002	-1.93190
4683.288	2.05531	-2.09139	-1.44517	-1.87619
4687.329	2.31351	-2.63286	-1.46931	-1.99281
4691.296	2.60158	-2.81364	0.60908	-2.09205
4695.289	2.78362	-1.74519	-0.34759	-2.24594
4699.294	2.55510	0.19048	-1.82919	-1.89210
4703.294	-3.29162	-2.00257	-3.53159	-0.47817
4707.292	-0.64024	-1.89143	-6.16635	2.24284
4711.289	-0.71958	-0.91462	-6.04470	1.15639
4715.295	0.12252	-0.63045	-6.04490	-2.00971
4719.294	0.78459	-0.29933	-4.12238	-2.15128
4723.293	-1.57334	-1.80466	-4.39970	-1.98569
4727.291	-0.56692	0.04473	-2.97997	-2.58195
4731.295	-1.42424	-0.67481	-2.62816	-1.88247
4735.291	-1.29911	-1.72285	-1.73891	-1.73188
4739.293	0.01861	-1.42962	-2.21586	-0.62762
4743.305	0.47381	-1.31206	-2.20272	0.52943
4747.293	0.18288	-2.06245	-1.80665	-1.54179
4751.321	0.63598	-1.44632	-1.61942	-0.99282
4755.293	0.88242	-1.52083	-3.13259	0.07530
4759.288	1.14938	-0.75224	-2.08272	-0.13939
4763.285	0.98057	-2.25141	-1.48270	-0.98427
4767.282	1.34182	-1.76948	-2.56317	-2.05360
4771.289	1.25443	-2.09640	-2.02339	-1.08542
4775.286	1.35122	-2.23951	-2.24245	-0.67853
4779.284	1.60221	-1.67067	-1.62787	-0.74146
4783.279	1.98517	-2.26420	-1.60447	0.13128
4787.292	1.95539	-2.91709	-2.27377	-0.60507
4791.287	1.86806	-2.39416	-0.35469	-0.75158
4795.281	2.18040	-1.87123	-1.18855	-0.76569
4799.287	2.03538	-2.09459	-1.37074	-0.61439
4803.285	2.23189	-1.99185	-1.98640	-0.74417
4807.285	2.23541	-2.68799	-1.69465	-0.72243
4811.280	2.20741	-2.10373	-1.76041	-0.84657
4815.286	2.16952	-2.24737	-1.61870	-0.59287
4819.285	2.34082	-3.21958	-1.66745	-0.66674
4823.320	2.30293	-2.63702	-1.10695	-0.73908
4827.289	1.93926	-2.89720	-0.93366	-0.74434
4831.285	2.14867	-2.66304	-1.08433	-0.79081
4835.285	2.14233	-2.61211	-1.54227	-0.88886
4839.288	2.06188	-3.01575	-1.50614	-0.75355
4843.285	1.75297	-3.13695	-1.56305	-0.97850
4847.284	1.68796	-3.24202	-0.61861	-1.44054
4851.279	1.51003	-1.94064	-1.17230	-0.89130
4855.291	1.22804	-2.62719	-1.53476	-1.04683
4859.288	0.93207	-3.06284	-1.53500	-2.52169
4863.280	0.51691	-3.08913	-1.55350	-1.02479
4867.287	-1.27629	-1.15596	-1.56352	-2.57481
4871.285	-1.06175	-1.54359	-1.20246	-1.03858
4875.284	-0.75975	-2.87385	-0.76265	-1.36973
4879.286	-1.00916	-1.22183	-1.34993	-1.25438
4883.285	-0.80124	-1.90400	-1.16161	-1.31144
4887.288	-2.28754	-0.48719	-1.17344	-0.64959
4891.287	-1.38498	-1.24523	-1.31382	-0.86970
4895.286	-1.85425	-1.74383	-1.63978	-0.95889
4899.290	-0.84369	-0.64168	-1.77900	-2.78441
4903.286	-1.25349	-1.01084	-3.01467	-1.01365
4907.159	-1.68863	-0.54990	-3.80550	-0.29478
4911.155	-1.48079	-1.58050	-5.27301	1.36732
4915.286	-0.63553	1.79977	-5.73033	1.57110
4919.163	-0.90837	0.19733	-5.82309	1.84564
4923.165	0.23378	0.94775	-1.48895	1.27616
4927.155	-1.02397	0.08030	-1.95807	1.52665
4931.162	-1.05915	-0.31528	-2.04912	0.50852
4935.158	-1.02072	0.87625	-1.54113	1.07362
4939.154	1.94600	-3.07089	-1.73170	0.73831
4943.162	2.17804	-2.43415	-1.80680	1.88739
4947.158	2.51217	-2.07012	-1.69649	1.29112
4951.158	2.68271	-2.42395	-2.66994	2.05093
4955.177	-0.71727	-0.28758	-1.73269	1.13879
4959.184	-0.99869	-1.82383	-1.76314	1.26690
4963.163	2.37458	-2.96896	-1.70757	1.65696
4967.157	2.30685	-5.31000	-2.13832	1.03659
4971.162	0.88887	-2.45080	-1.99444	1.45147
4975.163	0.22105	-3.18803	-1.73331	-1.19609
4979.156	1.25406	-2.35101	-1.38518	-1.41992
4983.164	-0.05467	-2.82495	-1.53381	-2.12200
4987.162	-2.31584	-2.72299	-1.58773	-1.98866
4991.162	-2.35781	-2.19150	-0.65084	-3.17567
4995.155	-2.22830	-2.06561	-1.90445	-1.38984
4999.165	-1.68129	-1.87292	-1.92361	-1.22590
5003.162	-2.35618	-1.67976	-2.15827	0.27759
5007.157	-2.13187	-1.77405	-2.11975	-0.52993
5011.163	-2.04855	-0.91880	-2.19616	-1.20479
5015.161	-0.74087	0.07864	-1.79589	-0.72125
5019.162	-1.22695	-0.28736	-0.50666	-1.83841
5023.157	-1.92513	-1.53499	-1.42057	-0.93411
5027.199	-1.60747	-0.81803	-1.93160	-0.85776
5031.171	-0.68429	-0.23975	-0.07545	-1.40163
5035.162	-1.95487	-0.73715	-1.80811	-1.27605
5039.165	-2.28665	-0.38142	-2.28613	-0.81604
5043.162	-0.98430	-0.47737	-2.13814	-1.58977
5047.167	2.90829	-2.60443	-2.29208	-0.97138
5051.158	-0.43964	-2.06940	-0.16558	-0.64796
5055.165	-2.57278	-3.36887	-1.73938	0.14458
5059.163	-2.95562	-3.33595	-2.06386	1.19035
5063.166	-3.80352	-3.72032	-2.15011	0.97758
5067.162	-2.88873	-0.43569	-1.89116	1.07367
5071.163	-2.79976	-2.62848	-2.20984	1.13198
5075.157	-2.35035	-0.88992	-2.01439	1.05658
5079.164	-2.50989	-4.56688	-4.06478	1.02767
5083.161	-1.06986	-2.28546	-2.33608	1.33997
5087.162	-0.37812	-2.93659	-2.51287	1.65223
5091.157	-2.48361	-1.81277	-2.09492	1.13189
5095.163	-2.69230	-2.28509	-2.12773	1.78194
5099.158	-2.44581	-3.39549	-2.30640	1.59547
5103.164	0.00745	-2.48083	-2.05985	1.88234
5107.161	2.77349	-3.18295	-2.05717	1.73568
5111.160	-2.57125	-2.33116	-2.10560	1.58385
5115.158	-1.61895	-2.10572	-1.80340	2.11122
5119.164	0.65295	-2.03622	-1.95289	1.48270
5123.162	-0.20673	-1.85977	-1.99458	1.65508
5127.158	0.56868	-1.74230	-1.78575	-0.00966
5131.170	1.50676	-2.45295	-1.92317	0.10389
5135.164	-0.85371	-1.31116	-2.14255	-1.03299
5139.161	-0.02896	-1.11725	-3.47176	0.70300
5143.157	-0.50987	-0.96094	-2.13866	0.08160
5147.165	1.99840	-3.43985	-1.73380	0.39414
5151.161	0.25609	-0.14554	-1.46769	-0.54867
5155.162	-0.53823	-1.05637	-1.29675	-0.62666
5159.163	-1.49453	0.69014	-2.13730	0.01252
5163.181	-0.40189	0.04724	-1.08274	-0.21237
5167.159	-0.31183	0.10523	-2.82771	-0.25603
5171.159	1.89255	0.12892	-1.76765	0.03154
5175.156	-0.50920	0.97092	-3.17322	0.37228
5179.181	-1.13610	-0.42754	-2.26336	0.28691
5183.157	-5.27018	-3.65001	-2.78327	0.10754
5187.156	-1.91333	-0.73238	-1.98747	0.23431
5191.148	0.42698	-3.29415	-1.13558	0.23557
5195.158	1.70824	-4.74288	-1.36050	0.01545
5199.154	1.85881	-3.12017	-5.72146	0.24565
5203.153	2.55116	-4.45885	-5.87422	-0.39893
5207.147	3.20377	-3.11976	-5.25077	0.11041
5211.156	3.52027	-3.10082	-4.01727	-1.31312
5215.157	3.61995	-4.55425	-3.10740	-0.42235
5219.154	1.81964	-2.51153	-1.80283	-0.67921
5223.156	3.95686	-3.09375	-1.58287	-0.74892
5227.156	4.09523	-2.51399	-2.83358	-0.12655
5231.155	4.21447	1.37944	-2.03102	-0.22663
5235.150	-3.67368	-1.23319	-1.82700	-0.39837
5239.155	0.10905	0.40844	-2.23132	0.12614
5243.153	-0.92497	-1.98154	-2.66149	0.44928
5247.147	-1.72366	1.35957	-2.53233	0.69432
5251.159	-1.00876	-0.70614	-2.64896	0.73749
5255.159	-0.67848	-1.31628	-2.67122	1.32480
5259.159	-0.74918	-1.37994	-2.38935	0.74680
5263.153	-3.48818	-1.11503	-0.57860	0.32858
5267.152	-1.00789	0.07784	-0.28121	0.43445
5271.147	-2.09408	-0.87858	-0.62372	-0.13395
5275.155	-0.74699	-1.13129	-2.08592	-2.65024
5279.152	-0.92368	-0.81611	-2.02872	-0.98773
5283.152	-0.97467	-1.48327	-1.37409	-1.79460
5287.153	-2.00671	-0.39557	-2.29029	-0.79585
5291.155	-1.02605	-0.48730	-1.80871	-0.95300
5295.167	-0.91098	-0.61385	-2.02212	-1.12403
5299.154	-0.99477	-0.87563	-6.40128	-2.01318
5303.158	1.19758	-0.60333	-6.12953	-1.62211
5307.152	1.87022	-1.28403	-5.80911	-2.80787
5311.152	2.23196	-0.72193	-5.84166	-1.61083
5315.148	2.28797	-2.45395	-5.64523	-1.59167
5319.158	2.85494	-2.85710	-5.78123	-1.57808
5323.152	3.26757	-3.65356	-5.84890	-1.87351
5327.147	2.82732	-1.39842	-5.68951	-2.04650
5331.157	2.67744	-3.08522	-2.61758	-1.00596
5335.150	3.06174	-1.74813	-5.86138	-2.41164
5339.156	-3.05264	1.15644	-6.13225	-3.06762
5343.151	2.96723	-1.66505	-6.53713	-3.85551
5347.155	2.72360	-2.12840	-6.32277	-4.27594
5351.152	3.26643	-2.13973	-3.68419	-1.52589
5355.151	2.94859	-1.94604	-1.56161	-1.03492
5359.154	3.03880	-1.74923	-6.07771	-0.73917
5363.151	2.88740	-1.78882	-6.36599	-2.78794
5367.157	2.73085	-2.80761	-4.40535	-1.14419
5371.174	2.66796	-1.84703	-4.76051	-1.10491
5375.161	3.11485	-3.03826	-4.12614	-0.83464
5379.158	-1.85834	-0.00263	-2.95512	-0.93189
5383.155	-0.24001	0.24980	-3.09998	-1.37156
5387.160	-1.16508	0.15520	-3.16718	-0.93647
5391.186	0.52766	0.02030	-2.76180	-0.80891
5395.156	-1.11477	0.14882	-2.26440	-1.21568
5399.151	0.03306	-0.49369	-2.19831	-1.39266
5403.158	-0.93361	-1.27970	-1.89411	-1.56309
5407.155	-0.01159	-0.10402	-1.60335	-1.66742
5411.156	-1.12774	-0.29401	-1.72820	-2.01908
5415.150	0.98884	-1.68577	-1.88851	-1.85815
5419.159	-0.45155	-0.55172	-2.57890	-2.40713
