time (ms)	lx (deg)	ly (deg)	rx (deg)	ry (deg)
0.000	-5.10901	-1.61444	-4.30687	-1.58354
4.004	-5.12750	-1.28088	-4.48335	-1.78700
8.000	-5.13643	-1.29808	-4.43456	-1.76459
12.009	-5.32646	-1.08532	-4.72968	-1.57446
16.008	-7.95224	-3.30760	-4.69241	-1.74701
19.998	-4.87217	-1.17227	-3.96661	-1.12087
24.003	-5.46131	-3.21026	-4.26417	-1.63575
27.999	-5.04267	-1.02370	-3.87443	-1.85130
32.000	-4.89641	-0.29326	-3.82025	-2.33457
36.027	-3.96162	0.83300	-3.45084	-2.03120
40.015	-4.79312	-1.00510	-3.12445	-0.46467
44.002	-4.70515	-0.29562	-4.19306	-0.11266
48.005	-2.52654	3.74455	-4.19770	-0.99626
52.000	-3.95382	-1.02580	-4.60762	-1.91194
56.005	-3.76791	-1.93594	-3.95204	-2.37264
60.025	-4.05330	0.12327	-3.91756	-2.25280
64.009	-4.07182	-0.72960	-3.21302	-2.06269
67.999	-4.15053	-0.38573	-3.33963	-1.79107
72.001	-3.73465	-0.34454	-3.74273	-1.74590
75.998	-1.72924	-0.65385	-3.52880	-1.82650
80.003	-3.89046	-0.46945	-4.02863	-1.40595
84.001	-3.58870	-0.87259	-4.17810	-1.62601
87.998	-3.68732	-0.43906	-4.26457	-1.50154
91.997	-2.84096	-0.41714	-4.59951	-2.00751
96.007	-3.35669	-0.52110	-3.93297	-1.54418
100.002	-3.64034	-0.36186	-4.38405	-1.52721
104.005	-3.47337	-0.46826	-4.68181	-1.86036
108.005	-3.25783	-0.55930	-4.72576	-1.63331
111.999	-3.44770	-1.05106	-4.91570	-1.30072
116.000	-3.13590	-1.11573	-5.01546	-1.41985
119.999	-2.63286	0.25505	-5.12299	-1.88284
124.002	-3.18784	-0.08751	-4.83538	-1.49825
128.000	-3.44871	0.67725	-4.66741	-1.18445
131.998	-3.65606	-0.60266	-5.06237	-1.38979
136.002	-3.74085	-0.24870	-5.08650	-1.27579
140.004	-0.13590	-1.47814	-5.12344	-1.31560
143.997	-3.21001	-0.75019	-5.09411	-1.47347
147.997	-2.91007	-1.13801	-4.94578	-1.55461
152.002	-3.31623	-1.02278	-5.14732	-1.41278
156.000	-3.13316	-1.01622	-5.08350	-1.50224
159.997	-2.61548	-0.86468	-5.02100	-1.19868
163.996	-3.28217	-0.77006	-4.89042	-1.07252
168.000	-3.81896	-1.23881	-5.01438	-1.51200
172.004	-3.28278	-2.47305	-4.85445	-1.55677
176.004	-2.97369	-1.11788	-4.57635	0.28418
180.009	-2.57679	0.14338	-1.53572	2.19706
183.998	-2.23001	-0.45158	-1.51464	0.79008
188.001	-0.70005	-0.37807	1.57066	0.86886
191.998	-1.78607	-0.03080	0.33630	0.01198
195.997	-1.02104	-0.22612	0.04763	0.49307
199.997	-1.55311	0.41122	0.35064	1.05011
204.063	-1.28941	0.61101	0.22145	0.83802
208.004	-1.33847	0.77494	-0.37938	0.91582
212.003	-1.42300	0.89363	0.06222	1.03192
216.000	-1.37079	0.62925	0.21904	2.68704
220.002	0.58771	0.67282	0.39239	2.17284
224.002	-1.26894	-1.43640	1.79125	0.94280
228.003	-1.13447	1.15940	1.75495	0.90863
231.999	-0.16710	0.58654	2.22000	1.23530
236.001	-1.12506	-0.67780	0.41472	0.84891
240.024	0.78657	0.66974	-0.07520	-0.04137
244.004	0.04879	0.19288	0.24418	-0.37303
247.995	6.33275	2.38179	0.02943	0.26459
252.000	6.07977	2.37497	0.00965	-0.17215
255.997	5.66295	1.46036	-0.07314	0.28559
259.994	4.78341	1.68825	-0.50160	0.47509
263.999	0.91225	-0.13270	-0.08443	0.84158
267.998	-0.83121	0.31622	-0.04653	0.90304
271.998	-0.88686	1.55911	0.04720	1.19609
275.994	-0.80218	1.46581	0.27480	0.81680
279.993	1.25133	0.13169	0.16998	1.43448
283.998	-0.75965	1.85522	0.13037	0.82645
287.997	-0.38521	1.68276	0.10399	0.51528
291.996	-0.81081	1.36186	0.13414	1.03768
296.001	-1.04391	1.47150	0.05775	1.07383
299.995	-1.20301	-0.00402	-0.19087	1.11950
304.002	-1.19710	0.52235	-0.03425	0.82993
308.023	0.87937	-1.33132	-0.02191	0.24235
312.000	-0.82396	1.72028	-0.04557	0.96699
315.999	1.16612	0.23085	-0.09195	0.84282
319.996	0.28222	0.43783	0.10749	1.33609
323.998	-0.75548	1.43476	0.10448	1.40081
327.994	1.87835	1.13045	-0.08944	1.94807
331.999	-0.28195	0.59359	0.03298	0.92543
335.994	-1.30464	0.82768	0.19335	0.94534
339.994	-1.33736	0.31336	0.46706	1.14821
343.999	-1.18641	0.17748	0.08495	0.59733
348.000	-0.85138	0.31232	-0.30704	0.86932
351.996	-0.86123	0.27492	-0.01720	0.65664
355.997	-0.66826	0.76242	0.43112	0.72216
359.998	0.04802	0.42998	0.32471	0.73486
363.996	-0.00313	1.18767	0.24205	1.19481
367.994	-0.50582	0.94325	0.34166	0.69990
371.998	4.55433	1.85191	0.27389	0.80587
376.019	-0.63895	1.18437	0.23217	0.89225
380.001	-0.74486	0.83309	0.88421	1.04713
383.994	-0.03973	-0.94272	0.36933	0.90437
388.002	-0.58803	0.42387	0.41055	0.57853
391.995	-0.16395	0.63353	0.32595	0.12099
395.993	-0.24309	0.57740	0.44279	0.39936
399.993	-0.05716	0.70752	0.57372	0.98497
403.998	0.54314	-0.17309	0.60580	1.01438
407.994	1.44917	0.19622	0.98690	1.13904
411.995	0.88882	-0.16013	0.33352	0.10884
415.997	-0.43246	1.10381	0.03656	0.31377
419.996	4.55031	-0.33574	0.41286	1.02745
424.054	-0.71933	0.24907	0.08845	0.32736
428.008	-0.30841	0.69059	0.45185	1.14526
431.999	-0.73042	1.05074	0.23147	0.66515
435.993	-0.52860	-1.20610	-0.04447	1.12806
439.996	-0.94418	-0.59578	-0.20872	0.56261
444.020	-0.39998	-0.28051	-0.10066	0.97382
448.001	-0.98082	1.21226	0.33794	0.74522
451.993	-1.31357	0.16900	1.76529	0.96747
455.990	-0.46832	0.43601	0.28729	1.63379
459.996	0.21755	0.73166	0.59645	1.14777
463.995	-0.50835	0.90514	0.10930	0.60473
467.994	-1.13973	1.16568	1.53337	0.85511
471.996	-1.56137	0.87239	-0.32253	0.82606
476.000	-3.08107	-0.59227	0.26746	0.14917
479.990	-2.04208	-0.49996	-3.25389	-0.46866
483.995	-3.43197	0.26789	-3.01193	-1.38978
487.994	-3.32701	-0.08256	-2.72355	-1.89621
491.992	-3.39592	-0.53211	-4.58634	-1.48710
495.988	-4.11068	-3.29043	-3.99884	-2.51951
499.995	-6.24992	-1.20083	-4.50177	-3.10830
503.993	-3.59352	-2.26014	-5.82105	-3.68201
507.991	-8.96252	-0.93815	-6.61616	-2.04324
512.024	-4.70589	-0.89119	-6.94340	-2.09620
516.000	-4.10522	-2.24245	-6.57326	-2.48879
519.991	-4.77153	-2.16153	-6.47316	-2.48125
523.996	-4.54641	-2.39989	-5.18099	-2.98273
527.994	-4.61077	-2.21431	-5.35987	-3.10651
531.990	-5.04051	-2.05301	-5.20462	-3.30455
535.994	-5.42274	-2.14662	-6.16922	-3.15830
539.992	-5.34865	-3.14702	-6.26517	-3.32442
543.988	-5.62198	-3.23983	-5.99848	-3.34824
547.994	-7.67314	-3.37305	-6.02907	-3.12350
551.993	-5.47587	-2.77198	-5.44097	-3.35993
555.997	-5.70460	-2.32614	-5.82690	-3.35963
560.015	-4.92718	-1.60198	-6.02909	-3.30116
563.998	-4.94029	-2.66441	-5.82680	-3.13460
567.991	-5.08109	-1.78416	-5.77806	-1.64550
571.991	-7.27333	-1.25100	-5.54206	-2.36508
575.989	-4.91028	-3.87331	-5.37155	-2.85047
579.996	-6.03044	-2.78025	-5.42363	-2.77846
583.994	-5.60217	-2.33769	-5.90234	-3.06569
587.993	-4.99455	-0.90085	-5.26915	-2.58749
591.990	-5.09763	-2.79043	-5.63333	-2.06569
596.001	-5.89532	-1.92649	-5.22850	-2.79776
600.026	-7.19473	-2.43359	-5.36718	-2.25297
604.003	-4.80362	-2.21197	-5.90423	-2.54799
607.998	-4.05503	-2.42648	-5.42390	-2.27803
611.993	-0.13233	-7.28090	-5.38442	-1.88781
615.989	-6.79144	-2.58458	-5.56352	-2.54072
619.989	-5.59157	-2.29203	-5.44635	-3.22136
623.996	-4.00867	-2.32363	-5.71534	-2.11945
627.992	-7.27668	-2.38664	-5.22119	-3.28376
631.989	-6.10671	-2.32539	-6.62584	-2.06410
635.999	-5.59302	-2.42761	-6.06419	-2.37896
639.998	-6.81272	-2.43573	-5.67620	-2.06278
643.989	-6.13009	-2.19869	-6.30431	-2.54310
648.047	-5.85188	-2.49575	-5.86998	-2.26351
651.995	-6.33137	-2.18796	-5.47299	-2.08674
655.993	-5.38860	-2.55517	-6.87743	-2.24913
659.865	-5.77846	-2.22303	-6.20303	-3.12416
663.867	-6.28756	-2.09710	-5.66425	-2.00804
667.871	-5.36914	-2.46253	-6.84164	-2.14935
671.864	-5.85647	-1.88732	-6.12249	-3.10315
675.864	-6.18939	-2.50734	-5.70625	-2.23383
679.860	-5.05156	-1.86139	-5.85460	-1.63102
683.871	-5.94941	-1.46075	-6.18549	-5.17482
687.865	-5.89004	-2.76254	-5.93247	-2.83844
691.863	-5.23534	-1.65415	-6.12835	-2.02006
695.861	-5.82073	-1.73899	-5.46959	-2.74787
699.866	-6.10414	-2.23822	-6.19331	-1.99672
703.863	-5.87265	-1.69195	-5.94580	-4.12794
707.863	-6.55805	-1.50201	-5.92618	-3.29779
711.860	-5.47520	-1.58350	-6.12892	-2.67179
715.866	-6.51270	-2.11403	-6.14251	-1.92840
719.870	-6.19106	-2.06480	-6.04031	-3.19937
723.863	-5.78863	-2.38533	-6.13135	-1.72906
727.870	-6.60215	-2.19418	-6.13839	-1.85268
731.866	-5.73583	-2.09133	-6.29891	-2.05942
735.862	-5.58434	-2.29524	-6.28761	-2.54787
739.858	-6.60583	-2.37910	-6.58099	-3.21225
743.865	-5.93473	-2.56193	-6.35167	-3.50929
747.863	-5.43329	-0.81195	-6.23935	-2.57803
751.863	-6.44657	-2.32383	-6.08959	-2.03378
755.860	-5.28067	-2.14438	-6.42572	-3.00190
759.866	-5.20723	-2.24419	-5.82707	-2.88129
763.864	-6.41827	-1.79238	-5.88849	-2.16281
767.869	-5.22357	-1.85310	-6.33814	-2.80394
771.860	-5.75345	-2.27739	-6.57930	-0.33979
775.865	-6.16098	-2.07871	-6.39165	-2.71675
779.862	-5.28396	-2.09376	-6.67493	-2.74486
783.864	-5.21333	-0.97702	-6.25568	-2.84578
787.872	-5.70826	-2.00329	-5.84397	-2.12509
791.860	-4.97800	-1.89896	-6.50207	-0.84636
795.866	-5.53171	-1.68478	-6.57348	-0.75004
799.862	-5.60069	0.94937	-6.84233	0.52015
803.862	-5.67268	1.12893	-6.74824	1.11884
807.863	-7.47231	1.25573	-7.68196	1.81067
811.869	-5.62618	2.98311	-7.14707	2.48619
815.863	-7.95161	3.02241	-10.39222	4.78967
819.862	-8.70626	4.93959	-9.14561	5.22465
823.866	-8.58214	4.75612	-9.92172	4.40302
827.862	-7.59444	5.10007	-7.45167	5.42493
831.861	-8.84610	6.00559	-10.16079	4.60256
835.865	-9.23662	5.31395	-9.23727	5.57771
839.861	-7.93160	5.73734	-9.45351	5.00504
843.863	-8.67190	6.13193	-9.15118	5.76549
847.862	-8.75235	6.00183	-8.43586	5.58878
851.872	-8.93065	5.65449	-7.00155	5.74090
855.903	-9.30793	5.78265	-9.33309	5.84315
859.862	-8.92793	5.73951	-9.68254	5.40467
863.859	-8.99474	5.64065	-9.48355	5.61268
867.858	-8.94719	5.98241	-9.51469	6.03770
871.865	-9.26563	5.67012	-9.60343	5.99719
875.862	-9.88863	5.26912	-9.45633	5.85220
879.863	-8.94460	5.79288	-9.41979	5.86688
883.862	-9.31868	5.71062	-9.89720	5.63643
887.865	-9.19307	5.68224	-9.42409	6.59070
891.866	-9.32917	4.99637	-9.48096	6.32131
895.860	-9.76580	4.54731	-9.15926	5.19647
899.866	-6.45988	5.40476	-9.33287	5.79353
903.861	-9.20992	5.98830	-9.55898	6.30783
907.861	-9.04602	5.69926	-9.37180	6.54300
911.857	-9.30827	5.63942	-9.33683	6.67511
915.862	-9.46821	5.17204	-8.99532	5.91500
919.864	-9.41943	5.61760	-9.55111	5.69156
923.862	-8.38833	5.24632	-9.29111	5.51275
927.859	-5.33859	4.80179	-9.11605	5.51583
931.857	-8.60499	5.42188	-9.02152	5.62803
935.864	-9.24508	5.49510	-8.87687	6.42318
939.859	-8.62794	5.36234	-8.89746	5.97516
943.858	-9.06780	5.39793	-9.48639	5.26382
947.863	-9.33935	5.46989	-9.35698	5.90986
951.859	-9.40281	5.32396	-9.10552	5.16651
955.860	-9.48135	5.30907	-9.35017	6.03830
959.857	-9.53173	5.09677	-8.92851	5.48920
963.862	-9.68628	5.22585	-8.96101	6.25393
967.859	-9.40177	4.73534	-8.93428	4.95861
971.858	-9.34962	5.29650	-9.08212	5.41011
975.878	-6.62353	5.13693	-9.88930	6.56979
979.868	-9.06637	5.09439	-9.22216	5.10842
983.857	-9.36179	5.35117	-9.28028	6.11339
987.864	-7.19119	5.32620	-9.63291	5.57509
991.865	-9.23244	5.26034	-9.11031	5.55408
995.858	-8.82005	5.52572	-9.74796	5.04373
999.859	-5.88208	5.33552	-8.93016	5.00147
1003.858	-9.01675	5.42160	-9.03265	5.95892
1007.865	-5.87835	4.90113	-9.16760	5.24880
1011.860	-8.90306	5.11294	-9.36071	5.76377
1015.864	-10.19579	5.08739	-9.43537	5.36360
1019.863	-8.89330	4.76261	-9.37677	5.84512
1023.884	-9.42624	5.26437	-9.31023	5.19321
1027.870	-9.45945	5.10358	-9.52905	5.69981
1031.859	-9.30870	5.18362	-7.78857	3.80289
1035.862	-9.35324	4.89447	-9.10872	5.45222
1039.860	-9.35457	5.25957	-9.88136	5.39855
1043.867	-9.36713	5.46688	-9.42156	5.22540
1047.860	-8.95368	5.31161	-9.07743	5.25241
1051.858	-8.86175	5.29093	-9.52724	5.08103
1055.895	-9.35737	5.60199	-9.38385	5.73589
1059.863	-10.01568	5.09314	-9.45503	4.98566
1063.863	-9.65753	5.29732	-8.76147	4.75245
1067.857	-9.68696	5.65159	-8.82960	4.92012
1071.858	-9.35498	5.36552	-9.26181	4.71882
1075.853	-8.68734	5.66155	-9.31477	4.95262
1079.859	-8.15377	5.21759	-9.40066	5.42488
1083.856	-9.87100	5.20398	-8.56493	4.77911
1087.859	-9.71659	5.18848	-8.74287	5.39795
1091.852	-9.58975	5.07201	-8.04458	4.77430
1095.860	-9.15926	5.29139	-8.92510	4.70234
1099.861	-9.01912	5.40230	-8.80226	5.39690
1103.861	-9.88184	4.82520	-8.50673	4.88542
1107.861	-9.27953	5.02766	-9.01576	5.29715
1111.857	-8.98932	5.25950	-8.71121	4.86062
1115.856	-9.12534	5.05989	-9.29449	4.86315
1119.857	-9.06194	4.85198	-8.88990	6.15808
1123.860	-9.16039	5.36689	-7.67852	5.99788
1127.863	-8.34548	5.59730	-7.00172	5.77381
1131.857	-3.64355	4.93382	-3.02351	5.51101
1135.854	-6.45331	6.11926	0.03388	5.31507
1139.859	-3.26302	1.99120	0.27088	5.08579
1143.859	0.44639	2.16982	1.17823	4.81415
1147.860	5.30478	1.39638	2.02195	3.77756
1151.855	4.02290	1.58573	2.29622	4.48856
1155.860	4.31667	2.39107	2.32768	5.41462
1159.858	5.33359	1.10848	2.53087	3.30344
1163.857	4.32760	1.36049	2.92978	4.78566
1167.860	3.86632	2.04110	2.53672	5.62462
1171.857	4.83597	0.64214	2.73893	3.80728
1175.854	4.19963	1.02576	2.75128	4.37925
1179.854	4.47417	1.09537	2.78226	4.37950
1183.864	4.18981	0.56109	2.79627	4.22905
1187.858	4.03885	0.96845	2.76812	4.86499
1191.856	3.85135	1.86413	2.88787	3.31473
1195.859	5.24604	1.30446	2.66300	5.06070
1199.853	3.51043	1.72975	2.66922	4.60239
1203.859	4.58072	0.83753	2.55574	5.31488
1207.855	4.12322	1.82115	2.88752	3.80030
1211.856	4.30697	1.04115	2.79652	4.28728
1215.850	4.23448	1.12252	2.53902	4.61870
1219.858	4.40863	1.47457	3.00472	3.49260
1223.862	4.92829	1.21575	2.64168	4.63522
1227.863	4.32091	1.12502	3.31779	4.07581
1231.860	3.96486	1.36298	2.92515	5.23414
1235.854	3.02851	1.36903	2.93636	4.35200
1239.855	4.27286	4.33928	2.54687	4.39761
1243.859	3.31388	1.23126	2.62591	4.10715
1247.855	5.34597	1.58696	3.15315	3.87258
1251.856	4.17092	1.34950	2.69596	4.30010
1255.851	5.84699	1.02465	2.68762	4.23966
1259.857	3.86635	1.39193	2.63351	4.48654
1263.859	4.77919	1.48459	2.70082	5.08338
1267.863	3.25033	1.23898	2.79761	4.51010
1271.855	4.40877	1.51433	2.65245	4.65148
1275.858	4.26568	0.58487	2.55378	4.10257
1279.888	4.41097	1.66707	2.71161	4.30553
1283.854	4.24727	1.65213	2.55715	5.12236
1287.853	3.71169	2.03374	2.62967	4.66515
1291.854	4.62927	0.74939	2.52233	4.41112
1295.851	2.28474	1.49968	2.60924	4.62088
1299.851	4.10601	1.26449	2.76841	4.65108
1303.856	4.22108	1.64857	2.86413	4.08821
1307.860	3.61725	2.62170	2.75754	4.72864
1311.856	4.13159	2.53918	2.08436	4.76839
1315.848	4.19218	1.44329	2.12967	4.67902
1319.855	3.83507	2.25658	2.73278	5.83919
1323.858	9.39994	2.12758	5.55607	7.20572
1327.876	4.04942	6.07396	NaN	NaN
1331.857	NaN	NaN	NaN	NaN
1335.852	NaN	NaN	NaN	NaN
1339.851	NaN	NaN	NaN	NaN
1343.850	NaN	NaN	NaN	NaN
1347.855	NaN	NaN	NaN	NaN
1351.877	NaN	NaN	NaN	NaN
1355.853	NaN	NaN	NaN	NaN
1359.855	NaN	NaN	NaN	NaN
1363.859	NaN	NaN	NaN	NaN
1367.857	NaN	NaN	NaN	NaN
1371.856	NaN	NaN	NaN	NaN
1375.858	NaN	NaN	NaN	NaN
1379.858	NaN	NaN	NaN	NaN
1383.854	NaN	NaN	NaN	NaN
1387.855	NaN	NaN	NaN	NaN
1391.862	NaN	NaN	NaN	NaN
1396.159	NaN	NaN	NaN	NaN
1399.863	NaN	NaN	NaN	NaN
1403.863	NaN	NaN	NaN	NaN
1407.851	NaN	NaN	NaN	NaN
1411.857	NaN	NaN	NaN	NaN
1416.157	NaN	NaN	NaN	NaN
1420.373	NaN	NaN	NaN	NaN
1424.473	NaN	NaN	NaN	NaN
1428.698	NaN	NaN	NaN	NaN
1432.281	NaN	NaN	NaN	NaN
1435.854	NaN	NaN	NaN	NaN
1439.888	NaN	NaN	NaN	NaN
1443.864	NaN	NaN	NaN	NaN
1447.855	NaN	NaN	NaN	NaN
1451.861	NaN	NaN	NaN	NaN
1456.074	NaN	NaN	NaN	NaN
1460.219	NaN	NaN	NaN	NaN
1465.025	NaN	NaN	NaN	NaN
1469.030	NaN	NaN	NaN	NaN
1473.131	NaN	NaN	NaN	NaN
1477.352	NaN	NaN	NaN	NaN
1481.449	NaN	NaN	NaN	NaN
1485.532	NaN	NaN	NaN	NaN
1489.770	NaN	NaN	NaN	NaN
1493.956	NaN	NaN	-1.59115	10.64536
1498.228	-13.87884	13.97395	NaN	NaN
1500.516	-10.39835	12.93886	-8.96307	-2.54080
1503.872	-8.91795	9.63075	-19.63037	2.16241
1507.853	-10.24041	5.27671	-18.99323	0.71402
1511.728	-12.80041	2.06449	-8.49253	0.63164
1515.730	-11.16454	1.66225	-16.81030	0.96998
1519.725	-15.15744	6.41994	-18.55325	-0.08707
1523.728	-11.85081	4.08511	-5.45656	0.55796
1527.724	-13.16214	2.44433	-18.15743	-0.60515
1531.729	-12.40233	1.54638	-17.57800	-2.97896
1535.740	-11.60723	3.93306	-17.83245	-2.29870
1539.729	-10.47655	1.34643	-16.09558	-1.81493
1543.723	-9.29120	0.49440	-6.15983	-2.23592
1547.723	-9.87577	0.12495	-11.42794	0.91497
1551.728	-11.18993	-0.03479	-14.34550	-0.62538
1555.725	-9.05628	-0.25850	-11.20813	-0.49605
1559.723	-9.55328	-0.32613	-13.76905	-0.86170
1563.727	-10.58848	-0.65732	-10.87893	-0.11884
1567.728	-8.43678	-0.84444	-11.54761	-0.99846
1571.725	-8.68584	-0.54209	-7.68223	-0.56459
1575.723	-9.15945	-0.05711	-8.46369	-1.24994
1579.719	-9.04907	-0.67239	-10.95677	0.08568
1583.727	-8.99700	-0.85039	-10.12183	-0.49917
1587.727	-8.87706	-0.67209	-10.50546	-0.88935
1591.723	-9.40938	-0.62187	-10.58076	-1.37217
1595.720	-9.42110	-0.59716	-10.55078	-1.68892
1599.727	-7.20333	-0.98048	-10.51671	-1.16355
1603.731	-8.62736	-1.43855	-10.62380	-1.03238
1607.730	-7.58361	-1.51349	-10.58776	-0.42735
1611.723	-8.69035	-1.28170	-10.55402	0.09921
1615.722	-7.57513	-1.71751	-10.50846	0.62581
1619.722	-9.29611	-1.49589	-10.62969	-0.96632
1623.727	-8.92214	-0.96663	-10.38207	-1.77856
1627.724	-8.18507	-1.76517	-10.40507	-1.17420
1631.723	-7.71557	-1.73110	-10.72649	-0.27120
1635.727	-9.71066	-1.49641	-10.61797	0.24467
1639.724	-9.17164	-1.62850	-10.51196	-1.15526
1643.725	-8.39076	-1.49162	-10.50808	-1.19220
1647.725	-8.26801	-1.61436	-12.22374	-1.10416
1651.728	-9.46626	-1.58931	-6.72660	-0.46737
1655.724	-7.90969	-1.47317	-10.87410	1.04799
1659.724	-9.40095	-1.64000	-10.55085	-0.54123
1663.719	-9.06136	-1.74183	-10.68370	-0.89010
1667.723	-9.79207	-1.68056	-10.43692	-1.02113
1671.723	-8.46007	-1.36816	-10.59409	-0.17789
1675.725	-10.07302	-1.38603	-9.86698	0.79203
1679.720	-9.06177	-1.04103	-10.94746	0.85224
1683.727	-9.45928	-1.21188	-10.00959	-0.75021
1687.731	-7.47400	-1.13374	-10.27013	-0.66430
1691.723	-9.26227	-1.22166	-13.35355	-1.46574
1695.751	-10.32815	0.62383	-11.09351	-0.54016
1699.724	-13.09951	1.88520	-13.61246	-0.90311
1703.723	-9.80098	1.21807	-9.65377	1.18107
1707.721	-9.14709	0.64149	-9.64219	5.91763
1711.717	-12.82474	-3.97330	-17.97434	-0.81389
1715.724	-8.89250	-6.38809	-18.24206	0.59940
1719.721	-8.77839	-2.32496	-17.58296	-0.04304
1723.722	-8.57549	-0.17777	-17.52403	-0.04739
1727.722	-18.34272	6.48241	-10.85480	12.97018
1731.730	-13.87215	9.13994	5.75942	12.69875
1735.721	-19.92312	-12.08267	11.80940	13.19480
1739.750	-19.95801	-12.08008	-12.67827	-0.02698
1743.726	-19.97005	-12.07918	-19.89049	-12.08509
1747.726	-19.97619	-12.07873	-19.94207	-12.08126
1751.719	-19.97991	-12.07845	-19.96012	-12.07992
1755.722	-19.98246	-12.07826	-19.97310	-12.07896
1759.717	-19.98430	-12.07812	-19.99350	-12.07744
1763.911	-19.98570	-12.07802	-19.99361	-12.07743
1768.014	-19.98680	-12.07794	NaN	NaN
1772.279	NaN	NaN	NaN	NaN
1775.938	NaN	NaN	NaN	NaN
1779.723	NaN	NaN	NaN	NaN
1783.728	NaN	NaN	NaN	NaN
1788.185	NaN	NaN	NaN	NaN
1792.504	NaN	NaN	NaN	NaN
1796.244	NaN	NaN	NaN	NaN
1799.840	NaN	NaN	NaN	NaN
1803.733	NaN	NaN	NaN	NaN
1808.304	NaN	NaN	NaN	NaN
1812.571	NaN	NaN	NaN	NaN
1816.833	NaN	NaN	NaN	NaN
1821.136	NaN	NaN	NaN	NaN
1825.127	NaN	NaN	NaN	NaN
1828.770	NaN	NaN	NaN	NaN
1832.442	NaN	NaN	NaN	NaN
1836.609	NaN	NaN	NaN	NaN
1840.841	NaN	NaN	NaN	NaN
1845.035	NaN	NaN	NaN	NaN
1848.607	NaN	NaN	NaN	NaN
1852.086	NaN	NaN	NaN	NaN
1856.287	NaN	NaN	NaN	NaN
1860.429	NaN	NaN	NaN	NaN
1864.626	NaN	NaN	NaN	NaN
1868.941	NaN	NaN	14.05023	11.62636
1872.594	NaN	NaN	NaN	NaN
1877.631	NaN	NaN	NaN	NaN
1881.682	NaN	NaN	NaN	NaN
1885.746	NaN	NaN	NaN	NaN
1889.863	NaN	NaN	NaN	NaN
1893.968	NaN	NaN	NaN	NaN
1898.081	NaN	NaN	NaN	NaN
1902.235	NaN	NaN	NaN	NaN
1906.317	NaN	NaN	NaN	NaN
1910.531	NaN	NaN	NaN	NaN
1914.055	NaN	NaN	NaN	NaN
1917.557	NaN	NaN	NaN	NaN
1921.155	NaN	NaN	NaN	NaN
1925.108	NaN	NaN	NaN	NaN
1928.808	NaN	NaN	NaN	NaN
1932.935	NaN	NaN	NaN	NaN
1937.092	NaN	NaN	NaN	NaN
1941.282	NaN	NaN	NaN	NaN
1946.327	NaN	NaN	NaN	NaN
1950.653	NaN	NaN	-7.64444	14.92702
1954.937	NaN	NaN	NaN	NaN
1958.756	NaN	NaN	-7.66114	14.93244
1962.987	NaN	NaN	NaN	NaN
1967.138	NaN	NaN	NaN	NaN
1971.493	NaN	NaN	NaN	NaN
1975.863	NaN	NaN	NaN	NaN
1979.970	NaN	NaN	NaN	NaN
1984.157	NaN	NaN	NaN	NaN
1987.763	NaN	NaN	NaN	NaN
1991.989	NaN	NaN	NaN	NaN
1996.290	NaN	NaN	NaN	NaN
2000.583	NaN	NaN	NaN	NaN
2004.315	NaN	NaN	NaN	NaN
2008.555	NaN	NaN	NaN	NaN
2013.608	NaN	NaN	NaN	NaN
2017.930	NaN	NaN	NaN	NaN
2022.157	NaN	NaN	NaN	NaN
2026.316	NaN	NaN	NaN	NaN
2030.546	NaN	NaN	NaN	NaN
2034.713	NaN	NaN	NaN	NaN
2038.967	NaN	NaN	NaN	NaN
2043.291	NaN	NaN	NaN	NaN
2047.553	NaN	NaN	NaN	NaN
2051.274	NaN	NaN	NaN	NaN
2055.452	NaN	NaN	NaN	NaN
2059.715	NaN	NaN	NaN	NaN
2063.370	NaN	NaN	NaN	NaN
2067.098	NaN	NaN	NaN	NaN
2071.276	NaN	NaN	NaN	NaN
2075.432	NaN	NaN	NaN	NaN
2080.085	NaN	NaN	NaN	NaN
2084.468	NaN	NaN	NaN	NaN
2088.694	NaN	NaN	NaN	NaN
2092.970	NaN	NaN	NaN	NaN
2097.128	NaN	NaN	NaN	NaN
2101.378	NaN	NaN	NaN	NaN
2105.573	NaN	NaN	NaN	NaN
2109.879	NaN	NaN	NaN	NaN
2114.167	NaN	NaN	NaN	NaN
2118.356	NaN	NaN	NaN	NaN
2122.626	NaN	NaN	NaN	NaN
2126.802	NaN	NaN	NaN	NaN
2130.425	NaN	NaN	NaN	NaN
2134.597	NaN	NaN	NaN	NaN
2138.783	NaN	NaN	NaN	NaN
2142.941	NaN	NaN	NaN	NaN
2272.648	NaN	NaN	NaN	NaN
2340.140	-10.00252	-0.90625	-11.96121	0.07001
2344.033	-10.25259	-1.05087	-11.87185	-0.46365
2347.858	-10.01513	0.60893	-11.66851	-0.71531
2351.879	-10.26970	-1.06501	-11.41409	-1.24083
2355.843	-9.68684	-1.56679	-11.01799	-0.57990
2359.842	-10.12375	-1.92262	-10.77342	-0.87800
2363.835	-10.25581	-4.03263	-10.61190	-0.82126
2367.845	-9.93051	-2.67001	-10.51830	-0.81635
2371.841	-9.40475	-4.26078	-10.11351	-0.76751
2375.843	-9.50226	-2.80693	-10.18483	-0.76814
2379.835	-9.51249	-1.42148	-10.34129	-0.76097
2383.845	-9.93482	-1.20240	-10.38317	-1.60443
2387.841	-9.77370	-1.13377	-10.55203	-2.05581
2391.848	-9.85553	-1.21860	-10.50813	-0.73191
2395.835	-9.66407	-0.48705	-10.66673	0.26864
2399.844	-9.42926	-0.80663	-10.17947	-0.23049
2403.841	-9.98239	-0.16977	-10.05575	-0.47559
2407.843	-9.29734	-0.52690	-9.81674	-0.38321
2411.844	-9.80349	-3.75683	-10.68775	-0.42181
2415.845	-9.43643	-3.23928	-10.49706	-0.54915
2419.842	-9.83197	-1.10775	-9.98550	-1.92274
2423.842	-8.85441	-1.28344	-10.04759	-1.41279
2427.835	-8.91110	-1.71369	-10.31910	-1.48721
2431.847	-9.89280	-4.30547	-10.01840	-1.68786
2435.863	-9.34766	-0.97334	-10.06506	-1.85774
2439.846	-9.23582	-1.79594	-10.54653	-0.82512
2443.834	-9.34930	-0.03442	-10.08544	-1.88004
2447.843	-10.19998	-1.13480	-10.31725	0.50194
2451.841	-9.09759	-0.44744	-10.24240	-1.12162
2455.842	-9.31970	-1.54796	-10.22005	0.72630
2459.837	-8.42673	-1.33769	-10.17387	-1.41693
2463.843	-9.05834	-1.47490	-10.22332	-1.70403
2467.839	-8.69920	-1.57372	-10.28128	-1.44878
2471.847	-10.20851	-1.43445	-10.62540	-2.27733
2475.849	-10.81367	-1.95363	-10.30235	-1.76824
2479.879	-8.96591	-0.99502	-10.22257	-2.04960
2483.843	-9.07024	-0.83462	-10.36987	-1.82312
2487.842	-10.19974	-0.84295	-10.23478	-1.02736
2491.710	-9.06545	-1.03795	-10.41025	-0.90741
2495.717	-7.24420	-1.10762	-10.37453	-0.85336
2499.712	-8.94481	-1.02684	-10.65285	-0.57722
2503.717	-9.32180	-1.35914	-10.39669	-0.21242
2507.711	-8.98535	-1.10457	-9.83163	-0.12509
2511.714	-8.87614	-0.98557	-10.31888	0.04298
2515.716	-8.95242	-0.70680	-10.60056	0.33291
2519.714	-9.26005	-0.46121	-10.23791	-2.90142
2523.716	-9.73723	-0.87152	-10.55526	-1.07315
2527.712	-9.09824	-0.52234	-10.57596	-0.80411
2531.729	-9.09120	-0.68119	-10.67953	-0.60463
2535.715	-9.04038	-0.63145	-10.62032	-0.58907
2539.719	-9.05959	-0.99256	-10.58483	-0.23840
2543.713	-8.72726	-1.40611	-10.27076	0.39947
2547.713	-8.65783	-0.74976	-10.21613	0.73298
2551.715	-8.51994	-0.28775	-10.78460	1.00802
2555.711	-8.63597	-1.16667	-10.43592	0.14401
2559.711	-8.66615	-0.57609	-10.55797	-1.54282
2563.717	-8.69028	-1.08496	-10.55205	-1.28936
2567.753	-8.70262	-0.56604	-10.46256	-1.15386
2571.719	-9.30537	-1.38508	-10.55591	-0.55351
2575.711	-8.70286	-1.69595	-10.12200	-0.66931
2579.710	-9.92223	-1.40759	-10.28429	0.53422
2583.713	-9.04379	-1.74204	-10.67267	0.35578
2587.712	-9.08556	-1.33557	-10.31014	1.00637
2591.709	-9.01464	-0.47186	-10.82359	-1.16638
2595.711	-8.44392	-0.90031	-10.55006	-1.26742
2599.773	-8.48000	-1.45224	-10.85531	-1.01349
2603.715	-9.20891	-2.12100	-10.38773	-0.87537
2607.715	-9.44807	-1.56794	-10.23368	0.03536
2611.713	-9.30955	-1.59010	-10.67478	0.61199
2615.714	-8.43659	-1.36773	-10.97506	0.93316
2619.717	-8.32597	-1.36419	-10.97896	1.11488
2623.711	-7.89408	-2.28228	-10.79059	-0.75017
2627.711	-10.09037	-1.79046	-10.54972	-0.63843
2631.709	-9.27680	-1.34238	-10.66253	-0.85174
2635.725	-9.25915	-1.09289	-10.54651	0.04427
2639.718	-9.51507	-1.65442	-10.54965	-0.33851
2643.711	-8.68521	-1.61435	-10.45397	0.17240
2647.718	-9.45402	-2.04321	-10.37083	1.08898
2651.712	-9.19873	-0.57920	-10.77481	1.45817
2655.712	-8.70801	-0.25167	-10.69541	-0.74574
2659.709	-9.03507	-0.96591	-10.58330	-0.51832
2663.710	-9.32289	-1.37563	-10.92057	-0.92577
2667.714	-9.57314	-0.06523	-10.73279	-0.67913
2671.707	-8.68669	-1.39312	-10.86608	-0.64508
2675.715	-10.00215	-2.45778	-10.66071	-0.10467
2679.709	-9.11694	-1.37633	-10.94698	0.89059
2683.711	-8.93956	-1.49717	-10.81650	1.17184
2687.719	-8.45089	-1.60675	-10.50421	1.00955
2691.712	-9.39834	-2.19682	-10.30117	0.73154
2695.713	-10.97105	-1.26173	-11.41302	0.59351
2699.704	-8.78311	0.42823	-6.61592	1.04778
2703.715	-3.92452	-1.00383	-18.80016	0.43174
2707.711	-16.57621	6.56024	-19.00390	-0.27799
2711.713	NaN	NaN	-19.62586	-12.10456
2715.707	NaN	NaN	-12.03152	2.00450
2719.715	NaN	NaN	-19.76727	-12.09419
2723.711	NaN	NaN	-19.83131	-12.08947
2727.729	NaN	NaN	-19.86824	-12.08674
2731.714	NaN	NaN	-19.89243	-12.08495
2735.715	NaN	NaN	-19.90956	-12.08368
2739.714	NaN	NaN	-19.92242	-12.08272
2743.712	NaN	NaN	-19.93244	-12.08198
2749.967	NaN	NaN	-19.95968	-12.07996
2759.710	NaN	NaN	NaN	NaN
2763.724	NaN	NaN	NaN	NaN
2767.705	NaN	NaN	NaN	NaN
2771.710	NaN	NaN	NaN	NaN
2775.714	NaN	NaN	NaN	NaN
2781.075	NaN	NaN	NaN	NaN
2791.712	NaN	NaN	NaN	NaN
2795.714	NaN	NaN	NaN	NaN
2801.354	NaN	NaN	NaN	NaN
2804.716	NaN	NaN	NaN	NaN
2811.718	NaN	NaN	NaN	NaN
2816.444	NaN	NaN	NaN	NaN
2820.712	NaN	NaN	NaN	NaN
2824.867	NaN	NaN	NaN	NaN
2829.011	NaN	NaN	NaN	NaN
2832.816	-2.68016	-3.09737	NaN	NaN
2835.714	-2.24986	-3.14115	NaN	NaN
2839.709	-6.26758	-13.92579	NaN	NaN
2843.708	1.99280	11.69654	-2.10587	14.91819
2847.709	-0.46743	-2.42231	5.73401	-2.87619
2851.716	-0.41020	6.18941	-2.54281	-2.92726
2855.712	-1.49981	10.34243	-0.27632	-3.73807
2859.702	1.73638	10.19857	-1.72664	-2.55375
2863.711	2.29203	6.55270	-2.17561	-2.71505
2867.708	0.56453	6.36181	-0.52637	1.02845
2871.711	2.15985	3.59861	-0.29017	-2.30098
2875.702	2.75150	3.77487	3.15941	-1.64169
2879.710	-0.59570	-1.83200	2.76225	-1.71725
2883.708	5.55307	-2.87475	-1.61228	-1.48069
2887.705	3.12781	-1.59340	2.29560	-1.71596
2891.707	5.79580	-2.28724	2.85019	-0.97517
2895.715	5.33236	-2.56999	2.60555	-0.87444
2899.710	2.83298	-2.65094	2.54707	-0.80977
2903.704	2.71904	-2.59110	2.68128	0.24514
2907.711	5.80860	-2.74994	2.31777	0.27460
2911.706	2.98141	-3.13556	2.23774	-1.40518
2915.713	0.13635	-3.63731	2.30018	0.35925
2919.709	2.99844	-3.21962	2.56377	0.17206
2923.708	5.60762	-3.40924	-0.30121	-0.61051
2927.706	7.93579	-3.88884	1.50805	-0.54620
2931.703	2.88165	-3.56070	1.95981	-0.58965
2935.711	2.52646	-3.41958	2.07132	-1.50696
2939.708	3.30468	-3.81471	1.72840	-2.41680
2943.707	5.29802	-3.92681	0.90850	-1.41839
2947.703	5.38260	-3.98879	1.01645	-1.25650
2951.704	3.18905	-3.88391	0.58560	-0.51640
2955.709	3.67675	-3.62111	1.41578	-0.61441
2959.710	2.27689	-2.33581	1.67288	-1.08991
2963.702	3.10779	-2.58783	2.00403	-1.13424
2967.711	3.55048	-3.32427	1.56499	-2.07727
2971.704	3.70057	-3.68935	1.59256	-2.77541
2975.704	4.57213	-3.79220	1.69163	-2.78229
2979.752	8.08022	-5.52788	1.27626	-1.34066
2983.710	3.62190	-3.61363	0.66039	-0.79375
2987.709	3.81187	-2.70984	1.06969	-0.67155
2991.704	3.05335	-0.90308	1.10713	-0.60785
2995.711	1.24652	-0.85492	1.30828	-0.79546
2999.706	1.85279	-1.16391	1.26827	-0.68022
3003.704	1.29998	-1.83329	1.01613	-0.89344
3007.707	1.17284	-3.48139	1.17190	-0.74118
3011.704	0.82106	-3.66585	1.24037	-0.73731
3015.702	1.61510	-1.67074	1.32334	-0.74792
3019.730	2.17318	-3.22392	1.27906	-0.84562
3023.711	3.10849	-3.32569	1.23270	-0.79059
3027.705	4.48914	-3.41573	1.33569	-0.89865
3031.704	4.16485	-3.35991	1.81461	-0.96511
3035.703	5.93208	-5.70113	1.62636	-0.93484
3039.705	9.58721	-6.44643	1.75617	-0.80836
3043.707	3.94925	-3.49511	1.82056	-0.39043
3047.702	4.33192	-3.53633	1.98358	-0.09164
3051.708	5.50719	-3.55014	1.97701	-0.12151
3055.705	3.34314	-3.42581	1.93085	-0.08754
3059.707	3.21701	-2.49666	1.84352	-0.00574
3063.708	3.32681	-2.84764	2.07291	-0.05098
3067.704	3.65650	-2.30255	1.85591	0.11616
3071.707	2.89091	-2.61871	1.84458	0.14718
3075.702	0.27838	-3.21822	1.76673	0.19810
3079.703	2.87198	-2.72184	1.79718	0.17704
3083.706	3.01566	-3.13469	1.84560	0.26681
3087.706	2.19400	-3.35267	1.19304	0.08266
3091.706	2.20756	-3.55501	1.25024	0.01630
3095.705	2.60597	-2.91964	1.23109	-0.29578
3099.698	2.81674	-3.12629	1.14049	-0.12678
3103.724	2.97304	-3.44898	1.07418	-0.00944
3107.711	3.15139	-3.27691	0.92872	-0.13138
3111.702	9.63829	-6.21762	1.04188	-0.16867
3115.702	2.77059	-2.92741	1.23322	-0.05207
3119.705	2.92111	-2.73322	1.54254	0.09526
3123.706	2.79723	-2.47778	2.12548	-0.59404
3127.700	2.88641	-2.64376	1.17453	-2.52973
3131.708	5.52613	-3.03132	1.21296	-1.21184
3135.708	2.79865	-3.20648	1.50105	-1.10100
3139.710	2.32887	-2.85479	0.87547	-0.69487
3143.705	2.97700	-2.48445	0.73315	-0.01046
3147.702	2.90012	-2.85911	1.29603	-0.25814
3151.705	4.12243	-2.38397	1.40519	-1.11413
3155.715	4.87732	-2.61382	1.13032	-1.82648
3159.709	4.40014	-2.93640	0.89738	-1.27882
3163.704	4.44376	-2.74044	1.26981	-0.56469
3167.698	2.64884	-2.40278	0.75531	-0.25302
3171.707	3.40840	-2.82001	1.25012	-1.60795
3175.703	3.86163	-3.04542	1.51754	-1.05232
3179.707	5.20071	-3.02546	6.88436	-0.09039
3183.700	8.23014	-1.69248	6.73218	0.80750
3187.762	NaN	NaN	NaN	NaN
3195.735	12.21172	-0.98136	10.48936	1.73581
3199.705	12.22715	-2.48770	9.21981	1.01330
3203.699	12.28661	-1.55381	11.10579	1.04376
3207.705	13.62146	-1.41880	11.04881	3.24440
3211.701	13.29624	-0.69022	9.50506	2.53891
3215.703	12.28097	-0.06415	11.02751	1.87602
3219.698	12.04343	-1.14293	10.73797	2.28321
3223.702	14.15216	-1.07287	10.57970	2.98259
3227.708	12.96830	-0.70163	10.28969	3.23200
3231.704	13.37087	-0.16916	9.22054	2.72375
3235.699	14.01611	-1.00239	11.26247	1.97991
3239.704	13.08967	-0.64342	10.49207	2.67428
3243.701	14.08781	-0.54823	11.36050	2.86094
3247.705	13.53979	-0.68834	10.20358	3.33116
3251.698	14.29653	-0.75502	10.56095	3.14517
3255.704	13.53627	-0.71045	10.83558	2.14213
3259.717	14.57041	-0.72031	10.97255	2.20151
3263.703	12.64964	-0.16029	9.65032	2.98804
3267.710	14.29371	-0.39974	10.85203	2.90816
3271.703	13.04507	-0.26549	10.79648	2.56405
3275.704	14.68296	-0.44712	11.08713	3.80537
3279.697	12.63152	0.50732	10.89226	2.57896
3283.704	12.46181	0.05949	11.10175	1.23847
3287.710	13.24003	0.20582	10.94753	2.03273
3291.738	12.83861	-0.15581	10.59073	2.57137
3295.715	12.84461	-0.02566	10.77327	2.11207
3299.700	12.71701	-0.11349	10.37765	2.31551
3303.703	13.60289	-0.12429	10.35820	2.60003
3307.698	12.93938	-0.19793	10.27013	2.40513
3311.710	13.47707	-1.09867	10.37325	2.72178
3315.703	12.66235	0.10340	10.41657	2.53140
3319.703	14.35377	-0.30587	10.42233	2.54616
3323.698	12.87275	-0.03728	10.35145	2.35468
3327.700	13.21912	-0.09734	10.43812	2.21666
3331.702	12.97608	-0.45479	10.42927	2.32628
3335.699	14.31132	-0.48490	10.27734	2.26176
3339.695	13.19426	0.04452	10.34415	2.58307
3343.580	14.48143	-0.22397	10.51734	4.55104
3347.575	12.60316	-0.59431	10.38675	2.39262
3351.576	14.39161	-0.32091	10.21450	2.63135
3355.579	13.66808	-0.27125	10.50971	2.35290
3359.621	14.16186	-0.97265	10.63583	2.16678
3363.584	14.09649	0.04141	10.63482	3.59084
3367.572	13.44468	-0.25915	10.39088	2.98721
3371.578	15.26215	-0.56751	10.07771	2.64036
3375.573	13.71755	0.14518	10.18276	2.05245
3379.579	14.12130	-0.79507	10.24790	2.08243
3383.577	14.75997	-0.05858	9.83929	3.34331
3387.573	14.54853	-0.50376	10.46220	1.90797
3391.574	13.91353	-0.52014	9.80368	2.34638
3395.574	14.14193	-0.12332	9.97146	3.22507
3399.581	14.47978	-1.08899	10.08079	2.86233
3403.577	14.53649	-0.18536	10.83553	2.29105
3407.572	13.90904	-0.07335	10.01953	3.48958
3411.578	14.01711	-0.60654	9.86570	3.12849
3415.586	14.86898	-0.47238	10.39273	2.33226
3419.576	14.13111	-0.04227	11.04666	2.55013
3423.573	14.22328	-0.68364	11.05273	3.51371
3427.592	13.85126	-0.75948	11.19015	3.21438
3431.579	13.88104	-0.94372	10.47888	3.27145
3435.571	13.00450	0.87841	10.86450	2.72358
3439.578	12.98216	1.02807	10.60641	1.78413
3443.575	12.85801	0.46205	10.78400	0.81017
3447.568	13.31655	-0.52745	11.01665	1.32075
3451.575	13.33001	-0.60137	11.16480	3.46408
3455.574	13.57438	-0.70771	11.51471	3.63071
3459.572	13.59755	-0.51765	11.48573	3.53093
3463.577	14.28804	-0.64470	10.84590	3.54062
3467.571	14.67251	-0.61681	10.66498	3.17222
3471.576	13.63290	-0.02799	10.38464	3.18965
3475.571	12.78746	0.82653	10.46249	3.71473
3479.574	13.20127	0.18589	10.76293	3.99946
3483.579	13.68640	0.09556	11.88394	3.10558
3487.571	14.28797	0.55607	11.10555	2.99397
3491.576	14.19448	-0.30491	10.02995	2.83215
3495.597	13.33697	-0.07176	10.46102	0.64890
3499.580	14.49104	-0.34336	10.79775	2.48920
3503.569	13.59330	0.34092	10.36038	2.87021
3507.576	14.25231	0.09602	10.51076	2.94751
3511.573	15.64963	-1.25738	11.23017	2.81512
3515.572	13.48655	-0.20447	10.38829	2.70678
3519.571	14.68240	-0.49887	11.46909	3.12166
3523.578	14.26278	0.13279	10.97738	2.25489
3527.575	13.52379	-0.34280	10.66666	2.16049
3531.570	13.69532	-0.45621	10.45692	2.41367
3535.576	13.20221	-0.11479	10.62914	2.72265
3539.570	14.84923	0.09180	10.65774	3.34004
3543.571	13.02924	0.14618	10.86474	1.80265
3547.571	13.64923	-0.21448	11.60573	3.25657
3551.573	14.02573	-0.33616	9.29096	3.67641
3555.569	13.47519	0.02119	10.35777	1.83855
3559.583	10.60960	-0.23257	10.31504	1.82566
3563.585	9.68824	-0.53118	10.01361	1.28598
3567.581	7.75051	-0.58247	8.67090	1.15998
3571.570	7.79507	-0.72789	8.05475	0.63928
3575.570	9.81768	-2.60207	6.07071	-1.94411
3579.570	4.75807	-3.16882	6.20837	-0.19726
3583.570	5.88068	-2.89022	6.17761	-2.01457
3587.573	10.64513	-5.15224	5.51536	-2.24728
3591.569	4.25998	-5.01192	4.86660	-2.59820
3595.567	5.01374	-3.97111	5.60686	-3.00232
3599.575	5.44987	-4.96871	5.01361	-4.15926
3603.587	5.20866	-5.09331	4.71173	-3.92958
3607.577	7.40077	-4.85375	5.21132	-4.59775
3611.574	3.96190	-3.28422	3.96802	-3.00931
3615.571	5.85524	-3.88159	3.10106	-3.07707
3619.571	4.08757	-4.35230	4.55699	-3.56597
3623.567	5.34710	-4.47957	4.85347	-2.47128
3627.569	6.57742	-5.64398	4.20363	-2.60090
3631.613	5.22096	-4.65621	4.20040	-3.11142
3635.600	4.95322	-4.36701	4.39901	-3.97555
3639.564	5.85305	-4.94351	4.03325	-4.44648
3643.574	3.52217	-4.88296	4.08073	-4.05685
3647.572	5.64149	-4.55632	3.91697	-2.04358
3651.572	4.05703	-4.89357	4.05935	-2.25607
3655.566	4.19608	-5.53333	3.62902	-2.70914
3659.574	2.51215	-2.88677	4.01796	-4.10878
3663.574	3.63352	-4.88422	3.86242	-3.42813
3667.571	6.25360	-2.55748	3.82983	-1.72306
3671.569	3.63918	-2.49415	3.99917	-2.90148
3675.569	6.16015	-2.37772	3.75286	-3.24652
3679.561	6.10703	-5.10638	3.95703	-4.36874
3683.574	2.66976	-4.73559	4.20704	-3.29349
3687.567	5.01558	-5.01155	4.10374	-2.18962
3691.578	7.33757	-5.34307	4.06352	-3.09169
3695.564	2.71827	-3.68112	4.00840	-4.53220
3699.591	4.62535	-4.78278	4.27624	-4.15817
3703.575	4.75396	-3.70943	4.19376	-2.46492
3707.562	5.85070	-5.71028	4.29979	-3.84777
3711.572	4.73490	-4.62886	4.13680	-3.65315
3715.567	2.75792	-3.33368	4.40880	-4.64435
3719.571	2.66035	-4.54155	4.36560	-2.25429
3723.561	2.66741	-5.03741	4.32086	-3.36827
3727.573	2.98262	-4.92480	4.22244	-3.00737
3731.576	3.94550	-4.85817	4.18939	-3.94475
3735.563	5.47732	-3.76297	4.09989	-3.63789
3739.572	7.81763	-5.28138	4.00329	-2.25979
3743.566	5.96024	-3.73984	3.81041	-3.14820
3747.572	6.06816	-2.78715	4.14673	-3.15492
3751.560	6.31502	-4.51758	3.99581	-3.21803
3755.571	6.55956	-5.30037	3.90249	-3.38232
3759.570	6.49386	-5.07066	3.84258	-3.52739
3763.566	5.83183	-3.66033	3.82111	-3.59152
3767.566	4.14107	-4.74193	3.85575	-3.88550
3771.569	4.12387	-3.64474	3.84140	-3.58605
3775.573	4.94381	-3.97033	3.80982	-3.47303
3779.565	4.30907	-4.14700	3.85232	-3.73014
3783.566	0.17454	-4.71428	3.95987	-3.79031
3787.564	2.93631	-3.84863	4.17457	-2.94594
3791.570	3.73433	-3.85709	4.35899	-3.74487
3795.571	4.74856	-4.54302	4.11194	-2.86976
3799.561	6.80394	-4.78991	4.56271	-3.89089
3803.571	2.91193	-4.00430	3.81565	-3.31970
3807.565	4.78047	-4.82676	4.24475	-3.38671
3811.569	4.77695	-5.27781	3.97365	-3.72194
3815.569	3.56213	-4.59313	4.38452	-3.97047
3819.579	5.37773	-4.62070	4.11900	-4.95723
3823.566	4.01203	-4.79556	5.38449	-3.27429
3827.565	5.61396	-4.93281	4.37191	-3.87705
3831.565	5.38420	-4.89686	5.55765	-3.73372
3835.598	7.09861	-4.47776	8.18191	-4.93053
3839.567	4.68654	-4.66983	9.51167	-4.38206
3843.571	9.39863	-4.63758	10.99867	-5.34445
3847.570	9.56793	-4.52808	10.86036	-5.63920
3851.606	13.29128	-7.65363	10.71847	-5.99436
3855.573	12.67610	-4.92124	10.99525	-6.06192
3859.565	9.57438	-4.48801	10.63212	-6.63177
3863.571	12.17641	-6.38568	10.65949	-5.59304
3867.563	12.82790	-7.18094	10.40152	-4.87478
3871.568	17.16514	-10.33569	10.62267	-4.76649
3875.559	12.93413	-6.84571	10.17733	-5.91284
3879.567	13.06560	-7.04050	10.69482	-6.30245
3883.565	9.45083	-7.90400	10.53543	-4.28937
3887.559	17.20394	-10.62945	10.33418	-4.50614
3891.569	4.97640	-8.46395	10.19106	-5.64154
3895.563	13.00365	-7.34417	10.52161	-6.35682
3899.574	13.03461	-7.43681	10.46016	-3.88041
3903.600	11.97434	-7.43865	9.93292	-4.81913
3907.568	12.47503	-7.97421	9.96814	-4.85491
3911.567	12.07725	-8.44653	10.29476	-5.82805
3915.564	12.19913	-8.34769	10.39042	-3.98905
3919.567	11.00161	-6.49001	9.75297	-4.50350
3923.564	12.01236	-7.52872	10.00215	-5.14292
3927.563	12.76716	-8.05525	10.08274	-5.20615
3931.568	11.30930	-6.35404	10.07141	-5.05733
3935.565	11.59896	-6.81291	10.39078	-5.27720
3939.569	12.49143	-7.28112	9.98422	-5.00354
3943.562	12.17582	-7.51990	9.91883	-5.18084
3947.563	11.64594	-7.75101	10.11312	-5.48985
3951.565	11.10952	-8.25556	9.98921	-5.62390
3955.564	11.63820	-8.59582	9.92398	-5.65529
3959.580	11.78588	-7.50614	10.12525	-5.74464
3963.567	12.06814	-7.13790	10.02023	-6.43915
3967.563	11.77689	-6.09008	9.98781	-7.56325
3971.570	15.02108	-7.95376	9.84255	-6.27714
3975.561	12.59264	-6.93989	9.86811	-5.52181
3979.608	12.72048	-6.97795	10.00389	-4.66285
3990.328	12.10490	-7.28969	11.29216	-6.54933
3992.933	11.85226	-7.49824	9.73494	-6.58034
3995.561	12.23182	-7.48711	9.63286	-6.20193
3999.573	12.63256	-7.27173	9.66313	-4.79216
4003.560	12.13809	-7.64661	10.14809	-5.76767
4007.568	11.91284	-7.75360	10.11283	-5.93239
4011.565	11.77624	-7.84051	10.83448	-6.65220
4015.567	11.60723	-7.76718	12.33423	-7.05534
4019.561	11.69800	-7.49841	9.72045	-6.31829
4023.566	11.66739	-8.33583	9.43924	-5.42700
4027.566	12.24422	-7.52519	9.69125	-5.54446
4031.566	11.37467	-7.28700	9.92454	-5.99545
4035.562	11.52357	-6.99185	10.79617	-5.75042
4039.562	11.88691	-6.93271	10.78520	-5.74306
4043.571	10.42814	-7.01475	11.25061	-6.59945
4047.565	11.52741	-8.47007	12.57685	-7.04413
4051.563	10.86747	-10.16830	10.85397	-7.08255
4055.562	12.90428	-9.02566	9.78876	-6.08658
4059.581	11.62351	-7.91896	10.03919	-5.85539
4063.585	11.68005	-8.05521	9.96287	-6.15222
4067.566	10.28282	-6.91619	10.30615	-6.50057
4071.566	11.25259	-7.70747	10.45159	-6.40244
4075.562	14.00907	-10.23843	10.36473	-6.49307
4079.561	11.74154	-7.76767	10.17598	-6.66725
4083.562	10.86960	-8.68622	10.22176	-6.55100
4087.565	12.05779	-8.58986	10.29632	-6.38113
4091.562	12.20482	-8.05790	10.66639	-6.30772
4095.564	11.47324	-8.31006	10.41369	-5.99396
4099.557	11.80833	-8.15364	10.40080	-6.04716
4103.573	11.66860	-7.63381	10.39206	-5.98098
4107.565	11.28569	-7.74796	10.30747	-5.58427
4111.576	11.86220	-7.50340	10.32174	-5.44339
4115.559	10.71743	-7.34709	10.21798	-5.47480
4119.567	6.75377	-7.73751	10.11089	-5.53853
4123.566	11.41550	-7.29155	10.28974	-5.49530
4127.561	10.44105	-5.89968	10.32436	-5.38612
4131.564	11.67810	-6.86063	10.12347	-5.28894
4135.559	11.34564	-6.39797	10.18409	-5.28714
4139.565	8.49551	-6.52577	10.20906	-5.72278
4143.561	11.69997	-7.14628	10.12787	-5.21301
4147.569	11.82511	-6.78706	10.08443	-5.25515
4151.559	12.85242	-6.76549	10.08977	-5.57316
4155.560	11.88204	-6.60943	10.10894	-5.33002
4159.562	12.29391	-6.88042	10.20832	-5.43743
4163.574	12.56269	-6.72441	10.25862	-5.64962
4167.567	13.25023	-6.79249	10.28676	-5.79746
4171.558	12.70206	-6.92101	10.16892	-5.92108
4175.560	12.97257	-6.82544	10.18166	-5.79111
4179.559	13.42028	-6.68995	10.10172	-5.67167
4183.566	10.74237	-5.00909	10.14203	-5.76863
4187.565	11.40889	-6.67651	10.09482	-5.97706
4191.568	15.30988	-9.35959	10.05977	-5.92293
4195.556	13.44127	-6.69760	9.99501	-5.67084
4199.444	12.69698	-5.82793	10.04006	-5.88576
4203.435	13.56237	-6.67264	13.33377	-5.81349
4207.438	13.31274	-6.73398	10.57963	-2.83916
4211.431	4.92302	-4.54682	11.52822	-4.19181
4215.439	15.50405	-6.58655	15.10246	-5.05942
4219.436	19.24728	-7.32511	16.00445	-0.86769
4223.437	21.95797	-7.35765	13.35287	2.22979
4227.439	19.46453	-6.19270	20.16212	4.80732
4231.436	-19.99372	-12.07722	NaN	NaN
4235.440	NaN	NaN	NaN	NaN
4239.436	NaN	NaN	NaN	NaN
4243.435	NaN	NaN	NaN	NaN
4247.434	NaN	NaN	NaN	NaN
4251.435	NaN	NaN	NaN	NaN
4255.457	NaN	NaN	NaN	NaN
4259.437	NaN	NaN	NaN	NaN
4263.434	NaN	NaN	NaN	NaN
4267.432	NaN	NaN	NaN	NaN
4271.432	NaN	NaN	NaN	NaN
4275.465	NaN	NaN	NaN	NaN
4279.437	NaN	NaN	NaN	NaN
4283.443	NaN	NaN	NaN	NaN
4287.438	NaN	NaN	NaN	NaN
4291.436	NaN	NaN	NaN	NaN
4295.432	NaN	NaN	NaN	NaN
4299.432	NaN	NaN	NaN	NaN
4303.453	NaN	NaN	NaN	NaN
4307.444	NaN	NaN	NaN	NaN
4312.177	NaN	NaN	NaN	NaN
4316.199	NaN	NaN	NaN	NaN
4320.006	NaN	NaN	NaN	NaN
4324.104	NaN	NaN	NaN	NaN
4327.927	NaN	NaN	NaN	NaN
4331.770	NaN	NaN	NaN	NaN
4335.526	NaN	NaN	NaN	NaN
4339.442	NaN	NaN	NaN	NaN
4343.432	NaN	NaN	NaN	NaN
4347.431	NaN	NaN	NaN	NaN
4351.440	NaN	NaN	-20.04887	5.28416
4355.437	NaN	NaN	-22.23964	5.80300
4359.437	NaN	NaN	-20.73507	0.40713
4363.438	-20.13478	8.33111	-20.14972	1.64764
4367.438	-20.03338	-12.07447	-22.54859	0.55756
4371.429	-19.71201	5.47460	-22.79895	-0.00662
4375.436	-18.81308	7.13107	-20.03130	0.01679
4379.433	-17.44483	3.72058	-9.20985	-0.19854
4383.435	-19.40659	3.00241	-20.06807	-1.53415
4387.430	-19.34526	7.06280	-20.36195	-1.44931
4391.432	-15.29750	3.10577	-20.85200	-1.31748
4395.434	-15.25845	3.33526	-19.63718	-1.35731
4399.434	-18.24732	3.41374	-7.22329	2.85064
4403.435	-15.18911	1.08513	-14.41753	-0.65475
4407.441	-14.93175	1.18420	-12.42785	-0.07212
4411.450	-13.57612	2.64320	-14.31284	-0.76310
4415.434	-14.45644	2.69216	-13.76820	-0.72199
4419.431	-12.15860	2.93089	-14.17404	-0.27311
4423.433	-12.12879	0.69926	-13.96750	0.61923
4427.431	-10.02237	1.15629	-13.44942	1.19985
4431.429	-12.03643	1.57321	-12.71450	0.33114
4435.435	-12.55644	1.72758	-12.50342	-1.59208
4439.431	-11.09573	0.22190	-10.70332	-0.37787
4443.439	-12.35704	0.56359	-12.36004	-1.20067
4447.433	-11.54196	0.85292	-12.68512	-0.73565
4451.434	-11.45531	1.50331	-12.09652	-0.64104
4455.429	-9.51056	1.02632	-12.77249	-0.43231
4459.431	-11.22995	-0.54122	-11.42563	0.91483
4463.447	-11.36656	-0.34944	-12.58796	0.75535
4467.431	-10.51105	0.80831	-12.21753	0.31574
4471.435	-11.02880	0.72169	-12.35173	1.13696
4475.436	-11.12046	1.02401	-12.29441	-0.48725
4479.434	-11.07432	0.90683	-11.99794	-1.09854
4483.465	-11.16117	-0.85206	-12.26209	-1.40185
4487.437	-11.07140	-0.08411	-11.83581	-1.21127
4491.432	-11.14541	-0.02935	-11.89915	-1.24861
4495.427	-10.99659	0.04237	-12.39733	-1.14162
4499.433	-9.61122	7.43674	-11.49262	-0.66334
4503.430	-9.58919	3.95367	-12.29597	-1.09481
4507.429	-10.89425	3.95611	-12.27043	-0.89290
4511.433	-9.15519	4.06731	-11.38826	-0.79769
4515.426	-11.12770	0.05676	-11.79743	-1.24581
4519.428	-9.85211	0.49292	-12.05438	-0.49389
4523.428	-10.52454	0.16704	-11.13458	-0.20007
4527.439	-11.20586	-0.22637	-12.34058	-0.47847
4531.429	-11.16719	-0.00151	-11.52583	-0.07928
4535.427	-10.52775	0.09733	-11.09461	-0.24263
4539.445	-11.06069	-0.15593	-11.60373	-0.49380
4543.436	-10.90566	-0.19188	-11.32743	-0.25581
4547.429	-10.74202	0.28962	-11.04542	-0.27135
4551.427	-11.22998	0.04226	-11.22155	-0.44223
4555.431	-11.34311	0.18356	-11.73914	-0.86477
4559.427	-11.35382	0.03477	-11.36095	-0.38168
4563.429	-10.98831	0.61891	-11.39692	-0.33433
4567.438	-11.40691	0.45211	-11.48468	-0.91642
4571.431	-11.41216	0.04267	-12.18422	-1.02401
4575.428	-11.36324	0.04963	-11.10235	-0.70098
4579.432	-11.18492	0.84839	-11.67382	-1.12570
4583.444	-11.52974	0.85992	-11.16927	-1.16474
4587.437	-12.00818	0.51375	-11.36167	-0.81172
4591.429	-11.39888	0.46822	-11.64223	-0.63016
4595.432	-11.07317	1.23348	-11.69969	-0.48879
4599.426	-11.48387	1.06244	-11.48306	1.18493
4603.434	-11.38786	1.08961	-11.99018	1.74704
4607.434	-11.83531	0.73063	-11.45164	1.55765
4611.431	-11.44933	0.99907	-11.52231	1.41808
4615.436	-11.11074	1.39753	-11.46585	0.66352
4619.428	-11.10832	0.75621	-11.86709	1.18456
4623.431	-11.33061	-0.01935	-12.38656	1.50383
4627.425	-11.13979	0.20273	-11.64675	1.83051
4631.432	-11.22740	-0.22448	-11.97885	1.71170
4635.428	-10.75840	0.01352	-11.68781	0.41902
4639.430	-11.05055	0.13694	-11.65392	-0.28430
4643.425	-11.11707	-0.03189	-11.67777	-1.36738
4647.431	-11.26619	0.07967	-11.45415	-1.50338
4651.432	-11.23869	0.08577	-11.63920	-1.28873
4655.433	-11.22057	0.20891	-11.43724	-0.82789
4659.426	-9.89699	-0.34513	-11.62932	-0.73313
4663.435	-10.02471	-0.16588	-11.66234	-0.24944
4667.432	-10.65024	-0.22291	-11.54075	-0.36021
4671.429	-11.00003	0.00468	-11.66751	-0.02429
4675.430	-11.11203	-0.02009	-11.44225	0.50197
4679.427	-11.15420	0.26498	-11.50763	2.08054
4683.430	-11.27464	0.62294	-11.43135	2.32450
4687.433	-6.87920	0.24357	-11.15480	-0.45479
4691.428	-9.98350	0.46620	-11.46523	-0.79479
4695.436	-11.18879	-0.19706	-11.51766	-0.40550
4699.425	-11.18083	0.35898	-11.56033	1.23844
4703.456	-11.27899	0.45236	-9.68532	1.87567
4707.427	-10.32169	1.27353	-9.28519	2.78156
4711.428	-9.91582	1.92043	-9.17425	1.80101
4715.421	-9.73058	1.07993	-9.19532	-0.36321
4719.426	-8.89584	3.86428	-8.80432	-0.27596
4723.432	-9.57179	0.17383	-8.68999	-0.23908
4727.429	-9.75591	0.13673	-8.76001	1.03187
4731.425	-9.70878	0.69746	-8.30126	0.53845
4735.430	-9.59865	0.32260	-7.97006	0.24422
4739.429	-8.97411	0.73363	-7.89147	0.41311
4743.426	-8.72486	1.37678	-8.18961	0.42865
4747.423	-8.29995	1.46451	-7.95687	0.36302
4751.424	-8.63115	1.20929	-8.39482	0.44025
4755.427	-8.79647	1.25782	-8.65472	0.38394
4759.424	-8.43601	1.31125	-8.60514	0.46445
4763.445	-8.77034	0.98404	-8.80604	0.50179
4767.429	-8.63027	0.74367	-9.09621	0.53682
4771.425	-8.87532	1.22067	-9.27590	0.51183
4775.428	-9.09485	0.61612	-9.07046	0.48165
4779.437	-9.27893	0.43971	-9.19757	0.47947
4783.425	-9.18322	0.74047	-8.13225	0.56658
4787.456	-8.43042	1.01687	-8.03908	0.56021
4791.434	-8.54110	0.90932	-7.85504	0.56034
4795.424	-7.47182	-1.01004	-7.61877	0.48958
4799.424	-8.13592	1.14845	-7.57949	0.46152
4803.424	-6.72261	-0.12796	-7.96546	0.44252
4807.423	-8.14470	0.82948	-8.20126	0.42534
4811.425	-7.88319	0.69488	-8.66860	0.28044
4815.426	-8.16275	0.78724	-8.74178	0.38744
4819.432	-8.11109	0.74722	-8.30041	0.26303
4823.449	-8.74151	1.12873	-8.60900	0.54154
4827.430	-8.27540	0.37384	-8.41291	0.51606
4831.426	-8.84237	1.07099	-8.57085	0.48206
4835.425	-9.01406	0.97249	-8.59121	0.40300
4839.423	-6.88543	0.72358	-8.61009	0.61121
4843.422	-9.16431	1.09588	-8.77708	0.69165
4847.424	-9.21672	1.24626	-8.80035	0.58141
4851.438	-9.35819	1.10545	-8.84273	0.65855
4855.424	-7.02189	0.21146	-8.88622	0.74739
4859.434	-9.02619	1.32569	-8.90577	0.82093
4863.424	-8.14336	1.50779	-1.90133	-6.76631
4867.430	-8.08399	1.65291	-2.58952	-6.68437
4871.421	-7.36142	1.44439	-2.77025	-6.55650
4875.425	-8.08509	1.36922	-2.71429	-6.54417
4879.421	-8.11233	1.30053	-2.82229	-6.56579
4883.429	-8.03115	1.42906	-2.65832	-6.68050
4887.422	-7.95044	1.47723	-2.68559	-6.69793
4891.428	-8.02260	1.43595	-2.76777	-6.68742
4895.418	-7.79975	1.52441	-2.99802	-6.65876
4899.429	-4.47269	1.40264	-3.15983	-6.62789
4903.428	-8.00228	1.65951	-3.26332	-6.51127
4907.423	-8.04105	1.86631	-3.41753	-6.39943
4911.422	-8.16408	1.69264	-3.70744	-6.19921
4915.510	-9.15882	0.55697	-3.72326	-5.43723
4919.434	-8.59291	1.07870	-3.72220	-5.50906
4923.426	-8.67139	0.77007	-3.84807	-5.40100
4927.419	-8.48818	-4.33534	-3.90590	-5.21039
4931.427	-8.78016	0.07861	-3.83581	-10.62431
4935.422	-8.62695	-0.03656	-3.94159	-10.42220
4939.426	-8.77696	0.27269	-3.94105	-10.40259
4943.422	-8.75766	0.01754	-3.94964	-10.05258
4947.427	-8.87227	0.06843	-4.02218	-10.39796
4951.423	-8.92336	0.05005	-3.95305	-10.15643
4955.425	-8.86059	0.16747	-3.95770	-10.02124
4959.420	-8.83573	0.24449	-3.96829	-9.88321
4963.435	-8.84394	0.23476	-3.94330	-9.79773
4967.429	-8.71962	0.37648	-3.84876	-8.84433
4971.419	-8.65128	0.50547	-3.63693	-8.72192
4975.435	-8.63173	0.68135	-3.54091	-8.78298
4979.426	-8.69763	0.97596	-3.45826	-8.13966
4983.435	-8.58563	1.10166	-3.49861	-8.09080
4987.428	-2.48242	-2.46656	-3.31514	-7.77611
4991.427	-8.52940	1.64342	-3.42915	-7.44071
4995.421	-8.49085	2.17935	-3.34299	-7.31696
4999.420	-8.40191	2.10675	-3.44552	-5.83697
5003.422	-8.51760	1.33890	-3.39517	-5.17284
5007.420	-8.73090	-0.40513	-5.56920	-4.89137
5011.424	-8.39516	-1.99653	-5.45582	-4.80855
5015.416	-8.45033	0.23230	-3.25436	-4.55500
5019.423	-7.65281	-2.56716	-3.23682	-4.36915
5023.420	-8.48301	0.24078	-3.18789	-4.13056
5027.424	-6.57095	-2.61632	-3.14917	-3.61064
5031.426	-8.43134	0.91924	-3.13994	-3.34639
5035.422	-6.14209	-3.30793	-3.06288	-3.17671
5039.440	-5.98609	-0.80420	-2.92968	-2.97315
5043.429	-7.66331	-0.43215	-2.74296	-7.47294
5047.420	-7.90396	1.08927	-2.78748	-7.68555
5051.300	-7.70938	1.36220	-2.40320	-7.78880
5055.291	-7.53169	-0.70188	-2.51861	-7.51819
5059.298	-6.02229	-2.93783	-2.43654	-7.41126
5063.293	-7.81999	1.45599	-2.48641	-7.17242
5067.298	-7.93252	1.69823	-2.39609	-7.38179
5071.296	-2.44217	-2.67585	-2.74318	-7.18250
5075.299	-7.77044	1.80781	-2.67997	-6.98991
5079.293	-2.41338	-4.15373	-2.96987	-6.83393
5083.295	-8.33569	2.37867	-3.05518	-6.57705
5087.296	-11.26815	3.07640	-3.13237	-6.27737
5091.296	-8.24463	1.66542	-5.86772	-4.99981
5095.293	-8.95530	-1.18767	-5.36555	-4.95182
5099.314	-8.32867	-0.56081	-3.26972	-6.02700
5103.320	-8.50421	1.18324	-3.11391	-5.95428
5107.301	-8.56746	-0.03344	-3.16265	-5.21919
5111.293	-8.22754	-2.68776	-3.25030	-4.63959
5115.299	-8.50649	0.46037	-3.28026	-4.21757
5119.297	-8.47716	1.02377	-3.16577	-8.28145
5123.299	-8.16875	0.82397	-3.13336	-8.14885
5127.294	-8.19927	1.31067	-2.61979	-7.79790
5131.292	-8.40334	1.74957	-3.28748	-6.12171
5135.297	-8.38668	1.47284	-3.17601	-6.14911
5139.295	-8.40893	0.66334	-3.24511	-4.58179
5143.294	-8.63386	0.59894	-2.93851	-4.33640
5147.292	-8.25224	0.45238	-2.90931	-3.67807
5151.293	-8.08331	1.33114	-2.82412	-2.06506
5155.298	-8.05246	1.31297	-2.96978	-7.64682
5159.299	-7.78460	1.31471	-3.09792	-5.63124
5163.306	-9.25096	0.29235	-4.33167	-4.61858
5167.296	-8.62120	-0.44055	-3.01056	-4.05037
5171.298	-6.94871	-1.87360	-2.66035	-3.16721
5175.292	-6.92430	-1.88949	-2.66065	-2.11044
5179.296	-7.99756	1.45215	-2.13180	-0.95711
5183.288	-10.11132	1.02326	-2.99871	-5.45099
5187.297	-7.68376	0.58672	-3.18630	-3.46209
5191.292	-8.24368	-1.70631	-7.16468	1.46772
5195.296	-8.27849	0.85514	-10.24665	1.80517
5199.296	-8.43863	0.88924	-7.31643	1.96282
5203.302	-8.54719	0.91495	-5.85819	0.10763
5207.291	-8.45291	0.68558	-6.64249	-0.74559
5211.296	-8.90134	0.74387	-7.64674	-1.16529
5215.288	-12.08119	0.38902	-8.21962	-0.85932
5219.296	-9.02459	0.74776	-9.18729	0.10082
5223.293	-8.88608	0.87782	-9.39192	0.39152
5227.315	-8.55488	1.11438	-8.76716	0.10533
5231.300	-8.41828	0.58352	-7.30500	-1.33622
5235.293	-8.66028	0.41852	-6.67684	-0.28022
5239.299	-8.62396	0.78567	-7.98126	-0.57097
5243.294	-8.06137	0.99140	-8.31124	0.77119
5247.300	-7.79003	1.56450	-8.78692	-0.34996
5251.296	-9.07578	1.92245	-8.55263	-1.72896
5255.294	-7.12464	-3.16499	-8.98516	-0.77778
5259.291	-7.46938	1.07701	-7.64949	-0.29002
5263.322	-8.00382	0.91703	-8.32407	0.85710
5267.296	-8.45633	0.65466	-6.23849	0.13495
5271.293	-7.40477	1.00103	-6.31228	1.43027
5275.293	-7.26686	1.47796	-3.93297	-1.22893
5279.291	-7.09397	0.93622	-4.00623	-0.67984
5283.296	-4.60646	1.42377	-1.46906	-0.70284
5287.291	-3.95646	0.92724	-0.69593	0.08351
5291.311	-3.40222	0.62909	-1.25453	0.59920
5295.293	-1.20403	-0.48918	-1.14298	1.81679
5299.297	-0.72139	-0.42736	0.35367	1.49776
5303.291	-0.05338	-0.86200	-2.04257	0.48779
5307.296	-1.98385	0.05737	-2.68361	0.19085
5311.287	-2.00544	0.22489	-1.54810	-0.11903
5315.290	-0.80387	-0.58900	-1.41757	-1.26043
5319.324	-0.25664	-1.05444	-1.39683	0.38854
5323.299	1.05081	-0.91223	-1.56308	0.24415
5327.289	-2.91735	-0.04350	-1.59762	0.12313
5331.289	-0.44008	-0.37779	-1.47940	0.25439
5335.291	-0.73695	0.15529	-1.75086	-0.02904
5339.289	-0.83168	-0.54802	-1.91923	-0.10634
5343.291	-0.44733	-4.20068	-1.45951	-0.03314
5347.292	-3.16636	0.04042	-1.83682	-0.24965
5351.309	-0.46368	-0.24873	-1.78280	-0.75980
5355.299	-2.70228	-0.27807	-1.85767	-0.40182
5359.289	-0.62106	-0.60785	-1.88504	0.06122
5363.296	-0.15593	0.40854	-0.87237	-0.00268
5367.295	-1.05277	-0.27148	-1.99260	1.44564
5371.291	-0.51604	-0.65099	-1.48267	0.60282
5375.290	-0.29903	-0.75705	-1.10542	0.43832
5379.288	-0.73868	-0.60950	-1.19271	0.38830
5383.303	-2.08862	0.38706	-1.20537	-0.27596
5387.296	-1.82681	-1.68182	-0.32498	0.78828
5391.290	-2.31388	-0.02366	-1.78557	0.67132
5395.288	-0.92820	-1.08601	-1.30566	0.88532
5399.288	-0.19804	0.57489	-0.92232	0.58239
5403.289	-0.99628	-3.53107	-1.24746	-0.02209
5407.301	-0.69806	-2.46797	-1.04391	0.37073
5411.291	-0.06718	-1.15053	-1.48684	0.32474
5415.290	-0.46654	-0.52168	-0.57890	0.83374
5419.289	-1.20666	-1.53428	-0.64836	0.29732
5423.291	-0.85270	-3.73161	-1.60732	0.24355
5427.290	-3.63853	0.40052	-0.64364	0.94174
5431.287	2.90228	-1.89785	-1.12263	1.20778
5435.288	-0.57319	-3.82528	-1.02675	0.41458
5439.290	-3.31358	-1.14117	-1.07230	0.78296
5443.289	0.29007	-2.24682	-1.24032	2.10557
5447.291	-0.36362	-0.97517	-1.36057	0.63663
5451.293	-0.66898	-0.88003	-1.52851	0.97315
5455.290	-0.80543	-0.73828	-1.02360	1.43116
5459.292	0.27681	-0.32624	-0.89336	0.03387
5463.301	-0.32856	-0.90961	-1.67950	1.68016
5467.289	0.25922	-0.52991	-1.23305	0.85110
5471.294	-2.46362	-0.44895	-1.06093	0.74304
5475.300	0.09781	-3.60418	-0.91666	3.01776
5479.295	0.16414	-0.20640	-1.12563	0.55327
5483.285	-1.68362	-0.21587	-1.73834	1.63552
5487.293	-1.78748	0.20898	-1.76304	1.33042
5491.302	-1.70482	0.24428	-1.41797	0.73738
5495.294	1.15595	-4.09436	1.12243	0.89912
5499.283	0.25614	0.15488	-1.49468	1.46372
5503.299	1.52476	-1.27221	-1.47037	1.05940
