time (ms)	lx (deg)	ly (deg)	rx (deg)	ry (deg)
0.000	5.19724	-0.97749	2.46540	1.19287
4.018	4.37305	-0.18967	2.81461	0.97465
7.991	4.94467	-0.41432	3.09010	1.13892
11.995	6.09079	-0.26735	3.38506	1.39508
15.992	4.63484	-0.25238	2.53858	0.85220
19.990	4.38701	-0.71139	2.94517	1.32019
23.984	4.56188	-1.18851	3.60563	6.49803
27.985	4.85164	-0.95808	3.94619	1.18889
31.992	6.48494	-1.06279	2.80669	1.40435
35.988	4.99891	-0.30742	3.25689	0.80150
39.989	4.78018	-1.20238	2.88086	1.40763
43.995	4.57544	-1.00774	2.79511	0.95370
47.990	4.95002	-0.98806	2.93302	2.29711
52.042	5.88230	-1.66513	3.51916	1.21654
56.001	4.59872	-1.23195	3.16710	0.80946
59.989	5.89510	-0.75093	3.02150	2.11273
63.990	1.63437	-0.02720	1.63164	2.31568
67.989	1.61124	-0.88982	1.06421	6.98234
71.989	1.36811	0.09177	-0.84689	5.88411
75.986	1.53168	0.40588	0.65166	6.54159
79.990	1.51990	0.36170	0.82714	4.73913
83.986	2.15836	-0.45513	0.72518	5.44831
87.986	0.78233	0.57807	0.06301	5.67274
91.994	1.92158	0.64608	3.18358	5.58355
95.995	1.63301	0.57282	3.23126	1.98158
99.987	0.25773	0.51006	2.37421	1.91679
103.986	0.80449	0.63955	1.23590	1.52383
107.991	1.85370	-0.37142	1.61314	4.73052
111.986	2.45604	-0.39061	5.40894	2.29920
115.987	2.24939	0.69518	5.34506	1.08910
120.013	2.15792	-0.69639	5.05641	2.84432
123.991	0.33990	1.25953	4.02952	0.87293
127.992	2.03702	0.51692	4.78922	2.36100
131.985	0.10763	0.84836	5.14087	0.28991
135.985	0.12148	1.23637	1.79480	2.52731
139.990	1.59390	0.75667	-1.93008	2.16270
143.990	0.38211	0.61794	-1.09326	2.48028
147.988	0.44420	1.48530	-1.39237	2.85702
151.986	0.81101	1.61170	-0.94001	2.91852
155.990	0.84751	0.42290	-1.13459	2.84432
159.989	0.76620	1.06693	-1.01814	2.73681
163.988	1.60761	1.07922	-1.16290	3.00486
167.985	-2.00745	1.57978	-1.08641	2.79341
171.991	1.60699	1.79480	-1.00988	2.25675
175.988	2.29964	2.01425	-0.90259	2.50532
179.991	2.24666	1.55569	-0.80114	2.54092
183.995	0.52044	1.92520	4.87786	0.14336
188.048	1.47474	1.03357	5.66710	-1.44392
191.999	1.70016	2.18587	5.13474	1.33608
195.992	2.41415	1.18582	-1.15305	2.74638
199.989	2.10989	1.51625	-0.92279	2.37451
203.989	2.28968	1.49444	-0.94242	1.53682
207.986	2.06723	2.33393	-0.58084	2.14126
211.990	2.10409	1.72367	1.48875	4.30790
215.989	2.19172	1.85194	2.25330	4.00749
219.990	2.08203	1.83012	1.87366	2.92067
224.037	1.92151	2.08595	-0.51041	2.18134
227.995	1.63492	2.38397	-0.48145	2.83989
231.984	2.16491	1.84932	-0.55530	3.17300
235.985	1.15414	1.58711	-0.29922	2.90088
239.988	0.84759	2.27171	-0.96385	2.09457
243.986	1.19723	1.99276	-0.38127	2.76236
247.985	1.99233	1.48301	-0.50423	3.65062
251.988	1.64759	1.77318	0.08679	1.91813
256.000	1.23176	1.03660	-0.26446	2.75575
259.990	0.22728	2.16056	-0.12965	1.96812
263.989	1.10360	2.02625	-0.30451	3.04429
267.988	0.84245	1.14592	-0.08406	1.49948
271.983	1.54500	1.74120	-0.32635	3.03554
275.988	0.81937	0.16871	-1.05384	2.99947
279.985	0.49443	1.14068	3.90736	2.40331
283.985	0.78297	1.23641	-0.14010	3.07084
287.983	2.71184	0.69705	-0.48366	2.15705
291.991	0.88322	0.04201	-0.61598	2.28835
295.988	0.43768	2.15947	2.51774	2.12101
299.983	0.28215	1.24265	-0.01765	2.20611
303.992	3.16651	0.78180	-0.12275	2.02376
307.985	2.82199	0.51970	-0.68159	2.23796
311.984	1.18192	0.93457	0.13851	2.47601
315.983	NaN	NaN	2.21447	2.24356
319.987	1.15392	0.90840	-0.33062	2.42969
324.015	0.64605	0.29926	2.39909	-5.29988
327.993	1.06297	0.19185	2.25565	2.01865
331.983	0.73193	1.00444	2.57211	1.51025
335.988	0.90503	0.06371	0.20127	1.21605
339.986	0.89026	0.54866	-0.02368	2.58040
343.983	0.49098	0.66401	0.22371	0.88671
347.987	0.26537	1.08527	-0.38308	2.07780
351.985	1.19286	-0.09036	-0.94343	1.14675
355.985	0.66243	0.74089	0.01707	1.16919
359.992	0.46401	0.70148	0.10071	1.20808
363.986	0.25321	0.90944	0.01846	1.21673
367.984	0.14069	1.03562	0.05088	1.24194
371.980	0.00965	1.03473	0.11026	1.12507
375.988	0.08699	1.26931	0.15571	0.81042
379.986	0.07130	0.99138	0.24450	1.74527
383.985	0.18556	-0.25291	0.28803	1.56539
387.986	0.00544	1.54877	-0.11592	0.71693
392.012	0.59600	0.23881	-0.08455	1.53067
395.990	0.08890	1.30947	-0.26302	0.11594
399.984	0.41167	1.42080	-0.21152	1.20952
403.981	0.62193	0.32550	-0.48751	1.87726
407.986	0.30888	0.36351	-0.52748	1.34572
411.983	0.76578	0.42684	-0.16427	1.98246
415.983	1.06823	1.08775	-0.16042	1.06600
420.005	1.41241	0.79796	-0.13431	1.49175
423.992	1.56367	0.53014	-0.16536	1.74297
427.987	1.43704	-4.81644	-0.66181	1.99879
432.020	0.41487	1.51888	-0.43639	2.33969
435.986	0.75699	1.77408	-0.62091	2.59910
439.980	0.60967	2.10621	2.42621	2.58404
443.978	0.05594	2.46069	-0.55170	0.15264
447.984	0.56880	1.86770	0.01484	1.32182
452.008	0.55523	1.05982	-0.04621	8.26049
455.993	1.94285	0.73674	0.06366	8.49334
460.007	1.06803	1.97513	0.32687	0.46409
463.988	0.48582	2.13549	-0.10212	1.45969
467.980	-0.05222	2.33100	1.42987	2.21192
471.989	0.60799	1.23156	-0.24269	1.84646
475.985	1.46559	2.52728	-0.55883	1.63321
479.988	1.83184	0.92942	-0.39194	1.80882
483.987	0.76888	2.71104	-0.29781	1.68687
487.986	0.36067	2.45972	-1.53091	1.87013
491.980	0.90274	2.02640	-0.50220	2.44797
495.979	5.21535	-4.82667	-0.43740	2.37224
499.984	5.38162	-6.17790	-0.81692	1.92536
503.982	5.46682	-2.22395	-1.00603	2.23499
507.980	5.59418	-2.76557	2.13373	2.69865
511.984	5.61662	-3.79704	1.75404	2.89498
515.983	5.72313	-4.17318	1.63767	3.00497
519.981	5.59649	-2.46838	1.50274	2.09718
523.979	5.41677	-2.74552	-0.29391	2.89959
528.013	9.54223	-4.40459	-1.14484	3.03630
531.988	5.80248	-6.15338	-0.61325	2.86965
535.981	10.03669	-5.18087	-0.96512	2.65958
539.984	1.48436	2.10481	1.41849	2.29046
543.982	0.61017	1.81604	1.31578	2.06249
548.000	1.15940	1.52003	1.22437	2.60136
551.992	1.94045	1.79654	0.11168	1.81072
555.991	0.17139	1.92443	-1.02853	2.32567
559.981	1.69731	2.01278	1.84939	2.04310
563.980	1.63883	1.92204	-0.11049	2.14852
567.979	1.55370	1.65632	-0.85602	2.08153
571.983	1.64469	2.20156	-2.93168	9.17025
575.982	1.24039	2.60276	0.21693	1.63576
579.981	2.01189	1.62218	0.32481	1.29343
584.006	1.99253	1.06258	0.59491	1.51611
587.982	0.38844	2.32239	-0.69062	1.98771
591.979	1.15111	1.72855	0.01541	1.85293
596.003	2.36165	0.08710	-0.06669	1.81053
599.986	0.98092	1.63452	-0.60769	1.33662
603.977	1.55978	0.79555	-0.62739	1.52141
607.981	0.96137	0.82554	2.66627	1.54501
611.982	1.46430	0.83393	0.67757	1.44492
615.977	0.65610	0.58067	0.03137	2.19331
619.977	0.56300	0.91535	-0.80967	2.16342
623.982	0.82173	0.70315	0.63079	2.20766
627.978	0.32551	1.74417	0.60928	1.74290
631.978	1.37850	1.84914	0.26453	1.34400
635.982	0.59337	0.61976	-0.96167	0.92572
639.982	2.04250	0.39671	-0.75647	1.58896
643.980	1.58354	0.42343	-1.12931	1.17949
647.979	0.38365	0.45484	0.98536	1.67418
651.983	1.25208	1.19623	0.46947	1.07608
655.979	0.32811	0.56673	0.24746	0.08210
659.975	1.19785	1.01608	0.78885	2.22379
664.010	1.46249	0.25132	0.22725	0.82165
667.987	2.08835	1.75296	0.35102	0.86979
671.982	-1.48091	0.50945	-0.38623	0.81592
675.979	1.21249	2.14908	0.39050	1.43605
679.980	-0.12163	0.47804	-0.48081	0.43968
683.979	-0.13133	0.33973	0.18144	0.96219
687.981	-1.30365	1.36540	0.24309	1.07529
691.978	-0.49463	1.32075	0.50083	1.21360
695.979	0.21534	1.61173	0.38149	1.02318
699.976	0.71049	1.02231	0.20045	1.03097
703.981	-0.94165	1.40827	0.19328	0.88398
707.979	-0.74670	0.87395	0.27734	0.62542
711.975	-0.79362	1.42882	0.55550	1.97242
715.977	-0.81513	1.52982	0.14000	1.14310
719.985	-0.83198	1.87631	-1.34487	1.21327
723.979	-1.02136	1.07878	-0.51949	1.25408
727.979	-1.25639	1.07504	-1.47201	1.03588
731.976	-0.99879	1.73713	0.01884	1.10640
735.980	1.70385	1.50008	-0.31126	1.21468
739.978	0.09537	1.21057	0.09910	1.46625
743.982	-0.01899	2.00739	0.02943	1.55356
747.979	0.63099	2.10291	-0.19455	1.72043
751.977	-1.65612	2.64244	-0.75424	1.69735
755.983	0.35650	1.60592	-0.49366	1.50608
759.974	1.51816	0.96647	-0.36526	1.56455
763.981	1.03337	-1.96604	0.10538	1.10103
767.861	0.43609	1.67634	0.07917	1.47087
771.854	2.43900	-0.15678	-0.35211	1.61784
775.850	1.97884	-1.81295	-0.62392	1.62706
779.850	1.35107	1.95361	-0.39085	1.16248
783.855	1.55735	0.87793	-0.59374	0.55434
787.853	0.40442	1.98418	-0.58168	0.74954
791.906	1.35266	2.00839	-0.50376	1.68251
795.863	1.43949	1.00714	-0.11401	1.55962
799.876	1.55192	2.14671	-0.44423	2.37073
803.857	0.98343	2.44416	2.37989	2.23450
807.859	2.32360	2.28462	1.53463	3.63065
811.850	2.23172	0.78859	-0.88679	1.58421
815.852	1.70559	2.40528	0.97566	3.84110
819.848	1.54363	2.59427	-0.56245	1.97614
823.853	0.68843	2.12698	-0.93068	5.07389
827.849	0.80426	2.59007	-0.63263	2.54394
831.850	-0.03951	2.90744	-0.49155	2.09325
835.848	-0.17132	2.77129	0.18951	2.63410
839.852	0.00663	2.38317	-0.30384	2.65146
843.850	-0.18226	2.62257	-0.50969	2.44479
847.851	-0.24733	2.77757	-2.17747	2.31961
851.860	-0.45286	3.04369	-2.65339	3.62105
855.851	0.35089	2.64894	-2.19911	5.06936
859.874	0.08329	2.58712	-2.86821	2.03001
863.859	-0.84228	3.17377	-3.26418	2.28376
867.853	0.10073	2.50590	-4.22705	4.55243
871.853	1.14948	2.01237	0.17506	1.27308
875.850	2.08857	2.07034	-3.00059	4.46152
879.848	0.02186	2.44712	1.16051	2.02422
883.853	0.11034	1.65772	0.01586	2.26677
887.851	3.78220	0.47152	-0.08910	1.26096
891.852	0.12530	2.00666	-0.03355	1.90212
895.848	0.22026	1.58374	-0.97884	1.76166
899.852	0.40705	0.50645	-0.24639	0.90413
903.851	2.44851	0.03739	-0.41944	1.76753
907.849	2.58133	0.76205	-0.19469	1.86545
911.852	2.73212	1.83175	-0.72501	2.33055
915.851	2.80288	1.95295	-3.47517	2.33252
919.863	3.40306	-1.20883	-5.14444	2.38246
923.853	-0.51366	4.92640	-6.87680	2.31834
927.851	-4.57221	0.63322	-6.24487	2.40204
931.861	-12.64945	-1.72827	-9.85782	1.49125
935.871	-4.09890	-2.91514	-9.68884	2.53460
939.854	-7.96361	-1.39218	-9.60651	2.48167
943.851	-11.53322	0.01259	-10.98425	2.78160
947.849	-12.39208	0.16972	-11.28727	3.22952
951.853	-12.71356	0.58925	-11.34287	3.68915
955.850	-10.91167	2.76154	-10.66433	3.45010
959.847	-12.42652	1.07677	-11.40639	2.70503
963.851	-12.51054	-0.71932	-10.77902	1.20622
967.849	-10.52674	2.01316	-11.42985	2.70194
971.850	-12.28147	-0.83516	-11.21577	2.67738
975.856	-10.00709	1.93072	-11.36412	2.55998
979.874	-11.52617	-0.14041	-11.19160	1.11918
983.848	-12.62783	-1.87611	-11.55295	2.64661
987.852	-10.25708	1.82321	-11.43188	2.32219
991.848	-12.61039	2.11979	-11.10687	1.82830
995.847	-15.89705	-0.70854	-11.15895	1.65668
999.846	-10.12467	2.74083	-11.48463	2.10002
1003.862	-15.75171	-2.26367	-11.24032	1.10547
1007.849	-15.71743	-2.04315	-12.48786	2.27899
1011.845	-11.51178	2.12012	-11.34344	0.97224
1015.856	-11.27128	2.00524	-12.76524	2.11115
1019.849	-10.79940	2.28355	-11.49452	1.38984
1023.845	-16.14174	0.52461	-11.40484	1.73448
1027.845	-15.79806	0.14160	-11.62797	2.35716
1031.849	-15.78738	-0.50307	-11.34118	1.86382
1035.849	-16.05901	-4.10924	-11.23585	2.00346
1039.847	-10.81307	2.33231	-11.17283	0.79741
1043.850	-10.92622	2.57574	-11.15312	1.77455
1047.849	-11.09403	2.36698	-11.19731	2.86425
1051.847	-11.01596	1.84296	-11.40882	2.45774
1055.851	-10.91942	2.38614	-11.31044	1.57249
1059.852	-10.87826	2.82918	-11.29978	2.20373
1063.847	-10.63761	2.68084	-11.09764	1.90689
1067.845	-10.80350	2.02498	-10.97490	2.93136
1071.873	-10.75859	1.94860	-10.67787	1.08138
1075.852	-10.79945	2.48667	-10.69146	1.76565
1079.848	-10.87060	1.67393	-10.52914	3.22621
1083.845	-11.03968	1.62250	-10.57008	1.30335
1087.850	-10.83936	2.18799	-10.54507	1.62864
1091.847	-10.85291	1.30679	-11.39196	1.39300
1095.846	-10.81202	1.98163	-10.79648	2.29854
1099.851	-10.89516	2.53330	-11.25548	2.98290
1103.850	-10.74685	1.79562	-10.78700	3.12439
1107.849	-10.92918	1.37439	-10.50390	3.60235
1111.850	-11.02167	1.83717	-10.52012	2.26416
1115.847	-10.93088	2.78256	-10.34967	2.01162
1119.846	-11.02308	2.04061	-10.53056	1.54813
1123.847	-10.83366	1.82480	-10.51537	1.83567
1127.851	-10.81990	2.62981	-10.43937	2.63076
1131.847	-10.79148	2.67689	-10.75464	3.30021
1135.845	-10.58164	2.47407	-10.35087	1.84255
1139.889	-10.75203	3.18645	-10.29663	2.27991
1143.856	-10.44797	2.19395	-10.52185	3.08713
1147.847	-10.59510	3.25262	-10.30569	1.71602
1151.844	-10.46169	2.76182	-10.31107	3.81139
1155.850	-15.97156	-2.64114	-10.36019	1.82755
1159.846	-10.34900	2.39506	-10.23896	4.23236
1163.847	-10.37760	2.96008	-10.71775	2.80989
1167.843	-10.62080	2.58432	-10.25752	1.98891
1171.847	-10.16221	3.43174	-10.19125	2.25349
1175.849	-10.17377	3.00231	-10.10935	2.87789
1179.843	-10.40468	2.47385	-10.16983	4.28648
1183.854	-10.57421	2.61048	-10.50453	4.32678
1187.912	-12.95784	0.34917	-10.36389	4.78840
1191.851	-10.09708	2.37437	-9.89981	2.53346
1195.842	-10.05500	2.15051	-10.37741	2.01811
1199.847	-10.09600	2.26048	-10.37246	2.08595
1203.844	-10.57059	2.43108	-10.82354	3.61263
1207.866	-10.51400	2.66222	-10.54557	4.17917
1211.853	-10.21142	2.08983	-10.21067	2.44742
1215.842	-10.50935	2.52940	-10.44667	2.73263
1219.840	-9.77840	3.07533	-10.61509	4.34835
1223.851	-10.24685	2.08647	-10.17089	2.86112
1227.846	-10.57917	2.48409	-10.54207	2.64857
1231.847	-10.52204	1.65344	-9.85801	4.72584
1235.846	-10.39547	2.93771	-10.50580	2.38120
1239.844	-10.30449	1.85501	-10.78400	3.24493
1243.844	-10.17315	2.79234	-10.09275	2.28159
1247.839	-9.90913	3.13674	-10.69431	3.15454
1251.843	-9.81187	2.64781	-10.22325	2.93461
1255.843	-16.52953	2.34492	-10.76477	2.31218
1259.841	-10.43277	1.50325	-10.54003	3.11903
1263.847	-10.64626	2.33247	-10.53929	2.53064
1267.848	-10.12897	2.82960	-10.46117	3.29068
1271.843	-10.05503	2.80513	-10.85219	2.03477
1275.872	-9.87160	3.09196	-10.54200	3.30570
1279.856	-16.18331	-4.73505	-10.63595	1.95171
1283.844	-10.23079	2.49020	-10.34362	3.02035
1287.842	-10.22486	2.92859	-10.52866	1.14338
1291.841	-10.51549	2.42397	-10.78079	2.63414
1295.844	-10.47345	2.91860	-10.32825	2.15768
1299.844	-10.76051	1.56024	-10.38745	2.75812
1303.840	-10.76240	2.63915	-10.46049	2.91236
1307.850	-10.44151	2.90766	-10.32505	2.56866
1311.844	-10.52669	2.32379	-10.18656	2.89242
1315.842	-11.21207	2.47495	-10.33428	2.64521
1319.841	-10.70900	2.53764	-10.21204	3.07119
1323.846	-10.74664	2.12157	-10.12628	2.20690
1327.844	-9.65860	2.89312	-9.37172	2.79295
1331.843	-9.33840	3.14985	-7.10475	2.58380
1335.839	-7.74023	2.72872	-5.37492	2.28698
1339.845	-5.56881	0.93144	-4.26223	2.23956
1343.870	-4.58343	-0.39257	-3.33114	2.37764
1347.857	-0.90947	0.45445	-2.17118	-0.68223
1351.855	-0.25599	0.98417	-1.66505	1.45600
1355.845	0.46532	0.32243	7.31179	-0.16016
1359.840	1.18676	-1.27284	2.90787	-4.00753
1363.845	4.68824	-1.57645	7.47400	-2.94677
1367.842	2.25288	-0.98377	0.85528	0.14177
1371.844	1.32513	0.36615	0.42686	-0.27609
1375.840	3.46147	-0.87680	-1.31947	-0.42289
1379.844	1.06934	-1.60004	0.46080	-0.14164
1383.842	1.47084	0.30564	-0.27815	-0.24682
1387.843	2.12211	-0.46388	0.24822	-0.45164
1391.842	1.75565	-1.37328	-0.27828	-0.23214
1395.845	2.12644	-1.35118	-0.14568	-0.38908
1399.840	1.35184	-1.67431	2.73578	-0.38998
1403.876	1.66487	0.03808	-0.38549	-0.42627
1407.838	1.40160	-1.20191	-0.24008	-0.45850
1411.868	3.20751	-1.69370	-0.68154	-0.50571
1415.852	1.58299	-1.20221	-0.51202	-0.58436
1419.841	1.93757	-1.39346	-0.49026	-0.33485
1423.843	1.60365	-1.37472	-0.52622	-0.71310
1427.841	1.65726	-0.45265	-0.67002	-0.38384
1431.846	1.53773	-1.69167	-0.43271	-0.22070
1435.838	2.09896	-1.35831	-0.47666	-0.78968
1439.844	1.46759	-0.03773	-0.40115	-0.09929
1443.841	1.49433	-0.15297	-0.26388	-0.57394
1447.841	2.11519	-1.43525	-0.55349	-0.52378
1451.844	1.27676	-1.57259	-0.64938	0.21719
1455.841	2.70163	-0.82129	-0.02938	0.07703
1459.838	1.54165	-1.37658	-0.10051	-0.25818
1463.843	1.50869	-1.62600	-0.22929	0.37392
1467.843	1.23749	-1.60267	-0.34672	-0.16989
1471.839	1.50906	-1.41520	-0.29386	-0.34785
1475.842	2.51725	-0.71744	-0.17725	-0.35954
1479.845	0.66784	-0.89851	3.65678	-0.08766
1483.842	2.66132	-1.42788	5.66346	1.25864
1487.846	0.77878	-1.16819	3.62022	-0.15812
1491.841	1.66624	-1.66382	6.62677	1.98144
1495.840	0.99420	-1.48721	4.58143	0.08803
1499.838	1.65161	-0.84456	3.72561	2.91844
1503.843	0.71183	-1.42579	4.64423	1.83604
1507.840	1.39297	-1.25511	5.52495	3.90772
1511.841	0.45765	-1.15805	2.90069	3.30757
1515.841	3.05068	-1.18316	3.97672	2.88050
1519.842	0.75188	-1.07165	2.13970	6.64609
1523.839	2.71929	1.40547	3.80918	6.27019
1527.840	0.87674	-0.89407	4.76384	5.36810
1531.838	0.07177	-1.26191	2.53957	5.72854
1535.842	2.14042	-1.14100	3.46842	9.51515
1539.838	0.73154	-1.19150	0.44723	9.81541
1543.865	0.42569	-1.36740	2.25679	6.21494
1547.847	2.28772	-1.40285	3.23138	10.04741
1551.846	0.68010	-1.38803	-0.66992	10.57583
1555.846	2.12327	-0.96240	0.70350	-0.86380
1559.843	0.50721	-1.11147	1.01385	1.71163
1563.841	0.38410	-1.69728	1.07798	1.10429
1567.837	0.62359	-0.14312	1.54482	4.53182
1571.841	2.60267	-0.35567	3.30265	3.50534
1575.839	5.85111	-0.20804	5.77249	2.16970
1579.838	5.63382	1.59733	6.36542	2.59126
1583.836	5.89286	1.49148	5.89925	5.27642
1587.842	3.27094	1.26285	6.43015	3.22373
1591.844	5.62276	1.43785	6.45807	4.08869
1595.838	6.22871	1.92678	6.30536	4.98171
1599.841	5.82304	1.75797	6.50614	3.03434
1603.843	6.48808	1.85121	6.89869	3.46019
1607.846	5.77335	1.50781	6.60122	4.75549
1611.838	6.19591	1.94030	6.67463	2.99388
1615.904	6.44674	1.98057	7.02893	3.68352
1619.719	5.79322	1.87950	6.90666	2.38045
1623.712	6.38202	1.93026	6.68489	4.06970
1627.712	5.93011	1.76813	6.89659	3.12010
1631.710	5.56964	1.90763	6.64895	3.61177
1635.708	7.15252	2.10705	6.60086	2.99849
1639.713	5.88594	2.26150	7.00287	3.57862
1643.712	5.64371	2.23609	6.60948	2.66954
1647.714	6.52596	1.87242	6.40410	4.09829
1651.712	6.46735	2.59109	6.70474	3.38815
1655.713	5.91049	2.50531	6.19464	3.91935
1659.711	7.63030	2.71918	6.64633	3.95212
1663.714	6.30953	2.29150	6.12310	3.22634
1667.713	6.32677	2.80476	6.69270	3.93045
1671.713	7.23001	2.55108	6.08767	3.85614
1675.713	6.38574	2.32630	6.32760	3.00698
1679.710	6.51772	3.34251	6.37974	3.86064
1683.713	6.18137	2.19660	5.96664	3.71775
1687.715	5.90357	2.80296	6.13365	3.92905
1691.715	6.59931	2.48297	5.90116	4.09744
1695.711	8.14103	2.84636	5.83075	3.40237
1699.712	6.23285	2.67556	6.04183	4.01820
1703.710	5.56500	2.78602	5.64162	4.43843
1707.714	6.88834	2.66104	5.65523	3.84342
1711.711	5.06289	2.68506	5.53114	4.38323
1715.712	7.04863	2.32178	6.29016	3.49920
1719.709	6.83379	2.91012	6.11736	3.37619
1723.713	6.85972	2.95741	5.77487	3.54951
1727.717	7.09302	3.02123	5.68131	3.50881
1731.718	5.21186	3.05104	5.83321	3.27986
1735.714	7.03088	3.15368	5.51966	3.54797
1739.712	7.28605	3.15436	5.80155	3.46226
1743.713	4.81673	2.87553	5.68138	4.13457
1747.707	7.06430	3.41803	5.50970	3.62665
1751.714	7.19742	2.52482	5.68290	3.31730
1755.714	7.10162	2.56799	5.73345	4.37013
1759.711	7.33364	2.80839	6.24857	2.66885
1763.711	4.41095	3.37602	5.97239	3.79242
1767.712	7.14223	1.99205	5.99080	3.60648
1771.718	7.65793	-0.71970	5.94295	3.67210
1775.713	4.24023	3.44955	5.85792	4.13145
1779.707	5.71293	2.14208	6.30568	3.51546
1783.712	6.79748	2.93759	5.69654	4.11560
1787.710	5.13195	2.46571	5.99397	4.88885
1791.710	4.74104	-1.68657	5.82967	4.49962
1795.717	4.37976	3.50676	6.54406	2.97409
1799.713	6.32865	2.07015	5.91582	4.39719
1803.709	7.67262	1.83792	5.82746	4.92911
1807.715	4.67212	2.50832	7.19488	3.07936
1811.715	6.76926	1.99575	6.03609	4.16563
1815.710	6.80206	2.13563	5.73888	3.15404
1819.712	6.20381	2.86624	5.74374	5.20805
1823.712	6.55942	1.91193	5.58252	4.99186
1827.711	4.16011	4.54873	-0.63082	7.73395
1831.780	14.50572	1.36334	9.06005	12.52888
1835.717	10.31268	7.22698	NaN	NaN
1839.708	NaN	NaN	NaN	NaN
1843.709	NaN	NaN	NaN	NaN
1847.703	NaN	NaN	NaN	NaN
1851.710	NaN	NaN	NaN	NaN
1855.713	NaN	NaN	NaN	NaN
1859.712	NaN	NaN	NaN	NaN
1867.709	NaN	NaN	NaN	NaN
1871.977	NaN	NaN	NaN	NaN
1876.215	NaN	NaN	-7.42766	15.05507
1879.717	NaN	NaN	NaN	NaN
1883.710	NaN	NaN	NaN	NaN
1887.719	NaN	NaN	NaN	NaN
1891.711	NaN	NaN	NaN	NaN
1895.714	NaN	NaN	NaN	NaN
1899.705	NaN	NaN	NaN	NaN
1903.709	NaN	NaN	NaN	NaN
1907.713	NaN	NaN	NaN	NaN
1911.713	NaN	NaN	NaN	NaN
1915.848	NaN	NaN	NaN	NaN
1920.107	NaN	NaN	NaN	NaN
1924.368	NaN	NaN	NaN	NaN
1927.993	NaN	NaN	NaN	NaN
1931.839	NaN	NaN	NaN	NaN
1935.788	NaN	NaN	NaN	NaN
1939.724	NaN	NaN	NaN	NaN
1943.707	NaN	NaN	NaN	NaN
1947.712	NaN	NaN	NaN	NaN
1951.710	NaN	NaN	NaN	NaN
1955.733	NaN	NaN	-8.36518	10.12056
1959.713	NaN	NaN	NaN	NaN
1963.705	-2.55480	10.79821	-11.10292	7.99899
1967.709	-17.62185	7.46812	-23.03773	2.75588
1971.711	-15.85308	7.30999	-5.12410	0.01651
1975.707	-14.35703	4.49598	-7.86325	2.34548
1979.713	-14.79027	4.21530	-8.65841	3.15503
1983.712	-15.47376	4.05208	-7.44084	4.44257
1987.710	-14.07650	4.04469	-15.92586	-0.16160
1991.706	-9.60386	11.01157	-8.08599	5.28585
1995.710	-0.21023	11.67685	-15.66825	1.44464
1999.706	2.51933	8.35490	-13.09301	1.09446
2003.707	0.64488	13.12008	-10.60495	3.94786
2007.706	-9.50803	6.39499	-9.76794	2.73207
2011.710	-10.34139	3.47435	-11.19509	2.74355
2015.710	-8.91488	4.13232	-10.24267	3.81981
2019.740	-11.29419	11.44730	-9.71404	3.90092
2023.729	-11.05828	12.74158	-10.20957	5.11337
2027.710	-12.82375	12.59567	-10.05459	3.84789
2031.705	-11.29913	12.69788	-9.50742	3.24851
2035.708	NaN	NaN	-9.73817	3.73245
2039.706	-7.41875	3.02448	-9.02760	2.83491
2043.703	-9.54621	2.75508	-9.78845	3.96110
2047.709	-10.33139	2.99139	-8.39637	2.34534
2051.705	-7.63143	3.71964	-9.84122	4.03510
2055.702	-12.44318	12.83970	-8.58726	4.70806
2059.708	-13.08818	13.62590	-8.97474	2.93957
2063.708	-12.62069	12.78645	-8.43661	3.28362
2067.704	-12.18327	12.59692	-9.96747	4.37408
2071.704	-12.55205	14.21520	-9.61247	4.27024
2075.707	-13.05995	13.86320	-9.90412	3.98676
2079.704	NaN	NaN	-9.58671	4.36711
2083.706	-13.00719	14.42788	-8.99102	4.02149
2087.702	NaN	NaN	-9.52203	4.12626
2091.710	NaN	NaN	-9.15122	2.64588
2095.705	NaN	NaN	-9.52389	3.85746
2099.702	NaN	NaN	-10.06718	2.61811
2103.716	NaN	NaN	-9.39574	2.34260
2107.737	NaN	NaN	-8.98211	3.52543
2111.713	NaN	NaN	-9.11334	2.71270
2115.709	NaN	NaN	-8.81738	3.29267
2119.705	NaN	NaN	-9.44781	5.37189
2123.703	NaN	NaN	-10.16002	5.51980
2127.707	-10.65352	5.58850	-15.50015	2.08568
2131.705	NaN	NaN	-16.87132	4.46170
2135.704	NaN	NaN	-13.28376	5.18048
2139.703	NaN	NaN	-19.99359	-12.07743
2143.711	NaN	NaN	-19.99366	-12.07743
2147.709	NaN	NaN	-19.99368	-12.07743
2151.702	NaN	NaN	-19.99370	-12.07743
2155.711	NaN	NaN	-19.99370	-12.07743
2161.972	NaN	NaN	-19.99370	-12.07743
2171.709	NaN	NaN	-19.99370	-12.07743
2175.709	NaN	NaN	-19.99370	-12.07743
2179.719	NaN	NaN	-19.99370	-12.07743
2187.715	NaN	NaN	NaN	NaN
2191.700	NaN	NaN	NaN	NaN
2195.726	NaN	NaN	NaN	NaN
2201.345	NaN	NaN	NaN	NaN
2204.908	NaN	NaN	NaN	NaN
2211.712	NaN	NaN	NaN	NaN
2215.706	NaN	NaN	NaN	NaN
2219.708	NaN	NaN	NaN	NaN
2223.706	NaN	NaN	NaN	NaN
2229.947	NaN	NaN	NaN	NaN
2239.702	NaN	NaN	NaN	NaN
2243.705	12.70506	5.13782	NaN	NaN
2247.701	3.56714	2.41285	NaN	NaN
2251.705	7.99537	1.53030	12.09097	9.77594
2255.699	4.80882	-0.27161	NaN	NaN
2259.704	10.11733	-1.37215	9.40649	6.83803
2263.700	9.24631	-0.23133	1.37067	-0.85083
2267.700	4.36733	-0.53995	4.98778	1.45781
2271.702	4.96691	-0.24082	5.86732	1.98231
2275.704	6.73145	-1.35713	6.39454	4.92154
2279.700	10.21281	-1.57009	6.40601	1.49481
2283.697	5.10930	-0.94637	6.32968	3.91635
2287.704	4.74594	-0.43145	4.81840	1.28765
2291.707	6.89796	-1.96557	4.91171	1.75835
2295.703	9.04272	-1.53497	0.75412	-0.50376
2299.727	6.72171	7.15860	-3.84446	-1.22044
2303.705	6.41535	4.64103	-1.40782	-1.02722
2307.707	5.44303	-1.81769	-3.13190	-0.32513
2311.704	3.22106	-1.61482	0.64890	-0.29034
2315.699	3.48934	-1.71088	1.33718	0.25327
2319.698	4.35514	-1.92168	1.38074	0.71246
2323.705	4.07187	-1.58679	2.86331	0.60976
2327.701	3.30596	-1.25763	2.05236	0.52426
2331.699	0.99283	2.54749	2.70981	0.67245
2335.700	0.97256	2.07544	2.25722	-0.03742
2339.706	-1.41883	-0.40958	2.37092	1.89755
2343.701	0.87401	-1.13637	2.64292	1.44877
2347.703	-0.67449	1.68521	2.86534	0.95461
2351.702	4.69450	-0.19132	2.83771	2.76095
2355.708	3.70984	-0.96256	2.21953	2.07294
2359.705	3.08065	-0.68047	2.86264	0.69393
2363.701	2.33234	-1.68994	2.48091	1.83944
2367.725	2.88042	-1.03968	2.89871	1.39840
2371.708	3.05947	-2.30418	2.63051	1.32089
2375.702	1.47025	-3.02104	2.87549	2.99240
2379.698	-0.50188	-1.76334	2.59373	1.06452
2383.705	1.78019	-5.56152	3.52287	1.68745
2387.701	1.38758	-3.59937	2.76304	1.86245
2391.701	2.90542	-7.53872	3.93732	0.90654
2395.704	-0.01640	-6.85734	2.75145	1.97835
2399.703	-0.02616	-5.82802	2.81863	1.42931
2403.700	-0.18444	-5.54471	2.57025	1.28126
2407.702	2.05690	-9.31208	2.80699	1.94343
2411.697	0.80158	-8.89789	2.67348	1.52699
2415.703	1.55055	-12.07752	2.54482	1.27431
2419.709	5.37628	-11.89928	3.14959	2.11274
2423.701	2.79907	-1.33220	2.82826	1.36185
2427.702	4.13135	-1.66023	2.66664	1.75758
2431.700	4.16811	-1.95582	2.99393	1.83087
2435.710	3.76952	-1.15335	2.72043	1.49665
2439.773	2.75745	-0.34167	2.60795	2.66310
2443.703	6.75235	-13.49892	3.00064	1.74855
2447.702	2.89564	-0.72922	3.00373	0.04092
2451.698	2.87264	-1.54863	3.12546	2.28419
2455.697	10.99587	-5.34767	5.79845	0.88305
2459.700	12.84824	-5.82879	8.31513	1.46352
2463.698	-19.99372	-12.32968	9.64605	0.76186
2467.696	10.20204	-2.38548	10.87862	-1.17294
2471.695	10.37311	-3.62185	10.15608	-2.06620
2475.575	10.84712	-3.85471	10.06181	-1.80115
2479.571	11.84206	-5.03873	10.74285	-2.07942
2483.585	12.43689	-3.80231	10.95236	-1.69962
2487.571	15.62874	-8.69376	10.34292	-1.88377
2491.573	12.75292	-5.56991	10.64063	-1.94199
2495.569	12.68985	-4.24857	10.79962	-2.04295
2499.575	12.74334	-5.28221	9.96277	-0.96075
2503.606	13.03472	-6.66209	9.99438	-0.09052
2507.585	12.34451	-3.83973	10.56543	-1.55199
2511.572	12.71807	-3.23950	10.36788	-2.16129
2515.572	12.25844	-5.08715	8.96457	-1.47482
2519.569	12.10751	-4.63220	9.92779	-0.71506
2523.580	11.66658	-4.98419	9.77336	0.02248
2527.576	11.73612	-4.77935	10.03780	-2.30235
2531.572	12.24576	-4.24530	9.07968	-1.68624
2535.569	17.17195	-6.38128	9.21788	-0.37913
2539.575	11.81988	-4.96767	9.85647	-0.48880
2543.572	11.10887	-4.78015	10.18060	-2.46584
2547.571	13.21037	-4.28039	10.14634	-2.20950
2551.574	16.03070	-5.52843	10.28414	-1.65649
2555.572	14.09163	-4.94266	9.68430	-0.09830
2559.572	10.70100	-5.03381	10.07297	-1.39217
2563.567	12.52873	-4.44439	10.09111	-1.80480
2567.582	12.49990	-4.62582	9.98699	-1.61574
2571.602	12.36153	-4.51325	9.97211	-1.20312
2575.580	11.42170	-4.14892	9.88121	0.03966
2579.574	12.19029	-5.29042	9.59112	0.34853
2583.573	12.38661	-4.89706	9.91348	-2.99667
2587.574	14.45968	-4.85193	10.52497	-1.80374
2591.572	13.10459	-5.14909	10.16293	-1.30815
2595.575	12.52431	-4.20814	10.02182	-1.39977
2599.569	11.70323	-4.41222	9.45155	-1.05560
2603.575	12.47314	-4.38690	10.04049	-0.66459
2607.578	13.53692	-5.74169	10.01816	-0.69548
2611.571	14.74620	-5.12413	10.13075	-1.05494
2615.574	12.00735	-4.74778	10.30569	-1.40425
2619.571	11.95220	-4.24704	9.08268	-1.79100
2623.572	12.26261	-3.60687	10.10278	-1.23139
2627.568	11.37052	-4.75208	10.15107	-1.17806
2631.574	13.58664	-6.59158	10.32964	-1.30081
2635.571	12.24986	-4.76183	10.48775	-1.46897
2639.623	12.75153	-4.48799	10.24069	-2.26532
2643.581	14.34652	-4.41962	9.16039	-1.77821
2647.569	14.76017	-4.65029	9.58113	-1.25629
2651.621	11.91588	-4.81778	10.47904	-1.33548
2655.579	12.01713	-4.65536	10.60912	-0.83489
2659.569	12.16534	-4.50423	10.34888	-1.92588
2663.572	12.72197	-5.47225	8.82041	-2.18603
2667.575	12.26313	-3.47053	10.11079	-2.01714
2671.575	12.05464	-4.68286	10.49339	-2.00586
2675.569	12.22907	-4.83723	11.20834	-2.10755
2679.573	12.55479	-4.64655	10.28270	-1.40809
2683.568	11.78550	-4.72083	9.07978	-1.76256
2687.569	15.51822	-6.37750	9.83872	-1.32734
2691.571	13.04165	-4.91327	10.15670	-1.23402
2695.572	14.33371	-4.85640	11.06922	-1.79229
2699.568	12.74546	-4.53911	11.54916	-2.10703
2703.566	12.39651	-4.75940	9.89542	-1.80609
2708.551	NaN	NaN	NaN	NaN
2715.579	12.34815	-3.82917	10.04437	-0.69205
2719.568	11.92864	-4.05930	10.95866	-1.61447
2723.573	11.68919	-4.33984	10.42982	-1.87648
2727.568	11.51790	-3.79962	10.33003	-1.19061
2731.577	12.44976	-4.18459	10.85016	-1.69952
2735.573	12.10158	-4.05752	10.45629	-2.90959
2739.569	12.09439	-3.71983	10.40632	-0.53584
2743.573	13.09711	-3.83654	10.31741	-2.05397
2747.566	12.05236	-2.10424	10.30086	-1.35310
2751.571	13.30146	-3.61074	10.09746	-0.93695
2755.568	11.63549	-3.73124	10.89968	-2.04617
2759.567	12.46692	-3.35424	10.43354	-2.16874
2763.571	12.60363	-4.12418	10.27636	-0.15763
2767.568	12.21158	-3.29762	10.12270	-0.78030
2771.567	12.43249	-3.27345	10.11156	-1.67999
2775.579	12.61519	-3.93827	9.79098	-0.94855
2779.576	11.22632	-3.69975	9.83363	-0.44949
2783.574	13.24696	-3.46192	9.74528	-0.94008
2787.570	12.37079	-2.77224	10.06963	-0.30720
2791.570	12.78649	-3.10519	10.31242	2.94748
2795.572	12.17179	-6.90243	9.44119	-0.70865
2799.571	13.71336	-3.04652	9.45191	1.74250
2803.567	13.39234	-2.58278	10.33236	2.00795
2807.571	13.08971	-1.15111	10.55140	1.61672
2811.568	21.56085	-7.33728	13.60170	2.06511
2815.571	14.67992	-2.47373	12.73925	2.33682
2819.567	15.56279	-2.39448	12.82276	2.29703
2823.572	16.17720	-2.50900	13.32985	2.23042
2827.569	16.40069	-0.84526	12.89211	1.90089
2831.568	NaN	NaN	13.26850	2.25689
2835.564	21.32800	-4.53932	12.74324	2.43613
2839.571	16.63744	-0.57868	12.89763	2.64014
2843.592	16.57639	0.46827	13.00327	2.09111
2847.574	16.59535	-1.75517	12.81993	2.11321
2851.567	16.05754	-1.75034	13.04961	2.58466
2855.592	15.72623	-1.37415	13.07992	2.84606
2859.575	16.45035	-0.74266	13.51701	2.74723
2863.564	16.46398	-0.02166	12.91616	2.83760
2867.565	16.63931	-0.49066	11.72888	3.03087
2871.570	16.39292	-0.11026	13.02547	2.70629
2875.566	16.11716	0.38532	13.19687	2.71814
2879.564	14.66489	0.33922	12.86381	2.74647
2883.569	15.80399	-1.19486	13.02264	2.82938
2887.567	16.04361	-1.32296	12.93983	3.05665
2891.565	16.18913	-0.86275	13.02624	3.17249
2895.564	16.21954	-0.63291	12.82677	3.83329
2899.572	21.17917	-4.13190	14.76236	2.81035
2903.566	15.91973	0.06755	12.63286	3.68061
2907.563	15.53718	-0.12454	13.09442	2.67614
2911.599	16.03057	-0.72306	13.71542	2.58542
2915.574	15.56586	-0.58167	13.65441	2.50767
2919.594	15.64033	-0.80444	13.23024	2.50162
2923.577	15.67170	-0.99233	13.67562	2.79070
2927.565	15.66213	-1.05007	13.12651	2.64293
2931.569	15.62800	0.01646	13.60132	3.06441
2935.570	16.94865	-0.59152	13.38912	3.65212
2939.568	15.57194	-0.58297	13.66088	3.19620
2943.568	15.85747	-0.40009	13.02945	4.27575
2947.568	15.40823	-0.91018	12.89765	3.60186
2951.570	15.92200	-0.88479	13.65788	3.49264
2955.567	16.66006	-1.07938	13.82927	2.53881
2959.564	15.79142	-0.47360	13.67061	2.22283
2963.566	15.77154	0.09905	13.55280	2.53876
2967.566	17.47895	-0.38901	13.42214	3.01280
2971.562	15.94350	-0.12788	13.10285	2.87581
2975.563	17.69829	-2.11534	13.18435	2.71355
2979.616	15.26612	-0.16845	13.52184	2.74013
2983.577	16.49832	-1.18658	13.38287	2.73815
2987.572	15.56455	-1.21653	14.25846	2.48926
2991.564	15.79069	-0.86660	14.07583	2.60863
2995.565	15.43923	-0.81248	13.43367	2.69221
2999.570	15.64811	-0.45439	13.24976	2.73309
3003.569	15.53614	-0.12481	13.34723	2.64572
3007.560	22.25183	-4.04946	13.37524	2.68915
3011.559	16.16999	-0.04981	13.18240	2.27970
3015.564	15.83519	-0.02345	12.68158	2.81211
3019.565	15.86702	-0.24505	13.63878	2.88973
3023.568	16.12793	-0.62659	14.09026	2.88798
3027.566	15.81137	-0.52240	14.51274	2.77426
3031.568	15.89306	-0.14438	13.39147	2.69594
3035.589	15.46629	0.33840	14.26280	2.58264
3039.561	16.50950	-0.43222	12.95303	3.55712
3043.567	15.74088	-0.25185	13.67752	2.96558
3047.575	15.94114	0.22130	13.78040	2.92304
3051.570	15.10480	0.15711	13.13839	3.54040
3055.562	17.15992	-0.60965	13.61297	3.09027
3059.564	19.94516	-0.87728	13.80079	2.77128
3063.561	15.13538	-1.53793	13.78312	3.31407
3067.570	15.43141	0.04388	13.74549	2.86784
3071.563	NaN	NaN	13.61532	2.31454
3075.561	19.93194	-1.63310	13.42625	3.74945
3079.560	19.18401	-1.47146	13.81195	2.72449
3083.563	14.55607	-1.04985	13.74336	2.76842
3087.563	15.39391	-2.49390	13.62329	3.80604
3091.561	15.03337	0.75020	13.72617	3.33997
3095.564	15.52797	0.44888	13.46505	2.90672
3099.564	15.33973	0.93614	13.53216	3.09084
3103.560	18.77563	-0.90354	13.54354	3.35008
3107.568	19.60168	-1.40586	13.67557	3.19354
3111.566	17.17617	0.61627	13.63927	2.78935
3115.565	19.28023	-3.24224	13.70163	2.60342
3119.564	14.99357	-0.57116	12.22345	3.00967
3123.559	16.16202	-0.57491	11.22742	1.36742
3127.560	11.99593	-0.16703	10.02666	2.89628
3131.565	12.36409	-4.38347	9.89022	0.49365
3135.563	12.72216	-1.19801	9.09597	0.00476
3139.568	11.98481	-3.33528	11.74420	-1.18686
3143.559	10.33416	-3.66739	12.47735	-0.26227
3147.569	11.73923	-3.16478	12.93309	-0.76878
3151.571	11.51495	-3.59435	8.00289	-2.64813
3155.559	10.81061	-4.05153	8.09017	-3.22163
3159.565	9.69354	-4.17893	7.24280	-4.05676
3163.563	9.37015	-4.17078	8.36819	-3.56064
3167.559	9.47799	-3.77550	7.52896	-3.40715
3171.567	9.19977	-4.20343	8.11505	-3.38789
3175.563	8.93040	-4.50794	8.49059	-3.44064
3179.561	9.44209	-4.81071	8.79143	-3.35926
3183.596	9.26498	-4.52901	8.55828	-3.39102
3187.574	9.37892	-4.70672	8.31117	-3.54176
3191.567	9.47157	-4.53620	8.39688	-3.73553
3195.565	9.14135	-4.53308	8.40575	-3.95166
3199.559	9.06567	-4.70511	8.56486	-3.68585
3203.565	8.83040	-4.68987	9.35626	-2.93197
3207.561	8.63488	-4.69593	9.33229	-3.32738
3211.562	8.53527	-4.70931	8.91854	-2.63556
3215.557	8.46621	-4.74821	9.11915	-3.12916
3219.564	8.46573	-3.65138	8.76842	-2.28597
3223.561	9.48282	-4.43379	8.70827	-2.43677
3227.559	9.10821	-3.53891	8.31066	-2.39485
3231.561	8.13237	-0.82884	8.60965	-2.54180
3235.623	9.88873	-3.10235	8.45354	-3.23957
3239.567	10.26372	-3.04823	8.75160	-3.30535
3243.559	9.37849	-2.70437	8.91890	-3.51745
3247.563	9.94715	-2.88812	9.03665	-3.15172
3251.564	10.05293	-2.90832	8.96201	-2.84497
3255.563	8.90015	-2.98015	9.01569	-3.05058
3259.558	8.91771	-2.99223	9.04459	-2.88775
3263.557	9.67917	-2.80916	9.01607	-3.18758
3267.562	9.26875	-2.78271	8.84511	-3.11632
3271.560	9.80713	-2.74262	8.93353	-3.07330
3275.565	9.63628	-2.75761	8.85502	-3.21512
3279.557	9.79865	-2.89758	8.76779	-3.13702
3283.563	9.61841	-2.86060	8.76178	-3.02972
3287.560	9.10095	-2.98611	8.68371	-3.05690
3291.558	8.75659	-3.36219	8.71424	-2.97087
3295.564	9.17689	-3.63519	8.54532	-3.15695
3299.560	8.57190	-4.76040	8.42734	-3.10165
3303.558	8.82533	-4.43859	8.34609	-2.99195
3307.562	8.96905	-4.24999	8.27095	-3.15477
3311.559	8.81809	-3.88993	8.33557	-3.02962
3315.564	8.66173	-4.14183	8.46390	-3.27310
3319.584	8.82499	-3.81584	8.56175	-3.37735
3323.569	8.85579	-3.64592	8.79031	-3.36140
3327.432	8.94191	-3.32963	9.05763	-3.33133
3331.433	9.38566	-3.13447	8.88620	-3.10265
3335.433	9.85724	-2.97071	9.07874	-3.18817
3339.437	10.01508	-4.08556	8.87755	-2.85976
3343.434	9.11830	-5.05682	9.10780	-2.86086
3347.437	9.01864	-4.47174	8.87871	-2.48753
3351.431	9.08404	-4.57676	9.19050	-2.69429
3355.436	9.98362	-4.58514	9.23009	-3.28779
3359.434	9.89706	-4.79488	9.09183	-3.52736
3363.435	9.98993	-4.86756	9.03045	-3.06467
3367.438	9.34418	-3.88771	8.88593	-2.91413
3371.433	9.11015	-4.52070	8.57248	-2.96464
3375.433	9.04156	-4.60118	9.18417	-4.24216
3379.432	9.14288	-4.38770	8.82572	-3.10639
3383.433	9.25117	-4.34240	9.09471	-2.99779
3387.458	10.10588	-4.36838	9.06927	-3.02923
3391.439	9.06100	-4.27451	8.87295	-3.24727
3395.431	9.81342	-4.42366	8.83272	-2.72239
3399.436	9.14075	-3.99155	8.45667	-2.65948
3403.437	9.39675	-3.96184	8.85342	-2.75068
3407.433	9.15524	-4.35028	8.81966	-2.64558
3411.430	9.03774	-3.82393	8.84617	-2.72820
3415.436	9.00498	-3.75899	9.10383	-3.27901
3419.433	9.20876	-3.67356	8.93510	-2.73246
3423.437	9.39421	-3.29463	8.94469	-2.60164
3427.436	9.35827	-3.54405	8.89303	-2.63170
3431.433	9.41781	-3.91582	8.79826	-2.83982
3435.437	9.29331	-4.40807	8.62743	-2.49995
3439.434	9.45747	-4.43155	8.91280	-2.52307
3443.441	9.39661	-4.07813	8.63258	-2.26261
3447.442	9.53762	-3.46128	8.58027	-2.94647
3451.466	8.01234	-3.46250	8.23316	-3.45298
3455.481	8.61657	-3.24870	8.08472	-2.82394
3459.437	5.00977	0.45874	5.78774	-1.21893
3463.431	-3.72257	-3.35330	4.83257	-1.94802
3467.429	-0.73826	0.91097	-1.88854	1.74893
3471.429	-1.06359	-0.05053	-1.79762	1.29224
3475.433	-6.14148	-2.07846	-6.11079	3.29618
3479.431	-4.12238	1.61550	-5.82653	0.38685
3483.437	-4.42488	6.20385	-9.15609	2.44115
3487.436	-9.66253	2.60694	-10.20128	1.90897
3491.434	-9.59600	2.56401	-9.15715	2.49010
3495.429	-14.33697	-0.56707	-12.39253	1.89469
3499.432	-13.06172	2.62239	-13.86102	1.60603
3503.432	-13.51429	2.81398	-15.05251	1.81123
3507.431	-14.66652	3.04298	-15.74545	2.26784
3511.429	-17.04804	2.32463	-15.14507	2.60063
3515.434	-14.11939	5.06264	-14.65795	2.94824
3519.431	-14.26089	2.99366	-14.91694	2.59715
3523.453	-13.68745	4.76833	-14.49716	2.96073
3527.444	-21.10467	3.15143	-15.24092	3.30448
3531.431	-14.51886	3.11689	-14.51658	2.19727
3535.430	-14.05691	4.70155	-14.58124	3.14605
3539.427	-13.11827	4.77996	-14.59993	3.27643
3543.433	-13.55377	3.28625	-14.64194	2.74733
3547.434	-15.82191	1.59562	-14.77215	3.37951
3551.428	-14.14028	4.86258	-14.56088	3.25483
3555.433	-13.77893	3.22861	-14.41811	3.23238
3559.430	-15.88353	1.76547	-14.26243	3.09261
3563.429	-13.83631	5.01353	-14.63783	3.22908
3567.430	-13.87482	3.43607	-13.48871	3.03553
3571.441	-17.07599	1.94414	-14.41552	2.62433
3575.431	-13.80051	4.54048	-13.24567	2.40023
3579.428	-13.22662	4.26921	-14.32162	2.26032
3583.433	-16.99086	0.05425	-12.44325	2.52948
3587.430	-13.73688	3.61669	-13.98293	2.72869
3591.430	-13.05326	3.98155	-12.89499	2.49796
3595.432	-13.26645	3.43891	-13.67714	2.41437
3599.430	-13.15689	3.69166	-12.99173	2.39389
3603.427	-13.07945	4.21673	-12.75821	2.81706
3607.435	-13.09139	3.57640	-13.48233	2.63131
3611.436	-13.31965	3.81011	-12.77145	2.69266
3615.428	-13.65990	4.02156	-12.73115	3.28026
3619.433	-12.98746	3.18237	-12.87020	3.36604
3623.430	-12.96173	3.81771	-13.32066	3.65239
3627.494	NaN	NaN	NaN	NaN
3635.448	-13.34503	3.27704	-13.20072	3.77245
3639.432	-13.71184	4.33772	-13.58036	2.38153
3643.430	-13.30012	2.89944	-13.57677	3.50601
3647.429	-12.83265	3.05324	-13.66201	3.03693
3651.426	-13.09124	4.53829	-13.89898	3.88365
3655.440	-13.42545	3.52857	-13.54990	3.85519
3659.437	-13.88488	2.95039	-13.81324	3.92802
3663.434	-13.69195	3.05375	-13.77551	3.84006
3667.496	-13.50598	4.92444	-13.87721	2.77935
3671.437	-13.69310	2.80938	-13.87309	1.65517
3675.426	-12.50432	5.19200	-13.77792	2.34653
3679.426	-14.82539	5.05249	-14.00356	2.36139
3683.431	-13.54734	6.84320	-14.02842	2.85824
3687.427	-13.72135	0.93679	-14.24730	3.08935
3691.426	-13.52405	3.32507	-13.81666	3.55225
3695.435	-14.84496	4.81440	-14.10433	3.60638
3699.429	-13.88855	3.61596	-14.26371	3.70656
3703.445	-13.95853	4.79473	-13.84729	3.86040
3707.433	-13.12872	5.50226	-13.91336	4.04117
3711.430	-13.70828	4.64231	-14.20395	4.26162
3715.429	-13.39971	4.65643	-14.22351	4.53067
3719.427	-13.69336	1.34217	-14.13416	4.77628
3723.429	-13.20766	4.12983	-14.18382	3.79166
3727.431	-13.37340	3.92950	-14.05070	4.25214
3731.435	-16.31960	3.57106	-13.79812	3.95623
3735.434	-13.23302	5.37998	-13.84745	3.71309
3739.427	-13.15077	4.40552	-13.61424	3.08402
3743.430	-13.56261	3.87877	-13.79990	3.50680
3747.450	-13.90422	4.06835	-13.95544	3.47070
3751.435	-15.02013	7.00132	-13.85569	3.08357
3755.432	-13.21580	5.70070	-14.07952	2.91540
3759.425	-13.10464	5.19712	-13.91902	2.76200
3763.426	-15.46904	6.06768	-13.96697	3.04164
3767.430	-14.18118	5.99669	-14.08089	3.08356
3771.428	-13.57534	5.75418	-13.94238	2.88512
3775.426	-13.68497	4.22246	-13.82869	2.86506
3779.429	-13.39830	4.10500	-13.75704	2.79715
3783.432	-13.47906	2.75133	-13.79941	2.93946
3787.425	-13.52841	4.20506	-13.74933	3.13101
3791.425	-13.48228	4.33960	-13.70980	3.12034
3795.433	-13.48502	3.82186	-13.65397	3.24539
3799.433	-13.38144	3.96900	-13.63194	3.39124
3803.425	-13.43336	3.96677	-13.60189	3.21772
3807.422	-13.51717	3.93742	-13.72739	3.22150
3811.431	-13.50767	3.96001	-13.62999	3.21816
3815.428	-13.40469	3.95307	-13.75556	3.23791
3819.431	-13.35708	3.72611	-13.66805	3.20842
3823.423	-13.15532	3.85751	-13.63541	3.28086
3827.429	-13.02935	1.55195	-13.65282	3.28784
3831.425	-13.16303	4.11578	-13.72463	3.10963
3835.426	-13.18419	3.76615	-13.72610	3.08073
3839.423	-15.86346	4.14829	-13.70765	3.05425
3843.451	-13.40302	4.27250	-13.96858	3.01592
3847.435	-14.46824	4.61985	-13.78600	2.95894
3851.425	-13.45817	4.39261	-13.65486	3.17878
3855.423	-13.98253	1.84930	-13.79278	3.54006
3859.435	-12.99602	4.22326	-14.01454	4.03249
3863.437	-12.81452	4.16302	-13.70683	3.69893
3867.427	-12.63069	4.60391	-13.23276	4.44661
3871.420	-12.53478	3.26621	-13.75118	4.46028
3875.484	-13.72294	4.07619	-13.85356	4.45164
3879.431	-13.71812	4.63156	-13.74692	4.49872
3883.423	-13.75896	4.86167	-13.95713	4.17824
3887.428	-13.85529	4.66536	-13.91329	3.70558
3891.423	-14.12317	4.98525	-13.53022	3.84652
3895.421	-13.66789	4.10719	-13.42286	3.28181
3899.422	-13.15263	4.71261	-13.73369	3.22803
3903.433	-13.96531	4.08350	-13.90539	3.17550
3907.426	-12.20311	3.03005	-13.90480	2.78246
3911.421	-12.32921	4.04057	-13.83311	2.66283
3915.422	-13.67799	3.98834	-13.92510	2.71527
3919.444	-13.55869	4.14354	-13.66864	3.45293
3923.429	-13.83053	3.84720	-13.91923	3.33773
3927.427	-13.43606	3.68636	-13.91467	3.32414
3931.428	-12.71018	4.00011	-14.11456	2.97129
3935.425	-12.73240	2.95491	-13.86378	2.96777
3939.425	-13.25098	3.83091	-13.76575	2.60680
3943.429	-13.38452	3.51908	-13.51865	2.60422
3947.423	-13.31751	3.82397	-14.22253	2.53928
3951.422	-13.12157	4.05681	-13.95785	2.53394
3955.427	-13.56833	4.01730	-13.53495	2.99601
3959.422	-13.68614	4.11531	-13.70659	2.76755
3963.424	-13.60538	3.96920	-13.31015	2.91273
3967.421	-13.74755	3.66853	-13.20404	2.76322
3971.427	-13.59370	3.96034	-13.45066	2.83175
3975.424	-13.56174	3.54245	-13.33191	2.93779
3979.423	-13.57119	3.67598	-13.80512	3.13794
3983.428	-13.41678	3.76888	-13.58439	3.97338
3987.429	-13.20912	3.76360	-13.97711	4.64245
3991.423	-13.19955	3.74209	-13.67389	4.64641
3995.426	-12.97570	3.73137	-13.57436	4.75791
3999.446	-13.55775	3.43367	-13.90153	4.76304
4003.426	-13.27536	3.80830	-13.73254	4.68787
4007.425	-13.16722	3.77590	-10.73610	4.63913
4011.425	-12.31954	3.86448	-9.95228	3.09299
4015.424	-11.84763	3.50875	-8.94895	3.25898
4019.420	-10.16670	3.17873	-9.33710	4.05731
4023.425	-8.72614	2.01047	-8.52676	1.86408
4027.428	-5.87071	1.46901	-6.83905	2.37084
4031.424	-8.08859	0.37746	-6.49680	1.78246
4035.419	-8.03776	0.69169	-7.56130	1.69266
4039.425	-7.94538	0.10135	-7.15132	1.77978
4043.419	-9.70678	0.07272	-7.47580	1.57530
4047.421	-7.72308	-0.45346	-6.96242	1.57398
4051.426	-4.39442	2.05536	-6.50011	1.38059
4055.423	-4.72854	1.12075	-6.54288	1.39922
4059.453	-5.07547	1.12631	-6.97384	1.28470
4063.418	-5.31790	0.87083	-7.49712	1.38375
4067.455	-7.66892	0.37750	-7.27123	1.16309
4071.434	-7.60302	-0.03663	-7.08744	1.10006
4075.421	-7.64491	0.33573	-7.49085	1.09235
4079.419	-7.54481	0.35546	-6.83959	0.77627
4083.419	-8.63537	1.40063	-6.44866	0.84233
4087.420	-7.66031	0.70345	-6.58535	0.83378
4091.423	-7.65910	1.68541	-7.06889	0.79803
4095.420	-6.67133	1.36561	-7.73716	0.81053
4099.424	-8.13527	0.81634	-7.57522	0.79880
4103.420	-8.17578	0.85905	-7.54710	0.53346
4107.420	-8.14186	1.14506	-6.92569	0.61236
4111.427	-8.23367	1.15141	-6.92061	0.26871
4115.425	-8.10681	1.40140	-6.58947	0.61745
4119.419	-7.94708	1.45132	-6.83697	0.45914
4123.438	-7.69368	1.32631	-7.04051	0.42050
4127.433	-7.44782	0.91905	-7.35458	0.52489
4131.422	-6.84409	1.35979	-7.78043	0.39724
4135.435	-6.91229	1.09991	-7.66112	0.28412
4139.424	-8.07173	1.17490	-7.54703	0.11484
4143.418	-8.50918	0.86586	-7.44372	-0.14966
4147.418	-8.13512	0.75500	-6.91031	-0.03098
4151.426	-8.25688	0.55794	-6.87394	0.05504
4155.421	-8.18806	0.59385	-6.70592	0.06249
4159.420	-7.59361	1.04755	-6.95095	-0.14477
4163.418	-7.84260	1.03283	-7.29658	-0.32404
4167.426	-7.62401	0.54678	-7.84179	0.50239
4171.420	-8.36309	1.03676	-7.65651	0.18958
4175.422	-8.20330	0.81863	-7.07801	1.90560
4179.421	-7.97588	1.23296	-7.87504	1.90766
4183.296	-8.45368	1.67862	-8.18828	2.27417
4187.298	-8.47587	2.13256	-7.95524	2.17620
4191.295	-8.93532	2.26275	-6.94286	1.91103
4195.292	-8.71661	1.14562	-6.94963	1.84612
4199.297	-8.91498	0.96542	-7.10338	1.47972
4203.322	-7.54269	1.74356	-7.42529	1.69683
4207.303	-8.08209	0.73599	-8.52651	1.68560
4211.293	-8.03781	0.64184	-7.73029	1.63238
4215.297	-7.76182	0.74057	-7.32077	1.14976
4219.295	-7.56274	0.60134	-7.07940	1.14389
4223.295	-8.55916	0.52456	-7.51671	1.20689
4227.293	-8.33156	2.65525	-7.74803	1.12468
4231.297	-8.34723	2.55129	-7.66582	0.64774
4235.295	-7.69334	1.48547	-7.37267	0.56886
4239.298	-8.27419	1.04385	-7.57681	0.19674
4243.302	-8.30646	0.52495	-7.57322	0.36192
4247.295	-8.23508	0.83512	-7.13285	0.13699
4251.295	-8.22715	0.56524	-7.50915	-0.46145
4255.323	-8.35797	0.51598	-7.41060	0.41313
4259.294	-8.56440	1.46582	-7.95636	0.58383
4263.292	-7.61243	0.11180	-7.71564	2.22869
4267.292	-8.54845	0.79418	-6.88886	2.60695
4271.318	-4.15744	0.24999	-1.78657	2.61172
4275.300	-8.67221	0.29227	1.25282	1.25880
4279.292	-1.54495	0.49381	2.00435	0.15409
4283.294	5.55256	0.38332	5.01709	-0.44564
4287.296	1.25339	-1.85499	5.24681	-0.78462
4291.293	6.22265	-1.21892	6.20070	-1.86959
4295.293	4.73577	-4.81576	5.88044	-1.68427
4299.295	6.44853	-0.19877	8.20184	-2.38930
4303.293	6.81517	-4.87525	8.36193	-4.29160
4307.292	9.23345	-4.91478	9.47988	-4.08068
4311.293	10.83654	-6.66539	9.96513	-4.15567
4315.297	11.69883	-8.29163	10.55541	-4.81023
4319.293	10.51616	-9.51491	10.71286	-5.02707
4323.297	13.14703	-7.04575	10.84259	-4.68089
4327.291	9.56646	-9.68540	10.00574	-4.41775
4331.294	13.10751	-7.66879	10.15660	-3.90099
4335.292	11.44087	-7.33375	10.73310	-3.27193
4339.313	13.19336	-13.88278	10.26112	-3.35285
4343.294	15.73435	-13.58776	10.22404	-3.25563
4347.295	10.05341	-11.58801	10.35344	-3.48474
4351.292	10.48934	-9.72243	10.72108	-3.09647
4355.290	11.26911	-10.20114	10.30783	-3.54078
4359.294	12.84661	-11.11549	10.40140	-4.63768
4363.292	10.83426	-5.79306	10.23714	-3.71328
4367.294	13.02163	-6.11777	10.36603	-3.89676
4371.289	11.86933	-6.80949	10.76530	-4.06278
4375.294	11.46830	-7.00379	10.36298	-4.11589
4379.292	11.73673	-6.96054	10.53183	-3.94880
4383.291	11.59856	-6.38320	10.36156	-3.85667
4387.295	11.63061	-6.71794	10.51592	-3.67124
4391.292	12.17378	-6.62299	10.64760	-3.68181
4395.291	12.47468	-6.90265	10.34432	-3.64965
4399.290	13.41528	-11.46216	10.71142	-3.62243
4403.293	11.48427	-9.67282	10.68108	-3.28475
4407.330	9.59069	-6.59804	10.29649	-3.63601
4411.295	13.13672	-6.36148	10.21522	-3.73667
4415.290	12.50851	-5.94681	10.45752	-3.86335
4419.295	11.72769	-5.50787	10.79741	-3.83347
4423.292	11.92227	-6.58432	10.90336	-3.89452
4427.291	13.77083	-8.80194	10.89281	-4.00317
4431.296	11.76402	-6.03294	10.45572	-3.77515
4435.292	16.71811	-9.17545	10.15244	-3.28301
4439.290	17.95838	-8.44998	10.63468	-3.86677
4443.289	11.65463	-5.27768	10.51760	-3.98564
4447.300	11.96491	-4.22421	10.51141	-4.01918
4451.352	-19.99372	-12.07722	NaN	NaN
4459.322	11.92629	-5.78689	10.50688	-2.82002
4463.292	12.13107	-5.54294	10.81013	-3.90086
4467.288	12.20157	-6.01584	10.49687	-3.71821
4471.289	12.02881	-5.94896	10.28496	-3.57399
4475.332	12.11064	-6.06608	10.18498	-3.73841
4479.298	12.21390	-6.12440	10.42737	-4.08692
4483.288	12.84142	-5.96479	10.90937	-4.01232
4487.287	12.34654	-6.24932	10.59925	-3.76713
4491.293	12.20655	-6.27261	10.32155	-3.58397
4495.294	12.18279	-6.73660	11.14706	-3.56084
4499.286	12.43435	-6.67449	10.54600	-2.68356
4503.292	12.18988	-6.68492	11.99749	-3.51478
4507.288	12.85336	-6.40668	10.52825	-2.55697
4511.288	12.33236	-5.52001	10.12678	-2.28137
4515.284	13.30820	-5.56070	10.33867	-2.98152
4519.292	12.94525	-5.69457	10.37189	-1.67285
4523.290	13.34573	-5.38447	10.41940	-2.93814
4527.289	12.24073	-5.75790	10.34436	-1.74297
4531.291	13.01689	-6.18509	10.33039	-2.54044
4535.293	11.96187	-5.35348	10.47005	-2.14765
4539.289	12.72013	-5.99727	10.28503	-2.72830
4543.317	13.49903	-6.15062	10.42636	-2.59446
4547.301	12.64898	-6.13564	10.24081	-1.40019
4551.294	13.26483	-6.27483	10.35311	-2.47687
4555.288	13.04163	-5.73882	10.43892	7.50383
4559.287	13.37606	-5.10105	10.24322	-2.58133
4563.284	13.32832	-4.69200	10.36406	-2.63503
4567.294	13.20242	-6.31730	10.53188	4.26753
4571.289	12.79442	-4.59899	10.39669	-2.43593
4575.293	13.35128	-5.04340	10.39587	-2.72427
4579.286	12.93667	-5.23836	15.73619	2.68823
4583.292	12.94490	-4.80268	10.19765	-2.66993
4587.288	13.09996	-6.39424	10.19365	-2.72074
4591.286	12.58552	-5.12939	8.92338	4.01191
4595.290	12.75155	-5.18235	10.29144	-1.73081
4599.286	13.09292	-6.25886	10.01414	-2.33819
4603.288	13.02266	-5.86123	10.32820	-2.61865
4607.295	12.64952	-5.96041	10.34343	4.00811
4611.321	12.76338	-6.05903	10.67763	3.99115
4615.301	13.00210	-6.23989	10.04206	-2.62468
4619.286	12.83158	-5.97416	10.19779	-2.92747
4623.292	12.63008	-6.25453	14.57155	2.70235
4627.287	13.10052	-5.79645	10.45202	4.03938
4631.288	15.88998	-5.83977	11.15764	4.10206
4635.311	12.52781	-5.78345	10.09999	-2.22326
4639.292	13.18103	-4.04346	10.14506	-2.43293
4643.287	12.76697	-5.88466	10.61517	-2.53296
4647.287	12.95841	-6.08489	10.24461	-1.82390
4651.284	12.45958	-5.91235	10.55620	-2.38793
4655.295	12.94464	-4.66760	10.22961	-1.82457
4659.292	13.90312	-5.34051	11.04044	-0.77339
4663.286	13.36053	-3.88786	11.78638	0.96219
4667.290	16.04581	-2.92287	12.00158	1.67088
4671.323	18.42099	-5.11390	14.67562	1.53543
4675.287	18.38036	-3.35538	14.83214	2.20677
4679.287	18.79400	-0.93442	14.87566	4.35787
4683.291	18.50035	0.34317	16.95903	4.36731
4687.286	18.14432	0.26161	15.56323	4.36966
4691.285	17.50027	-0.27593	14.17978	4.69450
4695.289	17.30817	-1.91819	14.69434	4.52595
4699.290	18.02571	-1.48603	15.24977	4.36455
4703.293	16.77414	0.45529	15.12647	4.41455
4707.283	18.07526	0.08053	15.90121	4.07167
4711.288	18.00791	0.20380	14.08818	4.52263
4715.286	17.63123	0.70630	13.88609	4.56731
4719.283	16.81265	1.71907	14.30254	4.45811
4723.282	17.83448	1.02106	15.57228	4.09631
4727.288	17.41180	1.20176	16.05076	4.01130
4731.292	17.24625	1.37716	15.95500	3.93387
4735.284	17.54809	0.76433	15.66203	4.17091
4739.293	17.26896	1.10457	14.39818	4.32562
4743.285	17.88543	0.49225	14.48943	4.20003
4747.313	17.34171	1.15506	14.43715	4.25556
4751.295	17.61173	1.11123	14.15337	4.38919
4755.303	18.26427	0.78187	15.57910	4.29114
4759.292	17.98458	0.79104	15.66765	4.43720
4763.287	18.08385	0.62732	15.72347	4.34276
4767.284	17.24410	1.02752	15.79717	4.32968
4771.285	17.50668	0.67883	15.37192	4.48382
4775.283	18.11811	0.48296	14.85498	4.73883
4779.288	18.21627	0.50119	14.21218	4.84538
4783.293	17.83252	0.56376	13.99442	4.48172
4787.283	18.13376	0.71984	13.90976	4.51421
4791.288	18.32501	0.74544	14.17738	4.37043
4795.284	17.48749	0.86927	15.56392	4.20759
4799.282	18.15498	0.89501	14.89847	3.75128
4803.288	18.07836	-0.05903	13.86217	3.77376
4807.282	17.79228	0.75161	14.30785	3.66406
4811.283	17.65749	1.00557	13.94425	3.35862
4815.316	18.03024	0.99581	15.46934	3.45390
4819.294	17.60359	1.16218	14.16644	3.81625
4823.291	17.78652	1.22396	14.35971	3.65168
4827.305	17.39729	1.50373	15.19274	3.80765
4831.292	18.27523	1.30651	15.53829	3.68617
4835.288	17.67988	1.21579	14.37412	3.97861
4839.285	17.56376	0.53322	14.51342	3.96454
4843.284	17.20047	1.72363	14.76352	4.05717
4847.282	17.44914	1.36045	14.55927	3.89186
4851.286	17.86771	1.32269	14.42588	4.11366
4855.284	17.74330	1.13942	14.69292	4.22626
4859.287	17.27013	1.39835	14.95552	4.27548
4863.292	17.35464	1.28312	15.28873	4.13614
4867.289	17.28179	1.03006	14.36933	4.38438
4871.282	17.28120	1.10193	14.77577	4.19797
4875.281	17.16011	1.11015	15.21996	4.15580
4879.286	17.14395	0.98978	14.50272	4.21194
4883.290	17.73259	0.87541	15.39688	4.11639
4887.285	17.13391	1.04736	14.31526	4.26503
4891.286	17.12203	0.69003	15.36114	4.22654
4895.285	17.03976	0.58289	15.04471	4.19009
4899.279	16.74558	0.59277	14.35193	4.26702
4903.279	17.05362	0.36048	14.44925	4.34834
4907.288	17.18958	0.18811	15.11447	4.44844
4911.282	17.49905	0.34610	14.62712	4.44252
4915.282	18.21278	-0.04185	14.29830	4.43943
4919.288	18.01457	-0.17520	14.14518	4.66635
4929.698	17.42192	-0.00619	14.17525	4.76308
4932.648	16.70315	-0.11296	14.17241	4.53368
4935.348	16.95483	0.18906	14.26163	4.27972
4939.292	16.58236	0.30377	12.48220	4.06160
4943.281	16.76469	0.26303	11.73835	4.22747
4947.284	16.33043	0.41988	11.55788	3.95326
4951.287	17.22219	-0.02974	11.35561	4.00100
4955.281	16.31004	0.31397	11.20856	3.77546
4959.285	16.44791	0.17462	11.43357	3.80419
4963.282	16.05635	0.59504	11.17450	3.66479
4967.276	16.81649	0.22345	12.48748	3.56071
4971.279	16.65606	0.18031	11.46914	3.37402
4975.285	16.47479	0.24296	11.20409	3.37622
4979.283	16.19503	0.44182	11.39785	3.39254
4983.284	16.46039	0.26168	11.19796	3.35518
4987.285	16.23169	0.19686	11.29178	3.48944
4991.286	15.93958	0.36569	13.96250	3.23616
4995.281	15.91317	0.37095	12.84093	3.21433
4999.285	15.89471	0.53260	13.02210	3.19115
5003.283	15.85079	0.84742	12.38777	3.36095
5007.278	16.22412	0.93719	12.94900	3.45179
5011.283	15.58976	0.69741	13.36810	3.40370
5015.280	15.76313	0.84013	13.61365	3.72222
5019.283	15.56157	0.82586	13.05637	3.69263
5023.286	16.15149	0.53265	12.95584	3.77886
5027.283	16.84316	0.38240	12.81367	3.75166
5031.284	16.26548	0.19914	12.44235	3.84400
5035.159	15.98817	0.44517	12.28436	3.88199
5039.163	15.90529	0.71145	12.76706	3.54932
5043.166	15.59798	0.57579	12.18699	3.60342
5047.159	16.51874	0.19497	12.20748	3.64371
5051.159	15.38343	0.19567	12.45012	3.31889
5055.157	15.52322	0.16288	12.96607	3.59410
5059.186	16.62092	0.13767	12.45182	3.18219
5063.162	15.75226	0.03384	12.39177	2.96318
5067.160	15.29614	0.01182	12.18334	3.36735
5071.157	15.77660	0.03647	12.09750	3.28339
5075.194	18.43589	-0.74706	13.60585	3.15955
5079.160	16.09233	-0.22099	13.10386	3.28462
5083.156	15.18883	-0.23849	12.56481	4.68697
5087.159	15.51248	-0.34867	12.24559	4.77141
5091.158	15.68417	-0.86876	13.03376	3.70760
5095.152	16.02479	-1.43601	12.79288	3.66884
5099.155	15.21379	-0.59586	12.86770	3.38252
5103.153	15.14047	-0.35543	12.41959	3.76859
5107.155	15.74550	-0.47385	12.38607	3.57041
5111.157	15.99817	-0.59084	12.46299	3.91876
5115.155	16.25797	-1.01618	12.37733	3.75625
5119.155	15.88505	-0.66492	12.42766	3.25130
5123.157	16.13521	-0.93229	12.48270	3.21903
5127.154	16.04404	-1.59574	12.36940	3.27482
5131.152	16.50090	-0.66438	12.63920	3.54124
5135.179	16.18766	-0.58739	12.55465	3.20979
5139.158	15.40706	-0.35836	11.90162	3.50432
5143.153	16.16928	-0.31947	14.74112	3.27528
5147.154	16.20412	0.01639	12.74142	4.14735
5151.151	16.34963	0.06269	12.52814	4.14747
5155.168	16.21361	-0.12424	12.38855	4.09010
5159.157	16.10942	-0.26387	11.81087	3.78911
5163.165	16.14769	-0.55515	12.18486	3.87269
5167.156	15.79818	-0.31222	12.78682	3.77867
5171.154	15.38327	-0.45665	12.90331	3.45297
5175.151	16.15099	-0.77940	12.46389	3.40245
5179.156	16.17567	-0.89698	12.66982	3.50558
5183.154	16.28249	-0.77244	12.56439	3.18329
5187.152	15.81075	-0.24777	12.82901	2.93832
5191.151	15.67264	0.48010	12.64274	3.55660
5195.153	16.08777	0.23561	12.33463	3.80363
5199.153	16.11450	0.34360	12.37925	3.77422
5203.155	16.04879	0.33631	12.39937	3.69609
5207.156	16.31368	-0.24786	13.03129	3.52156
5211.151	16.31038	-0.16158	12.86206	3.43792
5215.150	16.49150	-0.60020	12.77657	3.49824
5219.150	16.66615	-0.77929	12.61646	3.44308
5223.177	16.51707	-0.76324	12.94136	3.56126
5227.160	16.47395	-0.85554	12.67123	3.47170
5231.152	16.22602	-0.24544	12.43450	3.35352
5235.166	16.70215	-1.19470	12.24467	3.94585
5239.161	15.56049	-0.10928	12.10791	3.74280
5243.160	16.52581	-0.04574	12.38476	3.37255
5247.174	16.93360	-0.39617	13.43888	2.97431
5251.166	16.97091	-1.89965	12.77242	0.48501
5255.157	19.76267	-1.80683	15.34127	-0.03106
5259.151	17.15913	-2.09968	12.93344	0.48863
5263.150	19.02367	-4.85894	15.12590	-1.72785
5267.158	17.02173	-4.83119	15.96920	-1.69411
5271.153	18.61893	-4.95416	13.86815	-0.26515
5275.154	18.91435	-5.02612	14.48762	-2.22465
5279.149	19.04420	-6.26986	13.95631	-3.03753
5283.153	19.09411	-7.33044	14.14630	-4.14345
5287.158	19.07438	-7.54474	14.10615	-4.19663
5291.219	17.90255	-7.55341	13.76919	-4.54413
5295.165	17.86893	-7.45512	13.66515	-4.45135
5299.150	18.03235	-7.36624	13.95923	-4.31533
5303.148	17.82238	-7.29593	16.82620	-3.37747
5307.152	18.86174	-7.36524	14.81231	-4.41956
5311.153	17.89446	-7.24842	14.17266	-4.41806
5315.151	18.48403	-7.39600	13.80404	-4.16097
5319.149	17.66869	-7.51638	13.85580	-4.07633
5323.145	17.92778	-7.32705	16.83018	-2.89616
5327.157	18.42559	-7.64632	16.92185	-4.82341
5331.152	18.61797	-7.30194	15.56337	-4.59304
5335.149	18.09747	-7.19398	13.81228	-3.68662
5339.151	17.91273	-6.97908	13.91869	-3.38805
5343.153	18.85423	-7.42394	13.76359	-3.43775
5347.150	18.79458	-7.06573	14.57910	-3.75286
5351.150	18.91702	-7.67585	18.52239	-4.18551
5355.146	18.27161	-7.54804	17.28421	-3.63338
5359.155	19.04283	-7.69520	17.64313	-8.09735
5363.155	19.54265	-7.52555	16.06211	-7.60503
5367.149	17.92055	-6.74632	13.17598	-6.39648
5371.153	19.16504	-7.29957	13.88467	-4.53647
5375.145	17.88046	-7.03711	17.53974	-7.79135
5379.152	18.11850	-7.17483	16.46099	-6.84485
5383.148	18.77449	-7.50604	15.18821	-6.42337
5387.149	19.34581	-7.21947	14.25077	-6.54179
5391.149	18.87910	-7.43392	17.78321	-7.03972
5395.151	18.90529	-7.06614	17.14712	-7.48216
5399.149	18.47275	-6.93473	14.32213	-4.70423
5403.147	18.42465	-6.87100	14.23729	-3.89029
5407.153	17.74898	-6.75446	13.66266	-2.74065
5411.154	18.86517	-6.77236	13.91626	-3.79735
5415.155	18.83716	-6.91857	16.40452	-5.82745
5419.179	18.09886	-7.08053	13.73727	-4.11468
5423.152	18.37730	-6.75497	13.97127	-3.57806
5427.151	17.98986	-6.59511	13.72889	-3.31979
5431.151	18.36847	-6.41453	14.33120	-3.93351
5435.148	18.26740	-6.76055	13.78780	-3.27518
5439.150	18.29378	-6.65415	14.07746	-3.88388
5443.152	18.23284	-6.86461	13.79082	-3.20949
5447.148	17.73428	-6.77590	14.11145	-3.62874
5451.156	17.59286	-6.85916	13.89748	-2.95639
5455.156	18.14015	-7.14101	13.99641	-3.74788
5459.148	18.24126	-7.15534	16.11379	-3.72652
5463.148	17.95117	-7.19580	14.07601	-3.54210
5467.148	17.57525	-7.06422	13.73463	-3.29166
5471.150	18.37149	-7.25103	13.88949	-3.43898
5475.148	18.04812	-7.05303	13.82443	-3.65274
5479.147	17.74686	-6.97523	14.02709	-4.17402
5483.156	18.15064	-6.69687	14.00742	-2.87914
5487.149	18.40117	-6.65180	13.82487	-2.98629
5491.147	17.47408	-6.25701	13.13366	-2.31330
5495.618	16.05156	-2.06118	12.39707	1.18468
5499.152	18.46860	-7.28124	15.26940	0.23099
5503.167	17.41402	-6.29244	13.24779	0.01439
5507.143	10.13703	10.11206	13.23532	4.27721
5511.150	12.13752	9.26762	19.31662	14.41367
5515.147	10.91554	14.48517	NaN	NaN
5519.146	NaN	NaN	NaN	NaN
5523.143	NaN	NaN	NaN	NaN
5527.148	NaN	NaN	NaN	NaN
5531.147	NaN	NaN	NaN	NaN
5535.150	NaN	NaN	NaN	NaN
5539.145	NaN	NaN	NaN	NaN
5543.177	NaN	NaN	NaN	NaN
5547.155	NaN	NaN	NaN	NaN
5551.157	NaN	NaN	NaN	NaN
5555.149	NaN	NaN	NaN	NaN
5559.174	NaN	NaN	NaN	NaN
5564.009	NaN	NaN	NaN	NaN
5567.530	NaN	NaN	NaN	NaN
5571.159	NaN	NaN	NaN	NaN
5575.198	NaN	NaN	NaN	NaN
5579.162	NaN	NaN	NaN	NaN
5583.153	NaN	NaN	NaN	NaN
5587.158	NaN	NaN	NaN	NaN
5591.163	NaN	NaN	NaN	NaN
5595.163	NaN	NaN	NaN	NaN
5599.153	NaN	NaN	NaN	NaN
5603.157	NaN	NaN	NaN	NaN
5607.240	NaN	NaN	NaN	NaN
5611.156	NaN	NaN	NaN	NaN
5615.147	NaN	NaN	NaN	NaN
5619.186	NaN	NaN	NaN	NaN
5623.204	NaN	NaN	NaN	NaN
5627.162	NaN	NaN	NaN	NaN
5632.022	NaN	NaN	NaN	NaN
5636.217	NaN	NaN	NaN	NaN
5640.164	NaN	NaN	NaN	NaN
5644.413	-19.99528	9.08075	NaN	NaN
5648.238	-17.88044	4.92713	-20.06614	-5.90808
5652.146	-19.99442	-12.07737	-20.03261	-12.07453
5656.110	-19.99440	-12.07737	-23.15064	-5.60155
5660.197	-19.99440	-12.07737	-21.10419	-7.19336
5664.289	-19.99438	-12.07737	-22.35369	-7.35767
5668.508	-18.69561	0.37783	-22.51424	-7.22241
5672.547	-19.37354	0.39391	-21.26453	-5.73635
5676.651	-18.78252	0.40558	-22.46770	-6.69440
5680.710	-18.44038	-3.12422	-20.33972	-5.77878
5684.769	-18.51706	-4.36606	-19.46751	-6.67600
5688.932	-8.21317	-12.45709	-17.60930	-6.94521
5692.958	-12.39028	-12.12195	-16.55870	-6.48623
5697.101	-17.54554	-2.76906	-16.31708	-5.71640
5702.198	-16.90861	-11.19964	-17.18382	-6.49314
5706.349	-17.70556	-14.15322	-15.36377	-5.91661
5710.487	-17.50056	-14.26792	-14.93473	-6.42479
5714.577	-19.63658	-11.71600	-15.19687	-7.13869
5718.715	-19.87941	-11.82775	-17.53493	-8.03477
5722.852	-19.95273	-11.88973	-17.70455	-6.89795
5726.968	-19.97345	-11.92974	-19.77138	-12.09389
5731.095	-19.99300	-11.95658	-19.98129	-12.07835
5735.100	-19.99313	-12.01886	-19.98609	-12.07799
5738.829	-19.99324	-12.06951	-19.98807	-12.07784
5742.564	-19.99333	-12.07073	-19.98927	-12.07775
5746.062	-19.99337	-12.08192	-19.99019	-12.07769
5749.473	-19.99363	-12.07886	-19.99076	-12.07764
5753.007	NaN	NaN	-17.33137	-12.42315
5756.516	NaN	NaN	-15.69523	-12.15632
5759.950	NaN	NaN	-13.77296	-12.03893
5763.375	NaN	NaN	-19.99370	-12.04000
5767.158	NaN	NaN	-15.70038	-13.20318
5771.635	NaN	NaN	-15.28972	-11.73059
5775.220	NaN	NaN	-19.99370	-12.01183
5779.150	NaN	NaN	-19.99370	-12.01301
5783.143	NaN	NaN	-19.99370	-12.01455
5787.168	NaN	NaN	-19.99370	-12.01643
5791.160	NaN	NaN	-19.99370	-12.01860
5795.159	NaN	NaN	-19.99372	-11.98379
5799.146	NaN	NaN	-19.99372	-12.02825
5803.155	NaN	NaN	-19.99372	-12.06269
5807.153	NaN	NaN	-15.08292	-12.34110
5811.147	NaN	NaN	-15.11262	-12.39532
5815.159	NaN	NaN	-14.95276	-14.56465
5819.150	NaN	NaN	-14.97305	-11.87164
5823.156	NaN	NaN	-15.49803	6.08694
5827.153	0.19060	-4.70569	-21.53113	10.21550
5833.087	-10.74223	-0.62121	-20.00518	-12.05286
5837.760	NaN	NaN	-20.00485	-12.05346
5843.151	NaN	NaN	-20.00444	-12.05421
5847.254	NaN	NaN	-20.00396	-12.05509
5852.898	NaN	NaN	-20.00343	-12.05607
5856.854	NaN	NaN	-20.00168	-12.07741
5863.150	NaN	NaN	-20.00041	-12.05154
5867.271	NaN	NaN	-19.99944	-12.05449
5871.439	NaN	NaN	-19.99868	-12.07705
5875.591	NaN	NaN	-19.99804	-12.07710
5879.155	NaN	NaN	NaN	NaN
5883.262	NaN	NaN	NaN	NaN
5887.141	NaN	NaN	NaN	NaN
5891.261	NaN	NaN	NaN	NaN
5895.021	NaN	NaN	NaN	NaN
5899.021	NaN	NaN	NaN	NaN
5903.080	NaN	NaN	NaN	NaN
5907.472	NaN	NaN	NaN	NaN
5911.594	NaN	NaN	NaN	NaN
5915.455	NaN	NaN	NaN	NaN
5919.849	NaN	NaN	NaN	NaN
5924.101	NaN	NaN	NaN	NaN
6052.007	NaN	NaN	NaN	NaN
6119.430	-1.13767	-9.08195	2.14848	-12.74600
6123.523	-0.48736	-9.03175	0.87535	-9.65372
6127.151	7.32326	-9.83201	0.58860	-11.19905
6131.142	4.09673	-7.12801	0.60779	-12.70003
6135.141	-4.95418	6.13180	-0.01189	-12.70987
6139.138	-4.89683	7.14452	0.78833	-12.89772
6143.134	-3.35647	3.53827	0.51676	-12.71436
6147.140	-2.96366	3.61069	0.50004	-12.13353
6151.137	-3.93574	3.90877	0.49508	-12.44082
6155.138	-3.83561	7.46143	0.45100	-11.78148
6159.138	6.43077	-9.43414	0.09796	-10.58406
6163.142	7.30354	-7.96771	-0.18206	-7.45949
6167.167	-4.49874	-11.50710	-1.32766	-11.03723
6171.144	4.36429	-9.55504	-1.61639	-9.44189
6175.138	6.35086	-9.56061	2.03786	-12.34040
6179.135	5.43204	-9.10730	0.55657	-11.36592
6183.134	8.16785	-11.43567	0.24971	-11.99286
6187.135	5.04908	-6.97638	0.50629	-11.82143
6191.140	5.45622	-9.62014	0.68397	-11.70154
6195.144	1.79296	-0.56694	0.71064	-11.32601
6199.136	-2.37622	0.33892	0.68389	-11.60601
6203.140	2.59871	0.99994	0.51716	-11.75120
6207.132	-2.02839	-0.11329	0.30833	-11.54622
6211.139	-4.15949	0.66881	0.36357	-11.61768
6215.137	-0.95425	-0.21034	0.63868	-11.54948
6219.136	-2.43441	-0.54880	0.17529	-7.71937
6223.134	2.53273	-0.60114	1.62939	-11.88136
6227.138	6.89458	-10.16459	0.81975	-10.84736
6231.135	2.48274	-10.25740	1.03724	-9.40172
6235.183	2.82373	-9.91708	1.87455	-11.63854
6239.143	3.84107	-9.60578	0.48597	-7.69993
6243.141	2.71082	-8.17403	0.55436	-9.24952
6247.140	1.05553	-7.51269	0.54285	-10.13352
6251.133	1.79824	-7.81084	0.49957	-10.15062
6255.139	3.82450	-5.10867	-2.54715	-9.95086
6259.162	4.50429	-7.31941	0.46500	-9.89101
6263.138	6.94827	-11.42811	0.37621	-11.78361
6267.134	7.79995	-11.84335	0.07954	-10.42169
6271.134	4.32550	-7.60556	0.27443	-10.77652
6275.133	4.25494	-9.01670	0.41308	-10.06823
6279.138	4.58880	-8.35722	0.40996	-10.26639
6283.140	2.16548	-8.96107	-0.22745	-13.62236
6287.139	3.87467	-7.54115	0.35533	-10.60729
6291.138	4.26867	-8.02489	0.57863	-10.86823
6295.194	3.82526	-7.54865	0.57047	-10.38747
6299.140	0.99841	-9.59127	1.30260	-10.39646
6303.136	-0.26632	-9.73268	4.87419	-13.89858
6307.132	1.39659	-10.18826	5.06964	-12.80632
6311.133	0.91604	-10.29244	1.31010	-10.26476
6315.131	4.15991	-12.18323	1.01518	-11.60194
6319.137	0.49339	-7.80616	1.12045	-12.13080
6323.132	-0.65414	-10.09660	1.28715	-13.04027
6327.159	0.35362	-8.11395	1.27348	-12.37827
6331.140	-0.98018	-8.44050	1.15106	-13.08387
6335.128	6.80132	-8.81625	1.24431	-11.02856
6339.137	-0.06157	-10.20277	1.30050	-11.35509
6343.134	4.59864	-8.63315	0.92418	-9.65147
6347.131	2.64000	-8.48245	1.24431	-5.79550
6351.131	2.92542	-3.89951	1.50013	-6.85565
6355.137	3.90212	-5.87216	1.37322	-5.12755
6359.133	3.13736	-4.14471	1.70683	-0.54016
6363.132	7.81532	-6.45710	1.71506	-3.75133
6367.140	2.79924	-4.02139	1.47206	-0.43267
6371.138	5.01748	0.13023	1.33810	-0.32327
6375.160	2.58001	3.60914	1.58758	-0.22775
6379.141	2.32005	4.55207	1.43615	1.29022
6383.136	2.43174	4.98731	1.00859	2.15364
6387.133	2.25149	4.80594	1.39748	1.84669
6391.132	3.74076	0.13717	1.11641	0.38476
6395.136	1.52521	0.96357	1.12754	0.94514
6399.134	1.58907	1.26336	1.20155	0.62673
6403.132	1.61225	1.29095	1.28594	0.78586
6407.131	1.69438	1.04175	1.14791	0.75810
6411.139	0.55399	2.15256	1.02938	0.90372
6415.132	0.32962	2.48535	1.28737	1.20656
6419.133	0.10396	2.41956	1.31679	1.22070
6423.134	-0.08639	1.90143	1.48838	1.43542
6427.131	-0.21281	1.54729	1.83801	1.33690
6431.134	-0.29009	1.20305	1.63655	1.35534
6435.131	0.35615	1.39436	1.82267	1.56293
6439.135	-0.20549	1.55075	1.38860	1.70983
6443.132	0.93619	1.32283	1.35244	1.84221
6447.132	0.10456	0.99737	1.62919	2.11605
6451.140	1.00449	0.71218	1.60776	1.72611
6455.137	1.64310	0.12645	1.77553	1.47950
6459.130	1.59720	0.10626	2.20015	1.64797
6463.158	1.45093	0.64945	2.02614	0.99717
6467.145	1.58366	0.51139	2.12010	-0.00623
6471.137	0.00812	0.61228	2.18743	0.74519
6475.131	1.09619	1.36510	2.14704	1.61966
6479.130	1.29965	0.67207	2.18932	1.19976
6483.136	1.40961	0.99565	2.24198	1.30120
6487.133	1.64285	0.67877	1.98301	0.99330
6491.139	1.93279	0.04041	1.95133	1.22603
6495.157	2.59864	-0.08887	2.25100	1.67917
6499.128	3.23450	-0.66834	2.29109	0.65810
6503.127	2.25707	-0.11382	2.28051	-0.62027
6507.133	0.95879	0.20249	2.00086	0.34146
6511.129	1.48461	-0.21832	1.58254	1.17051
6515.129	-0.87999	-1.54064	1.79862	1.01495
6519.129	-1.41725	-1.59159	1.98393	0.94061
6523.134	0.84860	-1.16017	2.29515	1.04152
6527.130	1.42851	-1.41227	2.33831	1.09316
6531.152	0.80627	-1.30780	2.15457	1.44204
6535.142	1.96288	-0.96486	2.34322	1.56008
6539.130	-1.60263	-1.19920	1.04188	1.43011
6543.129	-1.99937	-1.00237	0.91547	1.61128
6547.132	-1.78798	-0.98422	1.02543	1.90175
6551.129	-1.16910	-0.83055	0.17648	0.53161
6555.130	1.10596	-1.22639	1.58847	2.14469
6559.128	0.82019	-1.16497	1.84783	1.86879
6563.133	0.77541	-1.20723	2.13115	2.24951
6567.130	-0.21522	-1.62427	2.09021	2.45653
6571.128	-1.93955	-1.08076	1.69143	2.50863
6575.131	-2.05370	-0.98630	0.72131	2.53653
6579.132	-1.29616	-1.10663	0.99737	1.28238
6583.129	-1.46325	-1.17665	1.32361	1.60098
6587.127	-0.97663	-1.86507	1.16558	0.97200
6591.133	-1.30099	-1.75482	1.45043	0.13558
6595.129	4.58079	-1.23646	1.94117	0.26119
6599.153	3.13180	-1.02113	1.61912	0.19598
6603.134	1.05912	-0.50397	1.23290	0.20369
6607.130	1.38815	-0.13415	1.32763	0.87732
6611.131	4.06698	-0.76408	1.07123	0.93478
6615.129	1.25652	-1.44616	1.11812	1.02636
6619.145	1.40170	-0.63540	1.21194	1.27591
6623.127	2.18461	-1.00826	1.44671	1.79474
6627.130	2.24094	-0.35713	2.03709	1.94612
6631.129	1.98512	-0.91842	1.60546	-0.32075
6635.134	1.82361	-0.58093	1.69178	-0.48588
6639.125	1.34834	-0.65613	1.12318	0.83037
6643.134	1.12846	-0.55066	1.36650	0.78513
6647.130	1.00831	-0.13434	1.54408	1.09842
6651.129	1.18917	-0.29273	1.60330	1.23564
6655.129	1.14355	-0.18226	1.64367	1.11970
6659.138	1.66398	-0.24245	1.95872	1.36279
6663.129	2.00321	-0.23086	1.98787	1.98217
6667.176	2.51908	-0.38818	3.06555	1.39293
6671.144	2.42042	-0.52982	1.97602	0.99258
6675.127	2.02133	-0.48931	1.31181	0.56284
6679.126	1.15491	-0.46815	1.21549	0.95989
6683.132	0.84121	-0.06828	1.30980	0.62159
6687.130	0.79647	-0.00256	1.05466	0.38139
6691.126	1.47079	-0.58518	2.20243	0.09796
6695.132	1.77838	-0.57106	1.40410	-0.09283
6699.133	2.49875	0.09928	2.48963	0.03021
6703.136	3.41135	-0.51474	2.03967	0.07246
6707.124	3.00554	0.36336	2.04847	-0.15737
6711.135	0.64814	-3.76665	1.52322	0.09780
6715.130	1.32317	0.61446	1.24124	-0.11008
6719.163	0.78255	0.60619	1.17279	0.17351
6723.122	1.16987	0.64120	1.30305	0.11018
6727.127	1.06240	0.53529	1.31409	0.16508
6731.126	1.38662	0.77907	2.02654	0.03864
6735.196	1.64020	0.73850	1.39738	0.21565
6739.134	0.98946	0.66804	1.44180	0.37823
6743.134	1.22377	0.68185	1.41834	0.15595
6747.127	2.32357	-0.02351	1.39416	0.07656
6751.127	3.09371	0.01841	2.61271	0.12042
6755.136	4.05456	-0.30971	2.90804	-0.11334
6759.126	3.72341	-0.51715	2.35496	0.36656
6763.125	3.95305	-0.53089	3.02635	0.96095
6767.122	4.39328	-0.61021	2.27674	-0.33964
6771.127	4.13549	-0.80871	2.30323	-0.80250
6775.125	0.58659	-0.70858	1.68615	-0.60333
6779.124	0.34628	-0.83429	1.42722	-0.38052
6783.125	0.22753	-0.66274	1.38590	-0.56163
6787.130	0.11488	-0.76508	1.21819	-0.32361
6791.132	0.11935	-0.69246	1.93812	-0.14367
