time (ms)	lx (deg)	ly (deg)	rx (deg)	ry (deg)
0.000	-19.99372	-12.10397	2.60193	3.15879
3.996	-19.99372	-12.06800	2.52674	3.14586
8.000	-19.99372	-12.06633	2.59819	3.42586
11.994	-19.99372	-12.11216	2.56778	3.80353
16.009	-19.99372	-12.08278	2.89072	3.95595
20.001	-19.99372	-12.08017	3.83799	3.90422
23.995	-19.99372	-12.07803	4.25201	3.35406
28.000	-19.99372	-12.07800	2.37506	3.21552
31.994	-19.99372	-12.07798	2.42287	3.31336
36.000	NaN	NaN	2.70475	3.19605
39.998	NaN	NaN	2.78498	3.22963
43.998	NaN	NaN	2.47323	3.19591
48.012	NaN	NaN	2.77527	3.28735
52.001	NaN	NaN	3.03286	3.01182
55.997	1.03072	-14.36135	3.00247	3.13505
60.000	-19.99372	-12.08249	2.78273	3.01145
64.005	-19.99372	-12.08247	3.16790	2.95878
67.998	-19.99372	-12.08240	3.16332	3.00536
71.998	-19.99372	-12.08231	3.02895	3.03997
75.999	1.52843	1.63020	3.30282	2.90489
79.991	1.60134	-0.02712	1.29127	2.73540
84.000	1.72882	-1.18065	0.27183	2.71980
87.997	-0.63019	0.05034	-0.52488	2.53687
92.012	-1.16302	-0.07028	-0.86218	2.33843
96.000	1.62396	-12.45988	-1.32448	2.31615
100.000	4.18603	-12.93359	-1.29422	1.94993
104.000	3.23994	-11.94116	-0.70702	1.84325
108.000	1.81862	-0.06790	-0.10111	1.87102
111.998	1.07061	-0.13461	0.64766	1.79458
115.995	2.47214	-1.52790	0.47408	1.73016
119.995	2.19990	-1.10255	-0.64622	1.83074
123.995	2.23206	0.06885	-0.61764	1.80665
127.998	1.70663	0.10705	-1.07877	2.07378
132.020	-2.74177	-1.63861	-1.07093	1.88539
135.993	3.52620	-1.37313	-1.21323	1.88840
139.998	2.75876	-0.43668	-1.11869	1.85046
144.001	1.03238	-1.09333	-1.04637	1.77079
147.996	0.72556	-1.31267	-1.09723	1.81221
151.992	-1.21569	0.18392	-1.15476	1.56144
155.994	-1.19247	-0.78116	-1.22481	1.42803
159.993	-0.85190	-0.93392	-0.98355	1.77968
163.991	-0.64253	-0.40049	-0.96561	1.52439
167.993	-1.04778	-0.77984	-0.60975	1.76036
171.995	0.33834	-0.32768	-1.00392	1.00941
175.993	-0.72575	-0.87895	-1.11584	1.30406
179.998	0.22624	-4.02778	-0.84610	1.28400
184.001	-0.30401	-3.79457	-0.73268	1.35312
187.998	1.33264	-3.08302	-0.68238	1.28047
192.012	1.20060	-0.83022	-2.66654	0.73879
195.997	1.54220	-3.39468	-0.70613	1.62276
199.993	1.33227	-1.84893	-5.33620	0.96433
203.993	1.25733	-2.83829	-0.34111	1.72718
207.998	1.23697	-1.86237	-0.72439	1.87269
211.994	1.48684	-2.99258	1.82410	1.51694
215.996	0.92006	-1.98199	1.75917	1.56784
219.990	1.10107	-2.88482	2.01325	1.57710
224.002	1.24920	-2.88358	1.84223	1.61105
227.991	1.26026	-2.97966	4.39407	1.65808
232.000	1.43297	-3.04133	3.69738	1.68195
236.009	0.77814	-2.23856	3.81165	1.64937
239.997	1.03431	-2.87210	3.45588	1.68799
243.996	0.72821	-2.75149	2.97718	1.64978
247.996	0.46160	-2.84399	2.17988	1.55159
251.998	0.38916	-2.74796	1.93732	1.49401
255.995	0.21110	-2.93366	1.78910	1.34217
259.998	6.29016	-6.66140	0.95179	1.60538
263.993	0.19919	-3.06597	0.27185	3.19332
268.001	0.23676	-3.26908	0.06942	2.86332
271.868	0.25009	-3.20832	-0.28267	2.94555
275.872	0.28503	-3.46267	-0.49671	3.12425
279.869	0.58793	-3.70441	-0.18732	3.13485
283.867	0.55669	-3.72703	-0.19204	3.01671
287.867	0.89714	-4.14558	0.04418	2.70629
291.878	0.99983	-4.52653	0.07639	2.75332
295.884	1.04816	-4.37184	0.15715	2.86261
299.871	1.32510	-4.41413	-0.08433	2.64369
303.865	3.34324	-7.32931	-0.05557	2.78010
307.866	1.23464	-4.58428	0.09701	2.56163
311.875	4.06826	-7.13034	0.21780	2.58946
315.868	1.51893	-4.66841	1.78275	0.91130
319.872	4.61943	-7.15601	-0.69866	0.76093
323.869	4.73259	-5.77813	-0.05013	1.67359
327.868	1.70603	-4.70408	-0.08438	1.42066
331.871	4.54708	-6.75119	-0.54654	1.93890
335.862	2.66526	-4.52254	-0.53674	1.65792
339.873	3.01569	-4.59458	-0.54064	1.56275
343.861	2.05744	-4.35270	-0.75526	1.60422
347.871	3.31722	-4.53963	-0.46249	1.69327
351.866	3.03865	-4.45007	-0.68444	1.74194
355.915	2.82100	-4.37099	-0.64804	1.56498
359.877	2.43147	-3.93132	-0.77560	1.58803
363.868	2.30603	-3.67360	-0.79459	1.68897
367.865	2.83271	-3.63210	-0.86679	1.80243
371.869	1.85869	-2.97027	1.53957	1.75999
375.867	1.14828	-1.95296	-0.57937	1.56170
379.868	1.21764	-2.93843	-0.71804	1.05112
383.863	1.28608	-2.33845	-0.50217	0.90271
387.869	1.05416	-2.02668	-0.57250	0.85165
391.883	0.69139	-2.01963	-0.38933	0.85734
395.878	0.69640	-2.09040	-0.42390	0.77600
399.866	0.13081	-1.82368	-0.25510	0.53672
403.869	0.11198	-2.12323	0.14029	1.19484
407.862	-0.06458	-2.09807	0.27619	0.79700
411.868	-0.20025	-1.94937	0.03221	0.81053
415.865	-0.25840	-2.05268	0.00898	0.63119
419.867	-3.85254	-5.81101	0.44217	0.68310
423.870	-0.41780	-2.34622	0.18109	0.98909
427.864	-0.58860	-2.28663	0.39837	0.65466
431.896	-0.66270	-2.76068	0.11257	0.64878
435.871	-0.54766	-3.34662	-0.41884	3.16370
439.865	-0.51064	-4.26725	-0.80258	1.88533
443.871	-0.35866	-4.43182	-1.18143	1.95083
447.864	0.65342	-5.61297	-0.27463	1.13023
451.869	-0.04045	-1.81882	-0.49917	1.04525
455.866	0.21569	-2.01398	-0.54235	0.87908
459.864	0.52051	-5.65221	-0.38675	1.41529
463.863	0.46361	-1.65893	-0.05832	0.89186
467.868	0.31126	-2.11362	-0.09835	0.67651
471.865	0.28979	-2.16869	-0.25967	0.85586
475.867	-0.02328	-2.19318	0.07592	0.91956
479.864	0.14853	-2.11643	-0.25892	0.91131
483.886	-2.06595	-5.45806	-0.16417	0.98539
487.867	-2.57563	-5.40632	-0.27860	0.75978
491.869	0.12806	-2.32120	-0.03559	0.70573
495.866	-0.20772	-2.43349	0.03043	0.42377
499.895	0.15970	-2.55473	-0.19368	0.82076
503.875	0.37454	-2.31280	-0.17372	1.00541
507.864	0.46855	-2.05683	-0.00975	1.64821
511.865	0.44534	-2.17121	-0.25158	0.86045
515.867	0.27113	-2.00039	-0.54701	0.36494
519.872	3.14362	-1.82669	-2.86888	0.93910
523.868	6.42915	-4.08686	-2.57243	0.58655
527.867	2.72749	-1.66053	-0.20921	1.94999
531.865	2.99279	-1.81907	-3.08748	0.31852
535.868	2.95453	-1.73015	0.05395	1.74524
539.859	2.01771	-1.64332	1.10698	0.87866
543.869	2.38997	-1.70463	2.40394	1.48119
547.862	2.78441	-1.50733	1.08172	1.11618
551.862	-2.20359	-1.46455	3.12989	-0.07590
555.862	2.46595	-4.59002	-0.05505	0.88498
559.863	2.83893	-3.94904	-1.58775	-0.17532
563.870	6.83863	-5.17779	-1.70226	-1.50609
567.865	-0.59553	-2.71758	-0.81518	-1.27502
571.861	-0.47708	-3.46623	-2.65022	-3.67866
575.865	0.82104	-2.63023	-1.13246	-3.46775
579.856	1.07721	-4.69733	2.97480	-3.06899
583.864	0.04370	-5.63760	1.80834	-2.10695
587.861	0.97909	-3.70216	1.69111	-1.72195
591.863	-0.16144	-3.76712	-0.96504	-0.89074
595.866	7.26210	-6.63398	-0.79325	-1.09208
599.861	5.41819	-4.40670	-0.90441	-1.32230
603.872	7.10032	-5.62517	1.01504	-1.09085
607.887	4.82385	-2.95448	1.01387	-0.98750
611.865	4.86327	-3.67987	-1.30667	-0.63560
615.861	4.30729	-3.69862	0.67213	-2.48733
619.861	2.67358	-4.63049	0.02705	-0.49575
623.867	1.33894	-5.02464	0.69084	-1.38522
627.863	-0.58349	-4.63367	-1.22042	-0.75704
631.861	-0.85091	-4.06181	-1.14136	-1.04421
635.887	-0.01789	-4.09551	-0.48947	-1.17983
639.869	-0.71394	-3.02212	0.89711	-1.30663
643.857	1.02198	-1.76936	-0.42395	-0.67292
647.872	1.56377	-3.23924	-1.14749	-0.74697
651.860	4.17415	-4.67650	-2.10969	0.36260
655.862	3.05900	-5.09151	-1.20690	-0.91422
659.855	2.29892	-4.98992	-2.44554	1.31570
663.866	1.84483	-3.91191	-2.02492	0.22176
667.860	2.06570	-2.90560	-1.22449	-0.57697
671.864	2.51148	-2.25369	1.73371	-0.35252
675.863	-0.28982	-3.11035	1.50991	0.01590
679.863	0.61555	-3.44206	0.90197	0.27808
683.859	5.44803	-5.62582	-0.69486	1.35611
687.863	11.80997	-8.19659	-2.90802	4.19206
691.861	11.94313	-5.97506	-3.06385	1.67997
695.864	4.84260	-3.12666	NaN	NaN
699.860	NaN	NaN	NaN	NaN
703.861	NaN	NaN	NaN	NaN
707.865	2.92136	14.11857	NaN	NaN
711.865	3.08300	14.11540	NaN	NaN
715.861	NaN	NaN	NaN	NaN
719.863	NaN	NaN	NaN	NaN
723.854	NaN	NaN	NaN	NaN
727.869	NaN	NaN	NaN	NaN
731.866	NaN	NaN	NaN	NaN
735.865	NaN	NaN	NaN	NaN
740.162	NaN	NaN	NaN	NaN
744.405	NaN	NaN	NaN	NaN
747.859	NaN	NaN	NaN	NaN
752.170	NaN	NaN	NaN	NaN
756.407	NaN	NaN	NaN	NaN
760.075	NaN	NaN	NaN	NaN
764.384	NaN	NaN	NaN	NaN
769.395	NaN	NaN	NaN	NaN
773.737	NaN	NaN	NaN	NaN
777.507	NaN	NaN	NaN	NaN
781.554	NaN	NaN	NaN	NaN
785.410	NaN	NaN	NaN	NaN
789.595	NaN	NaN	NaN	NaN
793.545	NaN	NaN	NaN	NaN
797.789	NaN	NaN	NaN	NaN
801.962	NaN	NaN	NaN	NaN
806.062	1.80928	14.95088	NaN	NaN
809.901	NaN	NaN	NaN	NaN
813.280	2.30320	8.76710	NaN	NaN
817.139	NaN	NaN	-14.19923	9.84427
820.944	5.74831	1.64517	-7.93946	-6.65081
824.828	5.31851	-5.74963	-1.05282	-1.47467
828.667	4.98389	2.13620	-12.46334	-5.93229
832.617	3.29184	-5.52095	-7.19026	5.79709
837.530	-0.52803	0.68719	-9.66248	-7.07365
841.547	3.63100	-5.83073	-3.30094	2.80106
845.659	1.58666	-5.98088	-6.64398	-3.10490
849.759	-2.63252	-3.77027	-1.01846	-2.88133
853.918	1.00779	-6.06197	-3.51876	-2.90226
858.222	-8.42377	-3.33123	-7.05660	-5.64991
862.277	1.32984	-6.49929	-1.46988	-2.69936
866.487	1.26919	-7.63419	-3.38313	-2.93959
870.633	2.46560	-8.60238	-3.40183	-3.24650
874.720	-3.90563	-8.13006	-4.27842	-3.14574
878.774	1.30747	-7.12071	-3.70658	-2.92610
882.856	-0.96738	-7.21982	-3.55281	-3.08766
886.889	1.53525	-9.29251	-4.43604	-3.69944
890.980	-4.17077	-8.55333	-3.47359	-4.23915
895.043	1.30367	-9.18333	-3.80866	-4.02176
899.142	-2.32843	-8.28212	-3.59411	-4.58568
904.108	-2.78760	-6.36142	-4.53786	-4.47867
908.119	1.16518	-7.10485	-3.72724	-4.89592
912.117	-1.10286	-7.93564	-3.66370	-4.52236
916.158	-0.75377	-8.78809	-3.99329	-3.62437
920.193	0.82200	-7.82629	-4.37784	-4.08387
924.360	-1.12710	-5.95242	-4.14596	-3.62124
928.438	-2.33514	-5.92195	-4.13949	-4.07852
932.475	-3.17495	-7.96116	-3.71325	-4.10949
936.608	-2.76195	-7.62637	-4.26403	-4.44218
940.666	-0.51828	-6.16102	-4.40308	-4.80874
944.765	-1.06634	-7.57519	-4.33868	-5.10050
948.453	-0.22301	-7.20777	-3.78266	-3.82074
952.505	-1.39559	-6.35028	-3.67336	-3.67603
956.581	-1.16007	-6.76277	-4.19304	-3.65336
960.662	-1.35782	-5.60569	-4.19647	-4.17793
964.670	3.09285	-5.83366	-4.15159	-4.07210
968.679	2.21479	-6.65458	-3.93067	-3.94729
973.281	-0.31918	-6.46270	-5.30510	-5.51579
976.953	1.95505	-7.75803	-4.45454	-4.52778
980.574	-1.55293	-7.56325	-3.83342	-3.83207
984.614	-2.75935	-7.08834	-4.26672	-3.88447
988.237	-2.38375	-6.91739	-5.54051	-3.78808
991.906	4.15917	-9.53334	-6.27302	-3.77212
995.858	-2.12446	-6.76106	-4.34756	-4.42815
999.952	2.24235	-6.52621	-4.93073	-0.58873
1003.857	2.13465	-7.46046	-5.67531	-0.84547
1007.858	-3.20090	-6.45320	-4.68351	-3.54637
1011.855	-3.41009	-5.49214	-4.80832	-3.73833
1015.854	-1.84178	-3.95688	-0.66002	-6.79484
1019.857	-1.98787	-7.42896	-2.45755	-3.76235
1023.851	-1.69820	-6.65240	-4.87914	-3.62501
1027.865	-3.28996	-7.64490	-3.70072	-3.61153
1031.861	1.48248	-7.92317	-4.68651	-3.68787
1035.855	-4.11330	-6.83386	-5.69755	-4.06348
1040.445	-1.09271	-7.18672	-5.54641	-1.21170
1044.079	-4.50278	-4.34681	-7.85611	-3.20541
1047.865	-4.58249	-5.79662	-8.33054	-3.80861
1051.863	-7.84472	-4.78617	-11.28488	-1.08335
1055.855	-8.48699	-2.07720	-10.73150	-0.90453
1059.854	-9.35409	-3.44194	-10.84774	-0.75442
1063.857	-10.08272	-3.79565	-10.40130	-1.18113
1067.855	-10.20599	-3.77732	-11.39828	-3.74059
1071.856	-9.66605	-3.95797	-9.98552	-3.81908
1075.854	-9.54399	-5.46841	-10.04824	-3.81493
1079.852	-9.29343	-5.64352	-9.01922	-3.75185
1083.853	-9.52026	-4.89882	-10.04778	-3.29117
1087.856	-9.74531	-5.18887	-8.51527	-3.66797
1091.851	-9.84062	-4.01452	-9.57450	-4.34961
1095.848	-9.95928	-3.52234	-8.01681	-5.34937
1099.854	-10.24392	-2.21068	-10.33670	-3.17829
1103.855	-9.53260	-2.93741	-11.88910	-3.01758
1108.422	-9.48444	-2.33894	-10.12063	-1.54771
1112.093	-9.31431	-2.65437	-11.87049	-2.77763
1115.872	-9.33850	-2.76244	-11.24712	-2.62237
1119.859	-9.08588	-3.71778	-10.53917	-0.95876
1123.730	-8.95983	-3.00415	-10.63696	-1.48978
1252.790	NaN	NaN	NaN	NaN
1320.134	NaN	NaN	NaN	NaN
1323.851	NaN	NaN	NaN	NaN
1327.845	NaN	NaN	NaN	NaN
1331.847	NaN	NaN	NaN	NaN
1335.844	NaN	NaN	NaN	NaN
1339.845	NaN	NaN	NaN	NaN
1343.840	NaN	NaN	NaN	NaN
1347.848	NaN	NaN	NaN	NaN
1351.847	NaN	NaN	NaN	NaN
1355.859	NaN	NaN	NaN	NaN
1359.844	NaN	NaN	NaN	NaN
1363.845	NaN	NaN	NaN	NaN
1367.842	NaN	NaN	NaN	NaN
1371.842	NaN	NaN	NaN	NaN
1375.849	NaN	NaN	NaN	NaN
1379.845	NaN	NaN	NaN	NaN
1383.842	NaN	NaN	NaN	NaN
1387.845	NaN	NaN	NaN	NaN
1391.847	NaN	NaN	NaN	NaN
1395.854	NaN	NaN	NaN	NaN
1399.849	NaN	NaN	-7.53693	14.96108
1403.852	NaN	NaN	-7.53657	14.96097
1407.849	NaN	NaN	NaN	NaN
1411.865	NaN	NaN	NaN	NaN
1419.854	NaN	NaN	NaN	NaN
1423.850	NaN	NaN	-7.54686	14.95923
1427.848	NaN	NaN	NaN	NaN
1431.845	NaN	NaN	NaN	NaN
1435.854	NaN	NaN	NaN	NaN
1439.847	NaN	NaN	NaN	NaN
1443.846	NaN	NaN	NaN	NaN
1447.845	NaN	NaN	NaN	NaN
1451.848	3.17369	13.98373	NaN	NaN
1455.849	NaN	NaN	NaN	NaN
1460.595	NaN	NaN	NaN	NaN
1464.540	3.17465	13.98000	NaN	NaN
1468.356	3.17878	13.97687	NaN	NaN
1472.178	NaN	NaN	NaN	NaN
1475.854	NaN	NaN	NaN	NaN
1481.479	NaN	NaN	NaN	NaN
1484.758	NaN	NaN	NaN	NaN
1491.852	NaN	NaN	NaN	NaN
1495.849	NaN	NaN	NaN	NaN
1499.844	NaN	NaN	NaN	NaN
1503.843	NaN	NaN	NaN	NaN
1507.842	NaN	NaN	NaN	NaN
1511.849	NaN	NaN	NaN	NaN
1515.847	NaN	NaN	NaN	NaN
1519.851	NaN	NaN	NaN	NaN
1523.841	NaN	NaN	NaN	NaN
1527.853	NaN	NaN	NaN	NaN
1531.842	NaN	NaN	NaN	NaN
1535.846	NaN	NaN	NaN	NaN
1539.842	NaN	NaN	NaN	NaN
1543.845	NaN	NaN	NaN	NaN
1547.849	NaN	NaN	NaN	NaN
1551.843	NaN	NaN	NaN	NaN
1555.846	NaN	NaN	NaN	NaN
1559.845	NaN	NaN	NaN	NaN
1563.850	NaN	NaN	NaN	NaN
1567.843	NaN	NaN	NaN	NaN
1571.845	NaN	NaN	NaN	NaN
1575.840	NaN	NaN	NaN	NaN
1579.845	NaN	NaN	NaN	NaN
1583.842	NaN	NaN	NaN	NaN
1587.843	NaN	NaN	NaN	NaN
1591.844	NaN	NaN	NaN	NaN
1595.840	NaN	NaN	NaN	NaN
1599.842	NaN	NaN	NaN	NaN
1603.850	NaN	NaN	NaN	NaN
1607.846	NaN	NaN	NaN	NaN
1611.841	NaN	NaN	NaN	NaN
1615.845	NaN	NaN	NaN	NaN
1619.842	NaN	NaN	NaN	NaN
1623.845	NaN	NaN	NaN	NaN
1627.838	NaN	NaN	NaN	NaN
1631.848	NaN	NaN	NaN	NaN
1635.846	NaN	NaN	NaN	NaN
1639.845	NaN	NaN	NaN	NaN
1643.850	NaN	NaN	NaN	NaN
1647.847	NaN	NaN	NaN	NaN
1651.844	NaN	NaN	NaN	NaN
1655.847	NaN	NaN	NaN	NaN
1662.093	NaN	NaN	NaN	NaN
1671.845	NaN	NaN	NaN	NaN
1675.864	NaN	NaN	NaN	NaN
1680.042	NaN	NaN	NaN	NaN
1684.187	NaN	NaN	NaN	NaN
1688.178	NaN	NaN	NaN	NaN
1692.120	NaN	NaN	NaN	NaN
1696.181	NaN	NaN	NaN	NaN
1700.240	3.26191	13.95713	NaN	NaN
1704.328	NaN	NaN	NaN	NaN
1708.501	NaN	NaN	NaN	NaN
1712.515	NaN	NaN	NaN	NaN
1716.553	NaN	NaN	NaN	NaN
1720.647	3.20827	13.96746	NaN	NaN
1724.735	3.18922	13.97136	NaN	NaN
1729.884	3.17891	13.97371	NaN	NaN
1734.105	3.17022	13.97625	NaN	NaN
1738.187	3.16352	13.97826	NaN	NaN
1742.423	3.15775	13.98018	NaN	NaN
1746.632	3.13959	13.98520	NaN	NaN
1750.794	3.13491	13.98736	NaN	NaN
1755.028	3.13041	13.98941	NaN	NaN
1759.174	3.12551	13.99160	NaN	NaN
1763.304	3.12076	13.99371	NaN	NaN
1767.468	3.11304	13.99715	NaN	NaN
1771.675	3.10527	14.00068	NaN	NaN
1775.824	3.09681	14.00451	NaN	NaN
1779.969	3.08882	14.00806	NaN	NaN
1784.225	NaN	NaN	NaN	NaN
1788.353	3.07610	14.01388	NaN	NaN
1792.536	3.06808	14.01751	NaN	NaN
1797.676	NaN	NaN	NaN	NaN
1801.735	3.05694	14.02248	NaN	NaN
1805.934	3.05098	14.02515	NaN	NaN
1810.099	3.04615	14.02729	NaN	NaN
1814.302	NaN	NaN	NaN	NaN
1818.457	NaN	NaN	NaN	NaN
1822.631	NaN	NaN	NaN	NaN
1826.650	NaN	NaN	NaN	NaN
1830.841	3.03360	14.03228	NaN	NaN
1835.156	3.03163	14.03251	NaN	NaN
1839.360	NaN	NaN	NaN	NaN
1988.712	NaN	NaN	NaN	NaN
2038.423	NaN	NaN	NaN	NaN
2106.245	-9.86702	0.43001	-10.93134	0.08322
2110.273	-9.08946	0.37605	-11.70233	-0.23722
2113.970	-9.48528	0.50611	-12.48648	-0.30542
2117.963	-9.81686	0.49564	-12.08437	-0.04690
2121.958	-10.15143	0.59438	-11.66825	0.22155
2125.958	-8.42768	1.12782	-11.75660	-0.21014
2129.956	-8.98312	0.66917	-12.23663	-0.20911
2133.959	-9.87656	0.07481	-14.30368	-0.18719
2137.964	-8.61654	0.79676	-11.95959	0.04896
2141.959	-8.44028	0.82431	-11.63956	-0.14430
2145.955	-9.07179	-0.25814	-11.98251	-0.05715
2149.960	-9.16371	0.03444	-12.13225	-0.16114
2153.956	-10.16930	-0.14428	-11.94280	0.63958
2157.956	-9.20448	1.09230	-11.88062	-0.12261
2161.960	-8.41478	0.25152	-11.78022	-0.21988
2165.957	-9.57271	0.16905	-12.14504	-0.14168
2169.958	-8.93651	-0.43144	-12.12020	-0.11319
2173.962	-9.46662	-0.36305	-12.59469	-0.22107
2177.962	-10.71791	1.12473	-11.90666	0.04649
2181.967	-9.21512	0.65770	-11.66963	-0.02005
2185.957	-8.80515	0.28578	-11.74489	0.00448
2189.955	-9.39383	0.25467	-12.14639	0.19607
2193.953	-8.47833	-0.08474	-11.64439	0.72321
2197.986	-9.37598	-0.06735	-11.40763	0.95461
2201.957	-9.18526	-1.24537	-12.18699	0.24685
2205.955	-10.25300	-0.51708	-11.61913	0.85152
2209.952	-8.54692	0.31343	-11.77789	1.46048
2213.958	-8.81322	0.76754	-11.70935	1.57447
2217.957	-9.04454	1.00369	-11.87287	1.43886
2221.956	-9.24058	0.57131	-11.73695	1.21384
2225.956	-9.06342	0.71073	-11.85885	0.76843
2229.954	-9.27146	0.72049	-11.83919	1.42837
2233.982	-9.25758	0.58741	-11.72667	1.81156
2237.957	-8.91110	0.74390	-11.79701	1.12590
2241.960	-9.47746	0.78327	-11.41442	0.41485
2245.958	-8.91345	-0.57239	-11.80150	-0.89957
2249.957	-9.06061	0.47543	-11.77765	-0.20891
2253.950	-9.13918	0.40863	-11.81151	-0.47859
2257.956	-9.01443	0.60404	-11.68210	0.15749
2261.978	-9.01075	-0.00243	-11.43607	-0.16876
2265.958	-8.94915	0.66415	-11.36133	0.27510
2269.959	-8.94757	0.76574	-11.40801	-0.00292
2273.955	-8.92919	0.73868	-11.70690	-0.11103
2277.954	-10.79444	0.68719	-11.91944	-0.11262
2281.950	-10.13095	0.21702	-10.62564	2.35962
2285.958	-10.11589	1.13549	-10.89535	2.20035
2289.956	-9.90489	0.48690	-11.15606	1.90374
2293.956	-10.39655	0.05032	-11.06076	1.86872
2297.956	-10.17836	-0.27931	-11.35926	1.77603
2301.955	-9.82086	-0.27528	-11.14436	1.88153
2305.955	-9.58318	-0.03533	-11.06397	2.01722
2309.952	-9.54998	-0.20876	-11.05015	1.67428
2313.982	-9.88584	-0.64498	-8.01338	-0.33401
2317.958	-10.11577	0.48289	-8.38947	-0.24136
2321.953	-9.80106	0.04951	-8.20014	-0.67675
2325.956	-9.13581	-2.03277	-9.92957	2.14592
2329.954	-9.59385	-0.38232	-8.27542	2.09626
2333.953	-9.33710	-0.43034	-5.35679	0.00633
2337.957	-9.18758	-0.84633	-8.20517	2.17500
2341.954	-9.54404	-0.17060	-8.44305	2.24172
2345.956	-9.53151	-0.30956	-8.25170	0.55935
2349.952	-7.62606	-0.24100	-6.49913	0.10624
2353.956	-6.19736	-0.84054	-7.97503	0.36320
2357.953	-9.16576	-0.07193	-8.34259	1.17373
2361.961	-8.45470	0.00059	-8.49180	1.49051
2365.956	-7.94864	0.02646	-8.98964	1.37466
2369.951	-8.49785	-0.30755	-10.16627	0.66005
2373.956	-7.92933	-0.20900	-11.35344	1.10523
2377.957	-7.99063	-0.35878	-11.42191	1.30592
2381.955	-8.84397	0.08525	-11.25968	1.17807
2385.956	-8.55542	0.12800	-11.04126	1.28261
2389.955	-8.42624	-0.10521	-6.72438	-2.32080
2393.954	-8.78949	-0.35387	-7.36337	1.45284
2397.951	-9.08421	-0.36820	-8.25450	1.56684
2401.950	-9.29862	-0.33949	-10.43054	1.14814
2405.956	-8.52375	-0.80246	-7.83247	1.46532
2409.953	-6.57732	-0.84668	-7.85677	1.66157
2413.953	-6.71774	-0.98892	-8.06244	1.60213
2417.951	-7.63267	-0.72822	-7.84503	1.51352
2421.976	-7.75960	-1.83949	-8.10817	1.71524
2425.960	-6.48438	-1.90388	-8.02769	1.62147
2429.956	-9.01411	0.62006	-8.14283	1.77334
2433.956	-7.61438	-0.25241	-8.73422	1.99043
2437.952	-7.07493	-0.87040	-9.52903	2.26411
2441.824	-8.49581	-0.95780	-9.18680	2.47079
2445.825	-8.49797	-0.95431	-9.60635	2.85215
2449.845	-7.67316	-0.90663	-10.20786	3.15930
2453.834	-8.10547	-0.45803	-10.17815	3.12736
2457.828	-9.63616	0.02710	-10.42555	2.68780
2461.829	-8.09129	-1.20315	-10.41575	2.83245
2465.825	-7.64364	-0.83425	-10.29563	2.31651
2469.825	-7.03968	0.12558	-10.17822	2.74142
2473.824	-8.81486	-0.08020	-10.27833	2.60937
2477.832	-8.20746	-0.71154	-10.25197	2.48689
2481.854	-8.36934	-0.47066	-9.99854	2.50255
2485.841	-9.52526	0.04700	-9.92533	2.38899
2489.829	-8.60232	-0.17135	-10.34765	2.32982
2493.827	-8.55743	-0.11765	-10.04774	2.38521
2497.824	-8.57044	-0.33810	-10.10983	2.31417
2501.830	-8.61363	-0.46808	-10.22623	2.31511
2505.825	-8.38972	0.85219	-10.20930	2.48476
2509.827	-8.06336	-0.11064	-10.58383	2.32356
2513.825	-8.33540	0.24953	-10.59481	2.61511
2517.879	-8.68145	-0.14026	-9.97950	1.96560
2521.834	-8.83730	-0.49232	-9.89089	2.12461
2525.824	-8.44654	-0.27971	-10.13850	1.47893
2529.828	-8.73189	-0.20054	-10.20214	1.26022
2533.825	-8.23359	-0.12410	-11.31314	1.35912
2537.824	-8.58170	1.82591	-14.79412	3.90626
2541.823	-11.02796	6.84067	-19.70957	6.83768
2545.829	-10.58961	4.28818	-19.85854	-12.08745
2549.826	NaN	NaN	-19.90537	-12.08399
2553.824	NaN	NaN	-19.92843	-12.08228
2557.829	NaN	NaN	-19.94227	-12.08125
2561.827	NaN	NaN	-19.95152	-12.08056
2565.845	NaN	NaN	-19.95821	-12.08006
2569.831	NaN	NaN	-19.96330	-12.07969
2573.829	-20.52872	11.18992	-19.96731	-12.07939
2577.827	-20.02828	-12.07485	-19.97058	-12.07915
2581.824	-20.02418	-12.07515	-19.97329	-12.07894
2586.017	-20.02089	-12.07540	NaN	NaN
2589.838	-20.01818	-12.07560	NaN	NaN
2593.826	-20.01765	-12.07564	NaN	NaN
2597.824	-20.01704	-12.07569	NaN	NaN
2601.832	-20.01631	-12.07574	NaN	NaN
2605.829	-20.01553	-12.07580	NaN	NaN
2609.826	-20.01467	-12.07586	NaN	NaN
2613.824	-20.01373	-12.07593	NaN	NaN
2617.842	NaN	NaN	NaN	NaN
2622.003	NaN	NaN	NaN	NaN
2626.300	NaN	NaN	NaN	NaN
2630.447	NaN	NaN	NaN	NaN
2633.834	NaN	NaN	NaN	NaN
2637.825	-12.82720	14.59598	NaN	NaN
2641.826	-12.84050	11.33738	NaN	NaN
2645.831	-13.01439	8.95999	NaN	NaN
2649.825	-10.74178	5.14090	-4.75356	13.30575
2653.832	-10.41688	5.55740	-16.92762	5.24587
2657.826	-10.35092	5.28238	-15.58092	4.95008
2661.826	-12.03672	0.29968	-15.69132	2.76928
2665.822	-0.24262	0.58063	-4.05972	5.56443
2669.822	-1.95745	-7.14367	-5.48836	10.03533
2673.826	-8.13653	-2.39170	-15.43605	-0.24650
2677.826	-8.05433	-4.73382	-7.25631	2.32434
2681.821	-5.34887	-5.83599	-8.86868	0.49687
2685.828	-5.64808	0.70218	-9.61156	-0.03646
2689.829	-7.21281	0.26918	-9.52789	0.00507
2693.822	-7.46575	-0.00655	-9.44146	-0.02976
2697.822	-6.99487	-0.64080	-9.05120	2.14583
2701.819	-5.74718	-0.22843	-6.22203	1.69646
2705.825	-6.93234	-0.73192	-7.89676	1.88248
2709.823	-6.71635	0.15377	-8.76522	1.83515
2713.821	-7.00013	-0.43008	-8.87215	0.35482
2717.819	-5.88515	-0.53185	-7.70682	0.48847
2721.870	-6.07560	-0.68712	-6.66685	0.22191
2725.837	-6.00855	-0.79056	-7.78535	-0.24199
2729.825	-5.72824	-0.94711	-7.89233	0.48269
2733.826	-5.39615	-1.05943	-7.66772	1.62460
2737.822	-6.74435	-1.12311	-7.76221	2.32063
2741.823	-6.69236	-1.20240	-8.33552	0.91961
2745.819	-6.53904	-3.04510	-8.42022	0.88151
2749.825	-5.64466	-3.53620	-8.42219	1.05569
2753.822	-5.43369	-1.77556	-7.53174	0.97823
2757.821	-5.15441	-2.14196	-7.27118	-0.02911
2761.822	-6.31610	-1.73379	-7.68852	0.49369
2765.822	-5.38403	-2.68119	-8.02762	1.13051
2769.828	-6.78816	-1.65671	-7.93471	0.70222
2773.825	-4.83696	-0.79410	-7.83122	0.73248
2777.820	-4.45012	-1.16336	-7.95670	0.69510
2781.818	-6.78424	-1.12946	-8.14813	0.27587
2785.821	-6.66592	-1.46495	-7.97135	0.14815
2789.842	-6.41405	-1.10685	-7.61904	0.15423
2793.835	-6.21737	-0.93848	-7.16933	-0.06134
2797.825	-6.10865	-1.18424	-4.52469	0.68178
2801.819	-6.27118	-2.02568	-7.82206	-0.08023
2805.824	-4.20943	-1.89863	-7.69373	-0.24603
2809.824	-5.60472	-3.22462	-7.92705	-0.20489
2813.820	-5.65066	-2.35870	-7.84747	-1.42935
2817.824	-5.06789	-2.09277	-7.69105	-1.25797
2821.821	-11.65335	-0.12723	-7.68844	-0.51055
2825.821	-8.77875	-3.08504	-7.43115	-0.58014
2829.819	-8.21223	-2.81526	-7.36345	-1.05231
2833.883	-8.37672	1.61428	-4.18509	-0.93733
2837.827	-7.79965	-3.18476	-7.65931	-1.59892
2841.819	-5.62798	-2.78646	-7.68688	-0.59046
2845.815	-5.32796	-2.69536	-7.69753	-0.67800
2849.826	-8.02728	-3.60428	-7.63681	-0.62402
2853.822	-6.79273	-1.21734	-7.75171	-1.10030
2857.843	-8.09275	-2.91088	-7.59100	-0.64423
2861.824	-6.84260	-1.71472	-6.36243	-0.63402
2865.823	-7.88305	-1.20676	-5.48895	-1.05892
2869.818	-6.73147	-0.69781	-7.60575	-0.63155
2873.818	-6.96289	-1.41403	-7.67655	-0.40857
2877.818	-4.25921	-1.61942	-7.64415	-0.10713
2881.822	-6.31473	-1.62980	-7.75702	0.49518
2885.819	-4.75097	-1.38578	-7.76477	0.70054
2889.819	-4.33123	-1.44082	-11.45786	-0.40680
2893.822	-3.92186	-1.67653	-7.96840	-0.00896
2897.821	-6.68303	-2.21051	-7.67645	0.21826
2901.817	-6.54041	-1.36770	-7.45006	0.14180
2905.818	-6.62361	-1.11157	-7.43305	0.19170
2909.816	-6.58692	-1.00221	-7.51886	0.28562
2913.822	-5.93983	-0.90798	-7.46402	0.17464
2917.818	-6.08890	-0.75906	-7.04452	0.10348
2921.820	-6.37042	-0.90453	-7.33923	0.54049
2925.824	-6.73742	-1.45739	-8.10151	1.33358
2929.825	-7.22170	-2.01199	-8.13979	0.58457
2933.823	-7.04626	-2.20853	-7.29663	0.19568
2937.821	-6.26858	-1.21306	-7.33725	-0.40029
2941.814	-6.38905	-0.53683	-7.05584	-0.13147
2945.821	-6.35611	-1.25630	-7.01225	0.37747
2949.817	-5.25894	-0.44747	-4.92979	0.98019
2953.818	-3.29755	-0.36673	-5.07237	1.31424
2957.816	-4.28049	0.21454	-4.98009	1.39150
2961.819	-4.38840	0.76274	-5.01477	1.41510
2965.816	-6.68511	0.10205	-5.39362	1.29646
2969.815	-5.29265	0.03066	-5.91280	1.26716
2973.820	-5.47564	-0.60521	-6.91985	1.25760
2977.821	-4.72894	-0.10406	-6.02411	1.40575
2981.819	-5.42606	-0.34764	-5.34368	1.22438
2985.822	-5.17228	-0.13688	-4.79674	1.28041
2989.817	-4.93428	-0.09687	-4.88461	1.41127
2993.850	-4.93381	-0.01483	-5.13703	1.54208
2997.823	-4.84807	0.00465	-5.09618	1.63287
3001.820	-4.80463	-0.75952	-5.34946	2.07624
3005.816	-4.82969	-0.04021	-6.34576	1.78782
3009.817	-4.66635	-0.19095	-5.74505	1.77763
3013.815	-5.14825	-0.13919	-5.51014	1.93280
3017.826	-5.33155	-0.13266	-5.52367	1.89518
3021.822	0.86031	-2.23325	-5.23507	1.76711
3025.816	1.98725	-2.58793	-5.37099	1.94807
3029.821	-4.83735	-0.32785	-5.33236	2.42276
3033.818	-4.82653	-0.01015	-5.12509	2.60431
3037.818	-4.75543	-0.19135	-5.23760	3.14700
3041.813	-5.32833	-0.97881	-5.57906	1.87561
3045.827	-4.79164	-0.25815	-5.87135	1.29354
3049.818	-4.79354	-0.21645	-5.77917	1.45515
3053.837	-4.54412	0.01107	-6.03071	1.12211
3057.821	-4.22636	0.05100	-5.55890	1.03021
3061.863	-4.80164	0.04373	-5.43659	0.55771
3065.828	-4.61265	-0.22683	-5.09273	0.65679
3069.813	-4.45866	-0.24365	-5.05324	0.78570
3073.811	-4.73954	0.04609	-5.03400	0.25243
3077.820	-5.14709	-0.07442	-5.32506	0.15511
3081.817	-5.01236	-0.17419	-5.62704	0.48345
3085.816	-4.92363	-0.10544	-6.08070	0.66307
3089.811	-4.86729	-0.44116	-6.09459	0.32558
3093.818	-4.17401	0.09841	-5.34516	-0.06183
3097.815	-4.00084	-0.19241	-5.16324	0.23664
3101.818	-2.09931	0.59847	-4.94115	0.41806
3105.815	-4.14278	-1.19911	-5.30158	0.54086
3109.818	-5.53935	-0.82185	-5.10224	0.47258
3113.816	-4.92856	-1.79726	-5.17422	0.03643
3117.813	-5.20615	-0.87616	-5.28470	0.31169
3121.819	-4.78018	-0.73002	-6.40185	0.71496
3125.814	-0.25964	-2.99085	-6.08055	0.70848
3129.837	-3.94846	-1.83362	-5.32338	0.52724
3133.822	-3.34912	-1.22514	-4.90826	0.81785
3137.813	-3.55026	-1.13226	-5.43155	1.18167
3141.818	-3.85852	-1.27930	-5.18461	0.82540
3145.812	-0.83349	-3.10223	-5.73873	0.96548
3149.817	-5.24161	-1.19413	-5.47392	1.19400
3153.814	-4.70929	-2.81565	-6.24884	1.15239
3157.814	-0.53545	-2.82272	-5.72775	1.08382
3161.818	-3.39411	-1.25020	-5.19074	1.39267
3165.817	-3.25357	-1.35963	-5.01036	1.29341
3169.813	-3.02712	-1.38631	-5.17947	1.64245
3173.821	-1.32218	-1.48987	-5.72291	1.97267
3177.816	-2.68306	-1.56148	-5.93944	2.25918
3181.813	-4.56742	-1.93013	-5.67897	2.23732
3185.816	-4.77072	-1.78123	-5.58879	2.37104
3189.816	-2.80132	-2.49784	-5.45742	2.06105
3193.817	-3.73025	-1.69051	-4.96933	1.92846
3197.830	-3.66335	-1.42076	-5.01270	2.17405
3201.844	-3.44854	-1.46139	-4.74930	1.29651
3205.822	-3.65425	-1.20999	-5.63137	-0.29262
3209.818	-2.57214	-1.42999	-5.43275	-0.35265
3213.816	-5.46418	-1.54841	-5.69202	0.51240
3217.814	-5.68443	-1.47172	-6.04401	1.21392
3221.817	-5.65280	-1.27095	-5.86023	0.19412
3225.819	-4.39622	-0.86479	-5.74121	0.29597
3229.819	-5.01839	-1.17725	-5.26588	0.27345
3233.817	-5.11435	-1.42235	-4.75792	0.58757
3237.814	-4.28626	-1.03573	-4.33424	0.84264
3241.813	-4.33828	-1.47723	-5.78959	0.46292
3245.816	-3.48766	-1.73190	-5.68728	0.45954
3249.817	-3.94638	-1.24442	-5.44621	0.95041
3253.813	-4.67835	-1.11504	-5.81277	0.92922
3257.814	-3.88159	-0.87619	-5.90291	1.44593
3261.816	-4.26405	-1.09035	-5.86781	1.16492
3265.850	-3.67146	-1.18788	-6.25794	1.35702
3269.818	-5.54417	-1.39394	-6.13596	1.43689
3273.887	-5.38489	-1.72758	-5.93510	1.33931
3277.818	-4.54207	-1.99065	-5.85148	1.56526
3281.811	-5.59720	-1.58639	-5.55548	1.45151
3285.810	-2.14974	-6.46128	-4.63131	2.10849
3289.814	0.41549	-3.88373	-5.06720	1.52513
3293.686	-3.16057	-2.22939	-5.50788	1.73847
3297.687	-2.39837	-2.91948	-5.32173	1.59481
3301.690	-3.78499	-1.73985	-5.14579	1.68898
3305.688	-3.17537	-1.90119	-5.39942	2.05668
3309.686	-2.33071	-2.21515	-5.59179	2.28911
3313.689	-3.15857	-1.95827	-5.73168	1.93730
3317.690	-3.12338	-1.94833	-5.55804	1.82510
3321.685	-5.73126	-3.52111	-4.73251	2.25591
3325.687	-4.00796	-1.72814	-4.66302	2.52479
3329.685	7.37875	-3.44179	-3.31103	2.85281
3333.701	-2.48829	-2.62084	-1.67065	1.97982
3337.685	0.95318	-2.93801	-1.82257	3.07460
3341.690	-2.29399	-3.08481	-2.29104	3.02185
3345.689	-2.03390	-3.32821	-2.66461	2.97709
3349.688	-2.01300	-3.32197	-2.41291	3.22164
3353.682	-1.82244	-2.33791	-2.57972	3.09962
3357.694	1.25471	-1.50453	-2.91782	3.11612
3361.684	1.34909	-1.55065	-2.44908	1.33785
3365.691	-1.74543	-1.75736	-2.32783	1.28367
3369.685	-0.89585	-2.43388	-2.45277	1.62817
3373.686	1.96868	-3.06537	-2.31775	1.39190
3377.684	-2.45587	-2.81978	-2.25749	1.18360
3381.689	-1.18899	-1.28523	-2.35184	0.86023
3385.684	-4.07587	-7.90081	-2.28908	0.58506
3389.684	-1.79847	-2.82071	-2.27711	0.49340
3393.686	-3.65999	-3.06630	-2.20644	0.80578
3397.689	-2.86044	-3.11773	-2.32900	0.73831
3401.711	3.56492	-3.04731	-2.21283	0.75756
3405.687	3.94774	-2.89615	-2.30127	0.50643
3409.690	4.79649	-3.42530	-2.27486	0.38701
3413.685	7.63962	-3.39504	-2.27397	0.62350
3417.687	5.11824	-3.41246	-2.26718	0.71429
3421.683	1.58187	-1.80542	-2.22054	0.56137
3425.687	1.30975	-1.32162	-2.37258	0.55230
3429.682	0.02608	-0.93986	-2.31406	0.62057
3433.683	-0.03075	-1.25697	-2.40553	0.69225
3437.691	-0.59905	-1.19461	-2.53241	0.87831
3441.688	-0.72675	-1.89165	-2.57811	0.55897
3445.684	1.37595	-3.91619	-2.59782	0.49768
3449.683	1.91147	-3.96263	-2.57588	0.77640
3453.688	5.23836	-3.77651	-2.51822	0.97541
3457.685	-1.45229	-1.61656	-2.61166	1.04046
3461.689	1.57667	-4.11166	-2.60669	0.89583
3465.684	-1.06771	-1.54664	-2.55700	0.90458
3469.690	4.57514	-2.02240	-2.24896	1.00355
3473.688	-0.92867	-1.70579	-2.31344	0.97171
3477.684	4.25870	-2.00984	-2.73120	1.17717
3481.689	-0.83123	-1.96782	-2.68928	1.29322
3485.719	-0.22048	-1.73589	-2.71491	1.26221
3489.695	-0.66729	-2.51580	-2.67633	1.50548
3493.685	0.23976	-2.40307	-2.24141	1.51203
3497.687	-0.85277	-2.21939	-2.12984	1.55973
3501.686	3.91057	-2.47585	-2.00869	1.84127
3505.682	0.82952	-1.48805	-2.20716	2.38027
3509.681	6.33753	-3.06453	-2.38199	3.23419
3513.686	7.57042	-5.20012	-2.67212	3.38438
3517.684	1.97461	-2.44012	-1.43630	2.43844
3521.687	-3.90775	0.58833	-2.88299	2.16035
3525.682	-4.17512	-1.33706	-2.56176	2.01944
3529.687	-1.05823	0.91536	-2.72756	1.98680
3533.684	-1.28909	1.14667	-2.74905	1.79153
3537.709	-1.30486	1.03466	-2.75443	1.79423
3541.684	-1.13065	0.91345	-2.74264	1.72298
3545.688	2.56352	-1.10263	-2.45475	0.69885
3549.684	5.66612	-2.05264	-2.96950	0.68610
3553.684	5.47894	-2.86028	-2.91371	1.25271
3557.682	7.70928	-4.25641	-2.84138	0.91481
3561.682	8.36521	-3.85465	-2.78562	1.14657
3565.685	2.72541	-3.66545	-2.43176	0.62271
3569.681	-0.24507	-3.67587	-2.47824	0.93978
3573.685	-0.38320	-2.24938	-2.67484	0.68682
3577.682	2.19660	-2.57856	-2.76388	0.99303
3581.682	-0.58650	-2.22009	-2.81892	0.73709
3585.681	1.82108	-3.19269	-2.37471	0.54937
3589.685	2.76166	-2.16848	-2.44118	4.41830
3593.683	2.94054	-2.50769	-2.47214	1.30515
3597.680	-0.67806	-4.12160	-2.17009	0.30085
3601.680	0.54270	-4.32657	-2.07031	-1.88426
3605.717	4.66248	-3.99397	-2.10815	-2.52515
3609.698	0.40765	-5.83419	-1.91224	0.55605
3613.680	2.89054	-6.94023	-1.55722	-0.94123
3617.685	3.75180	-8.22353	-1.45167	-0.60685
3621.680	3.62294	-8.25201	-1.26711	-0.66040
3625.687	3.20127	-8.34100	-1.35147	-1.02394
3629.680	-0.82049	-8.14336	-1.78624	-0.91507
3633.684	-3.35409	-8.40743	-1.78359	-1.06154
3637.683	0.12870	-8.43022	-1.92490	-1.19172
3641.683	1.57619	-8.69602	-1.28842	-1.14602
3645.683	2.55985	-8.91017	-1.21653	-0.92460
3649.684	3.08508	-11.65123	-1.18373	-0.91365
3653.683	-1.32828	-9.18980	-1.71860	-1.06682
3657.684	-1.30119	-10.93838	-1.64136	-1.51376
3661.686	-1.66924	-11.35661	-2.07326	-1.19454
3665.681	-3.12945	-9.33671	-1.95624	-1.45140
3669.682	-2.89463	-11.16511	-1.46015	-1.41846
3673.694	-19.99372	-11.65015	-1.52893	-1.71744
3677.682	1.80375	-11.90853	-1.47957	-1.68077
3681.679	-1.81458	-7.31948	-1.76790	-1.65748
3685.686	0.75766	-7.93826	-1.99141	-1.94655
3689.718	-0.46110	-13.77253	-2.07125	-2.48650
3693.685	-1.43496	-9.08081	-2.05799	-2.42234
3697.677	-1.49912	-9.81031	-1.84728	-2.51992
3701.682	3.59723	-7.89708	-1.87185	-0.84682
3705.680	0.96631	-8.69093	-1.74732	-1.14566
3709.680	-2.58653	-11.78366	-2.01179	-1.55801
3713.678	-2.73256	-12.31141	-2.14597	-1.44076
3717.682	2.86752	-12.32382	-2.02787	-1.99467
3721.681	-1.36605	-13.59135	-1.99972	-2.44635
3725.678	-0.22053	-9.30049	-1.65151	-2.82402
3729.682	2.40159	-9.79795	-1.26192	-3.11254
3733.680	2.43917	-5.22491	-1.73383	-0.93722
3737.677	2.23543	-5.54797	-2.08025	-0.95865
3741.709	2.78188	-6.68788	-1.75062	-1.37442
3745.690	-1.31960	-13.07939	-1.87220	-1.58070
3749.681	1.24359	-5.64740	-1.52972	-1.78070
3753.678	2.31762	-6.22503	-1.42434	-2.35419
3757.677	3.00210	-4.82364	-1.61667	-3.18040
3761.678	6.17479	-4.61163	-1.52662	-3.69140
3765.674	1.96353	-4.53590	-1.86558	-0.70655
3769.682	1.30501	-4.42955	-1.44108	-0.90986
3773.684	1.59266	-4.39077	-1.38421	-1.03974
3777.679	-4.55292	-13.47769	-1.58071	-1.61860
3781.676	-4.43029	-13.93077	-1.50971	-1.73659
3785.683	-19.99372	-12.43777	-1.43406	-1.20592
3789.678	-1.11660	-8.60182	-1.22457	-0.54992
3793.679	7.01076	-4.42796	1.52322	-0.24204
3797.683	1.48203	-4.27046	1.89749	0.73067
3801.678	3.33181	2.94957	2.11321	0.16362
3805.679	3.84434	-4.34584	1.70393	0.56517
3809.725	6.37253	-2.48243	1.45691	0.05435
3813.687	2.60773	-4.60042	2.34850	0.48963
3817.683	4.49659	-2.80082	2.13212	0.69454
3821.677	4.84785	-3.13511	1.83977	0.35121
3825.680	3.90318	-6.96732	1.79353	0.10521
3829.675	4.10666	-8.68882	2.02240	0.39040
3833.678	4.87207	-11.49703	1.84867	0.91494
3837.676	0.98755	-11.83429	1.69887	0.70793
3841.680	1.17329	-8.80420	1.87651	-0.01460
3845.681	3.29570	-2.61135	1.67291	1.35114
3849.677	2.97257	-3.12710	2.04634	0.57842
3853.686	3.51550	-3.02907	1.99352	0.37921
3857.714	4.48224	-2.90595	1.83315	-0.63256
3861.686	5.44421	-3.24926	1.60119	2.26081
3865.677	3.33725	-5.60720	1.57932	0.59596
3869.681	3.64897	-3.26934	1.56776	0.33283
3873.678	3.28402	-3.33704	1.70817	-0.23201
3877.716	3.20206	-1.92924	1.95306	0.17998
3881.685	3.38689	-3.40232	2.04522	1.41278
3885.680	3.84083	-3.75606	1.68677	1.94852
3889.680	3.93011	-3.81510	1.57235	1.16671
3893.679	4.28059	-3.87816	1.81538	1.31016
3897.682	4.09977	-5.03372	1.45611	0.61397
3901.679	4.82747	-3.90756	1.42171	0.26853
3905.699	4.08681	-9.87444	1.83985	-0.06867
3909.686	5.46340	-9.83940	1.85264	0.19556
3913.677	2.24272	-9.75222	1.70665	0.39874
3917.702	2.23472	-9.79001	1.42687	0.88873
3921.680	2.10218	-9.41761	1.53984	0.83119
3925.676	2.21638	-9.20502	1.65927	0.66066
3929.673	1.91625	-8.93130	1.56610	0.80672
3933.677	2.03975	-8.66003	1.68335	0.80829
3937.680	2.04572	-8.87476	1.48421	0.74836
3941.677	7.87796	-5.43226	1.34614	0.84252
3945.707	7.75064	-4.77744	1.38002	0.89357
3949.685	4.54069	-4.16195	1.41886	0.93960
3953.674	4.61477	-4.17638	1.44485	0.99360
3957.672	4.68341	-4.18252	1.36137	1.01842
3961.677	4.82227	-4.06662	1.35028	1.03320
3965.675	4.84743	-3.89778	1.59581	1.13097
3969.674	5.43342	-3.77829	1.62205	1.09470
3973.678	5.30385	-3.48963	1.53788	1.06897
3977.676	5.17075	-3.95000	1.43791	0.96651
3981.680	5.17297	-3.85209	1.50445	0.71227
3985.680	4.77653	-3.60203	1.50819	-0.10505
3989.676	4.76995	-3.43019	1.86878	0.48330
3993.673	4.33049	-3.26370	1.67958	0.60432
3997.673	2.92923	-3.27076	1.40973	0.42958
4001.678	2.37942	-3.01678	1.51172	0.88897
4005.677	2.09018	-2.62491	1.63184	1.21048
4009.674	2.03704	-2.83030	1.50363	2.11198
4013.828	2.57432	-3.01948	1.53922	2.00391
4017.685	2.28730	-2.89435	1.60146	2.26547
4021.681	2.46583	0.38780	1.85618	1.76330
4025.673	2.34272	-3.08420	2.24948	0.14178
4029.677	2.14062	-3.22312	2.59131	0.40770
4033.675	2.16337	-3.66795	1.61739	-0.25274
4037.674	2.40273	-3.63579	1.89312	-0.08715
4041.671	2.77661	-3.74088	1.80992	0.36261
4045.677	3.62944	-3.51856	2.00145	0.10733
4049.676	4.18003	-5.14327	2.04656	-0.04405
4053.674	5.06259	-4.65771	1.89652	0.04920
4057.678	4.67907	-3.89491	2.01310	0.06812
4061.678	5.01768	-4.04947	2.01119	0.31355
4065.677	7.44772	-6.16615	1.83273	0.02690
4069.681	4.19659	-4.23482	1.83442	-0.08593
4073.676	4.86487	-4.18881	1.76946	-0.01542
4077.674	3.95335	-4.60773	1.73147	0.10323
4081.674	3.90380	-3.94569	1.63331	0.17094
4085.674	7.27560	-4.08050	1.71263	0.08020
4089.678	3.62783	-3.83701	1.70440	-0.00037
4093.677	1.68942	-2.14994	1.64536	-0.09734
4097.672	1.92850	-2.66591	1.63177	-0.17323
4101.673	1.87247	-3.74505	1.67353	-0.18977
4105.683	1.49309	-3.57512	1.69567	-0.19304
4109.682	2.91695	-2.39642	1.85356	-0.17753
4113.678	2.90393	-2.28664	2.29384	0.29673
4117.677	3.08822	-2.62364	2.38878	0.23037
4121.699	3.04256	-3.17991	2.25860	1.00863
4125.674	3.06563	-2.77153	1.97369	1.85195
4129.669	5.35392	-2.43266	1.86922	2.23217
4133.675	8.71931	-2.78382	1.86868	1.80485
4137.671	4.22380	-6.97313	1.80846	1.27282
4141.672	5.06996	-8.86400	1.49240	1.35054
4145.544	4.43115	-4.25182	1.80985	0.83823
4149.556	4.08624	-5.02490	1.58227	0.29706
4153.551	4.36624	-5.26956	1.52732	0.07815
4157.554	4.37865	-6.22906	1.61714	0.43878
4161.546	4.37727	-6.45319	1.54036	0.67825
4165.546	4.34124	-7.33044	1.42518	1.70273
4169.550	4.37547	-7.41240	1.48052	1.26094
4173.548	4.22150	-8.01405	1.42729	1.27711
4177.546	4.25568	-8.71172	1.37568	0.88701
4181.549	4.25220	-8.98562	1.42563	0.68770
4185.547	2.00633	-4.37852	1.46440	0.70662
4189.551	1.77310	-9.00262	1.41501	0.58001
4193.554	9.19834	-3.34415	1.35869	0.23662
4197.550	4.61659	-3.11761	1.34428	-0.31671
4201.549	4.11752	-2.59554	1.34581	0.06794
4205.546	0.03077	-2.02647	1.27400	0.44153
4209.546	1.99382	-3.28141	1.35407	0.71137
4213.550	2.12907	-3.17309	1.31602	0.46343
4217.552	3.62833	-3.12106	1.25103	0.78631
4221.549	4.29433	-3.08500	1.33468	0.10573
4225.546	3.67215	-2.86447	1.46911	0.37395
4229.544	2.38999	-2.50764	1.51243	0.10165
4233.592	2.73771	-2.85208	1.46576	0.06573
4237.550	0.89542	-2.27905	1.25714	0.16610
4241.545	2.52389	-2.32647	1.34562	0.06924
4245.550	3.24187	-2.75972	1.24771	0.36350
4249.549	3.20620	-2.95823	1.21097	0.33601
4253.545	7.38151	-3.05073	1.21772	0.53792
4257.544	3.73757	-3.22156	1.33860	0.52182
4261.547	3.48627	-3.04826	1.39815	1.03723
4265.546	2.82261	-3.17400	1.43721	1.69351
4269.543	2.26564	-2.91713	1.27423	1.26977
4273.550	3.34158	-3.15851	1.32151	1.25787
4277.552	3.47248	-4.09507	1.25535	0.94753
4281.547	5.59922	-5.40456	1.33604	0.75387
4285.546	3.58722	-3.71216	1.44827	1.41529
4289.549	2.76616	-3.17534	1.69572	1.94258
4293.547	1.65515	-3.10736	1.70854	1.57121
4297.553	2.99284	-2.73829	1.61607	1.65848
4301.546	2.86675	-2.89806	1.65805	1.50056
4305.545	1.01625	-5.35872	1.65292	1.52452
4309.542	-1.58217	-4.24428	1.72694	1.36294
4313.549	2.18885	-1.63217	1.21688	1.14893
4317.551	-0.30813	-1.16574	-2.68133	0.05806
4321.547	0.71980	-5.68371	-2.56691	0.95780
4325.545	1.40795	-6.13276	-3.55768	0.09253
4329.575	-0.38720	-6.19159	-6.45199	-1.00127
4333.556	-4.29485	-5.26379	-7.95348	-2.50212
4337.544	-8.21857	-2.72401	-7.89634	-1.27748
4341.549	-7.98194	-2.49055	-7.91687	-2.42368
4345.546	-8.12673	-2.61902	-7.77685	-1.93452
4349.591	-9.22308	-2.99076	-8.34691	-1.78981
4353.550	-9.58586	-3.26544	-6.31311	-1.89309
4357.549	-8.57275	-3.16415	-4.31084	-1.31771
4361.552	-8.52668	-3.65780	-7.80594	-2.13283
4365.541	-8.65162	-4.20853	-8.12337	-1.98444
4369.546	-9.57631	-4.90208	-7.85543	-2.32056
4373.543	-8.14959	-5.12876	-7.73387	-2.15208
4377.543	-9.08905	-4.52991	-7.93810	-2.20989
4381.538	-8.94958	-4.25888	-8.08088	-2.36317
4385.548	-8.41024	-3.70327	-7.96397	-2.43996
4389.545	-8.58172	-3.91351	-8.36334	-3.06196
4393.541	-9.03469	-3.79748	-8.47532	-3.15295
4397.548	-8.60264	-3.63813	-8.17208	-2.35269
4401.550	-7.76684	-3.41691	-8.64813	-3.39560
4405.551	-8.26283	-4.74658	-8.51544	-2.70237
4409.547	-8.75112	-4.39580	-8.48202	-2.70445
4413.546	-7.33186	-4.59006	-8.58468	-3.48944
4417.543	-7.81700	-4.51500	-8.97552	-3.16305
4421.550	-8.90587	-3.82070	-8.85676	-2.69237
4425.548	-7.79062	-4.26590	-8.98528	-3.90133
4429.543	-8.50345	-3.76186	-9.22235	-3.41578
4433.544	-8.42270	-3.83724	-8.63626	-2.36425
4437.541	-7.91994	-3.57215	-8.96099	-3.34743
4441.550	-7.66746	-3.04831	-9.13773	-3.13623
4445.543	-8.54632	-3.46022	-9.10656	-2.33536
4449.543	-8.49115	-3.51821	-9.19880	-3.67329
4453.538	-7.45870	-3.73533	-9.14203	-3.17890
4457.545	-7.72822	-4.17592	-9.24155	-2.52612
4461.540	-8.27319	-4.25880	-7.30432	-2.11407
4465.538	-7.76864	-4.19154	-8.74059	-2.50302
4469.546	-8.40609	-4.49972	-9.44573	-1.97370
4473.541	-8.31333	-4.16612	-8.70759	-1.60358
4477.543	-7.74749	-5.00614	-8.59007	-1.67761
4481.551	-8.32665	-5.59441	-8.72995	-1.65975
4492.322	-7.47717	-4.64057	-8.83694	-2.66287
4496.070	-7.71316	-4.21410	-9.49608	-3.37967
4498.785	-7.95093	-3.73335	-8.36086	-1.42530
4501.563	-7.48697	-4.85774	-8.86776	-0.65392
4505.541	-2.62846	-5.21014	-8.15757	-1.47052
4509.545	-8.82691	-5.03172	-8.11753	-1.89807
4513.544	-7.00560	-3.09917	-8.50617	-1.91576
4517.542	-13.20477	-6.26229	-8.32339	-2.21575
4521.540	-8.31241	-4.61897	-8.73106	-2.30959
4525.550	-3.27324	-4.23568	-8.35078	0.00951
4529.543	-7.33152	-4.43764	-7.89369	-1.27699
4533.542	-7.73185	-4.28305	-8.29834	-0.73628
4537.538	-6.80401	-3.74555	-8.50020	-1.27208
4541.544	-6.82858	-4.52603	-8.06292	-1.90769
4545.547	-7.57927	-4.73057	-8.39258	-2.49419
4549.545	-7.05027	-4.28942	-7.84822	-2.42737
4553.543	-6.96766	-4.42795	-7.86461	-2.22257
4557.542	-7.27081	-4.58505	-8.91929	-0.63704
4561.542	-7.10179	-4.28286	-8.13254	-0.11050
4565.569	-6.60402	-3.39839	-7.63421	-1.97635
4569.550	-6.25139	-4.08802	-7.93832	-0.93100
4573.539	-6.90549	-4.25593	-8.05716	-1.75752
4577.544	-6.94880	-4.20991	-7.68691	-1.76824
4581.540	-9.30667	-6.69554	-7.79493	-1.99532
4585.539	-6.48384	-3.88526	-7.99304	-2.56031
4589.537	-7.37399	-4.00586	-7.70163	-1.90276
4593.546	-7.38139	-5.46574	-8.24504	-1.29115
4597.540	-6.15441	-3.55127	-7.15997	-1.38593
4601.542	-6.45968	-3.40668	-7.86449	-0.81496
4605.536	-6.70714	-3.03114	-7.29760	-1.58980
4609.553	-7.45638	-2.63759	-7.64447	0.15004
4613.546	-7.36952	-3.02093	-7.94192	-0.71808
4617.539	-6.28209	-2.38732	-7.87569	-1.43231
4621.543	-6.03650	-2.45330	-8.46233	-1.27053
4625.542	-5.94177	-2.23361	-7.96225	-1.29899
4629.539	-9.22591	-5.63688	-8.25647	-0.78791
4633.539	-7.09590	-3.81669	-6.97362	-0.63005
4637.540	-7.15784	-3.10385	-8.03896	0.44851
4641.539	-7.09367	-3.33675	-8.29640	1.46605
4645.536	-5.59605	-2.66980	-8.12527	0.34879
4649.547	-5.59317	-2.94850	-7.18147	-0.17290
4653.540	-5.99161	-3.17179	-7.83658	-0.31436
4657.541	-1.03211	-5.10317	-8.20282	-0.39349
4661.537	-6.05793	-2.87669	-8.37616	-0.06943
4665.541	-6.95783	-3.38882	-8.25506	-0.25196
4669.537	-0.94247	-6.82044	-8.30478	-0.23964
4673.547	-7.02707	-6.57608	-8.41048	-0.81597
4677.540	-7.07329	-3.40954	-8.49828	-0.80863
4681.539	-6.12531	-3.25115	-8.34662	-0.90697
4685.540	-5.89714	-2.91503	-8.39829	-0.66874
4689.542	-5.73600	-1.81483	-7.57003	-0.57394
4693.544	-5.94794	-2.15328	-7.94129	-0.65647
4697.540	-6.70991	-3.84426	-8.19722	-0.79821
4701.563	-6.13046	-2.03792	-8.17400	-0.53804
4705.541	-7.62226	-3.27512	-8.29698	-0.47884
4709.534	-8.95586	-3.15323	-8.26830	-0.42438
4713.540	-6.20609	-3.69590	-8.24956	-0.12640
4717.536	-2.55599	-4.80775	-6.68017	-0.15887
4721.541	-5.75799	-2.90133	-6.20801	-0.59550
4725.534	-5.12506	-3.23433	-6.19569	-0.18498
4729.541	-3.17455	-2.99736	-6.06333	-0.25088
4733.545	-5.77406	-2.71311	-7.89561	-0.51296
4737.535	-5.07661	-1.68162	-7.77074	-0.14738
4741.541	-5.05772	-0.98089	-7.89968	-0.11509
4745.540	-8.33095	-2.75974	-7.82433	-0.05770
4749.536	-6.63950	-5.27010	-7.39657	-0.38496
4753.541	-5.06461	-1.95783	-7.31945	-0.37164
4757.542	-5.35168	-0.82725	-7.72154	-0.51243
4761.571	-2.57025	-2.88040	-8.10525	-0.05759
4765.534	-6.31326	-2.40639	-9.17379	0.66631
4769.540	-9.61602	-2.68468	-10.05337	0.75104
4773.550	-2.31946	-5.00222	-10.07637	2.24255
4777.541	-2.98067	-3.07969	-9.73641	0.05305
4781.535	-7.52293	-2.74412	-8.66178	-0.10015
4785.543	-8.74721	-4.71841	-9.54271	0.33819
4789.537	-5.04117	-4.14522	-9.67439	0.53110
4793.534	-8.36567	-3.06010	-9.96559	0.26870
4797.541	-8.27192	-3.02096	-9.65464	0.04027
4801.538	-8.34924	-3.03544	-9.69520	0.53883
4805.535	-7.95419	-4.77305	-9.80007	0.35118
4809.534	-7.72639	-2.77674	-9.79992	1.21915
4813.538	-7.68515	-2.72851	-9.06736	0.90373
4817.541	-8.12782	-4.64739	-9.45240	1.65751
4821.540	-8.01676	-3.44736	-9.45459	0.88142
4825.532	-9.05015	-4.07551	-9.79978	1.33526
4829.539	-8.67032	-3.33738	-9.83351	0.10778
4833.538	-7.58556	-1.20601	-9.77859	-0.91842
4837.537	-8.36756	-2.57972	-9.57973	-0.15743
4841.539	-7.38761	-1.49947	-9.44211	-0.21439
4845.536	-7.45865	-1.34922	-9.00520	0.17347
4849.533	-7.60102	-1.72201	-8.87110	0.11591
4853.538	-8.63568	-1.87319	-9.79554	0.92978
4857.538	-7.37741	-1.30570	-9.47761	0.64270
4861.540	-7.99301	-2.24554	-9.89458	0.75339
4865.536	-12.16951	-4.47466	-9.95986	0.97816
4869.534	-8.25316	-1.89308	-10.10769	1.05020
4873.536	-15.04651	-5.47406	-10.08712	1.48303
4877.534	-9.13240	-4.98738	-9.62912	1.71521
4881.535	-8.21728	-2.09937	-9.54097	0.34785
4885.534	-8.36989	-5.09455	-9.90200	0.38740
4889.538	-7.01944	-3.89608	-10.01532	0.52909
4893.538	-7.82635	-1.88821	-9.56422	1.13489
4897.537	-6.77487	-1.61033	-10.00897	0.32402
4901.535	-9.06666	-2.28687	-10.12337	-0.38814
4905.540	-7.50244	-1.70724	-10.03140	-0.22918
4909.541	-7.09707	-1.43467	-9.97057	-0.63094
4913.537	-6.87301	-1.25728	-9.94996	-0.07472
4917.534	-6.67165	-1.19152	-9.74588	-0.20606
4921.542	-6.32944	-0.76356	-9.54771	-0.84364
4925.534	-6.12494	-0.64829	-9.59402	-0.35787
4929.535	0.08172	-4.91958	-9.40023	-0.14033
4933.534	-0.17199	-4.63038	-9.39426	-0.34084
4937.538	-7.29963	-0.96403	-9.21191	-0.24276
4941.539	-7.24578	-0.92435	-9.18748	-0.22298
4945.536	-5.97757	-2.38269	-9.56718	-0.10612
4949.533	-5.99738	-0.63453	-9.55700	0.18876
4953.539	-5.51592	-0.41412	-9.62294	0.17461
4957.534	-9.13722	-0.34663	-9.56098	0.44366
4961.536	-9.23282	0.23080	-9.63059	0.43735
4965.537	-9.30718	0.51473	-9.75008	0.64382
4969.532	-9.24653	0.87547	-9.70827	0.64079
4973.536	-6.31706	-0.42352	-9.78091	1.43350
4977.535	-9.24259	1.15519	-9.82893	1.58861
4981.544	-12.69346	1.24409	-9.77447	1.55449
4985.543	-12.52478	1.55753	-9.53349	-1.14234
4989.530	-13.17614	0.17094	-9.76223	-1.35418
4993.536	-12.45483	-0.74468	-9.69053	-0.93691
4997.532	-12.39189	-1.15190	-9.67690	-0.56443
5001.407	-12.04566	-0.80928	-9.62803	0.02935
5005.404	-12.45542	0.14913	-9.61424	0.70207
5009.409	-12.57141	0.74151	-9.43747	1.32103
5013.408	-7.18193	-0.04135	-9.66566	2.17076
5017.409	-8.05599	-1.63562	-9.62784	-0.89902
5021.411	-8.03370	-1.53173	-10.16052	0.00607
5025.408	-8.04903	-0.07932	-10.36598	0.40869
5029.413	-8.54957	-0.66108	-10.68811	1.61597
5033.406	-8.27844	-0.81841	-10.41659	0.54325
5037.411	-8.38712	-3.45587	-10.75948	-0.02265
5041.435	-8.53520	-0.92451	-10.46477	0.92462
5045.414	-8.38852	-3.48696	-10.58164	1.15864
5049.406	-8.77402	-0.75510	-10.47720	1.92823
5053.406	-8.76447	-0.77361	-10.57342	-0.18933
5057.410	-8.81714	-1.21107	-10.85392	-0.51790
5061.408	-8.99024	-0.91931	-10.93882	0.62726
5065.404	-9.26669	-0.86471	-10.78693	1.39220
5069.410	-9.11527	-1.41964	-10.82191	1.99127
5073.415	-9.07346	-1.25584	-10.64921	-1.34404
5077.407	-8.39321	-1.50612	-10.43527	-0.08309
5081.406	-7.64057	-2.23196	-11.07195	0.83245
5085.405	-3.09216	-2.86421	-10.55080	1.81379
5089.411	-9.60562	-1.18412	-10.77814	2.18266
5093.408	-3.13615	-5.88233	-11.19870	0.72990
5097.408	-9.15843	-1.77261	-10.80280	0.22178
5101.404	-9.72759	-3.92331	-10.67991	-0.32257
5105.410	-9.52299	-1.67948	-10.58150	0.35667
5109.415	-9.67813	-1.22581	-10.43299	0.55701
5113.414	-9.99282	-1.85158	-10.33973	1.59564
5117.404	-10.12931	-2.26594	-10.51016	2.07405
5121.403	-10.36665	-1.51287	-10.02706	0.14346
5125.410	-10.30610	-1.67257	-10.39064	-0.53621
5129.407	-10.58018	-1.62023	-10.49085	-0.07518
5133.407	-13.62655	-2.56535	-10.53982	0.16781
5137.405	-8.91418	-1.80280	-10.37702	0.18303
5141.409	-9.73725	-1.60405	-10.51134	1.70332
5145.407	-9.76442	-1.88545	-10.52765	1.98134
5149.407	-14.12207	-7.24453	-10.57090	2.04293
5153.409	-15.86491	-6.97672	-9.42487	0.10899
5157.413	-10.75397	-1.84001	-10.66625	-0.29206
5161.407	-10.19695	-1.83272	-10.48756	-0.25717
5165.403	-10.26297	-1.69256	-10.42965	-0.27960
5169.409	-9.17454	0.66617	-10.44348	0.60344
5173.411	NaN	NaN	-10.59030	0.78339
5177.407	-11.18845	0.81808	-10.39431	1.26153
5181.408	-14.63941	0.02407	-10.75440	1.11259
5185.407	-14.68127	0.04829	-10.86416	1.34065
5189.404	-13.99716	0.51071	-11.11595	1.44139
5193.409	-12.75925	0.80847	-10.76343	0.96684
5197.443	-16.14444	-1.90361	-11.05503	1.93799
5201.410	-14.41652	0.80202	-11.26448	1.00825
5205.401	-14.76115	0.62163	-11.41182	0.77300
5209.408	-14.67191	0.50230	-11.07161	0.75919
5213.405	-18.08504	-2.17789	-11.03100	0.27680
5217.406	-18.15960	-2.23605	-10.79193	-0.74128
5221.401	-18.02869	-2.59155	-11.08846	0.36073
5225.407	-14.68134	-0.26115	-10.90916	0.00583
5229.406	-14.63421	-0.07737	-10.73567	-0.78511
5233.406	-14.52240	-0.27021	-10.60253	-0.29869
5237.412	-15.98303	-1.56644	-10.54579	-0.15828
5241.409	-14.96212	-1.08224	-10.60392	-0.48614
5245.406	-14.99716	-6.27477	-10.48380	-0.33250
5249.407	-14.41075	-5.67853	-10.33613	-0.20459
5253.403	-10.87053	-2.23079	-10.24586	-0.40554
5257.402	-9.17914	-0.83554	-10.31158	-0.30401
5261.410	-8.72942	-0.28233	-10.64842	-0.11695
5265.403	-10.66349	-4.83608	-10.44727	0.73992
5269.403	-10.73921	-2.11885	-11.84736	0.23057
5273.407	-10.28121	-2.14614	-10.55474	0.07478
5277.405	-10.82919	-2.13961	-10.76887	1.13113
5281.412	-10.86457	-1.71809	-11.68255	1.40124
5285.402	-10.49488	-1.28679	-11.06989	1.46776
5289.408	-9.46858	-5.12859	-11.26712	0.89283
5293.404	-11.36434	-2.06176	-11.57489	0.55531
5297.409	-11.00281	-2.06594	-11.01959	0.58222
5301.407	-10.86409	-1.85567	-9.75210	0.67577
5305.402	-10.96621	-1.88170	-7.60056	0.55915
5309.404	-10.23274	-1.41315	-10.67277	0.67314
5313.440	-11.51445	-2.04061	-10.81791	0.79178
5317.411	-11.43386	-1.59510	-11.12969	0.57278
5321.406	-11.67741	-1.60514	-10.70859	0.52892
5325.406	-11.75013	-1.54492	-10.62535	0.60491
5329.404	-11.36579	-1.67808	-10.56524	0.91323
5333.401	-11.05232	-1.45820	-11.30259	0.79951
5337.403	-12.08364	-2.15468	-11.68360	1.01485
5341.401	-11.08739	-2.63834	-12.20290	1.41365
5345.407	-11.70849	-3.08595	-12.06940	1.72030
5349.404	-11.93413	-3.31325	-12.55079	0.37476
5353.403	-12.27161	-3.48045	-12.78986	0.03608
5357.400	-12.40917	-3.50917	-12.60869	-1.16107
5361.410	-12.54545	-3.15787	-12.43088	-1.50137
5365.405	-12.47993	-3.36795	-12.52360	-1.19851
5369.407	-12.42382	-3.40227	-12.28848	-1.05370
5373.402	-12.43563	-3.17551	-12.37527	-1.19463
5377.402	-12.49767	-3.12778	-12.29813	-0.96284
5381.433	-12.40687	-2.70169	-12.28249	-1.07528
5385.411	-12.37633	-2.88218	-12.13906	-1.07324
5389.401	-12.58803	-2.93602	-12.12068	-1.23158
5393.404	-12.69594	-2.75862	-12.14286	-0.99320
5397.403	-12.53885	-2.80300	-12.03833	-0.87310
5401.399	-12.35308	-2.78350	-12.04372	-1.06563
5405.412	-12.33283	-3.03914	-11.97842	-1.09862
5409.405	-12.30732	-2.99125	-11.96111	-1.15679
5413.400	-12.41388	-3.03394	-11.96149	-1.16050
5417.401	-12.35884	-3.33084	-11.99740	-1.02698
5421.404	-12.25265	-3.29631	-11.99419	-0.87179
5425.400	-12.34098	-3.59320	-12.04495	-0.17889
5429.400	-12.39594	-2.63949	-12.03740	0.06134
5433.401	-12.33532	-2.16219	-12.01331	-0.24468
5437.398	-12.29114	-1.27287	-12.10654	0.14862
5441.398	-12.50782	-1.54628	-12.16430	0.29645
5445.408	-12.52842	-1.13057	-12.35389	0.94509
5449.432	-12.76822	-1.30956	-12.58477	0.87526
5453.408	-12.56857	-1.36942	-12.99647	0.81117
5457.399	-12.80424	-1.67703	-13.33661	0.85082
5461.404	-12.68475	-1.74951	-13.00770	1.09529
5465.399	-12.79970	-3.14014	-13.04092	1.22398
5469.398	-12.74777	-3.12703	-13.24170	0.99782
5473.403	-12.45797	-3.50539	-13.13783	1.01145
5477.402	-12.76515	-3.54500	-12.77256	0.93853
5481.400	-12.89937	-3.74269	-12.13652	1.19884
5485.428	-12.80011	-3.86503	-12.05179	1.19866
5489.416	-12.72636	-3.76205	-12.76860	1.15291
5493.401	-12.69760	-3.77595	-12.87223	1.17994
5497.403	-12.74813	-3.66427	-12.66634	1.23649
5501.403	-12.68716	-3.82507	-12.86183	1.40377
5505.399	-12.71425	-3.77618	-13.06212	1.35604
5509.398	-12.88593	-3.85552	-13.79061	1.25577
5513.403	-12.98563	-3.94588	-13.41432	1.35433
5517.408	-13.07128	-3.93994	-12.85074	1.38490
5521.400	-12.95214	-3.53098	-12.92613	1.48819
5525.402	-12.68609	-2.98901	-12.80799	1.31478
5529.408	-12.74827	-3.04699	-12.68678	1.49746
5533.401	-12.91458	-3.23876	-13.00287	1.30567
5537.395	-12.61883	-2.98418	-12.48982	1.32941
5541.402	-12.57522	-2.53558	-12.33226	1.43032
5545.401	-12.66389	-2.55239	-12.26396	1.10038
5549.404	-12.47962	-2.65007	-11.87822	0.96911
5553.403	-12.66476	-2.64354	-12.11166	0.76120
5557.400	-12.69360	-2.55139	-12.25344	0.76045
5561.398	-12.52757	-2.49862	-12.10172	0.70394
5565.402	-12.65666	-2.55519	-12.09337	0.71463
5569.405	-12.80183	-2.58636	-12.08779	0.63212
5573.402	-12.90895	-2.57085	-12.27168	0.58752
5577.396	-12.93726	-2.50288	-12.18974	0.60771
5581.403	-12.81150	-2.51298	-12.34053	0.57695
5585.433	-12.92833	-2.55071	-12.53644	0.54617
5589.410	-12.94775	-2.63925	-12.37103	0.50109
5593.400	-13.05190	-2.63407	-12.43994	0.44927
5597.412	-13.02700	-2.48064	-12.69008	0.46539
5601.406	-12.99331	-2.53308	-12.52714	0.34882
5605.398	-13.04643	-2.59161	-12.94808	0.46339
5609.403	-12.96420	-2.48840	-12.66315	0.44968
5613.434	-13.01965	-2.27905	-12.75023	0.49931
5617.400	-12.97514	-2.38237	-12.42924	0.40423
5621.394	-12.91291	-2.34389	-12.62388	0.37284
5625.402	-12.98145	-2.41567	-12.60923	0.25760
5629.398	-12.95176	-2.22626	-12.54292	0.31533
5633.397	-12.92526	-2.16004	-12.44072	0.19272
5637.395	-12.81410	-1.99783	-12.38341	0.30368
5641.401	-12.78764	-1.89696	-12.18457	0.29487
5645.398	-12.68574	-1.63593	-12.16069	0.26237
5649.398	-12.65044	-1.70408	-11.99607	0.31447
5653.401	-12.47766	-1.36255	-12.17471	0.49714
5657.401	-12.51880	-1.39713	-12.16221	0.83952
5661.399	-12.34754	-1.25207	-12.08701	-2.89278
5665.396	-12.30969	-1.29435	-12.12601	-2.10919
5669.401	-12.51936	-1.52219	-12.41230	0.40006
5673.395	-12.41738	-1.47436	-12.08736	0.02109
5677.395	-12.29955	-1.19905	-12.22767	-1.62276
5681.400	-12.17760	-1.32398	-11.81020	-1.23861
5685.398	-12.21923	-1.47921	-12.17881	-0.78073
5689.395	-10.61310	2.19638	-11.61673	-0.90922
5693.395	-12.19164	-1.30583	-8.49068	-2.84608
5697.404	-11.32419	-1.36686	-8.59757	-3.08190
5701.397	-11.56645	-1.48104	-8.51256	-3.03426
5705.397	-12.28273	-3.18405	-8.43812	-2.59990
5709.394	-11.35666	-1.31864	-10.44501	-0.06398
5713.400	-10.81432	-1.19964	-9.52683	-2.82854
5717.397	-10.48464	-0.92696	-8.32833	-2.23442
5721.419	-11.29725	-1.23861	-7.97614	-2.05432
5725.402	-12.00899	-1.22845	-9.56856	-2.66427
5729.396	-11.62537	-1.23640	-9.77305	-2.55860
5733.402	-11.70107	-1.16151	-8.67156	-2.84297
5737.402	-11.44964	-1.27405	-9.45549	-2.72233
5741.394	-11.82219	-1.39241	-9.55804	2.01782
5745.395	-11.78578	-1.40025	-11.49026	-0.32586
5749.399	-11.55678	-1.33408	-11.55099	-0.69054
5753.398	-11.70890	-1.62135	-11.62613	-0.72131
5757.395	-11.63151	-1.72250	-11.28515	-0.64774
5761.393	-11.65306	-2.05776	-11.43014	-0.61809
5765.396	-11.64466	-1.96632	-11.33077	-0.28226
5769.395	-11.48265	-1.69982	-11.42723	-0.19181
5773.392	-11.48158	-2.04766	-11.38831	-0.25558
5777.399	-11.39241	-2.39619	-11.48854	-0.73298
5781.400	-11.51449	-2.72334	-11.13793	-0.86013
5785.394	-11.42592	-2.48378	-11.32495	-0.85937
5789.399	-11.34304	-1.96648	-11.25400	-1.26097
5793.398	-11.29811	-2.42564	-11.10142	-0.84417
5797.396	-11.33881	-2.41693	-11.17675	0.04044
5801.401	-11.36389	-2.10043	-11.05266	0.11360
5805.395	-11.39420	-1.84344	-11.16903	0.20100
5809.397	-11.28954	-1.39092	-11.07561	0.10050
5813.394	-11.40758	-1.74295	-11.14395	0.15150
5817.400	-11.77976	-1.89507	-11.24208	0.18101
5821.400	-11.69900	-1.78697	-10.94619	0.13326
5825.401	-12.01606	-2.12161	-11.05120	-0.27617
5829.391	-11.86469	-2.15805	-11.10259	-0.52107
5833.402	-12.04013	-2.31065	-11.12519	0.00888
5837.396	-12.02504	-2.19131	-11.20462	-0.31644
5841.452	-12.31208	-2.33664	-11.16984	-0.31511
5845.398	-12.33049	-2.28437	-11.30624	-0.38916
5849.396	-11.91985	-1.88550	-11.05928	-0.09977
5853.394	-12.53462	-1.64429	-11.05866	0.14994
5857.415	-12.83177	0.53083	-11.01280	0.67993
5861.273	-11.28028	0.73995	-19.57366	3.31418
5865.264	-14.83671	5.47027	-19.80543	-12.09138
5869.280	-14.05908	5.47453	-19.87287	-12.08639
5873.266	NaN	NaN	-19.90520	-12.08400
5877.267	NaN	NaN	-19.92430	-12.08258
5881.272	NaN	NaN	-19.93700	-12.08164
5885.271	NaN	NaN	-19.94613	-12.08096
5889.268	NaN	NaN	-19.95301	-12.08045
5893.266	NaN	NaN	-19.95843	-12.08005
5897.271	NaN	NaN	-19.96284	-12.07972
5901.275	NaN	NaN	-19.96650	-12.07945
5905.271	NaN	NaN	NaN	NaN
5909.273	NaN	NaN	NaN	NaN
5913.267	NaN	NaN	NaN	NaN
5917.272	NaN	NaN	NaN	NaN
5921.270	NaN	NaN	NaN	NaN
5925.542	NaN	NaN	NaN	NaN
5929.276	NaN	NaN	NaN	NaN
5933.270	NaN	NaN	NaN	NaN
5937.274	NaN	NaN	NaN	NaN
5941.274	NaN	NaN	NaN	NaN
5945.270	NaN	NaN	NaN	NaN
5949.275	NaN	NaN	NaN	NaN
5953.272	NaN	NaN	NaN	NaN
5957.293	NaN	NaN	NaN	NaN
5961.276	NaN	NaN	NaN	NaN
5965.274	NaN	NaN	NaN	NaN
5969.276	NaN	NaN	NaN	NaN
5973.271	NaN	NaN	NaN	NaN
5977.269	NaN	NaN	NaN	NaN
5981.272	NaN	NaN	NaN	NaN
5985.272	NaN	NaN	NaN	NaN
5989.270	NaN	NaN	NaN	NaN
5993.772	NaN	NaN	NaN	NaN
5997.421	NaN	NaN	NaN	NaN
6001.280	NaN	NaN	NaN	NaN
6005.273	NaN	NaN	NaN	NaN
6009.270	NaN	NaN	NaN	NaN
6013.266	NaN	NaN	NaN	NaN
6017.294	NaN	NaN	NaN	NaN
6021.278	NaN	NaN	NaN	NaN
6025.273	NaN	NaN	NaN	NaN
6029.279	NaN	NaN	NaN	NaN
6033.284	NaN	NaN	NaN	NaN
6037.293	NaN	NaN	NaN	NaN
6041.277	NaN	NaN	NaN	NaN
6045.276	NaN	NaN	NaN	NaN
6049.269	NaN	NaN	NaN	NaN
6053.269	NaN	NaN	NaN	NaN
6057.292	NaN	NaN	NaN	NaN
6061.277	NaN	NaN	NaN	NaN
6065.265	NaN	NaN	NaN	NaN
6069.260	NaN	NaN	NaN	NaN
6073.266	23.58036	9.68900	NaN	NaN
6077.272	NaN	NaN	NaN	NaN
6081.266	NaN	NaN	NaN	NaN
6085.263	3.58168	-0.27710	NaN	NaN
6089.268	17.89574	-8.88540	NaN	NaN
6093.265	7.86113	-3.70181	17.32086	5.45470
6097.266	10.11825	-4.98377	NaN	NaN
6101.263	9.60415	-4.93636	20.02933	4.22523
6105.267	9.07414	-6.64151	20.94613	4.34691
6109.263	7.62150	-5.94364	12.02691	3.73986
6113.265	9.83065	-5.60000	22.57261	3.96199
6117.272	15.00980	-5.36931	11.62637	-2.22338
6121.284	13.94684	-5.43778	12.13738	-1.62022
6125.262	15.61085	-7.38746	-0.92148	-8.63043
6129.265	12.71658	-6.64814	-0.62980	-6.00784
6133.267	9.88034	-5.69732	-0.88872	-6.65892
6137.262	9.43878	-3.20175	-0.95105	-5.53182
6141.262	11.05825	-5.30353	-0.87600	-5.34682
6145.268	12.82382	-5.37141	1.96392	-3.85258
6149.265	11.73626	-5.73363	3.78548	-4.58144
6153.263	13.29953	-7.13688	3.67783	-3.78621
6157.271	11.15126	-6.04123	4.46544	-4.13835
6161.270	11.10713	-3.54692	4.31134	-3.92479
6165.264	9.34502	-2.84693	10.42718	-3.64126
6169.267	10.55186	-4.68834	8.06231	-3.40746
6173.265	10.93978	-5.12585	7.79144	-3.30137
6177.262	8.95012	-4.34794	8.09961	-3.22310
6181.266	8.78648	-4.83780	8.36044	-2.94126
6185.267	7.53879	-5.28267	8.93212	-2.73895
6189.262	8.74653	-5.63451	8.38670	-2.73965
6193.260	8.42595	-5.15478	8.86510	-2.90401
6197.295	9.59387	-4.48736	8.08582	-2.70867
6201.274	8.75592	-4.86965	8.10759	-2.33126
6205.269	1.61342	-5.00502	7.94808	-2.83137
6209.265	5.81017	-4.65773	7.83790	-2.68975
6213.262	8.17062	-4.41561	7.57586	-2.52610
6217.260	4.39476	-5.27072	8.19209	-2.74785
6221.266	8.99598	-5.61666	11.82314	-1.54478
6225.264	5.04543	-5.20500	13.12860	2.94490
6229.264	10.94428	-5.74116	11.69160	2.95185
6233.263	9.44742	-5.34439	11.54292	3.00400
6237.269	9.70543	-4.79404	12.31841	2.39952
6241.266	7.98552	-4.58484	8.43207	-4.41923
6245.261	4.54197	-5.89836	7.76620	-3.29195
6249.271	6.25512	-4.08718	7.75487	-4.20514
6253.265	9.31574	-5.32083	8.35114	-4.22138
6257.261	9.23976	-4.29520	7.73019	-3.75367
6261.261	8.61055	-3.97334	8.50940	-4.30145
6265.305	8.58493	-4.58592	7.83422	-4.77209
6269.276	7.93627	-4.98966	7.90387	-4.40764
6273.263	9.37252	-6.99608	7.75914	-4.45579
6277.261	4.35548	-4.66863	8.07171	-4.48008
6281.309	9.14087	-4.93048	7.62565	-4.48999
6285.274	6.74765	-4.71035	7.84859	-4.10814
6289.262	10.83541	-6.03412	7.76160	-4.60844
6293.259	9.41914	-5.49135	8.03448	-4.55299
6297.271	12.01483	-6.37127	7.30366	-4.24976
6301.263	9.20951	-4.78319	7.88156	-4.36023
6305.260	9.45877	-3.12149	7.16334	-4.15313
6309.259	10.25084	-4.69821	8.07518	-3.94878
6313.264	9.32502	-3.09651	8.08338	-3.48484
6317.260	10.47760	-3.96607	7.60941	-2.57644
6321.260	15.55637	-7.82770	8.19696	-2.66980
6325.264	10.79025	-10.53256	7.17563	-2.34868
6329.264	10.70603	-10.83213	8.09051	-1.84546
6333.283	14.76449	-11.24026	8.27992	-1.09415
6337.265	10.66862	-10.97690	6.66939	-3.52141
6341.265	11.76747	-11.10948	7.87185	-2.61083
6345.260	14.70147	-11.42849	8.08078	-4.85740
6349.261	11.71979	-11.13869	7.20338	-4.11752
6353.259	17.55655	-10.70670	7.47741	-3.47133
6357.264	10.70481	-4.44399	7.71040	-4.10314
6361.261	9.36945	-4.45325	7.93683	-4.38960
6365.268	9.86295	-4.40314	7.40833	-4.21670
6369.265	10.00670	-4.57908	7.34824	-3.99876
6373.259	15.37324	-6.62552	7.52488	-3.94482
6377.258	10.59560	-4.55739	7.43432	-3.95674
6381.262	10.56327	-4.38109	7.76747	-3.97125
6385.261	9.41260	-4.38397	7.85309	-4.20673
6389.260	8.60373	-4.21282	7.54064	-3.63453
6393.266	5.31155	-3.37593	7.76184	-3.67947
6397.261	8.89688	-4.09642	7.21112	-3.74629
6401.294	11.70011	-4.90990	7.37775	-3.68190
6405.269	15.85556	-8.68678	7.29597	-3.50736
6409.265	18.11906	-10.07783	7.11535	-3.65934
6413.266	8.58400	-4.90711	7.15616	-3.57812
6417.257	8.86682	-4.66065	6.97194	-3.61595
6421.262	8.59686	-4.86614	6.95567	-3.69781
6425.261	8.85003	-5.05358	6.97646	-3.56946
6429.257	8.57782	-4.90297	6.87381	-3.60132
6433.259	8.80553	-5.08730	7.09595	-3.61700
6437.262	8.70240	-5.01502	6.75820	-3.66650
6441.259	8.78714	-5.00999	6.81820	-3.59613
6445.258	8.72127	-4.77486	6.77651	-3.62375
6449.267	8.76496	-4.67608	6.86476	-3.58411
6453.260	10.07598	-5.33408	6.88639	-3.28684
6457.258	9.17486	-5.03908	7.19632	-3.37081
6461.262	10.43596	-5.34826	7.86043	-3.15434
6465.259	10.48159	-5.34866	7.82231	-2.96458
6469.792	9.12868	-5.25156	8.22103	-3.09367
6473.274	8.48525	-5.41439	8.55367	-2.89895
6477.262	11.26526	-5.98604	8.15927	-2.58385
6481.257	10.87857	-5.69721	8.27788	-2.13880
6485.286	11.12517	-5.39374	9.29790	-2.65890
6489.273	10.33879	-4.50661	8.44174	-3.22913
6493.267	10.33776	-3.65484	8.49738	-2.80691
6497.260	15.75010	-5.09386	8.57211	-2.93371
6501.256	10.58889	-6.13302	8.61200	-2.64577
6505.256	10.64547	-10.79188	8.30777	-2.72624
6509.260	10.62919	-10.67921	8.57830	-3.27736
6513.263	8.33498	-10.50991	8.55282	-2.90028
6517.256	8.67803	-10.39934	8.56753	-2.37928
6521.255	8.63777	-10.63751	8.55464	-2.61373
6525.260	11.09819	-10.47042	8.31445	-2.49712
6529.259	9.90587	-10.11421	8.83488	-3.47564
6533.262	10.03342	-9.58767	8.72268	-2.91603
6537.284	9.89682	-9.60261	9.00845	-2.75123
6541.259	9.64970	-9.52019	8.90957	-2.55575
6545.261	9.43233	-6.70702	9.30281	-2.54614
6549.259	9.40827	-7.23217	9.31177	-2.70903
6553.256	9.51022	-9.42031	9.43672	-2.59465
6557.260	9.52524	-9.61367	9.07269	-2.10240
6561.259	11.65382	-6.71019	8.90914	-2.59457
6565.255	8.27640	-4.22641	7.91064	-3.39400
6569.260	10.10838	-6.98861	6.33483	-5.32061
6573.267	8.18521	-6.38685	6.51096	-5.38444
6577.263	11.30235	-9.13955	6.28403	-5.66380
6581.251	4.66233	-6.87159	11.87484	-3.15578
6585.263	7.66363	-5.89369	6.81436	-5.78649
6589.258	9.75890	-6.69726	6.50136	-5.87548
6593.258	6.05597	-4.68943	5.92486	-5.97719
6597.254	6.27942	-5.78483	5.78769	-6.48010
6601.260	6.36273	-4.51481	5.81712	-7.17871
6605.260	5.13833	-4.49670	5.98007	-6.68231
6609.261	3.21691	-6.03494	6.10580	-6.37528
6613.258	4.38511	-6.07986	5.66002	-6.08931
6617.259	4.30011	-6.18734	5.48066	-6.09175
6621.262	5.31795	-6.28580	5.47449	-6.30719
6625.258	4.65668	-5.14146	5.46335	-6.25764
6629.258	4.90144	-6.88481	5.39010	-6.04341
6633.254	5.85170	-7.26262	5.56283	-5.92044
6637.259	6.31274	-9.72567	5.50449	-6.04070
6641.257	4.73096	-8.08418	5.42584	-6.21205
6645.254	5.61505	-9.18883	5.36912	-6.49011
6649.255	5.31320	-6.54284	5.52935	-6.08516
6653.259	6.21821	-8.33526	5.19886	-6.04211
6657.266	5.85942	-9.65419	5.22448	-5.88501
6661.257	4.54538	-8.34104	5.07894	-5.93131
6665.260	6.64623	-7.57293	5.14404	-5.85722
6669.257	5.80260	-5.77920	5.32107	-5.91582
6673.259	5.61411	-7.48162	5.29393	-5.94203
6677.258	6.37719	-8.01400	5.17393	-5.96919
6681.253	4.14850	-7.89480	5.04417	-5.94438
6685.256	5.41069	-8.10816	5.11145	-5.91225
6689.318	6.03523	-8.45525	5.14249	-6.08838
6693.261	3.36634	-7.50898	5.24764	-6.15896
6697.253	6.72643	-7.24156	5.10903	-6.43815
6701.258	6.72739	-5.36133	5.26174	-6.43912
6705.257	6.91950	-6.84945	5.19758	-6.20968
6709.128	6.20506	-6.89060	5.05141	-6.17021
6713.130	6.47176	-5.44814	5.03489	-6.08269
6717.127	6.42444	-6.92721	4.94834	-6.13887
6721.132	6.07832	-4.98784	5.04777	-6.76713
6725.131	6.21676	-6.82485	5.05548	-6.79187
6729.129	5.31504	-5.37989	5.25028	-7.05610
6733.134	4.59588	-7.76362	5.31302	-7.17672
6737.130	4.50695	-6.62865	5.23049	-7.26634
6741.130	3.28353	-8.80165	5.06518	-7.09482
6745.139	1.66390	-6.32530	5.34956	-7.35881
6749.132	3.67991	-6.18967	5.30924	-7.36746
6753.130	4.06411	-4.64087	5.26457	-7.46403
6757.127	6.10279	-6.24289	5.11285	-7.32517
6761.133	4.11715	-6.01220	5.22296	-7.25880
6765.127	4.09108	-4.28150	5.39359	-7.05186
6769.126	3.91743	-6.16769	5.22047	-7.28165
6773.132	4.01371	-6.38510	5.24570	-7.01786
6777.128	4.05947	-5.63315	5.13725	-7.02583
6781.126	6.47527	-4.30310	5.09670	-6.76511
6785.132	6.40359	-5.93481	5.03501	-6.80192
6789.133	5.41583	-5.47114	5.03504	-6.74964
6793.130	3.75786	-6.47123	4.95903	-6.83765
6797.128	3.43491	-0.13412	4.96359	-6.89007
6801.132	3.21631	-4.90025	4.84166	-6.72160
6805.126	4.99805	-5.17540	4.71967	-6.89056
6809.127	5.02780	-4.92375	4.36313	-6.81186
6813.130	4.25803	-5.26569	4.49423	-6.64308
6817.127	4.76899	-4.43922	4.60688	-6.42840
6821.126	4.97921	-6.21427	4.71506	-6.51398
6825.132	5.38801	-5.32297	4.55524	-6.58714
6829.132	6.49979	-6.30243	4.56284	-6.54750
6833.129	6.05385	-5.30880	4.40520	-6.45370
6837.128	5.33470	-4.19629	4.43192	-6.42018
6841.127	5.03250	-5.21323	4.40515	-5.97776
6845.126	4.77971	-2.61489	4.34751	-5.53838
6849.126	3.77439	-5.16382	7.16559	-6.00076
6853.131	3.80347	-3.31340	7.14797	-6.33144
6857.129	3.55441	-7.62206	7.02115	-6.28624
6861.131	5.39010	-6.45823	5.49677	-6.44393
6865.129	4.61090	-5.40904	5.04319	-6.44420
6869.125	5.17366	-3.98892	4.94228	-6.37886
6873.131	5.21503	-3.68069	5.07880	-6.42320
6877.154	4.43823	-5.75413	4.71274	-6.61174
6881.130	10.14982	-6.55643	4.80438	-6.95377
6885.131	4.88589	-6.20011	4.92600	-6.25293
6889.127	4.41312	-4.09617	4.98674	-6.23084
6893.128	3.26572	-5.73952	5.09532	-3.92618
6897.126	2.92153	-3.47147	5.59157	-5.76300
6901.129	3.73586	-5.97431	5.02297	-5.74473
6905.126	3.19731	-5.49373	4.79741	-5.48446
6909.125	4.50158	-3.79292	4.97095	-5.47809
6913.129	4.62826	-3.96259	4.92405	-5.84294
6917.171	4.06695	-3.78801	4.44995	-6.19872
6921.134	5.03762	-5.62994	4.83232	-6.31361
6925.124	3.65974	-5.78369	4.87190	-6.03668
6929.127	3.99670	-5.47057	5.17691	-6.07354
6933.127	2.47222	-5.65513	4.99509	-5.69593
6937.124	3.82445	-5.76249	5.06914	-6.14705
6941.124	4.25067	-5.14836	4.93095	-6.06261
6945.128	4.34638	-5.73794	4.62599	-5.72948
6949.126	4.48791	-5.04194	4.74291	-5.61190
6953.129	5.57136	-3.94862	4.89126	-5.64258
6957.149	4.40135	-5.85790	4.82446	-6.35126
6961.132	5.83545	-6.36768	4.75482	-6.50243
6965.124	4.52856	-3.55634	4.61805	-5.98291
6969.129	4.23873	0.11880	4.10014	-5.64101
6973.125	5.47363	-2.67250	3.55585	-6.22713
6977.127	4.31472	-8.41942	8.41014	-6.56871
6981.123	5.94207	-8.34799	6.73732	-6.80136
6985.144	5.26979	-6.26284	6.38293	-6.83148
6989.133	4.55897	-6.57391	4.41139	-7.41161
6993.124	5.78924	-6.29354	4.42511	-7.53722
6997.132	8.36972	-5.67504	4.75548	-7.22610
7001.128	7.27343	-5.92302	4.46534	-7.57798
7005.127	6.95545	-6.13388	4.45619	-7.41798
7009.123	5.91646	-5.48061	4.53440	-7.46766
7013.169	4.78144	-6.23743	4.46144	-7.34693
7017.136	4.58030	-6.75430	4.66886	-7.26703
7021.125	3.15562	-7.11679	4.57731	-7.10770
7025.129	2.09110	-5.87245	4.83314	-7.37956
7029.126	5.37094	-5.65797	5.02228	-7.24953
7033.126	4.64389	-4.62671	4.72697	-7.41954
7037.127	5.46411	-4.19835	4.76150	-7.34131
7041.127	5.74131	-5.15392	4.68856	-7.45199
7045.131	7.09394	-5.84914	4.78738	-7.42201
7049.122	5.97047	-6.88825	4.60222	-7.57357
7053.126	5.25751	-7.12322	4.53877	-7.37635
7057.122	4.24838	-7.37885	4.48446	-6.27444
7061.124	2.24946	-7.56404	4.32271	-6.86457
7065.128	4.09614	-7.94898	4.56984	-5.34306
7069.123	4.41867	-5.52217	4.63701	-5.95942
7073.121	6.23969	-8.22837	4.52609	-5.67955
7077.121	9.41359	-8.34905	4.67485	-5.25783
7081.195	7.00937	-5.96674	4.67729	-5.49287
7085.130	5.62453	-2.74416	4.77232	-6.10497
7089.125	3.68863	-6.03462	4.48877	-5.67876
7093.123	5.65776	-5.49623	4.62219	-6.68189
7097.121	7.01172	-5.70196	4.83812	-7.04176
7101.128	3.79803	-5.58893	5.09522	-7.38625
7105.123	4.23350	-8.12121	5.11090	-7.09820
7109.125	3.71901	-7.56479	5.02122	-7.30576
7113.128	6.07081	-5.35233	5.15768	-7.07258
7117.124	4.13041	-4.69409	4.77636	-7.33141
7121.131	3.28981	-3.18138	4.69403	-7.44134
7125.120	5.25845	-5.91581	4.55211	-7.45367
7129.150	3.35921	-8.13380	4.50246	-7.29396
7133.122	4.10789	-10.13453	4.96590	-7.35262
7137.120	4.64569	-7.13285	5.38988	-7.56057
7141.120	7.16669	-7.42212	4.98561	-7.33138
7145.127	5.81629	-5.85486	4.58535	-7.37091
7149.125	4.27908	-6.20406	4.41146	-7.30219
7153.126	2.71716	-6.25103	4.43118	-7.30390
7157.120	2.38090	-4.53956	4.27370	-7.33010
