time (ms)	lx (deg)	ly (deg)	rx (deg)	ry (deg)
0.000	-9.48688	0.08622	-9.53209	-0.38888
3.997	-9.37895	0.48810	-9.56332	-0.49185
8.007	-8.92011	0.24541	-9.59486	-0.43896
12.000	-9.54235	0.52781	-9.69781	-0.57611
16.001	-9.40506	0.16928	-9.51281	-0.10229
19.999	-9.45443	0.30830	-9.46191	-0.24719
23.996	-9.45612	0.37735	-9.55480	-0.19182
28.002	-9.49330	0.45782	-9.58111	2.54414
31.998	-9.57725	0.34154	-9.36945	2.54324
35.998	-9.50271	0.29270	-9.44206	2.11469
39.996	-9.62741	0.55060	-9.57018	2.25745
44.000	-9.51848	0.45156	-9.49847	1.98087
48.028	-9.42446	0.36148	-9.63308	0.55106
52.009	-9.51254	0.59823	-9.67772	0.62182
55.998	-9.47056	0.65778	-9.40900	0.76413
59.998	-9.35812	0.63108	-9.51775	0.75156
63.995	-9.38914	0.59514	-9.60164	1.11338
68.002	-9.15979	0.63703	-9.44798	1.12285
71.998	-9.27216	0.56561	-8.90773	1.32698
75.999	-9.16105	0.55706	-5.71367	1.34308
79.995	-7.28354	0.81604	-5.36725	2.10289
84.000	-8.89441	0.62758	-2.85561	1.87252
87.999	-3.62823	1.05618	-2.66610	1.11046
92.000	-3.30235	1.02230	0.60012	0.77647
96.001	-2.45562	1.02683	0.60992	1.31171
99.996	-0.33541	0.65623	0.42083	1.20232
103.995	-1.95822	0.82930	-0.86637	0.93759
107.993	-1.71737	0.98875	-1.53523	1.17381
112.004	-2.31202	0.79428	-1.99458	0.99855
116.001	-1.56975	0.35016	-1.55973	1.65063
120.000	-1.04391	-0.80709	-1.64873	1.16396
124.016	-1.17959	-0.67073	-1.91764	0.99175
128.001	-1.06061	-0.66961	-0.18730	1.25661
132.029	-1.31024	0.21534	-0.25795	1.37378
135.996	-1.03248	-0.88084	-0.21445	1.28850
139.998	-0.90547	-1.00728	-1.58135	1.65099
143.999	-1.25136	-0.64860	-1.33495	1.63930
147.999	-1.24826	-0.54025	-0.83193	1.71536
151.995	-1.31821	-0.62280	-1.52595	1.84579
155.997	-1.17446	-0.73986	-1.32237	1.84722
159.992	-1.07887	-0.74778	-1.40889	1.81867
163.994	-1.24357	-0.76518	-0.99400	1.86732
167.995	-1.30156	-0.84996	-1.21685	1.90775
172.016	-0.98206	-0.96849	-1.16704	1.97506
176.003	-1.31280	-0.85721	-1.30446	2.02084
179.997	-1.29070	-0.85674	-1.44336	2.11100
183.996	-1.16716	-0.89943	-1.54768	2.18216
188.000	-1.37781	-0.78391	-1.64290	2.27006
191.995	-1.27006	-0.91412	-1.61305	2.34739
195.996	-1.53076	-0.93428	-1.48972	2.33099
199.994	-1.46055	-1.04629	-1.47454	2.32364
203.998	-1.56079	-1.13710	-1.55492	2.39425
207.870	-1.71434	-0.87401	-1.42682	2.44220
211.871	-1.61116	-0.98761	-1.47260	2.41582
215.867	-1.43133	-1.27914	-1.56290	2.44101
219.877	-1.54859	-0.92248	-1.43161	2.49580
223.869	-1.68282	-0.41956	-1.28132	2.40544
227.872	-1.78495	-0.14887	-1.12623	2.34266
231.868	-1.73187	0.10171	-1.24545	1.53182
235.873	-1.93946	0.55889	-1.21623	0.37185
239.872	-1.47109	0.31312	-1.36873	0.19352
243.868	-1.73844	0.69055	-1.47898	1.28190
247.873	-1.60013	0.53927	-1.44024	0.01595
251.867	-1.92681	0.43704	-1.24240	0.25184
255.875	-3.07194	0.40041	-1.37994	0.24069
259.876	-1.75399	0.34226	-1.30109	0.30551
263.875	-1.72894	0.37979	-1.53567	0.50737
267.888	-1.95121	0.37671	-1.15950	0.84851
271.880	-1.50685	0.08515	-1.23144	0.83826
275.869	-1.68488	0.26239	-1.19001	1.21853
279.871	-1.33172	-0.04246	-1.68057	0.60854
283.867	-1.54282	0.14777	-1.29866	1.29759
287.870	-1.59673	0.34517	-1.49929	1.56867
291.870	-1.53515	0.59468	-1.25131	1.65206
295.869	-1.82614	0.42870	-1.09604	1.57038
299.885	-1.49036	0.47917	-0.92986	1.51537
303.882	-1.47275	0.43901	-0.89783	1.42940
307.868	-1.29281	0.90179	-0.93284	0.92739
311.872	-1.29494	0.86305	-0.68025	1.20162
315.868	-1.29199	1.02995	-0.88011	0.68905
319.870	-1.41747	1.17506	-0.59555	1.24153
323.872	-1.34757	0.54646	-0.68590	0.83429
327.869	-1.52305	0.62856	-0.68610	0.74419
331.867	-1.43151	1.15261	-0.60354	0.81778
335.872	-1.13109	1.18083	-0.75486	0.60175
339.869	-0.89637	1.14650	-0.51247	0.45727
343.873	-0.74297	1.00302	-0.93378	0.22448
347.870	-1.06190	1.08646	-0.40541	0.20333
351.872	-1.51035	1.06355	-0.47825	0.32166
355.893	-1.39604	0.41170	-0.50463	0.18850
359.868	-1.18071	-1.37154	-0.68848	0.09412
363.872	-0.96422	-0.75025	-0.80466	0.27023
367.871	-1.41375	-0.47489	-0.49326	0.03292
371.868	-1.38406	-0.90464	-0.52051	-0.03598
375.867	-0.64680	-1.03052	-0.59270	0.05978
379.866	-0.90947	-0.59651	-0.58471	0.13525
383.871	-1.34822	0.26708	-0.41162	0.57157
387.904	-1.30476	0.40925	-0.66027	0.88845
391.879	-1.05260	1.19591	-0.52178	0.99442
395.866	-1.01097	0.82900	-0.52203	1.34319
399.867	-1.25483	0.00050	-0.56587	0.08632
403.865	-0.98020	-0.97586	-0.59766	-0.32061
407.870	-1.16525	-1.01149	-0.73136	-0.18066
411.865	-1.76269	-0.99941	-0.66230	-1.06780
415.868	-1.27624	0.09100	-0.67786	-0.46479
419.868	-1.04225	-0.41806	-0.66848	-0.56650
423.882	-1.15156	0.22158	-0.59808	-0.44641
427.882	-1.12209	0.58698	-0.76163	-0.64724
431.865	-1.22831	1.01227	-0.64019	-0.63222
435.867	-1.56876	0.96273	-0.76759	-0.59414
439.864	-1.02759	0.53654	-0.76372	-0.24551
443.868	-1.13849	0.40682	-0.85987	-0.45828
447.865	-1.31530	0.45277	-0.76431	-0.35215
451.869	-1.22251	-0.37995	-0.64657	-0.27687
455.868	-1.33971	-0.23019	-0.76414	-0.39558
459.864	-1.12874	-0.14762	-1.00457	-0.31186
463.871	-1.60003	-0.49114	-0.78414	-0.32723
467.866	-1.53104	-0.60357	-0.84446	-0.40275
471.874	-0.45100	-0.27050	-0.64858	-0.21841
475.864	-1.52441	-0.15381	-0.75774	-0.59693
479.869	-1.03816	-0.42298	-1.12152	-0.50289
483.866	-1.41640	-0.43375	-0.77618	-0.42783
487.871	-1.87693	-0.19558	-0.85838	-0.58161
491.867	-1.62701	-0.33130	-1.01479	-0.64853
495.865	-1.82661	-0.20366	-1.15734	-0.83607
499.864	-1.95138	-0.23066	-1.18731	-0.94510
503.868	-1.37225	-0.50994	-1.11432	-0.77562
507.866	-1.42536	-0.10292	-0.65846	-0.49311
511.871	-0.74099	0.32979	-1.30208	-0.32352
515.863	-1.32413	-0.03689	-1.05806	-0.03697
519.866	-2.22575	0.09642	-0.74317	0.85771
524.411	-1.43381	0.05922	-0.80349	0.56500
527.874	-0.94346	-0.21372	-0.66930	0.86040
531.863	-2.33819	0.00052	-0.63022	0.89477
535.863	-1.14372	-0.03776	-0.51922	0.62950
539.866	-1.01146	-0.47722	-0.64337	0.55657
543.866	-2.34257	-0.43585	-1.12415	0.50110
547.870	-1.34356	-0.42579	-0.60823	0.51120
551.871	-1.13953	-0.71453	-1.13901	-0.05597
555.867	-0.84607	-0.42154	-0.66933	-0.05792
559.862	-1.08448	-0.33503	-0.71930	0.05007
563.869	-1.97937	-0.28480	-0.91145	-0.29989
567.868	-1.88182	-0.56802	-0.76578	-0.11857
571.900	-0.91770	-0.44468	-0.86652	-0.44469
575.862	-1.11561	-0.33497	-0.99060	-0.28045
579.868	-1.82224	-0.01296	-1.01112	-0.88748
583.863	-1.94803	0.14061	-1.18661	-0.61094
587.860	-1.45822	0.70158	-1.02161	-0.77567
591.863	-1.61872	0.16950	-1.03585	-0.65357
595.867	-0.97226	0.39263	-1.30032	-0.68866
599.874	-0.92728	0.71006	-1.03915	-0.81139
603.863	-1.73799	0.63838	-1.55130	-0.81855
607.862	-1.62349	0.83210	-1.22010	-0.74668
611.867	-0.98951	0.79478	-1.19822	1.34872
615.862	-1.61548	0.70816	-0.76729	1.16089
619.863	-1.06632	0.80718	-1.35648	0.23284
623.862	-0.76431	0.74348	-0.91068	0.18257
627.865	-1.82564	0.77535	-1.12846	-0.34143
631.863	-1.93876	0.71372	-0.61203	-0.52308
635.866	-1.34514	0.71530	-1.18324	-0.66502
639.862	-1.87009	0.58834	-0.78431	1.36932
643.859	-1.73070	0.43667	-1.13834	0.86486
647.866	-0.97420	0.24704	-0.98417	0.99342
651.862	-1.12323	-0.05436	-1.05255	0.46854
655.864	-1.49081	0.36570	-1.01883	-0.12388
660.183	-0.65714	1.03089	-1.00978	-0.98529
663.866	-1.71481	0.73338	-1.00189	0.75945
667.863	-1.95567	0.42951	-0.86746	1.04778
671.862	-2.14543	0.53737	-0.80250	0.48418
675.870	-1.76822	-0.38450	-0.67620	-0.38739
679.869	-1.37322	0.85252	-0.86438	-1.18920
683.860	-1.08922	0.88353	-0.93974	0.04992
687.864	-1.45730	0.95806	-0.99824	0.44949
691.881	-1.79165	1.31576	-0.98854	0.81408
695.873	-1.88286	1.30378	-0.94522	0.64686
699.862	-1.84136	0.78826	-1.02498	0.73359
703.859	-2.00113	0.81957	-0.99861	0.38550
707.860	-1.96283	0.30002	-0.99489	0.84486
711.860	-0.41926	0.17786	-1.01032	1.04716
715.863	-1.69517	0.75668	-1.09120	1.06462
719.866	-1.74553	1.01553	-1.04895	0.98143
723.861	-1.69971	1.12744	-1.08902	0.86339
727.862	-1.82329	1.22274	-1.14848	0.53890
731.864	-0.77662	0.95155	-1.03109	-1.05354
735.859	-1.10323	0.02942	-1.21598	-0.79373
739.860	-0.79737	-0.44798	-0.70920	0.24440
743.859	-0.94624	0.25270	-0.89855	0.74641
747.875	-1.76755	0.21705	-0.79421	1.19513
751.864	-1.56248	0.70358	-0.84180	-1.36657
755.857	-0.73226	0.58523	-0.80089	-1.45831
759.871	-2.01464	1.44897	-0.60129	-1.05211
763.861	-0.70258	1.75288	-1.01873	-0.62222
767.860	-0.80014	0.71490	-1.06609	-0.81168
771.861	-0.43336	0.46148	-1.13707	-0.82115
775.863	-1.13104	0.50423	-0.41924	-0.17685
779.861	-1.60399	0.95429	-0.81143	0.22546
783.864	-1.84711	0.84524	-0.64094	-0.15217
787.863	-1.64908	0.79107	-0.93934	-0.66432
791.861	-1.32399	0.73989	-1.21139	-0.57310
795.920	-0.32243	0.58790	-1.09817	-0.40620
799.887	-1.59668	0.48528	-0.95552	-0.84815
803.868	-0.47108	0.21650	-0.75491	-2.43587
807.864	-0.74888	0.15437	-0.95998	-0.29310
811.858	-0.80099	0.07265	-1.02173	-0.03973
815.860	-0.72637	1.22324	-0.96886	-0.08723
819.861	-0.41336	0.82780	-1.04778	-0.16199
823.858	-0.41030	0.55500	-1.13655	-0.53227
827.858	-0.56022	0.41254	-1.20336	-1.57271
831.862	-0.29463	0.08342	-1.17284	-1.82333
835.861	-0.27500	-0.26620	-1.18855	-1.70254
839.859	-0.16536	-0.23072	-0.83900	-1.50267
843.863	-0.20822	-0.17156	-1.12348	-1.11808
847.861	-0.20584	-0.41572	-1.20671	-1.51300
851.857	-0.14791	-0.60848	-1.15920	-0.92303
855.858	-0.25234	-0.77119	-1.14441	-1.50427
859.860	-0.22949	-0.34783	-1.07480	-1.89928
863.862	-0.78166	-0.52445	-0.93745	-1.87060
867.861	-0.38966	-0.70961	-0.93740	-1.82011
871.856	-0.42306	-0.52620	-0.94455	-1.70099
875.862	-1.82480	-0.55210	-0.58382	-1.77792
879.859	-0.15593	-0.57193	-0.68732	-1.68635
883.859	-0.44180	-0.47832	-0.78910	-1.53248
887.883	-0.46875	-0.55624	-0.62029	-1.41409
891.859	-0.51820	-0.48030	-0.74285	-1.16591
895.857	-0.60923	-0.43816	-0.65233	-0.78774
899.857	-0.52200	-0.36658	-0.76015	-0.63265
903.861	-0.45785	-0.51156	-0.68126	-0.33631
907.858	-0.50307	-0.51082	-0.79503	-0.14038
911.857	-0.40827	-0.59267	-0.73975	0.12217
915.856	-0.40872	-0.49922	-0.67389	0.42275
919.861	-0.27255	-0.60738	-0.74372	0.14290
923.858	-0.38405	-0.61468	-0.72543	0.54709
927.862	-0.87689	-0.44551	-0.79377	0.27361
931.858	-0.34451	-0.63595	-0.94869	0.47988
935.857	-0.61049	-0.64582	-0.94505	0.70695
939.862	-0.31071	-0.63836	-1.02030	0.65037
943.859	-0.37913	-0.68790	-0.95189	0.69778
947.856	-0.27384	-0.58433	-0.95892	0.71597
951.861	-1.78597	-0.61442	-1.06877	0.77298
955.858	-0.53190	-0.65258	-1.06746	0.79426
959.860	-0.38745	-0.56325	-1.15297	0.76436
963.855	-0.36174	-0.72286	-0.76739	0.80901
967.867	-0.34997	-0.57215	-1.06676	0.69008
971.862	-1.11459	3.27267	-1.11861	0.60876
975.858	-2.57702	-1.10820	-2.38710	-2.43152
979.861	-8.31268	-0.20556	-2.20919	-2.99599
983.860	-4.41993	-0.59820	-5.35219	0.10883
987.893	-10.08330	-1.54065	-5.39704	-3.07749
991.859	-4.96637	-2.08155	-5.61367	-3.77719
995.854	-7.35432	-4.90104	-8.38119	-2.76370
999.859	-7.82884	-1.90238	-8.27258	-2.86534
1003.856	-8.41884	-1.99731	-7.98897	-4.27727
1007.854	-8.11666	-2.27565	-7.76625	-4.79562
1011.858	-8.00443	-3.02854	-8.08640	-5.06107
1015.862	-8.17437	-3.20693	-7.26261	-3.06034
1019.857	-8.42996	-2.23735	-6.87876	-3.24890
1023.852	-8.54530	-2.43723	-6.41469	-2.81554
1027.853	-8.79426	-2.22902	-6.14067	-2.75582
1031.855	-8.55120	-2.53170	-6.72288	-2.56571
1035.853	-8.73962	-3.35823	-7.14494	-2.32245
1039.855	-9.10877	-2.93801	-7.47683	-2.07474
1043.858	-8.85036	-3.02875	-7.75719	-1.60986
1047.855	-8.97612	-3.90375	-7.27807	-5.47044
1051.858	-8.94854	-3.50073	-7.50805	-5.72939
1055.853	-8.84714	-3.29084	-7.17753	-5.08451
1059.738	-8.82119	-2.55225	-7.50012	-4.72945
1063.734	-8.87849	-2.19260	-7.41802	-4.44253
1067.731	-8.53234	-2.65888	-7.48107	-4.23387
1071.733	-8.73373	-2.24839	-7.47126	-3.61784
1075.731	-8.82722	-2.53567	-7.68783	-2.54055
1079.727	-8.82083	-2.76976	-7.74973	-2.05028
1083.733	-8.61363	-2.91589	-8.60883	-2.90647
1087.730	-8.43054	-2.62505	-4.33463	-2.46264
1091.726	-7.52662	-3.20068	-4.36908	-1.99233
1095.727	-6.82447	-2.80885	-4.59122	-1.71163
1099.735	-6.64702	-3.02108	-4.66684	-1.73079
1103.729	-7.67847	-3.26183	-4.86066	-2.05908
1107.725	-7.60999	-3.39868	-5.38255	-2.02113
1111.733	-7.48134	-4.53014	-4.98780	-2.33049
1115.732	-7.86946	-3.19527	-5.40466	-2.23418
1119.728	-7.52547	-3.01084	-5.39876	-2.32774
1123.729	-7.37626	-3.13569	-5.41509	-3.30793
1127.731	-7.63542	-3.84126	-5.31002	-3.49844
1131.729	-7.66448	-3.16435	-5.42173	-4.12130
1135.731	-7.70063	-2.98132	-5.41787	-4.22229
1139.734	-7.64820	-3.95629	-5.51366	0.04279
1143.729	-7.82121	-2.70931	-5.49881	-0.59032
1147.730	-7.83970	-2.87471	-5.58992	-0.41545
1151.732	-7.83429	-2.66417	-5.57886	-0.88020
1155.726	-7.64437	-2.55261	-5.50874	-0.99336
1159.728	-7.85930	-2.85115	-5.57525	-1.02252
1163.731	-7.79444	-2.82524	-5.57387	-1.29152
1167.728	-7.70719	-2.80072	-5.62244	-1.50979
1171.727	-7.84172	-2.97610	-5.67239	-1.59916
1175.733	-7.66348	-2.76801	-5.78629	-1.67751
1179.728	-5.92881	-2.67275	-5.84060	-1.59006
1183.729	-7.71820	-2.92029	-5.80717	-1.74434
1187.731	-7.75322	-2.97417	-5.85411	-1.63214
1191.727	-7.51059	-2.95461	-5.88960	-1.66792
1195.725	-7.10404	-3.32662	-5.92245	-1.70385
1199.727	-7.54952	-2.95400	-5.91678	-1.66831
1203.728	-7.49520	-3.17063	-5.91297	-1.62638
1207.731	-6.21708	-2.89976	-5.73564	-6.56235
1211.728	-7.05489	-2.85523	-4.71553	-6.49053
1215.798	-7.06657	-3.17068	-4.64613	-6.13849
1219.737	-6.96629	-2.90171	-4.16902	-5.71231
1223.732	-7.63952	-2.95768	-3.90499	-5.56792
1227.730	-7.92403	-2.77174	-6.02607	-5.08866
1231.726	-7.93406	-2.70965	-6.21607	-4.88328
1235.730	-8.78622	-3.52432	-8.77591	-5.03358
1239.729	-7.75519	-3.41514	-8.61239	-5.13683
1243.725	-8.54447	-3.84261	-8.76442	-5.97001
1247.731	-8.74471	-2.62089	-10.84994	-5.04296
1251.731	-9.47319	-2.78110	-11.53320	-4.83381
1255.731	-10.62092	-2.98036	-12.08891	-4.65781
1259.725	-10.75850	-1.32816	-13.22573	-3.79689
1263.732	-10.90085	-1.16754	-12.59739	-2.26042
1267.732	-11.06413	-2.69670	-12.61545	-1.89693
1271.728	-11.57253	-2.25494	-12.55152	-1.93113
1275.731	-12.05350	-1.73696	-12.90546	-1.58888
1279.726	-12.00901	-2.52037	-12.83595	-1.35263
1283.728	-11.83771	-2.52014	-13.00801	-1.50406
1287.728	-11.85666	-2.42891	-13.20496	-1.78976
1291.725	-11.97244	-1.79448	-12.93792	-1.98944
1295.728	-11.97819	-2.08025	-12.96347	-1.82654
1299.731	-12.38545	-1.49571	-12.78559	-2.16194
1303.729	-11.88760	-2.20532	-12.69164	-2.15553
1307.729	-11.77865	0.88965	-12.87669	-2.57466
1311.725	-11.38979	-1.21900	-12.87438	-2.54367
1315.724	-11.67872	-1.55799	-12.99401	-2.61011
1319.726	-12.01409	-1.01168	-12.86935	-2.76147
1323.724	-11.73928	-1.91997	-12.85267	-2.98842
1327.725	-11.41698	-2.18784	-12.92338	-2.96239
1331.727	-10.92653	-1.87768	-12.80490	-3.02683
1335.727	-11.53670	-2.62381	-12.85994	-3.14946
1339.724	-11.30777	-2.86738	-12.92562	-3.36561
1343.729	-11.41206	-3.05288	-12.93556	-3.45767
1347.734	-11.96470	-3.02734	-12.99046	-3.60017
1351.729	-12.94719	-2.99802	-12.95808	-3.61595
1355.723	-11.56164	-2.77753	-13.03529	-3.73525
1359.729	-10.93923	-2.94359	-13.06035	-3.79422
1363.727	-13.22443	-2.15824	-13.07288	-3.95107
1367.727	-12.69899	-2.90716	-13.01470	-4.00761
1371.726	-11.43154	-2.64649	-13.13743	-3.70617
1375.726	-11.92603	-2.86572	-13.09732	-3.52412
1379.727	-12.44048	-2.89133	-13.03112	-3.24314
1383.725	-11.57886	-2.76959	-12.93380	-2.90859
1387.726	-11.75579	-2.70544	-12.95640	-1.99945
1391.732	-11.67560	-2.06685	-13.09640	-1.41826
1395.729	-11.89856	-1.53849	-13.10876	-0.77668
1399.724	-11.96474	-1.91559	-12.97849	-1.06650
1403.727	-11.75508	-1.25264	-13.00450	-1.31515
1407.728	-12.71677	-1.20783	-12.99166	-1.64599
1411.725	-12.00654	-0.59520	-12.85308	-2.62792
1415.725	-11.98355	-0.45926	-12.83937	-5.22876
1419.726	-12.11097	-0.85601	-12.82146	-5.07100
1423.727	-12.90690	-0.67453	-12.82922	-5.06505
1427.768	-12.54547	-0.97717	-12.83222	-5.15049
1431.736	-12.52414	-0.57838	-12.86211	-1.86772
1435.723	-12.71035	-0.86531	-12.82948	-1.37772
1439.722	-12.09237	-0.67078	-12.81606	-0.95685
1443.727	-12.18232	-0.62784	-12.85534	-0.72762
1447.726	-12.24969	-1.15945	-12.84600	-1.23172
1451.726	-12.20164	-1.01942	-12.85541	-1.33751
1455.718	-11.85918	-2.94212	-12.87166	-1.96129
1459.728	-10.92610	-3.81006	-12.88343	-2.38121
1463.725	-10.54445	-3.81287	-12.88857	-2.65148
1467.725	-10.41458	-3.56753	-12.91036	-3.36555
1471.725	-11.01321	-1.09049	-12.81238	-4.32280
1475.732	-11.78966	-0.94669	-12.89909	-1.70091
1479.725	-11.50899	-0.87242	-12.87046	-0.98954
1483.723	-11.22169	-0.91797	-12.25799	-0.67134
1487.721	-7.98218	0.81982	-9.11680	1.61103
1491.727	-9.72132	0.15082	-4.47010	1.09810
1495.723	-7.32751	4.88572	-6.10659	5.41943
1499.725	-8.95155	0.32779	-7.98805	12.79221
1503.721	-1.88065	8.04584	-3.44340	10.85768
1507.722	NaN	NaN	NaN	NaN
1511.721	NaN	NaN	-3.77792	14.55366
1515.726	NaN	NaN	NaN	NaN
1519.719	NaN	NaN	NaN	NaN
1523.721	NaN	NaN	NaN	NaN
1527.725	NaN	NaN	NaN	NaN
1531.726	NaN	NaN	NaN	NaN
1535.925	NaN	NaN	NaN	NaN
1539.911	NaN	NaN	NaN	NaN
1544.973	NaN	NaN	NaN	NaN
1548.977	NaN	NaN	NaN	NaN
1552.799	NaN	NaN	NaN	NaN
1556.576	NaN	NaN	NaN	NaN
1560.338	NaN	NaN	NaN	NaN
1564.229	NaN	NaN	NaN	NaN
1568.382	NaN	NaN	NaN	NaN
1572.493	NaN	NaN	NaN	NaN
1576.845	NaN	NaN	NaN	NaN
1580.596	NaN	NaN	NaN	NaN
1584.692	NaN	NaN	NaN	NaN
1588.680	NaN	NaN	NaN	NaN
1592.405	NaN	NaN	NaN	NaN
1596.420	NaN	NaN	NaN	NaN
1600.456	NaN	NaN	NaN	NaN
1604.533	NaN	NaN	NaN	NaN
1608.736	15.68131	2.98565	NaN	NaN
1613.668	11.16691	7.07273	NaN	NaN
1616.368	8.92350	13.43164	21.72721	11.86231
1619.738	8.51996	-0.73959	14.62840	12.68554
1623.723	6.38011	-2.65984	13.60735	12.50022
1627.723	7.36457	-3.07397	12.60212	9.43714
1631.722	6.02404	-1.80977	14.41150	7.65404
1635.723	8.89950	1.75968	13.92669	5.84941
1639.727	7.20568	-2.59029	14.04822	4.54919
1643.720	20.52084	-5.74903	13.07205	3.06499
1647.720	16.93239	-4.98354	2.48859	-0.86069
1651.724	17.60447	-5.29467	0.07671	-1.68804
1655.721	14.62412	-2.32105	2.23112	-2.06834
1659.721	12.62232	-0.87586	8.58367	1.31890
1663.718	12.26995	0.86115	9.95151	2.74984
1667.723	13.44350	-2.64611	8.31506	2.42499
1671.720	9.08984	-1.18850	8.58745	2.00974
1675.719	10.73593	-2.45669	8.35136	1.73109
1679.725	10.25273	-1.16108	8.50401	1.68442
1683.731	10.92122	-2.41257	9.26689	1.86994
1687.722	14.58708	-1.09440	8.93980	1.57171
1691.721	12.08041	-6.18082	8.98482	1.36082
1695.719	11.06973	-6.84023	9.49289	0.63368
1699.719	9.21573	-6.48701	9.47558	1.34254
1703.722	11.96118	-6.41888	9.78980	1.11768
1707.721	11.34299	-1.53667	10.01320	0.88166
1711.719	11.26865	-1.14549	9.71445	0.96796
1715.717	11.97258	-1.86209	10.46781	6.46038
1719.722	11.40925	-1.28433	16.00521	5.75842
1723.724	11.39697	0.12389	14.05189	6.27988
1727.722	11.38416	-0.36101	8.98431	1.01640
1731.718	11.39520	-0.76744	9.40414	2.23737
1735.724	14.58896	-1.50820	9.39888	2.20176
1739.721	11.90044	-11.05780	9.86257	2.15335
1743.719	11.40455	-10.65919	8.52443	2.63883
1747.722	12.15156	-10.89980	9.94060	2.54883
1751.746	9.17747	-10.60077	8.51685	2.47892
1755.720	12.98501	-11.49616	9.76589	2.41043
1759.717	9.79558	-11.02017	8.40499	2.38607
1763.726	14.70932	-13.22599	9.46174	2.30662
1767.719	11.20424	-12.75284	9.53159	2.05621
1771.722	14.94321	-2.38009	9.50769	2.27499
1775.716	12.34003	-2.60471	9.68011	1.91734
1779.722	12.84496	-2.82878	9.29710	1.94094
1783.719	11.76221	-2.74934	9.67449	1.81313
1787.717	10.97169	-2.49692	9.55828	1.64877
1791.722	12.74638	-1.77114	9.38822	1.45951
1795.717	12.55337	-0.76482	9.43924	1.10541
1799.737	13.31180	-1.84373	9.51015	1.84954
1803.720	13.11655	-1.97597	8.93847	2.58096
1807.726	11.39723	-1.33464	9.36752	2.46093
1811.717	12.77896	-2.26380	9.50293	1.76528
1815.723	12.09159	-1.89646	9.38639	1.33390
1819.743	12.80537	-1.39975	8.84305	0.99342
1823.720	12.93620	-1.25938	9.31407	0.82696
1827.716	13.16685	-1.45916	9.08529	2.99114
1831.720	12.93639	-1.34473	9.07061	2.75947
1835.717	12.61261	-1.72016	9.17839	2.28549
1839.719	12.48691	-1.34085	8.86061	2.33984
1843.714	13.18353	-1.94019	9.72243	3.03679
1847.724	13.53038	-1.11569	10.26684	3.92785
1851.718	13.36690	1.82624	13.17165	4.69025
1855.716	18.63110	0.46304	14.43962	2.65188
1859.720	18.47791	-1.24109	16.37344	2.87165
1863.719	20.46760	-1.00989	16.36098	3.82209
1867.718	20.81621	0.21780	15.63955	3.74269
1871.716	19.83405	2.02559	15.85699	3.69176
1875.721	20.07116	1.92606	15.28744	4.12751
1879.718	19.27174	0.93868	15.76492	4.63201
1883.719	19.97375	1.33024	15.63378	5.09785
1887.774	20.91430	-2.34758	16.08410	4.82441
1891.732	20.91194	0.44130	16.59205	4.58127
1895.719	20.34273	0.37355	17.01780	4.35426
1899.720	19.74957	1.69451	16.36939	4.56330
1903.714	19.57551	1.62049	15.84217	4.60448
1907.720	19.64131	1.29272	15.86135	4.48566
1911.592	19.28225	1.47690	16.10935	4.23551
1915.594	18.23716	1.14976	16.09380	4.56955
1919.591	19.22529	-0.00375	16.33708	4.67462
1923.596	18.90294	0.27802	16.09189	5.43864
1927.593	19.65219	0.08111	15.95254	4.96820
1931.621	20.46542	0.29424	15.59036	5.28679
1935.598	19.68700	1.23433	16.13276	4.95532
1939.593	19.47253	1.45708	15.99445	5.01951
1943.590	19.37164	1.31247	15.94651	4.75448
1947.588	19.87823	0.58639	15.77458	4.61020
1951.592	20.04808	0.27797	15.95842	4.95753
1955.597	19.84224	0.18194	16.11890	5.53089
1959.595	NaN	NaN	15.55570	5.47084
1963.591	22.61208	0.07006	15.86089	5.49976
1967.587	NaN	NaN	15.95461	5.35730
1971.589	NaN	NaN	15.61557	5.47490
1975.591	23.11519	-3.66834	16.07320	5.02950
1979.597	21.31648	0.28540	16.03845	5.02680
1983.589	20.30735	0.03633	15.68334	4.81136
1987.593	NaN	NaN	16.08766	4.69256
1991.588	20.02801	0.18703	15.87104	4.78125
1995.590	20.26528	0.29658	15.77986	5.37041
1999.590	23.11490	-3.57001	16.16903	4.56639
2003.588	20.54056	1.10925	15.70912	4.85954
2007.593	NaN	NaN	16.28002	4.68483
2011.590	20.20882	-0.27095	15.70565	4.87352
2015.591	NaN	NaN	16.22446	4.78814
2019.592	21.45447	1.21453	16.12978	5.97114
2023.900	NaN	NaN	16.33571	5.05595
2027.594	NaN	NaN	16.69265	4.92655
2031.590	22.11440	3.52732	16.42071	6.00105
2035.589	NaN	NaN	17.81334	5.36102
2039.592	19.18054	2.23412	16.31509	6.31943
2043.590	21.66726	1.20251	17.24539	5.90172
2047.592	19.57322	3.22768	16.17505	5.50424
2051.593	21.34042	0.86455	17.37286	5.33427
2055.592	20.03393	2.63649	16.44071	5.96399
2059.597	21.94102	1.02846	17.16366	6.10126
2063.592	16.62573	6.34562	17.40970	5.90157
2067.591	22.70687	0.88898	16.79575	5.28064
2071.589	21.20879	6.37232	16.89771	5.35117
2075.589	19.71089	4.74223	17.05274	5.70943
2079.588	21.66206	5.09788	17.49343	5.72997
2083.591	17.50762	7.66410	17.21247	5.97559
2087.592	20.89754	6.83453	17.39711	5.09419
2091.592	15.63730	6.41959	16.84668	5.03932
2095.592	20.24227	6.16517	17.25519	5.22842
2099.589	17.57087	6.78113	17.11240	5.81373
2103.595	21.01007	6.55382	17.71158	5.78126
2107.587	15.67225	7.92191	17.01031	6.09370
2111.591	20.77513	8.49860	17.76014	4.83149
2115.590	17.62938	7.01197	16.74483	5.25360
2119.587	20.54243	11.77898	17.31298	5.18418
2123.591	21.86267	1.94439	16.69928	5.19942
2127.589	17.38502	8.88628	17.37580	5.13901
2131.590	20.31340	8.24097	17.55747	5.98089
2135.588	16.84389	10.87823	16.92247	5.92425
2139.591	NaN	NaN	17.92509	5.97524
2143.594	21.18791	1.12250	17.07004	6.07789
2147.591	22.73797	0.92040	17.73432	6.00023
2151.586	21.96685	0.87926	17.33338	5.99455
2155.594	22.24071	0.72774	17.80132	5.92708
2159.633	21.04888	2.92477	17.50324	5.96056
2163.590	22.17906	1.18250	17.60195	5.98001
2167.584	21.67650	1.51683	17.25741	6.04369
2171.590	21.88176	1.92154	17.82825	6.09460
2175.588	20.85306	3.23838	17.46396	5.79000
2179.585	21.78228	1.99582	16.74301	5.98489
2183.590	20.76797	2.37551	17.36805	5.66421
2187.593	20.28641	2.12637	17.28918	5.43045
2191.586	20.79834	0.20879	17.47554	5.14901
2195.588	19.62053	1.35324	17.24922	4.90494
2199.586	19.67147	2.67730	16.89839	5.38747
2203.587	18.70962	3.31237	21.28324	-2.62794
2207.585	20.06490	-1.48998	12.20672	4.99186
2211.585	14.41534	2.46561	11.24724	5.02887
2215.587	12.41755	2.19102	9.35029	5.40581
2219.587	14.29189	0.37232	10.38408	4.61188
2223.584	14.59001	0.18440	10.36466	2.39736
2227.591	12.38074	0.76120	9.55869	4.68653
2231.586	11.99405	-0.07477	9.36107	4.36127
2235.588	12.78823	-0.64658	10.73298	2.81494
2239.605	14.10879	-0.37185	10.91253	3.02727
2243.592	12.48549	-0.16534	9.81373	3.84637
2247.586	12.37283	-0.47220	10.29707	3.25515
2251.589	13.90312	-0.15384	9.36914	2.95123
2255.587	13.28954	-0.51728	10.50954	2.71528
2259.586	12.45383	-0.68495	10.56114	2.58273
2263.584	12.69105	-1.15282	9.93217	2.31192
2267.593	12.44860	-0.64690	10.21990	2.27282
2271.591	12.41873	-0.78877	9.55519	1.86932
2275.587	12.78521	-0.86956	9.97681	2.19199
2279.584	13.29685	-1.23853	10.17880	2.66459
2283.588	12.52426	-0.67063	9.74444	3.53133
2287.588	12.58380	-0.87573	10.17596	3.16769
2291.584	12.60909	-0.57150	9.73612	2.98303
2295.588	12.85643	-0.69862	9.95420	3.30814
2299.584	12.62774	-0.86191	10.14446	2.07568
2303.590	12.88487	-0.21099	9.72518	3.34919
2307.585	12.99639	-0.47235	10.22418	3.00574
2311.591	13.02794	-0.17319	10.02030	3.30488
2315.584	11.67206	-0.21602	9.84804	2.98164
2319.588	12.78831	-0.21536	10.38416	2.93747
2323.585	12.70135	0.13369	11.13229	2.89519
2327.586	13.06537	-0.49708	10.14275	3.13873
2331.587	12.80933	-0.67075	9.64791	2.84187
2335.584	12.90225	-0.77067	10.17045	2.67977
2339.586	12.95042	-0.41745	10.43841	2.70498
2343.582	12.94405	-0.43368	10.80489	2.78892
2347.587	12.65281	-0.60951	10.96621	2.72793
2351.590	12.74038	-0.49327	10.78669	2.69101
2355.588	13.04389	-0.65857	10.44732	2.76912
2359.587	12.78864	-0.83115	10.62471	2.91955
2363.585	12.92420	-1.49251	10.40221	3.04718
2367.592	12.92290	-1.25342	10.56630	3.27367
2371.586	9.71071	-2.58743	10.89030	3.24884
2375.601	12.94026	-1.30801	10.34998	3.48310
2379.584	12.83467	-0.57993	10.56790	3.52775
2383.587	13.23871	-0.70480	9.86558	3.51178
2387.586	12.91663	-0.72367	10.51448	3.27409
2391.583	12.89914	-1.45483	10.50937	3.20355
2395.591	12.94443	-1.43721	10.54514	3.06169
2399.583	13.09897	-1.62058	10.50450	2.46652
2403.585	12.82764	-1.43282	10.70090	2.20248
2407.582	13.00012	-1.62000	10.23440	1.93214
2411.586	12.82564	-1.51584	10.29070	1.96709
2415.582	13.32818	-0.52343	10.51883	2.35163
2419.585	12.64312	-0.45648	10.51451	3.49465
2423.588	13.46395	-0.28545	10.32721	2.75013
2427.584	12.77457	-0.41074	10.36168	2.17305
2431.583	12.98614	-1.50284	10.08820	1.91377
2435.588	13.23469	-1.58031	9.64270	2.17979
2439.581	13.03581	0.09473	10.94698	2.36704
2443.581	16.41638	-1.67708	10.56260	2.55344
2447.583	12.94290	0.02269	9.80908	2.65193
2451.581	12.77967	-1.28160	10.06573	1.95496
2455.579	12.96093	-0.58366	9.20414	2.64857
2459.586	12.73956	-0.17322	10.55514	2.81936
2463.582	12.88697	-0.50177	9.99373	2.47250
2467.582	12.69330	-0.41218	10.33156	2.11987
2471.580	13.53329	-0.74696	9.80874	3.01239
2475.589	16.28594	-0.62003	9.51949	2.67427
2479.589	12.62880	-0.34975	9.82204	2.54869
2483.583	11.92009	-0.63219	9.47229	1.70564
2487.587	12.60566	-0.44634	10.17514	2.11911
2491.583	13.78459	-1.76893	10.09046	-1.24875
2495.580	11.11869	-4.25254	9.10550	1.68806
2499.578	12.65968	-2.31102	10.55629	-1.32690
2503.584	16.40315	-3.37737	9.82351	0.49649
2507.581	13.22465	-2.65643	10.24009	-0.36743
2511.584	13.21578	-3.82836	9.56139	-1.01083
2515.582	13.39445	-3.89355	9.59361	0.67629
2519.604	7.58517	-4.02484	10.09143	0.34529
2523.586	13.34394	-4.07321	9.15851	-0.73488
2527.584	12.74936	-3.95777	10.28207	-0.88383
2531.584	10.87273	-4.17657	9.62029	-1.39111
2535.580	13.27066	-2.71898	10.05753	-1.02996
2539.580	13.03079	-3.32721	9.51742	-1.05038
2543.584	13.47381	-3.59714	9.56422	-1.07309
2547.583	13.06026	-3.69161	9.89655	-1.51181
2551.582	12.70478	-3.49752	9.49864	-1.39938
2555.586	12.78179	-3.05685	10.16473	-0.87293
2559.589	12.78569	-2.69633	9.36090	-0.10790
2563.586	12.71625	-2.84918	9.87114	0.56800
2567.582	12.08399	-3.06668	9.48425	-1.12783
2571.580	12.67532	-3.75416	9.64967	-1.13735
2575.587	14.50539	-3.96735	10.19897	-1.05853
2579.582	12.64865	-3.44809	9.45319	-0.66117
2583.584	13.57058	-2.99794	10.03597	-0.48633
2587.586	12.74067	-2.64051	9.46718	0.73244
2591.580	11.60754	-2.49476	9.40332	0.81184
2595.582	12.67301	-4.33315	9.97729	-0.41986
2599.622	12.94650	-3.48717	9.28995	-0.79600
2603.588	12.36030	-2.85691	9.38822	-1.07322
2607.590	12.64139	-2.28279	10.01573	-0.65720
2611.579	13.04436	-3.64416	10.34297	0.06324
2615.583	12.07633	-3.89003	9.22837	0.54609
2619.577	12.98874	-3.61847	9.90074	0.66206
2623.582	9.78592	-3.08207	9.92319	-0.51046
2627.577	13.06492	-2.15706	10.23115	-0.67485
2631.578	12.68975	-4.13844	9.96573	-0.82291
2635.575	12.27903	-2.61101	9.59107	-0.91107
2639.580	12.45918	-2.39625	9.33118	-0.60477
2643.590	12.42631	-3.90805	9.24643	-0.52828
2647.578	12.92137	-3.26996	9.11975	-0.54380
2651.577	12.86685	-2.02320	9.14022	-0.17090
2655.577	12.26614	-3.26756	9.81506	-0.46678
2659.585	12.44219	-3.26525	9.85305	-0.18685
2663.579	12.22566	-2.16464	9.97702	-0.53967
2667.577	12.54211	-3.91792	9.79804	-0.60757
2671.584	11.96446	-2.35520	10.18353	-0.48327
2675.578	13.24264	-2.57032	9.09563	-0.53196
2679.579	12.02905	-3.37259	10.20015	-0.50545
2683.579	12.39265	-2.41372	10.21265	-0.19175
2687.584	11.46900	-2.98686	9.88369	-0.34137
2691.579	11.42086	-1.76404	8.68671	1.10505
2695.582	12.26533	-0.63890	4.24665	4.27908
2699.576	5.86669	5.60359	-3.17576	8.14251
2703.578	8.52494	-2.05692	-8.58556	11.71249
2707.579	NaN	NaN	NaN	NaN
2711.578	NaN	NaN	NaN	NaN
2715.577	NaN	NaN	NaN	NaN
2719.576	NaN	NaN	NaN	NaN
2723.578	NaN	NaN	NaN	NaN
2727.584	NaN	NaN	NaN	NaN
2731.601	NaN	NaN	NaN	NaN
2735.592	2.95299	14.12386	NaN	NaN
2739.581	2.95968	14.11969	NaN	NaN
2743.577	NaN	NaN	NaN	NaN
2747.582	2.96322	14.11501	NaN	NaN
2751.579	NaN	NaN	NaN	NaN
2755.578	NaN	NaN	NaN	NaN
2759.577	NaN	NaN	NaN	NaN
2763.580	NaN	NaN	NaN	NaN
2767.452	NaN	NaN	NaN	NaN
2771.453	NaN	NaN	NaN	NaN
2775.463	NaN	NaN	NaN	NaN
2779.451	NaN	NaN	NaN	NaN
2783.454	NaN	NaN	NaN	NaN
2787.454	NaN	NaN	NaN	NaN
2791.473	NaN	NaN	NaN	NaN
2795.460	NaN	NaN	NaN	NaN
2799.478	NaN	NaN	NaN	NaN
2803.463	NaN	NaN	NaN	NaN
2807.454	NaN	NaN	NaN	NaN
2811.453	NaN	NaN	NaN	NaN
2815.459	NaN	NaN	NaN	NaN
2819.451	NaN	NaN	NaN	NaN
2823.469	NaN	NaN	NaN	NaN
2827.450	NaN	NaN	NaN	NaN
2831.462	NaN	NaN	NaN	NaN
2835.463	NaN	NaN	NaN	NaN
2840.226	NaN	NaN	NaN	NaN
2844.079	NaN	NaN	NaN	NaN
2848.076	NaN	NaN	NaN	NaN
2851.970	NaN	NaN	NaN	NaN
2856.107	NaN	NaN	NaN	NaN
2860.473	NaN	NaN	NaN	NaN
2864.685	NaN	NaN	NaN	NaN
2868.280	NaN	NaN	NaN	NaN
2871.982	NaN	NaN	NaN	NaN
2875.991	NaN	NaN	NaN	NaN
2879.818	NaN	NaN	NaN	NaN
2883.678	NaN	NaN	NaN	NaN
2887.484	NaN	NaN	NaN	NaN
2891.450	NaN	NaN	NaN	NaN
2895.461	NaN	NaN	NaN	NaN
2899.459	NaN	NaN	NaN	NaN
2903.475	NaN	NaN	NaN	NaN
2908.131	NaN	NaN	NaN	NaN
2911.915	NaN	NaN	NaN	NaN
2915.788	NaN	NaN	NaN	NaN
2919.461	NaN	NaN	NaN	NaN
2923.452	NaN	NaN	NaN	NaN
2927.448	NaN	NaN	NaN	NaN
2931.449	NaN	NaN	NaN	NaN
2935.446	NaN	NaN	NaN	NaN
2939.452	NaN	NaN	NaN	NaN
2943.451	NaN	NaN	NaN	NaN
2947.446	NaN	NaN	NaN	NaN
2951.445	NaN	NaN	NaN	NaN
2955.452	NaN	NaN	NaN	NaN
2959.449	NaN	NaN	NaN	NaN
2963.442	NaN	NaN	NaN	NaN
2967.449	NaN	NaN	NaN	NaN
2971.447	NaN	NaN	NaN	NaN
2975.464	NaN	NaN	NaN	NaN
2979.451	NaN	NaN	NaN	NaN
2983.448	NaN	NaN	NaN	NaN
2987.449	NaN	NaN	NaN	NaN
2991.449	NaN	NaN	NaN	NaN
2995.445	NaN	NaN	NaN	NaN
2999.446	NaN	NaN	NaN	NaN
3003.446	NaN	NaN	NaN	NaN
3007.449	NaN	NaN	NaN	NaN
3011.443	NaN	NaN	NaN	NaN
3015.450	NaN	NaN	NaN	NaN
3019.445	NaN	NaN	NaN	NaN
3023.503	NaN	NaN	NaN	NaN
3027.456	NaN	NaN	NaN	NaN
3031.449	NaN	NaN	NaN	NaN
3035.444	NaN	NaN	NaN	NaN
3039.443	NaN	NaN	NaN	NaN
3043.452	NaN	NaN	NaN	NaN
3047.456	NaN	NaN	NaN	NaN
3051.447	NaN	NaN	NaN	NaN
3055.444	NaN	NaN	NaN	NaN
3059.447	NaN	NaN	NaN	NaN
3063.450	NaN	NaN	NaN	NaN
3067.447	NaN	NaN	NaN	NaN
3071.446	NaN	NaN	NaN	NaN
3075.444	NaN	NaN	NaN	NaN
3079.463	NaN	NaN	NaN	NaN
3083.453	NaN	NaN	NaN	NaN
3087.447	NaN	NaN	NaN	NaN
3091.445	NaN	NaN	NaN	NaN
3095.444	NaN	NaN	NaN	NaN
3099.446	NaN	NaN	NaN	NaN
3103.446	NaN	NaN	NaN	NaN
3107.454	NaN	NaN	NaN	NaN
3111.472	NaN	NaN	NaN	NaN
3115.456	NaN	NaN	NaN	NaN
3119.446	NaN	NaN	NaN	NaN
3123.446	NaN	NaN	NaN	NaN
3127.447	NaN	NaN	NaN	NaN
3131.444	NaN	NaN	NaN	NaN
3135.443	NaN	NaN	NaN	NaN
3139.444	NaN	NaN	NaN	NaN
3143.445	NaN	NaN	NaN	NaN
3147.449	NaN	NaN	NaN	NaN
3151.457	NaN	NaN	NaN	NaN
3155.445	NaN	NaN	NaN	NaN
3159.536	NaN	NaN	NaN	NaN
3163.685	NaN	NaN	NaN	NaN
3312.405	NaN	NaN	NaN	NaN
3362.176	NaN	NaN	NaN	NaN
3429.848	10.17279	-3.24004	7.60861	-1.69326
3433.844	9.82891	-3.17900	8.10068	-1.12932
3437.570	11.05708	-3.76282	7.79230	-0.66096
3441.570	9.76722	-3.44853	7.88860	-1.27408
3445.566	10.18120	-3.58168	7.81924	-0.21139
3449.565	10.09496	-3.46922	7.74008	-1.37435
3453.564	9.83055	-3.49083	7.87068	-0.80218
3457.570	10.10697	-3.63663	7.86386	-0.66577
3461.565	10.47667	-3.59344	7.89586	-1.54233
3465.566	10.51827	-3.80346	7.82906	-1.34746
3469.565	13.82433	-4.05981	7.82426	-1.42345
3473.563	9.75654	-3.64325	7.96307	-1.38193
3477.569	13.31845	-3.86759	8.82192	-1.61660
3481.563	13.49960	-5.16687	11.59932	-1.28349
3485.562	16.34222	-5.79588	14.29990	-1.73950
3489.565	16.91452	-5.71471	14.32719	-2.32224
3493.563	17.62742	-5.85232	14.06966	-2.30572
3497.562	18.45657	-7.19513	13.25844	-2.51449
3501.562	17.27692	-5.94457	13.58036	-2.07661
3505.568	19.07205	-7.31309	13.43766	-2.42395
3509.564	17.23514	-5.88775	13.42951	-2.13827
3513.564	17.40638	-6.28218	13.35471	-2.73374
3517.569	19.04407	-7.42615	13.21444	-2.41140
3521.566	17.24014	-6.95558	13.50399	-2.81468
3525.561	17.65848	-6.14421	13.24550	-2.87688
3529.567	18.73057	-7.37657	13.39325	-2.65892
3533.566	18.99208	-7.42177	13.29831	-3.31874
3537.565	17.50255	-7.38660	13.13698	-2.74193
3541.566	17.38358	-6.61779	13.36678	-2.99671
3545.567	17.93282	-6.30447	12.98666	-3.57463
3549.566	18.18333	-7.24997	13.35755	-3.22342
3553.564	18.76904	-7.50357	12.78913	-2.42214
3557.574	17.64994	-7.29319	13.23643	-2.53463
3561.639	NaN	NaN	NaN	NaN
3569.575	18.91940	-7.48854	13.46315	-3.58524
3573.618	18.09769	-7.21775	13.35602	-3.47428
3577.566	17.64690	-7.14788	12.43833	-2.36776
3581.563	17.32757	-6.88330	12.72282	-1.98860
3585.567	17.20303	-6.82323	13.19016	-2.50954
3589.564	17.73608	-6.38138	13.06374	-2.76299
3593.564	17.48823	-6.44266	12.91196	-2.22516
3597.563	17.07324	-6.06233	12.70137	-2.80565
3601.569	17.50720	-6.63083	12.97205	-3.24796
3605.565	21.15794	-9.17610	12.95018	-2.50874
3609.566	9.20197	-12.58556	13.29394	-2.48721
3613.565	9.32751	-9.94279	13.27859	-2.84544
3617.565	16.62664	-5.40799	12.88254	-2.88278
3621.562	17.29283	-6.35942	13.32947	-2.99657
3625.568	17.65055	-6.87057	12.90400	-2.69808
3629.587	19.01954	-6.85628	12.97262	-2.76284
3633.564	18.37011	-6.61839	12.74539	-2.65964
3637.562	19.05729	-6.87595	12.81941	-2.72902
3641.579	19.44195	-7.30751	12.89669	-3.17510
3645.568	17.04469	-5.76236	12.74445	-2.76530
3649.562	17.04165	-6.11475	13.18746	-2.94721
3653.562	17.15775	-6.52742	13.04170	-3.36636
3657.560	17.45924	-6.60101	12.75316	-3.26780
3661.566	18.26386	-6.65853	12.57583	-2.88461
3665.565	16.72901	-6.28549	12.50687	-2.88913
3669.562	17.89943	-6.75416	12.96977	-3.10807
3673.564	17.23627	-6.66817	12.90197	-3.09406
3677.563	16.87353	-6.11216	12.44216	-3.56831
3681.560	17.12929	-6.20994	12.98393	-3.09483
3685.564	17.57495	-6.75419	13.26979	-3.42021
3689.560	17.63908	-6.14540	12.60992	-3.19320
3693.562	15.46224	-5.63890	13.18085	-2.92026
3697.561	17.96927	-6.43749	12.75535	-3.19123
3701.563	17.23204	-6.68733	13.22116	-3.15126
3705.562	17.19295	-6.35967	13.08352	-2.32032
3709.562	17.27579	-6.58186	12.83939	-2.61501
3713.562	17.06065	-6.49918	12.91840	-2.49192
3717.562	15.49799	-5.97519	12.95772	-2.69424
3721.561	16.93251	-6.49347	12.90234	-2.20607
3725.571	15.27171	-5.62090	12.72216	-2.18322
3729.561	16.52896	-5.72778	13.02561	-2.45429
3733.562	16.41617	-5.90508	12.84359	-2.48875
3737.564	16.25685	-5.98828	12.74959	-2.12047
3741.563	16.25146	-6.09336	12.83470	-2.05015
3745.559	16.77457	-5.75050	12.74643	-1.88874
3749.559	17.35989	-5.78854	12.80898	-2.40282
3753.562	16.41775	-5.68821	12.71004	-2.41123
3757.562	15.32830	-5.40634	10.55569	-1.36015
3761.559	11.29040	-2.34321	10.60296	-1.77063
3765.568	2.02584	-3.51389	7.75407	-0.84681
3769.564	8.32820	-2.32216	4.77555	-0.38981
3773.559	3.67405	-1.72570	3.81555	-0.89222
3777.583	4.85169	-2.07790	NaN	NaN
3781.559	0.48780	-2.33231	-0.03122	-0.64394
3785.565	-1.90138	-1.56095	-1.28499	-0.30857
3789.560	7.04728	6.59916	-1.94526	-0.48404
3793.559	1.14394	-2.39180	-3.33500	-0.38981
3797.574	-4.97465	-1.00690	-4.05890	-0.26584
3801.563	-5.03634	-0.00817	-4.23451	-0.18452
3805.558	-5.22377	-0.71898	-4.44714	-0.15588
3809.571	-5.14732	-0.38395	-4.19225	-0.07028
3813.564	-4.25914	-0.74432	-3.70023	0.00697
3817.563	-2.94426	-1.05765	-4.43626	0.12382
3821.556	-5.06594	-0.49642	-4.62656	-0.55920
3825.562	-4.90324	1.45166	-4.70909	0.03440
3829.580	-4.88493	0.06219	-4.72677	-0.67404
3833.561	-6.72279	-1.69103	-4.71203	-0.21870
3837.615	NaN	NaN	NaN	NaN
3845.566	-2.52750	-1.40526	-4.94396	-0.01394
3849.571	-3.82731	-1.17260	-4.54742	-0.08898
3853.571	-2.90334	-4.27605	-4.53643	-0.33706
3857.558	-3.36317	-1.18505	-4.71363	-0.18299
3861.560	-3.59088	-1.08429	-4.44970	-0.52062
3865.564	-3.49698	-0.79203	-4.56274	-0.44977
3869.559	-3.47747	-1.06050	-4.67936	-0.25868
3873.559	-3.33844	-0.78735	-4.40638	-0.31517
3877.558	-3.42089	-0.81873	-4.41364	-0.01318
3881.561	-3.75677	-0.63090	-4.52471	-0.21732
3885.558	-3.86746	-1.73069	-4.59549	-0.02526
3889.559	-3.89384	-0.81386	-4.44057	0.44425
3893.566	-3.73749	-0.31947	-4.54057	0.49950
3897.560	-3.26651	-0.66036	-4.59699	-0.55276
3901.559	-4.14344	-0.73642	-4.67909	0.07462
3905.559	-3.76379	-0.55989	-4.61613	-0.26326
3909.554	-3.94636	-0.55751	-4.32693	0.03709
3913.559	-4.36079	-0.59542	-4.41813	-0.33335
3917.556	-4.26758	-0.46578	-4.57191	-0.33162
3921.567	-4.29924	-0.46480	-4.64315	-0.23799
3925.561	-3.86052	-0.62066	-4.58160	0.52127
3929.559	-4.20960	-0.50757	-4.20274	-0.36469
3933.563	-4.18872	-0.39397	-4.38914	0.19908
3937.561	-4.09935	-0.38593	-4.47476	-0.74309
3941.556	-4.20790	-0.96748	-4.59581	-0.06930
3945.561	-4.09199	-0.36222	-4.14453	0.33835
3949.560	-4.21007	-0.40721	-4.38921	0.53191
3953.556	-4.23517	-0.26494	-4.48130	0.71467
3957.560	-4.19252	-0.25033	-4.15865	0.62938
3961.433	-4.06429	-0.18161	-4.30401	0.00694
3965.434	-4.13944	-0.83958	-3.95970	-0.67061
3969.429	-4.13900	-0.12479	-3.93922	0.75054
3973.432	-4.45673	-0.66481	-3.95972	-0.17767
3977.433	-4.20733	-0.33726	-4.30968	0.88231
3981.455	-4.22515	-0.66511	-3.89745	0.27578
3985.442	-4.49233	-0.52339	-4.40337	0.58563
3989.433	-4.33488	-0.45283	-3.99709	0.56117
3993.431	-4.65239	-0.52376	-4.47042	-0.71134
3997.436	-4.26237	-0.33248	-4.46100	0.23518
4001.431	-4.04621	-0.57450	-4.21449	0.90652
4005.434	-4.09755	-0.65986	-4.45133	0.48750
4009.430	-4.14665	-0.24060	-4.39392	0.29726
4013.429	-4.26847	-0.25419	-4.57926	-0.31869
4017.432	-4.41211	-0.58917	-5.06897	1.13562
4021.437	-4.18410	-0.28104	-4.53448	0.17598
4025.429	-4.00117	-0.48423	-4.52831	3.52964
4029.435	-3.49465	0.05390	-1.47625	2.49183
4033.461	-0.56672	0.52194	-2.19759	4.12232
4037.428	0.37241	3.37082	-0.30024	3.49752
4041.428	2.95725	1.70969	0.30265	4.72675
4045.432	2.52934	1.84046	0.66766	5.96638
4049.433	3.00826	2.81269	1.54884	4.97483
4053.448	2.84712	3.75017	0.63756	5.71518
4057.432	2.47898	2.96496	1.35110	5.92075
4061.426	2.93490	3.14831	0.68977	5.84272
4065.442	2.83479	3.20460	0.82339	5.71765
4069.430	3.45373	3.32973	0.39901	5.88709
4073.428	3.46629	3.36323	2.36093	5.42128
4077.428	3.03341	3.34262	1.96467	5.24969
4081.427	3.45504	2.78352	1.35849	4.90946
4085.428	3.56341	2.97232	1.37488	4.59708
4089.431	2.47653	3.22988	1.74395	5.32804
4093.428	1.86880	3.91457	0.84044	5.43171
4097.433	2.57600	3.80234	1.09118	5.26322
4101.428	4.38958	3.64886	1.14474	5.12390
4105.432	3.26099	3.16700	1.81711	5.13566
4109.439	1.89000	2.72948	1.75900	4.95175
4113.428	2.64790	3.20223	1.46524	4.92282
4117.427	2.65364	3.62957	1.52025	4.77001
4121.438	3.17730	3.74948	1.20336	4.91478
4125.431	2.79179	3.74286	1.39515	5.06805
4129.429	2.29168	3.97148	1.29308	4.98082
4133.428	2.40749	3.33272	1.34204	4.97841
4137.428	3.56052	2.29056	1.37528	4.99180
4141.429	2.81305	3.27079	1.43146	4.97413
4145.435	3.63908	3.56151	1.59283	4.34755
4149.434	2.97089	3.20073	1.60211	4.98439
4153.429	2.84457	3.33207	1.57982	4.83985
4157.430	3.16777	4.25107	1.83863	4.84315
4161.429	3.05377	3.29245	1.47484	4.75047
4165.432	3.29602	3.83759	1.78984	4.78014
4169.429	2.92861	3.39338	1.95371	4.42147
4173.429	3.57703	3.11270	1.92500	4.77773
4177.430	3.11940	3.67873	1.79854	4.91163
4181.429	2.80823	3.22474	1.73435	4.83637
4185.427	1.47662	3.24836	1.95577	4.25503
4189.469	2.54073	4.51213	1.97753	4.08722
4193.431	1.86801	3.92113	1.85879	4.21592
4197.425	2.32788	3.29398	1.66219	4.61476
4201.435	1.31280	3.34228	1.52732	4.85050
4205.433	1.74833	3.87666	1.58792	5.17673
4209.427	3.07241	3.75218	1.43062	4.83172
4213.426	1.92932	3.74730	1.51333	4.87194
4217.432	1.60637	3.88043	1.51050	5.32114
4221.427	2.01647	3.17576	1.32133	5.10585
4225.431	2.46409	3.19145	1.48602	4.55572
4229.432	2.51252	3.21460	1.52166	4.00573
4233.429	2.35690	2.58268	1.88782	4.45965
4237.429	2.80201	2.36408	1.25689	4.31288
4241.428	3.55866	2.39277	1.12576	4.24530
4245.427	2.43815	2.75621	1.37191	4.70671
4249.430	1.98316	1.93118	1.33168	5.14210
4253.485	3.35882	1.98516	1.08874	5.40324
4257.459	2.31904	2.35552	1.41501	4.37361
4261.427	2.37426	2.16879	2.12838	4.01145
4265.425	3.14130	2.38203	1.21854	4.52072
4269.434	1.89741	3.16557	1.09271	5.30507
4273.432	2.33764	3.51267	2.10471	4.16526
4277.428	3.12873	3.89270	1.24324	4.07715
4281.422	2.28702	2.07485	0.89855	4.79352
4285.424	2.02780	2.48287	2.18887	5.09440
4289.427	3.20008	3.21221	1.13801	4.26539
4293.424	2.18213	3.15010	1.04002	5.30991
4297.431	2.06476	2.43212	2.20431	4.27353
4301.426	1.91124	3.00587	1.35368	4.47369
4305.428	1.89250	3.81617	1.19849	5.16876
4309.422	2.19108	3.04763	1.66713	4.58358
4313.433	2.87636	3.01784	1.64370	4.57949
4317.427	2.07085	3.55597	1.13707	5.35772
4321.425	1.88997	3.09422	1.19261	4.30479
4325.430	3.19947	2.94647	1.43627	4.74436
4329.430	2.29817	3.55915	1.25701	4.57076
4333.427	2.06788	2.36509	1.18646	4.60206
4337.423	1.94493	2.91312	1.43136	4.93209
4341.426	2.25570	3.84993	1.59812	3.84775
4345.429	2.64800	2.48299	1.45487	4.75118
4349.424	2.25927	3.25660	2.50018	4.74465
4353.434	2.48525	3.54736	0.96519	4.61750
4357.425	2.69133	2.58234	1.21402	4.77251
4361.424	2.93936	2.06689	1.94630	4.86297
4365.429	4.02505	3.12807	4.56856	3.00625
4369.428	2.80313	3.03862	5.85976	3.36926
4373.423	2.98128	1.71032	6.67708	4.25730
4377.423	4.26084	1.25713	6.53828	2.66529
4381.424	4.23085	1.16538	6.74670	2.49498
4385.425	4.98127	0.52539	6.38155	0.71810
4389.424	5.15539	0.13090	5.96934	0.58435
4393.428	3.90585	0.86292	7.95168	0.41888
4397.431	7.09292	0.25381	8.08251	0.43014
4401.427	7.46136	-3.03578	7.73679	0.41693
4405.423	6.02610	-2.47999	6.50131	1.66101
4409.429	5.61286	-2.16248	6.21029	0.30773
4413.424	6.29259	-2.05429	7.44420	-0.10346
4417.427	6.87773	-2.20015	6.49820	-0.23857
4421.428	6.18142	-1.78093	6.46581	-0.90870
4425.426	6.79550	-1.96966	6.38476	-0.70856
4429.425	6.01648	-1.61106	5.88054	-1.21628
4433.423	5.96250	-1.82133	6.51915	-0.58863
4437.432	6.74457	-2.10848	6.55613	-0.45906
4441.424	6.25882	-2.12053	6.58330	-0.04174
4445.426	6.58655	-2.19361	5.52785	1.21604
4449.429	6.17102	-2.33549	5.56891	1.16844
4453.424	6.06166	-2.37976	5.32919	0.22342
4457.422	7.10196	-2.51845	6.58024	0.81363
4461.426	7.78380	-2.71697	6.05042	0.79279
4465.423	6.24676	-2.55445	5.61954	0.82725
4469.428	6.09420	-2.69512	5.64904	0.87329
4473.449	7.10919	-2.64335	6.72465	0.82271
4477.430	6.28695	-2.65036	6.62255	0.29872
4481.426	6.09449	-2.13039	5.43676	-1.36534
4485.425	7.41111	-1.13753	6.01945	-1.42293
4489.426	8.01971	-1.98431	6.41979	-0.23515
4493.422	6.25544	-2.75305	6.33341	0.45198
4497.424	5.95503	-2.42920	5.66523	0.78093
4501.423	6.08696	-1.71003	5.79482	0.71970
4505.420	6.52559	-1.24569	6.30730	-1.25743
4509.421	7.84099	-1.65300	6.05177	0.15160
4513.425	6.09314	-1.15503	5.91342	0.00833
4517.423	5.92444	-2.33754	5.73259	-0.16511
4521.425	6.75446	-2.54804	5.71807	0.50256
4525.420	6.24690	-2.24973	6.06711	0.28345
4529.448	6.42111	-2.30775	6.19753	0.49622
4533.428	5.94018	-2.19220	6.09221	0.81380
4537.423	6.25951	-2.14510	5.97934	0.67127
4541.420	6.97304	-2.25362	5.75969	0.65809
4545.425	6.25688	-2.21947	6.92794	0.48402
4549.426	5.85247	-2.27415	6.51030	0.31135
4553.420	6.06406	-1.08640	6.00163	0.18952
4557.420	6.21208	-0.32727	5.94195	-0.71303
4561.426	6.31823	-2.18912	6.11250	0.23964
4565.425	6.47262	-2.25508	7.32099	0.44491
4569.421	5.95118	-2.15568	6.76195	0.30223
4573.423	5.94364	-0.92999	6.03356	-0.47504
4577.422	6.47434	-1.53145	5.97747	-1.31231
4581.420	8.93697	-2.08831	7.13358	0.67160
4585.421	6.27523	-1.00698	6.34084	-0.46472
4589.420	6.20830	-1.91176	6.20362	-0.26166
4593.423	6.13714	-1.43541	6.88756	0.77061
4597.454	5.45703	-0.75271	5.97777	-0.20737
4601.426	5.92243	-1.98387	6.81236	0.54934
4605.425	6.67255	-0.99710	6.66447	0.66081
4609.423	8.20291	-1.60317	6.22488	-0.63609
4613.425	8.62819	-1.38421	6.06880	0.78229
4617.420	6.33559	-1.87154	6.52145	-0.89732
4621.424	6.40846	-2.06416	6.67561	1.16859
4625.422	6.86855	-0.96604	6.82567	0.63669
4629.428	5.06119	-1.55045	6.67505	-0.82416
4633.423	5.10005	-0.78799	6.41182	0.78524
4637.423	5.61047	-1.77246	6.77993	-1.83258
4641.423	8.00311	-1.03085	6.39998	0.88606
4645.428	6.98673	-1.58809	6.21787	-0.89131
4649.417	7.61853	-0.84937	6.22969	0.93209
4653.424	6.98372	-1.76677	5.88351	-0.85225
4657.422	6.56689	-0.25540	5.87246	0.81191
4661.419	6.53891	-1.90764	6.20052	-1.45116
4665.450	5.36383	-1.77240	6.52167	0.47085
4669.422	6.55200	-1.39816	6.33476	0.04394
4673.427	8.09764	-1.96043	5.93183	-0.63817
4677.424	6.90454	-1.30824	5.95110	-0.03324
4681.423	7.19752	-1.75472	6.01922	-1.27323
4685.446	7.88039	-0.47527	6.32149	0.52250
4689.427	6.84847	-1.82495	6.20244	-0.17362
4693.419	6.65206	-1.76402	6.44103	-1.03795
4697.417	7.24876	-1.37068	6.64530	0.04890
4701.422	5.59349	-1.26337	6.52549	-1.60888
4705.418	5.33856	-1.88091	6.37601	0.69608
4709.421	5.53896	-1.06820	6.65529	-0.12941
4713.417	5.20930	-1.53350	6.33091	-1.03943
4717.421	5.43275	-1.89727	6.67446	-0.27383
4721.420	7.19420	-1.73045	6.11822	0.80593
4725.418	6.76011	-1.59045	6.41133	-0.50821
4729.422	6.29391	-1.59781	6.28624	-1.03034
4733.433	9.31462	-1.74684	6.44282	0.05299
4737.424	5.85733	-1.45252	6.33439	-0.96704
4741.418	5.87950	-2.09242	6.24433	-0.10516
4745.416	9.64704	-2.13815	6.04004	0.22873
4749.421	6.27471	-1.35078	6.34054	-1.07635
4753.419	8.97581	-1.77557	6.14658	0.50701
4757.419	6.30340	-1.17057	6.51503	-1.03417
4761.416	6.31034	-1.79544	6.15875	0.62896
4765.423	2.66100	0.64625	6.32571	-0.03416
4769.424	9.85638	-2.31502	6.16415	-1.58334
4773.420	2.26086	1.24164	6.34650	0.41394
4777.416	3.34799	2.87195	6.88671	-0.36844
4781.419	1.92327	1.40171	7.46446	0.06987
4785.418	1.77506	4.29126	3.24145	-1.76860
4789.419	8.50816	-0.57255	10.63681	1.37283
4793.416	10.69949	-1.23920	11.46590	3.22401
4797.442	7.73019	-1.70004	11.66501	3.27140
4801.435	7.37355	-3.05961	15.61957	9.57658
4805.425	14.96800	3.50097	16.10931	14.28508
4809.443	NaN	NaN	NaN	NaN
4817.304	NaN	NaN	NaN	NaN
4821.292	NaN	NaN	NaN	NaN
4825.297	NaN	NaN	NaN	NaN
4829.296	NaN	NaN	NaN	NaN
4833.296	NaN	NaN	NaN	NaN
4838.794	NaN	NaN	NaN	NaN
4849.297	NaN	NaN	NaN	NaN
4853.293	NaN	NaN	NaN	NaN
4857.302	NaN	NaN	NaN	NaN
4861.301	NaN	NaN	NaN	NaN
4865.294	NaN	NaN	NaN	NaN
4869.489	NaN	NaN	NaN	NaN
4873.297	NaN	NaN	NaN	NaN
4877.303	NaN	NaN	NaN	NaN
4881.292	NaN	NaN	NaN	NaN
4885.325	NaN	NaN	NaN	NaN
4889.293	NaN	NaN	NaN	NaN
4893.292	NaN	NaN	NaN	NaN
4897.287	NaN	NaN	NaN	NaN
4901.298	NaN	NaN	NaN	NaN
4905.299	NaN	NaN	NaN	NaN
4910.656	NaN	NaN	NaN	NaN
4921.293	NaN	NaN	NaN	NaN
4925.295	4.95888	8.74119	NaN	NaN
4929.290	4.23828	4.59376	NaN	NaN
4933.291	NaN	NaN	2.11851	0.58758
4937.315	1.24627	12.95254	2.00031	-5.13231
4941.296	1.73214	-5.39127	2.70634	-4.95241
4945.291	1.68776	-4.34801	3.92018	-4.72669
4949.287	2.08367	8.06789	-0.76548	-5.07304
4953.293	3.17468	2.52148	-0.95182	-4.91936
4957.289	2.38442	0.34763	-4.30828	0.92601
4961.292	1.84877	-5.56022	-0.89473	-5.40073
4965.287	2.16310	0.15192	-4.65414	-6.70673
4969.291	2.17276	-0.93273	-1.43317	-6.41223
4973.288	1.89169	-2.18056	-2.71473	-5.61136
4977.289	1.79480	-4.88180	-2.62048	-6.14725
4981.289	1.86409	-3.41686	-3.49372	-7.19603
4985.295	1.80189	-3.90411	-3.04989	-5.40310
4989.295	1.61143	-4.14183	-2.36326	-2.38566
4993.290	0.27473	-3.65619	-0.90542	-5.58875
4997.289	0.09346	-3.85847	-1.70353	-5.03770
5001.289	0.74580	-4.45742	-2.19395	-5.23814
5005.305	1.44671	-3.98243	-1.05565	-5.83266
5009.292	1.00489	-4.57511	-0.50046	-4.80217
5013.289	0.62960	-4.57282	-0.35658	-4.67082
5017.289	1.27324	-4.44252	-0.25495	-5.10177
5021.293	0.42279	-4.33646	-0.24200	-4.28556
5025.295	0.44604	-4.53296	-0.02370	-5.17451
5029.288	0.36573	-4.53880	-0.34583	-4.38116
5033.287	0.27016	-3.70044	-0.28833	-4.77505
5037.293	0.86902	-4.80109	-0.22512	-5.00037
5041.289	1.10941	-3.52770	0.14531	-4.60861
5045.292	0.81009	-4.70016	-0.08120	-4.79855
5049.294	0.65682	-4.69610	-0.10451	-4.35665
5053.290	0.95492	-3.13649	-0.34548	-5.09954
5057.288	1.31994	-4.82200	0.02628	-4.26697
5061.288	3.91862	-4.51530	-0.02149	-6.04983
5065.295	-2.32553	-0.87564	0.03405	-4.50566
5069.295	-1.96643	1.76255	-0.35926	-5.19753
5073.313	0.16802	-0.72446	-0.47113	-5.11435
5077.290	-2.38244	0.67588	-0.11498	-4.46317
5081.286	-2.82655	-0.68383	-0.16047	-5.26592
5085.288	-1.62859	1.48371	-0.27739	-3.03127
5089.289	-0.18353	3.18646	-0.15131	-6.01486
5093.291	-2.80206	1.30324	-0.17767	-3.86439
5097.287	-1.08207	3.47541	-0.21914	-5.80734
5101.292	0.36295	-4.53500	-0.02643	-4.94265
5105.337	0.01807	-4.22320	-0.08120	-4.67068
5109.299	0.01856	-4.50464	-0.02201	-5.06028
5113.295	0.22423	-3.68733	0.00856	-4.09269
5117.288	0.05800	-3.30304	0.01268	-5.40653
5121.287	0.41152	-4.66884	-0.21246	-5.37639
5125.284	0.35955	-4.41609	-0.17405	-4.19745
5129.291	-0.05532	-5.21727	-0.19621	-4.63148
5133.287	0.39983	-4.80426	-0.15585	-5.44948
5137.288	0.20174	-4.21025	-0.34097	-4.64328
5141.303	-0.01521	-5.47555	-0.28870	-4.25780
5145.290	0.52356	-5.38507	-0.40586	-5.46599
5149.292	0.48500	-4.16475	-0.16412	-4.78684
5153.289	0.39402	-3.81628	-0.41579	-4.01697
5157.285	-0.16908	-4.10207	-0.27731	-3.88947
5161.290	-0.77350	-5.39107	-0.46805	-5.69234
5165.286	0.94889	-4.66723	-0.45195	-5.16442
5169.286	0.05284	-4.17152	-0.56252	-4.33753
5173.289	-0.12583	-3.37173	-0.53870	-4.21464
5177.284	0.50232	-2.19551	-0.75074	-3.83897
5181.285	-0.35640	-2.82246	-0.46996	-3.74873
5185.284	-0.53987	-4.34686	-0.81550	-4.49535
5189.286	0.28361	-3.92709	-0.59272	-5.83956
5193.293	-0.47966	-3.94345	-0.77037	-5.79001
5197.284	0.05805	-4.06922	-0.61302	-5.26544
5201.289	1.86114	-4.49613	-0.16563	-5.53684
5205.285	0.49091	-4.41710	-0.52270	-5.32367
5209.288	0.47842	-4.06730	-0.42909	-5.28400
5213.290	2.50432	-3.49755	0.01683	-4.33635
5217.286	0.18717	-3.67042	-0.45971	-3.25352
5221.288	4.87774	-4.07277	-0.53165	-3.85710
5225.283	2.20166	-4.76891	-0.47150	-4.57588
5229.283	2.40394	-4.88775	-0.17660	-5.45622
5233.294	0.36687	-3.50881	-0.38427	-4.33910
5237.286	1.03176	-3.51950	-0.28806	-4.33991
5241.289	0.51535	-4.92114	-0.28146	-5.18993
5245.286	3.51960	-3.93489	-0.41442	-4.01838
5249.287	2.59237	-5.24869	-0.45974	-4.09006
5253.283	0.39388	-3.25739	-0.31069	-4.36680
5257.288	0.45242	-3.60669	-0.48867	-3.84896
5261.286	0.36204	-4.57170	-0.38735	-4.67890
5265.286	0.22080	-3.41272	-0.58977	-3.90650
5269.288	3.29881	-4.72666	-0.57528	-5.31702
5273.296	0.34886	-3.61599	-0.38586	-3.53687
5277.290	0.74402	-3.85498	-0.29121	-5.30221
5281.286	0.64699	-3.33638	-0.23768	-4.28371
5285.283	0.42504	-3.58275	-0.35658	-4.69212
5289.283	0.25957	-3.71986	-0.42343	-3.42184
5293.287	-0.12563	-3.38104	-3.78168	-3.20088
5297.291	-0.79689	-3.53436	-3.22146	-3.66438
5301.285	-1.03163	-3.30072	-3.31403	-3.02186
5305.286	-1.67923	-3.28821	-3.40259	-3.16690
5309.289	-2.09219	-2.45632	-3.56927	-1.91642
5313.286	-1.87106	-2.25860	-2.86121	-2.26963
5317.325	-2.48787	-3.49940	-1.97924	-2.39722
5321.282	-2.08917	-1.74467	-2.58908	-2.89346
5325.288	-1.91025	-2.07240	-1.73430	-1.80255
5329.284	-2.87096	-1.57770	-1.90720	-3.09894
5333.285	-2.87475	-2.07303	-2.51395	-1.18390
5337.287	-2.87638	-1.85025	-2.21551	-2.32260
5341.286	-3.06882	-1.77707	-2.74861	-1.62734
5345.323	-2.95270	-1.88433	-2.71815	-1.20010
5349.294	-3.00287	-1.72551	-3.25721	-2.44018
5353.282	-3.02239	-1.73156	-2.64081	-2.98370
5357.289	-3.12997	-1.90628	-3.87895	-1.93484
5361.289	-1.48381	-2.07454	-3.33990	-1.51686
5365.313	-3.18200	-1.96492	-3.26267	-2.53783
5369.291	-3.16265	-1.86590	-3.07701	-3.09179
5373.282	-3.12598	-2.70960	-2.79936	-3.24134
5377.286	-3.14607	-1.77674	-2.92834	-3.80216
5381.282	-3.14202	-1.79088	-2.32275	-2.28269
5385.285	-3.19880	-2.04265	-2.85658	-2.10300
5389.279	-1.53825	-2.32771	-2.86700	-1.81320
5393.286	-2.99086	-2.22496	-2.79253	-1.55559
5397.284	-2.69896	-1.99378	-2.13262	-1.98549
5401.289	-2.63304	-1.82052	-2.67583	-3.09540
5405.280	-3.15266	-1.94589	-2.65354	-3.43566
5409.282	-0.21472	-3.07080	-4.67313	-1.44913
5413.283	-3.12326	-1.78204	-3.08748	-1.36454
5417.286	-3.42636	-1.95346	-2.75400	-2.33340
5421.285	-3.42621	-1.87769	-2.60124	-3.05729
5425.284	-3.96607	-1.90176	-2.47777	-1.27639
5429.280	-3.35182	-2.05140	-3.56618	-1.64225
5433.281	-3.50440	-1.85940	-2.64287	-2.69966
5437.281	-3.44557	-2.18702	-3.39097	-2.51707
5441.288	-3.56714	-3.17005	-4.06320	-1.78424
5445.282	-3.48200	-2.14302	-3.35805	-2.73447
5449.280	-3.70734	-1.78167	-2.06218	-2.54763
5453.281	-3.63858	-2.09526	-2.77490	-1.38883
5457.282	-3.60996	-1.67416	-3.27193	-2.64003
5461.284	-3.82398	-1.73088	-3.03012	-2.28177
5465.278	-3.38409	-2.10757	-2.15893	-1.10650
5469.288	-3.37455	-2.25453	-3.20756	-2.32114
5473.283	-2.89631	-1.34721	-3.20172	-2.68480
5477.281	-3.10052	-1.30666	-3.45583	-0.88094
5481.284	-3.35108	-1.75584	-3.11433	-1.99446
5485.289	0.52739	-5.91186	-3.21797	-2.35280
5489.287	-2.09985	-1.38752	-2.95569	-2.18861
5493.282	-1.70534	-1.55704	-3.04313	-0.90695
5497.283	-3.21597	-1.36390	-3.40272	-1.96959
5501.281	-2.79761	-1.67968	-2.98272	-2.76448
5505.284	-1.36732	-1.36653	-2.79275	-1.38276
5509.281	-2.03362	-1.62469	-3.29055	-1.99791
5513.282	-3.30351	-1.03413	-2.61815	-2.59179
5517.278	-2.73912	-1.42774	-3.41399	-1.87744
5521.279	-3.39918	-1.00484	-4.20360	-1.81027
5525.285	-2.83192	-0.75549	-2.87700	-3.57871
5529.280	-2.70255	-1.47209	-2.31904	-1.61677
5533.280	-2.39002	-1.68640	-2.01511	-2.81161
5537.312	-2.69730	-0.96465	-2.83264	-1.76579
5541.281	-2.91772	-1.14063	-3.53283	-2.05020
5545.286	-2.49015	-0.72338	-4.29742	-1.87601
5549.284	-2.39725	-1.80140	-3.28642	-2.00203
5553.279	-2.29404	-0.68600	-2.27124	-1.84941
5557.277	-2.84442	-1.28027	-3.47885	-2.18880
5561.278	-2.54056	-0.89325	-2.70126	-2.32495
5565.285	-2.85554	-0.81471	-2.72441	-2.22944
5569.278	-2.42252	-1.36721	-4.27064	-1.86648
5573.283	-2.49240	-1.05524	-2.94507	-2.26698
5577.278	-2.47440	-0.91310	-3.25933	-0.46350
5581.278	-2.51212	-1.11650	-3.07694	-2.49375
5585.278	-2.22203	-1.23820	-2.81315	-1.86017
5589.282	-2.35558	-1.02527	-2.75690	-2.08561
5593.281	-2.56466	-0.56779	-2.58521	-1.70596
5597.281	-2.34862	-1.35763	-2.58593	-0.34760
5601.277	-1.92917	-1.02819	-2.84413	-1.93920
5605.282	-1.95056	2.22375	-3.15642	-0.61738
5609.285	-2.23489	-1.26574	-2.64785	0.19488
5613.286	-2.46615	-0.32768	-2.49473	-2.52715
5617.309	-2.06753	-1.26675	-2.78278	-1.39666
5621.283	-2.16962	-0.32837	-2.90881	-1.35638
5625.279	-2.13690	-0.94000	-2.49288	-1.67828
5629.276	-2.51599	-0.56247	-2.39909	-0.69071
5633.277	-1.52332	0.17572	-2.82900	-1.14913
5637.282	-2.05050	-0.81311	-3.25394	-1.33598
5641.276	-2.69076	0.52407	-2.77300	-0.11593
5645.278	-2.61979	-1.42461	-2.78040	-2.29637
5649.280	-1.57870	0.00455	-2.80882	-1.15893
5653.282	-1.29082	-1.46240	-2.82959	-2.39348
5657.280	-0.89508	-0.87511	-3.01366	-0.89673
5661.281	-2.30296	-0.18520	-3.42782	-2.33769
5665.150	-2.37729	-0.70311	-2.29072	-2.31358
5669.155	-1.76943	-1.95865	-2.16050	-1.47672
5673.154	2.58393	-2.51964	-2.62784	-2.08989
5677.159	-1.26192	-0.77086	-2.77735	-2.68796
5681.153	-2.17304	-0.61885	-2.74720	-2.03825
5685.153	-0.54515	3.65871	-2.91666	-0.98271
5689.152	-0.88669	3.52027	-3.30994	-1.44608
5693.152	-0.93013	3.62615	-3.54536	-1.93260
5697.154	-1.08634	3.66698	-3.56534	-2.12324
5701.154	-1.16304	3.73509	-3.52801	-2.27313
5705.151	-1.17649	3.68567	-3.40316	-1.93490
5709.155	-1.65364	3.77173	-3.13900	-1.87094
5713.152	0.47773	3.82099	-3.01980	-1.70741
5717.150	-0.35839	4.33968	-3.01442	-1.44491
5721.155	-0.95656	5.36576	-2.61206	-1.15472
5725.152	0.63752	4.59553	-2.38905	-1.00601
5729.151	-1.29645	6.97070	-4.54427	-1.87527
5733.151	-1.18299	7.40126	-3.36381	-0.83797
5737.157	-1.46075	8.15795	-3.10755	-2.35307
5741.156	-1.38840	6.06939	-3.85896	-2.58584
5745.151	4.33404	0.50539	-4.11814	-1.93710
5749.155	-1.68910	7.61204	-4.07900	-2.69164
5753.166	-2.00663	9.40840	-3.96834	-1.75086
5757.156	-2.09829	7.12298	-2.37446	-2.86062
5761.150	-1.83831	7.49509	-3.11475	-2.55347
5765.153	-2.20827	8.17359	-3.55100	-0.59516
5769.151	-2.47739	7.01234	-2.94421	-2.98523
5773.151	-3.30621	8.17072	-3.46993	-2.61860
5777.153	-4.11895	9.59457	-3.15310	-0.77179
5781.154	-3.30299	7.49071	-3.26844	-2.44780
5785.152	-4.16988	9.27357	-3.64785	-1.82933
5789.152	-0.20594	11.25015	-2.82969	-1.73599
5793.152	-7.18745	9.47117	-3.07194	-2.24596
5797.187	-4.32229	11.47597	-2.86321	-0.61164
5801.160	-1.18356	9.26154	-2.95401	-2.39824
5805.151	-1.13462	11.17578	-3.18027	-0.79229
5809.148	-0.90376	9.22609	-2.95891	-2.75865
5813.151	-1.73070	11.26507	-2.97611	-1.14844
5817.153	-2.51168	13.07244	-2.61706	-2.84380
5821.155	-2.25813	11.41079	-2.86425	-1.37806
5825.153	-2.51445	12.50439	-2.91834	-0.79960
5829.148	4.60039	7.03019	-2.90265	-2.18091
5833.147	-2.40137	12.15596	-3.31521	-0.68528
5837.154	-3.29201	14.45773	-2.88542	-6.70949
5841.150	-2.59084	11.96305	-3.33322	-1.80620
5845.152	3.04907	10.76263	-3.79218	-1.87694
5849.146	-2.81184	10.96354	-2.97621	-2.08994
5853.147	-2.67514	12.44861	-3.40071	-1.34128
5857.150	-2.78295	13.29012	-3.52497	-0.99278
5861.155	-2.89596	11.22423	-3.12207	-2.02263
5865.153	-2.72751	12.26845	-3.99692	-1.87908
5869.152	-2.73127	13.19127	-3.53866	-1.13543
5873.148	NaN	NaN	-4.13698	-1.35090
5877.156	NaN	NaN	-3.02234	-2.07657
5881.150	-2.46070	12.61742	-2.83551	-2.03160
5885.148	-2.47856	13.53757	-3.04133	-1.67307
5889.152	-2.16699	14.30673	-3.60346	-0.96133
5893.149	4.77890	13.10084	-2.92809	-2.31964
5897.155	NaN	NaN	-2.69908	-2.60774
5901.149	-2.28147	13.13283	-3.04561	-2.20146
5905.161	-3.25157	14.64765	-3.20748	-1.18566
5909.147	NaN	NaN	-3.11118	-0.62736
5913.151	NaN	NaN	-3.02004	-2.63987
5917.149	-1.59070	12.81120	-2.85081	-2.77810
5921.151	-0.14553	13.68423	-2.75041	-2.05798
5925.154	4.18521	11.26292	-2.79003	-0.74455
5929.151	NaN	NaN	-3.02336	-0.93545
5933.148	NaN	NaN	-2.87834	-2.87427
5937.148	-1.05287	13.05448	-2.86079	-2.51440
5941.152	2.62041	8.58418	-2.92762	-2.09082
5945.156	0.91527	12.79948	-3.05541	-0.68096
5949.179	NaN	NaN	-3.55389	-1.64326
5953.147	0.50495	-3.05861	-2.65689	-2.93640
5957.148	1.05022	11.95206	-2.87049	-3.00659
5961.150	-1.15580	12.19967	-3.06249	-0.99351
5965.149	-0.88518	12.31116	-2.86287	-1.12590
5969.151	1.26750	12.16640	-2.98510	-1.04007
5973.148	1.71856	12.47495	-3.20187	-0.81938
5977.146	-1.21725	12.35058	-3.02623	-0.10608
5981.146	0.38382	12.28549	-3.21861	-0.28412
5985.148	1.03719	12.42041	-3.08515	-0.14878
5989.150	3.14409	12.04055	-2.98232	-0.17162
5993.146	-0.15928	11.95820	-2.95052	-0.11753
5997.148	1.27892	11.29606	-3.11923	-0.19969
6001.149	1.01079	11.38979	-2.98106	-0.22180
6005.144	-0.70506	10.28133	-3.05400	-0.30193
6009.151	1.49545	8.94056	-3.53651	-2.00183
6013.161	3.13246	8.41238	-3.33327	-0.36712
6017.149	3.72575	7.94138	-3.06229	-1.47586
6021.144	2.07219	6.87383	-3.12935	-6.26390
6025.145	4.07488	4.03764	-2.71478	-1.87505
6029.151	4.01954	8.01947	-2.99309	-2.19369
6033.159	1.78049	7.57405	-3.09983	-2.17030
6037.148	11.13262	3.16470	-2.83019	-0.23168
6041.145	4.32237	5.74899	-3.02111	-0.13685
6045.196	7.01106	3.52708	-3.24701	-1.04542
6049.148	9.09960	-0.31657	-3.04707	-1.27920
6053.144	-0.50959	-3.54162	-3.18831	-1.78492
6057.146	2.07757	4.32835	-2.70812	-2.46610
6061.145	6.69006	-0.36617	-2.98072	0.05847
6065.148	-0.55314	-3.76600	-3.29681	-0.24086
6069.151	4.14557	-0.13245	-3.02556	-0.65200
6073.152	-1.69153	-0.82311	-2.95426	-4.60151
6077.147	0.63052	-3.24734	-3.49109	-2.13438
6081.145	1.97024	-0.83373	-3.14211	-0.59459
6085.145	-0.35194	-2.10056	-2.88975	-0.12922
6089.145	0.22850	-3.80345	-2.93720	-1.40421
6093.152	2.66830	-4.09597	-2.98817	-1.64677
6097.148	0.95653	-2.35608	-2.99769	-0.65556
6101.142	-1.38242	-2.40197	-2.51012	-0.13277
6105.150	-0.57903	-2.00140	-3.30272	-1.33447
6109.146	3.49814	-5.44853	-3.39438	-1.75088
6113.151	-1.69321	-2.09671	-3.12140	-1.67096
6117.149	-0.69953	-2.60429	-2.51693	0.70813
6121.145	-0.06750	-2.15800	-2.57887	-0.17933
