time (ms)	lx (deg)	ly (deg)	rx (deg)	ry (deg)
0.000	3.05909	-1.11841	-2.75715	2.49151
4.000	11.45453	-11.92248	-0.18102	2.48751
7.995	10.39093	-10.31045	-3.35939	-0.56959
12.001	-19.99372	-11.82556	NaN	NaN
16.029	3.90410	0.94829	NaN	NaN
20.004	5.88496	-2.70236	-10.71178	7.31831
23.997	3.78573	-1.49732	-7.45665	-1.01987
28.005	6.70342	-11.86985	-7.02763	-0.01157
32.006	9.20127	-11.43873	-3.63048	2.23972
36.001	-19.99372	-11.77273	-3.36785	0.77031
39.996	-1.88725	-12.85897	-3.35642	0.75398
44.019	3.57881	0.86253	-6.21070	1.27730
48.005	3.48429	1.18473	-5.35495	1.35727
51.999	3.66970	-2.08614	-3.01101	0.87756
56.004	3.22665	-2.53319	-2.27639	1.68981
59.999	0.38956	-1.78455	-4.70954	1.96257
64.002	2.83804	-5.27123	-3.20795	1.00049
67.995	2.42743	-4.54518	-2.40533	0.16051
72.004	2.07861	-2.77102	-3.48716	0.20686
76.001	0.24790	-2.92238	-3.57147	-0.24404
80.001	-0.12123	-3.51303	-2.74682	0.79088
84.001	3.49673	-4.26206	-1.97927	0.44947
87.999	0.02320	-4.30206	-1.24843	0.60235
91.996	-0.85371	-3.43507	-3.78499	-0.36924
96.003	3.08461	-6.06856	-6.57032	0.18043
100.000	4.16213	-6.46695	-1.43895	-0.84884
104.001	4.34258	-6.50970	-3.92099	-3.81746
107.995	1.55008	-6.45690	-1.87076	1.15995
112.007	2.68581	-3.58161	-2.78743	2.11443
116.004	4.20114	-3.86940	-4.05345	1.66499
119.996	5.11068	-4.07963	-3.78766	-1.32131
124.003	5.07473	-5.65068	-3.32763	-1.61435
128.001	1.87907	-3.83062	-5.75615	-3.48192
132.001	2.24847	-3.64697	-3.46278	-1.53977
135.996	5.14611	-10.90043	-3.01074	-0.67134
140.005	1.37020	-9.67507	-2.52059	-0.64195
144.001	1.69381	-8.23188	-6.47411	-3.83350
147.996	0.96976	-9.11446	-6.82087	-6.35077
152.004	1.30055	-13.89216	-7.77317	-6.40194
155.999	-2.62078	-11.89950	-7.19161	-5.75058
160.001	0.97229	-13.73570	-2.85376	-0.52693
163.999	4.98243	-9.49791	-5.78819	-3.80044
167.994	6.21730	-9.00763	-4.61561	-0.67637
172.000	3.15550	-8.83491	-2.36589	-1.53127
175.998	5.61087	-8.02941	-2.36985	-0.52964
180.000	5.22741	-7.25147	-1.80831	-0.09170
184.002	5.38417	-6.66549	-6.57362	-2.66503
187.997	5.10125	-6.36812	-5.75477	-2.48932
191.994	3.44629	-3.38177	-2.55017	-1.30902
195.876	-0.38524	-3.71838	-1.22013	0.61302
199.873	2.29191	-3.85923	-2.79884	0.52596
203.881	1.57255	-3.99654	-1.50336	3.48085
207.879	4.96391	-3.55243	-1.42444	2.55115
211.874	3.58262	-6.08913	-1.41747	1.60757
215.876	3.49807	-3.76871	-1.32885	0.52324
219.869	5.63847	-3.54117	-1.50477	-1.50909
223.876	6.17999	-3.78575	-1.22504	0.86168
227.874	5.92763	-3.73681	-1.56198	-0.84713
231.876	5.53080	-3.45922	-2.09011	-0.50675
235.890	5.51954	-3.79193	-1.40140	-2.29938
239.875	5.26566	-4.07496	-2.74665	-1.23749
243.872	4.85376	-3.52339	-2.86819	-1.56888
247.879	3.61985	-4.82281	-2.99873	-1.38067
251.874	2.49193	-4.18991	-0.75682	-1.45103
255.871	6.03086	-7.12730	-1.54887	0.47605
259.866	5.73767	-4.65773	-1.54195	0.86840
263.876	6.19635	-4.91110	-1.03255	-1.25870
267.885	6.04190	-3.30190	-1.89488	-1.05720
278.008	5.31034	-4.47167	-1.69086	-0.76674
280.363	5.32102	-3.74942	-1.30913	0.28539
283.896	6.78236	-5.99362	-2.16094	-1.03951
287.870	0.57004	-2.50392	-6.80458	-3.12759
291.871	4.91496	-2.57234	-1.96444	0.71217
295.869	4.33475	-2.28031	-1.56781	-0.28590
299.863	5.98407	-4.70495	-1.33989	0.97273
303.869	5.37502	-2.73973	-1.41524	1.10266
307.867	4.02468	-3.26534	-1.32423	-0.37107
311.871	6.93724	-6.14389	-2.20701	-0.89930
315.869	5.27922	-5.13820	-5.76698	-3.49939
319.866	5.56276	-3.77082	-3.25609	-1.23927
323.874	5.29767	-4.88367	-4.76638	-1.23978
327.868	2.64054	-1.41404	-2.57392	0.01321
331.862	3.59678	-3.71642	-1.71491	-0.40570
335.868	5.58211	-4.95293	-1.47995	-0.64502
339.865	5.40368	-1.61738	-2.22721	-1.11996
343.869	5.40843	-5.01202	-1.41516	-0.16793
347.862	5.31529	-5.34577	-0.99916	-0.85772
351.869	4.39521	-5.61787	-3.48946	-0.85076
355.865	5.36602	-5.62597	-2.65233	0.11629
359.867	-0.25043	-0.04257	-1.09534	0.48913
363.861	-5.76087	-3.32198	-2.58415	-0.58252
367.873	5.24154	-4.51067	-3.73762	-1.36116
371.869	4.75630	-4.59417	-1.25567	-0.23899
375.866	5.09815	-6.14122	-1.44029	-0.90986
379.861	5.46288	-6.73549	-1.12710	1.37897
383.869	0.10940	0.43622	-1.05572	0.20899
387.871	2.30459	-2.42334	-0.62069	-0.52914
391.867	5.29905	-0.00940	-1.96928	-0.50785
395.873	3.75877	-3.67214	-3.97123	-1.37335
399.867	2.83858	-4.24946	-1.02513	-0.08308
403.865	2.40667	-3.03948	-0.29659	-1.87219
407.861	4.18358	-4.10241	-0.77541	-1.51081
411.875	0.20412	0.34661	-1.10132	0.58057
415.865	5.53660	-5.75868	0.28967	-1.37139
419.866	5.32053	-4.16774	-2.10689	-0.54788
423.860	4.29596	-6.10958	-3.48200	-0.79770
427.868	2.08136	-3.88748	-3.56796	-1.54265
431.866	3.77669	-5.17512	-1.63125	-0.14685
435.866	4.61588	-3.78778	-0.53069	-0.00179
439.861	6.53370	-5.36697	-1.07555	0.98199
443.896	5.35419	-4.26033	-0.89525	0.08661
447.864	4.82575	-3.98189	-0.92683	0.85245
451.910	4.18539	-3.81538	-2.68546	-2.74441
455.877	2.84529	-3.47806	-1.19202	-1.18165
459.864	4.46670	-5.06212	-1.61275	1.18484
463.871	4.20020	-3.88502	-1.31473	1.73976
467.870	4.78311	-6.34638	-1.48471	1.22273
471.870	5.40083	-3.50544	-0.36931	0.48819
475.867	-2.03328	-0.20570	-0.54979	0.66634
479.873	-2.01459	-0.31578	-1.47563	-1.20364
483.868	-2.08545	-0.20174	-1.77067	-1.40970
487.869	-2.52218	0.02840	-1.70633	0.37252
491.864	-1.73943	0.27691	0.19239	-1.22755
495.871	0.79841	-0.40723	0.42246	-2.08280
499.868	4.85657	-3.74095	0.23420	-1.88337
503.863	5.46015	-1.97252	-1.63335	-1.54643
507.870	5.33322	-3.54090	-1.71501	2.07156
511.868	5.31211	-4.76534	0.03368	0.32604
515.864	-2.07774	-0.01050	-1.10274	0.40623
519.874	4.52217	-2.33165	-1.53131	0.24833
523.869	1.72446	-0.73601	-1.45140	-2.13925
527.863	1.27911	-3.57310	-2.27833	-1.61148
531.870	1.51474	-1.44186	-5.22658	-1.73764
535.866	7.41919	-4.69062	0.57776	-1.94452
539.869	5.11526	-3.89940	-2.03997	0.26552
543.862	0.38971	1.08143	-2.35727	0.41884
547.870	-2.08696	1.25938	1.07671	-1.69558
551.867	-0.82310	-1.17794	-1.53022	-0.72311
555.869	5.76129	-1.79050	-1.95081	0.33296
559.862	-0.62670	-0.32190	-1.36888	-0.82813
563.871	5.06905	-1.48963	-1.61952	1.01423
567.868	4.94260	-0.25940	-2.24733	1.21862
571.868	5.17240	-1.93794	-0.89547	1.54997
575.862	5.33896	-3.26578	-1.38218	-0.51553
579.867	5.19251	-4.00597	-1.42967	-0.71624
583.867	5.58378	-2.65271	-1.94414	-0.68812
587.883	-2.26562	0.26667	0.01807	0.63890
591.861	5.34899	-3.02254	-2.12989	0.96021
595.865	-1.75709	0.52555	-0.26470	0.35695
599.867	4.94371	-2.97973	-0.84984	0.27639
603.871	5.19569	-2.89707	-0.37961	-1.99923
607.865	5.29177	-3.26349	-1.60305	0.12313
611.866	-1.34316	0.31808	-1.86474	-1.26243
615.862	5.34565	-3.33787	-1.40983	-2.48080
619.872	4.98832	-2.97935	-2.15465	0.05806
623.869	5.22269	-2.92678	-2.47913	-0.04588
627.868	5.06616	-2.46418	-1.65557	-0.06115
631.861	5.22094	-2.43044	-5.54929	-3.03480
635.870	4.81983	0.13133	-2.76433	-2.20308
639.866	4.80889	0.06458	-4.81150	-1.79676
643.864	4.63040	0.54444	-4.81801	-3.34248
647.897	4.56516	-0.09207	-3.24553	-0.19195
651.864	-0.52540	1.06204	-5.66649	-3.40754
655.865	-1.23449	0.29141	-2.42364	0.23178
659.867	-3.63928	0.15542	-2.36968	-1.91903
663.868	3.67114	0.18735	-4.89065	-3.31651
667.866	2.24780	-1.37023	-2.05707	0.39536
671.861	3.74397	-2.10065	-4.45316	-1.52607
675.867	4.33263	-3.60102	-3.07194	-1.64349
679.863	4.63237	-3.32217	-2.68581	0.29394
683.864	-1.24290	-0.24428	-1.77648	-0.64380
687.862	6.12906	-3.60037	-1.66403	-1.06114
691.870	5.23120	-2.82732	-1.80878	0.62392
695.864	2.91220	-2.71526	-0.16682	-1.45957
699.862	3.35009	-1.05283	-2.44170	-1.74591
703.869	4.79563	-0.18713	-1.39919	-1.53537
707.864	5.36083	-2.57355	-1.87436	-1.64011
711.859	5.45897	-2.85966	-1.92342	0.16245
715.867	5.31450	-3.12700	-1.35090	-1.83544
719.864	6.51993	-6.97788	-1.51380	-1.94972
723.868	2.92285	-3.50215	-0.90736	-2.13495
727.865	3.50383	-2.80552	-1.46640	0.51452
731.859	5.25441	-2.84827	-0.86763	-0.09414
735.866	5.32405	-2.60428	-1.22782	0.39108
739.866	5.26849	-2.64056	-1.38185	0.20870
743.864	3.15236	-3.71300	-3.94922	-1.09681
747.859	5.88496	-3.70013	-2.01543	-0.93007
751.866	3.58166	-3.84881	-1.39753	1.40311
755.865	4.72573	0.34886	-1.52139	0.92853
759.865	5.32324	-2.06630	-6.03518	-5.70085
763.858	5.56495	-4.02986	-3.59078	1.27398
767.865	-0.83257	0.12513	-1.61317	-0.04272
771.864	5.32262	-3.17037	-0.77826	1.34399
775.859	1.42794	0.67556	-1.83509	1.53959
779.866	2.53682	-2.07078	-1.85053	1.53947
783.864	3.28343	-3.71804	-2.38903	-0.96426
787.868	4.73214	-2.62446	-1.28259	1.24563
791.880	3.69429	-0.30302	-3.83579	-1.63340
795.867	-0.29741	-0.40066	-3.36616	-1.26221
799.862	0.69265	-0.57684	-2.09735	-0.94375
803.858	2.95463	-3.76911	-3.25671	-3.87303
807.866	3.93053	-1.33006	-1.83352	-0.00025
811.860	4.24826	-0.41319	-5.09281	-1.71182
815.863	5.07077	-1.85530	-2.88666	-1.59563
819.857	4.88466	-1.58088	-2.67702	0.13947
823.866	5.20861	-6.23019	-1.23903	0.86364
827.875	0.19303	-1.72107	-1.00437	-2.25467
831.858	4.20168	-2.51444	-1.46132	0.42835
835.867	5.39441	-1.77132	-2.36202	-2.48990
839.863	2.50789	1.16802	-1.84255	0.03199
843.864	-2.26423	1.34059	-1.28837	-2.54522
847.859	-0.67439	-3.74506	-2.28311	-2.08939
851.867	4.29794	-2.08502	-2.45203	-1.60178
855.865	-1.60174	-2.96150	-1.55913	0.41619
859.888	-0.53356	1.36969	-0.87704	1.60132
863.858	6.20859	3.58221	-2.59799	4.79081
867.865	3.98879	1.23313	6.48294	4.76519
871.864	8.40820	2.07718	6.75901	6.39358
875.867	4.55258	0.19415	NaN	NaN
879.856	NaN	NaN	6.89206	13.37134
883.864	NaN	NaN	NaN	NaN
887.861	NaN	NaN	NaN	NaN
891.858	NaN	NaN	NaN	NaN
895.865	NaN	NaN	NaN	NaN
899.908	NaN	NaN	NaN	NaN
903.864	NaN	NaN	NaN	NaN
907.860	NaN	NaN	NaN	NaN
911.868	NaN	NaN	NaN	NaN
915.859	NaN	NaN	NaN	NaN
919.857	NaN	NaN	NaN	NaN
923.859	NaN	NaN	NaN	NaN
928.468	NaN	NaN	NaN	NaN
932.454	NaN	NaN	NaN	NaN
936.443	NaN	NaN	NaN	NaN
940.599	NaN	NaN	NaN	NaN
944.757	NaN	NaN	NaN	NaN
948.726	NaN	NaN	NaN	NaN
952.829	2.26175	0.43496	15.84408	14.05985
955.868	-2.70728	11.07922	NaN	NaN
959.866	-2.58417	11.07910	NaN	NaN
963.853	-1.13146	7.94973	NaN	NaN
967.863	4.61674	-8.56813	-0.82846	9.35039
971.857	4.40332	-8.60515	1.09559	5.71612
975.857	9.12648	-8.19416	-4.79294	9.51871
979.851	1.67189	-7.75679	-7.75736	5.64940
983.860	1.32942	-5.81239	-6.94017	8.82511
987.855	4.52937	-6.53985	-4.91518	2.25642
991.856	6.85170	2.34253	-4.21447	0.52925
995.878	4.19262	4.39888	-6.58670	12.10935
999.879	4.90506	1.51876	-3.18160	7.89065
1003.862	4.32015	-10.40257	-1.57173	-2.33048
1007.856	-19.99372	-12.06507	-5.72598	-0.42467
1011.864	-19.99372	-12.07126	-4.02641	-2.42798
1015.875	-19.99372	-12.07336	-4.44003	-3.79878
1019.852	-19.99372	-12.07441	-0.31858	0.18333
1023.858	-19.99372	-12.07503	-0.03973	-0.09490
1027.853	6.10431	-3.02003	3.36597	1.08904
1031.855	6.46755	-3.08256	1.27780	-1.95257
1035.850	2.39438	-5.05889	3.14412	-2.19001
1039.858	3.61562	-5.00675	0.51818	-1.73422
1043.856	2.02274	-4.88402	1.73561	-1.25885
1047.854	3.67000	-4.68766	0.98641	-0.08969
1051.725	3.21211	-2.95180	1.10363	0.29915
1055.733	2.79679	-13.94381	0.88193	1.01012
1059.729	3.01418	-13.62623	1.14454	0.97030
1063.735	3.44728	-13.42011	1.52972	1.09850
1067.730	5.94533	-4.55135	1.64727	1.08250
1071.724	5.51996	-4.43096	2.32580	0.63303
1075.732	7.10624	-4.51841	1.00784	0.73588
1079.766	5.50724	-2.67186	1.80578	0.28589
1083.731	4.97583	-2.60335	1.89094	0.76591
1087.732	4.95174	-2.48349	1.07287	-0.52011
1091.728	5.25788	-4.05888	0.87431	-1.07035
1095.724	4.47753	-7.42610	0.89436	-1.60866
1099.729	3.70381	-7.32689	1.81711	-0.25107
1103.726	3.41639	-7.30721	1.12293	-1.19971
1107.728	4.46502	-7.12601	1.17726	-2.11286
1111.732	3.78304	-7.32577	0.82957	-2.15209
1115.729	4.63072	-7.60264	0.48527	-2.40889
1119.729	7.00766	-2.41564	0.59645	-2.93417
1123.727	7.88614	-2.27478	0.96532	-2.29669
1127.731	4.37877	-3.49452	0.84801	-2.41918
1131.735	4.92494	-3.77952	0.56898	-2.23322
1135.731	5.96566	-2.24183	1.27792	-0.25101
1139.730	3.85469	-2.41145	2.08726	-0.74573
1143.722	4.29157	-2.81852	1.25413	-0.20727
1147.729	4.63509	-2.83025	2.05549	-0.22161
1151.726	5.30618	-3.52188	2.26249	-0.03275
1155.727	4.24122	-2.86978	1.68401	1.74027
1159.722	5.21577	-3.45159	1.69736	1.88147
1163.730	7.46680	-2.83733	1.54348	1.98475
1167.722	7.83130	-4.59476	1.37726	2.08062
1171.728	7.13624	-4.10159	1.59301	2.43596
1175.727	4.99066	-3.35491	1.60806	2.20477
1179.721	4.21333	-2.39928	1.60841	2.05525
1183.732	3.42455	-0.39283	1.43052	1.92208
1187.727	2.04094	-1.26528	2.40711	1.90630
1191.726	1.67834	-0.95085	3.64716	0.58446
1195.734	2.52037	-2.59255	2.87591	0.82938
1199.729	2.71236	-2.74022	3.66011	-0.32081
1203.730	2.46201	-2.32040	2.91183	0.05321
1207.733	4.66815	-1.38298	3.29627	-0.00246
1211.722	3.98793	-2.54460	2.78253	-0.15242
1215.729	2.71865	-1.29334	2.21440	0.06679
1219.730	4.78126	-2.25096	2.17693	0.30269
1223.727	4.30603	-3.43402	2.42805	0.54540
1227.721	7.85874	-0.89129	1.08579	0.52153
1231.729	7.16837	-2.47955	2.99217	0.10412
1235.726	6.41753	-2.17536	2.78555	0.03624
1239.729	5.01553	-2.35268	2.38236	0.08049
1243.722	3.96548	-1.79270	2.36827	0.33910
1247.732	2.80330	0.93874	2.14379	0.51013
1251.730	4.61844	-0.07951	2.42237	-0.06266
1255.725	4.59867	-0.05818	2.64223	-1.11495
1259.723	4.25435	-1.09334	2.52414	-1.67896
1263.767	3.14830	-0.66475	5.38521	-3.59955
1267.745	3.27385	-0.24935	2.68054	-0.49779
1271.728	4.44358	-2.42259	2.67833	-0.61832
1275.728	4.71627	-3.13013	2.78181	-1.30728
1279.722	5.41057	-3.68758	2.68673	-0.14608
1283.755	5.84682	0.00269	2.72320	-0.10030
1287.728	6.38236	-2.78657	2.70973	-0.47852
1291.730	6.30710	-2.66616	2.34703	0.48384
1295.725	6.15387	-1.84344	-0.99040	-1.12083
1299.724	6.20276	-1.62097	2.54234	0.07812
1303.720	6.23133	-3.30513	2.55475	0.08890
1307.731	6.00356	-3.52482	2.53880	0.13723
1311.723	6.03024	-2.18064	2.45079	0.22800
1315.724	6.04657	-2.40496	2.51807	0.35058
1319.719	6.00698	-2.28242	2.51633	0.37590
1323.727	5.81953	-2.54349	2.38479	0.43266
1327.725	5.76595	-2.16551	2.30590	0.42601
1331.722	5.82970	-2.11900	2.26611	0.42456
1335.721	5.73672	-2.75843	2.32890	0.35591
1339.718	5.71126	-1.74597	2.36150	0.40477
1343.727	5.81562	-2.86631	2.37097	0.40245
1347.724	3.95263	-2.47432	2.17859	0.34835
1351.724	5.65983	-2.27507	2.19118	0.16145
1355.718	4.74560	-2.41659	2.36470	-0.06488
1359.731	5.68342	-2.33417	2.07358	0.03658
1363.724	5.74080	-1.78033	1.68235	-0.36380
1367.723	4.04189	-5.20663	2.16855	0.26517
1371.721	5.71057	-2.96379	2.21975	-0.52595
1375.726	5.11760	-4.19277	2.79919	-2.38247
1379.723	5.73519	-3.52055	2.97453	-0.85888
1383.723	3.56445	-2.16391	4.78807	-1.15184
1387.717	3.90545	-2.81773	4.01653	-2.44876
1391.728	4.31487	-1.62626	5.71610	-2.75335
1395.727	4.80716	-0.60184	6.09074	-1.98770
1399.727	5.81258	-2.53205	4.46167	-0.54776
1403.749	5.26019	-1.29008	1.72994	-0.57659
1407.725	4.65989	-1.35074	1.46025	0.68541
1411.720	5.85907	0.01500	-2.64911	-0.86106
1415.730	5.11017	-2.28822	0.70647	-2.11553
1419.723	5.16319	-3.03788	4.57680	-1.59413
1423.722	4.24107	-2.99591	5.05705	-1.94240
1427.724	4.19938	-2.60213	7.20651	-0.37211
1431.727	5.96912	-2.28009	4.78282	-1.91675
1435.726	6.28884	-2.87073	7.99586	-1.27306
1439.724	3.49977	-2.46393	7.41253	-1.26516
1443.719	4.85738	-3.05305	6.26243	-1.24878
1447.728	6.41072	-6.04056	9.35078	-0.15126
1451.721	9.57896	-1.70021	6.63215	-0.65844
1455.717	9.40066	-3.14518	7.11420	-3.70288
1459.726	8.92113	-3.06645	8.23393	0.49682
1463.722	9.33099	-2.87537	8.57595	1.07961
1467.723	4.74254	-0.79158	8.56163	0.62551
1471.718	9.43083	-1.45196	8.70158	0.75252
1475.725	9.66135	-1.21334	7.66665	0.57716
1479.723	9.61877	-1.31166	7.58459	0.40011
1483.725	9.42566	-2.34460	7.41126	-1.33944
1487.717	9.32707	-2.51983	8.37864	-0.17169
1491.726	10.61962	-2.80546	8.03901	0.13449
1495.726	9.67403	-2.51738	8.37325	0.48083
1499.723	9.60309	-1.21759	8.22402	0.59470
1503.756	9.93145	-2.57811	8.21842	0.02199
1507.721	9.57421	-2.99409	7.12207	-0.16289
1511.720	9.95562	-2.95467	8.22929	-0.09537
1515.718	10.15817	-2.19157	8.15158	0.27719
1519.720	9.42206	-2.81392	8.28186	0.18462
1523.721	9.38955	-2.81051	8.28493	0.00266
1527.715	9.80720	-2.75322	8.17775	-0.31818
1531.724	10.28979	-3.12438	8.32597	-0.29770
1535.722	3.21456	-4.31401	8.32245	0.13791
1539.723	5.29378	-3.29002	8.22730	0.14793
1543.721	9.63375	-2.68850	8.07898	0.62422
1547.724	9.38653	-3.24407	8.40451	-0.32583
1551.720	9.27856	-4.81414	8.37801	-0.20483
1555.721	5.34558	-2.98844	8.46211	-0.09502
1559.717	7.24334	-1.84408	8.12765	0.19687
1563.723	9.65898	-1.25152	8.46845	-0.21376
1567.720	8.60264	-3.38925	8.41123	-0.52933
1571.719	9.14852	-3.04588	8.92585	-0.57880
1575.715	7.63030	-3.54841	10.71142	-0.43035
1579.721	9.34742	-2.51144	8.11359	-0.18042
1583.725	8.85298	-2.86289	8.82240	-0.63718
1587.714	3.88628	-2.71092	8.46269	-0.53250
1591.722	9.75608	-2.75430	9.21914	-0.39571
1595.719	12.87513	-3.04666	8.49770	-0.43315
1599.714	3.60116	-2.97250	8.76384	-0.71024
1603.725	6.77526	-2.92704	9.73082	-0.63827
1607.751	9.76085	-3.02423	8.13845	-0.52815
1611.721	8.56049	-3.22182	8.37648	-0.78721
1615.720	6.66105	-2.85776	9.62270	-0.55901
1619.716	9.67647	-2.41624	8.28818	-0.37644
1623.728	6.94670	-3.39999	8.35090	-0.43870
1627.720	6.72749	-2.72307	9.35029	-0.35089
1631.715	7.91945	-2.85287	8.10289	-0.22835
1635.722	5.87798	-3.51729	8.60798	-0.37949
1639.719	7.84922	-2.94803	9.32859	-0.12174
1643.717	9.36257	-3.85126	8.02131	-0.29650
1647.723	5.18707	-1.75859	8.34225	-0.03172
1651.722	9.64581	-5.38059	7.77875	-0.01928
1655.720	9.63356	-3.89495	8.25046	-0.76472
1659.720	7.57127	-4.27380	9.11351	0.05368
1663.723	9.64287	-3.66144	7.55188	-0.07489
1667.721	6.70971	-3.09344	9.12810	-0.30020
1671.720	9.59218	-4.31450	11.61966	-0.38259
1675.721	7.72166	-4.12961	8.76205	-0.01658
1679.722	6.88118	-2.60700	5.36799	-4.25024
1683.720	7.03523	-3.93517	8.19589	-0.18569
1687.716	7.13722	-1.53271	8.52807	-1.10773
1691.722	9.33596	-1.29922	9.46290	-0.34710
1695.722	12.42254	-1.83716	14.00921	-1.25335
1699.716	13.81076	-2.98625	10.79203	-0.57956
1703.721	12.47144	-3.48962	13.87061	-0.96945
1707.729	12.91696	-0.63295	11.56417	-0.91144
1711.715	12.85586	-3.87002	13.23043	-1.34999
1715.749	6.96597	-5.95951	13.41326	-1.00397
1719.721	10.82610	-3.68965	12.12651	-1.51255
1723.718	11.78133	-3.84609	11.08192	-3.20103
1727.712	9.06138	-5.94390	11.05321	-0.11002
1731.720	14.77649	-4.39813	11.68210	-1.46427
1735.716	12.05029	-5.78564	12.24600	-3.28824
1739.717	10.81980	-2.17958	11.67786	-0.74424
1743.742	13.13943	-3.40798	11.87230	-1.80902
1747.721	13.82705	-3.37650	16.46879	-1.44008
1751.718	13.75924	-3.24264	11.58944	-0.94185
1755.712	14.31232	-2.23452	11.80854	-2.57667
1759.720	14.40994	-5.44974	13.84462	-1.93034
1763.716	9.20383	-5.80764	14.10118	-1.26993
1767.714	14.42237	-5.14443	11.62723	-1.18505
1771.720	11.11454	-4.75093	11.83217	-0.70287
1775.716	10.54066	-4.91237	11.96246	-1.76400
1779.717	13.98748	-3.05368	11.74513	-1.31521
1783.711	11.09181	-1.86611	11.84337	-0.93568
1787.723	14.56813	-4.20194	11.80095	-0.99604
1791.718	11.14672	-4.77939	13.65010	-0.67489
1795.713	12.52362	-4.41812	11.51297	-0.88824
1799.715	14.66610	-4.05692	11.66427	-0.94887
1803.715	14.43938	-5.00919	11.71632	-0.85446
1807.712	14.81463	-4.22814	12.30187	-0.84144
1811.752	14.52319	-3.95317	15.14805	-0.79800
1815.726	13.71577	-3.97324	12.05103	-0.78100
1819.724	15.56065	-3.73381	11.42065	-0.85049
1823.722	15.26674	-5.04147	11.88808	-0.86323
1827.734	10.17976	-5.08235	11.48172	-0.85228
1831.721	10.75445	-5.05996	12.68713	-1.32592
1835.719	14.38691	-3.90015	14.44560	-0.73813
1839.712	14.20031	-0.94934	14.85760	-0.85996
1843.720	12.85628	-6.91967	11.72860	-0.92953
1847.719	10.10393	-4.62100	11.72327	-0.71689
1851.716	7.87299	-5.43740	12.80114	-1.99485
1855.716	8.41925	-5.96123	11.75541	-0.99287
1859.720	9.22881	-5.37148	11.40906	-0.86764
1863.715	10.17971	-5.51867	11.56424	-0.81583
1867.716	11.03623	-4.83606	11.32309	-1.87501
1871.711	13.85840	-4.46783	12.47960	-1.33584
1875.730	13.97844	-3.68072	13.64907	-0.84587
1879.720	14.55300	-4.99890	13.50427	-0.91043
1883.716	16.00069	-5.41829	13.54265	-1.04992
1887.716	16.66057	-6.17730	13.65690	-0.93256
1891.719	14.27713	-8.88171	13.76010	-1.28047
1895.720	14.96457	-5.15825	11.32905	-0.96030
1899.711	13.13282	-6.08281	11.31669	-1.09605
1903.593	9.94804	-4.91700	11.42108	-0.59980
1907.590	11.63816	-4.57795	11.22902	-0.66756
1911.590	11.65796	-4.13828	11.34020	-0.81789
1915.585	13.92190	-4.37406	11.26739	-0.74310
1919.601	13.75921	-4.33689	11.38030	-0.91064
1923.592	14.09939	-1.95305	11.43193	-1.18486
1927.593	13.74673	-3.85545	11.44997	-1.12587
1931.586	14.34888	-2.60328	11.50415	-1.22299
1935.592	16.11343	-4.28091	11.56302	-1.05769
1939.590	13.53266	-0.72897	11.66879	-0.63092
1943.620	15.59667	-4.00838	11.79653	-0.85576
1947.617	16.97077	-4.12339	11.92964	-1.08129
1951.595	14.46284	-3.82675	14.43747	-0.93590
1955.594	15.44188	-4.10204	12.46377	-1.02483
1959.587	14.43212	-3.38604	11.87460	-0.73072
1963.590	14.71449	-4.28073	11.95078	-2.75938
1967.588	21.52869	-7.63638	12.20904	-0.63122
1971.588	18.90916	-7.52074	16.26737	-1.19390
1975.583	18.63168	-4.57188	16.16912	-0.77410
1979.593	21.99690	-8.03365	15.81245	-1.30926
1983.590	22.52625	-10.14730	14.01013	-3.39728
1987.588	18.64868	-9.01690	13.88509	-2.24605
1991.582	18.93725	-8.73068	14.11489	-2.29215
1995.589	22.16361	-9.81770	14.01646	-1.23170
1999.587	22.10820	-10.10366	14.60758	-1.88433
2003.586	18.99296	-7.97010	14.13906	-1.40959
2007.592	18.73048	-9.64193	14.00999	-1.33049
2011.588	17.75265	-9.51240	15.07512	-1.44185
2015.593	17.20645	-9.44100	14.10688	-1.12676
2019.588	16.56273	-9.57101	14.11612	-1.22329
2023.589	17.30475	-8.92503	14.10373	-1.29441
2027.582	18.24417	-8.95094	14.10172	-1.20031
2031.591	17.02418	-8.13639	14.72768	-1.32294
2035.588	16.88219	-7.45039	14.42453	-1.05899
2039.587	18.06634	-7.71766	14.53512	-1.29431
2043.582	17.94463	-7.82491	14.66382	-1.28714
2047.590	17.03845	-8.25807	14.91645	-1.30143
2051.588	17.81795	-7.85048	14.63973	-1.75078
2055.587	17.78532	-7.43357	14.70911	-1.90374
2059.587	17.00119	-9.52370	17.71944	-1.68366
2063.589	17.72385	-8.58859	16.84739	-2.39979
2067.590	17.82269	-7.69040	14.89631	-1.81634
2071.588	16.64446	-7.30240	15.03140	-1.56185
2075.582	17.49205	-7.12694	14.97766	-1.50150
2079.587	18.02084	-7.21927	15.10644	-1.92976
2083.587	16.80205	-5.56849	15.34238	-1.66433
2087.590	16.08896	-5.99782	17.19048	-1.18064
2091.588	16.20366	-6.83075	15.18023	-1.91179
2095.588	18.86083	-6.27214	15.29141	-1.57581
2099.588	19.09781	-6.13134	16.66854	-1.45574
2103.591	17.64232	-6.32169	15.45687	-1.66636
2107.589	19.37676	-6.92998	18.89381	-1.32281
2111.586	16.84089	-4.61072	16.46484	-1.13465
2115.588	18.58942	-5.11665	15.83312	-1.47155
2119.586	17.55930	-5.79714	16.93058	-1.65071
2123.586	18.78615	-5.93507	17.20054	-1.54692
2127.582	18.45168	-6.21111	16.52649	-0.86798
2131.589	16.72309	-5.91700	16.33969	-1.64977
2135.615	17.68912	-6.03076	15.51221	-1.43849
2139.613	15.49280	-3.95508	16.50268	-1.30215
2143.596	16.77122	-3.96744	15.32315	-1.05680
2147.590	17.68139	-6.04610	15.60620	-1.27195
2151.599	18.01574	-6.26618	15.31341	-1.13191
2155.610	17.31093	-6.35897	15.03219	-1.49930
2159.587	17.26124	-6.29599	14.90561	-1.81466
2163.583	15.48663	-6.88100	15.28557	-1.61908
2167.588	16.74478	-6.89093	15.12960	-1.43379
2171.590	19.35204	-10.79389	15.32946	-1.40685
2175.587	17.40979	-7.21637	15.24256	-1.51659
2179.583	18.55561	-7.49339	15.30307	-1.68593
2183.585	20.08561	-9.63344	15.41441	-1.92935
2187.580	17.97102	-9.69960	15.29607	-2.13421
2191.587	20.09822	-8.12107	15.09312	-2.37519
2195.586	20.98519	-9.24493	15.41402	-3.81573
2199.587	14.72982	-8.18318	15.49806	-2.64151
2203.625	18.58940	-7.38048	15.57938	-2.35531
2207.580	18.28962	-6.74054	15.52672	-2.36437
2211.591	18.26127	-6.48909	17.61056	-2.34099
2215.583	17.76021	-6.61139	17.56458	-2.48683
2219.605	17.17415	-6.05946	19.71973	-2.38767
2223.589	15.28023	-3.49192	14.96992	-2.17961
2227.585	17.81599	-7.33782	15.38562	-2.25485
2231.584	20.40750	-8.76134	17.39974	-2.77246
2235.579	18.46755	-6.82201	15.45924	-1.96769
2239.589	21.89324	-7.87710	18.48195	-2.45073
2243.587	21.60051	-6.48281	15.65706	-2.62717
2247.585	22.65768	-8.28065	15.36479	-3.45943
2251.579	21.89289	-8.36564	15.69364	-2.77861
2255.586	17.96830	-4.64115	17.32407	-2.84886
2259.583	17.98012	-6.15978	16.59560	-2.12740
2263.607	18.07244	-3.27827	17.67646	-2.79880
2267.591	22.64023	-8.57264	17.59992	-3.61555
2271.583	22.86599	-7.59129	14.79496	-2.90191
2275.580	-19.99372	-12.07729	16.10326	-2.90224
2279.587	-19.99372	-12.07736	15.92597	-2.80048
2283.582	20.51954	-6.27088	15.89535	-2.88726
2287.585	22.24056	-9.91780	16.60958	-2.30850
2291.586	-19.99372	-12.06112	15.53248	-2.72456
2295.588	22.16665	-7.15513	15.80452	-2.72249
2299.583	23.00396	-8.93749	15.76378	-2.79681
2303.578	23.14319	-7.73291	15.72058	-2.74877
2307.587	-19.99372	-12.06514	16.06907	-2.46217
2311.582	19.79988	-6.07971	16.06495	-3.46709
2315.584	-19.99372	-12.06789	16.22247	-2.39601
2319.578	18.80196	-10.46285	16.02032	-2.33481
2323.586	-19.99372	-12.04739	15.82570	-2.81234
2327.587	21.55003	-7.36671	16.40571	-2.57000
2331.582	21.47822	-7.57152	19.93308	-2.64444
2335.588	21.64531	-6.27521	16.15637	-2.52689
2339.582	-19.99372	-12.05835	16.00227	-2.34580
2343.583	20.01566	-8.42767	16.35742	-2.19473
2347.579	17.14354	-8.00472	16.34284	-2.10220
2351.586	21.78185	-6.85700	16.91127	-2.07810
2355.613	21.88223	-6.79074	16.69140	-2.08862
2359.579	21.36722	-6.77585	16.53546	-2.13537
2363.584	21.28948	-8.14563	16.12277	-2.04783
2367.580	20.84937	-8.44534	16.56246	-1.90116
2371.582	17.24073	-7.58910	16.69231	-1.75809
2375.577	20.91917	-6.84302	16.66330	-1.81610
2379.587	21.26250	-7.28208	16.33912	-1.82136
2383.582	20.99826	-7.45868	16.96489	-2.02123
2387.582	21.02170	-7.05450	16.50628	-1.60737
2391.586	20.89052	-8.90869	16.94536	-1.49177
2395.580	18.30128	-7.26843	16.83086	-1.09601
2399.576	-19.99372	-12.07653	16.36567	-1.81966
2403.585	-19.99372	-12.07698	16.56050	-2.17714
2407.580	21.15245	-6.80877	15.97714	-2.66615
2411.582	20.54879	-9.53523	16.80644	-1.60312
2415.575	21.16435	-7.27422	19.87671	-2.96668
2419.587	-19.99372	-12.07510	16.10475	-1.99034
2423.586	20.51601	-6.69037	16.03841	-4.19982
2427.578	20.97071	-6.58823	16.53119	-2.56739
2431.583	22.09378	-7.42721	17.43019	-2.25192
2435.580	22.06746	-7.62827	19.97174	-2.90769
2439.581	-19.99372	-12.07593	16.26390	-2.88568
2443.574	20.50227	-6.12613	16.19576	-3.05755
2447.584	-19.99372	-12.07568	16.41144	-3.08606
2451.581	19.35666	-6.72237	16.27462	-3.02100
2455.579	21.96858	-7.57268	16.34526	-3.25746
2459.583	NaN	NaN	16.19187	-2.94959
2463.579	20.30759	-6.17607	16.17910	-2.13503
2467.580	20.20115	-4.93809	16.26973	-2.93988
2471.575	20.34310	-5.91849	16.36452	-2.82947
2475.587	12.57098	-5.03644	16.28855	-2.42582
2479.579	16.66255	-6.62307	13.97304	-1.40237
2483.581	16.68423	-5.21711	17.40308	-3.24921
2487.575	12.89532	-3.87941	13.96919	-3.12846
2491.604	13.04561	-4.29206	11.29608	-2.49758
2495.587	16.74019	-7.69731	9.18044	-4.43835
2499.581	8.94290	-4.19405	8.92597	-1.49754
2503.584	9.19014	-2.26156	7.89405	-3.31022
2507.576	10.82019	-4.31464	9.12036	-3.85766
2511.584	10.15521	-4.42254	6.91256	-3.85774
2515.586	10.69438	-4.79367	7.42580	-3.55764
2519.580	8.95172	-3.94339	1.32709	-4.06727
2523.582	3.97123	-0.16413	7.04078	-3.43192
2527.578	6.02291	-3.32110	8.05297	-4.44620
2531.582	8.35044	-6.85404	13.59063	-6.97182
2535.575	8.89594	-5.00479	8.43513	-4.20511
2539.583	8.80170	-5.17103	7.72320	-4.08653
2543.580	10.62224	-5.49897	7.60678	-3.84380
2547.580	10.70802	-4.79251	6.89297	-4.92676
2551.576	4.32271	-1.33249	6.66981	-4.60233
2555.582	4.42338	-4.72862	7.86057	-3.67551
2559.583	6.49252	-5.60806	6.46238	-4.44946
2563.583	8.80090	-5.78692	7.78216	-4.86582
2567.581	8.57185	-5.36532	7.16082	-4.33823
2571.579	8.94556	-2.78178	6.81194	-4.68144
2575.573	8.75242	-3.83957	1.97842	-7.00424
2579.583	8.73206	-4.13450	6.37832	-3.80629
2583.577	8.81678	-5.03127	6.21247	-3.33893
2587.574	4.33261	-2.48797	6.53654	-2.78871
2591.580	4.43300	-1.99827	7.40089	-4.49078
2595.583	6.19483	-4.26288	7.19109	-3.51713
2599.573	6.87743	-4.52179	7.38707	-4.05376
2603.581	7.65261	-4.92373	7.48807	-4.18053
2607.581	11.32941	-5.11313	6.15352	-4.19053
2611.578	9.80387	-5.19767	7.00952	-2.58293
2615.574	10.75344	-5.66034	6.31902	-3.93143
2619.580	10.42274	-5.23804	6.31083	-3.07171
2623.577	2.07115	-6.25778	6.98265	-4.00115
2627.584	4.81820	-2.23086	6.77670	-3.05910
2631.572	4.75603	-2.13255	7.08033	-3.11785
2635.579	5.68598	-5.61323	6.77374	-2.83822
2639.578	6.21215	-6.59000	10.58726	-5.36916
2643.572	7.03499	-6.63292	10.28762	-5.71750
2647.580	9.86481	-6.82645	7.61831	-3.99992
2651.578	10.21265	-6.97797	7.61260	-4.51440
2655.577	10.34372	-6.57969	8.81806	-5.38635
2659.579	10.44497	-6.48039	8.04351	-4.94958
2663.579	9.99585	-5.97348	7.24503	-3.84194
2667.578	10.43150	-5.70942	6.61876	-2.80184
2671.572	9.67543	-5.68596	5.84623	-2.25085
2675.582	11.01429	-6.91791	6.09160	-2.39583
2679.578	10.73274	-6.42663	6.34420	-3.18677
2683.576	10.72115	-6.43695	6.20362	-2.44497
2687.571	10.76101	-6.80889	6.60534	-2.69767
2691.583	10.78898	-7.63197	11.37147	-5.29606
2695.581	9.18944	-6.28876	10.43282	-4.70342
2699.577	8.04820	-5.10385	10.76829	-4.67108
2703.577	7.04196	-7.50998	8.05110	-5.51102
2707.578	4.95521	-7.52622	10.84992	-5.03024
2711.582	5.65806	-6.46979	9.07997	-4.84615
2715.575	11.18816	-6.32502	6.66991	-4.94858
2719.571	10.98205	-5.17286	8.15642	-4.70756
2723.579	7.90126	-6.73725	3.63248	-3.42745
2727.581	9.79105	-5.32086	8.92941	-3.44907
2731.577	6.52507	-4.93721	10.22957	-4.45955
2735.571	11.31118	-3.55707	8.19341	-3.11762
2739.579	5.26034	-3.17357	8.41162	-3.94073
2743.577	5.19689	-2.98796	3.58316	-2.11250
2747.578	4.85716	-4.66801	-0.37362	-0.58484
2751.572	4.74521	-3.23154	2.28123	0.91640
2755.579	2.21494	-3.10258	-0.98174	0.82057
2759.454	-2.98485	-2.90055	-5.79953	1.04508
2763.451	-0.22316	-2.96043	-6.17722	-0.99222
2767.457	-5.90215	-2.93056	-8.41500	0.61415
2771.448	-7.86827	-2.55558	-11.11478	1.03141
2775.451	-11.94479	-2.61239	-10.96313	0.24237
2779.451	-11.88459	-1.58722	-13.35290	-0.37329
2783.455	-13.18336	-2.12804	-13.27045	0.43108
2787.451	-12.55571	-2.52439	-13.13185	0.23086
2791.451	-13.37557	-1.97058	-12.39736	-2.04289
2795.453	-13.12959	-1.87245	-13.11476	0.65909
2799.456	-13.33769	-1.79504	-12.02024	1.54735
2803.453	-18.04507	-4.55005	-12.59881	0.69184
2807.448	-17.15455	-1.90110	-11.74613	0.84442
2811.450	-13.09692	-0.13292	-10.00605	0.94064
2815.444	-13.08366	-1.11799	-12.98848	-0.16671
2819.451	-14.00770	-1.71346	-13.08545	-0.12066
2823.449	-13.23090	-2.10227	-12.92823	0.19773
2827.446	-16.19075	-5.78648	-12.88805	-0.08975
2831.460	-17.14898	-2.22684	-13.07278	0.51815
2835.457	-15.42032	-2.02703	-9.55118	-6.76711
2839.449	-12.81540	-0.43558	-9.49719	-6.43072
2843.449	-12.50841	-0.78331	-12.66396	0.97173
2847.448	-12.26204	-1.44662	-12.95445	0.13772
2851.444	-12.78127	-1.95144	-7.29953	-4.59369
2855.451	-13.33673	-1.34089	-6.88475	-11.41199
2859.448	-12.25538	-0.51121	-13.11905	0.42933
2863.442	-12.68907	-2.04055	-12.73673	0.29349
2867.453	-12.39601	-0.90626	-12.58103	0.29925
2871.448	-12.40162	-1.04531	-12.67275	0.40472
2875.447	-13.33323	-0.95031	-12.41066	0.59363
2879.453	-12.96305	-0.58816	-11.97847	0.68606
2883.450	-13.13929	-1.00242	-10.69036	0.72791
2887.448	-12.76253	-0.80398	-10.32229	1.28860
2891.453	-12.60606	-1.02080	-11.60418	1.10459
2895.448	-12.60235	-0.51354	-12.56200	0.54588
2899.450	-12.41812	-0.82524	-12.74881	0.64035
2903.449	-12.29403	-0.78611	-12.70766	-1.98944
2907.448	-12.13099	-0.76809	-12.22431	-0.00733
2911.443	-13.04264	-0.81022	-12.66344	0.49298
2915.450	-12.73276	-0.62651	-10.69259	1.14604
2919.447	-11.61878	-0.86444	-11.93078	1.20025
2923.453	-11.66684	-1.04549	-13.60439	0.67137
2927.444	-11.89499	-0.56600	-14.00618	0.02982
2931.451	-11.41838	-1.16093	-13.50075	0.11431
2935.447	-11.20870	-0.67065	-14.00592	-1.09732
2939.448	-11.45386	-0.46559	-13.16449	-0.19383
2943.443	-10.55838	-3.39093	-12.58382	0.09905
2947.451	-11.23146	-0.34549	-9.29742	0.88258
2951.446	-12.44437	-0.77974	-13.20374	0.83859
2955.444	-12.42101	-2.01388	-13.72861	-0.10322
2959.450	-10.72608	-0.02664	-12.32776	0.11288
2963.446	-12.82064	-0.91336	-13.39483	0.22133
2967.490	-11.42322	0.01362	-11.85904	-0.15698
2971.452	-12.89466	-0.63758	-14.04633	-0.72160
2975.452	-10.70009	-0.11947	-9.19375	0.53172
2979.447	-13.03260	-0.60743	-12.70940	-0.03740
2983.456	-11.67003	0.31660	-9.03844	0.63285
2987.451	-12.80778	-1.05918	-12.89185	-0.07250
2991.452	-12.93505	-0.82076	-13.76982	-0.51802
2995.455	-11.45608	0.46657	-14.09628	-0.36013
2999.452	-12.91180	-0.61596	-12.58207	-0.37836
3003.452	-11.39780	-0.39500	-13.63372	0.10802
3007.452	-12.45319	0.14578	-14.42705	-0.68285
3011.478	-12.50524	-2.85368	-9.05756	-1.48346
3015.475	-12.09873	-0.70570	-16.36103	-0.17434
3019.445	-13.05988	-1.04657	-12.91265	-1.82226
3023.454	-11.85155	-0.47188	-13.82885	0.03113
3027.449	-11.70249	-1.03133	-15.19995	-0.22733
3031.449	-12.78325	-1.16306	-14.13638	-0.01665
3035.476	-11.72243	-0.43885	-14.61143	-0.51898
3039.455	-11.94997	-0.77388	-14.61125	-2.45993
3043.456	-12.41809	-0.43366	-14.73314	-0.22273
3047.451	-12.77844	-3.62290	-12.66861	-2.44413
3051.445	-14.52470	0.80634	-15.62434	-0.22674
3055.452	-12.32719	-0.06256	-16.31724	-2.49776
3059.450	-12.67653	-1.32893	-15.60042	-0.12527
3063.450	-13.11818	-3.83699	-12.20216	-3.28448
3067.444	-12.81337	-0.84759	-12.57351	-0.26846
3071.452	-12.15896	-0.65196	-11.45546	1.28629
3075.450	-13.25507	-0.19831	-15.65729	0.50210
3079.449	-12.58715	-0.50886	-15.84778	-0.55376
3083.453	-12.88640	-1.04430	-12.88989	-2.72359
3087.451	-11.00757	-3.66239	-13.05182	0.16669
3091.454	-12.79940	-0.75649	-12.29344	0.83899
3095.452	-11.99267	-0.80742	-15.78795	-0.97364
3099.449	-12.14964	-0.63246	-12.13531	-0.28322
3103.468	-12.70341	0.15846	-15.60981	0.99775
3107.453	-12.98527	-1.26266	-13.62610	-0.68386
3111.452	-12.70284	-0.96630	-13.21945	-0.19004
3115.453	-11.39611	-0.79489	-11.09566	0.84779
3119.453	-11.85518	-2.39785	-13.24896	0.88670
3123.446	-11.10995	1.17144	-16.97191	-1.19918
3127.450	-10.90997	-0.81203	-15.81550	0.88698
3131.444	-11.30376	-0.66315	-15.08856	-0.09674
3135.463	-11.61209	-1.02117	-12.82727	0.38601
3139.448	-12.71871	-1.71661	-12.67513	0.62369
3143.447	-12.39222	-1.85020	-13.40276	0.53059
3147.453	-12.89572	0.37966	-14.05642	0.97228
3151.450	-12.21340	-1.28281	-13.36309	0.74420
3155.449	-12.20726	-1.16189	-11.59925	0.88210
3159.444	-12.32947	-1.60716	-15.05910	0.59553
3163.451	-11.23170	-0.91126	-14.53233	-0.12761
3167.449	-11.95113	-1.19707	-12.39840	0.90632
3171.467	-11.21367	-1.10928	-13.51666	0.17741
3175.450	-12.12943	-1.30455	-12.05176	-2.52741
3179.452	-11.07011	0.27172	-13.74659	0.45184
3183.449	-12.01518	-1.44046	-13.81471	0.21022
3187.446	-12.99552	-1.32209	-15.08134	-0.74473
3191.451	-13.19792	-1.35288	-13.93847	-0.43360
3195.449	-11.48172	-1.16517	-9.83180	-0.35634
3199.443	-10.94184	-1.15740	-14.08152	0.29340
3203.448	-11.49216	-1.30985	-14.35661	0.14966
3207.448	-11.26271	-1.41306	-15.57012	-0.76276
3211.445	-10.97832	-1.02767	-14.20919	-1.03222
3215.456	-11.68607	-1.34645	-10.88592	-0.18955
3219.451	-11.19588	-0.48863	-7.55535	0.65079
3223.461	-11.18484	-1.37980	-9.40719	1.58449
3227.449	-9.39035	-0.62403	-5.39086	0.12911
3231.447	-9.55514	-1.15968	-9.33335	0.37824
3235.446	-9.06857	-1.09232	-10.26552	1.90626
3239.451	-6.63950	1.09232	-10.93488	1.13050
3243.450	-8.63423	-0.11999	-8.73601	0.09309
3247.446	-8.87043	-1.21590	-10.65573	-1.31087
3251.441	-7.34511	-1.12065	-9.38035	-0.59669
3255.449	-7.18645	0.32383	-9.21498	1.19890
3259.446	-8.11260	0.37650	-7.34362	-0.54169
3263.492	-9.64868	-0.54670	-9.40673	1.90348
3267.470	-8.40354	-0.31767	-7.55535	0.70778
3271.444	-7.91373	-1.22330	-7.70441	2.37159
3275.437	-7.37719	0.03472	-10.71521	0.25297
3279.444	-8.10853	0.69474	-11.65063	-0.14943
3283.442	-8.59356	-1.40894	-9.53878	1.05659
3287.442	-7.21325	-2.15088	-9.41443	-0.28718
3291.436	-7.34201	0.67902	-9.49731	1.65228
3295.444	-7.62223	0.09674	-7.21357	0.28715
3299.442	-8.42930	-0.70762	-9.33227	1.54092
3303.446	-8.50134	0.37102	-9.58094	0.78175
3307.446	-7.56422	-1.95903	-10.27391	1.14013
3311.440	-7.31904	0.65971	-10.08710	0.53853
3315.444	-8.46944	0.54021	-8.53112	0.10139
3319.441	-8.33812	-0.76142	-9.93032	0.97771
3323.439	-7.89486	-0.38808	-9.64948	0.21249
3327.441	-7.66412	-0.94983	-4.23799	-2.28124
3331.443	-8.58097	0.75822	-9.36351	-0.10315
3335.441	-8.60904	0.22311	-7.45779	1.60835
3339.437	-7.81527	-0.88171	-10.26614	0.74345
3343.447	-7.89152	0.05548	-9.08036	1.60714
3347.440	-7.54335	-0.13113	-9.22596	2.10838
3351.441	-7.42951	-0.35243	-6.22547	0.31528
3355.436	-8.58689	-0.55334	-7.57656	0.44928
3359.443	-8.71222	0.93886	-9.37206	1.98475
3363.441	-8.86607	0.86906	-8.02046	0.42022
3367.440	-7.54223	-0.47971	-4.83186	1.08900
3371.438	-11.09922	7.19380	-10.34696	0.03075
3375.469	-4.51541	0.44936	-9.08936	1.39567
3379.444	-7.67630	0.31162	-7.90832	0.79246
3383.447	-9.04185	-0.27559	-9.72257	0.71820
3387.443	-7.39318	0.25517	-9.51609	1.73441
3391.441	-4.94004	0.16686	-8.22261	1.14916
3395.435	-7.58659	-0.23801	-9.37068	1.08428
3399.442	-8.37269	0.48961	-4.75221	0.08021
3403.440	-8.01399	-0.39995	-11.18656	-0.27814
3407.439	-8.19472	-0.29049	-9.17607	1.41710
3411.435	-6.64895	0.75915	-8.17994	0.50547
3415.443	-7.51261	0.46470	-8.33046	0.06449
3419.441	-7.24544	-0.94438	-7.71925	-2.41113
3423.444	-7.46794	-1.03536	-5.96112	0.31417
3427.464	-7.14230	0.65159	-8.23556	-0.21797
3431.441	-8.18818	-0.66482	-10.38982	0.64211
3435.439	-7.52993	0.24115	-10.57946	0.33975
3439.438	-7.79432	-1.04838	-6.63252	-0.22753
3443.459	-6.98436	-0.25673	-8.83011	1.11793
3447.443	-7.11794	0.39432	-8.16851	0.59813
3451.434	-7.76333	-1.14361	-9.93090	0.81094
3455.442	-7.33423	-0.53569	-6.33490	0.90415
3459.438	-7.51818	-0.34450	-9.13794	1.22020
3463.433	-7.37560	-0.58822	-5.47882	1.96784
3467.441	-8.21206	0.24929	-7.71474	0.97483
3471.442	-7.97057	-0.27080	-9.32125	2.00684
3475.437	-7.34782	0.08710	-6.11670	-0.48811
3479.438	-7.92838	0.59428	-8.88397	-0.54858
3483.442	-9.70606	0.36309	-8.81154	-0.53884
3487.442	-8.19560	0.55166	-7.09729	0.89995
3491.439	-8.98167	-0.65393	-9.97226	-0.77594
3495.440	-7.09565	0.51711	-9.97012	1.89220
3499.438	-7.40838	1.26823	-9.07673	1.34863
3503.437	-8.11153	0.06950	-6.38025	-0.70022
3507.438	-8.48301	0.89707	-9.80857	-0.46894
3511.436	-8.33051	0.76766	-9.88008	1.63190
3515.444	-10.49097	-0.14707	-9.02392	1.20594
3519.438	-9.10112	-0.41785	-5.83955	1.86270
3523.439	-9.57015	-0.22354	-8.76758	0.91024
3527.434	-8.89991	1.24478	-5.88763	2.16395
3531.440	-6.98504	0.77716	-6.05950	2.73424
3535.437	-6.44297	0.92237	-6.06303	5.60881
3539.437	-4.64113	0.79071	-2.13646	5.31735
3543.433	-4.72918	2.59192	-2.63928	3.31132
3547.444	-4.18904	1.22577	-2.52072	4.01096
3551.439	4.28157	0.71018	-1.29586	3.78611
3555.437	1.09529	2.64058	0.17864	3.98056
3559.432	-2.11990	4.52144	2.18282	6.04262
3563.440	-4.49321	2.32880	-1.19849	3.54885
3567.437	-4.34307	2.60092	-5.69271	5.56535
3571.438	-2.90683	2.84246	-5.03666	5.79376
3575.431	-2.18570	5.18638	-1.42526	5.50936
3579.435	4.06863	-0.49562	0.09051	3.94155
3583.437	-3.11007	2.92266	-2.24715	6.74246
3587.431	-0.79436	3.30824	-2.54863	4.13681
3591.442	-0.63724	2.39578	-4.92950	3.97369
3595.438	-3.35533	2.14429	3.05204	1.30757
3599.430	-2.31512	2.58648	-5.64877	4.85057
3603.438	-3.56264	2.56562	-3.00111	5.27347
3607.437	1.19676	2.01400	-5.19546	2.95542
3611.311	3.69452	1.51225	-2.84643	4.13894
3615.306	-2.62712	2.64156	-5.35512	4.90679
3619.315	-3.13383	2.68027	-0.37916	4.41262
3623.311	-0.81712	2.62150	-2.79246	3.72790
3627.311	-2.01625	2.63849	-5.46497	5.52864
3631.306	-2.72907	3.18514	-4.29907	5.46687
3635.315	-3.00175	1.51406	1.70484	3.92800
3639.311	-1.45852	2.32271	-2.90859	3.26016
3643.337	-0.81965	1.74997	-2.92082	4.76829
3647.312	-0.42763	2.37760	-2.11742	4.36246
3651.311	-1.04347	4.01135	1.36630	3.86762
3655.304	-3.29669	4.03687	-2.47615	4.34846
3659.313	-3.51451	2.50328	-5.87732	5.95721
3663.311	-1.49173	3.72703	-3.68520	3.94982
3667.310	-0.97678	1.68640	0.46135	4.57722
3671.305	-1.12283	1.81152	2.74091	2.38176
3675.310	-6.15002	1.95747	-0.55515	3.44831
3679.314	-1.52057	3.52883	-7.03897	6.05403
3683.305	-1.82537	2.98697	-3.07575	3.98726
3687.313	-2.07960	3.43057	-4.07043	5.01516
3691.309	-2.81320	3.43149	-3.61006	5.49075
3695.305	-2.49340	3.39804	2.42361	1.87156
3699.311	-3.01027	1.55747	3.04959	3.04114
3703.308	-1.15669	1.40952	-2.67729	3.59437
3707.305	-3.04143	1.00718	-2.66370	3.43686
3711.312	-3.32451	1.77762	-4.59743	6.04631
3715.347	0.26825	2.69722	-4.74286	4.67075
3719.317	-3.92425	3.06893	-4.46485	5.92812
3723.305	-3.31942	3.55540	-1.53138	5.44614
3727.312	-3.08149	3.59288	-0.54803	4.66610
3731.308	-1.82338	2.80506	-2.68480	4.29748
3735.309	-2.02802	3.17265	2.95260	3.34232
3739.304	-3.63846	2.37850	-5.20046	4.24753
3743.310	0.52078	2.34249	-4.58074	3.99645
3747.313	-2.99601	3.48560	-5.39079	4.46911
3751.309	-4.39005	2.21659	-2.08285	5.79622
3755.305	4.47711	-1.03053	-2.53345	5.12905
3759.310	-2.90002	3.60057	-5.31315	4.26187
3763.310	-2.26673	-0.98758	-1.25711	4.51050
3767.308	1.34162	-0.59339	2.87056	3.97118
3771.311	-2.06959	2.56658	-2.75358	4.04874
3775.309	2.81543	1.89837	-4.19882	4.21918
3779.308	-2.95131	3.54196	-3.70423	5.83119
3783.308	-0.81121	2.57065	-4.87611	4.52628
3787.313	-0.87999	1.19411	-5.33544	2.03727
3791.310	-2.11234	2.06270	-4.05201	4.31496
3795.304	-3.19996	3.51227	2.79062	4.24085
3799.309	-3.06103	0.80091	-3.95718	4.15416
3803.316	-0.40211	2.85373	-3.40284	4.16432
3807.303	-2.73286	3.10453	-2.45262	4.57679
3811.311	-2.27630	3.00750	-3.84834	4.64419
3815.308	-2.02197	3.38523	2.55428	4.10723
3819.309	-2.09259	0.04527	-2.87938	3.80413
3823.302	-2.95735	3.17269	-5.01201	4.59988
3827.310	-1.82576	2.97674	-2.39859	4.75411
3831.308	-2.94859	2.90812	-4.34660	3.84031
3835.303	5.03078	-0.43053	3.06627	3.66480
3839.312	-2.99312	3.08307	-2.52612	2.75789
3843.307	-2.53293	2.91844	-5.17282	4.13268
3847.307	-2.14367	3.15892	0.89178	4.60972
3851.312	-2.43657	1.07683	2.71795	3.65418
3855.313	-3.06612	2.50453	-4.25554	3.38158
3859.308	-2.35637	2.22096	-2.79310	3.15147
3863.308	-2.78151	1.67933	3.00816	3.37098
3867.317	-3.33834	2.47705	-5.55187	3.93243
3871.309	-2.84620	2.32392	-3.17665	5.56552
3875.305	-2.71233	2.22466	-1.28236	3.20532
3879.309	-3.22896	1.90964	-5.60767	4.19372
3883.301	-2.23786	2.68669	-0.87699	4.06823
3887.309	-0.10853	1.25304	-1.72188	4.29859
3891.308	-2.86059	2.90860	-5.26900	4.18320
3895.311	-2.92134	2.25917	-3.09050	5.65533
3899.306	-2.57090	2.75212	-0.73491	4.54652
3903.305	-0.97665	2.58630	-5.38599	5.06098
3907.301	-2.75876	2.85587	1.31667	2.36995
3911.309	-2.22753	2.41531	-6.03385	4.29124
3915.305	-2.21536	1.86360	-1.00261	4.90103
3919.302	-3.28563	2.39910	2.18149	4.18170
3923.309	-1.97024	2.18001	-5.02236	5.26520
3927.312	-2.71587	2.69464	1.73299	3.77937
3931.307	-1.64980	2.32325	-3.13229	5.62788
3935.300	5.57660	-1.16996	-4.32150	4.69466
3939.306	3.51201	1.79739	0.34300	5.23909
3943.305	-1.75857	2.53321	5.59128	3.51105
3947.304	1.08693	2.63168	5.27626	4.39345
3951.300	4.72455	1.75745	5.64383	4.56392
3955.306	4.79423	1.92325	3.86279	4.77808
3959.305	7.40221	2.91805	2.60547	6.25367
3963.299	5.18594	3.22968	7.10533	3.59893
3967.308	4.05831	3.37607	2.69643	5.75267
3971.308	5.05454	2.13923	2.10005	5.58418
3975.304	4.10271	2.34736	6.35197	4.61925
3979.300	7.11904	1.68067	2.06989	5.61668
3983.309	5.02940	1.75022	3.10121	5.14020
3987.346	4.54765	2.32419	4.23436	4.34228
3991.313	4.48700	7.82155	3.74241	3.54660
3995.313	8.29382	0.86843	3.19647	3.75082
3999.309	-0.32856	0.39569	2.43875	3.48211
4003.309	4.79198	1.67917	6.36677	3.71239
4007.305	4.59677	-4.14184	2.33831	5.62040
4011.317	5.34137	-1.61226	2.90950	6.09156
4015.315	0.01092	-3.95936	3.61797	4.36712
4019.305	4.33957	-4.47090	3.09513	6.10790
4023.312	4.40668	-6.87702	3.86408	5.22001
4027.307	5.80543	-6.40984	4.76251	5.45775
4031.311	0.72379	-5.71227	3.71884	5.12998
4035.304	4.90479	0.74290	3.35016	5.29969
4039.311	7.71927	1.39339	2.77040	6.34511
4043.308	7.40555	1.35887	8.08477	3.84909
4047.311	6.90160	-6.30906	3.13979	6.19307
4051.303	4.87882	1.19562	3.62791	5.30227
4055.313	5.03585	1.30835	3.67474	4.25667
4059.313	6.83012	1.63788	4.05137	5.01757
4063.310	6.70012	2.22006	2.96921	3.86467
4067.311	8.60446	1.12543	6.84566	3.41074
4071.304	4.98522	1.23603	2.81494	3.57913
4075.313	5.79821	2.96037	2.63338	4.81192
4079.310	5.80071	3.18458	3.62677	3.78157
4083.304	4.83279	1.30549	3.38860	3.92244
4087.345	6.97472	1.40219	2.17856	4.89648
4091.308	4.93706	1.28628	2.15836	4.10734
4095.302	5.77276	2.86996	3.67586	4.82940
4099.311	6.50107	3.17508	1.94268	5.62755
4103.305	5.26371	1.37189	2.58343	3.48588
4107.308	4.70572	1.20540	6.54952	3.43212
4111.310	4.84901	1.23564	2.08966	4.41715
4115.307	5.67460	0.62617	5.32912	4.72577
4119.306	4.75612	2.30445	5.66174	6.38365
4123.323	6.94174	0.67528	3.07775	4.53188
4127.307	5.59194	1.07030	2.80872	6.16075
4131.308	4.74501	2.35272	2.40270	4.78035
4135.312	4.54802	5.21123	3.81288	5.12985
4139.314	4.21972	2.11998	0.62779	4.65138
4143.307	4.40036	1.07188	-3.57384	3.46592
4147.302	4.97711	1.96286	0.22562	11.07812
4151.310	7.53779	0.80626	4.89956	11.98644
4155.306	5.26317	7.57461	8.12994	13.96943
4159.308	8.11880	8.32628	NaN	NaN
4163.301	NaN	NaN	NaN	NaN
4167.306	NaN	NaN	NaN	NaN
4171.305	3.71950	14.03364	NaN	NaN
4175.306	NaN	NaN	14.44264	-12.63364
4179.312	3.46543	14.03454	-19.99372	-12.15118
4183.306	NaN	NaN	-19.99372	-12.14013
4187.307	NaN	NaN	-19.99372	-12.13181
4191.305	NaN	NaN	-19.99372	-12.12527
4195.309	NaN	NaN	-19.99372	-12.11993
4199.305	NaN	NaN	-19.99372	-12.11551
4203.301	NaN	NaN	-19.99372	-12.11437
4207.308	NaN	NaN	-19.99372	-12.11312
4211.304	NaN	NaN	-19.99372	-12.11176
4215.306	NaN	NaN	-19.99372	-12.11029
4219.304	NaN	NaN	NaN	NaN
4223.307	NaN	NaN	NaN	NaN
4227.303	NaN	NaN	NaN	NaN
4231.304	NaN	NaN	NaN	NaN
4235.305	NaN	NaN	NaN	NaN
4239.303	NaN	NaN	NaN	NaN
4243.380	NaN	NaN	NaN	NaN
4247.414	NaN	NaN	NaN	NaN
4251.491	NaN	NaN	NaN	NaN
4256.580	NaN	NaN	NaN	NaN
4260.811	NaN	NaN	NaN	NaN
4265.208	NaN	NaN	NaN	NaN
4269.587	NaN	NaN	NaN	NaN
4273.984	NaN	NaN	NaN	NaN
4278.015	NaN	NaN	16.17404	11.55404
4282.038	NaN	NaN	20.80239	10.53148
4286.038	NaN	NaN	20.78480	4.00706
4290.059	NaN	NaN	NaN	NaN
4294.115	NaN	NaN	17.89304	6.63187
4298.186	NaN	NaN	20.53247	1.49421
4302.454	NaN	NaN	16.27284	1.53392
4306.595	20.10749	-2.11670	22.25453	1.78840
4310.540	13.53836	-2.33849	16.23789	-2.07635
4314.704	15.93488	-2.32023	15.80022	1.48043
4318.603	15.50631	-2.56910	6.57179	-6.22319
4323.441	15.78042	-6.78143	13.54314	-2.44912
4327.350	19.52420	-2.75480	13.02881	1.39206
4331.307	NaN	NaN	15.31775	-2.48984
4335.308	16.79636	-6.15929	13.72114	-1.05760
4339.568	15.80507	-6.64041	14.35635	-1.78337
4343.626	17.96756	-11.02716	14.33190	-1.05488
4347.351	9.85445	-13.98457	14.36017	-0.36277
4351.323	17.60434	-5.72907	15.68449	-4.06844
4355.459	15.92790	-5.54285	13.51544	-3.05740
4359.311	14.46845	-7.95222	15.01434	-0.64497
4363.305	21.88167	-9.72576	13.15235	-0.83683
4367.304	15.53822	-5.75138	16.02020	-2.68054
4371.401	21.45183	-9.44953	13.95701	-2.55253
4375.313	16.02509	-6.94219	13.59152	-0.31551
4379.303	14.26070	-7.29114	14.23466	-2.37833
4383.300	18.94458	-9.02022	15.19399	-2.66612
4387.303	16.34188	-5.71575	12.82182	-1.56830
4392.348	16.58097	-9.73235	13.61379	-2.66596
4396.106	18.35099	-9.86700	16.69612	-2.80926
4399.909	16.86228	-6.54235	13.99183	-2.41456
4403.659	20.86296	-11.47186	12.77063	0.96039
4407.320	13.70683	-9.63479	14.09030	-2.86309
4411.312	20.49537	-9.29862	12.77294	-2.63248
4415.298	15.33052	-6.85258	14.53714	-4.51273
4419.305	10.54780	-9.41131	12.45137	-2.08456
4423.303	-19.99372	-11.88836	14.39820	-2.95642
4427.367	-19.99372	-11.95755	13.85487	-2.65225
4431.303	-19.99372	-11.99100	12.27955	-2.21487
4435.306	-19.99372	-12.01216	12.31120	-1.79562
4439.442	-19.99372	-12.02909	12.30632	-3.52027
4443.706	-19.99372	-12.03756	14.58664	-2.63925
4447.850	15.85269	-8.82301	12.63336	-3.09009
4451.814	13.14094	-8.34121	14.68575	-3.23451
4455.624	13.14221	-4.12229	17.01562	-2.77131
4460.702	14.07809	-4.23475	15.81638	-3.71983
4464.936	13.11884	-8.67852	14.55097	-2.12269
4469.167	15.42555	-4.31221	14.54409	-1.24007
4473.186	16.50218	-9.02799	15.16985	-2.63029
4476.951	14.96467	-9.83164	18.60852	-3.96252
4480.696	-19.99372	-12.07184	17.06839	-4.65607
4484.361	-19.99372	-12.07220	14.53739	-1.12523
4488.494	-19.99372	-12.07258	14.17026	-1.58964
4492.609	-19.99372	-12.07383	14.91689	-3.45609
4496.321	15.37697	-8.95724	14.28536	-4.91403
4500.081	15.49006	-10.36900	14.97451	-2.78875
4503.770	15.50426	-10.12391	15.52400	-2.34528
4507.535	15.31496	-4.73889	16.31249	-2.72030
4511.755	16.32300	-5.02968	19.67068	-5.23811
4515.840	15.47874	-7.79188	14.62814	-3.41645
4519.575	16.38132	-10.48454	14.17920	-2.04109
4523.338	14.64406	-7.69925	14.92292	-2.35675
4527.995	15.16944	-8.87802	16.22549	-2.57456
4531.939	15.36890	-5.21765	14.93888	-1.71195
4536.220	18.84792	-6.42515	13.76326	-1.95893
4540.409	23.12497	-10.21648	16.44807	-2.63083
4544.200	15.67216	-5.05312	16.96641	-2.30875
4548.347	16.68860	-4.93594	14.72840	-1.57288
4551.986	12.64149	-7.95069	16.87853	-3.22723
4555.672	15.86822	-9.93910	13.53430	-1.62885
4559.307	12.70461	-8.50177	15.12076	-1.22193
4563.172	15.30711	-4.77708	13.98826	-5.30117
4567.185	9.95765	-4.88588	13.84448	-1.81779
4571.402	15.14176	-5.28215	14.38223	-0.74053
4575.190	15.38590	-4.60318	17.22803	-1.31432
4579.177	17.91201	-8.17814	14.67632	-1.06629
4583.177	12.82193	-5.66602	20.50819	-4.74390
4587.178	14.87241	-4.87760	14.98387	-2.89887
4591.198	14.22584	-4.68697	12.70156	-1.07274
4595.798	14.98368	-5.35321	13.50755	-2.56673
4599.504	14.75310	-5.69434	17.49078	-2.40547
4603.174	15.03524	-4.74917	14.00293	-2.84013
4607.331	15.19891	-4.75169	14.05023	0.30211
4611.190	12.09783	-6.94448	12.49765	-0.21754
4615.177	13.47597	-7.07134	11.35570	-0.62848
4619.179	11.95151	-8.25204	14.59621	-2.91184
4623.177	19.36742	-8.59380	15.26138	-2.93573
4768.225	-19.99372	-12.07738	NaN	NaN
4835.640	19.85649	-7.05807	15.61748	-1.57111
4839.344	19.22646	-7.72226	15.36366	-0.88366
4843.291	18.25093	-4.41048	12.91263	-2.87670
4847.294	15.41679	-7.06539	14.59119	-2.75670
4851.290	19.80093	-8.42689	14.82105	-1.65687
4855.293	17.45183	-8.29543	13.17118	-5.42618
4859.286	16.05644	-4.17317	15.35233	-2.87241
4863.295	19.45643	-8.73544	15.22232	-1.96750
4867.291	20.17297	-7.23713	NaN	NaN
4871.290	20.16381	-5.51120	NaN	NaN
4875.286	22.09521	-8.04827	NaN	NaN
4879.296	19.57650	-8.19526	NaN	NaN
4883.289	20.19269	-6.05280	NaN	NaN
4887.289	20.28690	-6.01539	NaN	NaN
4891.296	20.40022	-7.67686	NaN	NaN
4895.288	21.33422	-6.87391	NaN	NaN
4899.288	21.03651	-6.42944	NaN	NaN
4903.292	21.44144	-8.28677	NaN	NaN
4907.294	21.67974	-7.44933	NaN	NaN
4911.291	19.14814	-6.82178	NaN	NaN
4915.292	NaN	NaN	NaN	NaN
4919.288	21.56997	-7.71895	NaN	NaN
4923.289	22.10537	-7.57587	NaN	NaN
4927.284	21.50826	-6.93263	NaN	NaN
4931.292	21.62425	-6.45402	NaN	NaN
4935.289	21.63037	-4.83982	NaN	NaN
4939.289	22.24515	-7.85037	NaN	NaN
4943.284	22.05324	-7.82261	NaN	NaN
4947.291	21.58761	-7.85922	NaN	NaN
4951.288	21.79389	-7.88337	NaN	NaN
4955.285	22.06868	-7.90484	NaN	NaN
4959.291	21.96049	-7.83606	NaN	NaN
4963.288	21.06921	-7.82015	NaN	NaN
4967.293	21.60250	-7.86287	NaN	NaN
4971.284	21.81591	-7.66899	NaN	NaN
4975.290	21.25235	-7.72779	NaN	NaN
4979.294	20.63415	-7.39711	NaN	NaN
4983.290	20.68795	-6.20582	NaN	NaN
4987.283	NaN	NaN	19.91904	-2.87930
4991.292	21.70821	-5.76897	18.87539	-3.25430
4995.287	21.36090	-6.93003	16.55847	-0.83102
4999.289	20.60473	-7.27241	16.44040	-3.08038
5003.293	20.64858	-7.16673	16.86137	-2.95477
5007.288	21.45677	-7.89156	16.25518	-2.54688
5011.292	NaN	NaN	17.94677	-1.89276
5015.300	18.88808	-8.19985	18.32163	-2.05944
5019.291	19.03886	-6.45242	17.58156	-2.52762
5023.288	NaN	NaN	16.37225	-4.01218
5027.282	20.72766	-6.19502	18.79445	-1.97638
5031.290	20.57922	-5.98076	17.58711	-2.46195
5035.286	18.97210	-8.99010	16.23899	-4.44115
5039.286	20.62326	-9.04303	18.29134	-2.00721
5043.321	18.91988	-5.28230	16.75243	-2.52043
5047.291	18.78054	-4.85520	16.24981	-3.07586
5051.292	19.58972	-4.76242	17.71955	-1.40124
5055.281	19.99644	-6.13144	18.02404	-4.40925
5059.289	20.50876	-6.07495	16.31004	-2.72028
5063.285	18.83934	-6.17870	16.59442	-4.88925
5067.287	20.80161	-6.36176	16.92095	-1.35321
5071.281	20.56034	-9.75925	17.20457	-4.00020
5075.288	18.79362	-7.19545	16.52159	-1.49666
5079.287	20.14758	-6.53414	16.54987	-2.11944
5083.281	17.45068	-5.52569	15.81249	-0.46896
5087.292	9.11186	1.31556	9.95418	1.84987
5091.286	3.12071	2.68654	10.00475	2.95778
5095.286	7.14414	1.06153	4.94726	3.60623
5099.281	1.49175	5.23953	3.90237	1.37492
5103.286	4.72771	0.30847	8.86497	-11.05275
5107.285	4.56451	-0.89835	-1.29722	2.57692
5111.288	4.71580	-1.72102	-0.65583	1.35414
5115.291	-0.41720	-1.75894	-0.02735	2.75742
5119.286	-1.67325	0.29530	4.17364	0.98566
5123.281	1.75867	-1.89329	-4.44356	0.86897
5127.289	-0.25706	0.46593	1.25778	1.09426
5131.286	0.07105	-0.00972	5.68074	0.01011
5135.299	-0.18122	-2.21868	-0.58664	1.96824
5139.284	4.38511	0.00862	0.96743	0.83947
5143.287	-0.16737	-0.20833	-0.86555	0.69599
5147.285	0.91217	-1.62372	-0.52582	1.46924
5151.280	-0.19862	-0.72744	2.11492	-0.75453
5155.289	0.27843	-1.57880	2.74113	-0.61908
5159.288	-0.86411	-0.14851	-0.25279	-0.01903
5163.287	3.67175	-1.23704	2.38596	0.37417
5167.288	0.23502	0.15011	-5.76993	1.67116
5171.285	-2.67425	0.02656	-2.03903	2.17293
5175.289	3.91618	-0.52273	4.82331	-0.74779
5179.318	-1.52283	-1.57426	-2.91832	0.95070
5183.293	-0.11496	1.24124	-0.62722	0.37040
5187.286	0.31739	-1.01387	-0.44592	-0.52111
5191.288	-0.47195	-0.29057	-0.06482	0.14437
5195.281	3.25787	-0.79302	2.66454	0.77771
5199.289	0.22882	0.02845	-0.34494	0.74172
5203.289	0.44860	-0.54404	4.89139	-0.61082
5207.286	5.78069	-0.68328	-1.66133	0.76208
5211.281	-1.35762	-0.27160	-0.16782	0.76041
5215.289	0.01735	-1.84804	-0.65191	0.84841
5219.292	0.44492	-0.31850	2.46585	0.82901
5223.285	5.41008	-0.31608	-0.28910	0.69283
5227.280	-1.63145	-1.81471	4.83437	0.69864
5231.287	4.61087	-0.48863	0.33933	0.84390
5235.288	-0.72717	-0.23130	-1.76936	2.11562
5239.285	8.12768	-3.92038	1.03786	-0.35605
5243.296	2.37483	-0.16163	-1.55308	2.11598
5247.311	1.35363	-0.70034	2.70146	0.29473
5251.287	2.26314	-0.16941	0.10711	0.71234
5255.283	0.99732	-0.12626	0.36767	2.29605
5259.288	2.84081	-2.36469	2.55084	0.58951
5263.337	-1.82398	-0.04158	-4.01766	1.18178
5267.297	5.05252	-1.31037	0.36462	1.21087
5271.291	2.19886	-0.07007	-0.41529	1.29446
5275.289	1.69612	-1.01481	0.28183	1.54835
5279.286	2.05608	-0.25111	0.05728	-0.79820
5283.284	-0.37876	-1.78244	-0.63982	1.71737
5287.291	2.04835	0.23981	-1.45735	1.61851
5291.288	3.07204	-1.35674	-0.14012	1.67433
5295.290	-0.76508	2.67856	-1.49855	1.37635
5299.283	-1.09698	-2.28293	-0.31645	-0.76955
5303.285	3.05660	-1.02867	1.55707	-1.37952
5307.281	0.05864	-2.33463	-2.95134	1.60943
5311.289	2.57786	1.03239	0.46842	0.67145
5315.307	2.42716	-2.30242	0.93793	-0.64283
5319.286	-0.50473	0.97629	-3.13249	1.94333
5323.289	2.90121	-1.78850	1.53421	-0.18481
5327.286	2.96715	0.12740	-2.65471	-0.62103
5331.289	2.21177	-1.96706	-1.24845	1.72390
5335.290	2.86636	0.78706	0.99385	0.37740
5339.287	3.38214	0.31220	1.55955	-0.28486
5343.291	1.96737	-1.06642	-3.12148	2.60761
5347.281	2.65998	-1.21301	4.62717	0.64011
5351.288	5.76200	-0.21181	0.44807	1.74682
5355.287	2.50199	-1.61782	-4.01900	2.69374
5359.287	0.05572	-1.37722	3.59407	-0.19533
5363.281	-0.07036	-0.22205	-1.25508	2.56588
5367.289	2.86037	-2.01837	-5.07535	0.76894
5371.287	3.09396	-0.20026	-1.20800	0.40730
5375.288	3.05251	-1.59544	-5.16548	2.28767
5379.282	0.60250	-0.01662	-0.00015	1.85794
5383.299	6.06485	1.78080	-4.62061	0.75366
5387.331	-6.05790	-0.29405	-3.33653	3.19382
5391.300	-6.72465	0.61370	-5.07267	2.81627
5395.289	-9.04062	0.76444	-9.60164	-3.74630
5399.288	-9.37114	0.58257	-6.89067	-0.74853
5403.297	-10.68408	0.32310	-15.11088	0.43267
5407.287	-11.56934	0.05429	-13.67464	1.19907
5411.287	-13.02080	0.09299	-14.78189	0.08030
5415.280	-11.23726	-0.39600	-14.81857	0.68428
5419.290	-14.66366	-0.21436	-14.81535	-0.13395
5423.283	-14.03386	-0.78127	-12.03152	0.85908
5427.292	-14.66255	0.20583	-16.45019	-0.72889
5431.281	-14.34319	-0.15186	-15.05295	-0.30646
5435.289	-11.86495	-0.61968	-12.01855	0.11741
5439.312	-14.49923	-1.13033	-15.13323	-0.86890
5443.162	-14.48025	-0.94400	-14.94435	-0.13620
5447.154	-13.42998	-0.37313	-14.23935	-0.11590
5451.288	-13.74271	-0.59283	-15.06091	0.33733
5455.161	-13.37947	-3.69134	-15.06436	-0.21504
5459.156	-13.30872	-1.25319	-14.86333	-0.56915
5463.163	-13.57267	-1.24288	-14.99135	-0.33703
5467.159	-11.85485	-0.55283	-14.92885	0.19921
5471.160	-13.90216	-1.19159	-15.19061	-1.09129
5475.155	-14.67126	-1.58792	-14.80976	-0.33729
5479.162	-13.77958	-0.62379	-14.30298	-1.19412
5483.161	-12.93043	-1.84009	-14.91854	-0.35229
5487.160	-12.33930	-1.00661	-14.93235	-0.37695
5491.155	-12.90067	-0.04651	-14.90565	-0.91136
5495.163	-12.54746	-2.56088	-14.63346	-0.92678
5499.158	-13.62273	0.90029	-15.02001	-0.39410
5503.154	-12.83482	-1.64833	-14.69546	-1.23770
5507.161	-13.24781	-1.93898	-11.12460	0.28244
5511.157	-13.54675	-0.47604	-15.40157	-1.03444
5515.156	-12.93085	-1.82487	-14.81419	-0.82612
5519.204	-11.20469	-1.59109	-14.81776	-0.41172
5523.163	-13.04869	-1.86954	-15.19297	-0.78381
5527.154	-13.16546	-3.50962	-15.17841	-1.35734
5531.156	-13.27485	-1.09831	-11.77246	-1.00305
5535.148	-13.31276	-1.31229	-14.81161	-1.10828
5539.160	-13.67796	-1.56149	-14.83710	-1.47557
5543.153	-13.18442	-1.36584	-14.85642	-0.65623
5547.155	-12.61190	-0.96824	-15.41753	-0.70192
5551.150	-13.52430	-1.61859	-15.48474	-1.00606
5555.161	-13.43698	-1.14565	-15.03455	-0.95230
5559.152	-10.85641	-0.93197	-12.15528	-0.17012
5563.156	-12.13735	-2.05454	-15.11091	-0.48835
5567.149	-13.52630	-1.05154	-15.67478	-0.50658
5571.157	-13.19997	-1.35028	-15.00482	-0.67872
5575.152	-11.93287	-1.53261	-11.63828	-0.72471
5579.150	-12.72452	-0.61186	-15.31641	-0.60878
5583.158	-13.09280	-1.28229	-14.96105	-0.52199
5587.156	-12.74159	-1.98029	-15.12115	-1.03815
5591.154	-12.85237	-1.51250	-14.33532	-0.53728
5595.153	-13.16143	-0.65727	-14.74565	-0.73653
5599.154	-13.09296	-2.04713	-15.27466	-0.58831
5603.157	-13.14774	-2.06603	-13.19795	-0.50489
5607.153	-12.97264	-2.25891	-14.54044	-0.15500
5611.148	-11.99431	-0.22151	-14.87357	-0.71129
5615.159	-12.69542	-1.05454	-13.35776	0.02454
5619.153	-12.42849	-2.08261	-16.53042	-0.85963
5623.153	-12.15388	-1.86268	-14.21104	-0.98528
5627.148	-13.30247	-0.39383	-13.48042	-0.36498
5631.157	-13.37160	-0.82998	-14.41813	0.36578
5635.151	-13.21065	-1.75479	-14.40833	-1.01961
5639.159	-13.57698	-1.77321	-14.27187	-0.24976
5643.159	-12.96734	-1.97539	-14.64633	-0.98073
5647.153	-12.65595	-1.55627	-16.14872	-1.26390
5651.186	-12.41012	-0.81318	-13.58038	-0.46061
5655.183	-12.66783	-1.11914	-13.16414	0.49177
5659.158	-12.91819	-1.82198	-13.18139	0.14923
5663.157	-12.70270	-1.43624	-14.49495	0.27631
5667.152	-13.05767	-0.80932	-14.57910	0.40286
5671.160	-12.74768	-1.39265	-15.23683	0.03628
5675.156	-12.74423	-1.74542	-14.17577	0.20377
5679.158	-13.01051	-1.92059	-13.32548	0.00024
5683.155	-13.00445	-1.33870	-13.48068	0.15284
5687.159	-13.11921	-1.69188	-13.18176	0.31058
5691.156	-12.94026	-1.05722	-13.61384	0.17915
5695.156	-12.23519	-1.65100	-13.22121	0.50255
5699.151	-11.67965	-1.57612	-13.87758	0.43832
5703.157	-11.16519	-1.31182	-14.10501	0.90471
5707.152	-11.63597	-1.77461	-13.70704	0.55444
5711.160	-11.49228	-1.70774	-13.22667	0.38278
5715.156	-12.96373	-1.10798	-13.42439	0.49876
5719.157	-11.56607	-1.13567	-14.01655	-0.76427
5723.173	-11.35289	-1.41191	-17.13386	-0.37611
5727.155	-11.41037	-1.43390	-14.62319	0.47383
5731.151	-12.47532	-1.31273	-14.23111	0.34072
5735.150	-12.85779	-0.82378	-13.16108	0.50526
5739.151	-11.37421	-1.71828	-16.87537	-1.79447
5743.152	-11.17565	-1.19279	-14.39506	-0.34645
5747.149	-11.51514	-1.51936	-14.41061	0.46851
5751.150	-11.91379	-0.42060	-13.23481	0.80496
5755.149	-12.19837	-1.36634	-10.76662	0.84876
5759.156	-11.24392	-1.33236	-13.72484	-0.79076
5763.186	-12.94827	-1.65806	-13.12823	0.56096
5767.153	-12.72558	-3.44205	-13.75441	-0.76274
5771.158	-12.85147	-1.72469	-14.12487	0.45980
5775.156	-12.91963	-1.44972	-17.25390	-0.35648
5779.155	-11.58651	-1.76245	-15.50446	0.90459
5783.150	-11.22936	-1.49682	-14.17731	-0.95394
5787.158	-10.44254	-1.52330	-13.76289	-0.23802
5791.167	-13.01131	-1.95098	-15.00390	0.46421
5795.151	-12.57793	-1.54334	-10.63669	-0.20473
5799.155	-13.35750	-1.25555	-14.17633	0.35158
5803.151	-13.65952	-1.17588	-15.58283	-1.98932
5807.143	-12.10499	-1.62520	-13.05166	-0.73794
5811.152	-11.96691	-0.86347	-11.67046	0.53425
5815.147	-10.68413	-0.87694	-15.60461	-1.67306
5819.149	-9.85305	-0.74776	-8.00550	0.97710
5823.149	-8.74590	-1.36777	-2.47244	0.97269
5827.154	-5.23556	-1.74145	-0.53555	0.88092
5831.154	0.18358	-0.94381	-2.82390	0.98345
5835.151	0.40586	-0.74835	-2.92817	-0.26301
5839.152	3.05546	-2.00112	2.50048	0.98895
5843.149	3.81748	-1.59595	1.88326	3.57822
5847.153	4.06626	-0.58554	3.28682	-0.02223
5851.144	3.12526	-1.45029	3.94399	0.78905
5855.152	6.82202	-3.34381	3.94626	0.26912
5859.175	7.90932	-2.59386	6.16699	0.29308
5863.149	4.25512	-1.30413	6.28759	0.27421
5867.152	3.29555	-2.87255	5.78278	-0.23370
5871.148	8.02002	-3.38496	3.55802	-0.72039
5875.172	5.31846	-1.06696	4.11453	-0.31876
5879.143	4.12438	-0.72056	4.59364	2.62208
5883.151	4.95893	-4.13887	4.60715	0.28036
5887.148	6.44836	-1.38088	3.85832	-0.12374
5891.153	6.44388	-1.13187	1.05265	-0.00857
5895.152	4.67776	-0.36072	3.82919	-2.23924
5899.147	1.40388	-3.26521	3.78484	0.11187
5903.145	6.77005	-1.97758	5.05996	0.77883
5907.151	6.49744	-1.32426	5.31713	1.20487
5911.147	4.71785	-3.53682	4.18553	0.02389
5915.148	4.88032	-0.32164	3.49626	0.56333
5919.141	7.19236	-1.08754	5.10795	0.70869
5923.150	4.72766	-2.01602	2.20096	0.29114
5927.182	4.21609	-1.04509	3.45410	0.92769
5931.149	7.16439	-2.12201	4.19417	1.69617
5935.155	1.73301	-2.19593	1.76695	-0.29874
5939.154	8.32354	-1.63791	5.09283	-0.20407
5943.153	4.34830	-1.77921	4.78656	0.66318
5947.150	8.16722	-1.72116	8.83352	0.57762
5951.165	2.44237	-1.20768	1.78689	-3.11344
5955.150	8.67810	-2.33638	4.24285	1.47729
5959.142	4.68222	1.29295	5.24078	1.13007
5963.149	3.53629	-2.20395	2.80912	0.64875
5967.147	5.79194	-1.60267	5.24432	0.70530
5971.150	7.90207	-1.33611	8.50027	0.41983
5975.142	5.67076	-1.63892	4.98608	1.46202
5979.153	3.66735	-2.35159	5.19544	1.84337
5983.149	3.95859	-1.66603	0.14404	-0.11781
5987.148	5.40644	-1.33569	3.63240	1.63472
5991.142	5.70355	-2.43522	5.07166	1.49210
5995.171	5.76740	-1.64192	5.39082	1.20200
5999.153	5.80580	-1.56659	5.35426	1.73741
6003.145	5.70399	-1.40540	3.41971	1.30734
6007.147	5.42272	-1.41398	0.38502	-0.66345
6011.146	4.64643	-1.28705	4.03031	0.66225
6015.177	3.15216	-1.59891	3.91240	2.60260
6019.148	5.52780	-1.47286	5.60396	1.28225
6023.145	6.15387	-1.66506	4.74639	1.42829
6027.145	5.70313	-1.14430	4.32755	2.02639
6031.141	6.41643	-1.46396	4.93817	1.14080
6035.154	6.20803	-1.42255	5.62874	-0.25461
6039.146	4.58234	-1.60112	6.35282	-0.47320
6043.145	7.70665	-1.83013	7.54666	0.40892
6047.141	8.23547	-1.70204	6.19312	-0.78861
6051.148	6.50021	-1.55167	5.14426	-0.72590
6055.150	6.69503	-1.86047	4.46650	-1.04050
6059.144	6.10288	-1.44617	4.61928	-0.27966
6063.168	4.63888	-2.16162	4.10162	-0.63253
6067.153	4.32330	-1.40854	9.78122	-0.65316
6071.146	6.78140	-1.38079	5.94448	1.10514
6075.155	6.89539	-1.71091	4.06722	1.14945
6079.148	6.70533	-1.97360	3.50984	1.87230
6083.144	5.99343	-1.95478	3.85345	2.17501
6087.143	6.95538	-1.80249	4.19213	2.07637
6091.178	3.52470	-2.36706	4.56091	1.49691
6095.147	5.20689	-0.72600	4.04295	2.68028
6099.144	7.38285	-0.56424	5.57960	1.58804
6103.146	6.11972	1.36780	6.01829	0.77021
6107.144	7.53362	-1.04375	4.40174	1.71960
6111.141	6.84597	-0.12864	3.27559	-0.48532
6115.146	6.58842	-1.84913	2.99114	0.84453
6119.143	6.76395	-2.19533	3.07300	-0.66509
6123.144	8.82885	-2.73433	3.25938	-3.37458
6127.138	7.51069	-1.93046	4.07722	-0.13585
6131.147	6.80969	-1.89939	5.15470	-1.04376
6135.143	6.44765	-2.50156	-1.57959	-3.44365
6139.168	6.60223	-2.33959	4.38990	0.97844
6143.169	6.40160	-2.21542	3.03145	0.60674
6147.145	6.54026	-2.23493	2.85697	0.57080
6151.151	6.56716	-2.05106	2.75212	0.55849
6155.150	6.65681	-1.90531	0.73389	-1.71367
6159.147	7.48119	-1.38222	3.40291	0.71118
6163.146	6.22777	-0.08184	5.36491	0.80752
6167.150	5.88073	-1.43641	4.54703	0.74866
6171.157	6.06105	-1.69668	3.09235	1.64601
6175.143	7.69685	-2.09827	3.92428	1.11981
6179.151	5.99583	-5.05829	4.08071	0.89216
6183.143	6.00921	-4.38763	7.59973	1.25186
6187.144	6.55028	-1.73240	8.04455	-0.43911
6191.137	4.57657	-1.65090	4.61657	1.10219
6195.147	5.63638	-4.42927	5.45472	0.84106
6199.190	5.72876	-2.37548	8.61574	1.41593
6203.162	1.60885	-2.73254	9.65150	-0.00005
6207.151	4.44464	-1.70499	5.09820	1.23881
6211.148	4.27429	-1.74526	9.83857	1.40623
6215.145	4.37154	-2.47182	4.28333	0.92373
6219.149	4.31844	-2.74765	7.72661	-2.01210
6223.150	4.89649	-2.12180	6.76058	-2.88979
6227.147	5.74244	-2.59913	4.55655	1.46122
6231.143	5.44958	-2.02792	4.02636	0.54016
6235.152	5.64614	-2.84008	6.53933	-3.16369
6239.148	4.65032	-0.63394	6.88825	-3.34003
6243.149	5.53171	-2.34560	6.86716	0.77780
6247.145	5.59880	-1.05655	6.45221	1.08821
6251.150	5.51088	-2.20617	10.56440	-1.49699
6255.148	5.62326	-1.08547	10.65381	-1.72630
6259.147	5.42412	-1.95262	5.05334	1.56707
6263.152	5.33564	-0.60637	6.67801	1.28574
6267.165	4.81419	-0.61958	9.43786	0.75723
6271.140	4.38820	-2.03613	6.89730	0.89715
6275.146	3.44963	-2.46433	5.39733	1.55261
6279.143	3.48289	-1.97153	4.61240	0.41955
6283.145	3.31234	-3.72087	4.10984	1.74434
6287.140	5.40016	-0.72085	4.13263	-0.10481
6291.145	5.69573	2.87762	7.48275	2.49303
6295.042	7.59166	-0.31025	5.31945	1.06396
6299.011	5.98952	-0.19748	5.09195	0.72438
6303.019	5.22603	-1.98138	5.20553	0.97515
6307.016	4.94319	-1.58727	4.79336	0.76204
6311.019	3.16391	-1.91762	4.12653	1.48113
6315.017	6.56304	0.11872	-1.19678	0.38023
6319.015	7.12681	0.01923	9.05020	0.40421
6323.010	7.65403	-0.10688	5.98869	0.87462
6327.017	6.75509	-1.66005	7.87530	0.91227
6331.016	5.68000	-1.88188	5.32757	0.53159
6335.045	4.63383	-1.60229	4.83688	1.64165
6339.018	3.47077	-3.33131	3.72227	0.61694
6343.017	6.53921	-2.51717	10.02589	-0.46044
6347.016	6.12168	2.42852	10.30259	-0.18341
6351.022	6.29808	0.03707	9.54341	1.71664
6355.015	6.35939	-1.75197	8.00924	1.12340
6359.014	5.65427	-2.32264	5.31945	1.61227
6363.010	4.65957	-1.06625	4.84147	2.31194
6367.017	4.04112	-0.47732	6.00916	2.73334
6371.014	4.98110	-0.45833	6.12543	2.86225
6375.014	8.09693	-3.47695	-0.66362	3.24447
6379.009	6.43094	-0.48056	9.33845	4.37028
6383.016	10.53610	8.84537	5.82378	6.88945
6387.014	10.54946	10.57016	NaN	NaN
6391.011	NaN	NaN	NaN	NaN
6395.017	NaN	NaN	NaN	NaN
6399.013	NaN	NaN	NaN	NaN
6403.014	NaN	NaN	NaN	NaN
6407.018	NaN	NaN	NaN	NaN
6411.077	NaN	NaN	NaN	NaN
6415.020	NaN	NaN	NaN	NaN
6419.027	NaN	NaN	NaN	NaN
6423.020	NaN	NaN	NaN	NaN
6427.018	NaN	NaN	NaN	NaN
6431.017	NaN	NaN	NaN	NaN
6435.021	NaN	NaN	NaN	NaN
6439.018	NaN	NaN	NaN	NaN
6443.020	NaN	NaN	NaN	NaN
6447.015	NaN	NaN	NaN	NaN
6451.014	NaN	NaN	NaN	NaN
6455.023	NaN	NaN	NaN	NaN
6459.016	NaN	NaN	NaN	NaN
6463.014	NaN	NaN	NaN	NaN
6467.017	NaN	NaN	NaN	NaN
6471.437	NaN	NaN	NaN	NaN
6475.044	NaN	NaN	NaN	NaN
6479.026	NaN	NaN	NaN	NaN
6483.019	NaN	NaN	NaN	NaN
6487.017	NaN	NaN	NaN	NaN
6491.015	NaN	NaN	NaN	NaN
6495.174	NaN	NaN	NaN	NaN
6499.190	NaN	NaN	NaN	NaN
6503.270	NaN	NaN	NaN	NaN
6507.403	NaN	NaN	NaN	NaN
6511.225	NaN	NaN	NaN	NaN
6515.127	NaN	NaN	NaN	NaN
6519.165	NaN	NaN	NaN	NaN
6523.012	NaN	NaN	NaN	NaN
6527.012	NaN	NaN	NaN	NaN
6531.007	-1.91603	9.61250	NaN	NaN
6535.014	-1.83290	5.68993	NaN	NaN
6539.015	1.44780	-5.61495	NaN	NaN
6543.011	0.81697	-0.18113	-17.45818	-4.32373
6547.006	-1.36727	-3.25763	-7.05897	-12.73270
6551.014	-0.45616	-4.30202	-16.24846	-10.45154
6555.015	-0.38273	-3.50870	-3.35741	0.23546
6559.022	-1.84870	-3.58153	-3.38303	0.16454
6563.012	1.62145	-12.66795	-6.68479	-0.09803
6567.014	-2.71602	-11.25065	-3.90807	-4.97986
6571.011	0.16521	-10.83685	-10.61915	-0.27178
6575.010	-19.99372	-11.87235	-6.71405	-5.71170
6579.015	-19.99372	-11.94419	-6.95218	-9.99588
6583.010	-9.34338	-10.28060	-6.48703	-10.66364
6587.012	-4.39671	-11.54954	-7.14919	-10.87258
6591.006	-5.37670	-10.88935	-6.70526	-11.02666
6595.014	-6.29001	-12.51662	-7.60743	-11.26882
6599.013	-6.47632	-13.14826	-6.26530	-11.35798
6603.008	-5.56679	-12.88075	-5.79934	-11.04983
6607.034	-5.42466	-12.54803	-7.43835	-11.09139
6611.018	-4.18724	-12.86771	-7.13331	-11.01891
6615.013	-19.99372	-12.09216	-6.22081	-11.11721
6619.011	-6.59787	-12.63731	-6.01446	-10.14716
6623.005	-7.39318	-12.92801	-6.16263	-10.92006
6627.013	-5.10135	-10.84806	-5.59922	-11.82345
6631.011	0.43445	-12.25763	-8.10236	-11.55343
6635.009	-4.39217	-10.93495	-3.38741	-5.63902
6639.007	-6.04998	-12.85568	-0.93929	-11.65862
6643.019	-6.38168	-10.77203	-1.68337	-10.89677
6647.011	-4.89102	-12.25261	-6.16633	-11.27600
6651.006	-4.61238	-10.98558	-6.47853	-11.38661
6655.013	-4.27888	-11.06749	-10.46652	-12.65142
6659.010	-6.38543	-10.24550	-10.00314	-11.14548
6663.009	-7.68111	-10.64304	-8.42760	-11.22878
6667.011	-5.98356	-11.53060	-5.23777	-12.00895
6671.013	-5.39345	-10.12791	-5.78968	-11.94235
6675.028	-5.52736	-10.87850	-6.66215	-11.96139
6679.012	-5.80572	-10.28389	-7.93922	-11.67641
6683.010	-7.70680	-11.48549	-19.99372	-11.71977
6687.010	-5.47550	-9.91404	-5.37667	-13.09055
6691.013	-5.00741	-9.92531	-6.41998	-12.54168
6695.011	-6.59302	-10.39187	-7.06596	-11.09739
6699.009	-7.78297	-12.43774	-7.22160	-10.76491
6703.010	-19.99372	-11.85571	-5.12504	-12.72251
6707.009	-19.99372	-11.92125	-5.97320	-12.47551
6711.005	-10.18067	-13.86230	-5.88820	-11.27112
6715.012	-19.99372	-12.04339	-5.06205	-13.09575
6719.009	-6.08473	-13.28430	-4.95856	-12.20130
6723.009	-5.37756	-13.08974	-5.74043	-12.98386
6727.005	-5.28003	-13.14727	-6.90216	-11.25349
6731.045	-19.99372	-12.27362	-5.71713	-11.74441
6735.009	-19.99372	-12.24876	-6.68396	-11.87177
6739.010	-19.99372	-12.23042	-7.58439	-11.08986
6743.033	-9.02750	-13.03825	-5.90190	-8.82829
6747.014	-8.11953	-12.45680	-5.34262	-10.00946
6751.009	-5.58948	-11.76971	-4.32893	-11.68354
6755.003	-8.43499	-11.90104	-4.06895	-12.18721
6759.010	-5.28638	-11.57450	-4.26558	-11.58612
6763.009	-6.47965	-11.21493	-5.00125	-11.61698
6767.014	-5.16514	-12.58477	-7.27528	-15.07032
6771.010	-5.30941	-10.88000	-19.99372	-11.56129
6775.007	-7.50005	-11.85246	-8.37835	-13.25085
6779.006	-5.99195	-10.33527	-10.69712	-14.19114
6783.003	-7.27292	-11.13949	-10.60047	-12.86438
6787.010	-5.26603	-11.74734	-8.84559	-10.08988
6791.008	-5.13301	-10.71644	-8.68798	-11.06175
6795.006	-5.09948	-9.15779	-7.37423	-9.17681
6799.011	1.01213	-13.58920	-7.56644	-12.55150
6803.008	0.18340	-12.34786	-6.07555	-12.24793
6807.002	-4.65257	-8.13331	-5.03435	-12.60164
6811.028	-7.26268	-10.25082	-4.91777	-11.87687
6815.013	-4.87488	-12.09922	-5.19820	-12.16200
6819.006	-7.32343	-11.16493	-5.12757	-11.98832
6823.006	-1.23831	-13.49374	-5.27011	-10.45458
6827.010	-1.30082	-13.44642	-5.40466	-11.35852
6831.007	-6.50146	-10.45834	-5.29012	-11.69995
6835.005	-5.99944	-10.48608	-5.19357	-12.13510
6839.001	-1.32523	-13.75205	-5.19514	-12.17840
6843.009	-5.81540	-10.78878	-5.42656	-10.61748
6847.007	-6.55839	-10.27016	-5.50712	-10.87452
6851.011	-3.63265	-9.65811	-4.75960	-10.66221
6855.001	-5.49999	-8.93769	-5.04415	-11.01601
6859.010	-6.25325	-9.89362	-4.74124	-14.85657
6863.007	-5.51223	-7.80316	-5.43853	-14.95672
6867.006	-3.64961	-8.81450	-5.48413	-12.56042
6871.001	-3.66323	-10.09014	-5.55460	-11.11162
6875.011	-6.09336	-9.37780	-5.15943	-12.29503
6879.024	-4.20049	-9.13052	-4.62387	-12.39202
6883.006	-6.25171	-10.28627	-6.39236	-11.73796
6887.011	-6.11770	-9.12159	-6.54710	-14.55508
6891.013	-5.99055	-10.39984	-6.26581	-11.04363
6895.002	-0.76595	-13.04103	-5.27754	-8.99176
6899.009	-0.84349	-11.58208	-5.10992	-12.07191
6903.006	-1.30479	-7.19387	-2.54903	-11.84300
6907.000	3.11111	-10.22422	-19.99372	-11.75199
6911.008	3.19434	-13.25683	-5.04110	-14.68753
6915.006	-19.99372	-12.14460	-19.99372	-11.77220
6919.005	0.24929	-12.78225	-19.99372	-11.85175
6923.007	-0.36529	-11.69344	-1.23317	-12.87353
6927.009	0.27570	-11.54354	-19.99372	-12.02728
6931.007	-0.29890	-12.37041	-0.82632	-14.40835
6935.011	3.13284	-13.18503	-19.99372	-12.04480
6939.000	4.73374	-10.88197	-19.99372	-12.05116
6943.012	3.54020	-11.68436	-19.99372	-12.09493
6947.041	2.27317	-12.74494	-19.99372	-12.12207
6951.006	0.37494	-13.44534	-19.99372	-12.12058
6955.012	0.60625	-12.98965	-2.76156	-14.40623
6959.011	0.51875	-13.46655	-19.99372	-12.12228
6963.008	1.13050	-13.20326	-19.99372	-12.12049
6967.011	2.92567	-13.64840	-19.99372	-12.09165
6971.012	4.84975	-13.66030	-19.99372	-12.09113
6975.014	1.15506	-11.61911	-19.99372	-12.08216
6979.005	1.92005	-10.22923	-19.99372	-12.08202
6983.013	0.89180	-13.23488	-19.99372	-12.08189
6987.010	1.85740	-10.80400	-19.99372	-12.08173
6991.012	2.39805	-10.17700	-19.99372	-12.08155
6995.004	2.23288	-13.53013	-1.77310	-11.56106
6999.011	0.49316	-10.87291	1.77486	-12.80240
7003.011	2.70718	-11.46436	1.97815	-12.94252
7007.004	3.72173	-10.71304	-19.99372	-12.10723
7011.018	-5.43617	-13.06108	-19.99372	-12.10710
7015.067	2.74383	-9.86342	-19.99372	-12.10678
7019.017	2.29842	-10.55718	-19.99372	-12.10636
7023.004	2.49233	-10.74599	-19.99372	-12.10578
7026.999	5.04942	-13.98000	-1.44465	-13.29676
7031.006	-19.99372	-12.16649	0.48252	-14.61423
7035.008	-19.99372	-12.14230	-0.40594	-13.03635
7039.003	1.88747	-13.18965	-0.27570	-13.60501
7042.998	-0.51537	-14.61470	-3.57726	-13.78499
7047.005	2.43129	-10.89382	-19.99372	-12.23344
7051.004	3.81081	-10.91415	-19.99372	-12.23000
7055.003	-0.01072	-10.54330	-19.99372	-12.22572
7059.010	2.20919	-8.61322	-19.99372	-12.22066
7063.006	-19.99372	-12.16158	-19.99372	-12.21499
7067.004	2.15658	-14.48058	-19.99372	-12.20877
7071.004	1.49374	-13.06145	-0.18730	-14.69420
7074.998	2.95950	-14.13897	0.30386	-13.39745
7079.010	1.65195	-11.39700	-1.14178	-14.42748
7083.029	3.73112	-10.86166	-19.99372	-12.16551
7087.006	3.37761	-14.22436	-19.99372	-12.13375
7091.003	4.57744	-12.19999	-0.85436	-14.92111
7095.003	-19.99372	-12.06972	-19.99372	-12.14024
7098.997	-19.99372	-12.07030	0.43291	-14.83985
7103.003	0.25165	-10.96148	0.73632	-14.83151
7107.002	3.05548	-12.68688	-1.04620	-14.36058
7111.005	0.94090	-10.88239	-19.99372	-12.22226
7115.008	0.41817	-14.01126	-19.99372	-12.19183
7119.002	3.27841	-14.03590	-19.99372	-12.12774
7122.997	5.23679	-10.58246	0.48828	-14.78862
7127.007	-0.70908	-11.75164	-19.99372	-12.12491
7131.003	-3.02427	-10.35260	-19.99372	-12.12288
7135.002	1.00749	-10.09003	-19.99372	-12.11486
7139.007	-4.98475	-12.32774	-19.99372	-12.11312
7143.004	4.45059	-14.24834	-19.99372	-12.10533
7147.003	5.77588	-14.30725	-19.99372	-12.09881
7150.886	2.77456	-11.20267	-1.82661	-13.65699
7154.885	2.65384	-10.77223	-1.73770	-12.91655
7158.881	2.46694	-14.44188	-2.87311	-14.39056
7162.879	6.98746	-14.58738	0.35228	-12.97570
7166.904	0.23959	-7.67161	-3.55726	-9.13510
7170.878	0.15680	-7.73612	-3.94372	-7.93683
7174.874	-0.40976	-7.34642	-2.07591	-8.00794
7178.871	-1.40504	-7.19438	-0.51413	-5.37880
7182.878	-1.32676	-7.05397	-0.00199	-7.89938
7186.875	-1.44379	-5.90032	-1.46030	-3.50190
7190.874	-1.47392	-2.33549	-2.78926	-2.30386
7194.870	2.31331	-5.50227	-4.21925	-4.90273
7198.878	-1.59789	-4.67579	-1.66859	-4.39784
7202.877	2.60258	-6.27645	-1.42285	-3.71433
7206.878	-0.34600	-5.69267	-1.50547	-4.08001
7210.876	0.35568	-6.82630	-1.09986	-5.09800
7214.871	0.01268	-3.71978	-2.40803	-5.98582
7218.906	0.43028	-5.04406	-2.66610	-5.97014
7222.882	0.54865	-4.55513	-2.56847	-6.94780
7226.877	0.12176	-5.29165	-6.57477	-6.85519
7230.887	0.14766	-5.47261	-5.17124	-6.68239
7234.881	-3.07805	-4.86392	-1.44951	-3.97387
7238.879	-4.18321	-5.65437	-1.93361	-3.52863
7242.876	-2.87509	-4.66375	-0.78995	-6.77422
7246.882	-1.78853	-5.13126	-2.87774	-3.96619
7250.880	-2.97458	-4.84460	0.88768	-6.72830
7254.880	-2.71964	-4.90062	0.72789	-6.44565
7258.874	-3.01541	-4.61203	4.01677	-8.23019
7262.883	-3.21552	-4.68286	-1.31084	-5.87166
7266.893	-4.40700	-4.65499	0.28758	-4.43153
7270.887	-3.37858	-4.28070	-5.23903	-4.90935
7274.880	-3.27534	-4.62442	-4.63131	-4.22065
7278.879	-3.00116	-4.89733	-1.27004	2.47777
7282.877	-1.96796	-4.74091	3.04271	2.62580
7286.882	-0.76181	-4.47079	0.40266	4.46929
7290.875	-2.44655	-4.80071	-2.40142	-5.52516
7294.883	-2.38484	-4.50170	-4.53275	-5.43776
7298.881	-1.63792	-4.21061	-3.39646	-5.00361
7302.883	-2.27122	-4.09388	-3.35669	-4.95315
7306.879	-1.89682	-5.98658	3.45484	-3.65978
7310.880	-1.43225	-3.28480	4.96916	-4.15457
7314.876	-0.94552	-3.38821	0.30233	-2.93466
7318.882	-2.06872	-4.62964	-3.16367	-6.69440
7322.880	-4.23466	-5.51590	-3.14110	-6.16001
7326.897	-3.93685	-4.64639	-1.10631	-5.16678
7330.875	-2.16129	-3.51646	-2.11571	-5.16177
7334.876	-2.25945	-3.03014	-3.10445	-4.18457
7338.869	-1.46323	-4.68286	-3.24805	-2.73153
7342.877	-1.54559	-5.42680	-3.31447	-5.58779
7346.873	3.12670	-6.95948	-0.71057	-4.60780
7350.874	1.73762	-5.76579	-3.05538	-5.15236
7354.908	-4.13053	-4.54917	-4.53655	-5.34456
7358.892	-4.23078	-5.45601	-0.80955	-5.52745
7362.878	-3.29968	-4.99145	-2.90473	-4.59701
7366.912	-3.46684	-4.02298	-2.83690	-4.93788
7370.879	-3.09646	-3.47747	-2.45946	-4.03064
7374.879	-1.81381	-3.06718	-2.68655	-3.90265
7378.873	-1.70140	-4.79368	-0.92763	-4.67598
7382.881	-2.67009	-5.30227	-1.60263	-4.81360
7386.876	-1.80692	-2.39597	-2.60141	-4.64405
7390.875	3.87947	-5.66449	-1.71803	-4.45728
7394.881	3.59921	-9.33806	-0.52880	-5.39049
7398.877	3.22141	-5.79984	-0.45338	-4.79105
7402.873	1.07646	-6.83031	-0.32734	-5.02543
7406.880	2.58014	-9.21969	-0.53292	-5.27205
7410.877	1.11281	-6.92636	-0.99536	-4.08214
7414.876	1.96598	-6.18629	-1.22767	-3.83390
7418.873	1.65696	-6.61774	-1.42444	-5.66569
7422.919	1.28829	-6.82964	-1.18185	-4.81796
7426.876	1.30392	-6.55924	-0.27098	-5.03808
7430.871	1.34638	-5.57811	-0.65605	-6.25566
7434.874	1.24466	-6.01249	-2.22602	-5.87346
7438.873	1.10879	-6.97955	-2.85180	-6.58576
7442.878	1.02687	-7.66367	0.32905	-5.17837
7446.875	-1.32289	-6.80028	0.95028	-4.64734
7450.873	-4.01376	-4.31245	1.26289	-5.43428
7454.875	2.08825	-4.05786	-3.76112	-5.78765
7458.870	-2.22738	-3.96802	-3.29199	-7.82704
7462.871	3.28679	-6.84644	-4.10046	-8.06936
7466.866	0.39531	-6.35217	-3.65114	-8.13591
7470.874	0.99742	-5.17277	-2.46855	-7.30066
7474.875	0.02884	-5.01959	-0.19355	-8.26889
7478.875	0.30982	-6.22383	-1.00099	-8.41786
7482.867	-0.18735	-6.42233	-0.54977	-8.24780
7486.874	-1.02640	-8.03223	-2.02944	-8.13488
7490.881	-0.61478	-8.67736	-2.44764	-8.16621
7494.871	0.49019	-6.75773	-2.17529	-6.91755
7498.866	1.04920	-6.74501	-1.84114	-7.72964
7502.872	1.54668	-4.60537	-1.23962	-6.96529
7506.871	-2.63621	-7.64512	-1.07842	-6.06606
7510.867	-0.86451	-8.56206	-1.53932	-6.23426
7514.875	0.38248	-8.02870	-1.93509	-7.87349
7518.869	-0.06698	-8.14471	-2.07227	-7.13620
7522.868	-0.57066	-5.39922	0.78684	-6.65620
7526.873	1.48151	-5.68021	-1.91452	-6.89017
7530.872	5.38002	-12.79530	-1.52285	-7.23584
7534.870	2.64183	-8.22711	-1.79224	-6.56781
7538.865	3.37531	-8.44646	-1.49188	-6.95708
7542.875	3.06075	-9.23671	-1.67772	-7.09257
7546.870	2.73878	-9.89745	-2.11442	-7.11320
7550.866	2.37099	-6.49367	-2.37795	-7.00955
7554.873	1.47164	-9.24985	-3.32436	-7.20981
7558.867	0.70250	-8.92896	-4.06113	-7.04299
7562.876	1.77900	-8.99886	-5.91624	-8.67255
7566.870	-3.92727	-6.31297	-7.10792	-9.99750
7570.869	0.80925	-6.84222	-3.23578	-7.19023
7574.864	1.33832	-8.44231	0.65791	-6.91521
7578.873	-1.77724	-6.91285	1.61729	-8.43750
7582.877	1.99674	-6.78726	1.62758	-12.08858
7586.900	2.34210	-9.41432	-0.40586	-9.31683
7590.872	1.08793	-8.34886	0.17953	-9.47017
7594.872	0.62935	-7.96926	-0.57498	-8.95270
7598.869	1.00124	-8.54935	-1.11861	-6.35306
7602.872	-2.01513	-8.40821	-1.29524	-5.45964
7606.868	0.02566	-5.81274	0.19755	-6.49144
7610.870	0.88597	-6.41596	-1.18686	-11.46995
7614.863	-0.46468	-8.23124	-1.83501	-8.69477
7618.873	3.64704	-9.84731	-1.58812	-6.08488
7622.867	2.78726	-6.05519	-2.25157	-5.26458
7626.863	3.66108	-6.95092	-0.62816	-6.38064
7630.870	3.04915	-8.13217	-2.14288	-6.23509
7634.870	2.92168	-7.93657	-1.53423	-8.81043
7638.869	2.74811	-8.78054	-2.34944	-6.72859
7642.873	2.45376	-4.85656	-2.22532	-5.22018
7646.874	2.36383	-9.93642	-1.20844	-6.45772
7650.869	1.33140	-7.65155	-0.52210	-6.39658
7654.868	0.86920	-7.98257	-1.58125	-8.52607
7658.870	1.21685	-6.81036	-1.50207	-7.28800
7662.868	0.34675	-7.82404	-1.16272	-6.83753
7666.870	-1.30193	-6.94655	-0.58846	-6.77570
7670.864	-0.46917	-6.65924	-2.73174	-8.09669
7674.873	-0.53222	-6.12333	-1.12484	-8.07482
7678.868	-1.46752	-7.38485	-0.87977	-7.76122
7682.868	-1.89508	-7.86622	-1.29467	-6.89633
7686.867	-1.11742	-8.07496	-1.19755	-5.66881
7690.871	-0.37482	-5.22727	-1.91077	-6.46351
7694.887	2.25640	-7.00902	-2.42312	-8.19652
