time (ms)	lx (deg)	ly (deg)	rx (deg)	ry (deg)
0.000	-0.02092	-1.60876	-6.65710	0.26740
3.999	-0.17762	-1.61436	-1.80194	0.45614
7.995	-3.35612	-1.38458	-1.86330	0.24990
12.075	-2.93735	-0.69634	-4.65476	0.49169
16.005	0.21728	-2.51588	-2.35392	0.38538
19.995	0.85838	-2.38814	-2.36601	0.61832
23.997	2.20374	-1.48169	-1.72041	0.53884
27.995	3.09636	-0.97153	-1.81924	0.33817
31.994	0.51647	-1.36984	-0.68744	0.44245
35.993	-1.71972	-0.76881	1.77283	-1.11952
39.996	-2.09118	-0.85204	0.19323	0.37362
43.994	-2.68207	-0.69635	0.24515	0.69680
47.993	0.17419	-1.41797	0.33392	0.43179
51.994	-3.73769	-1.00239	0.29461	0.37486
56.000	-1.86523	-1.34256	-2.42884	1.68337
59.995	0.96214	-1.87870	-2.45091	3.60683
63.992	-0.15573	-1.41462	-1.44081	3.08853
67.995	0.92661	-1.88681	-1.88157	-0.04038
72.013	1.47469	-2.18457	-2.09579	0.23794
75.997	-1.04349	-1.98897	-1.65418	0.27521
79.992	-0.50895	-1.99828	-1.73083	-0.14016
83.995	-2.67259	-1.40817	-1.50304	0.02352
87.998	-0.44098	-1.41846	-1.09763	0.30213
91.989	0.34965	-1.01750	-1.58579	-0.04973
96.002	-0.78538	0.78983	-1.68349	1.29925
99.997	-0.31461	-2.28587	-0.77479	0.85514
103.988	-1.19648	-1.32525	-0.11999	0.13165
107.995	-2.00958	-0.44762	-0.33915	0.77757
111.993	-0.93133	-0.82771	-1.35884	0.83558
115.993	0.25793	-1.02064	0.25227	0.55342
119.994	-1.03228	-0.94140	-0.02981	0.62694
123.996	-0.78578	-1.78841	0.49282	0.59380
127.993	-1.18195	-1.73193	-1.25565	0.61641
131.992	0.10059	-0.62853	-1.66266	0.86452
135.994	-1.05495	-0.23208	-1.63492	0.79857
139.999	-1.77618	-1.13581	-1.78007	0.76285
143.993	-1.50155	-0.91557	-1.50185	0.61776
147.994	-1.27482	-1.34781	-1.65037	0.62812
151.995	-2.60857	-1.53397	-1.74335	0.64029
155.991	-0.33486	2.12955	-1.68548	0.66256
160.000	-1.33909	0.24718	-1.66976	0.80817
163.995	-0.54570	-1.59900	-1.70688	0.72389
167.993	2.77106	-4.60486	-1.64741	0.83003
171.994	0.12369	-3.39533	-1.80162	1.20024
175.992	0.33424	-1.81956	-1.75957	0.92745
180.015	0.02636	-4.32052	-1.73254	1.15897
184.001	-2.42555	-1.24331	-1.79066	1.13967
187.993	-2.19712	-1.30439	-1.76475	1.24388
191.993	0.23994	-2.02149	-1.75364	1.12626
196.010	2.22778	-2.20147	-1.67925	0.93047
200.000	0.00293	-1.70509	-1.65577	0.74837
203.992	-2.32813	-2.16869	0.71781	1.04786
207.991	-0.75717	-0.68087	1.70504	1.20760
211.989	-0.71873	-2.03180	-0.95696	2.76727
215.989	-0.19544	0.79109	-0.88364	1.59993
219.996	0.53394	-1.39489	-1.32089	0.75110
223.994	-1.17339	-1.38178	0.01444	0.74941
227.994	-1.15000	0.61822	-0.92247	1.07483
231.991	2.63393	0.76075	-0.32474	0.93140
235.990	1.76681	-2.37607	-0.85158	0.91964
239.991	0.44309	-0.56732	0.91143	1.46922
243.994	-0.46475	0.15458	-0.79466	1.59810
247.991	0.14965	-1.36001	-0.79379	1.34702
251.989	-0.84374	-1.88747	-0.27935	0.90917
255.990	-0.48808	1.03069	-0.82707	1.63394
259.995	2.37359	-1.99210	-0.45805	1.14851
263.993	1.32577	-2.31310	-0.64379	1.02987
267.999	-0.54704	-2.06569	-0.81223	1.32434
271.991	-0.57339	0.05074	-0.85287	2.11541
275.995	-0.74503	-0.36033	-0.78997	1.40557
279.986	-0.11379	-1.45393	-0.83664	1.01530
283.992	-0.20745	-1.75521	-0.76297	0.76949
287.997	-2.02284	-1.85626	-0.62377	1.74593
291.994	3.66098	-0.72351	-0.37563	1.38750
296.007	3.59723	-2.01738	-2.90284	-0.02172
299.995	3.74572	-2.11115	-5.06863	2.93221
303.994	3.45986	-1.66856	-0.78965	1.32641
307.992	2.91186	-1.98576	-0.78536	1.26626
311.996	-0.96916	-3.79354	-0.54168	2.08490
315.994	-2.50957	-0.75373	-0.68198	1.84758
319.990	-2.30903	-1.60088	-0.70732	0.74453
323.995	-0.12257	-1.22989	-0.66498	0.53597
327.990	-0.57997	-1.77305	-0.69357	0.03585
331.994	3.44953	-3.80683	-0.66379	0.48002
335.985	-0.83625	-1.60337	-0.79910	0.53464
339.995	-0.22246	0.45835	-0.75960	0.37332
343.991	6.40128	-0.79639	-2.72157	0.51036
347.998	5.94143	-1.16469	-0.68168	0.34756
352.021	4.59852	-1.04326	-0.50862	0.68625
355.998	2.61922	-1.80613	1.21333	0.35523
359.990	1.53609	-1.61066	-0.67888	1.36804
363.991	-0.37037	-3.07561	-1.75875	1.45745
367.991	-0.87473	-2.13641	-0.77727	2.22871
371.991	-0.96494	-1.23332	-0.78863	1.82331
375.988	1.72999	-3.22310	-0.56672	1.12547
379.994	5.12824	-2.48329	-1.73331	1.64406
383.992	1.91298	-2.53951	-3.12133	2.26346
387.994	-0.82937	-2.49379	-3.29231	0.94476
391.998	-0.67848	-1.92262	-1.59841	0.62673
396.008	-0.96125	-0.75879	-0.65528	0.16362
399.989	0.02405	-1.59622	-0.50066	-0.03031
403.994	0.60942	-1.49033	-0.74623	1.20669
407.989	1.88598	-1.49968	-2.46724	1.30074
411.993	0.49910	-0.29514	-1.34547	0.19663
415.984	0.62704	-1.67195	-2.54212	0.39652
420.025	5.98955	-3.13706	2.15036	0.53612
423.992	-0.23185	-1.15582	-0.34672	-0.19543
427.993	2.19787	-3.01603	-0.16511	0.28231
431.993	3.40707	-1.59077	-0.56032	-0.66637
435.991	2.89898	-0.05313	-0.75883	0.99947
439.989	-2.33043	-1.29099	-0.02909	1.57313
443.990	-2.39502	-1.25443	-0.21693	1.00032
447.987	-0.10580	-0.70864	-3.46681	1.75885
451.991	0.32930	-0.78378	-0.60923	0.51163
455.987	6.43013	-4.28416	-0.48232	0.94691
459.988	-0.30605	0.54241	0.01571	0.93499
463.987	3.38770	-1.37968	0.90939	0.78948
467.989	2.84103	-1.75001	-0.22172	0.70135
471.992	-2.07953	-0.89743	-0.37643	1.74870
475.983	2.51782	-1.05924	1.22841	-0.92911
479.990	-0.21867	-1.69148	-0.28505	0.55990
483.990	-1.53364	-0.21231	-0.23160	1.42025
488.007	-1.29759	-1.85389	-0.19179	0.64138
491.987	-2.68908	-2.22775	0.06413	0.64687
495.986	2.87222	-1.54025	-0.02464	0.62960
499.992	1.17914	-2.46429	-0.18345	0.79554
503.986	0.10421	-2.35499	1.20876	0.62554
507.991	-1.54678	-0.81162	-0.36211	0.74323
511.997	0.26699	-1.72993	-0.35191	1.22128
515.987	0.51031	-2.19320	0.10701	0.90575
519.869	0.12223	-0.85422	-0.38978	-0.19285
523.860	2.14796	-2.53404	-0.54481	0.52577
527.863	2.04081	-4.95858	-0.48828	0.03044
531.864	1.10695	-2.39168	-0.49264	0.20557
535.862	-0.69553	-0.96771	-0.67486	0.63716
539.860	0.56972	0.46507	0.97767	0.52393
543.861	1.38795	-0.92744	-0.50954	-0.01995
547.863	-0.51150	-0.56013	-0.46140	0.14979
551.861	-0.35650	-1.74049	-0.79781	1.41625
555.865	5.14569	-4.90996	-1.33366	2.37045
559.876	4.12364	-4.89390	-1.05143	2.73720
563.858	2.87500	-2.54531	-0.36747	0.38927
567.866	1.47786	-3.07092	-0.73015	0.82214
571.907	1.18125	-2.60435	-0.30573	1.01397
575.867	-1.35623	-0.94268	-0.51183	0.72627
579.871	-2.14548	-1.03373	-0.50220	0.31229
583.863	-1.46432	-1.09007	-0.69196	-0.10023
587.859	0.70315	-1.01391	-0.31081	0.69603
591.867	-1.31774	-2.55612	-0.19616	1.19643
595.867	0.75101	-2.63399	-0.32868	0.76490
599.872	0.59997	-1.21229	-0.36747	0.78298
603.862	0.45669	-2.01909	-0.44304	0.43061
607.861	-0.61429	-2.87218	2.06067	0.41334
611.860	-1.32604	-1.03902	-0.19670	0.62309
615.888	4.10078	-1.21381	-0.51041	0.44020
619.863	-3.17072	-1.83443	1.47437	0.43200
623.892	2.61372	-4.12374	1.17128	0.57959
627.863	0.22778	-2.35557	0.22328	0.50318
631.864	1.31153	-2.68117	0.10863	0.70695
635.875	3.07394	-3.11315	-0.55550	0.63899
639.863	-7.30515	-3.24047	1.15647	0.47933
643.869	1.24009	-3.18117	1.23747	0.50555
647.863	0.38561	-3.75772	0.53155	0.72058
651.863	1.68900	-1.17879	-0.76062	0.96057
655.856	2.61565	-1.75319	-0.70511	0.73276
659.864	2.90629	-1.02444	-0.62260	-0.80663
663.859	-2.31475	0.54816	0.46768	-0.34504
667.863	-2.39463	-1.81619	0.10384	1.16829
671.854	-1.83313	-1.26859	-0.51915	1.39827
675.863	2.64374	-2.66377	-1.03240	1.50236
679.858	-1.90825	0.41089	-0.65077	0.79293
683.863	4.08653	-2.21947	-0.74764	-0.76952
687.857	-2.28977	-0.15836	-0.27892	0.39166
691.855	2.87292	-2.55230	-0.50609	1.66404
695.860	2.44063	-2.21527	-0.43006	1.73206
699.864	-2.50808	0.32131	-0.82503	0.76754
703.861	-2.41705	-0.34576	-0.94864	0.39864
707.859	1.76033	-2.53995	-0.75541	-0.21838
711.856	1.47139	-2.57730	-2.71835	-1.51788
715.857	-0.14632	-4.17435	-1.36972	-3.22722
719.860	-2.48567	-3.45097	-2.54635	-1.80001
723.857	2.04897	-6.94796	-1.89657	-3.71362
727.861	-2.59688	-6.73673	-2.29029	-4.47991
731.861	-2.68792	-4.10499	-1.68077	-6.76619
735.860	1.25535	-6.60989	-1.52027	-6.36169
739.857	0.19616	-4.80472	-1.85199	-5.23717
743.860	0.56731	-4.69265	-2.90629	-5.35969
747.859	0.40998	-5.62161	-1.86439	-5.08765
751.861	-0.17697	-2.91818	-1.60407	-4.35963
755.856	-2.11822	-4.83117	-0.95944	-5.05787
759.899	-1.65250	-4.08378	-0.79268	-4.96600
763.865	-1.54941	-7.79861	-1.62629	-4.96229
767.863	-1.48597	-5.08365	-1.70222	-6.09947
771.861	-1.45586	-5.97507	-1.60633	-6.28801
775.855	-0.97933	-5.96648	-1.44867	-6.39523
779.861	-0.38449	-5.26728	-1.51469	-5.52268
783.859	-0.42973	-5.99220	-1.54024	-5.10368
787.861	-0.84739	-6.72855	-1.14446	-5.36266
791.856	-1.07488	-8.05364	-1.33125	-4.66272
795.859	0.61052	-5.53733	-1.57915	-4.52027
799.862	1.01151	-4.13002	-1.57004	-3.83715
803.854	1.08148	-3.57327	-1.74132	-3.17213
807.867	-0.47765	-3.60505	-1.95396	-5.37441
811.859	-1.28157	-3.81581	-1.78587	-6.02446
815.858	-0.67806	-4.74877	-1.84183	-5.05992
819.856	-0.50701	-7.22953	1.59445	-5.28374
823.914	0.66861	-4.70840	-1.76125	-4.38558
827.895	1.07423	-3.14735	-1.73053	-2.68967
831.855	-1.13886	-3.66914	-1.69007	-5.05501
835.856	-0.34769	-2.52528	-1.93767	-4.99512
839.858	-1.27172	-5.28308	-1.46484	-4.70660
843.856	-0.99876	-6.48479	-2.70198	-4.15120
847.854	-1.78498	-4.58947	-1.90487	-3.73314
851.860	3.57965	-9.26635	-1.71439	-5.12956
855.860	-0.11855	-5.25910	-1.83251	-3.68857
859.856	-1.64784	-7.13793	-1.88690	-3.16021
863.856	-4.47602	-5.48257	-1.87840	-3.84516
867.855	-1.83395	-4.04081	-1.55204	-4.89303
871.868	-2.16275	-7.50339	-1.61069	-3.77552
875.862	-4.29399	-6.78104	-2.06329	-2.86191
879.852	-1.92751	-5.34785	1.04320	-8.14828
883.859	-0.37536	-7.09294	-1.61131	-4.25024
887.857	-2.01451	-7.96611	-1.74457	-3.98037
891.857	5.86261	-8.66656	-1.22923	-2.25393
895.858	-1.62658	-6.33663	-1.25681	-3.95676
899.851	-0.61121	-6.23499	2.42094	-7.95711
903.861	-1.98878	-8.26176	-1.43642	-4.69333
907.857	5.29922	-8.56082	-1.22412	-4.44401
911.857	4.69650	-6.92561	-1.30114	-3.25413
915.851	4.17727	-5.38992	-0.95921	-3.18682
919.860	3.52665	-4.57803	-1.12338	-4.61386
923.856	2.07888	-6.79020	-1.07262	-5.39256
927.858	0.14201	-6.19748	-1.03679	-4.99636
931.851	-1.07029	-6.93914	-0.88384	-5.32565
935.860	-1.43920	-4.32027	-0.79109	-5.45753
939.855	-1.19768	-5.63040	-1.12888	-5.21735
943.858	-0.75729	-7.50067	-1.04965	-5.32202
947.851	-0.99717	-7.41395	-1.28308	-5.67802
951.857	-0.97943	-7.65421	-1.91997	-5.49723
955.854	-1.15984	-7.64628	-1.51658	-5.73113
959.853	-0.82883	-7.40435	-4.05372	-5.81331
963.856	0.03003	-7.30341	-2.16084	-5.80704
967.858	-0.38432	-7.29494	-2.13269	-5.89736
971.852	-0.45304	-7.02767	-1.65396	-5.98188
975.864	-0.10781	-5.63191	-1.65850	-5.13525
979.868	4.35723	-7.65894	-1.98058	-2.36388
983.861	3.73692	-7.50525	-1.81384	-3.27893
987.849	-0.66414	-6.20391	-1.93113	-4.04011
991.858	-2.62222	-7.38304	-2.07643	-4.31332
995.856	3.89861	-6.85561	-2.15730	-4.05101
999.852	3.98985	-6.97544	-2.52386	-4.47898
1003.853	3.02494	-7.59827	-2.44851	-4.73196
1007.856	-0.24537	-6.69196	-2.06423	-5.56365
1011.866	-0.42566	-5.76300	-1.97932	-3.05045
1015.862	3.55946	-7.74030	-2.03117	-4.18262
1019.861	-0.61727	-7.45824	-2.21940	-4.33467
1023.855	-1.47409	-7.18065	-2.31131	-4.41553
1027.852	-1.60776	-7.69133	-2.38182	-4.69007
1031.877	-0.76905	-6.72755	-2.38132	-4.77251
1035.891	3.86892	-7.14427	-2.27914	-5.03107
1039.857	-2.55899	-7.06188	-2.33219	-5.41773
1043.848	-2.07906	-6.63819	-2.27466	-4.29792
1047.858	-0.43842	-6.18332	-2.23593	-3.20487
1051.852	2.89072	-4.40660	-2.18711	-0.45676
1055.847	2.32692	-3.55517	-2.23080	-0.56959
1059.861	4.23651	-3.52452	0.41728	1.07561
1063.858	-0.56523	-0.61248	-1.97686	0.95795
1067.855	-0.22981	0.07959	-2.04691	1.55128
1071.847	-0.01070	0.80049	-2.04379	2.76278
1075.855	6.39065	-0.47951	-2.10488	2.93513
1079.856	0.01675	-0.42427	-2.14607	1.93098
1083.847	-0.11371	0.59770	-1.86486	2.36114
1087.856	-2.11212	0.57671	-1.62053	2.92067
1091.851	-2.22322	0.15631	-1.92533	3.23637
1095.849	-0.26339	-0.13185	-1.96553	3.24456
1099.880	-2.01360	1.37905	-1.83028	3.13104
1103.851	-0.24420	1.31505	-1.78887	2.77419
1107.855	-2.03325	3.30047	-1.91962	2.73095
1111.845	-1.71920	3.28475	-1.73861	2.33648
1115.856	-1.64191	1.53267	-1.97500	2.97579
1119.851	2.84970	0.94748	-1.95259	2.99601
1123.853	-1.86196	1.58672	-1.86771	2.94684
1127.851	-1.78922	1.44685	-1.95535	2.63454
1131.855	-1.49217	1.33569	-2.23657	2.97348
1135.852	-1.04640	1.40523	-1.84334	2.76548
1139.860	6.70648	-3.18245	-1.73172	3.43049
1143.858	-0.26634	1.42824	-1.39153	3.75141
1147.855	-1.68803	0.98452	-2.21445	5.03250
1151.852	-1.39599	1.06599	-1.60449	4.32513
1155.856	-1.42117	0.94675	-1.47528	4.25509
1159.852	-1.51159	1.09345	-0.72789	3.32942
1163.858	-1.56593	1.16823	-1.60263	2.91250
1167.854	-1.48166	1.20806	-1.51248	2.72786
1171.849	-1.60662	1.20625	-1.82795	2.91748
1175.856	-1.58101	1.23069	-1.55211	3.11656
1179.853	-1.55695	1.57409	-1.86818	2.81886
1183.859	-1.43310	1.32200	-2.07980	2.81164
1187.852	-1.50093	2.19563	-1.92493	2.75247
1191.853	3.31692	1.03225	-1.88130	2.71413
1195.853	-1.36372	1.44958	-2.26207	2.91568
1199.870	-1.35115	1.54005	-1.95584	3.48348
1203.855	-0.83079	1.46719	-1.53406	3.09563
1207.853	4.57149	-1.16101	-2.07375	2.58276
1211.849	-0.13603	1.51591	-1.92790	2.81844
1215.850	-1.13836	1.34023	-1.93693	4.15395
1219.853	-0.45031	1.39831	1.74117	2.93689
1223.859	-0.80382	1.25558	-1.54785	2.88403
1227.850	-0.33953	1.07418	-1.41360	3.47262
1231.855	-0.59292	1.23599	-2.22032	4.04360
1235.851	0.03060	1.41708	-2.19802	3.64234
1239.850	-0.56831	1.20224	-2.25769	3.22997
1243.854	-0.96745	1.35726	-1.91754	3.76189
1247.851	-0.89857	1.72526	-2.34391	3.27962
1251.854	-1.17629	1.18590	-1.98343	2.91888
1255.848	-1.17423	1.17165	-1.55110	2.86770
1259.910	-1.18182	1.20738	-1.57248	3.30804
1263.859	-1.24414	1.18297	-1.74037	2.08569
1267.853	4.55852	0.62964	-1.67385	3.56939
1271.858	-1.23759	1.52460	-2.13995	3.95540
1275.850	-1.36417	1.35983	-2.20166	3.33075
1279.852	0.99903	0.97576	-1.92622	3.11148
1283.848	-1.39996	1.08684	-2.09653	4.15881
1287.852	-1.33480	1.34787	-1.94954	2.87571
1291.850	-1.01278	1.04669	-2.16506	3.33776
1295.853	-0.58119	0.41602	-1.52176	2.96991
1299.854	-1.20085	1.74327	-2.08047	3.36751
1303.846	-1.38617	1.57026	-1.54959	6.82523
1307.853	0.06162	2.14705	0.83104	5.73715
1311.848	2.42245	2.23843	1.53138	6.14367
1315.852	4.67328	2.08037	3.90039	5.01228
1319.844	4.17603	2.52076	4.53527	6.13762
1323.872	4.24796	2.90065	4.69647	5.75080
1327.854	4.01169	4.05774	4.88109	5.70732
1331.844	4.57292	3.49527	4.97492	6.03881
1335.846	4.88188	2.77095	4.75955	6.00923
1339.851	3.97649	3.51018	4.26980	7.07199
1343.852	5.44490	3.13969	3.99539	5.81231
1347.846	4.42049	3.29069	4.67239	5.78812
1351.852	5.33131	3.98144	4.45027	5.64189
1355.847	7.95825	2.81885	4.20459	5.46557
1359.851	5.33957	3.74635	4.48944	5.75992
1363.843	7.99525	2.08057	3.77105	6.05149
1367.852	5.70458	3.79388	4.16630	5.93720
1371.872	4.90333	3.14087	4.21481	6.51659
1375.725	6.30487	2.63004	4.37362	6.18748
1379.716	3.74696	4.00423	4.39326	6.74228
1383.727	5.56967	3.81665	4.38262	6.38613
1387.726	5.54675	3.59080	4.51679	6.48438
1391.722	5.85084	2.52398	4.45429	6.48659
1395.743	4.45740	3.24758	4.49127	6.68197
1399.730	6.36932	2.52777	4.38756	6.40700
1403.718	3.80881	2.80113	4.35257	6.60146
1407.727	6.03569	2.79913	4.43653	6.38770
1411.723	4.95898	4.26014	4.44859	6.56314
1415.722	5.12028	3.95797	4.46201	6.32919
1419.715	7.48890	3.90608	4.16191	6.52241
1423.724	5.13710	2.69882	4.55877	6.29059
1427.720	7.12921	3.45585	4.54688	6.26461
1431.716	4.22372	3.31115	4.40606	6.44252
1435.727	6.28457	3.99855	4.59958	6.26689
1439.732	3.63764	4.06197	4.22283	6.34697
1443.726	5.75306	3.76801	4.26018	6.45351
1447.726	5.12666	2.99888	4.30391	5.63427
1451.723	4.49699	4.17735	4.10019	6.42667
1455.725	4.69504	3.73540	5.79646	6.30958
1459.720	5.18419	3.73955	3.95295	6.36606
1463.727	4.75363	3.01645	4.54202	6.28173
1467.721	4.65444	3.56146	6.75113	5.80246
1471.724	6.17690	4.36190	6.17079	6.20504
1475.749	7.35153	4.14093	4.13498	6.42476
1479.734	4.93511	4.66887	3.90318	6.34493
1483.720	4.79879	3.89165	4.54141	5.66403
1487.719	4.81766	3.10866	4.41593	6.24048
1491.723	7.34853	1.88629	4.37594	6.21741
1495.736	4.98487	3.44254	4.34855	5.65507
1499.722	4.39508	3.66828	4.49931	6.14532
1503.719	4.77200	3.58980	4.47437	5.84605
1507.719	5.25694	2.09071	5.66887	5.79731
1511.726	6.55329	2.71724	4.74730	5.75636
1515.720	6.56258	3.30248	4.45296	6.05245
1519.725	4.80251	3.33673	4.37236	5.30947
1523.724	4.52506	3.58237	4.55956	5.80384
1527.719	3.27200	3.02642	4.51798	6.10274
1531.722	4.89538	3.30370	4.81902	5.84946
1535.722	5.06764	3.19840	4.55312	5.68130
1539.717	5.79909	2.65507	4.65843	5.89708
1543.724	6.14693	3.10094	5.65528	5.00559
1547.719	6.48156	3.75242	6.44334	5.34516
1551.723	5.56996	7.38700	4.29927	6.03058
1555.713	5.19322	3.65211	4.20928	6.15355
1559.723	4.70717	3.44647	3.34198	5.60012
1563.724	3.67440	2.27413	3.30153	6.16081
1567.723	3.64365	1.61983	3.34047	6.69619
1571.729	4.13461	2.79488	5.48295	5.62912
1575.722	4.68222	3.22168	6.99492	5.53302
1579.726	5.13535	3.32358	6.33032	5.27790
1583.721	5.31362	2.42108	5.60996	4.86177
1587.722	5.66691	2.89357	3.84414	5.59890
1591.713	5.75527	1.57328	4.27503	5.57985
1595.735	5.56475	3.06121	4.22066	5.27381
1599.723	5.30520	2.37290	4.36182	5.04027
1603.723	5.79013	4.28791	4.43727	5.06749
1607.723	6.31603	4.14204	4.47814	5.45703
1611.718	6.86310	3.62347	4.40406	5.62045
1615.722	5.65577	3.43355	4.53307	5.76170
1619.716	4.85098	4.34281	4.48569	5.03839
1623.722	3.75620	4.59556	4.62700	5.13573
1627.718	4.60284	4.30523	5.59703	5.19224
1631.722	3.39817	4.37601	5.62301	5.58216
1635.717	4.94004	4.12187	3.78506	5.94641
1639.721	6.03317	4.50416	5.37480	5.71736
1643.720	4.57364	4.93761	5.81349	6.04518
1647.724	8.94486	2.36756	8.48153	4.02983
1651.717	7.60256	1.88414	9.39325	2.39428
1655.718	11.66599	-0.08754	8.77281	4.12457
1659.719	10.22353	-1.83858	8.77570	2.38872
1663.719	11.35172	-0.88687	8.90277	1.43954
1667.722	11.08854	-1.19926	9.19694	1.73274
1671.735	11.18396	-1.88005	9.34290	2.19918
1675.721	10.79947	-2.18029	9.18020	2.30189
1679.718	11.23757	-1.62177	9.20782	1.85205
1683.720	11.15439	-1.66072	9.15277	1.43984
1687.719	11.38132	-1.30832	8.99709	1.37297
1691.721	11.54061	-2.04275	9.19237	1.80611
1695.734	11.54623	-2.43965	9.02672	2.68201
1699.720	11.23089	-2.18569	9.10385	1.83080
1703.719	11.37801	-1.65478	9.11385	1.27578
1707.717	11.48373	-2.03750	9.31549	0.78373
1711.721	10.73016	-2.41036	9.37310	2.32376
1715.715	11.07087	-1.36706	9.04038	2.36044
1719.731	11.65299	-1.46786	8.80178	1.51415
1723.722	11.73845	-1.67320	8.97409	1.02224
1727.721	11.82709	-2.66388	9.07235	1.36709
1731.720	10.68353	-2.19441	9.12505	2.89917
1735.719	10.97267	-1.48227	9.15381	2.56448
1739.717	11.51442	-1.64304	9.24752	1.69980
1743.719	6.17558	-3.14388	9.59177	0.95401
1747.712	8.19372	-2.63193	12.04557	0.72657
1751.720	11.98564	-1.28067	8.92750	2.10658
1755.716	11.69543	-0.84739	9.43786	2.25776
1759.719	11.80930	-1.82360	9.12548	2.20536
1763.721	11.81769	-1.76929	9.40465	1.72454
1767.717	11.95524	-3.30836	9.45286	1.73995
1771.720	11.71147	-1.85889	9.39003	1.57359
1775.715	11.41659	-1.34640	9.78525	0.89615
1779.715	11.46208	-0.87454	12.00445	1.50484
1783.722	11.45086	-1.05553	8.37725	1.99790
1787.717	11.65377	-1.50278	8.95271	2.01119
1791.716	12.21091	-1.67028	9.54211	1.85876
1795.731	11.19359	-1.66929	9.24851	2.06864
1799.719	5.98255	-3.66411	9.34297	2.10339
1803.715	10.96825	-2.20020	9.43332	2.15927
1807.715	8.86454	-1.80667	9.16293	2.27109
1811.720	10.37734	-2.05690	9.15981	2.48753
1815.717	12.68713	-2.19444	9.02009	2.35486
1819.719	10.84836	-2.08674	8.97586	2.26500
1823.718	10.94607	-1.94862	9.19856	2.37078
1827.719	5.74247	-1.99950	9.24721	2.41215
1831.717	7.56986	-2.02221	9.29072	2.59266
1835.731	11.12355	-1.69554	9.13095	2.61804
1839.718	11.58144	-1.27109	9.29198	2.74664
1843.716	13.36084	-1.54004	9.44409	2.93597
1847.743	11.49352	-1.37215	8.84009	2.59094
1851.712	11.41514	-1.47497	9.09904	2.62215
1855.724	4.99366	0.64469	9.23190	2.63561
1859.720	7.45460	-1.58082	9.44634	2.54840
1863.715	10.26674	-1.58033	9.66916	2.22524
1867.718	13.06292	-1.73389	9.57797	2.12170
1871.720	11.59804	-0.97650	9.71987	0.87789
1875.715	12.46957	-3.92433	9.99132	0.41854
1879.718	11.42215	-1.95915	10.02437	0.91054
1883.710	11.49524	-2.30049	9.67635	1.77417
1887.735	11.34559	-2.20026	9.28337	1.77269
1891.716	10.77553	-2.58800	9.35587	1.97135
1895.723	8.80357	-3.04108	9.44407	1.84267
1899.714	9.22828	-2.39830	9.91165	1.85248
1903.715	10.06987	-2.41729	9.24245	1.98370
1907.708	12.53093	-2.86518	9.01268	2.03822
1911.717	12.05383	-2.75910	9.44935	2.12652
1915.713	12.04170	-2.97834	9.20673	2.17569
1919.713	11.75155	-2.78704	9.14764	2.25644
1923.713	11.89257	-2.76484	9.12152	2.36926
1927.713	12.23080	-2.46919	9.21848	2.47231
1931.717	11.76133	-2.57789	9.11825	2.53966
1935.713	7.47948	-2.89368	9.28219	2.54992
1939.722	12.06816	-2.43424	9.08796	2.64434
1943.712	14.32677	-3.29139	6.37790	2.59250
1947.715	6.61011	2.99009	4.69877	2.66699
1951.713	5.68934	3.07101	1.56635	3.02143
1955.714	3.45556	1.91448	0.77280	3.25157
1959.712	-0.74625	1.64345	-1.06649	3.03353
1963.711	-1.51794	3.13241	-3.89276	3.32289
1967.712	-1.79552	1.67259	-4.16277	2.36217
1971.712	-2.66657	0.81181	-4.51300	3.04623
1975.713	-3.78617	0.66133	-4.13372	3.26339
1979.717	-4.31208	0.67408	-3.98153	3.20282
1983.714	-4.87098	0.89359	-3.92413	3.08455
1987.711	-5.03253	0.71410	-3.92613	3.18640
1991.717	-5.26881	0.60453	-4.02947	2.79518
1995.724	-3.44110	0.76160	-4.04935	3.01650
1999.715	-1.99357	0.50765	-4.19378	2.81240
2003.717	-3.54502	0.66649	-4.09110	2.60362
2007.712	-2.72947	0.61958	-4.12241	2.81785
2011.714	-3.47262	0.53281	-4.24233	2.39063
2015.717	-4.64335	0.57209	-3.98966	2.54200
2019.718	-4.70106	0.42264	-1.18634	2.55345
2023.717	-3.68209	0.43443	-2.48673	2.27493
2027.707	-2.07938	0.57317	-2.45921	2.86992
2031.714	-2.49523	0.40830	-3.14241	2.84615
2035.713	-3.34630	0.51748	-3.98590	2.70812
2039.715	-3.73628	0.57982	-3.92707	2.30804
2043.709	-3.74819	0.60745	-1.52164	2.44703
2047.715	-4.75206	0.80128	-3.89851	3.03587
2051.709	-2.97344	0.87898	-4.10290	2.66301
2055.717	-3.08909	0.59380	-3.81459	2.83735
2059.712	-3.10896	0.81963	-4.34601	2.62969
2063.720	-3.36908	1.05216	-4.06031	2.90886
2067.742	-4.39634	1.04808	-4.04115	2.82372
2071.737	-4.74570	1.14075	-1.52273	2.86786
2075.717	-1.85561	0.57161	-1.59043	3.03244
2079.709	-2.43337	0.93013	-2.98074	2.72161
2083.713	-3.09396	1.11118	-3.47272	2.92165
2087.710	-3.85256	0.44718	-4.14628	2.82590
2091.713	-4.62769	0.35151	-4.03947	2.87553
2095.740	-3.31786	0.70224	-1.81803	2.80319
2099.718	-3.12643	0.50144	-2.10716	2.64052
2103.717	-2.59103	-0.05084	-3.57837	2.71449
2107.711	-3.87210	-0.10629	-2.45567	2.82092
2111.712	-4.14991	0.22050	-4.00213	2.69886
2115.708	-3.46711	0.21924	-1.98851	2.72603
2119.708	-3.14449	0.26707	-2.30199	2.74306
2123.712	-3.77256	-0.36285	-2.46882	4.06208
2127.706	-3.58294	-0.10778	-3.21552	2.95867
2131.714	-2.67509	-0.09378	-3.76171	2.88766
2135.711	-2.87480	0.26791	-1.73194	2.82158
2139.713	-3.61730	0.39847	-2.26160	3.16179
2143.720	-2.27944	1.15983	-3.28536	4.16269
2147.715	-3.49107	0.21899	-2.87220	3.80885
2151.708	1.26768	-2.26520	-3.73688	3.32255
2155.709	-4.41154	0.30516	-1.39914	3.27739
2159.711	-2.04503	3.34871	-3.67853	3.78443
2163.709	-3.38409	0.66107	-3.20679	4.18885
2167.711	-3.75600	0.47438	-3.80881	3.06277
2171.706	-2.98626	0.79888	-3.45712	3.98020
2175.712	-3.16995	1.03493	-3.17470	4.12121
2179.711	3.31056	-3.14328	-4.01890	3.81244
2183.712	-3.66014	0.56586	-4.10236	3.43706
2187.716	-4.44230	-0.91113	-3.56611	3.33685
2191.710	-2.84786	0.95609	-3.08971	3.58415
2195.707	-3.62022	0.49171	-3.47915	3.37362
2199.714	-2.83128	0.63861	-3.52084	3.59801
2203.711	-3.70801	0.16845	-2.83417	3.98274
2207.707	-2.78354	0.04954	-3.13511	3.55011
2211.708	-2.45941	0.21214	-3.94964	3.14645
2215.710	-3.57876	0.13291	-3.51233	3.63854
2219.713	-3.54860	0.32046	-3.70403	3.58635
2223.706	-3.13130	0.29648	-3.90931	3.43177
2227.584	-2.32825	0.64405	-2.02569	3.64035
2231.585	-4.71863	-0.21248	-3.26156	3.59386
2235.587	-0.73295	0.06182	-3.84846	3.64502
2239.580	-2.46587	-0.01552	-2.32583	3.86892
2243.585	-1.35578	-1.29947	-3.27648	3.75213
2247.610	-1.44277	-0.03532	-2.60560	3.42711
2251.583	-4.14327	0.17056	-3.59770	3.69797
2255.582	-3.05749	0.46622	-3.96745	3.24372
2259.589	-1.94469	0.70021	-3.05660	3.26682
2263.584	-1.91534	-0.53993	-3.97145	2.80470
2267.579	-1.47047	0.94017	-3.93752	2.59711
2271.582	-3.19162	0.03694	-2.65434	3.48151
2275.589	-1.26220	0.33205	-3.65586	2.57905
2279.585	-1.47263	0.18909	-2.27072	3.15739
2283.580	-1.89540	0.21242	-3.60442	2.56303
2287.586	-3.53219	1.05962	-4.28039	2.39041
2291.584	-2.21363	0.43932	-3.71246	3.55292
2295.580	-4.98497	1.74186	-7.20148	5.42812
2299.581	-6.34726	2.10638	-4.88900	5.32508
2303.581	-7.18995	1.69859	-6.58802	7.03622
2307.580	-5.55976	2.02473	-8.28267	5.96749
2311.581	-7.30883	3.22206	-7.29628	6.53141
2315.590	-5.90156	3.58262	-7.57352	6.23405
2319.585	-7.66824	3.75110	-6.61379	7.11527
2323.613	-9.25746	3.02234	-6.34873	5.77233
2327.584	-7.64688	3.99963	-8.01808	7.68402
2331.577	-9.70070	3.76235	-6.39878	6.23558
2335.586	-7.58637	3.95416	-8.01528	7.90493
2339.582	-9.50192	2.78068	-6.65931	6.47286
2343.581	-7.15941	3.96515	-7.69098	7.52279
2347.581	-7.71489	3.46881	-7.55983	7.27580
2351.580	-7.80674	3.87853	-8.02058	7.07408
2355.585	-8.30585	3.43324	-6.63348	6.31234
2359.581	-7.52440	4.60460	-7.89595	6.86758
2363.590	-8.42236	4.11857	-7.54266	6.78909
2367.580	-8.27307	3.85291	-7.99695	6.60759
2371.584	-8.34776	3.58723	-8.14042	6.72194
2375.577	-7.33552	3.99444	-8.17498	6.34377
2379.586	-8.41344	3.70424	-8.26194	6.37334
2383.583	-6.45870	3.45707	-7.26740	6.02109
2387.583	-8.18808	3.80270	-8.20355	6.43795
2391.584	-6.61626	4.49564	-6.89037	5.97983
2395.582	-8.20284	4.11333	-8.16489	6.27489
2399.589	-7.71243	3.96932	-6.60612	6.26635
2403.579	-7.74593	4.00689	-8.38192	6.29619
2407.616	-7.17350	4.07820	-7.74859	6.05463
2411.581	-6.90175	4.14790	-8.32862	5.87097
2415.582	-8.08932	3.97474	-8.22572	6.07008
2419.578	-7.61499	4.08625	-8.30869	5.84426
2423.582	-7.99978	3.86805	-8.34818	6.32134
2427.579	-7.95572	4.36356	-6.69456	5.98462
2431.579	-7.99588	4.28589	-8.41614	6.08901
2435.581	-8.15333	4.25100	-7.82126	5.94925
2439.578	-8.66731	4.11989	-8.40599	5.71326
2443.589	-8.06049	4.33071	-8.41930	6.17357
2447.597	-9.68226	4.02659	-6.53556	5.62499
2451.583	-7.26740	4.34523	-8.65841	5.91618
2455.584	-8.30208	4.44360	-8.62542	5.93138
2459.580	-8.42590	3.89357	-6.35054	5.57395
2463.584	-6.83125	4.39083	-7.35136	5.62820
2467.580	-7.39942	4.14328	-8.68519	5.47040
2471.581	-8.12381	4.26054	-6.11101	5.33188
2475.578	-6.83369	4.20990	-7.54432	4.66538
2479.582	-7.88502	4.31631	-8.22492	5.05791
2483.586	-8.18808	3.95998	-8.31438	4.49082
2487.578	-8.48508	4.12739	-6.32130	4.74781
2491.578	-8.46405	4.14155	-7.97315	5.17178
2495.594	-7.34907	4.15346	-6.67358	5.39653
2499.581	-7.26539	4.02025	-7.84654	5.52619
2503.578	-8.25345	4.28709	-6.88274	5.20702
2507.580	-8.70156	4.25964	-7.48131	5.46065
2511.587	-8.81101	4.54951	-7.38793	5.40597
2515.583	-8.45014	4.50873	-8.00170	5.15418
2519.579	-7.89966	4.72788	-7.16566	5.08921
2523.588	-7.96344	4.18321	-7.51086	5.05048
2527.586	-8.80776	4.24299	-6.96702	4.92976
2531.577	-8.96954	3.24047	-6.85121	5.05246
2535.583	-8.72270	3.98157	-6.95316	5.16262
2539.578	-8.31047	4.11036	-7.63308	5.30255
2543.581	-8.17945	4.89762	-8.15270	5.25314
2547.576	-6.28822	4.15256	-3.50286	5.41652
2551.581	-6.40234	3.68609	-3.59500	5.07107
2555.577	-5.23357	3.20635	-1.89320	1.75347
2559.590	3.79524	-0.85788	-1.12668	2.05635
2563.580	-0.16365	-0.93551	-0.66553	1.04837
2567.582	-0.36204	-1.01114	-0.73565	0.21237
2571.594	-0.27647	-3.27937	-0.58803	-2.79689
2575.581	-0.35010	-2.50072	-0.55304	-0.41359
2579.586	-0.26041	-3.69816	-0.46227	-3.55164
2583.583	-0.45053	-3.80188	-0.46478	-2.79181
2587.573	2.97423	-6.50800	-0.42281	-3.56943
2591.576	3.66224	-8.16468	-0.41450	-4.64349
2595.603	6.11763	-8.78525	-1.55112	-5.57237
2599.608	3.55402	-7.57157	0.68610	-5.61220
2603.574	3.48098	-8.88465	0.06666	-4.90227
2607.585	2.09076	-9.24131	-0.18464	-5.18977
2611.581	3.37912	-7.35791	-0.74062	-5.15804
2615.576	1.44937	-6.61733	-5.75035	-9.15109
2619.574	0.11091	-7.95741	-0.10168	-5.52045
2623.577	3.88446	-8.92056	0.14364	-5.24493
2627.575	2.34243	-6.52909	0.63737	-5.27929
2631.579	2.52131	-5.89154	0.42921	-5.38741
2635.570	2.09896	-5.77665	-0.65722	-5.20740
2639.578	1.50338	-5.89588	0.00057	-5.56182
2643.575	1.97627	-3.55046	0.07155	-5.55945
2647.574	2.36091	-5.99813	-0.03147	-5.51337
2651.579	3.02638	-6.43924	0.20819	-5.61153
2655.577	5.47668	-10.36839	0.13402	-5.68629
2659.575	4.31909	-6.48211	-0.00040	-5.69294
2663.580	2.36832	-3.84597	-0.03100	-5.80554
2667.580	2.68111	-6.13254	0.24470	-6.32922
2671.575	2.19628	-4.33320	0.63287	-6.22841
2675.580	2.34277	-6.62480	0.15484	-2.78488
2679.570	1.97919	-5.24684	0.20894	-4.07395
2683.580	2.35645	-3.71941	-0.04574	-4.32968
2687.575	1.94764	-5.53863	0.29039	-4.88356
2691.584	-1.83647	-7.94720	2.65377	-6.21004
2695.579	3.20820	-5.88529	0.43500	-3.32073
2699.590	2.85319	-6.30933	0.34605	-3.39394
2703.574	5.64535	-8.91913	0.28292	-3.65485
2707.580	3.35073	-8.24030	0.53957	-3.87958
2711.576	2.29656	-6.83265	0.58478	-3.46800
2715.578	3.46026	-7.56245	0.40502	-3.64594
2719.568	3.55137	-8.31710	0.58796	-3.56187
2723.573	1.80697	-8.22231	-0.14039	-3.82569
2727.577	4.07893	-6.93454	0.45922	-3.80482
2731.584	-1.62857	-7.23846	0.03484	-3.76701
2735.583	-0.49612	-7.34413	0.41107	-3.70244
2739.575	-2.02254	-7.72607	1.42727	-4.29557
2743.574	-0.82012	-6.51952	0.42735	-3.40037
2747.573	1.08381	-6.44272	-0.06775	-3.70433
2751.575	3.47992	-6.27286	-0.07160	-3.52004
2755.576	3.44077	-6.57723	-0.11218	-4.31490
2759.575	3.01497	-7.36967	1.08678	-5.22001
2763.591	-0.76938	-6.42160	0.91249	-3.85865
2767.578	-2.67709	-7.44855	1.16339	-4.57796
2771.574	1.21303	-4.38679	2.55896	-4.76539
2775.576	2.68683	-5.23909	-0.47197	-4.38930
2779.578	2.36797	-5.58831	0.27719	-5.38181
2783.576	3.03150	-6.06950	-1.67328	-6.35960
2787.573	2.35107	-5.53646	-0.09371	-4.33118
2791.578	3.34348	-5.59274	0.48540	-6.14349
2795.577	0.02102	-6.91659	0.56180	-6.99735
2799.579	-3.10079	-6.61181	0.85977	-6.42405
2803.576	-3.16089	-5.94089	0.65521	-5.72020
2807.572	1.93140	-4.71099	-1.99739	-6.52187
2811.570	2.51675	-3.15492	0.10848	-5.32551
2815.579	2.92002	-5.32715	0.07684	-5.68302
2819.578	3.10945	-4.86358	0.16045	-5.87425
2823.573	0.23090	-4.91624	0.02509	-5.20377
2827.578	-3.54685	-7.46478	0.78836	-5.21540
2831.572	0.87987	-6.89022	0.92420	-5.37204
2835.577	2.35528	-6.85577	1.18537	-4.79092
2839.572	2.01925	-5.74134	0.71052	-3.66916
2843.579	0.89485	-5.21465	0.80531	-2.81485
2847.571	1.95728	-6.84711	0.25177	-2.96382
2851.576	0.42286	-7.17872	-0.05651	-3.04220
2855.567	1.24168	-4.89868	0.31590	-4.63475
2859.582	0.99511	-5.20109	-0.33273	-4.86348
2863.572	2.14786	-5.14001	-2.12392	-4.51509
2867.611	3.62197	-5.24304	1.06813	-4.54406
2871.575	1.78347	-4.15505	0.61124	-4.42588
2875.572	1.87007	-5.91306	0.93636	-4.56071
2879.572	1.95368	-3.96992	0.51078	-4.56701
2883.576	0.79201	-6.15472	0.45592	-3.81402
2887.576	2.61352	-4.92292	0.87267	-3.17907
2891.572	2.11497	-5.07580	0.63491	-4.46323
2895.572	1.72237	-5.31945	-4.09693	-5.56400
2899.574	2.23447	-3.51446	0.08709	-4.61980
2903.571	2.96606	-4.74151	0.36690	-4.64828
2907.575	2.48547	-8.22530	0.88195	-5.03158
2911.566	2.75507	-5.68009	0.64161	-4.66561
2915.576	1.76063	-5.80761	0.90016	-4.69943
2919.570	1.63874	-2.94507	1.07865	-4.58330
2923.575	2.04267	-5.67885	0.34710	-4.56301
2927.567	0.63506	-6.30982	-0.01501	-4.76435
2931.576	2.51559	-5.82023	0.55396	-4.60787
2935.570	2.43771	-6.93877	0.38742	-4.21824
2939.577	2.80597	-7.28654	0.57573	-4.54005
2943.574	0.72223	-5.96609	0.68960	-3.46191
2947.589	0.90225	-5.57445	0.48227	-3.21420
2951.575	4.14004	-6.75443	0.26910	-4.26576
2955.571	3.44515	-6.48754	0.23046	-4.17861
2959.570	2.16230	-7.40486	0.53806	-4.68026
2963.570	3.03026	-7.10538	1.82859	-4.89799
2967.572	2.44764	-6.38851	2.30719	-5.17000
2971.571	2.43578	-4.25046	0.30657	-5.97842
2975.565	4.61048	-6.95281	0.35774	-5.22972
2979.585	1.22980	-7.00500	0.41561	-6.49587
2983.579	1.67849	-10.53641	0.42638	-5.13341
2987.572	0.32786	-11.14509	1.98638	-4.17928
2991.569	2.39983	-1.71431	0.20509	-5.39073
2995.572	5.69934	-6.80317	2.88007	-6.39783
2999.574	2.57902	-6.46607	2.66233	-5.81514
3003.572	2.54789	-9.20495	2.72422	-5.96183
3007.573	4.53194	-8.65987	2.63368	-5.99967
3011.574	6.70700	-7.01423	2.99042	-5.90630
3015.574	5.16152	-8.12404	5.90784	-8.71004
3019.572	6.27613	-8.61095	2.70527	-5.89339
3023.593	2.41487	-7.01733	2.40112	-5.92125
3027.565	4.67833	-6.02424	2.70000	-5.97293
3031.575	6.63972	-6.74690	2.94344	-6.32609
3035.570	4.85433	-8.99583	3.16795	-6.14702
3039.612	4.56839	-10.13912	2.97473	-7.13023
3043.567	2.70579	-4.13012	2.85588	-6.66765
3047.568	4.61114	-8.05825	2.98505	-6.78395
3051.571	4.89498	-4.82300	3.24593	-6.86621
3055.567	-2.59631	-9.33948	3.08862	-7.19597
3059.564	0.98179	-7.68379	2.93616	-6.91217
3063.573	4.32476	-4.60272	3.08067	-6.85418
3067.573	6.89558	-8.16605	3.49797	-7.21595
3071.573	3.76762	-8.09512	6.10902	-8.17198
3075.576	1.08758	-10.22725	3.16025	-6.90150
3079.569	4.20701	-4.42359	3.42149	-7.48276
3083.443	7.39276	-10.30031	2.97332	-7.38579
3087.437	4.34808	-8.66354	3.07560	-7.12854
3091.448	3.29016	-10.19205	2.99861	-7.08655
3095.444	3.72326	-4.96505	0.03308	-7.96588
3099.441	7.39169	-8.65439	7.83982	-9.29158
3103.447	1.57639	-8.71289	2.97911	-6.45152
3107.446	6.65989	-10.63139	2.79139	-6.70956
3111.441	1.54413	-8.62845	2.96319	-7.27351
3115.454	1.14615	-9.05038	6.59270	-9.73726
3119.443	3.73164	-7.08055	2.77577	-6.41840
3123.462	5.03600	-7.81218	2.72224	-6.43734
3127.445	3.32399	-7.36471	2.73531	-7.03830
3131.447	11.05039	-12.17980	6.80081	-10.08934
3135.443	6.54499	-6.68757	2.83987	-6.78587
3139.444	1.04466	-10.28768	2.79751	-6.18355
3143.447	3.47107	-8.41825	2.97792	-6.32099
3147.443	6.40403	-7.88131	2.71644	-6.52348
3151.446	3.36921	-8.11653	2.58026	-4.40653
3155.449	2.59933	-6.87211	-4.29337	-10.64080
3159.445	4.85012	-7.81224	3.39750	-6.60033
3163.441	8.72721	-10.40848	2.37622	-5.65346
3167.440	1.97614	-8.09301	3.32518	-5.43574
3171.442	5.60480	-8.02268	3.50487	-7.62879
3175.447	3.97523	-4.08189	2.79471	-3.23814
3179.442	0.60704	-8.38041	3.85941	-5.14351
3183.439	6.67248	-5.03884	6.75235	-1.77993
3187.444	7.00727	-4.79183	7.03707	0.46238
3191.442	-19.99372	-12.06007	8.27696	-0.17287
3195.446	8.21774	-4.06989	8.24113	0.84477
3199.446	9.61146	-0.12583	8.50238	0.88504
3203.444	10.92559	-0.94127	8.40011	2.40544
3207.445	11.78457	-0.92611	7.95210	2.98949
3211.448	11.77677	-0.80011	8.40822	2.66969
3215.443	10.06600	-1.24144	8.41463	3.00067
3219.446	6.39126	-0.68085	8.48102	2.40361
3223.435	11.42661	-0.88488	8.56059	2.19574
3227.446	10.95677	-1.63001	9.61658	2.14360
3231.443	9.72672	-0.94998	8.59859	1.98506
3235.450	9.26067	-1.05241	8.60676	2.09665
3239.444	11.36930	-1.00832	8.74680	1.78715
3243.446	10.43092	-0.97886	8.78260	1.67930
3247.442	10.04622	-1.23543	8.72573	1.98069
3251.442	10.77382	-0.98126	8.83500	2.05978
3255.440	10.67586	-1.18657	8.83558	2.28545
3259.441	10.38949	-1.04462	8.82524	2.17624
3263.494	7.35178	-1.05589	8.90807	2.42384
3267.444	11.18898	-0.95911	8.87375	2.90955
3271.445	10.53411	-0.19503	9.10654	3.07828
3275.458	9.48869	-0.94822	8.99828	2.57115
3279.445	10.88384	-0.87648	9.25533	2.17350
3283.443	13.69026	-3.23912	9.25494	2.22432
3287.441	10.23913	-0.34611	11.89074	2.01831
3291.443	9.25156	-0.82558	9.10603	2.38445
3295.471	10.03765	-0.84668	9.44537	2.15951
3299.448	13.86921	-4.82347	9.71891	2.03159
3303.438	10.49622	-1.31895	11.64430	0.99600
3307.438	9.80007	-0.93640	9.18724	1.97485
3311.438	9.92338	-1.17030	9.45240	2.07744
3315.441	13.29798	-1.32602	9.27303	1.91442
3319.443	10.31876	-1.38733	10.99152	1.45134
3323.444	9.52985	-1.25501	11.40782	1.40358
3327.441	9.55379	-1.23699	9.03040	1.96407
3331.438	10.62742	-1.16462	9.29947	1.77888
3335.436	9.19050	-1.48624	10.13013	1.55094
3339.440	11.21732	-1.16621	9.94096	2.17407
3343.486	11.35890	-0.86860	10.90794	2.26033
3347.447	5.77639	1.80282	7.76733	2.42718
3351.440	11.29677	-0.98158	8.83401	2.31861
3355.440	10.78743	-0.44201	9.03471	1.64796
3359.436	11.33096	-1.07578	9.71100	2.08834
3363.445	11.41357	-1.13312	9.17645	3.05197
3367.444	11.32533	-0.82632	9.76541	2.88937
3371.438	10.28784	-0.57042	9.78744	3.09067
3375.444	10.91392	-0.52834	9.29672	2.87809
3379.439	7.72641	-0.12381	9.25497	2.48760
3383.442	10.86452	-0.85009	9.23896	2.45133
3387.487	11.74425	-1.10321	9.45793	2.66589
3391.439	12.23789	-1.51413	9.40356	2.71475
3395.438	13.23622	-2.14464	9.34599	2.54811
3399.439	4.33584	-2.26903	9.65684	2.57714
3403.444	4.48725	-2.08734	9.63913	2.84471
3407.435	9.96306	-0.65327	9.73533	2.84399
3411.510	9.99578	-0.49934	9.48992	2.41485
3415.447	9.86584	-1.13933	9.15911	2.55467
3419.440	12.00868	-1.40751	9.40714	2.55465
3423.437	12.14750	-1.24138	9.32202	2.61051
3427.442	11.62409	-0.99269	9.42999	2.46944
3431.437	11.52765	-0.65198	9.45814	2.52316
3435.442	10.82330	-1.12744	9.34423	2.66214
3439.433	10.91964	-0.08969	9.25995	2.49956
3443.437	11.90438	-0.64256	9.22303	2.35948
3447.444	11.53444	-0.92509	9.11973	2.44064
3451.437	11.89661	-0.80379	9.22530	2.27481
3455.443	6.21823	-1.54596	9.32835	2.22973
3459.437	6.08666	-1.77957	9.29415	2.48076
3463.441	11.68534	-0.59239	9.53692	2.18010
3467.435	11.50532	-0.33819	9.80812	2.21089
3471.442	11.78714	-0.15337	14.31116	3.57921
3475.440	17.43783	-0.73882	13.54345	4.08377
3479.496	22.11928	-1.52257	NaN	NaN
3483.436	NaN	NaN	NaN	NaN
3487.446	NaN	NaN	NaN	NaN
3491.439	NaN	NaN	NaN	NaN
3495.439	NaN	NaN	NaN	NaN
3499.438	NaN	NaN	NaN	NaN
3503.443	NaN	NaN	NaN	NaN
3507.502	NaN	NaN	NaN	NaN
3511.656	NaN	NaN	NaN	NaN
3515.553	NaN	NaN	NaN	NaN
3519.437	NaN	NaN	NaN	NaN
3523.456	NaN	NaN	NaN	NaN
3527.449	NaN	NaN	NaN	NaN
3531.580	NaN	NaN	NaN	NaN
3535.441	NaN	NaN	NaN	NaN
3539.550	NaN	NaN	NaN	NaN
3543.674	NaN	NaN	NaN	NaN
3548.564	NaN	NaN	NaN	NaN
3552.674	NaN	NaN	NaN	NaN
3556.843	NaN	NaN	NaN	NaN
3561.105	NaN	NaN	NaN	NaN
3565.402	10.60591	3.58958	NaN	NaN
3569.403	NaN	NaN	NaN	NaN
3573.747	11.21725	5.13183	NaN	NaN
3577.974	14.23622	4.74601	20.18276	14.25256
3580.677	9.99944	4.35760	8.75097	9.63954
3583.447	11.15972	1.79563	8.27219	5.72740
3587.437	12.24519	-0.65716	NaN	NaN
3591.438	15.07167	-0.07244	11.90958	5.17884
3595.440	12.29351	1.18966	5.20836	3.41792
3599.440	12.25175	0.48434	5.05668	4.98493
3603.431	2.32528	2.75622	1.25106	3.25379
3607.435	6.56995	0.70285	11.89414	5.31711
3611.442	9.60169	0.01333	8.27112	4.85126
3615.437	5.32124	1.46772	4.65622	4.71082
3619.434	6.75245	1.38252	4.90319	4.23849
3623.464	9.34587	-3.17418	4.67766	4.04192
3627.444	6.06321	0.55127	5.52431	3.80340
3631.439	6.85955	-0.04350	5.14547	4.08795
3635.438	6.89876	0.04426	5.28283	4.00071
3639.436	6.62547	0.03088	5.27048	3.96405
3643.438	6.25311	0.92311	5.31937	3.76525
3647.429	6.62902	0.16315	4.59864	3.88815
3651.445	6.43158	-0.02459	4.47516	4.06591
3655.440	6.00491	0.02825	4.82510	3.93870
3659.438	6.28146	0.06553	4.81811	4.00668
3663.432	5.98918	0.06178	4.19662	4.23553
3667.439	6.02789	0.11686	4.34586	4.34125
3671.460	5.57935	0.06430	4.26282	4.27344
3675.433	5.76121	0.24607	4.83853	4.33470
3679.438	5.58361	0.65364	4.76845	4.41412
3683.443	6.08026	0.08231	4.99632	4.36222
3687.433	6.25502	0.15705	5.04381	4.44710
3691.437	6.14972	0.13161	4.89594	4.18822
3695.454	6.08298	0.33987	5.03839	4.24929
3699.440	6.29597	0.07042	5.07579	4.49697
3703.435	6.45554	0.21447	5.02149	4.59104
3707.436	6.55344	0.58335	5.17102	4.51000
3711.426	6.57105	0.23165	5.33711	4.29142
3715.437	6.51025	0.68027	5.41905	3.98355
3719.435	6.54386	0.35917	4.85334	7.95818
3723.434	6.63940	0.32985	4.91969	7.92668
3727.430	6.59912	0.32008	4.92556	7.88066
3731.437	6.56086	0.08065	7.89374	2.35401
3735.438	6.71559	0.34486	7.09382	3.72635
3739.435	3.05345	2.27808	4.26590	3.90127
3743.428	3.75632	1.15394	4.41294	3.65756
3747.432	5.13252	0.37381	7.77766	3.36265
3751.472	5.85175	0.63460	7.04985	7.87954
3755.436	5.83105	0.63477	7.51857	7.94266
3759.433	6.19326	0.19514	8.02638	7.99629
3763.439	6.05601	0.80368	7.73087	8.09906
3767.435	6.26937	0.73268	5.94531	3.58236
3771.437	6.33517	0.72226	5.22820	3.46984
3775.433	6.65184	0.77918	4.74301	3.45433
3779.440	6.52150	2.62491	5.27552	3.50261
3783.432	5.50255	3.21265	5.01859	3.39069
3787.432	6.62904	0.95954	5.25608	3.39729
3791.433	6.29286	1.00060	5.41716	3.26524
3795.433	5.78922	0.80723	5.31807	3.42163
3799.437	3.71589	3.09603	5.29034	3.50119
3803.431	4.31524	1.15562	5.19497	3.56669
3807.435	5.29802	0.93345	5.30185	3.64080
3811.428	5.77453	0.96638	5.22296	3.52950
3815.433	5.92800	1.66874	5.39207	3.61900
3819.438	6.89145	1.12610	5.59044	3.64398
3823.457	7.25304	0.94737	5.68959	3.58561
3827.437	7.07730	0.98676	5.50788	3.79659
3831.432	7.36525	0.75490	5.36521	3.85295
3835.435	7.40062	1.23399	5.45211	3.75199
3839.432	4.24850	2.55903	5.73389	3.69435
3843.434	4.74826	0.97790	5.77607	3.53874
3847.429	5.13993	0.78685	5.45553	3.76793
3851.436	7.75519	1.20105	5.30990	3.75496
3855.432	4.31839	3.89489	6.16027	3.46430
3859.431	5.49153	0.96394	6.34258	3.44944
3863.435	12.14383	0.50400	10.28198	1.01391
3867.430	14.59937	-3.36343	10.07115	-0.15235
3871.433	12.12094	-4.06204	11.59163	-2.08947
3875.431	13.99272	-7.62752	12.95921	-4.58498
3879.428	14.38817	-6.53001	12.13448	-3.55278
3883.436	14.21766	-7.39983	12.00386	-5.03025
3887.433	12.44881	-5.51168	12.05160	-6.05355
3891.471	16.70210	-7.66907	12.21542	-7.66903
3895.429	10.77356	-12.05668	12.31767	-7.38489
3899.435	16.17896	-8.93749	12.49952	-7.67293
3903.435	22.89624	-13.20405	12.51856	-7.84278
3907.434	16.51963	-9.66504	12.64198	-8.34848
3911.428	16.76033	-10.01624	12.27749	-7.60110
3915.434	16.71062	-10.21892	12.44056	-7.83785
3919.429	16.19588	-10.56812	12.50009	-7.32997
3923.433	20.92303	-13.44985	12.27365	-8.28905
3927.427	13.23017	-11.49981	12.54616	-8.17657
3931.434	18.96256	-13.57986	12.28085	-7.55990
3935.303	16.18224	-9.67147	12.37134	-7.38101
3939.308	16.73256	-11.41295	12.67674	-7.45042
3943.298	21.80727	-13.02441	12.19033	-7.88322
3947.310	21.26841	-10.05012	11.85630	-7.02311
3951.311	17.53216	-9.89997	12.09033	-4.60109
3955.309	16.48846	-8.37872	12.99399	-5.95414
3959.306	12.98584	-10.51582	13.02966	-6.87272
3963.301	16.46101	-12.41514	12.16894	-5.95543
3967.322	17.51392	-10.04190	11.86667	-4.19988
3971.306	16.36992	-10.16558	12.59115	-6.20272
3975.303	16.21570	-10.33584	12.57479	-5.14108
3979.304	14.62466	-10.52184	12.24481	-5.66202
3983.304	9.34097	-12.43445	12.01305	-5.42965
3987.297	10.32633	-6.64439	12.08592	-4.70484
3991.306	17.91471	-9.79564	12.44934	-5.13148
3995.312	19.20984	-10.75311	12.17082	-5.67252
3999.306	6.54509	-11.88360	12.54129	-5.91174
4003.303	17.50243	-11.21152	12.28159	-5.08169
4007.305	14.72051	-13.10500	12.28739	-5.56382
4011.307	14.32153	-9.00200	15.12067	-8.29166
4015.308	15.87242	-10.24194	12.22469	-6.04782
4019.304	17.77497	-10.43861	12.35696	-5.81393
4023.305	20.58779	-9.11369	12.09092	-6.21764
4027.308	-19.99372	-11.81232	12.20764	-6.14385
4031.308	-19.99372	-11.89169	12.36262	-8.12637
4035.307	13.10991	-12.59525	12.29749	-7.36718
4039.301	-19.99372	-12.05788	12.06007	-7.70817
4043.307	-19.99372	-12.11884	12.36648	-6.55169
4047.304	-19.99372	-12.15894	12.11308	-6.20046
4051.302	-19.99372	-12.11009	12.30687	-6.94511
4055.300	-19.99372	-12.10578	12.41047	-6.53656
4059.304	-19.99372	-12.10308	11.97242	-7.88901
4063.304	-19.99372	-12.10321	11.76511	-6.45409
4067.301	-19.99372	-12.10040	11.58344	-6.05290
4071.302	-19.99372	-12.09953	11.78652	-4.35048
4075.309	-19.99372	-12.09861	12.26408	-4.63896
4079.302	17.95427	-9.71678	14.55786	-5.34897
4083.299	17.30061	-12.26573	12.77539	-5.29330
4087.306	16.29433	-8.48735	12.24789	-6.08902
4091.300	14.03094	-6.63997	11.97864	-5.61997
4095.307	13.50340	-7.44245	12.49448	-8.35353
4099.301	14.04867	-6.68512	12.00820	-8.82330
4103.321	19.20159	-11.91230	14.74022	-8.83968
4107.309	19.37879	-12.02387	11.96662	-9.03478
4111.324	16.08085	-9.84219	10.60358	-9.26554
4115.304	10.49978	-10.71191	4.74373	-14.73066
4119.303	5.69131	-14.88591	11.22776	-8.88965
4123.301	9.73894	-14.75671	11.85652	-9.52341
4127.299	-19.99372	-11.89514	11.10108	-9.18772
4131.301	21.24718	-14.07137	10.83996	-9.42741
4135.302	14.17110	-11.54984	-19.99372	-12.10870
4139.299	12.65446	-11.70039	10.70430	-9.00750
4143.305	-19.99372	-11.80730	10.91475	-9.09314
4147.300	13.07295	-11.11511	10.93382	-9.29252
4151.304	20.85145	-10.22460	10.78513	-9.08245
4155.294	14.92442	-11.90833	10.91839	-9.00066
4159.303	21.77472	-11.72547	11.01718	-9.42620
4163.305	19.83946	-11.81535	11.07800	-9.39853
4167.303	16.55879	-10.00357	11.04587	-9.33342
4171.295	15.62777	-9.50210	11.04611	-9.31612
4175.304	-19.99372	-11.86701	11.15797	-9.41038
4179.300	-19.99372	-11.93844	11.20849	-10.61341
4183.303	10.56450	-8.08711	11.20801	-9.48373
4187.295	18.60121	-12.12493	11.30760	-9.41331
4191.305	-19.99372	-12.03745	11.26268	-9.57784
4195.315	14.55748	-12.49216	9.85409	-9.81096
4199.314	15.25085	-10.48430	11.46707	-9.77962
4203.299	15.88854	-10.13809	11.36680	-9.71311
4207.302	16.36491	-12.48858	11.56934	-9.71517
4211.294	14.52758	-12.05703	11.42637	-9.43653
4215.304	-19.99372	-12.11788	11.45245	-9.50650
4219.299	16.19515	-12.49611	11.60173	-8.79062
4223.303	13.28573	-8.45533	12.53126	-8.65815
4227.301	12.50120	-12.31540	11.77118	-8.36467
4231.299	14.26485	-12.38071	12.21108	-6.10648
4235.303	16.59597	-11.71712	11.95572	-6.88430
4239.294	18.16610	-13.47257	11.98213	-6.70344
4243.304	7.00382	-14.66404	11.97403	-6.91838
4247.303	6.29685	-12.26055	11.92548	-6.49894
4251.300	18.54169	-14.18999	11.51056	-6.11484
4255.297	15.08345	-9.84848	11.99550	-6.78797
4259.302	-19.99372	-11.87794	11.88760	-7.70630
4263.301	-19.99372	-11.83892	11.79846	-7.30109
4267.299	14.97446	-13.04782	12.03674	-7.11504
4271.299	15.89747	-12.81663	11.49972	-6.13727
4275.301	15.18592	-11.64939	11.74133	-7.03966
4279.299	9.91096	-12.02485	11.36539	-7.34389
4283.303	11.46835	-12.80848	11.23769	-7.75101
4287.307	10.80398	-11.88068	11.25746	-7.45345
4291.301	9.96487	-12.04126	11.36901	-7.96581
4295.336	9.90633	-10.86366	11.05297	-8.12569
4299.302	14.11313	-8.97155	11.18649	-8.21355
4303.298	14.10482	-10.06309	11.14677	-8.27268
4307.301	13.59208	-11.69338	11.12479	-8.64746
4311.299	13.26660	-11.56183	11.01978	-8.56333
4315.293	14.33280	-12.77307	11.05842	-8.22292
4319.303	12.31492	-11.94892	11.77991	-9.04649
4323.315	13.09061	-12.46003	11.45140	-9.09379
4327.329	14.34301	-12.74237	11.62228	-8.87782
4331.303	13.61731	-12.85824	11.68191	-8.84686
4335.295	13.68769	-11.52893	11.47944	-8.88163
4339.301	16.55833	-12.60663	11.43069	-6.23436
4343.292	13.58751	-10.29149	11.51194	-4.73138
4347.301	13.74819	-10.26035	12.12872	-7.11443
4351.296	15.93807	-7.38377	12.63360	-4.59114
4355.296	16.17629	-7.84896	12.62502	-4.23469
4359.295	16.56050	-8.58266	12.57980	-4.30919
4363.296	16.46418	-8.66694	12.72905	-4.11929
4367.304	16.34257	-8.97594	12.51016	-3.60510
4371.302	16.41756	-9.34744	12.26732	-3.65926
4375.295	19.77634	-10.50132	12.70836	-3.47984
4379.301	20.73841	-10.42551	12.75807	-3.24896
4383.297	9.84553	-7.94165	12.79218	-3.30495
4387.298	12.14710	-6.75705	12.81877	-3.26403
4391.300	11.21286	-6.10679	12.65075	-3.28772
4395.292	10.36802	-7.00241	12.71949	-3.07650
4399.300	15.52868	-8.77754	12.64043	-3.08442
4403.296	18.38001	-7.22664	12.43667	-3.09005
4407.302	20.83656	-8.50214	12.48369	-3.08269
4411.290	21.06954	-8.78081	12.41175	-3.11522
4415.301	21.05112	-8.27672	12.69412	-3.20819
4419.296	18.07356	-7.00555	12.69044	-3.21288
4423.297	20.17345	-8.01521	13.18929	-3.25307
4427.294	14.70254	-6.55266	13.29556	-3.38580
4431.295	20.65510	-7.10762	12.94235	-3.46732
4435.296	19.15547	-8.43920	13.00570	-3.42751
4439.297	18.60812	-8.56523	12.80662	-3.57283
4443.296	17.55578	-7.00751	12.99835	-3.56759
4447.314	18.68521	-8.30693	12.78229	-3.63057
4451.304	17.69158	-7.44927	12.61545	-3.64461
4455.299	19.54486	-8.55897	12.82007	-3.53938
4459.290	19.27097	-9.28355	11.97007	-3.44284
4463.301	16.69933	-6.97589	12.72740	-3.69738
4467.296	17.83308	-8.22496	12.39322	-3.73796
4471.298	19.50524	-8.45452	11.83576	-3.52933
4475.290	16.69707	-6.74083	12.26458	-3.70589
4479.300	16.15678	-9.25769	12.31653	-3.81602
4483.296	16.72749	-6.44577	12.08497	-3.90834
4487.290	14.03608	-6.32373	12.29183	-3.41262
4491.306	14.20409	-5.97591	12.31483	-3.46796
4495.308	19.40644	-9.09733	12.19183	-3.59670
4499.290	15.51555	-6.77102	11.88618	-3.95533
4503.303	11.33199	-6.80318	12.35929	-4.19219
4507.294	14.89203	-6.55765	12.12272	-3.73746
4511.295	13.70549	-6.92904	12.58056	-3.87579
4515.302	15.21411	-7.84760	12.59122	-4.01625
4519.292	12.53483	-6.87222	12.46053	-3.42969
4523.300	14.72424	-7.74236	12.35419	-3.29712
4527.296	15.59600	-9.45088	15.28282	-3.81294
4531.304	21.19503	-12.25950	15.05603	-3.62527
4535.290	15.16074	-9.85388	12.54211	-0.92493
4539.300	15.70924	-7.45031	12.59415	-2.02261
4543.294	15.15885	-6.73212	12.58517	-1.13914
4547.298	19.44286	-8.03660	13.18863	-2.02765
4551.323	15.86580	-5.93573	13.20639	-3.30707
4555.298	15.06619	-5.54255	13.52928	-3.56647
4559.294	17.62607	-8.07893	12.74272	-3.20666
4563.293	19.63938	-9.50565	12.72579	-3.81590
4567.308	16.19739	-7.14028	13.02017	-3.20775
4571.291	15.34852	-6.02959	12.87303	-3.18888
4575.316	16.48061	-6.19671	13.01237	-3.68605
4579.296	19.91639	-9.66524	12.94028	-3.67586
4583.297	19.58194	-9.15006	12.42543	-3.26684
4587.295	15.57981	-8.16279	13.23939	-1.59116
4591.297	13.06680	-7.50978	12.72390	-2.31813
4595.308	16.42229	-6.22548	13.03107	-3.26403
4599.300	12.88900	-5.98188	12.87848	-3.53988
4603.289	15.70905	-5.97278	12.83057	-4.10877
4607.296	16.84514	-7.45864	12.79716	-4.03910
4611.293	17.10190	-6.25671	12.69013	-3.27269
4615.299	10.14448	-7.48555	12.68399	-3.46476
4619.288	17.96747	-9.46102	12.64955	-3.50936
4623.333	16.32344	-6.89301	12.66748	-4.64579
4627.301	16.02408	-7.17653	12.64428	-3.92293
4631.296	19.81857	-9.41021	12.37773	-5.84090
4635.333	16.41144	-8.01137	12.68682	-4.47556
4639.299	16.47498	-7.96067	12.58907	-3.66042
4643.292	16.45233	-8.20486	12.66592	-3.47778
4647.297	17.67648	-7.88660	12.70888	-2.33630
4651.294	20.02043	-9.26602	12.65808	-4.24268
4655.300	15.73226	-7.88889	12.06757	-2.99657
4659.293	12.53691	-4.70990	11.67684	-4.59939
4663.297	6.77903	-2.12597	7.11252	-3.19044
4667.296	3.25003	-4.54795	6.93335	-4.15926
4671.295	7.30998	0.53764	6.14724	-3.16277
4675.289	7.35161	-4.32606	-1.39257	-4.68464
4679.295	7.47526	-7.73160	0.26242	-4.57176
4683.293	1.48451	-6.90310	-0.83719	-1.92131
4687.291	1.34921	-6.80401	-1.17597	-2.73319
4691.291	-4.51845	-7.46176	-0.96529	-4.80922
4695.293	-3.77958	-4.26544	-1.85626	-2.16331
4699.295	1.31312	-6.18037	-0.64359	-4.46339
4703.291	-2.95906	-7.22281	-0.70317	-4.77029
4707.290	-1.81694	-5.74607	0.03894	-3.35938
4711.296	1.36528	-4.07893	-0.64580	-4.09369
4715.292	-4.06117	-6.29159	-1.17783	-2.30705
4719.291	-1.47206	-3.80896	0.02693	-4.18351
4723.290	-0.09997	-5.46799	-0.64732	-4.18255
4727.292	0.13258	-3.44938	-0.37377	-4.45923
4731.291	-0.76464	-2.32152	-0.28443	-4.10950
4735.295	-0.76151	-4.68847	-0.23331	-4.02088
4739.291	-0.56091	-2.33017	-2.12627	-4.13405
4743.327	2.14746	-5.28487	-7.06212	-10.40267
4747.291	-0.40182	-3.90357	-0.41204	-4.16222
4751.293	-0.99080	2.85030	-5.00689	-8.43932
4755.285	-1.10512	-2.57212	-0.75595	-6.36150
4759.295	-0.88870	0.96151	-0.61335	-5.24751
4763.290	-0.24572	2.80970	-0.80754	-5.98691
4767.288	0.94579	-7.09888	-0.96810	-6.59246
4771.297	-1.12167	2.75545	-0.92852	-5.20991
4775.293	-4.99167	3.35979	-0.86964	-6.59644
4779.286	-1.78166	2.41671	1.06116	-4.41542
4783.301	-1.54458	5.28406	-0.84838	-4.96453
4787.295	-1.24468	-7.32817	-0.79687	-3.42459
4791.166	0.29689	2.66289	-0.33908	-5.08502
4795.184	-0.05966	-7.61912	-0.69943	-5.11525
4799.170	-4.20518	2.03857	-0.60967	-5.10597
4803.160	1.08840	7.16614	-4.00754	-7.89734
4807.168	-0.97534	-7.80611	-0.47455	-5.11641
4811.167	4.49344	3.84391	-0.87433	-5.67984
4815.168	0.34246	-7.90985	-1.80268	-5.03171
4819.162	-3.40840	1.78121	1.45673	-4.92955
4823.171	2.71877	3.18138	-0.94294	-4.47038
4827.171	-0.26120	-7.84995	-0.54084	-5.12763
4831.162	1.14833	2.14645	-0.55545	-4.56718
4835.170	0.99603	2.58716	-1.36566	-8.09306
4839.179	-0.55111	-8.43938	-6.63504	-7.75231
4843.167	-1.24873	2.28236	-1.22412	-5.12095
4847.163	3.40942	-6.17029	-1.36050	-5.16308
4851.163	-0.10136	-7.54940	-1.22873	-4.84188
4855.164	5.81562	-8.02554	-0.51587	-7.78711
4859.165	3.30698	-6.74614	1.44748	-4.99214
4863.164	-0.45969	-8.19337	-1.23382	-6.11791
4867.162	-0.54012	-7.84127	-1.06046	-4.49454
4871.169	6.63414	-7.26496	0.56116	-2.77702
4875.167	-0.60697	-8.45598	-0.01859	-3.66949
4879.164	3.33240	-6.55389	-3.93431	-4.56544
4883.162	5.96920	-7.51742	0.06021	-3.33251
4887.182	4.70853	-7.43432	0.45681	-3.78867
4891.171	-0.55146	-7.24430	0.23423	-3.72960
4895.169	0.71221	-4.33202	-0.46197	-4.19462
4899.167	8.33374	-8.16436	0.68838	-4.57341
4903.164	2.71060	-6.95325	0.40934	-3.31744
4907.164	2.42520	-6.74622	0.51910	-3.93979
4911.167	0.10654	-6.54266	-0.48505	-4.88567
4915.166	5.09507	-6.67505	-0.46877	-4.06026
4919.164	2.78265	-6.48090	0.22740	-3.35036
4923.167	3.06672	-7.13635	0.27686	-3.89031
4927.157	4.46231	-6.98283	-0.03698	-3.71772
4931.161	-3.74402	-7.77846	-0.57749	-4.74017
4935.165	2.68373	-7.14945	-0.70675	-3.97632
4939.164	4.33638	-6.36263	-0.48574	-2.25188
4943.161	2.09078	-6.90354	-0.12947	-4.02115
4947.178	-0.08530	-8.41080	0.32064	-4.95523
4951.163	8.12237	-8.95605	-0.82439	-4.61669
4955.173	5.85956	-8.70308	-6.96800	-5.44369
4959.168	4.55566	-7.54655	-0.23572	-6.56266
4963.194	2.60797	-7.75163	0.40405	-7.33667
4967.164	4.43858	-9.37766	-0.09302	-6.62918
4971.164	-1.12023	-5.73297	-0.66891	-5.69785
4975.183	-2.19380	-9.03578	-6.89399	-8.40878
4979.169	4.02339	-7.39292	0.33516	-5.03359
4983.162	0.85106	-5.58518	0.04961	-4.95069
4987.160	1.00923	-5.50021	1.82636	-7.26658
4991.157	0.45999	-8.71931	-0.58315	-5.31083
4995.168	-0.08897	-7.68196	-0.40204	-5.06403
4999.164	4.58432	-8.16510	1.19800	-5.64127
5003.156	1.13082	-5.83471	-0.09570	-4.94518
5007.166	0.76188	-5.53578	-0.31071	-4.93589
5011.161	1.21876	-5.41322	-0.26644	-4.87355
5015.161	2.53573	-5.51421	-0.38440	-4.84520
5019.161	2.19740	-5.28272	-0.63871	-4.90476
5023.163	2.61959	-6.85372	3.46474	-6.09183
5027.164	0.52029	-5.94174	2.75878	-7.41117
5031.155	1.51682	-4.81267	0.83359	-5.90200
5035.166	1.45462	-6.11033	-0.44450	-5.73750
5039.167	2.37154	-6.58960	-3.14031	-5.23451
5043.178	1.90505	-6.99158	1.76021	-4.91548
5047.159	2.53786	-7.14973	6.50726	-6.24775
5051.165	2.74549	-6.99460	2.40325	-8.46090
5055.160	1.56905	-7.05161	0.29922	-6.80809
5059.163	1.51886	-6.01571	-0.82607	-5.61106
5063.158	0.90577	-5.10025	2.54586	-5.10287
5067.165	2.51901	-6.98703	1.61957	-5.08385
5071.160	0.79804	-6.88740	0.82823	-6.25053
5075.159	1.65743	-5.95824	-3.33418	-5.67173
5079.164	7.56574	-10.60722	0.04408	-2.84872
5083.163	2.47009	-7.13027	-0.74345	-4.03375
5087.163	2.41913	-6.13697	-2.86596	-5.41565
5091.158	1.05997	-6.49173	-0.24396	-4.51293
5095.164	4.66694	-5.64788	-0.79699	-4.78533
5099.159	3.26124	-6.68025	-1.19001	-4.27937
5103.159	-1.10224	-5.95070	-6.53477	-5.95953
5107.167	-0.58712	-6.64583	0.25162	-3.67975
5111.174	-0.98055	-6.19011	-0.68506	-3.73107
5115.163	2.55851	-7.70805	-3.39920	-3.89494
5119.162	2.54722	-3.92527	-0.83156	-6.32474
5123.159	2.52473	-8.59889	0.79079	-5.46204
5127.162	1.44324	-5.62822	0.13052	-4.06252
5131.159	3.94404	-5.64032	-0.28257	-4.01040
5135.174	4.30966	-6.17881	-1.27252	-3.96549
5139.163	-2.04431	-7.88443	-4.09564	-5.95303
5143.162	-4.00833	-8.61653	-6.37452	-7.87701
5147.155	0.37032	-5.91988	-0.68213	-5.89640
5151.165	0.48175	-6.20887	1.19911	-5.97642
5155.160	0.84493	-8.61817	0.60694	-3.74775
5159.163	4.49908	-8.84895	0.10262	-3.75246
5163.161	1.25853	-6.22901	-0.48433	-2.59499
5167.164	5.31165	-6.80010	-0.27982	-3.85133
5171.158	4.21170	-8.45520	-4.34194	-2.63747
5175.156	3.69894	-7.28202	-3.02608	6.49522
5179.218	5.55293	-7.64548	-11.94629	13.79050
5183.164	8.45783	-7.10796	-13.13734	13.26555
5187.160	NaN	NaN	NaN	NaN
5191.158	NaN	NaN	NaN	NaN
5195.161	NaN	NaN	NaN	NaN
5199.178	NaN	NaN	NaN	NaN
5203.163	NaN	NaN	NaN	NaN
5207.154	NaN	NaN	NaN	NaN
5211.155	NaN	NaN	NaN	NaN
5215.158	NaN	NaN	NaN	NaN
5219.159	NaN	NaN	NaN	NaN
5223.154	NaN	NaN	NaN	NaN
5227.182	NaN	NaN	NaN	NaN
5231.164	NaN	NaN	NaN	NaN
5235.163	NaN	NaN	NaN	NaN
5239.163	NaN	NaN	NaN	NaN
5243.165	NaN	NaN	NaN	NaN
5247.627	NaN	NaN	NaN	NaN
5251.191	NaN	NaN	NaN	NaN
5255.170	NaN	NaN	NaN	NaN
5259.158	NaN	NaN	NaN	NaN
5263.158	NaN	NaN	NaN	NaN
5267.155	NaN	NaN	NaN	NaN
5271.157	NaN	NaN	NaN	NaN
5275.158	NaN	NaN	NaN	NaN
5279.156	NaN	NaN	NaN	NaN
5283.153	NaN	NaN	NaN	NaN
5287.178	NaN	NaN	NaN	NaN
5291.163	NaN	NaN	NaN	NaN
5295.165	NaN	NaN	NaN	NaN
5299.157	NaN	NaN	NaN	NaN
5303.159	NaN	NaN	NaN	NaN
5307.159	NaN	NaN	NaN	NaN
5311.159	NaN	NaN	NaN	NaN
5315.604	NaN	NaN	NaN	NaN
5319.230	NaN	NaN	NaN	NaN
5323.171	NaN	NaN	NaN	NaN
5327.161	NaN	NaN	NaN	NaN
5331.153	NaN	NaN	NaN	NaN
5335.157	NaN	NaN	NaN	NaN
5339.159	NaN	NaN	NaN	NaN
5343.153	NaN	NaN	NaN	NaN
5347.155	NaN	NaN	NaN	NaN
5351.157	NaN	NaN	-7.65688	15.03110
5355.172	NaN	NaN	-7.65510	15.03270
5359.162	NaN	NaN	NaN	NaN
5363.156	NaN	NaN	NaN	NaN
5367.156	NaN	NaN	NaN	NaN
5371.161	NaN	NaN	NaN	NaN
5375.297	NaN	NaN	NaN	NaN
5379.288	NaN	NaN	NaN	NaN
5384.217	NaN	NaN	NaN	NaN
5388.454	NaN	NaN	NaN	NaN
5392.449	NaN	NaN	NaN	NaN
5396.414	NaN	NaN	NaN	NaN
5400.545	NaN	NaN	NaN	NaN
5404.667	NaN	NaN	NaN	NaN
5408.705	NaN	NaN	NaN	NaN
5412.804	NaN	NaN	NaN	NaN
5417.032	NaN	NaN	NaN	NaN
5421.100	NaN	NaN	NaN	NaN
5425.309	NaN	NaN	NaN	NaN
5429.537	NaN	NaN	NaN	NaN
5433.796	NaN	NaN	NaN	NaN
5438.044	NaN	NaN	NaN	NaN
5442.273	6.83832	0.65253	NaN	NaN
5444.767	6.09736	1.91018	NaN	NaN
5447.575	5.13501	0.24128	NaN	NaN
5451.164	3.07263	-0.19674	-3.54465	14.82343
5455.168	3.53963	-0.72779	7.46094	4.89127
5459.154	4.08397	-5.09449	7.22019	1.35362
5463.157	3.52766	-1.28396	6.66026	2.14096
5467.153	3.44671	-0.10328	-0.29895	-4.32038
5471.157	3.58326	-1.51568	-0.18529	-4.01481
5475.153	4.49196	-0.51439	-3.81261	-2.90307
5479.157	4.49472	0.98960	-1.07016	-0.13106
5483.159	6.66207	0.76752	6.74234	2.45291
5487.152	10.52154	0.16750	0.99578	0.34160
5491.153	6.80670	-0.32522	2.30348	2.84434
5495.168	6.88653	0.43117	6.45932	2.72230
5499.158	4.88998	0.95253	-0.31841	-2.72153
5503.156	4.85763	0.61088	4.68799	1.54611
5507.153	3.38301	0.51104	2.02981	1.02162
5511.159	6.47068	1.04137	2.90322	1.39193
5515.162	3.45371	0.99561	2.41925	2.46561
5519.160	4.70673	0.18606	4.35533	1.64539
5523.153	5.61072	0.28321	4.64140	2.26800
5527.154	4.52584	0.63200	4.50439	2.66584
5531.156	3.34658	1.09474	4.47674	2.26457
5535.160	5.01406	1.00625	2.79137	2.41662
5539.152	3.30005	0.76615	2.65966	2.33796
5543.157	3.51713	0.87436	4.40268	2.37828
5547.153	3.16681	0.90221	4.42792	2.57914
5551.156	3.10411	0.85526	4.37808	2.26969
5555.149	5.99335	0.39560	4.37167	2.21147
5559.156	5.42611	0.50333	4.61635	2.28020
5563.152	5.90131	0.65889	4.56548	2.47747
5567.155	6.10499	0.63036	4.57117	2.41425
5571.150	5.79126	0.47283	4.51401	2.51997
5575.162	5.64533	0.48600	3.38019	1.97060
5579.155	5.54467	0.49390	3.73954	1.87546
5583.156	5.34922	0.62204	3.44730	1.98617
5587.151	5.51002	0.76702	3.84678	1.95116
5591.151	4.85985	0.51665	3.83789	1.86822
5595.168	6.29641	0.63435	3.56084	1.81776
5599.152	2.61625	-0.45540	3.59723	1.97532
5603.157	2.59869	-0.71230	3.91672	2.15881
5607.150	6.31416	1.17866	3.98859	2.02110
5611.155	2.95520	1.05958	4.17443	2.70709
5615.150	2.93913	1.17787	4.64204	2.65885
5619.159	3.45284	1.17907	7.42576	2.15906
5623.156	3.88722	1.23452	3.65487	2.16850
5627.154	5.56573	1.42894	3.71214	2.26450
5631.149	4.15475	1.26563	3.51547	2.26524
5635.161	2.99700	1.35041	3.56902	2.33147
5639.157	5.69008	1.48792	3.52672	2.63995
5643.023	4.86771	0.11318	3.80458	2.73522
5647.029	5.39310	0.33435	3.62991	2.47635
5651.027	7.05772	-1.88188	3.88448	2.28534
5655.029	6.43733	0.17253	3.57627	2.21720
5659.028	6.08917	-0.04504	3.46137	2.15206
5663.024	3.69731	0.68852	3.55943	1.95821
5667.028	4.82035	0.86400	3.61040	2.05537
5671.033	5.26499	0.81359	3.64681	1.89679
5675.027	1.97089	0.93019	3.76500	1.91051
5679.028	4.96519	-0.26533	3.40875	1.44232
5683.023	-0.28920	-0.46764	3.29807	-0.09891
5687.023	2.42480	0.55424	3.51911	-0.22721
5691.027	2.07742	1.06813	3.43716	0.94521
5695.022	2.49062	0.44911	3.11329	1.65458
5699.026	3.11049	-0.55144	2.74291	1.39346
5703.027	2.80778	-1.13472	2.36131	0.16158
5707.029	3.10106	-1.19603	6.97827	0.72398
5711.025	2.98950	-1.18323	7.00279	0.27650
5715.026	2.51433	-1.22017	3.31304	0.46275
5719.029	-3.46246	-4.46285	3.79102	0.40717
5723.027	1.52002	-1.42584	5.57761	0.26527
5727.026	2.67950	-1.62895	6.51780	0.30473
5731.022	5.73853	-1.80082	6.74371	0.48393
5735.024	2.65800	-1.63816	7.31472	0.23898
5739.025	2.99648	-1.49512	4.63856	0.12845
5743.018	3.39745	-1.58016	2.49857	-0.88764
5747.023	1.42325	-1.18398	3.56316	-2.36553
5751.029	3.02274	-2.05273	2.58754	0.62278
5755.024	6.21330	-3.77419	2.67538	-0.18783
5759.042	1.76829	-1.87882	2.66298	-0.55960
5763.029	2.91242	2.25230	2.54118	-0.61441
5767.028	3.27331	-1.89035	2.64537	-0.95524
5771.019	3.77908	-2.95870	2.17289	-1.04903
5775.022	7.72086	-3.23514	2.37706	-1.87775
5779.027	5.54120	-2.59820	2.40360	-2.03848
5783.024	0.95442	-1.97187	2.42161	-2.32189
5787.022	3.04838	-0.85312	2.21199	-1.01666
5791.092	3.12215	-2.83009	2.19405	-1.73557
5795.047	2.91629	-1.65627	2.44509	-2.42757
5799.033	1.00534	-0.40716	2.26958	-2.29316
5803.022	2.80793	-2.10876	2.15700	-0.99227
5807.022	2.68207	-2.01969	2.22185	-2.03899
5811.026	1.75895	-1.89684	2.20991	-2.30183
5815.022	1.57411	-2.22842	2.28023	-2.08262
5819.025	1.92230	-1.87072	2.18976	-1.89960
5823.022	7.22939	-1.85840	1.88769	-2.38139
5827.024	1.88440	-1.37313	2.24160	-2.09198
5831.027	1.70541	-1.32664	2.13628	0.10000
5835.024	2.11108	-0.71238	2.16441	-1.55104
5839.029	7.10787	-1.11005	2.17487	-2.11260
5843.024	1.77501	-1.63836	2.36183	-1.22910
5847.025	2.29929	-1.57375	2.35932	-1.01437
5851.020	1.94389	-1.94092	2.45091	-1.03550
5855.022	2.65770	-1.54338	2.03405	-0.98048
5859.021	2.49491	-2.01149	2.47066	-0.67377
5863.025	2.15819	-1.97968	2.58591	-0.57552
5867.020	2.78282	-2.08496	2.69765	-1.01085
5871.021	6.19685	-1.69210	2.27788	-0.53422
5875.027	4.01329	-2.15496	2.52867	-0.49837
5879.027	-1.44756	-2.69653	2.58685	-0.33430
5883.024	2.59336	-2.14820	2.40184	-0.46468
5887.022	5.06850	-2.44913	3.35249	-1.36093
5891.026	4.05354	-2.11350	2.48356	-0.37231
5895.038	3.56828	-2.95245	2.29632	-0.36268
5899.025	1.40554	-2.29985	2.59138	-0.59153
5903.022	5.66496	-2.58877	2.46218	-0.36869
5907.021	2.74026	-2.66271	2.55953	-0.38951
5911.021	1.94483	-1.63379	2.29374	-0.44297
5915.027	3.11586	-1.41603	2.51497	-0.85623
5919.026	5.69784	-2.85090	2.34882	-0.55817
5923.019	2.67774	-0.39278	2.36958	-0.55394
5927.044	1.47260	-2.68324	2.52785	-0.65905
5931.033	2.74252	-2.92266	2.63603	-0.79321
5935.025	7.85987	-2.42912	2.55668	-1.06470
5939.022	1.77400	-2.22693	2.58251	-0.99730
5943.021	2.57365	0.14798	2.61540	-1.10214
5947.024	5.06853	-2.37824	2.47482	-1.27642
5951.029	1.84453	-2.58769	2.56245	-1.54710
5955.021	2.16169	-0.92477	2.77220	-1.48803
5959.032	2.31963	-1.98268	2.56062	-1.02801
5963.021	4.70991	-2.30682	2.66667	-1.35197
5967.024	2.18141	-1.97322	2.93292	-1.37507
5971.015	3.52492	1.47077	6.92190	-1.15991
5975.020	1.89149	-1.20311	2.47380	-0.44733
5979.023	4.23411	-2.76810	2.85532	-1.09991
5983.021	5.62045	-2.17616	3.24254	-0.91437
5987.020	3.34507	2.01497	4.21614	-0.77228
5991.020	1.96856	-2.45396	5.08483	-1.47696
5995.056	7.23870	-2.09549	1.91938	-0.57464
5999.035	1.63167	-1.79354	2.23529	-0.66125
6003.016	4.21659	-2.02471	3.14597	-2.00355
6007.026	7.61009	-2.40615	2.31532	-2.34395
6011.051	4.73411	1.66333	2.73541	-2.89500
6015.022	1.78699	-0.69888	2.72860	-2.62095
6019.018	0.50684	-1.72375	2.38908	-0.78060
6023.020	1.97523	-0.88403	2.44710	-0.53316
6027.018	2.17886	-0.79693	2.00975	-0.62124
6031.017	4.22098	-1.03012	2.16052	-0.79188
6035.018	4.36513	-1.15245	2.73640	-0.83067
6039.026	3.71968	-1.14618	2.56280	-0.85280
6043.023	1.97478	-2.09375	2.86064	-1.08137
6047.013	2.73358	-2.15530	3.26257	-1.61290
6051.017	4.82481	-3.74041	3.09879	-1.27080
6055.021	4.99576	-2.81994	2.46050	-0.25693
6059.018	5.54570	-4.26225	2.61531	-0.74652
6063.021	5.59482	-4.63591	2.85648	-1.24159
6067.024	5.61677	-2.90381	2.95629	-1.08418
6071.018	4.59933	-2.81344	2.67137	-1.41413
6075.023	3.34635	-1.61754	2.71966	-1.48524
6079.025	-0.89602	-1.80249	2.52785	-1.14170
6083.027	-0.17836	-1.20033	2.23707	-0.73829
6087.018	2.74026	-2.29358	2.57583	-1.19250
6091.017	3.50628	-2.32147	2.19184	-0.60253
6095.033	2.95827	-1.92674	6.07170	-1.11941
6099.025	3.15711	-4.77531	4.40811	-0.91697
6103.013	4.42113	-2.48656	2.74011	-0.84821
6107.019	2.47316	-1.89274	3.35748	-0.97555
6111.020	0.79005	-1.18001	2.53268	-1.09457
6115.014	2.86980	-2.07199	2.42470	-0.78880
6119.018	5.40270	-2.34771	3.73243	-0.88531
6123.023	6.23692	-2.36674	3.41469	-1.78030
6127.023	4.24164	-3.54766	3.26856	-1.19419
6131.019	3.80735	-0.45405	2.59252	-1.00481
6135.018	2.11081	-3.00525	2.82788	-1.35042
6139.015	1.39577	-1.73308	3.08565	-1.78309
6143.022	4.01107	-1.37187	2.47663	-1.44749
6147.016	1.25356	-1.68150	3.03801	-1.68118
6151.021	4.14527	-3.12515	2.46184	-1.22985
6155.011	6.17604	-3.51844	2.97653	-1.25579
6159.023	1.64573	-2.98143	3.04345	-1.49806
6163.017	1.92205	-1.37541	2.39051	-1.23865
6167.025	4.07495	-2.81435	2.73385	-1.04455
6171.016	2.66380	-1.93756	2.38070	-0.29922
6175.016	1.83414	1.04510	2.81858	-0.62164
6179.019	4.33372	-2.86518	2.31237	-0.37744
6183.014	1.35504	-2.61288	2.74244	-0.02524
6187.021	1.65619	-0.09208	2.76898	0.25852
6191.017	5.92834	-4.43999	2.10724	0.39634
6195.018	2.48222	-3.40653	2.74299	0.27518
6199.016	4.62140	-2.05905	2.56228	-0.61890
6203.015	2.61833	-1.99949	2.63576	0.75594
6207.027	2.47175	-0.58553	4.29177	-0.59226
6211.019	3.86538	-1.05783	2.30660	0.35021
6215.034	2.45299	-2.74689	2.59510	0.23180
6219.019	3.37311	-2.34413	2.40872	-0.17744
6223.016	2.11757	-1.47902	2.54910	0.17911
6227.043	4.57509	-2.97727	2.55690	0.02264
6231.015	2.18986	-2.55845	3.38073	-0.99278
6235.014	4.73892	-2.55130	2.46825	-0.83559
6239.015	2.69354	-1.19926	2.63529	-0.97840
6243.016	4.86337	-2.71616	2.50234	-0.88230
6247.020	2.49585	-2.74421	2.92948	-0.90452
6251.021	2.10419	-2.85354	2.48416	-0.35734
6255.019	4.67818	-2.45441	2.68532	-1.69481
6259.017	2.29691	-2.40421	4.54634	-0.76421
6263.015	7.19559	-3.09998	2.72191	-0.51651
6267.019	3.37935	-2.47726	4.27600	-0.72924
6271.011	5.10049	-3.02645	2.74113	-0.98427
6275.013	2.86811	-2.19200	2.47905	-0.08925
6279.017	4.10152	0.00672	2.44908	-0.33118
6283.014	4.43169	-2.43539	1.94136	0.07920
6287.012	2.57511	-1.99235	2.09465	-7.90053
6291.018	2.47836	-2.61947	-1.16949	0.53055
6295.018	2.35360	-2.14591	-4.14878	-0.41123
6299.010	NaN	NaN	-1.23734	0.22640
6303.019	1.14221	-0.58834	-1.40884	-0.04211
6307.014	-2.14003	-1.92647	-4.27772	-0.57772
6311.017	0.52396	-1.94359	-1.32927	-0.46442
6315.009	0.81081	-1.75832	-0.96467	-0.40937
6319.020	2.96572	-1.57209	-1.34132	-0.40259
6323.014	-0.17199	-1.57260	-0.72119	-0.74612
6327.017	-2.27617	-0.04822	-0.95762	-1.48107
6331.022	-2.04840	0.36574	-1.40718	-0.13203
6335.016	-2.19918	0.27219	-0.63389	0.00164
6339.021	-1.93051	-2.49749	-1.52422	1.69990
6343.011	-1.98727	-1.24283	-3.32548	0.88148
6347.018	-1.21449	0.35444	-1.23593	1.71152
6351.008	0.44180	0.28223	-1.55643	1.21941
6355.032	-2.02302	0.14123	-1.66564	0.93472
6359.018	-1.52059	-0.54280	-1.51291	0.66346
6363.019	-1.94806	-0.24082	-1.35683	0.83779
6367.009	-5.30813	2.67231	-1.56253	0.79892
6371.019	-4.15396	2.93996	-1.83791	0.73703
6375.019	-3.56685	2.78232	-1.57292	0.85241
6379.018	1.30384	2.77549	-1.69279	0.61117
6383.009	-4.00741	4.19358	-2.47519	0.53034
6387.016	1.25515	2.67491	-1.59269	0.59315
6391.011	-4.69554	4.73754	-1.84557	0.60188
6395.018	-3.07882	4.49183	-2.31443	0.26880
6399.011	-2.20458	6.90795	-1.66757	0.23177
6403.017	-4.40717	7.04570	-1.79599	0.14783
6407.016	-2.68663	6.98877	-1.92151	0.16168
6411.007	1.79767	-1.58898	-1.81830	0.09706
6415.022	-1.17483	0.77618	-2.41573	0.12245
6419.013	-0.50676	-0.26888	-1.70430	0.06724
6423.015	-1.57763	-1.75872	-2.10568	0.12585
6427.017	-0.82109	-1.38791	-1.67982	0.34687
6431.012	2.05534	-0.80735	-1.78991	1.03472
6435.011	-1.89201	-1.27137	-1.59159	0.10760
6439.016	-1.03598	-1.62999	-1.79467	-1.14389
6443.013	-1.01295	-0.74417	-2.08642	-0.41616
6447.014	1.66705	0.14441	-1.67216	-0.16252
6451.018	1.87537	-2.65320	-1.77233	0.30358
6455.015	1.76205	-4.66111	-1.86741	0.52686
6459.019	1.45634	-0.61835	-1.62755	0.75613
6463.006	4.70320	2.35563	-2.01960	-0.91760
6467.015	1.45683	-4.43653	-1.57858	-0.94194
6471.009	1.46725	-1.31498	-2.00180	0.12837
