time (ms)	lx (deg)	ly (deg)	rx (deg)	ry (deg)
0.000	-3.86121	-2.93760	-3.48830	-1.62122
3.974	-3.97748	-2.56027	-5.21139	-2.16502
7.971	-3.23662	-2.25415	-3.28781	-0.80974
11.972	-3.98314	-2.01423	-3.53822	-0.31468
15.969	2.94198	-1.36455	-0.55848	0.25263
19.970	1.36690	-2.15404	-0.18631	0.30825
23.968	0.35189	-1.56662	4.95620	-2.49452
27.966	0.58950	-0.29208	0.02087	-0.49533
31.969	2.95841	-1.16902	2.97903	0.59387
35.968	3.18860	-0.57492	2.86514	1.16326
39.966	0.97271	0.83443	3.05986	1.43473
43.964	0.87329	1.51872	2.99613	1.59855
47.976	2.41509	-0.21532	3.03012	1.69505
51.973	3.04694	-0.35665	3.02425	1.64470
55.966	3.11745	0.22688	3.07718	1.69339
59.971	3.88359	0.88119	3.21540	1.85427
63.967	2.87559	0.89283	3.15308	1.97496
67.997	2.46471	0.24655	3.20845	2.00328
71.975	2.63943	0.96212	3.27761	2.00453
75.962	2.22934	0.52835	3.25528	2.14263
79.970	2.52277	1.07249	3.31697	2.18624
83.967	3.72751	1.58608	3.35919	2.18538
87.967	5.76622	-0.50140	3.30764	2.26823
91.973	4.60900	1.44433	3.87423	0.50265
95.968	5.88871	1.21632	3.44389	2.38301
100.000	5.34572	2.78504	3.47037	2.36955
103.964	4.80031	0.93255	3.81348	2.13438
107.962	5.99139	-0.79832	3.40662	2.08433
111.970	4.22182	-0.10297	3.31487	1.22699
115.964	3.65277	-0.77605	3.36033	0.30899
119.961	3.72042	0.56604	3.45682	0.50252
123.970	5.35419	-1.30492	3.64793	-0.47387
127.965	3.75860	0.57227	3.45749	0.15118
131.967	3.92981	-0.30153	3.08377	-0.28835
135.994	3.63782	0.07789	2.47618	0.01792
139.973	3.57936	-0.33885	2.52976	0.28104
143.964	3.48719	-0.49550	2.03935	0.14227
147.965	3.33359	-0.39004	2.69071	0.22680
151.965	3.06558	0.22449	2.46971	0.02093
155.968	3.18915	0.00801	2.49496	0.01075
159.964	2.82373	0.26782	2.56691	0.05791
163.965	2.69230	0.27991	2.37932	0.09479
167.962	3.06330	2.21290	1.89253	0.11953
171.967	2.52223	0.35902	1.35598	0.31890
175.975	1.15029	1.49577	1.15798	0.26049
179.966	1.88517	0.72859	-0.54302	0.09991
183.966	2.42562	0.62249	-0.13769	-0.02559
187.965	1.96913	0.65131	-0.37546	-0.01277
191.965	1.06292	0.98587	-0.19335	0.06560
195.962	4.30075	0.86540	0.74605	0.39486
199.966	3.30052	1.21985	0.04502	0.09691
203.988	1.35115	0.97119	0.36742	0.18920
207.971	4.32898	2.16422	0.31771	0.09629
211.967	1.40509	0.86785	-0.27639	-0.26963
215.972	1.14910	0.85626	-0.09299	-0.15150
219.968	1.23186	0.72266	-0.29798	-0.10988
223.964	1.23784	0.38211	-0.16533	0.30852
227.963	0.56220	0.09020	-0.28270	-0.06404
231.966	0.03055	0.52005	-0.35990	0.19156
235.965	2.61895	-0.13836	-0.42021	0.08876
239.961	-0.49220	0.74208	-0.30037	0.00691
243.966	-0.17869	0.58284	-0.28699	-0.01419
247.963	-0.09525	0.51779	-0.48790	-0.09246
251.965	2.56753	-0.58196	-0.29195	-0.32030
255.966	0.12960	0.64026	-0.42405	-0.17709
259.972	3.90387	-0.78262	-0.18593	-0.16380
263.964	3.90205	0.30293	0.32903	-0.03558
267.962	0.25319	0.30554	0.01447	0.21534
271.979	0.86672	0.42613	-0.20182	1.07757
275.965	0.52036	0.55360	0.03025	1.61958
279.961	1.08812	0.58574	0.00437	1.89872
283.966	1.10631	0.75707	0.14263	1.83582
287.964	0.93433	0.85292	-0.29967	0.64522
291.964	0.00452	1.86936	-0.12404	-0.04980
295.960	-0.18988	0.68727	-0.22286	0.30547
299.973	-0.45418	1.76710	-0.24877	-0.18980
303.967	-0.73307	1.20049	0.06487	-0.00301
307.961	-0.27806	1.27041	-0.60327	-0.27551
311.965	0.07324	-1.28332	-0.49768	-0.29268
315.963	0.37712	0.40296	-0.11108	-0.19367
319.993	0.13856	-0.41599	-0.11607	-0.09868
323.959	-0.61253	0.15063	-0.21413	-0.19397
327.964	-0.49604	-0.11224	-0.45999	-0.28767
331.960	-0.13233	-0.74605	-0.25505	-0.19178
335.963	2.75858	-0.66982	0.01685	0.01372
339.994	-0.13454	-0.47811	0.04202	0.19961
343.970	-0.81436	0.12207	0.39698	0.19834
347.961	-0.43800	0.15394	0.22946	0.36304
351.964	-0.53121	-0.35013	0.05403	0.33571
355.958	2.90047	-0.24130	0.06614	0.43366
359.961	-0.88250	-0.10741	-0.04626	0.43590
363.960	-0.67963	0.20944	-0.83833	0.52733
367.958	2.89683	0.24835	-0.54111	0.52391
371.963	0.04306	0.54766	-0.30473	0.57801
375.961	0.57744	0.19610	0.16665	0.92704
379.959	0.46969	0.52838	0.20005	0.77298
383.968	3.70870	0.41043	0.06740	0.83937
387.962	0.64975	0.39025	0.06257	0.75835
391.961	1.39249	0.39975	0.01583	0.99764
395.965	0.56163	0.13786	0.22706	1.18195
399.965	0.39013	0.30186	0.57411	0.87808
403.961	0.30602	0.20299	0.42653	1.05609
407.962	-0.06827	0.38719	0.38923	1.15106
411.961	-0.73742	0.60384	-0.10193	0.91283
415.964	2.39468	0.21051	0.25669	1.25524
419.962	0.40924	0.57316	0.23224	0.94817
423.966	3.15770	2.64451	0.16087	1.16049
427.969	0.53366	0.41182	0.09160	1.64357
431.960	0.62233	0.42047	-0.53510	2.05358
435.959	0.79868	0.69838	0.62213	1.64941
439.963	0.50006	0.86093	1.02811	1.37271
443.960	0.72846	0.91929	0.11674	-0.37492
447.961	-0.98911	0.89407	0.12513	0.07519
451.958	-0.03638	1.02668	-0.53337	-0.46679
455.962	-1.05493	1.21647	0.05110	-0.24553
459.960	0.24401	1.61984	0.58640	1.03361
463.966	0.17209	1.81203	0.14501	1.20113
467.983	0.28550	1.47510	0.16873	1.10604
471.962	0.33216	1.64938	-0.81411	1.98247
475.966	0.27930	1.41893	0.27917	1.12866
479.961	0.12744	1.72830	0.05264	0.89243
483.962	0.70412	1.34809	-0.12004	0.27374
487.961	1.34926	0.81803	-0.29299	-0.07852
491.958	-0.44683	0.76439	-0.62739	0.17537
495.962	0.25550	0.12469	-0.89882	-0.18180
499.960	0.63608	-0.04157	-0.84443	0.65907
503.960	1.18438	0.16119	-0.85997	1.11673
507.960	0.62952	0.22780	-0.53076	0.15856
511.963	2.04170	-0.08317	-1.00290	0.19804
515.960	1.92456	-0.25404	1.75089	0.05534
519.958	2.33477	0.07310	0.35007	-0.06103
523.957	-0.53860	0.24565	-0.48823	-0.52694
527.960	0.18678	0.21136	0.26614	-0.30005
531.983	0.66908	0.73917	0.13801	-0.07569
535.967	0.51997	0.52910	0.47445	0.00152
539.990	1.44076	0.60961	0.18884	0.16582
543.958	1.06451	0.66683	0.34094	0.27152
547.965	1.21276	0.13818	0.67238	0.19212
551.961	3.02356	-1.83654	0.56322	0.50594
555.957	0.48105	-0.38800	0.20852	1.27295
559.955	2.91948	-3.41028	-0.09498	1.77771
563.959	0.47135	-0.17824	-0.24614	1.69991
567.957	4.00803	-1.74110	0.11141	0.89653
571.958	4.71353	-2.22766	-0.20013	1.31786
575.955	4.81658	-2.13765	0.90081	1.33715
579.959	1.11968	-0.35634	1.54991	1.05263
583.958	-1.73313	-3.64598	0.81774	2.03793
587.957	-1.54616	-3.72335	0.84193	1.87159
591.959	1.46296	-0.94224	0.30483	1.64625
595.960	1.06443	-0.28465	0.39636	1.51149
599.957	0.96259	-0.24095	0.38663	1.36492
603.955	0.69987	0.02753	0.27609	1.27399
607.953	1.06247	0.21101	0.45991	0.92455
611.963	0.85002	0.39172	0.81521	0.49955
615.957	0.41494	1.06809	0.59191	0.04445
619.963	0.66871	0.38684	0.59779	-0.52547
623.957	0.20321	1.11491	0.49865	-0.63788
627.960	0.57446	0.30513	0.34007	-0.39357
631.966	0.66414	0.64149	0.54128	-0.69333
635.958	0.62168	0.75361	0.29476	-0.50571
639.834	0.33878	1.17160	0.24406	-0.66123
643.829	0.48011	0.78034	0.60890	-0.47053
647.834	0.69476	0.57741	0.78885	-0.37091
651.831	0.19229	0.93764	0.63228	-0.15187
655.834	0.66900	0.38871	0.50307	0.13264
659.829	0.46641	0.15108	0.73774	-0.04587
663.834	0.43001	0.02659	0.78794	0.30927
667.830	0.50418	-0.08317	0.03854	0.06222
671.832	0.55349	0.00875	-0.33228	0.20060
675.836	0.63263	-0.04756	-0.64372	0.38071
679.841	0.60799	-0.18504	-0.98705	0.36786
683.845	0.58731	-0.15696	0.05107	0.86774
687.862	0.59468	-0.23938	-1.06709	2.13507
691.835	2.77834	2.65896	-0.89287	1.66532
695.834	1.60625	-1.43845	0.53644	1.01923
699.830	0.64948	-0.46648	0.07527	1.09246
703.829	1.08180	-0.32146	0.53796	1.13610
707.833	1.03781	-0.56938	0.48244	0.53932
711.832	2.52669	-0.17571	0.57382	0.45883
715.831	1.46715	-0.32477	0.69759	0.02482
719.834	0.95457	-0.59774	0.66168	-1.65255
723.836	1.47414	-0.83052	-0.47698	-1.07769
727.832	0.32196	-0.84547	0.45053	-0.88744
731.830	-0.95070	-0.97781	-0.52203	1.03809
735.832	-0.46458	-1.07091	-0.72335	0.95936
739.830	1.65907	-1.27027	0.40214	0.02783
743.829	1.84751	-1.23129	0.44708	0.10317
747.855	1.72857	-1.43833	0.38281	-0.09194
751.838	0.31528	-0.47336	0.18700	0.19646
755.830	1.91283	-0.77062	2.71530	-1.04285
759.827	1.94496	-2.22470	2.81338	-0.68510
763.845	-0.42398	0.24905	2.36341	-0.74654
767.829	0.07679	0.10785	2.31733	-0.74713
771.830	2.39844	-1.36053	0.51302	-0.56013
775.826	1.70445	-0.51456	1.41539	-0.45633
779.830	1.09477	-0.42603	0.77965	-0.60095
783.829	0.49513	-0.22209	1.40122	-0.93044
787.826	0.35936	0.60981	1.34261	-1.11771
791.826	0.10669	0.36120	0.96494	-1.14876
795.830	0.55553	-0.55444	0.45659	-1.09359
799.829	0.00787	1.74635	-0.49058	-1.57727
803.832	0.12697	-0.98157	-1.04927	-0.72506
807.831	-0.04787	-0.89552	4.62589	-1.13305
811.830	0.12913	-1.52547	4.62308	-0.86905
815.829	2.33933	-2.49272	1.96015	-1.78662
819.832	0.20137	-1.44293	3.21577	-1.63188
823.828	3.07973	-2.16747	2.16981	-1.33802
827.829	0.70695	-2.12816	1.01886	-0.79018
831.830	2.53934	-2.02029	0.69645	-0.43830
835.827	2.13011	-1.86720	1.76720	-0.76090
839.825	0.16236	-1.37684	0.95251	-0.64164
843.831	-1.01990	-0.91929	2.71013	0.08459
847.833	-1.33954	-0.13524	2.17715	0.65626
851.832	-1.56248	-0.02618	2.61709	1.06524
855.830	-1.10837	-0.53558	2.17083	1.30806
859.838	0.75335	-0.12364	2.18714	1.51320
863.832	-0.11250	-2.06571	2.10426	1.91935
867.827	0.12538	-1.92434	0.81764	2.22814
871.831	-0.76384	-1.57470	0.65521	2.45770
875.829	0.86575	-0.87621	1.53897	2.30961
879.828	0.50594	-0.96844	1.71114	2.08389
883.826	0.85548	-1.29102	4.18926	2.62870
887.835	-0.06420	-1.35442	3.54759	2.66501
891.831	-0.04686	-1.24586	3.94485	2.09350
895.829	-0.19159	-0.99177	5.27117	1.10644
899.826	0.20966	-0.88445	3.87087	0.46785
903.830	0.46373	0.19436	4.05767	0.39604
907.823	0.70337	0.42841	4.17117	0.29700
911.823	-0.63057	-0.61411	4.49928	0.22729
915.831	0.57357	-0.43717	4.16838	0.31118
919.828	0.12275	-1.71132	4.11073	0.38845
923.828	0.94974	-0.83819	4.02564	0.22329
927.835	0.29612	-0.41450	4.22740	0.09571
931.827	0.67367	-0.70240	4.19970	0.10220
935.826	4.18136	-2.25399	4.48796	0.11514
939.830	0.66131	-0.27228	4.17650	0.10203
943.827	0.75531	-0.82278	4.21345	0.22034
947.830	1.39294	-0.96305	4.06379	0.18687
951.863	0.93160	-0.61287	4.07090	0.29384
955.830	0.78253	-0.85934	3.87262	0.35356
959.826	0.98933	-1.04709	3.75316	0.81013
963.826	1.10740	-0.62725	3.65885	1.31126
967.821	1.47635	0.38100	2.64361	1.71833
971.833	0.70191	-2.49810	1.26063	2.18992
975.823	0.78622	-2.81011	3.04306	2.48744
979.825	0.58578	-2.97425	3.05677	-1.28281
983.825	0.88944	-3.11430	2.97554	-1.00796
987.825	0.14059	-2.79817	0.48865	-0.28593
991.824	0.46299	-3.05008	2.89317	-0.57736
995.822	0.05445	-2.47359	2.56941	-0.03195
999.828	-0.02479	-2.78741	-0.41475	0.37580
1003.826	-0.11540	-2.53767	-0.35367	-0.87716
1007.825	0.53458	-2.94838	-0.19986	1.22549
1011.826	4.64815	-2.24024	-0.04763	-0.13853
1015.828	1.24059	-2.66771	2.37664	0.51928
1019.828	1.61562	0.02683	2.48725	1.12054
1023.831	2.27917	0.53374	2.40555	3.91491
1027.824	2.04825	0.99524	2.41702	4.05235
1031.822	1.16240	3.78855	2.46570	4.78560
1035.828	1.73366	4.37579	2.34141	6.20525
1039.823	3.44970	5.52795	2.40672	6.42611
1043.825	2.36859	5.36714	2.43119	6.32679
1047.823	3.84520	5.50546	2.36195	6.14056
1051.841	4.56927	5.62314	2.37317	6.25538
1055.830	3.91645	5.82620	2.41749	6.32057
1059.822	3.84019	5.44456	2.36353	6.27316
1063.827	3.73428	5.59329	2.30640	6.24800
1067.825	3.31519	5.27816	2.31936	6.26288
1071.824	2.94121	5.46706	2.26621	6.29714
1075.823	1.59774	4.07788	2.11033	6.35975
1079.827	2.00356	3.84574	1.87111	6.53831
1083.824	2.05477	3.85452	1.67407	6.56324
1087.826	2.45493	3.48163	1.60809	6.90704
1091.823	2.41957	3.43205	1.71417	6.74741
1095.831	2.07722	3.65235	1.48756	7.08610
1099.827	1.87998	3.74867	1.38466	7.31320
1103.824	1.66847	3.66144	1.49259	7.86312
1107.821	1.54448	4.07312	2.41108	6.82654
1111.828	1.47982	3.90966	3.00081	6.76041
1115.827	1.71233	4.07678	1.13015	6.45388
1119.821	1.73363	5.02700	1.16957	6.23710
1123.828	4.30786	4.32048	1.15756	6.56965
1127.823	4.07787	4.68499	1.27408	6.68080
1131.822	4.21799	4.61400	1.22707	6.77706
1135.831	4.22066	4.11079	1.09631	7.43048
1139.824	4.00102	4.29785	1.61862	7.20605
1143.822	4.08569	4.50280	1.50906	7.92024
1147.821	4.03873	4.56144	1.83028	7.47256
1151.825	4.02561	4.56073	2.30546	6.45350
1155.828	4.04796	4.75510	1.28978	6.84499
1159.824	4.05122	5.07699	1.35102	6.59988
1163.826	3.22270	5.43804	1.42645	6.77011
1167.823	3.14536	4.99617	2.18072	6.76843
1171.857	2.78627	5.47812	2.10347	6.92029
1175.834	2.52919	5.12040	1.64657	7.00268
1179.826	2.69913	4.42173	1.86670	7.17918
1183.822	2.40290	4.08673	1.49778	7.40757
1187.818	2.72397	3.48606	1.87619	7.35996
1191.824	2.64416	3.78966	2.02190	6.82344
1195.824	2.65221	4.18129	1.60779	6.79073
1199.821	3.04615	4.67720	2.01097	6.54017
1203.817	2.99616	4.91073	1.72106	6.75591
1207.824	3.12811	4.66874	2.00574	6.97910
1211.824	3.28877	4.83227	1.89032	6.97740
1215.821	2.82600	5.32365	1.61054	7.14862
1219.823	2.75239	5.10281	2.03918	6.65487
1223.850	2.79674	5.41149	2.10461	6.71919
1227.830	2.75314	5.58549	2.15083	6.86507
1231.823	2.81645	5.86914	2.18753	6.75006
1235.829	2.56250	5.29856	1.92991	6.86554
1239.820	2.71327	5.59644	2.10478	6.87594
1243.820	2.75353	5.48253	2.15304	6.91119
1247.818	2.48081	5.84829	2.20788	6.95205
1251.824	2.47997	5.71594	2.22748	6.99597
1255.821	2.41633	5.81882	2.06034	7.15359
1259.826	2.37359	5.98918	2.40137	7.26443
1263.828	2.20964	5.83637	2.09088	7.58639
1267.825	1.93784	3.29130	2.04500	7.72569
1271.821	2.37074	3.42398	2.35660	7.46271
1275.820	2.38833	3.35422	2.17333	6.88413
1279.817	2.50586	3.48926	2.54833	6.90893
1283.824	2.46672	3.34628	2.46724	6.81810
1287.821	2.49295	3.40628	2.57172	6.61216
1291.840	2.56198	3.43687	2.46996	6.41049
1295.829	2.80612	4.24956	2.13229	6.33077
1299.821	3.29362	4.81338	2.17108	6.51993
1303.829	3.27559	4.51766	2.10111	6.49578
1307.824	3.05031	4.20246	2.42882	6.41721
1311.821	2.77904	4.83870	2.09824	6.54926
1315.820	2.88765	5.49781	2.38848	6.67874
1319.816	2.67004	5.16555	2.17883	6.81236
1323.823	2.74851	5.72423	2.23744	6.91137
1327.820	2.51475	5.96658	2.32568	6.93062
1331.822	2.70847	5.70902	2.01231	7.25927
1335.826	2.59076	6.01327	1.93132	7.36629
1339.818	2.96186	5.75880	1.75119	7.44602
1343.826	3.38860	5.48750	1.65342	7.56896
1347.822	3.91714	5.43228	1.70983	7.57282
1351.822	3.77893	5.35997	1.74469	7.47579
1355.819	3.87386	5.05712	1.25808	7.58738
1359.827	4.01818	4.98653	1.41377	7.49108
1363.825	3.89404	4.71122	1.37488	7.47484
1367.820	4.08705	4.76118	1.01724	7.45328
1371.818	4.11853	4.39341	1.33969	7.30952
1375.817	4.19529	4.60317	1.39458	7.11072
1379.822	4.20899	4.50855	1.34921	7.00513
1383.859	4.24559	4.63442	1.38108	6.85828
1387.824	4.21928	4.51842	1.32056	6.86898
1391.813	4.12327	4.49192	1.32763	6.80235
1395.818	4.10651	3.77149	1.30791	6.77068
1399.817	3.94446	4.62714	1.18795	6.75945
1403.819	3.97832	3.74932	1.31580	6.69596
1407.821	4.13384	4.71386	1.26465	6.55073
1411.817	5.69632	3.97888	0.81615	6.64750
1415.818	3.28291	4.83922	0.69030	6.99742
1419.814	3.69531	4.34633	0.92847	6.45536
1423.820	3.32627	1.85511	-3.98763	4.49465
1427.825	1.77070	1.33178	0.76898	4.07440
1431.822	0.40847	3.05370	0.36531	5.04800
1435.817	0.41475	1.10485	-0.28696	4.11395
1439.815	1.77524	0.23235	0.79744	5.18836
1443.820	0.82220	-0.18314	0.27106	7.36038
1447.817	0.67672	-0.33303	-0.74647	1.78111
1451.817	1.39063	-1.06003	1.27289	1.25758
1455.813	0.91798	-1.18702	-0.09855	7.31181
1459.819	0.68628	-1.57011	0.09587	6.98482
1463.816	0.70116	-1.53020	-0.08398	7.11148
1467.827	0.53843	-1.63175	0.04877	6.86462
1471.819	0.65188	-2.03083	-0.01241	6.95200
1475.826	0.67439	-1.90954	0.02529	6.99932
1479.817	0.61488	-1.85225	0.07180	7.01844
1483.821	1.07490	-1.90149	0.17127	7.20679
1487.822	1.04930	-1.96333	0.92738	2.78100
1491.691	0.78962	-1.82118	0.78675	2.94092
1495.694	0.57277	-1.80714	0.89612	3.08831
1499.692	1.68501	-1.86937	1.20718	3.15473
1503.694	0.90488	-1.68795	-0.61871	1.86377
1507.693	1.21169	-1.49132	-1.98415	1.34731
1511.692	0.86962	-1.29688	-2.21935	1.25143
1515.693	0.86647	-1.36785	-1.92828	1.36450
1519.696	0.68521	-1.16394	-1.97064	1.35377
1523.691	0.46004	-1.06441	-1.93598	1.33930
1527.691	0.50227	-1.12652	-1.89102	2.01441
1531.695	0.87329	-0.98250	-1.78369	1.53084
1535.693	0.85515	-1.01231	-1.59866	1.43728
1539.691	1.22871	-1.03136	-1.43873	1.70436
1543.687	0.87250	-0.99614	-1.47508	1.51087
1547.693	1.50596	-1.06973	-1.19954	1.71455
1551.692	0.31205	-1.11823	-1.07599	1.67535
1555.688	0.49962	-1.23449	-1.24091	1.72408
1559.706	0.18772	-1.12991	-1.07443	1.65075
1564.195	0.11287	-1.30125	-1.01903	1.64480
1567.703	0.56439	-1.30069	-0.97139	1.66051
1571.690	0.63603	-1.36648	-1.04826	1.68274
1575.694	0.92654	-1.45789	-1.08185	1.82683
1579.691	1.85700	-1.49839	-0.99643	1.75537
1583.692	0.12337	-1.34235	-0.93227	1.78281
1587.687	0.88113	-1.34341	-0.96135	1.92117
1591.693	0.59223	-1.21893	-0.83488	1.93265
1595.691	0.71764	-1.23134	-0.81615	1.92159
1599.695	0.97941	-0.92303	-0.83513	2.05519
1603.713	0.94234	-0.83583	-0.84831	2.21934
1607.753	1.18252	-0.33839	-0.93125	2.24340
1611.698	1.21236	-0.55611	-1.01094	2.48719
1615.689	0.76417	-0.31324	-0.93048	2.48405
1619.693	0.80890	-0.10639	-1.22784	2.60096
1623.689	0.76124	-0.01975	-1.00553	2.90315
1627.689	1.08078	0.17180	-1.04188	2.90334
1631.710	0.83406	0.21373	-1.13980	2.74507
1635.698	0.78816	0.16970	-0.27810	2.34450
1639.692	0.65501	0.44379	0.92403	1.89813
1643.692	0.42368	0.51929	0.29803	1.93392
1647.693	0.31347	0.60470	0.85280	1.62971
1651.690	0.22939	0.78607	0.93232	1.57520
1655.689	0.25567	0.87692	-1.12251	2.80388
1659.687	0.14640	0.73189	-1.04595	2.86408
1663.691	0.24783	0.82595	-0.56314	3.14698
1667.688	0.24309	0.73839	-0.52004	3.19035
1671.687	0.17400	0.81313	-0.69439	2.83807
1675.692	0.09150	0.82108	-1.39683	2.66197
1679.689	0.09867	0.98572	-1.30419	2.68237
1683.694	-0.11505	0.88419	-0.53113	2.12346
1687.686	0.87071	0.02641	0.37425	2.93196
1691.691	0.44261	0.21347	-4.85342	2.30580
1695.687	1.46586	0.77653	-0.34695	3.55194
1699.715	0.70905	0.77504	-0.34139	3.73943
1703.697	0.58327	0.82206	-0.19298	4.03919
1707.687	1.42370	0.81862	0.21380	3.81521
1711.691	1.52141	0.72592	0.14585	3.86415
1715.688	1.36045	0.55260	0.29905	3.87178
1719.688	1.71942	0.78200	0.31796	2.28103
1723.690	1.37027	0.62714	-4.75854	1.68049
1727.692	1.27681	0.44230	-4.82308	0.84098
1731.686	0.53322	1.64278	-4.86172	0.62640
1735.688	1.24379	1.03712	0.27200	3.43170
1739.692	0.94080	2.13064	0.23395	3.39159
1743.689	0.36092	2.15128	0.30101	3.48460
1747.691	1.39262	2.35507	-5.29046	0.43473
1751.687	0.32446	2.43823	-0.62769	4.21232
1755.710	0.73067	2.51627	0.10897	4.15525
1759.695	1.07979	2.62939	-0.00876	4.17182
1763.713	1.34574	2.94276	-2.28390	4.59965
1767.707	0.70963	2.77473	-0.58334	4.44270
1771.694	0.69007	2.71116	0.61002	4.51165
1775.690	1.30144	2.70592	0.84051	4.28606
1779.689	1.63613	2.57400	1.21330	3.80951
1783.686	1.67288	2.56520	0.37504	3.68337
1787.684	1.14950	2.53940	0.41353	3.05632
1791.690	1.46893	2.33411	-0.68747	2.87127
1795.687	1.06895	1.81622	1.34244	3.34885
1799.688	1.65743	2.45869	0.61831	3.69524
1803.692	1.28083	1.84341	1.39046	3.42050
1807.690	1.51844	1.89908	1.07974	3.41008
1811.692	1.00973	2.01296	1.12953	3.49115
1815.684	0.92626	2.07909	0.07552	4.68599
1819.690	0.96107	2.04410	0.02700	5.16855
1823.718	0.65144	1.90252	0.95336	4.46639
1827.686	0.76193	1.69593	1.02218	3.63417
1831.688	0.99107	1.63161	0.96150	4.22231
1835.717	1.03029	1.56721	1.30151	3.94450
1839.692	0.68044	1.63608	-4.09920	4.25678
1843.683	0.89056	1.49515	1.17106	3.58697
1847.687	0.62776	1.38399	1.27068	3.11884
1851.691	0.75871	1.17905	1.00983	3.19185
1855.685	0.77962	1.22675	1.12702	3.54736
1859.684	1.16419	1.21154	1.12722	2.98634
1863.720	1.25193	0.96999	0.82818	3.33189
1867.696	1.37548	1.07250	0.64000	3.28963
1871.683	1.54460	1.08740	0.51768	3.07778
1875.688	1.98209	1.00057	1.06781	3.01341
1879.684	1.87569	1.04448	0.34136	3.26501
1883.685	1.51799	1.25514	0.59449	3.02640
1887.680	2.01776	1.22149	1.18604	3.12672
1891.692	1.84009	1.37080	0.89981	3.24939
1895.707	5.88776	5.71255	0.54627	3.77798
1899.695	1.61858	1.28176	0.98906	4.04281
1903.701	1.38667	1.36304	1.10916	4.22338
1907.695	1.73125	1.29909	1.36196	4.47451
1911.685	1.83928	1.17777	1.20894	4.49360
1915.685	1.95490	1.30826	1.21596	4.62336
1919.682	1.84396	1.40900	1.05500	4.76915
1923.685	1.21033	1.64708	0.86391	4.64061
1927.686	0.95849	1.70409	0.37727	4.57376
1931.691	0.94385	2.39806	0.16496	4.70041
1935.684	0.81322	2.38621	-0.22301	4.93381
1939.684	1.05282	3.11940	-6.89624	4.39016
1943.688	3.95058	1.60296	-0.56982	3.45135
1947.685	0.35603	3.50889	NaN	NaN
1951.682	1.92763	6.71384	13.27727	14.04066
1955.682	4.36293	7.24832	4.53532	11.79267
1959.686	7.73979	11.04164	NaN	NaN
1963.685	NaN	NaN	NaN	NaN
1967.682	NaN	NaN	NaN	NaN
1971.695	NaN	NaN	NaN	NaN
1975.693	NaN	NaN	NaN	NaN
1979.930	NaN	NaN	NaN	NaN
1985.592	NaN	NaN	NaN	NaN
1989.119	NaN	NaN	NaN	NaN
1995.694	NaN	NaN	NaN	NaN
1999.707	NaN	NaN	11.14529	5.60114
2003.695	NaN	NaN	NaN	NaN
2007.684	NaN	NaN	NaN	NaN
2011.685	NaN	NaN	NaN	NaN
2015.685	NaN	NaN	NaN	NaN
2019.720	NaN	NaN	NaN	NaN
2023.681	NaN	NaN	NaN	NaN
2027.705	NaN	NaN	NaN	NaN
2031.843	NaN	NaN	NaN	NaN
2036.119	NaN	NaN	NaN	NaN
2041.171	NaN	NaN	NaN	NaN
2045.375	NaN	NaN	NaN	NaN
2049.484	NaN	NaN	NaN	NaN
2053.717	NaN	NaN	NaN	NaN
2057.817	NaN	NaN	NaN	NaN
2061.778	NaN	NaN	NaN	NaN
2063.694	NaN	NaN	NaN	NaN
2071.697	5.40124	-4.37136	5.17110	0.90229
2075.682	2.65552	8.83763	-3.83393	-2.25888
2079.681	3.60371	-1.74375	1.13687	0.24941
2083.679	4.78755	1.74247	-1.07202	-1.59115
2087.685	2.97431	-1.60843	-3.08988	-2.59736
2091.684	3.42559	-1.67280	-0.24912	-0.66326
2095.680	7.39073	-1.95425	-3.49095	-1.79245
2099.685	2.39636	2.18254	-3.25320	-1.42665
2103.687	-0.13196	-1.35591	0.47153	-1.14707
2107.686	0.64198	-1.56685	-0.00499	-1.07219
2111.684	2.30234	-1.80053	-0.47001	-1.39620
2115.685	2.11202	-1.99831	0.22308	-1.57245
2119.679	2.04180	-2.77517	0.06830	-1.43807
2123.685	1.85685	-3.74689	-0.18095	-1.28662
2127.682	1.66326	-3.59378	-0.18675	-1.11250
2131.682	1.58966	-3.02803	-0.22482	-1.39842
2135.678	0.52002	-2.73569	-0.34161	-1.33133
2139.686	0.25634	-2.67942	-0.49123	-0.87047
2143.681	-0.09900	-1.48711	-0.38879	-1.02244
2147.678	-0.31215	-2.15499	-0.36556	-1.24075
2151.684	0.31091	-2.23533	-0.47800	-1.40891
2155.682	-0.00315	-2.48026	-0.60684	-1.28682
2159.681	-0.13074	-1.83830	-0.68010	-0.87051
2163.679	1.31553	-3.53162	-0.30749	-0.45848
2167.684	0.10140	-2.39627	-0.19271	-0.66684
2171.682	-0.04097	-1.25766	-0.27835	-1.23592
2175.718	0.08994	-1.02564	-0.25108	-1.61366
2179.716	0.22795	-2.00988	3.20758	-1.00228
2183.691	-0.07937	-3.41687	1.58301	-0.89517
2187.681	0.56399	-1.62889	-0.14042	-0.70873
2191.684	0.72181	-1.58681	-0.09984	-1.10957
2195.683	-0.26887	-2.55957	-0.10364	-1.99684
2199.681	-0.09230	-3.45022	0.89125	-1.93771
2203.680	0.27972	-2.23018	0.28967	-0.23698
2207.684	0.79176	-2.96009	-0.06770	-0.19648
2211.682	1.41204	-2.94050	-0.02747	-1.26486
2215.679	0.71052	-1.16329	0.46755	-2.27804
2219.678	1.83298	-2.24927	0.56079	-2.12790
2223.689	2.77646	-2.45629	1.08024	-1.34343
2227.687	1.87552	-2.80354	0.49681	0.00902
2231.679	3.42942	-3.12200	0.21941	-0.31635
2235.685	1.43850	-3.16955	0.47651	-1.12576
2239.676	1.17031	-3.36846	0.06095	-1.08588
2243.677	0.99509	-3.31346	0.64833	-1.48078
2247.680	1.35653	-3.22196	0.71928	-1.42569
2251.680	1.51819	-3.12062	0.76640	-1.58205
2255.677	1.46070	-2.92359	0.70352	-1.90580
2259.681	1.11065	-3.10659	0.72752	-1.62216
2263.692	0.91021	-3.31780	0.97025	-1.64569
2267.680	0.76794	-3.07771	0.74424	-1.25058
2271.674	0.56863	-2.95669	0.89602	-0.87650
2275.681	0.69365	-2.99592	0.88793	0.13760
2279.679	0.58873	-2.95648	0.80739	-1.18144
2283.676	1.50968	-2.62336	0.79910	-1.14307
2287.675	1.59450	-2.32244	0.66861	-1.11760
2291.681	1.15186	-2.41218	0.62049	-0.91474
2295.677	1.24999	-2.25083	0.60243	-0.96306
2299.675	1.23756	-2.72339	0.55309	-0.32185
2303.683	0.86046	-2.59164	0.66809	-0.31906
2307.683	0.85947	-2.29061	0.57791	-0.46576
2311.682	0.76111	-2.07898	0.56729	-0.59447
2315.676	0.52696	-1.79653	0.53240	-0.48326
2319.681	0.55491	-1.78681	0.52736	-0.58846
2323.676	0.57317	-1.78440	0.48334	-0.50707
2327.681	0.75933	-2.25236	0.40219	-0.50054
2331.678	0.91475	-2.40378	0.46909	-0.64248
2335.677	1.49495	-2.08984	0.47624	-0.80071
2339.681	0.71972	-2.88456	0.26240	-0.89384
2343.676	0.60945	-2.53850	0.40626	-1.18026
2347.552	0.65727	-2.75830	0.06549	-1.38658
2351.553	0.66186	-3.08397	0.10155	-1.78736
2355.560	0.81057	-2.77445	0.22591	-2.19701
2359.554	0.67977	-2.66438	-0.00921	-1.79896
2363.550	0.82019	-2.83361	-0.00635	-1.97631
2367.556	0.64243	-2.64372	-0.16558	-1.82191
2371.553	0.67248	-2.24943	-0.22634	-1.75664
2375.554	0.74533	-2.58715	-0.20462	-1.85455
2379.556	0.61014	-2.33313	-0.07989	-1.99820
2383.555	2.98161	-3.05836	-0.01025	-1.95527
2387.553	3.09025	-3.12933	-0.08713	-1.95395
2391.554	3.78637	-3.44215	-0.07788	-2.27223
2395.557	2.97277	-2.81249	-0.07793	-2.38657
2399.556	0.50959	-3.70924	0.07175	-1.26752
2403.551	0.43877	-2.14094	0.35429	-1.10170
2407.553	0.46835	-3.02265	0.20886	-0.70520
2411.548	0.44688	-3.38743	0.46192	-0.46028
2415.555	0.37040	-2.55587	0.67362	-0.57637
2419.553	0.28118	-1.63141	0.51709	-1.03317
2423.557	0.06584	-1.42714	1.07249	2.72741
2427.556	-0.25815	-1.33189	1.11075	2.45331
2431.551	-0.59987	-1.38917	1.13469	1.83115
2435.556	-0.27721	-1.39571	1.45842	1.62671
2439.555	-0.15657	-1.74327	1.98526	0.98614
2443.551	-0.29173	-1.69939	1.95649	0.70000
2447.574	-0.30339	-2.62309	1.52699	-0.40395
2451.577	-0.31568	-2.38336	1.46097	-0.13124
2455.562	-0.38119	-1.75118	1.59611	-0.62635
2459.555	-0.27329	-2.69969	1.39158	-1.05787
2463.550	-0.46155	-2.74875	1.43012	-1.50385
2467.552	-0.58776	-3.08805	1.21898	-1.20945
2471.553	-0.25954	-3.35231	0.18573	-0.01528
2475.551	-0.32987	-3.26955	0.35506	-0.47636
2479.556	-0.28811	-1.63583	0.03080	-0.87557
2483.589	-0.20872	-3.14763	-0.42807	-0.18415
2487.555	-0.02382	-2.81468	-0.42023	-0.50866
2491.548	-0.34930	-2.33240	-0.56714	-0.86330
2495.547	-0.14883	-2.59790	-0.53751	-1.00065
2499.551	0.46425	-2.68640	-0.58764	-1.10944
2503.548	-0.16139	-2.74142	-0.33896	-1.57859
2507.550	0.24376	-2.74034	-0.11883	-1.53861
2511.544	0.79265	-2.97038	-0.04318	-1.05917
2515.553	0.33928	-3.16321	0.02122	-0.40170
2519.580	1.67734	-2.98975	0.56369	-1.14002
2523.557	1.65138	-3.06581	1.52989	-3.44833
2527.546	2.06081	-3.51332	3.56163	-3.88092
2531.553	4.70355	-4.22039	3.69798	-2.68429
2535.549	6.22885	-6.14613	3.72499	-3.33843
2539.548	5.66263	-7.01374	4.09177	-4.20994
2543.552	5.61930	-7.16673	4.24172	-4.31967
2547.548	2.77889	-7.66056	4.68992	-4.79987
2551.547	2.34659	-7.18997	4.76559	-5.16836
2555.551	7.45616	-7.93931	4.85236	-5.38678
2559.553	7.95088	-7.59937	5.07532	-5.22001
2563.553	8.67262	-7.72064	5.05858	-5.44648
2567.547	2.85046	-6.66890	5.16204	-5.44460
2571.551	3.66988	-6.67054	5.39724	-5.27130
2575.549	4.01386	-4.59754	5.46566	-5.54681
2579.546	4.30216	-6.55235	5.60487	-5.59363
2583.547	6.84199	-6.30124	5.61011	-5.44071
2587.574	8.02883	-4.17331	5.55666	-5.46265
2591.551	8.97336	-6.81462	5.75448	-5.33459
2595.545	6.47796	-6.83245	5.39832	-5.20756
2599.557	6.97570	-6.75616	5.49918	-5.18733
2603.554	3.47806	-6.86718	5.40343	-5.41538
2607.588	12.78953	-11.55875	5.50547	-5.69103
2611.562	9.26080	-10.65590	5.21673	-5.55560
2615.550	5.42473	-4.08532	5.65354	-5.72270
2619.545	3.70235	-6.65687	5.59826	-5.94291
2623.545	4.35849	-6.11204	5.47392	-5.97574
2627.551	5.35903	-5.43382	5.74785	-5.73961
2631.548	6.63252	-6.67970	5.21365	-5.87543
2635.546	5.86408	-6.85431	5.18055	-5.27174
2639.552	6.87589	-7.10141	5.23900	-5.69421
2643.552	6.89177	-7.55904	5.15125	-5.24752
2647.548	6.47093	-6.65301	5.71197	-5.16311
2651.543	9.50269	-7.01109	5.63240	-2.72431
2655.866	5.29811	-3.42362	5.67718	-2.88620
2659.547	5.24183	-5.36575	5.57987	-2.73236
2663.553	7.13827	-5.31963	5.16204	-3.20639
2667.549	6.99766	-5.96919	5.03211	-3.94679
2671.586	6.89903	-6.18274	5.60917	-3.56391
2675.569	6.91080	-4.86624	5.78951	-3.92508
2679.553	9.65389	-6.79646	5.66678	-3.54814
2683.547	5.01068	-10.75355	5.11046	-3.20453
2687.550	4.71486	-12.36204	5.58513	-3.02833
2691.548	1.28723	-14.90012	5.56008	-3.55354
2695.546	-19.99372	-11.92852	5.26878	-3.52353
2699.546	9.63583	-14.60351	5.72630	-3.42726
2703.547	9.17103	-12.69893	5.75288	-3.41693
2707.547	5.06779	-12.44844	5.76733	-3.32623
2711.546	4.99881	-12.77036	5.48024	-3.51526
2715.544	5.17033	-13.50308	5.30741	-4.17693
2719.548	-19.99372	-12.09453	5.30176	-4.05153
2723.563	8.08151	-12.88762	5.47132	-5.17698
2727.554	5.77298	-4.89648	5.58506	-5.51539
2731.544	6.38045	-5.07056	5.29149	-5.37624
2735.553	5.60362	-7.71038	5.03056	-5.23720
2739.547	1.64789	-10.13535	5.08409	-5.02252
2743.549	5.36066	-5.21600	5.24646	-5.13066
2747.544	6.08799	-5.14086	5.21314	-5.04955
2751.545	7.91329	-5.11361	5.01009	-4.27342
2755.549	12.71066	-9.77212	4.94568	-4.58979
2759.546	1.95904	-5.44956	5.75976	-3.80696
2763.544	6.85870	-6.67610	7.84533	-4.09600
2767.550	5.32956	-10.08233	8.37050	-4.66787
2771.552	15.75109	-11.74423	10.58750	-4.77521
2775.545	10.83977	-9.97936	9.29427	-4.77077
2779.543	13.20279	-11.62049	10.56289	-5.07857
2783.543	-19.99372	-11.72271	11.28161	-5.39714
2787.549	13.46134	-8.36367	10.89257	-5.36012
2791.547	15.89967	-11.03429	11.17522	-6.73427
2795.548	22.37873	-14.13321	11.14228	-6.76398
2799.549	17.31941	-10.12619	11.58651	-6.19605
2803.544	13.70544	-9.16641	11.26433	-6.41366
2807.548	16.27378	-11.91521	11.17453	-6.64045
2811.548	16.13507	-9.98154	11.43977	-6.83059
2815.549	13.76275	-12.22019	11.46544	-6.79226
2819.544	13.90043	-9.06474	11.36138	-6.66574
2823.543	13.34047	-9.24692	10.67557	-6.59406
2827.544	15.62001	-11.50885	11.40644	-6.52391
2831.548	17.50688	-9.83381	12.06698	-6.46219
2835.544	11.75948	-11.01541	11.17207	-6.77365
2839.544	19.69699	-11.82151	10.37491	-6.45000
2843.547	16.18780	-7.29191	10.90971	-5.88568
2847.544	19.77713	-9.84558	11.42985	-4.70106
2851.547	14.18041	-8.67285	11.21045	-4.44722
2855.542	14.07847	-7.54577	10.63861	-4.23079
2859.617	11.82837	-4.71430	10.92313	-5.66793
2863.557	14.01471	-7.79040	11.42868	-4.50792
2867.549	14.22242	-8.15351	11.22933	-4.40962
2871.543	15.65005	-7.95870	11.10727	-4.32846
2875.539	10.29601	-8.36131	10.96825	-4.67776
2879.550	14.21871	-9.26135	11.32753	-4.83321
2883.544	13.03414	-8.18507	11.35069	-4.68581
2887.546	13.62683	-8.36957	11.29223	-4.71523
2891.541	12.04134	-8.40529	10.93686	-4.68637
2895.551	13.85023	-8.53962	11.13346	-4.71403
2899.542	13.98326	-8.76591	11.42487	-4.75913
2903.542	14.31389	-8.68444	11.30612	-4.71582
2907.538	14.00122	-9.03458	11.37083	-4.67343
2911.544	11.80661	-8.32265	11.15484	-4.57554
2915.544	9.39943	-9.90573	10.98927	-4.72416
2919.542	13.67011	-8.35097	11.09544	-4.88194
2923.549	13.84240	-7.91763	11.29231	-4.85045
2927.567	13.71203	-8.26670	11.34323	-4.67233
2931.554	13.73170	-7.81247	11.08223	-4.70868
2935.548	16.98864	-9.16923	10.54874	-6.50749
2939.543	13.77836	-7.94200	10.32630	-5.23363
2943.545	13.75434	-7.87433	10.98757	-5.11968
2947.542	13.59813	-8.00555	11.01651	-5.92127
2951.540	16.26184	-7.97452	10.99812	-6.50757
2955.545	13.56826	-8.04863	11.05875	-6.45298
2959.546	13.66168	-8.04623	11.18339	-6.50779
2963.542	14.45861	-8.44886	11.06189	-6.33143
2967.540	15.06311	-8.54400	11.01823	-6.76819
2971.545	15.71158	-9.16826	10.87840	-6.57292
2975.548	13.57326	-8.38470	10.67176	-6.77678
2979.547	14.69980	-8.49139	10.88168	-6.44916
2983.542	14.39536	-8.63277	10.88096	-6.00270
2987.542	13.66735	-8.45813	10.87510	-3.92838
2991.540	14.36698	-8.11786	10.84769	-3.83395
2995.550	14.78238	-7.83063	11.03499	-4.85928
2999.547	13.84757	-7.52012	10.94129	-6.15236
3003.544	14.11428	-7.69486	10.85002	-5.63093
3007.542	14.98989	-8.91265	10.85818	-6.48231
3011.542	14.59951	-8.92009	10.97420	-4.59730
3015.545	14.42234	-8.38350	10.78041	-4.74046
3019.550	14.58482	-7.52580	11.00257	-4.77463
3023.547	14.69076	-7.41698	10.92720	-4.66042
3027.538	14.42856	-7.68058	10.76353	-4.89125
3031.544	8.16651	-7.63101	11.17030	-5.66845
3035.543	14.36078	-7.97936	10.85703	-4.51680
3039.545	14.32470	-7.65521	13.32216	-5.82817
3043.542	11.59063	-7.73621	11.17739	-5.65067
3047.546	13.98526	-7.62317	10.97401	-5.73189
3051.547	13.69218	-7.65795	10.91184	-4.98393
3055.541	15.38971	-7.39972	10.73207	-4.56649
3059.547	14.04439	-7.18689	10.43006	-5.91454
3063.573	12.43880	-6.25055	10.73030	-5.40153
3067.552	14.63658	-7.51930	11.06358	-4.57955
3071.541	14.15220	-7.39469	10.99900	-3.96321
3075.542	14.01246	-7.75668	11.00718	-4.14154
3079.538	14.43335	-7.42041	10.64621	-4.39491
3083.542	14.21990	-7.41257	11.13886	-5.30021
3087.538	14.26154	-7.45614	10.77438	-5.74692
3091.539	13.58378	-7.37383	11.61032	-5.19135
3095.535	14.36826	-8.08913	11.11045	-5.23646
3099.542	14.38719	-7.66638	10.91928	-5.68272
3103.544	10.29077	-7.68363	10.39328	-5.45449
3107.539	14.06142	-7.71852	11.19165	-5.18562
3111.544	14.72373	-8.83987	11.22310	-4.05383
3115.539	14.43617	-8.40583	11.16898	-4.65035
3119.540	14.33958	-7.46542	11.10436	-5.52028
3123.535	9.12040	-7.95817	10.64729	-4.91942
3127.542	11.23907	-7.59430	9.33550	-4.54521
3131.543	8.93874	-2.82845	7.40665	-2.55861
3135.543	9.31760	-7.01474	5.56414	-3.21557
3139.538	5.17929	-3.52842	3.40014	-3.12214
3143.543	3.38583	-4.02288	2.08523	-2.60650
3147.541	1.32108	-3.68183	1.46283	-2.35691
3151.539	0.42708	-2.84418	-1.57654	-2.63049
3155.539	-2.81788	-3.76232	-3.99561	-2.63631
3159.536	-2.88817	-2.16527	-3.67148	-2.20533
3163.543	-3.89916	-3.79028	-4.42728	-2.25890
3167.539	-6.65226	-3.44253	-5.55686	-2.30972
3171.542	-6.70920	-2.07667	-6.16331	-1.63020
3175.544	-6.08848	-2.00676	-6.91777	-0.19330
3179.539	-7.01240	-1.74456	-6.62432	0.09937
3183.545	-7.27819	-3.73169	-4.98056	0.41464
3187.542	-6.68705	-1.52162	-5.81965	0.02383
3191.541	-6.61665	-2.68825	-5.77735	0.04364
3195.539	-6.17327	-2.40185	-6.74437	-0.22513
3199.566	-6.52216	-3.64989	-6.33517	-0.32393
3203.423	-6.47686	-0.22515	-6.23280	-0.93747
3207.410	-6.58700	-1.81582	-6.18902	-1.31890
3211.415	-6.36518	-1.73128	-5.75699	-1.06117
3215.413	-5.54951	-1.28025	-6.35596	-1.39628
3219.414	-6.48022	-0.88945	-6.40503	-1.64010
3223.408	-6.46894	-0.38441	-6.25703	-3.20516
3227.417	-5.97907	-1.16898	-5.68777	-0.65236
3231.418	-6.47196	-1.93164	-6.51057	-0.12149
3235.412	-5.45590	-1.40080	-6.43920	-0.08692
3239.414	-7.54981	-2.05618	-6.40067	-0.65983
3243.412	-5.96380	-2.37999	-6.30710	-0.89126
3247.413	-6.04210	-1.70153	-6.08541	-1.39858
3251.417	-6.02460	-0.75439	-6.35829	-1.51395
3255.413	-5.33765	-2.26167	-6.36356	-1.59476
3259.411	-5.95687	-1.19193	-6.20639	-1.00123
3263.410	-5.95783	-1.89065	-6.50731	-1.05438
3267.439	-5.98439	-1.39672	-6.98071	-0.28860
3271.421	-5.55384	-1.75852	-6.49374	0.20095
3275.416	-5.71817	-1.74565	-6.34748	-1.04214
3279.415	-5.69264	-1.67604	-6.44581	-0.79350
3283.412	-6.00457	-1.97103	-6.01159	-1.30679
3287.409	-5.36936	-1.36381	-5.45536	-1.12537
3291.410	-5.59398	-1.28675	-5.74048	-1.21382
3295.414	-5.61839	-1.72866	-5.92714	-1.51478
3299.473	-5.86529	-1.54197	-6.44454	-1.80432
3303.423	-8.64849	-3.85183	-6.48129	-1.17702
3307.414	-6.04605	-1.60154	-6.51929	-1.37311
3311.411	-6.11699	-1.44127	-6.47585	-1.85932
3315.416	-5.68639	-1.61953	-6.36432	-1.57605
3319.410	-6.07233	-1.51384	-6.11810	-1.54499
3323.413	-5.06232	-1.64824	-6.10144	-1.53748
3327.410	-4.73771	-1.52663	-6.38209	-1.63361
3331.408	-5.38130	-1.37457	-4.94300	-1.45850
3335.429	-5.53424	-1.48696	-5.29587	-1.58743
3339.407	-4.20679	-1.36039	-5.91197	-1.18227
3343.416	-3.90108	-3.82352	-5.79452	-1.22117
3347.410	-5.52600	-2.82958	-6.09601	-1.24959
3351.409	-5.58808	-3.38446	-6.04588	-1.19878
3355.412	-5.68283	-2.65887	-6.23143	-1.28853
3359.418	-5.60942	-2.15444	-6.48232	-1.14901
3363.412	-5.64036	-2.96819	-7.19322	-1.16965
3367.409	-6.47179	-3.09509	-7.29992	-1.12096
3371.412	-8.10126	-3.22748	-6.61496	-1.10150
3375.410	-5.84127	-2.58271	-6.60333	-1.12854
3379.409	-6.03476	-3.41146	-6.51123	-0.80745
3383.408	-4.34771	-2.82004	-6.80998	-0.87699
3387.413	-3.87210	-3.14496	-6.66756	-0.34097
3391.409	1.21779	-5.78744	-6.72753	0.02414
3395.411	-5.93635	-2.34603	-6.93315	-0.78805
3399.417	-4.15796	-2.66577	-6.80088	-0.06818
3403.414	-4.37492	-2.14407	-6.91975	-0.02519
3407.414	-3.96461	-2.44548	-6.10630	-1.71142
3411.409	-3.22567	-3.19877	-5.30668	-1.76493
3415.409	-7.14184	-2.56324	-6.33959	-1.21183
3419.407	-8.17984	-3.54884	-8.23841	-4.11265
3423.413	-8.07543	-3.19975	-8.83898	-1.83597
3427.412	-9.47551	-3.48461	-10.19827	-3.13777
3431.408	-9.58451	-3.98862	-11.23160	-3.73946
3435.411	-10.57210	-3.57610	-10.43716	-1.75359
3439.414	-8.95344	-3.85676	-10.83457	-1.91634
3443.409	-10.09092	-4.60531	-11.11265	-1.78739
3447.412	-11.44423	-4.55705	-11.51173	-1.87328
3451.410	-10.71993	-3.90287	-11.18348	-1.69860
3455.409	-11.03052	-4.65015	-10.70107	-1.52785
3459.408	-10.80266	-3.98827	-10.05746	-1.57654
3463.413	-11.29044	-4.28815	-10.26148	-1.47365
3467.409	-11.24886	-3.58130	-12.29261	-1.65746
3471.473	-11.43982	-2.95763	-12.09949	-1.32457
3475.420	-11.17207	-1.84553	-12.26830	-1.59286
3479.409	-11.34473	-3.07004	-11.97109	-1.65118
3483.411	-12.74749	-2.32554	-11.85447	-1.47624
3487.411	-11.38154	-2.53974	-12.29564	-1.90351
3491.411	-11.82754	-2.36422	-12.41556	-1.61752
3495.409	-11.72743	-2.39304	-12.37378	-2.07960
3499.413	-11.93251	-2.70962	-12.31900	-2.45453
3503.410	-11.21424	-2.56180	-12.35869	-3.13064
3507.437	-10.82720	-2.80098	-12.33681	-3.63179
3511.406	-10.40588	-2.33895	-12.31473	-3.50315
3515.410	-10.49625	-3.32363	-12.37906	-3.82966
3519.408	-10.11243	-2.87074	-12.26346	-3.40551
3523.415	-10.43527	-3.01957	-12.30483	-3.55495
3527.408	-9.97592	-2.98711	-12.21793	-3.48116
3531.410	-10.18572	-3.12816	-12.21326	-3.39727
3535.406	-9.62403	-3.21555	-12.16676	-3.03739
3539.440	-10.09807	-3.04198	-12.10656	-3.55126
3543.415	-10.05596	-3.35617	-12.05105	-2.97770
3547.402	-10.28465	-3.11900	-12.10497	-3.16494
3551.410	-10.21231	-3.05697	-12.12744	-2.60079
3555.409	-10.19923	-3.03007	-12.15246	-1.73579
3559.407	-10.02382	-2.73785	-12.16508	-1.70843
3563.411	-10.30987	0.35984	-12.08739	-1.74648
3567.412	-10.17339	-1.59040	-12.15177	-1.52578
3571.410	-10.09614	-1.49896	-12.11337	-2.02092
3575.407	-10.90872	-1.80038	-12.13757	-2.31456
3579.407	-11.92396	-0.89919	-12.06707	-2.31262
3583.411	-11.79606	-0.67694	-12.09004	-2.12287
3587.406	-12.38595	-4.70048	-12.01696	-1.86960
3591.405	-10.41861	-2.60611	-12.26571	-1.24840
3595.404	-10.12537	-1.62124	-15.93371	-2.39636
3599.411	-16.40091	2.61914	-19.11779	-2.59637
3603.406	-16.13814	4.57311	-19.51106	-0.83773
3607.507	NaN	NaN	-19.74603	-12.09575
3611.415	NaN	NaN	20.58549	14.04801
3615.404	NaN	NaN	-19.82226	-12.09013
3619.404	NaN	NaN	-19.86339	-12.08710
3623.409	NaN	NaN	-19.88946	-12.08517
3627.407	NaN	NaN	-19.90759	-12.08382
3631.405	NaN	NaN	-19.92097	-12.08283
3635.406	NaN	NaN	-19.93132	-12.08206
3639.414	NaN	NaN	-19.93959	-12.08145
3643.410	NaN	NaN	-19.97456	-12.07885
3647.410	NaN	NaN	NaN	NaN
3651.410	NaN	NaN	NaN	NaN
3655.406	NaN	NaN	NaN	NaN
3659.402	NaN	NaN	NaN	NaN
3663.400	NaN	NaN	-7.57235	15.03623
3667.410	NaN	NaN	NaN	NaN
3671.406	NaN	NaN	NaN	NaN
3675.437	NaN	NaN	NaN	NaN
3679.416	3.19019	14.15090	NaN	NaN
3683.408	3.19593	14.14814	NaN	NaN
3687.405	NaN	NaN	NaN	NaN
3691.407	NaN	NaN	NaN	NaN
3695.408	NaN	NaN	NaN	NaN
3699.403	NaN	NaN	NaN	NaN
3703.403	NaN	NaN	NaN	NaN
3707.402	NaN	NaN	NaN	NaN
3711.410	NaN	NaN	NaN	NaN
3715.408	NaN	NaN	NaN	NaN
3719.405	NaN	NaN	NaN	NaN
3723.407	NaN	NaN	NaN	NaN
3727.412	NaN	NaN	NaN	NaN
3731.475	NaN	NaN	NaN	NaN
3735.414	NaN	NaN	NaN	NaN
3739.427	NaN	NaN	NaN	NaN
3743.440	NaN	NaN	NaN	NaN
3747.406	NaN	NaN	NaN	NaN
3751.403	NaN	NaN	NaN	NaN
3755.400	14.70881	-1.41025	21.93258	6.35643
3759.406	14.45237	-1.32288	21.04001	4.53717
3763.403	14.85813	-2.84838	16.45838	0.00789
3767.402	16.02791	-0.87148	17.51250	0.92163
3771.411	16.89995	-1.60560	16.99901	1.57384
3775.407	19.34327	-2.13063	17.70421	2.29293
3779.403	16.07194	-2.08308	17.52229	2.19856
3783.399	14.67581	-1.94728	17.47943	3.00733
3787.407	17.73574	-1.99981	17.66062	2.07700
3791.401	NaN	NaN	20.03066	0.52329
3795.403	NaN	NaN	13.91448	0.63857
3799.405	17.53965	-2.28071	15.78402	0.24539
3803.404	17.62663	-2.66893	16.99018	-0.46152
3807.402	16.64296	-2.40507	15.10857	0.06760
3811.428	16.15270	-2.37751	12.60883	-0.02655
3815.412	14.96742	-2.39621	14.55374	-0.06665
3819.404	16.23155	-2.38835	14.28867	-0.55441
3823.401	15.84762	-2.72415	12.69521	-0.30251
3827.400	16.25331	-2.63371	12.90770	-0.12084
3831.406	16.04760	-2.99258	13.13140	-0.30210
3835.402	15.96606	-2.81267	14.11727	-0.64652
3839.401	16.09549	-3.05460	13.09970	-0.75941
3843.404	15.82060	-3.81562	12.70201	0.00470
3847.405	17.87870	-3.78452	12.76709	0.07862
3851.403	15.95986	-3.39418	12.97127	-0.32625
3855.404	16.83391	-3.51625	12.85926	-1.25608
3859.417	15.92994	-2.88933	12.86900	-1.12840
3863.410	16.00087	-2.94873	12.66228	0.00907
3867.401	16.14464	-2.76374	12.63026	0.34303
3871.406	15.99156	-2.68123	12.81632	0.37285
3875.403	16.30437	-2.51478	13.52846	-0.47639
3879.425	16.05060	-2.29564	13.94158	-0.81026
3883.404	16.11808	-2.80660	12.44351	-0.32241
3887.398	16.00188	-2.51862	12.21480	0.25479
3891.405	16.28681	-2.72194	12.50789	0.03064
3895.401	16.11915	-2.43634	12.50955	0.27005
3899.407	16.07421	-2.40469	12.67289	-0.24450
3903.425	16.05592	-2.39545	12.77936	-0.44492
3907.406	15.95564	-2.48377	13.56226	-0.60526
3911.402	15.73669	-2.51585	12.41743	-0.51874
3915.402	15.97709	-2.62107	12.32786	-0.21560
3919.396	15.96204	-2.57709	12.30751	-0.27966
3923.403	16.05578	-2.70877	12.43996	-0.29767
3927.402	15.77485	-2.42460	12.60365	-0.18314
3931.424	15.44391	-2.32044	12.87553	-0.32521
3935.403	15.23701	-2.13689	12.68798	-0.22346
3939.406	15.60977	-2.02575	13.13317	-0.08789
3943.398	15.82733	-2.15528	13.04259	-0.04735
3947.755	16.47847	-2.71758	12.42957	0.85767
3951.405	17.81480	-2.79461	12.40846	1.27943
3955.403	15.07121	-2.53456	12.31087	1.56667
3959.401	15.72370	-3.39188	12.28275	1.41875
3963.399	15.53087	-3.83708	12.23846	1.07315
3967.401	15.47266	-3.96748	12.31047	0.45530
3971.400	15.73927	-3.25365	12.37037	1.12640
3975.402	15.63044	-3.62163	12.30192	1.00166
3979.408	15.63684	-3.60371	12.29251	1.05511
3983.406	15.77182	-3.54323	12.32208	1.09664
3987.399	15.69696	-3.52153	12.28583	0.49821
3991.402	15.62678	-3.45868	12.39371	0.36477
3995.400	15.64728	-3.31622	12.31267	0.51873
3999.399	15.75309	-3.42568	12.26801	0.66366
4003.402	15.65453	-3.11949	12.32478	0.66189
4007.404	15.59826	-3.00670	12.28424	0.64811
4011.399	15.59955	-2.90530	12.20228	0.73211
4015.400	15.53690	-2.47350	12.17324	0.83206
4019.402	15.48755	-2.09666	12.03631	0.90100
4023.407	15.32906	-1.97203	12.06150	1.14467
4027.398	15.82671	-2.83212	11.98137	1.08305
4031.402	16.45660	-3.04975	11.92379	1.29275
4035.400	15.95826	-3.47494	11.96869	1.36175
4039.397	15.89166	-3.11178	12.17715	0.77201
4043.402	15.79448	-3.38486	12.05540	0.92732
4047.400	15.84934	-3.24340	12.06869	0.99000
4051.403	15.78432	-3.35825	12.53362	0.58668
4055.273	15.67444	-3.33538	12.76562	0.85361
4059.273	15.67524	-2.91098	12.39068	0.66044
4063.270	12.66861	-2.53049	11.57753	1.11779
4067.277	11.13910	-2.81199	10.73512	1.18607
4071.277	11.94486	-2.58781	7.73716	0.99186
4075.275	4.28922	-2.42492	6.17896	0.67273
4079.270	6.61060	-2.86822	5.73672	-0.12906
4083.303	6.30252	-3.05833	5.47535	-0.64429
4087.280	4.14774	-2.45945	4.03199	-1.91498
4091.273	5.00987	-2.08502	2.18300	-1.32220
4095.273	4.99832	-2.27868	1.88846	-1.43672
4099.276	3.70695	-2.58479	2.34723	-1.53005
4103.272	4.52449	-2.63267	2.20756	-1.45288
4107.274	5.49554	-2.67949	2.14687	-1.36437
4111.281	4.21094	-3.17712	1.86256	-1.29813
4115.273	3.11381	-3.01706	1.76857	-1.23457
4119.274	2.79926	-3.58751	1.56159	-1.37468
4123.271	2.01813	-3.89154	2.20706	-1.99273
4127.278	2.64225	-3.58093	2.38115	-2.17679
4131.275	4.00522	-3.50036	2.60215	-1.91048
4135.274	3.06313	-2.94457	2.99564	-1.93946
4139.276	3.37005	-3.17516	2.38593	-1.93125
4143.273	2.29158	-3.60282	2.44809	-1.72336
4147.306	2.72575	-3.12947	2.42490	-1.66507
4151.278	1.89808	-3.74411	2.55720	-1.99666
4155.279	5.67015	-3.17678	2.29664	-1.93081
4159.271	5.71753	-2.91401	2.51485	-1.96873
4163.272	5.62581	-4.53750	2.63286	-1.90825
4167.269	4.48288	-3.96230	2.62432	-1.81828
4171.273	4.24083	-3.94392	2.71543	-1.93287
4175.275	3.58141	-3.95931	2.62487	-1.94952
4179.271	3.23895	-3.45074	2.57466	-2.22032
4183.273	2.47672	-3.56783	2.63774	-2.08968
4187.272	2.64606	-3.15982	2.58266	-2.34534
4191.273	2.90980	-3.66688	2.51405	-2.33781
4195.274	4.24811	-3.76646	2.63621	-2.81072
4199.276	2.26029	-3.84357	2.68868	-2.12514
4203.270	2.73685	-3.75544	2.73949	-2.36878
4207.269	3.95636	-2.95502	2.83516	-1.30916
4211.268	6.29060	-3.42072	3.02984	-1.88950
4215.275	5.82921	-3.27106	3.07973	-1.86252
4219.274	4.84997	-3.24358	2.69359	-1.99295
4223.276	3.89785	-3.86335	2.76024	-1.72737
4227.271	3.27069	-3.47209	2.41819	-1.43976
4231.270	2.98579	-4.19844	2.60208	-0.44920
4235.280	2.88534	-3.61436	2.29168	-0.73352
4239.297	3.29597	-4.11075	2.30603	-0.69098
4243.275	3.94772	-3.71488	2.38643	-0.76559
4247.274	2.82313	-2.92528	3.00200	-0.98727
4251.270	5.72173	-3.16188	3.26787	-1.14353
4255.271	3.54391	-2.99527	2.74712	-1.80441
4259.268	2.22897	-2.32438	2.81050	-1.81839
4263.273	2.22230	-2.22682	2.51096	-1.91188
4267.270	3.07770	-1.88622	2.81518	-2.27348
4271.270	3.29985	-2.21549	2.60552	-2.87572
4275.268	3.07248	-2.04515	3.18269	-2.50474
4279.279	4.40956	-2.06012	2.74504	-0.49203
4283.277	8.14229	-2.32922	2.88658	-0.29853
4287.294	3.66874	-2.27288	3.01235	-0.92177
4291.279	3.49579	-2.15250	2.75643	-0.82152
4295.270	1.73614	-4.63847	2.77307	-1.07354
4299.270	2.58732	-4.87635	2.84573	-1.49237
4303.274	5.97327	-4.34040	2.63091	-1.32486
4307.269	3.35392	-2.02214	2.53714	-1.62403
4311.267	7.86439	-2.26605	2.57179	-2.19541
4315.268	6.55388	-4.11113	2.98849	-2.44937
4319.277	4.22523	-3.91008	3.26000	-1.95538
4323.270	3.59505	-3.99923	3.19524	-2.00486
4327.269	3.59926	-3.54279	2.75192	-1.91315
4331.271	3.65428	-3.04323	2.81258	-1.88895
4335.272	3.70396	-3.33651	2.80337	-1.71907
4339.269	8.80602	-4.17631	2.78483	-0.56108
4343.268	4.50952	-2.80161	2.38635	-1.02321
4347.273	3.80189	-3.51508	3.11522	-1.10548
4351.270	3.75002	-3.61945	2.49582	-0.62325
4355.274	4.18479	-3.28953	2.76302	-0.26625
4359.276	4.75888	-2.94278	1.60176	-0.45781
4363.273	5.27604	-2.51037	2.05905	-0.07495
4367.271	5.12154	-1.96443	-3.36055	-0.44787
4371.268	11.89685	-3.24926	6.32875	0.92836
4375.268	3.81014	11.92458	7.41316	6.60072
4379.266	3.58934	13.97711	NaN	NaN
4383.271	NaN	NaN	NaN	NaN
4387.269	NaN	NaN	NaN	NaN
4391.268	NaN	NaN	NaN	NaN
4395.271	NaN	NaN	NaN	NaN
4399.300	NaN	NaN	NaN	NaN
4403.299	NaN	NaN	NaN	NaN
4407.289	NaN	NaN	NaN	NaN
4411.267	NaN	NaN	NaN	NaN
4415.284	NaN	NaN	NaN	NaN
4419.276	NaN	NaN	NaN	NaN
4423.553	NaN	NaN	NaN	NaN
4427.281	NaN	NaN	NaN	NaN
4431.271	NaN	NaN	NaN	NaN
4435.271	NaN	NaN	NaN	NaN
4439.274	NaN	NaN	NaN	NaN
4443.291	NaN	NaN	NaN	NaN
4447.280	NaN	NaN	NaN	NaN
4451.272	NaN	NaN	NaN	NaN
4455.266	NaN	NaN	-7.56966	15.07130
4459.265	NaN	NaN	NaN	NaN
4463.265	NaN	NaN	NaN	NaN
4467.269	NaN	NaN	NaN	NaN
4471.266	NaN	NaN	NaN	NaN
4475.265	NaN	NaN	NaN	NaN
4479.265	NaN	NaN	NaN	NaN
4483.270	NaN	NaN	NaN	NaN
4487.291	NaN	NaN	NaN	NaN
4491.682	NaN	NaN	NaN	NaN
4495.282	NaN	NaN	NaN	NaN
4499.263	NaN	NaN	NaN	NaN
4503.270	NaN	NaN	NaN	NaN
4507.269	NaN	NaN	NaN	NaN
4511.268	NaN	NaN	NaN	NaN
4515.384	NaN	NaN	NaN	NaN
4519.410	NaN	NaN	NaN	NaN
4523.585	NaN	NaN	NaN	NaN
4527.775	NaN	NaN	NaN	NaN
4531.946	NaN	NaN	NaN	NaN
4536.129	NaN	NaN	NaN	NaN
4540.304	NaN	NaN	NaN	NaN
4544.574	NaN	NaN	NaN	NaN
4548.485	NaN	NaN	NaN	NaN
4552.198	NaN	NaN	NaN	NaN
4555.997	NaN	NaN	NaN	NaN
4560.169	4.27052	9.33540	NaN	NaN
4564.037	NaN	NaN	-1.05863	-7.88767
4567.876	3.05761	4.36763	2.00646	-8.67319
4571.751	3.87645	4.75079	-0.61139	-6.87028
4575.718	2.77332	-7.72810	-3.03818	-4.95864
4579.684	3.31613	-4.02218	0.03053	-7.12416
4583.744	3.90985	4.58417	-0.98834	-4.75153
4587.737	1.58349	-2.08849	-0.49845	-7.02422
4591.819	3.88001	-3.83895	0.37231	-4.04714
4595.721	1.12524	0.37996	-0.33010	-4.68344
4599.730	1.18411	-4.63674	-3.30997	-7.22830
4603.870	0.54910	-3.98334	-3.86215	-6.12128
4607.939	0.37047	-2.00139	-3.19954	-6.58856
4612.324	-3.53617	-3.71494	-3.89288	-6.72184
4616.481	0.48297	-2.90282	-1.95658	-6.26437
4620.679	-3.58581	-3.74442	-3.08295	-6.47291
4625.014	-7.28293	-3.72615	-3.04462	-5.69980
4630.028	-3.10963	-3.39059	-8.75667	-5.72823
4634.219	-3.07167	-3.94777	-3.47013	-2.34972
4638.429	-3.52539	-3.31401	-3.38264	-2.96950
4642.564	-3.25518	-3.35390	-3.59043	-3.62479
4646.777	-3.11089	-3.42674	-3.66076	-3.78320
4650.924	-3.25362	-3.84244	-3.38508	-3.97361
4655.133	-3.07728	-4.67820	-3.83977	-4.75208
4659.513	-2.82511	-3.65598	-3.58823	-4.00958
4663.598	0.49830	-4.27867	-3.50726	-3.86394
4667.775	0.47748	-7.73954	-3.43462	-4.38749
4671.834	-2.77862	-5.03025	-3.24756	-4.25674
4675.959	-2.83435	-5.19498	-3.66642	-4.09813
4680.166	-2.89688	-5.34311	-3.74258	-4.19867
4684.258	-2.88416	-5.14633	-3.70238	-4.21267
4688.455	0.24197	-6.67336	-3.78568	-4.02253
4692.116	-2.81746	-5.18629	-3.94014	-3.91482
4697.304	-2.76604	-5.08453	-3.87467	-3.90020
4701.646	-1.09505	-5.29142	-3.93287	-3.84413
4705.403	-1.95817	-5.29613	-3.93478	-3.72362
4709.428	-2.62177	-5.27299	-3.93470	-3.57072
4713.684	-2.79082	-5.27305	-4.07683	-3.71641
4717.935	-2.92290	-5.29633	-4.11643	-3.54025
4722.139	-2.77725	-5.22452	-4.07160	-3.67887
4726.321	-2.14072	-5.20496	-3.77113	-3.61485
4730.384	-1.38198	-5.28467	-3.83287	-3.50313
4734.676	-0.03787	-5.35786	-3.51387	-3.44413
4738.761	-2.84712	-3.42123	-3.46820	-3.34056
4742.772	-2.90332	-3.04088	-3.55154	-3.36167
4746.917	-3.46085	-4.99532	-3.75949	-3.28371
4751.126	-2.79919	-5.21610	-3.88164	-3.44755
4755.501	-2.99495	-4.96194	-3.59491	-3.58604
4759.676	-2.96369	-5.01370	-3.21490	-3.70752
4764.719	-1.22712	-5.31290	-3.56030	-4.05617
4768.893	-0.77305	-5.35063	-3.45984	-4.59538
4773.031	-1.01275	-4.94210	-3.75012	-4.70221
4777.030	-3.10423	-4.65351	-3.78143	-5.00963
4781.135	-3.20798	-4.70273	-4.20198	-4.54701
4785.296	-3.48533	-4.87951	-3.63806	-3.90219
4789.466	-3.07587	-4.89921	-3.60875	-3.06430
4793.717	0.40958	-5.26258	-3.54109	-3.17934
4797.797	-3.04123	-4.61476	-4.06075	-3.51429
4801.931	-3.20422	-4.58691	-4.32407	-4.01823
4805.961	-3.08231	-4.70487	-4.09293	-3.80787
4810.215	-3.19068	-5.15475	-3.44557	-3.76719
4814.491	-3.29948	-4.74195	-4.10056	-4.57038
4818.659	-3.21876	-4.65386	-4.23379	-4.63911
4822.825	1.05560	-4.06285	-4.40073	-4.36155
4827.012	-2.90990	-4.95840	-4.30551	-4.41233
4832.135	-2.71449	-4.95253	-3.70794	-4.27336
4836.376	-2.75759	-4.65788	-3.92107	-4.46295
4840.657	0.68429	-4.62392	-4.25344	-4.26374
4844.740	-2.50234	-4.58402	-4.29438	-4.45439
4848.872	-3.45346	-5.01589	-4.02332	-4.16784
4853.210	-2.91262	-5.08995	-4.09611	-4.27193
4857.545	-2.68187	-5.05888	-3.86240	-2.67045
4861.899	0.56210	-6.07519	-4.00561	-3.14932
4865.965	-2.63638	-4.57116	-4.43697	-4.40338
4870.079	-3.02700	-5.56227	-3.82020	-5.45761
4874.286	-3.65547	-4.94891	-3.74960	-4.72952
4878.508	-3.24556	-4.66237	-3.85115	-4.38191
4882.631	-2.56394	-5.60984	-4.30909	-4.27545
4886.644	-3.43269	-4.21992	-4.44921	-3.85744
4890.708	-2.75282	-2.99551	-3.96130	-3.50393
4894.755	-2.75034	-4.13333	-3.56507	-3.03212
5024.197	NaN	NaN	NaN	NaN
5091.563	5.73623	-7.43448	4.78671	-4.92321
5095.633	1.88906	-11.72045	4.96332	-5.06223
5099.272	9.64883	-7.28658	4.69418	-5.46932
5103.256	5.66882	-7.64487	4.91376	-5.43048
5107.260	5.70664	-6.82875	5.28692	-5.80817
5111.262	6.35160	-7.45907	4.48885	-5.67802
5115.253	2.86596	-6.79781	4.68634	-6.01508
5119.258	3.09060	-7.55675	6.07125	-6.03675
5123.256	6.99416	-8.72806	4.41509	-6.19610
5127.256	4.77749	-8.46129	3.23007	-6.30080
5131.261	6.93511	-7.37446	5.86069	-6.55986
5135.256	6.00595	-7.21521	4.36708	-6.26713
5139.254	5.71423	-7.57747	5.25530	-6.37678
5143.258	5.99659	-7.62334	5.66386	-6.55653
5147.256	7.45755	-8.51105	4.03006	-6.62556
5151.260	8.54518	-7.97605	2.27870	-6.81526
5155.259	6.65066	-7.12080	5.69413	-6.58613
5159.258	6.34827	-6.74495	4.67540	-6.14710
5163.302	6.27047	-6.56494	4.77343	-6.04999
5167.261	8.38972	-7.00818	5.32688	-5.91525
5171.252	1.79066	-7.64655	5.43971	-5.58172
5175.254	7.49024	-7.48975	4.92095	-5.41150
5179.256	7.59563	-8.42592	4.76389	-5.24940
5183.256	4.39030	-8.72351	4.95191	-5.16007
5187.255	2.10768	-7.99183	4.99768	-4.80161
5191.257	6.55508	-8.87261	5.10135	-5.05824
5195.257	6.53884	-6.49624	5.12548	-5.22768
5199.253	7.23684	-7.87270	4.99467	-5.72323
5203.251	6.66646	-10.32083	5.17969	-5.90124
5207.252	2.16414	-8.67369	4.76337	-6.77956
5211.256	5.89885	-8.94355	4.65025	-7.42331
5215.255	7.01922	-8.69623	4.90513	-5.68944
5219.252	7.35839	-8.51576	4.91193	-5.92649
5223.251	7.58525	-7.10282	4.89794	-6.45571
5227.257	9.57626	-8.48575	4.81976	-6.81155
5231.277	7.64413	-6.18263	4.93152	-7.32647
5235.258	9.56175	-6.63675	5.14544	-6.99646
5239.254	2.77990	-6.83704	5.06070	-6.67386
5243.251	7.33860	-4.90295	5.03280	-9.15343
5247.255	6.94851	-5.21221	4.74878	-7.09201
5251.253	6.75377	-5.79542	5.24998	-6.27260
5255.251	3.32459	-5.46295	5.03664	-6.15508
5259.251	3.56195	-6.58221	6.00111	-6.56823
5263.257	3.32266	-8.79874	6.48024	-6.65615
5267.275	4.23081	-6.59404	6.10156	-5.40797
5271.263	4.81397	-7.03149	7.43274	-6.58820
5275.258	4.67904	-8.67776	7.08058	-6.27136
5279.258	4.98556	-7.78063	7.38561	-6.77129
5283.253	7.08681	-7.71860	5.72505	-8.76261
5287.251	10.07622	-8.28732	5.09382	-7.05132
5291.251	6.88260	-8.97240	5.09771	-6.17787
5295.255	5.84019	-7.35188	5.91108	-4.50816
5299.257	6.90260	-8.04533	6.55324	-5.40183
5303.257	9.14044	-7.04710	6.29612	-5.52941
5307.253	3.76690	-5.03314	5.99794	-2.72745
5311.252	4.33826	-3.75319	7.68986	-0.96610
5315.251	6.91019	-4.48181	7.40106	-0.37520
5319.260	7.30329	-3.58533	7.82304	-0.17087
5323.252	7.22246	-4.39171	10.46438	-4.19988
5327.250	6.72604	-4.78305	6.68230	-1.15429
5331.252	7.25721	-4.31707	6.72075	-1.07975
5335.255	9.31354	-4.90977	6.40136	-1.15822
5339.253	6.63614	-5.25501	7.61426	-2.07932
5343.251	7.13937	-5.19424	7.70619	-1.95705
5347.256	6.75208	-4.77037	6.96717	-2.09754
5351.251	6.91263	-4.77603	6.86148	-2.30127
5355.253	6.93702	-4.69550	6.33525	-3.12751
5359.256	7.12317	-3.71973	6.26610	-3.01345
5363.254	5.14483	-3.24504	5.97681	-2.61109
5367.276	7.03631	-4.66930	6.60455	-2.51817
5371.301	6.95531	-5.03576	6.56630	-2.43959
5375.252	6.82833	-3.33976	7.00599	-2.40918
5379.250	5.96056	-3.80741	7.06154	-2.34860
5383.250	6.49675	-3.12066	6.96328	-2.26396
5387.253	6.03012	-3.23458	6.97641	-2.02809
5391.250	6.31409	-3.50802	6.89179	-2.04508
5395.256	5.88977	-3.11899	6.89673	-2.04370
5399.259	6.63600	-3.57434	6.84764	-2.05577
5403.257	10.16560	-3.59470	6.66604	-1.82816
5407.249	9.73096	-3.64779	6.80122	-1.84093
5411.254	7.20790	-2.48369	6.70154	-1.82548
5415.254	9.51179	-3.90134	6.54692	-1.69613
5419.251	9.10724	-3.93466	6.55471	-1.67383
5423.252	9.81628	-4.41046	6.57899	-1.55740
5427.254	9.96807	-4.27545	6.48428	-1.47227
5431.250	10.18284	-4.67266	6.38442	-1.46200
5435.250	10.37666	-4.77097	6.30830	-1.56181
5439.255	8.99063	-4.94881	6.24776	-1.43471
5443.254	7.31135	-4.69406	6.23989	-1.42733
5447.248	8.86488	-4.97748	6.24004	-1.43829
5451.249	7.89264	-5.03203	6.21519	-1.46016
5455.248	7.69624	-4.85889	6.23825	-1.35263
5459.247	8.07144	-4.81666	6.23967	-1.45592
5463.253	7.80116	-4.84522	6.21080	-1.47261
5467.249	8.00910	-4.68358	6.15671	-1.46444
5471.250	7.76867	-4.35477	6.14003	-1.70055
5475.249	7.61295	-4.62982	6.08316	-1.72957
5479.252	8.34035	-4.66750	6.05709	-1.98076
5483.257	6.66991	-5.13814	6.09852	-2.63030
5487.254	7.66131	-5.29707	6.04377	-2.88140
5491.255	7.77507	-4.23139	6.13375	-3.08905
5495.250	9.12614	-5.54207	6.07415	-2.91653
5499.249	7.75176	-4.54450	6.10232	-2.90669
5503.271	7.75904	-5.44154	6.08478	-3.09310
5507.252	7.99338	-5.27058	6.14020	-3.20094
5511.251	8.17123	-4.56526	6.11731	-3.26437
5515.249	7.50451	-4.08239	6.46510	-3.39515
5519.251	8.73356	-3.83438	6.58124	-3.52612
5523.248	7.95653	-4.12639	6.50940	-3.43350
5527.257	7.83359	-4.65314	7.47202	-3.33936
5531.250	7.35156	-3.82744	6.90282	-3.32483
5535.248	8.20442	-3.66545	6.69552	-0.54471
5539.247	8.02861	-3.78071	6.36957	-0.81708
5543.248	7.63859	-4.00172	6.41033	-0.72448
5547.247	7.87971	-3.94179	6.51679	-0.89336
5551.256	7.28464	-4.03647	6.79843	-1.85317
5555.251	7.16126	-4.46080	6.36660	-1.78464
5559.248	4.28683	-4.08576	6.66648	-1.70213
5563.247	6.90319	-5.63472	6.38079	-1.96457
5567.256	7.27218	-4.42668	6.41645	-2.25777
5571.252	7.06198	-4.18549	6.47135	-2.07315
5575.249	8.40451	-3.84053	6.90038	-1.23780
5579.253	1.63794	-4.65368	5.34981	-1.96413
5583.321	3.93105	-1.29589	2.15898	-0.41140
5587.254	3.97780	-4.13991	2.07455	-0.63835
5591.245	1.34921	-4.22967	3.02366	-0.74953
5595.250	3.61985	-4.29681	2.21655	-0.29935
5599.246	3.67262	-4.11643	2.17626	-0.27322
5603.246	0.87882	-3.23133	2.00787	-0.10314
5607.311	1.64117	-3.55085	1.75922	-0.20141
5611.257	4.88545	-3.57697	1.85626	-0.67777
5615.247	1.33517	-3.36634	1.70680	-0.80177
5619.244	1.03330	-3.23599	1.58502	-0.73698
5623.252	0.81260	-3.68580	1.49599	-0.67293
5627.249	1.86702	-2.78386	1.17647	-0.44415
5631.245	1.42828	-1.14149	1.39349	-0.89768
5635.245	2.41318	-1.81795	1.22886	-0.25872
5639.249	1.53054	0.28499	1.28303	-0.19971
5643.248	4.91610	-3.18625	1.30697	0.04415
5647.253	0.15342	-3.16508	1.24637	0.13579
5651.253	0.13588	-3.38530	1.32853	0.15303
5655.249	7.56437	-3.47918	1.05032	0.14452
5659.245	2.72600	-2.31794	1.04843	-0.21307
5663.249	2.87064	-3.04624	2.04346	-0.41987
5667.247	0.02708	-1.53151	1.22496	-0.43935
5671.247	-0.33836	-3.12627	1.42791	-0.66930
5675.250	2.22850	-2.29682	1.10031	-0.80782
5679.247	0.66265	-2.18624	0.86945	-0.11111
5683.245	7.67097	-3.75127	1.17203	-0.69632
5687.242	5.34742	-4.77806	1.05473	-0.69813
5691.252	1.78426	-3.50021	1.33396	-0.63567
5695.246	1.54001	-3.38968	0.91932	-0.69911
5699.248	0.84354	-3.37729	0.98060	-0.76741
5703.244	1.32131	-2.45200	1.06401	-0.70069
5707.244	0.90646	-2.83567	1.05848	-0.75959
5711.247	4.35864	-3.01457	0.91689	-0.79701
5715.245	1.26438	-2.27632	0.94361	-0.65066
5719.248	3.01999	-2.12770	0.99221	-0.47200
5723.246	3.10542	-1.94586	1.00692	-0.75302
5727.244	1.63216	-2.11622	0.96244	-0.78331
5731.243	1.72991	-2.20808	0.95678	-0.84184
5735.255	1.02097	-2.13927	0.85553	-0.81193
5739.248	0.94413	-2.04305	0.80746	-0.88902
5743.254	0.97653	-2.35917	0.89850	-0.94702
5747.243	0.92234	-2.03651	0.95346	-1.27256
5751.243	1.08686	-2.12052	1.09532	-0.79336
5755.251	0.81466	-2.13183	1.07676	-0.64452
5759.246	0.84046	-2.06320	0.87756	-0.60265
5763.246	1.56370	-2.07293	0.83203	-0.55625
5767.243	1.49076	-1.87017	0.86401	-0.92907
5771.248	1.74310	-1.89033	0.95177	-0.49633
5775.251	1.74655	-1.77341	0.99541	-0.50852
5779.248	1.96801	-1.90473	0.86332	-0.83190
5783.247	2.65178	-1.80586	0.95854	-0.79253
5787.245	4.22654	-1.77724	0.91659	-0.84023
5791.245	2.70832	-1.74649	0.91433	-0.77008
5795.241	2.74759	-1.65468	0.82592	-0.69137
5799.247	2.76968	-1.66809	0.78178	-0.59817
5803.245	2.79144	-1.48225	0.80327	-0.88716
5807.241	2.78958	-1.51204	0.69446	-0.79685
5811.246	4.20402	-1.77949	0.64069	-0.66027
5815.248	2.96973	-3.68433	0.73228	-0.82432
5819.247	5.76937	-5.12009	0.71010	-0.94677
5823.242	5.60757	-5.02542	0.86265	-0.89119
5827.245	2.67675	-2.70969	0.82446	-0.60541
5831.268	2.44279	-2.07566	0.68910	0.04557
5835.253	1.80298	-1.87350	0.50644	-0.40350
5839.241	1.69847	-1.80346	0.18519	0.09179
5843.247	1.90190	-1.32536	0.16963	-0.04423
5847.247	1.32592	-0.34387	0.09272	-0.50102
5851.243	-0.04524	-1.40571	0.61568	-0.40715
5855.246	0.46281	-1.04779	0.62766	-1.01527
5859.248	-0.07329	-1.37710	0.06386	-0.90851
5863.284	-0.39961	-1.49631	0.24133	-0.62132
5867.257	-0.24850	-1.42407	0.42475	-0.40154
5871.243	1.04550	-1.35792	0.10828	-0.15026
5875.241	0.47083	-1.61218	0.05477	-0.05238
5879.245	0.76637	-2.19852	-0.32399	0.08993
5883.118	1.04880	-2.02383	-0.00660	-0.25908
5887.122	-0.50547	-1.95060	0.62483	-0.04050
5891.117	0.13086	-1.96137	0.36107	0.11965
5895.121	0.81605	-2.19748	0.04653	-0.11222
5899.118	-0.60116	-2.17207	0.12431	0.18428
5903.116	-0.17603	-2.25242	0.09562	0.24668
5907.120	1.37307	-1.44624	0.07095	0.17939
5911.141	0.98211	-1.19959	-0.14439	0.20712
5915.121	0.44614	-0.83619	0.20700	0.24772
5919.122	0.83679	-0.93524	0.03410	0.26802
5923.117	0.23328	-1.83650	-0.03244	0.22814
5927.119	-0.13759	-2.00113	0.00275	0.29207
5931.121	0.07103	-1.87283	0.11932	0.31238
5935.116	0.64206	-2.09126	-0.06517	0.36302
5939.117	3.86931	-1.80732	-0.02626	0.23805
5943.120	0.35035	-1.66514	0.01529	0.28382
5947.121	1.01826	-1.94548	-0.04425	0.25485
5951.120	2.41482	-1.86391	0.00524	0.11304
5955.117	0.34511	-2.15101	0.00911	-0.06103
5959.121	0.61873	-1.92577	-0.04581	-0.10864
5963.118	-0.11136	-2.20985	0.00179	-0.25107
5967.116	0.80729	-2.27565	0.04472	-0.31004
5971.115	-0.36392	-2.40116	0.01417	-0.72103
5975.120	1.03359	-2.31679	0.04318	-1.00174
5979.114	0.89197	-1.59146	0.12520	-1.36632
5983.118	0.97135	-1.19167	0.10426	-0.43152
5987.155	-0.44619	-1.10765	0.15826	-1.07286
5991.118	0.13114	-1.43831	0.31193	-1.16624
5995.112	0.96152	-0.94740	0.36201	-1.36766
5999.142	0.34548	-1.92046	0.44182	-1.33206
6003.122	1.15657	-0.89427	0.49902	-0.92422
6007.112	-0.27059	-2.04879	0.78230	-1.42529
6011.111	-0.67498	-2.18157	-0.62305	-0.82700
6015.117	0.46882	-2.34973	0.38015	-0.27008
6019.116	0.36218	-2.45883	0.24952	0.13592
6023.118	0.80828	-2.62314	0.29850	-0.17255
6027.118	0.55662	-2.62402	0.23587	0.29307
6031.120	0.75970	-2.67137	0.32188	0.37551
6035.120	4.50007	-2.45484	0.14685	0.34878
6039.112	0.84759	-2.67015	0.40321	0.46948
6043.115	5.13146	-2.66005	0.32508	0.45241
6047.115	5.79764	-2.57465	0.25448	0.52499
6051.122	0.96770	-2.59801	0.45006	0.53159
6055.114	1.07706	-1.25543	0.37410	0.70639
6059.113	0.79220	-2.73199	0.54213	0.68679
6063.114	0.61774	-1.45090	0.63595	0.66586
6067.114	-0.06852	-1.82458	0.64774	0.64663
6071.116	0.16395	-2.08332	1.16654	0.50241
6075.117	0.50773	-2.76152	0.63699	0.65185
6079.113	0.60729	-2.45135	0.78233	0.72519
6083.114	-0.31238	-1.89914	0.81339	0.65081
6087.113	1.41911	-2.28518	0.94653	0.64388
6091.117	4.27558	-2.77883	0.77962	0.77331
6095.114	0.28203	-1.81242	0.40782	0.86692
6099.115	0.17144	-1.92215	-0.20087	0.85268
6103.112	0.27552	-2.27476	0.65250	0.75306
6107.117	0.07299	-2.42561	0.63012	1.02587
6111.120	-0.42487	-1.91567	0.60290	1.14486
6115.151	0.46051	-2.19291	0.21008	0.93250
6119.127	-0.50915	-2.54747	-0.57796	0.07434
6123.114	0.06430	-2.25035	0.06949	-0.00760
6127.114	3.57147	-1.82902	-0.11165	-0.82754
6131.117	-2.63844	-2.71822	0.36750	1.25366
6135.114	3.30505	-0.01099	2.11928	-0.95751
6139.113	2.88089	-1.24446	4.68304	-1.21388
6143.113	3.56509	-2.07967	6.18743	-3.59040
6147.112	3.46516	-3.12052	6.96951	-4.76554
6151.110	9.02237	-5.06306	7.51130	-6.96624
6155.123	7.55544	-5.52560	7.30788	-7.26803
6159.113	8.71734	-7.03505	7.65083	-6.92855
6163.111	13.36164	-11.68112	9.06472	-6.93711
6167.111	14.21642	-8.79871	10.08402	-7.35203
6171.116	8.53523	-6.48068	11.74033	-8.85462
6175.113	11.99286	-8.86240	7.93815	-7.60952
6179.108	4.34356	-10.06615	7.87470	-6.77860
6183.107	8.72335	-9.42728	7.91366	-7.30929
6187.121	8.79414	-8.52349	7.85848	-7.75010
6191.113	8.98758	-6.62633	8.63136	-7.39270
6195.122	11.70592	-5.97004	8.42896	-7.36026
6199.115	13.47557	-8.72342	8.37745	-7.18738
6203.179	8.27341	-8.69359	8.23867	-6.51773
6207.119	8.87258	-8.83019	8.39904	-7.07702
6211.110	11.37610	-9.30482	8.29618	-6.63504
6215.109	9.29096	-5.80245	8.81634	-6.40236
6219.113	9.16138	-8.07961	8.48753	-6.59312
6223.112	6.42601	-8.53755	8.25275	-6.48616
6227.110	9.65179	-8.56168	8.64320	-6.51154
6231.109	10.03871	-8.55214	10.70900	-6.83559
6235.114	8.06915	-5.78189	8.61705	-6.99395
6239.115	8.97281	-9.73184	8.28787	-6.78145
6243.117	9.13238	-6.86550	9.09710	-6.70799
6247.110	10.89592	-6.95451	10.05512	-7.13355
6251.136	8.39462	-8.81885	8.95850	-7.40160
6255.119	5.41613	-9.00578	8.48585	-6.64480
6259.111	9.61600	-6.64645	8.93890	-6.71688
6263.114	12.22905	-6.76150	7.74986	-8.32203
6267.112	12.32506	-9.34637	7.69922	-6.81121
6271.110	9.60707	-4.48264	8.78018	-6.81026
6275.109	9.77879	-6.60713	10.27412	-7.38712
6279.124	1.47422	-7.82821	7.97902	-6.84074
6283.111	11.53346	-6.97668	8.43064	-6.55500
6287.114	9.92309	-7.14077	8.56656	-8.83613
6291.107	15.74874	-9.82882	8.21881	-6.79543
6295.113	8.33056	-6.26762	8.40091	-6.68646
6299.107	10.11584	-6.92735	8.58641	-7.59488
6303.111	5.22877	-7.34173	8.24932	-7.31806
6307.114	8.01348	-6.94835	8.32733	-7.01784
6311.113	9.89222	-6.07200	8.39197	-7.14858
6315.111	4.66571	-6.86037	8.32602	-7.25498
6319.136	10.08933	-8.54988	8.21957	-7.07994
6323.121	9.86300	-5.56533	8.24915	-7.23148
6327.110	5.11056	-7.21838	8.23323	-7.03440
6331.113	8.21825	-6.21381	8.17425	-6.80642
6335.111	10.31182	-7.15004	8.20622	-6.97135
6339.111	3.04774	-7.23520	8.11106	-6.63293
6343.114	10.18808	-5.77565	8.01628	-6.53669
6347.110	10.35620	-5.97230	8.03229	-6.21662
6351.111	10.12844	-5.92504	7.87652	-5.99768
6355.109	10.96442	-5.56941	7.96453	-6.18824
6359.114	10.11519	-6.22912	7.92359	-6.22351
6363.117	12.14693	-8.87985	7.97069	-6.03754
6367.110	8.77839	-7.05370	7.87742	-5.99267
6371.114	9.47918	-6.96830	7.84567	-5.80341
6375.111	9.01082	-6.66676	7.86817	-5.65713
6379.109	5.90190	-7.50278	7.89586	-5.64958
6383.108	9.68373	-8.27187	7.99895	-6.03540
6387.113	7.41843	-5.94889	8.01251	-6.15590
6391.117	11.85984	-7.59588	8.05703	-6.02369
6395.112	9.28156	-7.26687	8.09056	-5.40263
6399.108	6.42038	-6.12146	7.97554	-7.11254
6403.117	11.87327	-7.23027	9.10780	-7.46093
6407.112	11.33566	-6.84280	7.78073	-5.59756
6411.112	13.02292	-7.70755	8.00092	-5.85949
6415.110	10.13335	-7.07202	8.52802	-5.54375
6419.109	7.10369	-5.68989	8.75492	-7.43806
6423.112	5.25709	-5.43211	8.29086	-7.58697
6427.107	11.35864	-6.64735	8.00907	-6.21914
6431.106	11.99764	-9.56622	8.35595	-5.59107
6435.105	5.00275	-6.99733	8.11982	-5.19173
6439.110	7.47758	-6.38229	8.66287	-4.65109
6443.109	11.30603	-5.60687	8.44968	-4.48365
6447.111	11.58417	-5.10109	8.37937	-3.38259
6451.114	9.54561	-4.78574	8.61086	-3.49777
6455.133	11.10484	-5.11298	8.34278	-4.35234
6459.114	9.39818	-6.05066	8.85637	-3.43826
6463.106	11.32225	-5.04279	9.26495	-3.71293
6467.110	8.21213	-5.98927	9.49448	-3.41768
6471.109	10.96485	-5.70311	9.77375	-3.73161
6475.105	11.38488	-5.85182	9.70446	-3.71109
6479.110	12.61880	-5.88264	9.73798	-3.48790
6483.109	11.98244	-5.59216	9.65319	-3.51763
6487.114	11.35220	-5.50840	9.65129	-3.38196
6491.111	12.28661	-5.41504	9.69291	-3.38315
6495.108	5.20760	-5.76694	9.54665	-3.22957
6499.106	11.52700	-5.48372	9.61443	-3.15817
6503.104	12.44749	-5.72461	9.39402	-3.00058
6507.111	12.05286	-5.70189	9.03585	-2.67048
6511.106	11.60366	-5.62799	8.95823	-2.85671
6515.107	11.59394	-5.48666	10.15026	-2.62590
6519.103	10.87127	-3.87295	9.81036	-2.73895
6523.109	13.29645	-5.80478	11.17061	-3.13755
6527.117	11.52302	-5.74843	9.63091	-2.53582
6531.111	11.33993	-8.54616	8.78246	-2.53345
6535.107	5.60079	-5.77630	9.20647	-2.66155
6539.106	10.50592	-3.50383	9.05052	-2.72679
6543.106	11.36620	-3.74707	8.90696	-2.75405
6547.106	11.53439	-4.36057	11.24638	-2.99194
6551.113	11.35527	-4.10013	9.18605	-2.65137
6555.105	11.36849	-5.45314	9.52772	-2.99975
6559.107	11.08184	-5.96876	9.05299	-2.69974
6563.108	11.34738	-6.03089	9.45097	-2.76118
6567.113	13.90251	-6.02625	9.13828	-3.24966
6571.113	13.16765	-5.58826	9.31888	-3.49256
6575.110	11.67815	-5.87462	9.45257	-3.13288
6579.105	11.22771	-5.79272	9.30252	-2.52547
6583.110	11.32490	-5.71733	9.15253	-2.90281
6587.106	11.45991	-5.38140	9.32026	-3.31027
6591.106	11.28192	-4.67822	9.07382	-3.21877
6595.111	11.37963	-4.67609	8.97506	-3.17690
6599.105	11.32886	-4.09171	8.91863	-2.75636
6603.105	11.20507	-5.62324	9.13194	-2.80995
6607.102	11.02713	-5.42751	9.14225	-2.44152
6611.115	11.94242	-5.32082	9.82660	-2.31843
6615.114	12.89027	-5.47522	10.54941	-1.28603
6619.103	13.46083	-4.33002	13.92795	-0.55507
6623.109	18.76206	-5.33956	13.82787	0.10610
6627.106	16.25228	-4.52263	10.30627	-1.40608
6631.106	19.88637	-3.98450	NaN	NaN
6635.138	3.94794	11.22604	NaN	NaN
6639.107	NaN	NaN	NaN	NaN
6643.103	NaN	NaN	NaN	NaN
6647.103	NaN	NaN	NaN	NaN
6651.133	NaN	NaN	NaN	NaN
6655.116	NaN	NaN	NaN	NaN
6660.158	NaN	NaN	NaN	NaN
6664.040	NaN	NaN	NaN	NaN
6668.074	NaN	NaN	NaN	NaN
6671.876	NaN	NaN	NaN	NaN
6675.659	NaN	NaN	NaN	NaN
6679.389	NaN	NaN	NaN	NaN
6683.116	NaN	NaN	NaN	NaN
6687.118	NaN	NaN	NaN	NaN
6691.105	NaN	NaN	NaN	NaN
6695.109	NaN	NaN	NaN	NaN
6699.107	NaN	NaN	NaN	NaN
6703.121	NaN	NaN	NaN	NaN
6707.113	NaN	NaN	NaN	NaN
6711.109	NaN	NaN	NaN	NaN
6715.110	NaN	NaN	NaN	NaN
6719.105	NaN	NaN	NaN	NaN
6723.107	NaN	NaN	NaN	NaN
6728.680	NaN	NaN	NaN	NaN
6732.568	NaN	NaN	NaN	NaN
6736.396	NaN	NaN	NaN	NaN
6740.180	NaN	NaN	NaN	NaN
6744.036	NaN	NaN	NaN	NaN
6747.887	NaN	NaN	NaN	NaN
6751.718	NaN	NaN	NaN	NaN
6755.571	NaN	NaN	NaN	NaN
6759.666	NaN	NaN	NaN	NaN
6763.694	NaN	NaN	NaN	NaN
6767.856	NaN	NaN	NaN	NaN
6772.029	NaN	NaN	NaN	NaN
6775.777	NaN	NaN	NaN	NaN
6779.931	NaN	NaN	NaN	NaN
6784.022	NaN	NaN	NaN	NaN
6788.322	NaN	NaN	NaN	NaN
6792.433	NaN	NaN	NaN	NaN
6796.038	NaN	NaN	-22.96566	4.07021
6798.994	NaN	NaN	-22.06339	0.97552
6802.984	-14.79895	5.92682	-20.87861	-2.48225
6806.976	-13.08423	3.36180	-19.77267	-3.62912
6810.983	-13.78031	2.20988	-19.25914	-4.12932
6814.980	-14.15290	1.65746	-18.92242	-4.88906
6818.977	-13.42763	-0.17750	-18.23085	-5.48643
6822.974	-13.39647	-1.48761	-18.30157	-4.74554
6826.985	-12.63842	-2.26543	-18.24990	-4.69468
6830.978	-11.91531	-1.75869	-18.19757	-5.06273
6834.977	-11.40493	-1.65674	-17.61392	-4.82212
6838.974	-11.46993	-1.84872	-10.53387	-2.07941
6842.979	-11.44878	-1.89304	-12.39887	-2.88862
6846.975	-7.35605	-2.31566	-14.75396	-4.50212
6850.974	-4.76911	-1.80233	-13.30519	-3.49793
6854.980	-8.11121	-1.79557	-14.31302	-4.22573
6858.976	-10.55303	0.33005	-11.77434	-2.89936
6863.016	-9.66118	-2.05985	-8.95189	-2.30286
6866.993	-9.36213	-2.05622	-10.26932	-2.20540
6870.976	-8.23238	-0.55881	-10.25502	-2.26534
6874.973	-9.46923	0.49861	-9.69224	-2.33875
6878.979	-9.64958	-0.78983	-9.71500	-2.28908
6882.975	-9.35694	-1.23160	-9.89383	-2.70629
6886.977	-8.50780	-0.83129	-9.86671	-2.20478
6890.974	-9.14491	-1.36232	-9.76645	-2.09660
6894.977	-8.96361	-2.49545	-10.05690	-1.75662
6898.975	-8.84850	-3.46081	-9.69463	-1.56051
6902.974	-8.46789	-2.68221	-9.59865	-1.95912
6906.972	-8.54646	-1.72071	-9.69964	-1.81102
6910.983	-8.51331	-1.69889	-9.67772	-2.09708
6914.974	-8.91703	-1.52348	-9.17723	-2.21099
6918.974	-8.25690	-2.78673	-9.38380	-2.63608
6922.978	-8.60490	-2.98585	-9.10557	-2.42102
6926.980	-8.63267	-3.13651	-8.49440	-2.66356
6930.979	-8.63556	-1.70772	-8.95273	-2.16887
6934.974	-8.73259	-1.87722	-9.28059	-1.74164
6938.978	-7.49359	-2.42123	-9.44549	-1.18093
6942.974	-8.05424	-3.02270	-9.32238	-1.06075
6946.975	-8.43200	-3.51040	-8.63626	-2.88401
6950.992	-8.40074	-2.46075	-8.37840	-2.74979
6954.979	-8.25112	-1.88773	-8.46155	-3.02582
6958.976	-8.26738	-2.15472	-8.53693	-3.02174
6962.971	-8.45890	-1.61386	-9.04258	-2.72442
6966.976	-8.37883	-1.45427	-9.27324	-2.75934
6970.975	-7.76316	-2.64448	-9.31958	-2.27138
6974.976	-7.97361	-1.54600	-9.54469	-2.52267
6978.972	-8.15032	-1.94711	-9.78476	-2.73708
6982.977	-8.46126	-1.17941	-9.65384	-2.45283
6986.977	-8.54634	-1.23800	-9.20966	-2.52603
6990.985	-8.64987	-1.38302	-8.75194	-2.75190
6994.980	-8.51637	-1.21594	-9.11556	-3.15666
6998.999	-8.65062	-1.24110	-9.30771	-3.22051
7002.982	-8.56644	-1.35150	-9.71090	-2.92595
7006.972	-8.67949	-1.48209	-9.90026	-3.30988
7010.977	-8.48211	-1.47834	-8.95549	-2.49977
7014.973	-8.43865	-1.59506	-10.02615	-1.12336
7018.975	-8.43717	-1.66656	-9.69332	-0.52806
7022.971	-8.50209	-1.84299	-9.58323	-1.08498
7026.978	-7.74389	-2.87758	-9.57322	-1.55378
7030.975	-8.49399	-3.05906	-9.36264	-1.99825
7034.981	-8.01808	-4.11766	-9.50501	-2.06273
7038.994	-8.09375	-3.58935	-9.53629	-2.05731
7042.977	-7.70655	-3.79747	-9.44829	-1.74881
7046.973	-7.84255	-2.92201	-9.46527	-1.89765
7050.973	-7.25958	-3.88248	-9.33166	-1.93700
7054.970	-7.73989	-3.91309	-9.38810	-1.72577
7058.971	-7.92013	-3.95312	-9.40583	-1.40110
7062.975	-7.94229	-3.76436	-9.32883	-1.04218
7066.978	-7.27890	-3.74882	-9.52796	-1.46962
7070.975	-7.76194	-3.52724	-9.35247	-0.84282
7074.975	-8.10588	-3.18769	-9.66103	-1.89817
7078.977	-7.78528	-2.74683	-9.35450	-2.95984
7082.973	-8.43256	-2.43476	-9.04638	-3.97299
7086.973	-9.91308	-2.88061	-9.36730	-4.34571
7090.970	-8.40368	-2.57521	-9.22666	-3.17687
7094.975	-8.47655	-2.18336	-9.15853	-4.24529
7098.971	-8.25129	-2.09749	-8.90853	-2.98065
7102.973	-8.39846	-2.80978	-5.51597	-2.66819
7106.970	-5.49913	-2.50266	-4.44504	-2.70909
7110.976	-5.34048	-2.64262	-1.85296	-3.71059
7114.977	-4.72751	-3.07232	-1.85437	-4.31438
7118.972	-2.61905	-6.40412	-1.05662	-3.54259
7122.975	1.08569	-2.66258	-1.54314	-3.64580
7126.973	3.07095	-9.35067	-1.00181	-4.19234
7130.970	1.07785	-3.10085	-0.61166	-3.67965
7134.992	0.99884	-2.34645	0.21040	-3.74529
7138.975	0.79404	-4.18172	-0.88021	-3.42841
7142.975	0.49488	-4.36601	-1.04357	-3.23357
7146.971	0.26557	-5.15484	-1.11464	-2.82803
7150.972	0.03484	-5.24598	-1.39966	-3.03852
7154.967	-0.15129	-5.69664	-1.01581	-2.96219
7158.979	0.18298	-5.38414	-0.80766	-3.10275
7162.988	0.11399	-4.92330	0.38727	-3.25739
7166.975	0.11366	-5.09898	0.31429	-3.44736
7170.968	-0.00839	-3.30163	-1.02498	-2.98151
7174.971	0.06271	-2.47703	-0.98943	-3.33877
7178.968	0.03680	-4.65397	-1.11725	-3.31885
7182.965	-0.38080	-3.50056	-1.62547	-2.73069
7186.973	-0.21681	-4.18311	-1.33329	-3.49271
7190.971	-0.08038	-4.61371	-1.37273	-3.57202
7194.970	-0.71365	-4.74321	-1.20529	-3.85221
7198.974	-0.57225	-4.78065	-1.22987	-4.61983
7202.992	-0.74387	-4.73848	-1.35827	-4.80634
7206.979	-0.60833	-5.00373	-1.30379	-4.43348
7210.971	-0.80228	-5.01094	-1.36174	-4.52039
7214.973	-0.25150	-5.15100	-1.36576	-4.37600
7218.969	-0.70340	-5.28683	-1.29119	-4.43254
7222.973	-0.45984	-5.21738	-1.20733	-3.90016
7226.971	0.37035	-5.26196	-1.04329	-4.37659
7230.969	1.45098	-5.56499	-0.94410	-4.47784
7234.970	3.34200	-6.04497	-0.61240	-4.29665
7238.974	2.29295	-5.34237	2.16193	-4.97898
7242.975	3.73571	-5.33472	-0.82853	-4.38331
7246.974	5.37456	-5.69018	-0.55007	-4.27349
7250.971	0.69603	-3.85317	-0.46986	-3.95446
7254.971	1.33976	-4.13552	-0.31317	-3.57472
7258.968	-0.20336	-2.06984	0.10426	-3.70787
7262.972	0.56927	-5.32432	0.81394	-3.39272
7266.970	0.15749	-5.18127	1.09075	-3.71324
7270.970	0.67590	-5.24567	1.74109	-4.50386
7275.035	0.30570	-5.13537	1.73552	-4.29972
7278.971	0.73352	-5.06241	0.12610	-4.71767
7282.977	0.07428	-5.01532	0.59168	-4.63363
7286.969	0.24269	-5.05696	0.19775	-4.07978
7290.968	-2.66692	-5.66457	0.16285	-3.40037
7294.967	-0.19953	-4.10715	-0.55570	-3.60409
7298.972	0.32332	-4.83492	-0.16931	-3.37526
7302.970	0.69985	-4.66479	-0.16459	-3.27259
7306.967	0.72283	-4.64462	0.09781	-2.88413
7310.971	0.49267	-3.41772	-0.10863	-2.83684
7314.967	-0.09150	-3.80724	-0.07552	-2.60413
7318.969	-0.67660	-3.88245	-0.24110	-2.72697
7322.966	-1.02322	-3.76768	-0.36417	-2.67555
7326.975	-0.58692	-2.69812	-0.14029	-2.71122
7330.968	-0.99551	-3.54743	-0.35759	-2.71016
7334.967	-0.85391	-3.02750	-0.44346	-2.62724
7338.969	0.71908	-3.86314	-1.08584	-2.39478
7342.970	-1.93090	-4.53734	-0.52364	-2.59890
7346.967	0.89805	-3.51907	-0.53925	-2.86790
7350.970	0.24733	-2.99353	-0.81421	-3.36355
7354.969	-0.45445	-3.73758	-0.61640	-3.39601
7358.967	-0.66958	-3.76342	-0.64960	-4.09720
7362.974	0.66302	-2.86147	-0.63806	-4.32168
7366.974	-0.23507	-3.43022	-0.57285	-4.39580
7370.974	-0.12895	-3.20891	-0.66211	-4.47817
7374.966	-0.39281	-3.18558	0.66198	-3.71748
7378.968	-0.11170	-3.83761	0.63501	-4.42494
7382.971	-0.27277	-3.69999	0.89823	-4.21675
7386.966	1.75823	-3.48192	0.52927	-3.64526
7390.966	-0.47664	-3.63923	1.32972	-3.85091
7394.966	-0.81468	-5.26773	1.35688	-3.73118
7398.965	-0.80612	-3.50710	1.15198	-3.61605
7402.965	-1.23441	-5.34768	1.46707	-3.42591
7407.000	1.27916	-5.35720	0.66459	-3.53152
7410.970	-0.67461	-3.26175	-0.41936	-3.51347
7414.973	0.58893	-5.87060	1.18168	-3.40197
7418.967	0.11917	-5.45562	0.85275	-3.20301
7422.999	0.92110	-3.57399	-0.05492	-3.21295
7426.974	-0.76913	-1.41899	-0.52250	-3.19734
7430.966	-2.85663	-2.83580	-2.74368	-2.87631
7434.971	-3.07268	-1.32490	-2.41821	-2.93105
7438.967	-3.98356	-1.94777	-3.83801	-0.28532
7442.970	-4.49102	-2.61650	-5.57471	-0.74000
7446.965	-1.30434	-5.79421	-5.79226	-0.79002
7450.970	-1.75334	-5.55215	-5.95160	-0.32451
7454.971	-2.61585	-5.07252	-5.92663	-0.20937
7458.969	-1.04719	-5.28660	-5.81896	-0.66218
7462.965	-3.86338	-4.80597	-5.65587	-0.95009
7466.965	-1.31927	-4.85113	-5.53301	-0.79839
7470.972	-3.11821	-2.48085	-5.40698	-0.87827
7474.971	-0.31471	-5.36113	-5.34774	-1.69609
7478.970	-0.44368	-5.10584	-5.29391	-2.30922
7482.967	-5.03346	-2.32040	-5.26910	-2.55285
7487.005	-1.48300	-5.22953	-5.25192	-2.34672
7490.971	-4.74528	-3.10145	-5.20925	-2.58132
7494.966	-5.39310	-2.68495	-5.22926	-2.35160
7498.970	-4.86786	-2.76409	-5.22375	-2.30827
7502.965	-6.11398	-1.08533	-5.26307	-2.25083
7506.962	-5.51221	-2.47819	-5.29122	-2.41611
7510.963	-5.49229	-2.51621	-5.42609	-2.40414
7514.967	-5.73406	-2.44158	-5.60534	-2.47459
7518.970	-5.63515	-2.08144	-5.75084	-2.44185
7522.967	-5.11667	-1.97215	-5.81469	-2.35385
7526.966	-5.49881	-2.00340	-5.87793	-2.20264
7530.973	-5.54958	-1.48143	-5.88326	-2.21738
7534.969	-4.77382	-1.60509	-5.84497	-2.19196
7538.967	-5.40348	-1.33184	-5.94757	-2.17041
7542.997	-5.61841	-1.38252	-6.03935	-2.15598
7546.977	-5.52025	-1.18172	-6.03903	-1.98100
7550.973	-5.43526	-1.13562	-6.11366	-2.12508
7554.965	-5.46504	-1.29722	-6.09376	-2.18051
7558.965	-4.98504	-1.85720	-6.03506	-1.98475
7562.963	-5.46197	-1.15693	-5.98569	-1.92334
7566.968	-5.53158	-1.23124	-6.00374	-2.01497
7570.964	-5.61025	-1.64838	-5.85389	-1.91772
7574.969	-5.51659	-2.05803	-5.72625	-1.86668
7578.963	-5.60728	-1.30971	-5.37483	-1.86468
7582.968	-5.52271	-1.53063	-4.95374	-1.83100
7586.965	-5.51518	-2.49664	-4.79743	-1.73539
7590.838	-5.34764	-2.94769	-5.04639	-1.60535
7594.840	-1.81163	-3.93665	-5.14877	-1.55402
7598.841	-0.14230	-5.33375	-5.17981	-1.56297
7602.840	-5.54012	-2.98582	-4.99475	-1.37704
7606.840	-4.96243	-3.71970	-4.91378	-1.08669
7610.841	-4.59280	-3.22839	-4.78851	-1.22300
7614.845	-4.69433	-2.59499	-4.55603	-1.27672
7618.839	-3.93969	-3.21257	-3.92788	-1.07223
7622.845	-4.74937	-2.08175	-5.08055	-0.87982
7626.835	-4.34556	-2.34230	-6.28810	-1.47787
7630.843	-4.80596	-2.93769	-6.14926	-1.22914
7634.839	-5.11019	-1.99922	-6.36658	-1.40620
7638.838	-4.67969	-2.78520	-5.62505	-1.24251
7642.843	-4.70559	-2.28750	-4.84026	-1.29411
7646.840	-5.41020	-2.86006	-4.54294	-1.76126
7650.840	-4.04725	-3.65314	-4.61903	-2.16230
7654.837	-5.14574	-4.46829	-4.74203	-2.34852
7658.840	-5.28313	-3.29362	-4.74301	-2.37811
7662.845	-5.22616	-2.72148	-4.47479	-2.33425
7666.840	-5.26937	-2.94858	-4.68521	-3.25581
7670.834	-5.30500	-2.78125	-4.48229	-4.02125
7674.838	-5.12998	-2.65840	-4.72396	-3.46783
7678.840	-4.65262	-1.45179	-5.08653	-1.61828
7682.840	-5.00460	-1.70142	-5.63169	-1.44660
7686.835	-5.18399	-2.93580	-5.95285	-1.46425
7690.842	-4.67283	-1.90753	-6.10843	-1.57057
7694.838	-5.22815	-1.09885	-5.82162	-1.20710
7698.839	-5.14483	-0.97388	-5.61578	-1.57327
7702.848	-5.72232	-0.99171	-4.89092	-1.61399
7706.906	-7.56632	-2.47598	-4.55507	-2.09464
7710.842	-5.64847	-1.32180	-4.48155	-2.16662
7714.835	-6.24771	-0.98463	-5.13508	-2.40663
7718.839	-5.78219	-1.72389	-4.79294	-2.53939
7722.836	-5.31723	-1.32718	-4.49045	-3.29702
7726.837	-4.62024	-1.06940	-4.83215	-3.35235
7730.833	-5.74205	-3.48802	-5.27311	-2.38906
7734.839	-6.08024	-1.72592	-3.39099	-1.77262
7738.837	-5.14217	-1.41868	-0.74322	2.93237
7742.839	-2.86598	-0.73239	-0.94559	-1.60901
7746.842	-3.26943	-1.01720	-2.22552	-1.05882
7750.841	-0.45180	-1.14166	-2.92906	-0.71012
7754.831	-0.34782	-0.86964	-3.49132	0.45307
7758.839	-2.59544	-1.19486	-3.41182	1.41564
7762.838	0.26103	-0.73844	-2.51185	1.73771
7766.838	-2.95846	-1.19001	-2.66310	1.43629
7770.834	-0.90391	-0.54389	-3.26183	1.21173
7774.839	-2.83955	-0.96895	-2.87321	0.14002
7778.836	-2.39084	-0.49527	-2.60287	-0.16170
7782.836	-2.45554	-0.45580	-2.61387	-1.03750
7786.837	-2.19975	0.13312	-2.74972	-0.42172
7790.840	-2.39540	-0.06279	-2.61709	-0.26980
7794.836	-2.38474	0.64179	-2.58115	-0.11228
7798.838	-2.21559	0.37814	-2.48740	0.03371
7802.841	-0.67945	0.42118	-2.52191	-0.00695
7806.838	-1.76495	0.28083	-2.43194	-0.13066
7810.834	-1.44024	-0.35341	-2.25112	0.25009
7814.857	-2.16094	0.46789	-2.32972	0.35308
7818.843	-1.71290	0.15064	-2.19752	0.05324
7822.833	-1.34490	0.41014	-2.28073	-0.27263
7826.833	-2.20052	0.16448	-2.28854	-0.21500
7830.842	-3.19773	0.06123	-2.35407	-0.53746
7834.836	-2.49453	-0.19217	-2.33036	-0.19475
7838.834	-2.23063	0.36066	-2.70079	-0.41600
7842.838	-1.39381	0.08474	-2.61392	-0.48888
7846.834	-1.04578	-0.16470	-2.24834	-0.28318
7850.833	-1.09063	-0.32010	-2.40984	-0.17185
7854.833	-1.87493	-1.67014	-2.22309	-0.69651
7858.873	-1.18951	-0.42187	-2.20139	-0.65434
7862.842	-1.75919	-0.45466	-2.58531	-0.69603
7866.842	-2.22193	-0.44470	-2.70676	-0.74219
7870.840	-1.79941	-1.17100	-2.04292	-0.66545
7874.836	-1.95535	-0.76558	-2.14124	-0.61327
7878.831	-1.58051	-1.12549	-2.36207	-0.62621
7882.838	-1.22087	-1.64776	-2.32905	-0.78722
7886.841	-1.20834	-0.08124	-2.10270	-1.06107
7890.837	-2.07041	0.16857	-2.14622	-0.61933
7894.833	-2.31859	0.24312	-2.11948	-0.52129
7898.833	-2.52845	0.44230	-2.16444	-0.50101
7902.836	-1.81220	0.68705	-2.12793	-0.56233
7906.835	-2.93381	0.37917	-2.45896	-0.40516
7910.868	-3.15963	0.38194	-2.43803	-0.36381
