time (ms)	lx (deg)	ly (deg)	rx (deg)	ry (deg)
0.000	2.67561	-2.57316	0.58838	-0.07179
3.989	2.66152	-2.63499	0.62099	-0.06182
7.986	2.58772	-2.69859	0.64374	0.06431
11.983	2.45943	-2.73266	0.68387	0.11529
15.983	2.43580	-2.81093	0.66206	0.22286
19.982	2.26725	-2.82561	0.62151	0.21687
24.001	2.23719	-2.84397	0.55873	0.24500
27.985	2.10317	-2.84096	0.51436	0.28046
31.981	2.03982	-2.80577	0.44033	0.34382
36.013	2.02782	-2.78319	0.41738	0.40828
39.979	2.05219	-2.74832	0.34903	0.48108
43.986	1.96385	-2.72921	0.23502	0.49627
47.979	2.16183	-2.68745	0.28756	0.45542
51.976	1.98013	-2.65780	0.26793	0.43487
55.981	1.99669	-2.67450	0.29843	0.47565
59.982	3.39698	-2.69645	1.03707	0.39652
63.979	5.68718	-2.93858	3.07159	0.14831
67.983	6.16245	-2.97597	3.42866	0.22106
71.982	6.17693	-3.26962	3.43135	0.16612
75.986	5.84124	-3.40093	2.84167	0.04976
79.974	5.23219	-3.29024	2.60188	-0.00007
83.981	4.89752	-3.12453	2.40902	-0.05658
87.988	4.71858	-3.03542	2.53389	0.02837
91.926	5.12865	-3.14776	2.63680	-0.16234
95.880	5.06365	-3.11960	2.55334	-0.17598
99.875	5.30769	-3.06614	2.59086	-0.29133
103.856	5.23524	-3.01123	2.71746	-0.34342
107.852	5.09650	-2.90971	2.57454	-0.30749
111.855	5.13528	-2.87401	2.60121	-0.30369
115.859	5.11250	-2.82903	2.53461	-0.35236
119.855	5.07227	-2.74693	2.53110	-0.34879
123.853	5.12723	-2.70756	2.54858	-0.32917
127.886	5.14638	-2.63075	2.53724	-0.34020
131.849	5.15285	-2.61025	2.53533	-0.34911
135.860	5.15670	-2.59902	2.53134	-0.33004
139.874	5.18619	-2.56143	2.54016	-0.30599
143.857	5.13242	-2.55293	2.54214	-0.29782
147.854	5.10150	-2.55071	2.50962	-0.26846
151.861	5.14362	-2.55459	2.53204	-0.25495
155.903	5.18813	-2.57158	2.52523	-0.27891
159.871	5.15593	-2.61399	2.55383	-0.28905
163.860	5.18685	-2.62172	2.54816	-0.30877
167.857	5.13203	-2.64375	2.56055	-0.33629
171.858	5.16182	-2.71534	2.58549	-0.32509
175.881	5.17915	-2.75072	2.60267	-0.35698
179.852	5.17476	-2.77444	2.61756	-0.35266
183.852	5.20327	-2.83347	2.63091	-0.33627
187.853	5.19492	-2.85118	2.62811	-0.32689
191.850	5.25606	-2.86260	2.66154	-0.34470
195.852	5.23406	-2.90474	2.67093	-0.33961
199.845	5.24302	-2.90628	2.67618	-0.28620
203.853	5.23925	-2.89163	2.66845	-0.23276
207.848	5.24732	-2.91855	2.67412	-0.19403
211.853	5.32284	-2.91777	2.62808	-0.19476
215.846	5.32400	-2.89704	2.61384	-0.18114
219.853	5.39891	-2.83220	2.60238	-0.14442
223.860	5.35987	-2.77236	2.62259	-0.19422
227.882	5.32747	-2.69277	2.62519	-0.19059
231.858	5.36297	-2.54893	2.64029	-0.16731
235.871	5.27041	-2.53476	2.62989	-0.14258
239.852	5.24813	-2.42314	2.67593	-0.06230
243.845	5.22030	-2.35942	2.70599	-0.02420
247.854	5.10994	-2.30883	2.75576	0.05173
251.851	5.04260	-2.36662	2.81023	0.13732
255.846	4.94770	-2.36138	2.84549	0.00893
259.852	4.90868	-2.38159	2.88267	0.11399
263.851	4.92942	-2.41458	2.98626	0.17085
267.856	4.98270	-2.54384	2.95015	0.19034
271.845	5.15509	-2.52038	2.92091	0.27698
275.853	5.52015	-2.55653	2.99777	0.27488
279.850	5.79575	-2.66673	3.03469	0.32283
283.850	5.60580	-2.71328	2.97022	0.31491
287.852	5.66086	-2.74643	2.90656	0.34180
291.857	5.54720	-2.78087	2.92802	0.29207
295.863	5.72345	-2.76582	2.87396	0.34104
299.857	5.74384	-2.76991	2.81189	0.38353
303.846	5.84095	-2.80988	2.76918	0.40441
307.861	5.93956	-2.83116	2.70886	0.40418
311.848	5.99146	-2.83082	2.65498	0.42314
315.847	6.02698	-2.86196	2.68314	0.44108
319.852	6.06644	-2.88756	2.70240	0.44683
323.851	6.09216	-2.89063	2.65337	0.41356
327.882	6.09128	-2.89660	2.65302	0.36422
331.881	6.09508	-2.90121	2.66887	0.35014
335.863	6.16881	-2.86254	2.69569	0.30116
339.845	6.24926	-2.88391	2.68442	0.24668
343.857	6.26137	-2.93299	2.70322	0.07533
347.850	6.23609	-2.96718	2.70985	-0.02507
351.849	6.20994	-2.94912	2.82115	-0.06212
355.844	6.17627	-2.97725	2.90391	-0.14684
359.927	6.11959	-2.99095	2.98059	-0.22130
363.861	6.03763	-3.03034	3.03375	-0.32879
367.856	5.94848	-3.01811	2.98918	-0.30793
371.852	5.83179	-3.09546	3.08535	-0.32100
375.856	5.75335	-3.15002	3.07226	-0.36361
379.866	5.73672	-3.24745	3.07716	-0.41353
383.849	5.67986	-3.33336	3.12940	-0.41106
387.851	5.60335	-3.41205	3.14667	-0.43397
391.850	5.56278	-3.43922	3.18796	-0.44482
395.848	5.54058	-3.48215	3.18027	-0.49196
399.852	5.47373	-3.51663	3.14912	-0.47384
403.851	5.44571	-3.54865	3.10841	-0.47728
407.847	5.42085	-3.55733	3.05892	-0.47929
411.846	5.40781	-3.57128	3.06580	-0.48080
415.853	5.39647	-3.58184	3.02576	-0.51918
419.851	5.39468	-3.59449	2.98839	-0.52768
423.850	5.38282	-3.57162	3.00960	-0.52599
427.854	5.38941	-3.58228	2.89683	-0.49413
431.860	5.44972	-3.57256	2.87495	-0.47619
435.853	5.42095	-3.60037	2.77507	-0.48172
439.848	5.42616	-3.63368	2.74650	-0.41842
443.842	5.43438	-3.63745	2.69250	-0.40543
447.849	5.41984	-3.66631	2.64720	-0.37246
451.850	5.42901	-3.73472	2.67851	-0.44892
455.848	5.47385	-3.75156	2.72387	-0.48695
459.842	5.56079	-3.80373	2.75658	-0.50344
463.848	5.54430	-3.67575	2.80454	-0.44513
467.883	5.63223	-3.66148	2.78919	-0.43977
471.874	5.69298	-3.66218	2.90168	-0.50279
475.859	5.64675	-3.72261	2.91240	-0.39610
479.855	5.66575	-3.72160	2.98029	-0.36764
483.848	5.69824	-3.56080	3.01339	-0.30447
487.853	5.70234	-3.36196	3.09478	-0.34559
491.844	5.55251	-3.15831	3.15253	-0.42308
495.848	5.50085	-3.05508	3.21953	-0.33716
499.858	5.22200	-2.68068	3.25844	-0.28327
503.842	5.15930	-2.73372	3.34846	-0.23889
507.851	5.25788	-2.65201	3.35303	-0.11689
511.851	5.14894	-2.61629	3.38251	-0.18577
515.871	5.12422	-2.49029	3.35365	-0.22512
519.842	5.07106	-2.50303	3.39970	-0.28166
523.852	5.08187	-2.42662	3.41842	-0.32001
527.846	4.97869	-2.38297	3.47871	-0.41602
531.871	5.00484	-2.39290	3.45445	-0.60490
535.849	5.04563	-2.35297	3.44124	-0.63298
539.844	5.06030	-2.31800	3.41639	-0.64580
543.848	5.14929	-2.30839	3.34066	-0.72623
547.852	5.18345	-2.52304	3.21189	-0.75560
551.908	5.18700	-2.70795	3.16248	-0.78959
555.852	5.26585	-2.70393	3.15236	-0.81751
559.855	5.29258	-2.71650	3.14142	-0.81169
563.877	5.27885	-2.90441	3.11970	-0.76544
567.869	5.29541	-3.04010	3.14793	-0.75195
571.850	5.33342	-3.07773	3.17891	-0.66170
575.852	5.33222	-3.12693	3.16876	-0.50544
579.849	5.31475	-3.27762	3.22158	-0.40449
583.852	5.33480	-3.34225	3.14469	-0.44951
587.850	5.33293	-3.40947	3.18791	-0.24056
591.849	5.33957	-3.41698	3.08639	-0.21940
595.854	5.36528	-3.43121	3.02905	-0.13613
599.852	5.34523	-3.45479	2.89901	-0.10473
603.849	5.31541	-3.51057	2.85314	-0.03745
607.857	5.38555	-3.52111	2.79899	-0.03792
611.847	5.40668	-3.51687	2.72895	0.01457
615.846	5.44522	-3.55802	2.72630	0.03455
619.846	5.49630	-3.59352	2.64970	-0.00042
623.846	5.48504	-3.62145	2.63333	-0.01323
627.850	5.47800	-3.66470	2.63893	-0.01187
631.847	5.55853	-3.62925	2.58214	-0.01906
635.846	5.55435	-3.62039	2.59448	-0.03480
639.876	5.52618	-3.75453	2.60629	-0.08581
643.864	5.57449	-3.75188	2.62880	-0.08916
647.845	5.58929	-3.70138	2.66823	-0.11470
651.840	5.60190	-3.75525	2.68442	-0.17189
655.847	5.73716	-3.69305	2.71815	-0.18278
659.852	5.76694	-3.65169	2.70253	-0.21701
663.846	5.74586	-3.58440	2.73598	-0.20219
667.840	5.71949	-3.67829	2.75291	-0.20015
671.846	5.82810	-3.47281	2.77901	-0.19193
675.848	5.86425	-3.49290	2.78253	-0.24656
679.840	5.85919	-3.45111	2.80090	-0.25564
683.847	5.92776	-3.43941	2.79622	-0.25214
687.844	5.95587	-3.42571	2.82907	-0.24737
691.850	5.99463	-3.43045	2.81499	-0.24228
695.842	5.99222	-3.44275	2.83457	-0.25387
699.845	5.95751	-3.78812	2.82979	-0.25494
703.840	5.94575	-3.90349	2.85462	-0.21031
707.846	5.94175	-4.10633	2.86465	-0.24242
711.842	5.98483	-4.20558	2.84536	-0.25416
715.871	5.98461	-4.29128	2.84999	-0.25258
719.870	5.97634	-4.30867	2.86056	-0.24309
723.855	5.89780	-4.39454	2.87366	-0.23922
727.848	5.76453	-4.44583	2.92639	-0.21506
731.848	5.70325	-4.47757	2.94955	-0.20185
735.899	5.62923	-4.47455	2.95911	-0.20612
739.843	5.53631	-4.52673	2.99757	-0.17299
743.847	5.50513	-4.50187	3.03249	-0.13099
747.842	5.42619	-4.45649	3.13932	-0.14850
751.841	5.35042	-4.42441	3.17928	-0.15688
755.848	5.32021	-4.35851	3.20954	-0.17940
759.840	5.28062	-4.33253	3.23554	-0.17979
763.841	5.26571	-4.24657	3.28551	-0.14944
767.844	5.25466	-4.23736	3.33250	-0.16775
771.867	5.24683	-4.22285	3.31838	-0.20431
775.852	5.25544	-4.14339	3.23187	-0.20436
779.846	5.23615	-3.94183	3.04882	-0.19149
783.848	5.24528	-3.84515	3.07419	-0.19672
787.842	5.26160	-3.79711	2.93312	-0.24459
791.856	5.34220	-3.82356	2.96832	-0.24756
795.848	5.37736	-3.66199	2.82358	-0.21977
799.861	5.39128	-3.45411	2.82727	-0.21384
803.844	5.46615	-3.34650	2.60889	-0.17036
807.851	5.52903	-3.26746	2.55245	-0.13212
811.842	5.58321	-3.15795	2.53697	-0.03932
815.845	5.56834	-2.94618	2.53667	0.01254
819.864	5.56197	-2.96607	2.56161	0.01492
823.847	5.65108	-2.90850	2.57905	-0.00973
827.844	5.75165	-2.87724	2.57588	-0.05866
831.850	5.83314	-2.80322	2.62695	-0.02924
836.202	5.69888	-2.77401	2.64904	0.00506
839.851	5.65071	-2.75546	2.72491	-0.05930
843.843	5.37424	-2.67731	2.79523	-0.08267
847.860	5.34929	-2.65885	2.92020	-0.09770
851.845	5.42319	-2.57351	2.93250	-0.15123
855.862	5.50437	-2.55667	2.99631	-0.17105
859.847	5.47328	-2.56081	3.04073	-0.17407
863.844	5.53940	-2.53490	3.13694	-0.20254
867.840	5.54951	-2.55142	3.22079	-0.17533
871.835	5.49507	-2.53124	3.31746	-0.06276
875.845	5.45941	-2.58920	3.10901	-0.05982
879.840	5.52045	-2.58154	2.91799	0.08929
883.836	5.60094	-2.57748	2.91200	0.15667
887.842	5.61581	-2.65846	2.85197	0.27618
891.846	5.67922	-2.68795	2.88458	0.39378
895.841	5.77389	-2.68935	2.84207	0.53882
899.835	5.86826	-2.71280	2.92688	0.44523
903.917	5.65110	-2.70456	2.96854	0.33310
907.862	5.66636	-2.71229	2.87069	0.22634
911.848	5.25234	-2.63771	2.84952	0.00891
915.846	5.35539	-2.67682	2.84843	-0.07230
919.872	5.35547	-2.64253	2.92530	0.34135
923.853	5.44461	-2.62237	2.98403	0.50635
927.843	5.58557	-2.62563	3.02348	0.70132
931.844	5.56067	-2.58987	3.12851	0.66419
935.844	5.46182	-2.56663	3.18670	0.36762
939.838	5.50353	-2.55055	3.22398	0.18188
943.715	5.49748	-2.52402	3.24340	0.03769
947.709	5.51597	-2.51742	3.25968	-0.05976
951.715	5.54425	-2.51799	3.31603	-0.11109
955.711	5.62045	-2.51883	3.28474	-0.11628
959.715	5.68293	-2.49842	3.27462	-0.08286
963.708	5.73487	-2.48474	3.28677	-0.11829
967.716	5.79251	-2.48219	3.25127	-0.22259
971.797	5.86651	-2.47072	3.28486	-0.29489
975.726	5.86091	-2.49610	3.25924	-0.33090
979.714	5.93318	-2.51384	3.25671	-0.36260
983.721	5.94705	-2.50524	3.26302	-0.39942
987.732	5.94966	-2.53345	3.27408	-0.46448
991.712	5.97325	-2.54804	3.28118	-0.47792
995.716	6.02084	-2.55517	3.32669	-0.45044
999.711	6.07496	-2.58386	3.37185	-0.40582
1003.712	6.06527	-2.62235	3.40742	-0.35992
1007.721	6.09596	-2.62043	3.46229	-0.30275
1011.712	6.12561	-2.63678	3.47769	-0.28722
1015.713	6.08043	-2.63308	3.47047	-0.40603
1019.711	6.10966	-2.62233	3.45534	-0.36831
1023.715	6.10671	-2.61320	3.44171	-0.35438
1027.712	6.13508	-2.62433	3.41041	-0.38341
1031.715	6.14150	-2.60694	3.42463	-0.41644
1035.711	6.19000	-2.58925	3.42112	-0.39141
1039.719	6.18681	-2.57220	3.39530	-0.39135
1043.713	6.18100	-2.54570	3.36658	-0.41661
1047.709	6.20617	-2.51799	3.35150	-0.46152
1051.713	6.22993	-2.50607	3.30759	-0.49118
1055.707	6.19496	-2.46066	3.29166	-0.51930
1059.715	6.22074	-2.45357	3.26235	-0.46865
1063.713	6.22562	-2.42536	3.06018	-0.47140
1067.714	6.23778	-2.41357	2.95101	-0.47075
1071.737	6.21693	-2.40121	2.90601	-0.46660
1075.724	6.22508	-2.40901	2.80189	-0.42758
1079.718	6.23908	-2.41206	2.65273	-0.44094
1083.729	6.22812	-2.41839	2.67338	-0.46426
1087.718	6.10124	-2.43999	2.73566	-0.42641
1091.719	6.02754	-2.43378	2.62558	-0.43318
1095.712	6.10627	-2.44453	2.62808	-0.41143
1099.731	6.15581	-2.45335	2.60897	-0.39838
1103.720	6.16133	-2.46045	2.53815	-0.40094
1107.729	6.17254	-2.50412	2.56575	-0.40369
1111.729	6.12882	-2.56358	2.54727	-0.42846
1115.708	6.17528	-2.59025	2.51745	-0.41395
1119.716	6.09616	-2.65593	2.50739	-0.40552
1123.711	6.16118	-2.71509	2.46632	-0.36648
1127.711	6.15470	-2.76087	2.45659	-0.34483
1131.712	6.19702	-2.80021	2.41799	-0.32866
1135.710	6.23788	-2.82025	2.42738	-0.29335
1139.707	6.14153	-2.83925	2.41078	-0.28839
1143.716	6.10104	-2.85388	2.37357	-0.22861
1147.709	6.02808	-2.85878	2.38628	-0.22454
1151.710	5.98805	-2.87925	2.40526	-0.20065
1155.705	6.02835	-2.90494	2.42696	-0.14387
1159.713	5.96799	-2.91651	2.46221	-0.10611
1163.709	5.92586	-2.93477	2.54578	-0.11918
1167.719	5.88149	-2.93954	2.60770	-0.09701
1171.705	5.67133	-2.92246	2.63933	-0.05118
1175.719	5.73045	-2.97540	2.69926	-0.05436
1179.713	5.66405	-2.99946	2.70867	-0.06908
1183.710	5.55947	-3.01413	2.73546	-0.06910
1187.735	5.50151	-2.99356	2.83739	-0.08679
1191.709	5.50483	-2.99571	2.84313	-0.02420
1195.737	5.45295	-3.01060	2.83799	0.43003
1199.712	5.26197	-3.06765	2.81585	0.33910
1203.719	5.21804	-3.11820	2.83870	0.27893
1207.727	5.14234	-3.09461	2.80144	0.08399
1211.711	5.08372	-3.10060	2.80892	0.11735
1215.714	5.06139	-3.11966	2.77082	0.12077
1219.713	4.96812	-3.10628	2.74734	0.14840
1223.709	4.95132	-3.07269	2.77220	0.10911
1227.734	4.90971	-3.06686	2.76624	0.07267
1231.714	4.92898	-3.05722	2.76143	0.05287
1235.722	4.88106	-3.07427	2.79367	0.05185
1239.716	4.86946	-3.04445	2.82150	-0.02095
1243.730	4.87998	-2.97883	2.86240	-0.03604
1247.719	4.90351	-2.94736	2.91886	-0.08882
1251.710	4.93344	-2.94851	2.95438	-0.10505
1255.712	4.93263	-2.91891	2.97131	-0.12088
1259.708	4.96056	-2.91899	3.01816	-0.09417
1263.706	4.98280	-2.89923	3.05598	-0.12930
1267.719	5.00327	-2.91018	3.10356	-0.10950
1271.710	5.00955	-2.89556	3.15887	-0.11351
1275.710	5.00563	-2.92138	3.17638	-0.10867
1279.734	5.00718	-2.93004	3.22495	-0.11390
1283.715	5.01386	-2.94564	3.23806	-0.09619
1287.714	5.01748	-2.94908	3.26750	-0.11521
1291.716	5.02016	-2.96072	3.28387	-0.14366
1295.722	4.99940	-2.95605	3.28058	-0.05341
1299.714	4.97095	-2.94341	3.29545	-0.03384
1303.710	4.96778	-2.94589	3.28224	0.16602
1307.735	4.96329	-2.97695	3.25449	0.18775
1311.792	4.92982	-2.99947	3.23546	0.17751
1315.725	4.94711	-3.05321	3.21010	0.26857
1319.704	4.96541	-3.07290	3.18492	0.23677
1323.714	4.98987	-3.12903	3.17401	0.16953
1327.707	5.02868	-3.21418	3.17673	0.04617
1331.707	5.09798	-3.28578	3.18264	0.14685
1335.711	5.25611	-3.36070	3.19667	0.23093
1339.707	5.21159	-3.08125	3.21990	0.16824
1343.702	5.32309	-2.67153	3.26401	-0.02327
1347.716	5.32351	-2.52114	3.28489	0.07177
1351.709	5.37104	-3.04740	3.32634	-0.07318
1355.709	5.43819	-3.16982	3.40259	0.04969
1359.702	5.47832	-3.18625	3.47159	-0.01791
1363.708	5.51900	-3.34880	3.34010	-0.10335
1367.707	5.58147	-3.15071	3.40267	-0.08163
1371.701	5.55701	-2.55104	3.14281	-0.03176
1375.708	5.64095	-2.46525	2.98240	-0.02829
1379.809	5.75278	-2.70391	3.02056	-0.12909
1383.719	5.91489	-2.84161	2.78570	0.00958
1387.709	5.71532	-3.02893	3.18272	0.09411
1391.709	5.88022	-3.23694	2.88982	0.14270
1395.710	5.78988	-2.96897	2.88250	0.08331
1399.711	5.78106	-2.72546	2.95708	-0.01598
1403.709	5.39347	-2.83366	2.89916	-0.10384
1407.710	5.61161	-2.79196	2.98680	0.34304
1411.706	5.38346	-2.81663	2.89913	0.27408
1415.710	5.43907	-3.03670	3.04895	0.24918
1419.710	5.65823	-3.10875	3.13006	0.11734
1423.707	5.62711	-2.44164	3.27705	-0.05607
1427.700	5.52182	-2.36835	3.28249	-0.00742
1431.711	5.47449	-2.52873	3.20516	0.15519
1435.743	5.50921	-2.80763	3.33426	0.11525
1439.709	5.46241	-2.96931	3.41909	0.16979
1443.709	5.51467	-2.95136	3.32182	0.19504
1447.714	5.45499	-2.50469	3.19947	0.03568
1451.713	5.96296	-2.45736	3.30537	-0.11064
1455.710	6.20310	-2.52515	3.35362	0.14819
1459.711	5.95965	-2.93188	3.22965	0.01387
1463.709	5.90303	-3.26871	2.98418	0.29297
1467.751	5.95859	-2.68131	3.10136	0.25751
1471.711	5.40250	-2.54012	2.93294	0.23576
1475.706	5.29007	-2.83145	3.10361	0.15146
1479.721	5.35510	-2.81229	3.16604	0.04491
1483.710	5.58936	-2.97442	3.06934	0.05514
1487.716	5.91126	-3.16695	3.07820	0.13069
1491.709	5.79064	-2.24984	3.06088	0.22801
1495.717	5.75087	-2.44151	3.20028	0.23756
1499.710	5.85617	-2.60184	3.27274	0.11387
1503.708	5.90448	-2.60758	3.39624	0.12348
1507.713	6.10809	-2.53480	3.01197	0.10921
1511.711	5.68836	-2.59844	3.06907	0.09714
1515.738	5.88965	-2.61517	2.79662	0.12767
1519.717	5.76013	-2.87113	2.88809	0.13372
1523.710	5.63206	-2.89930	2.93181	0.11942
1527.710	5.48836	-2.89389	2.80850	0.14350
1531.707	5.64312	-2.65907	2.89641	0.14637
1535.708	5.71549	-2.92043	3.20266	0.08396
1539.704	5.58911	-2.98140	3.32748	0.01198
1543.713	5.53444	-3.12186	3.19979	0.05292
1547.703	5.76156	-3.16383	2.87175	0.03909
1551.719	5.93983	-3.07243	2.92572	0.12619
1555.711	5.48253	-3.23108	2.91757	0.24003
1559.713	5.33822	-3.24315	2.88633	0.18638
1563.708	5.37143	-3.23705	3.09037	0.22337
1567.710	5.60192	-3.14000	2.99190	0.20664
1571.709	5.68922	-3.04345	3.15607	0.22305
1575.706	5.89750	-3.05490	3.16928	0.34375
1579.711	6.20192	-2.97432	3.01678	0.27539
1583.712	5.93839	-2.92297	3.05999	0.38334
1587.704	5.27779	-2.85414	2.97685	0.32610
1591.711	5.54961	-2.65762	2.92579	0.34423
1595.708	5.68634	-2.57917	3.05848	0.40863
1599.703	5.69131	-2.96778	3.03400	0.34241
1603.711	5.76770	-3.06472	3.06917	0.26312
1607.710	5.80892	-2.83574	3.04734	0.36943
1611.713	6.00202	-2.80162	2.81001	0.25730
1615.711	6.13132	-2.65129	2.94025	0.26184
1619.708	5.89426	-2.64766	2.89740	0.26951
1623.705	5.63419	-2.59954	2.98438	0.48550
1627.710	5.70706	-2.81144	3.08931	-0.11786
1631.709	5.81381	-3.33810	3.10888	0.07737
1635.715	5.73888	-3.23501	3.16911	0.11753
1639.710	5.59939	-3.06515	3.27472	0.23595
1643.712	5.53227	-3.04653	3.20622	0.35739
1647.704	5.38681	-2.75869	3.20892	0.28517
1651.714	5.50601	-2.72043	3.26497	0.10631
1655.712	5.51870	-3.24597	3.53891	0.10161
1659.707	5.39379	-3.40827	3.45250	0.13446
1663.708	5.25355	-3.13942	3.48039	0.24796
1667.703	5.31391	-2.99607	3.40999	0.15461
1671.711	5.28202	-2.75059	3.43541	0.15168
1675.709	5.33989	-2.91915	3.39577	0.15273
1679.703	5.30097	-3.19653	3.53580	0.29130
1683.711	5.30075	-3.01752	3.38766	0.22943
1687.713	5.20501	-2.56736	3.50934	0.16573
1691.702	5.40284	-3.49079	3.56638	0.16193
1695.736	5.49283	-3.04257	3.49198	0.26013
1699.705	5.65142	-3.07257	3.50202	0.18208
1703.707	5.66209	-3.19046	3.51876	0.10712
1707.700	5.82444	-3.15078	3.46303	0.14309
1711.709	5.95911	-3.13770	3.48415	0.07751
1715.705	6.05771	-3.44123	3.46943	0.10896
1719.709	6.18171	-3.29535	3.49745	0.08108
1723.702	6.15556	-3.20316	3.46392	0.06747
1727.712	6.16893	-3.45979	3.49812	0.17469
1731.705	6.26848	-3.24746	3.46298	-0.07037
1735.711	6.25338	-3.19324	3.48758	0.02265
1739.705	6.30482	-3.65287	3.49151	0.06761
1743.699	6.34902	-3.31647	3.39399	-0.00655
1747.709	6.27729	-3.34913	3.29698	-0.02245
1751.706	6.35449	-3.40893	2.65394	-0.09713
1755.701	6.24139	-3.25585	3.33277	0.14408
1759.708	6.23567	-3.34098	3.00628	0.06452
1763.707	6.27594	-3.68727	2.79213	-0.01472
1767.709	6.28018	-3.42743	2.95955	0.02412
1771.704	6.20526	-3.33669	2.94767	0.16582
1775.707	6.12178	-3.58218	2.70225	-0.08889
1779.709	6.30428	-3.53390	2.76168	-0.02720
1783.707	6.27454	-3.44113	2.78188	0.13844
1787.704	5.70831	-3.34820	2.86287	-0.11652
1791.707	6.10735	-3.50019	2.71837	0.04676
1795.708	6.14347	-3.98341	2.78498	-0.16011
1799.584	6.12740	-3.79183	2.88547	-0.14451
1803.583	5.91951	-3.64087	3.04741	0.04933
1807.578	6.05336	-3.56176	3.06612	0.05213
1811.580	5.97727	-3.55734	3.07488	0.06116
1815.588	5.88213	-3.53761	3.10752	0.13376
1819.580	5.88938	-3.56635	3.11915	0.17887
1823.579	5.79101	-3.64025	3.18165	0.27230
1827.573	5.61443	-3.61332	3.18227	0.25925
1831.582	5.89502	-3.61481	3.23319	0.20044
1835.579	5.91162	-3.68275	3.26898	0.19162
1839.584	5.84645	-3.70834	3.27108	0.10186
1843.579	5.88299	-4.10723	3.29082	-0.05862
1847.579	5.81764	-3.63462	3.25367	-0.40671
1851.577	5.71197	-3.77820	3.27200	-0.44972
1855.581	5.75578	-4.12420	3.34831	-0.89741
1859.591	5.93217	-4.61330	3.35902	-0.89375
1863.582	6.09275	-4.30293	3.38850	-0.81119
1867.584	6.85060	-3.83568	3.58101	-0.67274
1871.577	6.98675	-4.01476	4.04843	-0.65019
1875.578	7.49995	-4.19274	5.27331	-0.57446
1879.576	9.56031	-4.34345	7.05440	-0.74901
1883.581	10.26672	-3.86737	7.64535	-0.82162
1887.580	10.40288	-3.60381	7.45223	-0.70063
1891.581	10.41186	-4.00179	7.08290	-0.69137
1895.575	8.36817	-4.33527	6.01672	-0.68939
1899.587	8.37390	-3.75362	5.93146	-0.77819
1903.606	8.18823	-3.83657	6.86625	-0.67807
1907.580	8.77519	-4.10410	6.43971	-0.57899
1911.573	9.88538	-3.47313	6.78192	-0.68525
1915.580	9.93814	-3.58681	6.91745	-0.71709
1919.578	9.45715	-3.97766	6.94734	-0.66318
1923.580	9.95119	-3.49550	6.87435	-0.75547
1927.579	10.16490	-3.39786	6.86758	-0.74647
1931.595	9.86363	-3.70610	6.84612	-0.75756
1935.578	9.53383	-4.09748	6.80734	-0.77294
1939.568	9.72276	-3.52144	6.95888	-0.76256
1943.576	9.72289	-3.72320	6.91258	-0.59419
1947.568	9.77209	-3.93458	6.72959	-0.77457
1951.572	9.78561	-3.59098	6.92924	-0.79287
1955.566	9.60019	-3.60621	6.75504	-0.64129
1959.578	9.49465	-3.61397	6.82222	-0.77136
1963.571	9.47208	-3.74833	6.73302	-0.77422
1967.575	9.57228	-3.88880	6.88507	-0.85813
1971.567	9.54558	-3.25579	6.54350	-0.71227
1975.575	9.55864	-3.24512	6.47287	-0.85061
1979.570	9.59848	-3.30918	6.63516	-0.75816
1983.586	9.67461	-3.42261	6.79755	-0.71895
1987.601	9.67357	-3.50302	6.88927	-0.61655
1991.592	9.72448	-3.45661	6.93738	-0.56918
1995.569	9.62538	-3.58747	6.98316	-0.60118
1999.576	9.80901	-3.54270	6.97216	-0.57444
2003.571	9.71710	-3.64902	7.03404	-0.57915
2007.567	9.80592	-3.66563	6.94775	-0.34997
2011.573	9.87779	-3.71320	6.84201	-0.42250
2015.570	9.86064	-3.82711	6.89840	-0.39922
2019.571	9.80691	-3.74367	6.88922	-0.38363
2023.572	9.84611	-3.77400	6.96250	-0.31066
2027.574	9.67895	-3.78013	6.82317	-0.34135
2031.569	9.45348	-3.78373	6.88057	-0.44008
2035.577	9.42668	-3.75058	6.92019	-0.61071
2039.570	9.46307	-3.61332	6.85390	-0.66859
2043.565	9.52210	-3.29151	6.89040	-0.73517
2047.571	9.60803	-2.81660	6.89116	-0.75085
2051.579	9.59723	-3.51086	6.78791	-0.78017
2055.583	9.55449	-3.71749	6.87440	-0.59316
2059.582	9.51592	-3.51138	6.85326	-0.94205
2063.566	9.60939	-3.18333	6.88230	-0.89479
2067.571	9.69598	-3.05505	6.89108	-0.66659
2071.570	9.61038	-2.91511	6.85483	-0.77590
2075.566	9.73183	-3.85980	6.86234	-0.91650
2079.601	9.73470	-3.28427	6.89412	-0.92848
2083.579	9.63312	-3.33871	6.83482	-0.79041
2087.579	9.64371	-3.00555	6.84446	-0.81412
2091.571	9.66494	-3.52502	6.86112	-0.68546
2095.587	9.62555	-3.57512	6.88238	-0.82955
2099.571	9.57232	-3.34538	6.88575	-0.86193
2103.571	9.60094	-3.05103	6.84752	-0.70903
2107.569	9.61978	-2.99313	6.80575	-0.70313
2111.596	9.57546	-3.69552	6.78064	-0.76442
2115.571	9.59078	-3.53734	6.87682	-0.80477
2119.568	9.62152	-3.05905	6.90867	-0.70820
2123.572	9.58313	-2.89682	6.84526	-0.87801
2127.585	9.62755	-3.37585	6.84399	-0.75423
2131.570	9.64231	-3.47259	6.84700	-0.62351
2135.573	9.67700	-3.48599	6.84458	-0.75810
2139.568	9.78153	-3.15667	6.81657	-0.91499
2143.567	9.82144	-3.05923	6.78439	-1.03906
2147.570	9.84987	-2.82624	6.84167	-0.93778
2151.570	9.86449	-2.64204	6.91877	-0.91168
2155.569	9.89504	-3.41420	6.92286	-0.80605
2159.564	9.88497	-3.55713	6.92550	-0.90617
2163.569	9.87531	-3.49497	6.88213	-0.91171
2167.567	9.89191	-3.52645	6.87447	-0.80396
2171.570	9.76348	-3.57768	6.81975	-0.77990
2175.572	8.54484	-3.98601	6.41920	-0.83860
2179.567	6.46573	-4.33043	4.31588	-1.23040
2183.567	5.59828	-4.48398	3.80345	-1.68742
2187.574	3.76962	-4.66804	2.37077	-2.29314
2191.600	3.77135	-5.06977	0.69754	-2.81943
2195.583	3.18165	-5.43928	0.71546	-3.05624
2199.625	3.21258	-5.58658	0.66444	-3.32671
2203.595	3.40148	-5.78455	0.80858	-3.24998
2207.569	3.47458	-5.93747	0.79565	-3.12072
2211.576	3.48425	-6.13268	0.81888	-3.27048
2215.579	3.33109	-6.31590	0.79873	-3.39513
2219.566	3.18883	-6.32443	0.70764	-3.51250
2223.562	3.26841	-5.98063	0.66235	-3.33620
2227.571	3.28889	-5.91337	0.57153	-3.41470
2231.571	3.31623	-5.87992	0.58883	-3.50595
2235.580	3.32637	-5.93187	0.58029	-3.63949
2239.571	3.41936	-6.02305	0.63052	-3.60458
2243.562	3.29270	-6.21162	0.54999	-3.73346
2247.568	3.30151	-6.36885	0.40410	-3.57956
2251.570	3.26668	-6.51796	0.36156	-3.62747
2255.564	3.28199	-6.01461	0.24577	-3.72333
2259.570	3.23415	-6.05192	0.22065	-3.74573
2263.569	3.20461	-5.67604	0.19591	-3.78169
2267.569	3.16963	-5.72753	0.15799	-3.85742
2271.562	3.06051	-5.72736	0.29801	-3.75133
2275.570	2.95436	-5.79009	0.38933	-3.75812
2279.571	2.77842	-5.71866	0.26552	-3.52142
2283.566	2.84264	-5.83359	0.21204	-3.49883
2287.568	2.81766	-5.86572	0.11424	-3.49068
2291.567	2.72518	-5.94118	0.14667	-3.45918
2295.567	2.64720	-5.91344	0.10925	-3.52093
2299.567	2.73675	-6.15962	0.17194	-3.49423
2303.573	2.71052	-6.26349	0.19772	-3.45303
2307.593	2.73333	-6.49989	0.24746	-3.39409
2311.565	2.70012	-6.47034	0.23934	-3.37852
2315.571	2.67142	-6.62998	0.45113	-3.36074
2319.566	2.78542	-5.88143	0.47962	-3.34871
2323.565	2.87814	-5.56623	0.36032	-3.34899
2327.569	3.00388	-5.32360	0.29441	-3.48593
2331.587	3.09713	-5.15809	0.35050	-3.56157
2335.568	3.03885	-5.21126	0.38214	-3.65276
2339.572	3.11022	-5.27985	0.39946	-3.55546
2343.563	3.02668	-5.23467	0.38194	-3.69349
2347.569	3.01925	-5.33280	0.19546	-3.69766
2351.564	3.07968	-5.52441	0.26716	-3.61100
2355.568	3.13553	-5.42111	0.28729	-3.60574
2359.563	3.21372	-5.52118	0.27930	-3.59877
2363.560	3.12601	-5.63325	0.28565	-3.58174
2367.595	3.07102	-5.86749	0.22470	-3.56975
2371.571	3.01175	-5.89065	0.23150	-3.43133
2375.567	2.99505	-5.91229	0.29711	-3.33655
2379.573	2.97032	-5.97365	0.30148	-3.42743
2383.571	2.94683	-6.08324	0.20698	-3.42696
2387.573	2.85754	-6.35677	0.16206	-3.32304
2391.565	2.84564	-6.48592	0.21872	-3.29719
2395.572	2.84742	-6.51387	0.17199	-3.34691
2399.625	2.74209	-6.53336	0.11553	-3.37953
2403.582	2.72377	-6.62289	0.12416	-3.40456
2407.566	2.73660	-6.64339	0.05296	-3.37079
2411.563	2.72996	-6.61975	0.09463	-3.36175
2415.566	2.73177	-6.53315	0.08674	-3.37087
2419.584	2.85408	-6.52003	0.10031	-3.37703
2423.575	2.80016	-6.49215	0.14255	-3.33465
2427.572	2.83036	-6.41626	0.19358	-3.24036
2431.566	2.90334	-6.29881	0.32543	-3.35219
2435.582	3.02205	-6.14970	0.39306	-3.38364
2439.569	3.03509	-6.13964	0.43276	-3.37251
2443.564	3.09577	-6.05208	0.44686	-3.38993
2447.567	3.16238	-5.97443	0.41303	-3.46059
2451.563	3.21503	-5.84147	0.44192	-3.48048
2455.564	3.27578	-5.78440	0.46438	-3.53486
2459.562	3.29641	-5.71724	0.50319	-3.59597
2463.565	3.28466	-5.66412	0.48681	-3.65946
2467.590	3.33809	-5.61527	0.43562	-3.70871
2471.591	3.34014	-5.62819	0.43408	-3.75050
2475.583	3.35627	-5.56755	0.41827	-3.77797
2479.572	3.35142	-5.58702	0.38067	-3.81844
2483.565	3.35887	-5.56624	0.34017	-3.83669
2487.583	3.41563	-5.55913	0.35615	-3.86948
2491.564	3.47230	-5.55558	0.38534	-3.88038
2495.569	3.50768	-5.59849	0.37425	-3.85426
2499.563	3.51122	-5.63227	0.38283	-3.83187
2503.563	3.47000	-5.64784	0.35002	-3.75549
2507.566	3.36532	-5.72239	0.30506	-3.73395
2511.563	1.72039	-6.12014	-0.27011	-3.86365
2515.564	0.38794	-8.03610	-0.89441	-4.15468
2519.574	0.13719	-7.22390	-1.61999	-5.26474
2523.571	-0.10158	-7.61884	-2.47524	-5.94662
2527.562	-0.00271	-7.29405	-2.43865	-6.15107
2531.565	0.17256	-7.21880	-2.44997	-6.27841
2535.596	0.29046	-7.36228	-2.33846	-6.26437
2539.567	0.29741	-7.36914	-2.36849	-6.22032
2543.561	0.29910	-7.30901	-2.37411	-6.22770
2547.595	0.23415	-7.33034	-2.46456	-6.22947
2551.570	0.17146	-7.38785	-2.47583	-6.16614
2555.570	0.11920	-7.41612	-2.51556	-6.09324
2559.565	0.09453	-7.37898	-2.56401	-6.14762
2563.561	0.07418	-7.36781	-2.60609	-6.13065
2567.562	-0.01345	-7.35078	-2.65040	-6.14774
2571.555	0.01874	-7.33883	-2.68306	-6.10669
2575.571	-0.04805	-7.36364	-2.69272	-6.07869
2579.561	-0.13344	-7.45386	-2.68229	-6.07521
2583.561	-0.21584	-7.46671	-2.70899	-6.09508
2587.557	-0.30605	-7.51787	-2.74160	-6.12473
2591.564	-0.39353	-7.61645	-2.64879	-6.08764
2595.559	-0.46165	-7.68243	-2.70859	-6.21070
2599.556	-0.47103	-7.72200	-2.76341	-6.32200
2603.839	-0.36432	-7.82971	-2.68403	-6.30763
2607.605	-0.42745	-8.00999	-2.67462	-6.31891
2611.571	-0.33176	-8.18098	-2.64891	-6.33230
2615.577	-0.27567	-8.20931	-2.62999	-6.34790
2619.558	-0.35377	-8.23936	-2.59472	-6.37546
2623.562	-0.32397	-8.24722	-2.58462	-6.37659
2627.563	-0.27614	-8.34303	-2.52300	-6.27821
2631.557	-0.26019	-8.29401	-2.54145	-6.26355
2635.563	-0.24445	-8.25996	-2.56711	-6.22177
2639.555	-0.22708	-8.24836	-2.56381	-6.15807
2643.574	-0.32037	-8.45702	-2.57385	-6.08808
2647.565	-0.38705	-8.58212	-2.57726	-6.03720
2651.560	-0.46574	-8.46055	-2.59292	-6.00376
2655.429	-0.51096	-8.41532	-2.63002	-5.94139
2659.439	-0.63357	-8.40228	-2.67501	-5.93160
2663.434	-0.52949	-8.36155	-2.67140	-5.89397
2667.435	-0.41489	-8.33052	-2.71332	-5.85356
2671.515	-0.19665	-8.29493	-2.79290	-5.86653
2675.477	-0.09255	-8.27119	-2.80929	-5.84064
2679.438	-0.02874	-8.28777	-2.92176	-5.84392
2683.430	0.00668	-8.25042	-3.03771	-5.84380
2687.445	0.15161	-8.24810	-3.14889	-5.85498
2691.435	0.29841	-8.17767	-3.17450	-5.85980
2695.437	0.31173	-8.17055	-3.19524	-5.86967
2699.441	0.44249	-8.12960	-3.18081	-5.88272
2703.460	0.48979	-8.12521	-3.28795	-5.89636
2707.434	0.49344	-8.15033	-3.29889	-5.92312
2711.439	0.47547	-8.14373	-3.36545	-5.94499
2715.436	0.35883	-8.16270	-3.38301	-5.97305
2719.433	0.30853	-8.18446	-3.37544	-6.01144
2723.432	0.31007	-8.21742	-3.32718	-5.99255
2727.438	0.11270	-8.24395	-3.28120	-5.96615
2731.436	-0.03760	-8.27740	-3.19907	-5.94290
2735.431	-0.09081	-8.29331	-3.14211	-5.94752
2739.439	-0.17551	-8.35649	-3.08085	-5.93620
2743.446	-0.59181	-8.38264	-3.00408	-5.98348
2747.434	-2.14691	-7.80335	-3.28437	-5.80252
2751.429	-3.70089	-6.60646	-5.82464	-5.53480
2755.436	-5.73082	-4.08805	-5.77082	-2.79837
2759.461	-7.76754	-1.88805	-9.03416	-1.57763
2763.442	-7.88719	-2.19143	-8.63437	-1.32901
2767.434	-8.43253	-2.56955	-9.66004	-1.60104
2771.442	-9.50663	-1.98481	-10.72680	-1.44843
2775.448	-9.57780	-1.93273	-11.13583	-1.39636
2779.437	-9.51609	-1.95883	-11.10187	-1.36637
2783.427	-9.50868	-2.01682	-10.45524	-1.39762
2787.440	-9.68561	-1.98364	-9.77327	-1.45225
2791.431	-9.77247	-1.96862	-10.06872	-1.35088
2795.433	-9.97144	-1.85522	-10.10408	-1.29797
2799.428	-10.19051	-1.73131	-10.43601	-1.29243
2803.432	-10.06518	-1.62638	-10.88774	-1.22413
2807.508	-10.20228	-1.58893	-10.72386	-1.20691
2811.451	-10.21752	-1.52767	-10.53456	-1.13098
2815.433	-10.25961	-1.50684	-10.96964	-1.11106
2819.437	-10.23644	-1.52318	-10.70895	-1.09096
2823.426	-10.21048	-1.48469	-10.52312	-1.04249
2827.433	-10.22671	-1.42574	-10.54080	-1.01561
2831.436	-10.14687	-1.36916	-10.86143	-0.96819
2835.437	-10.14427	-1.33001	-10.79102	-0.99218
2839.433	-10.11781	-1.27303	-10.73140	-0.99260
2843.430	-10.00798	-1.25181	-10.72026	-1.00525
2847.439	-9.95625	-1.25201	-10.65331	-1.01241
2851.435	-10.29502	-1.21579	-10.59097	-1.00964
2855.431	-10.45185	-1.18504	-10.53204	-1.00893
2859.433	-10.48727	-1.16439	-10.51045	-0.99515
2863.438	-10.51240	-1.12166	-10.38519	-0.99633
2867.432	-10.51813	-1.08043	-10.32200	-0.94885
2871.430	-10.78716	-1.04393	-10.23228	-0.95951
2875.457	-11.21441	-1.00102	-10.15516	-1.01703
2879.430	-10.98717	-0.97868	-10.26859	-0.97702
2883.437	-11.28966	-0.95169	-10.27984	-0.93717
2887.431	-11.49505	-0.92610	-10.28347	-0.88040
2891.433	-11.55997	-0.86793	-10.20659	-0.89274
2895.428	-11.41843	-0.83827	-10.30507	-0.85851
2899.433	-11.61785	-0.80463	-10.26465	-0.83378
2903.437	-11.76409	-0.74727	-10.21382	-0.84458
2907.432	-11.71032	-0.73121	-10.26242	-0.81641
2911.455	-11.84228	-0.66090	-10.18166	-0.82337
2915.433	-11.84670	-0.65578	-10.26682	-0.80950
2919.430	-11.84648	-0.62556	-10.26091	-0.78326
2923.430	-11.88062	-0.59416	-10.19488	-0.75802
2927.434	-11.91120	-0.54598	-10.17707	-0.77518
2931.427	-11.90379	-0.49749	-10.11257	-0.80522
2935.434	-11.86933	-0.50723	-10.07952	-0.77336
2939.432	-11.90516	-0.49764	-10.10114	-0.81531
2943.453	-11.86859	-0.49070	-10.19435	-0.84348
2947.426	-11.86536	-0.50975	-10.28647	-0.93150
2951.434	-11.88371	-0.50453	-10.32678	-0.94707
2955.428	-11.85728	-0.55013	-10.48732	-0.95098
2959.429	-11.81325	-0.56899	-10.48351	-0.99963
2963.456	-11.76561	-0.63333	-10.55598	-1.04902
2967.439	-11.76599	-0.64109	-10.60109	-1.12719
2971.435	-11.56483	-0.74629	-10.51931	-1.08436
2975.436	-9.57838	-0.90616	-10.50251	-1.08567
2979.441	-7.75356	-1.11120	-9.45472	-1.03697
2983.435	-7.28884	-1.18791	-8.22321	-0.97241
2987.429	-7.30129	-1.17826	-8.27088	-0.97458
2991.428	-7.52625	-1.21834	-8.64165	-0.87545
2995.432	-8.06531	-1.23655	-8.84462	-0.92181
2999.439	-8.52484	-1.29076	-8.73858	-0.91196
3003.424	-8.35048	-1.36879	-8.71625	-0.85183
3007.431	-8.55566	-1.35819	-8.59352	-0.79936
3011.460	-8.80110	-1.42200	-8.56187	-0.71954
3015.431	-8.23970	-1.46580	-8.57452	-0.72681
3019.431	-8.30050	-1.44692	-8.51872	-0.68256
3023.423	-8.47536	-1.41908	-8.55746	-0.73266
3027.436	-8.49219	-1.39865	-8.64796	-0.76928
3031.428	-8.56396	-1.38371	-8.63706	-0.80834
3035.433	-8.50105	-1.40982	-8.60909	-0.81245
3039.431	-8.30067	-1.41355	-8.57136	-0.82982
3043.427	-8.45912	-1.42813	-8.52144	-0.83350
3047.430	-8.45635	-1.40095	-8.48682	-0.78890
3051.428	-8.17177	-1.40157	-8.59080	-0.83241
3055.425	-8.15402	-1.34622	-8.57998	-0.82393
3059.431	-7.89793	-1.32291	-8.62457	-0.86530
3063.428	-8.47490	-1.30188	-8.62554	-0.87102
3067.428	-8.86803	-1.30806	-8.59956	-0.89402
3071.432	-9.08254	-1.30532	-8.77468	-0.88123
3075.428	-9.23231	-1.27957	-8.80655	-0.87016
3079.432	-9.39583	-1.24209	-8.90340	-0.84649
3083.431	-9.52509	-1.18646	-9.10064	-0.83094
3087.421	-9.19406	-1.19532	-9.10453	-0.88298
3091.430	-9.49113	-1.16081	-9.16407	-0.94185
3095.428	-9.58548	-1.10496	-9.20613	-0.94838
3099.456	-9.52770	-1.07695	-9.30967	-0.95668
3103.433	-9.54498	-1.04277	-9.38793	-0.99982
3107.438	-9.51396	-1.03836	-9.42414	-1.03055
3111.437	-9.48183	-1.01229	-9.43641	-1.00863
3115.441	-9.41991	-1.00965	-9.44523	-0.98628
3119.434	-9.35633	-1.01741	-9.47642	-0.97362
3123.427	-9.31431	-1.02987	-9.47821	-0.97119
3127.422	-9.31112	-1.04439	-9.41752	-1.01385
3131.429	-9.29510	-1.00060	-9.42438	-0.91987
3135.427	-9.20661	-1.01459	-9.32328	-0.90386
3139.433	-9.15657	-1.04666	-9.36073	-1.12836
3143.425	-9.09923	-1.08563	-9.29038	-1.24713
3147.435	-9.05219	-1.12556	-9.24133	-1.33609
3151.428	-9.07946	-1.12214	-9.21118	-1.35905
3155.420	-9.06886	-1.10940	-9.13891	-1.46562
3159.430	-9.04311	-1.08158	-9.08631	-1.53015
3163.424	-9.07426	-1.02203	-9.08065	-1.55744
3167.426	-9.05054	-1.00159	-9.09609	-1.41979
3171.419	-9.06850	-0.90498	-9.12152	-1.59281
3175.430	-9.04398	-0.90320	-9.05555	-1.64582
3179.477	-9.05722	-0.85273	-9.05969	-1.66297
3183.422	-8.99702	-0.87962	-9.05495	-1.64595
3187.427	-8.99264	-0.81237	-9.02501	-1.62510
3191.435	-8.89741	-0.82547	-9.04088	-1.58645
3195.424	-8.81246	-0.84375	-9.06349	-1.54192
3199.429	-8.69486	-0.86413	-9.01610	-1.49043
3203.425	-8.59521	-0.91739	-9.02951	-1.45282
3207.426	-8.68514	-1.10037	-8.95956	-1.37958
3211.421	-8.53540	-1.23688	-9.00661	-1.32372
3215.430	-8.52200	-1.46888	-8.94624	-1.28454
3219.422	-8.53882	-1.51157	-8.92885	-1.19220
3223.430	-8.50149	-1.58080	-8.96235	-1.11561
3227.425	-8.48911	-1.61602	-8.95150	-1.07712
3231.426	-8.48386	-1.68733	-8.95494	-1.01972
3235.432	-8.50627	-1.74142	-8.99595	-0.93387
3239.460	-8.53042	-1.71482	-8.98143	-0.84471
3243.433	-8.55552	-1.73916	-9.08951	-0.77204
3247.425	-8.58483	-1.75429	-9.13313	-0.69620
3251.425	-8.57568	-1.73349	-9.15565	-0.61518
3255.420	-8.57214	-1.77190	-9.08529	-0.64626
3259.426	-8.56292	-1.71097	-9.13707	-0.58791
3263.424	-8.51743	-1.69671	-9.18310	-0.54724
3267.420	-8.47791	-1.66211	-9.18685	-0.54137
3271.426	-8.46927	-1.67438	-9.19041	-0.49537
3275.424	-8.40898	-1.68834	-9.20274	-0.47507
3279.426	-8.35252	-1.70414	-9.12805	-0.47844
3283.426	-8.30911	-1.72880	-9.14077	-0.52211
3287.428	-8.02660	-1.73626	-8.83306	-0.52064
3291.427	-7.45162	-1.71859	-6.99301	-0.54383
3295.425	-4.03169	-1.80687	-6.15573	-0.36688
3299.426	-1.88440	-1.79858	-2.83410	-0.27338
3303.454	-0.49503	-1.93742	-2.04803	-0.25705
3307.430	0.36206	-2.18130	-1.15776	-0.32093
3311.434	1.72537	-2.10645	0.20380	-0.41008
3315.467	2.31106	-2.30628	0.73082	-0.45849
3319.432	2.22973	-2.18384	-0.33901	-0.63123
3323.430	1.70070	-2.04260	-0.53592	-0.75705
3327.423	0.91877	-2.01773	-0.61612	-0.70152
3331.426	1.38982	-2.18100	-0.20986	-0.54810
3335.425	1.55970	-2.33592	0.00132	-0.57713
3339.423	1.84089	-2.51842	0.35117	-0.49900
3343.417	1.68999	-2.63104	0.39134	-0.46185
3347.428	1.78518	-2.70778	0.50500	-0.47678
3351.424	1.78248	-2.65597	0.50029	-0.36268
3355.433	1.81552	-2.60992	0.65955	-0.26510
3359.428	1.71813	-2.55528	0.30848	-0.21248
3363.429	1.67325	-2.54354	0.12908	-0.14770
3367.422	1.68972	-2.54074	0.05579	-0.05119
3371.416	1.69644	-2.44771	-0.01457	0.10260
3375.426	1.68945	-2.42563	0.15397	0.05931
3379.422	1.68404	-2.28206	0.09622	0.02438
3383.423	1.68312	-2.27155	0.05155	0.01421
3387.453	1.64667	-2.20128	0.00419	0.04202
3391.432	1.64694	-2.13979	-0.04073	0.04532
3395.429	1.63055	-2.00149	0.02164	-0.09132
3399.424	1.60600	-1.91986	-0.07326	-0.28795
3403.441	1.55824	-1.78904	-0.09508	-0.36560
3407.424	1.59807	-1.75573	-0.06155	-0.42571
3411.423	1.61652	-1.78053	-0.04346	-0.47436
3415.417	1.67501	-1.78104	-0.02566	-0.48042
3419.424	1.68047	-1.65857	-0.03544	-0.53044
3423.434	1.72203	-1.64288	-0.02306	-0.51948
3427.423	1.75200	-1.64873	-0.00012	-0.57323
3431.425	1.78374	-1.59502	0.04509	-0.63117
3435.421	1.79120	-1.52528	0.10476	-0.62660
3439.418	1.80605	-1.49640	0.12439	-0.63077
3443.430	1.87577	-1.52156	0.10892	-0.56639
3447.421	1.89652	-1.52879	0.12071	-0.38953
3451.422	1.94062	-1.54967	0.12707	-0.37651
3455.415	2.02237	-1.52659	0.17362	-0.33518
3459.435	2.07601	-1.51160	0.21279	-0.40220
3463.421	2.16644	-1.57977	0.25728	-0.39902
3467.423	2.28816	-1.60095	0.27458	-0.41974
3471.425	2.32268	-1.59498	0.26728	-0.27709
3475.422	2.52391	-1.64260	0.30918	-0.21119
3479.423	2.56916	-1.70881	0.27143	-0.17123
3483.417	2.64478	-1.72004	0.28364	-0.12857
3487.435	2.57397	-1.76275	0.38092	-0.10533
3491.439	2.58829	-1.82252	0.31451	-0.06212
3495.427	2.52302	-1.88468	0.22820	-0.29289
3499.421	2.43387	-1.93877	0.35097	-0.23773
3503.425	4.32007	-1.92593	1.46804	-0.20114
3507.445	5.64872	-1.93047	3.61760	-0.24611
3511.304	8.47553	-1.97991	6.82777	-0.40757
3515.303	10.40399	-2.08633	8.09866	-0.39157
3519.304	10.73243	-2.31721	10.03772	-0.96349
3523.330	12.31286	-2.71564	10.72163	-3.35221
3527.300	13.25333	-3.77619	11.99529	-3.40716
3531.299	14.15778	-4.37542	12.66934	-4.74406
3535.299	15.03471	-4.11287	14.89360	-4.81344
3539.294	16.45930	-2.94889	15.40978	-4.68433
3543.293	17.16779	-2.56010	15.60829	-4.88421
3547.342	17.38003	-2.37151	16.00225	-4.76412
3551.318	17.08141	-2.72192	15.92352	-4.66082
3555.320	16.56807	-3.06163	15.74424	-4.51594
3559.372	16.74044	-2.80163	15.89444	-4.63931
3563.316	16.81383	-2.84632	16.11964	-4.65519
3567.305	17.10097	-2.59603	16.24414	-4.67578
3571.299	17.26083	-2.48769	16.52588	-4.69016
3575.310	17.29780	-2.39190	16.78585	-4.65705
3579.300	17.39363	-2.23613	16.64560	-4.63182
3583.297	17.38952	-2.24887	16.68079	-4.60439
3587.297	17.35937	-2.23714	16.76362	-4.52849
3591.294	17.34535	-2.27418	16.80907	-4.50760
3595.307	17.39463	-2.27861	16.81051	-4.50750
3599.295	17.40046	-2.24663	16.70741	-4.53751
3603.294	17.41980	-2.26336	16.73821	-4.53397
3607.289	17.46522	-2.20971	16.70199	-4.55126
3611.299	17.44205	-2.24882	16.65708	-4.53799
3615.300	17.42635	-2.24548	16.59909	-4.53209
3619.289	17.35640	-2.32808	16.55033	-4.52471
3623.639	17.32334	-2.34356	16.46484	-4.59185
3627.296	17.24080	-2.41024	16.43914	-4.58154
3631.299	17.20077	-2.39773	16.41348	-4.65494
3635.292	17.13688	-2.40178	16.37375	-4.69918
3639.296	17.10433	-2.40111	16.39084	-4.77259
3643.292	17.05185	-2.37396	16.39911	-4.91333
3647.304	17.01004	-2.31172	16.37211	-4.99989
3651.290	16.95728	-2.23525	16.34307	-5.05791
3655.296	16.90650	-2.12436	16.32193	-5.08813
3659.292	16.86771	-2.21788	16.28183	-5.00043
3663.293	16.89141	-2.09749	16.29237	-4.94794
3667.288	16.85380	-2.18451	16.24860	-4.88212
3671.296	16.86403	-2.10083	16.23265	-4.76745
3675.293	16.87948	-2.02136	16.16848	-4.83791
3679.300	16.88400	-2.08736	16.21652	-4.73637
3683.293	16.83859	-2.23964	16.24306	-4.68344
3687.292	16.80550	-2.29694	16.27074	-4.60126
3691.303	16.78517	-2.34645	16.26189	-4.49520
3695.332	16.72371	-2.37495	16.30727	-4.52649
3699.319	16.68225	-2.42062	16.27286	-4.53181
3703.303	16.68842	-2.39031	16.31290	-4.58245
3707.297	16.65822	-2.41087	16.30659	-4.67795
3711.329	16.61381	-2.44057	16.31857	-4.74718
3715.298	16.58849	-2.44985	16.35623	-4.81454
3719.295	16.53892	-2.45566	16.36107	-4.84730
3723.291	16.49631	-2.49273	16.37778	-4.91484
3727.290	16.49056	-2.43585	16.37124	-4.99591
3731.297	16.48721	-2.42064	16.36331	-5.05443
3735.293	16.48274	-2.42436	16.36941	-5.02972
3739.291	16.49316	-2.47653	16.35120	-5.04817
3743.294	16.50699	-2.48610	16.38111	-4.88894
3747.292	16.52980	-2.52747	16.31987	-4.84242
3751.293	16.53897	-2.57753	16.12639	-4.78243
3755.291	16.61302	-2.57602	16.15463	-4.69560
3759.295	16.67161	-2.60849	15.91512	-4.60762
3763.319	16.75773	-2.66459	15.82901	-4.61141
3767.299	16.93959	-2.61245	15.67411	-4.62119
3771.295	17.00859	-2.56893	15.64968	-4.63638
3775.299	17.01158	-2.42962	15.69772	-4.59408
3779.294	17.11798	-1.88205	15.63732	-4.63968
3783.302	17.15553	-1.78686	15.60901	-4.51640
3787.296	17.20335	-1.85123	15.51124	-4.55592
3791.297	17.27203	-1.81321	15.52025	-4.53535
3795.305	17.30459	-1.85545	15.54117	-4.53565
3799.297	17.35914	-1.68928	15.52827	-4.56530
3803.291	17.44040	-1.63779	15.55052	-4.62477
3807.292	17.44610	-1.68528	15.58046	-4.51600
3811.292	17.49306	-1.61787	15.61985	-4.54398
3815.290	17.50124	-1.62439	15.67368	-4.41605
3819.286	17.51803	-1.60631	15.72754	-4.41777
3823.299	17.56616	-1.62219	15.75849	-4.37625
3827.367	17.53811	-1.70213	15.80978	-4.38299
3831.383	17.48338	-1.87502	15.91284	-4.30948
3835.303	17.33485	-2.19234	15.95461	-4.30837
3839.293	17.16190	-2.53585	16.03265	-4.27825
3843.290	17.06177	-2.30921	16.09856	-4.21418
3847.285	17.09361	-2.41990	16.15392	-4.20287
3851.294	17.01957	-2.28494	16.18176	-4.18813
3855.290	17.06161	-2.07782	16.19144	-4.18425
3859.290	17.11498	-2.04010	16.16404	-4.22796
3863.284	17.04024	-2.10408	16.13145	-4.24280
3867.291	17.02901	-1.92360	15.63882	-4.11256
3871.291	16.81044	-1.98939	15.51386	-3.28181
3875.300	15.84548	-1.77523	14.45586	-1.18936
3879.293	15.33693	-1.60762	13.33309	-0.59540
3883.289	15.45735	-1.31637	13.15315	-0.39194
3887.286	15.90148	-0.86758	13.33567	-0.52813
3891.293	15.87435	-1.32677	13.81816	-0.86806
3895.292	15.61152	-1.22374	13.94002	-1.33087
3899.294	15.52799	-1.22536	13.85199	-1.51554
3903.288	15.35888	-1.06382	13.71474	-1.60797
3907.294	15.34559	-1.02808	13.77656	-1.23413
3911.288	15.41070	-0.86251	13.74659	-1.07667
3915.289	15.36451	-0.88093	13.63484	-1.06166
3919.312	15.32724	-0.86154	13.70186	-0.89938
3923.294	15.38184	-0.94084	13.74821	-0.99124
3927.289	15.48716	-0.87928	13.77024	-1.03639
3931.282	15.65449	-0.84159	13.78771	-1.14639
3935.286	15.73223	-0.80372	13.72926	-1.13492
3939.295	15.68251	-0.84487	13.65627	-1.01306
3943.289	15.82623	-0.85854	13.57649	-0.97086
3947.292	15.82368	-0.88267	13.50570	-0.90209
3951.291	15.80985	-0.89243	13.49887	-0.87675
3955.293	15.88486	-0.91819	13.47228	-0.88839
3959.291	15.87166	-0.94349	13.44911	-0.95347
3963.518	15.89939	-0.98923	13.45550	-0.97884
3967.291	15.91741	-0.87860	13.45782	-0.97376
3971.283	15.93084	-0.85028	13.42756	-0.97272
3975.291	15.88009	-0.88957	13.40063	-0.93494
3979.287	15.85836	-0.89700	13.43700	-0.88575
3983.319	15.86617	-0.90196	13.47726	-0.89205
3987.307	15.86110	-0.83050	13.47521	-0.84284
3991.297	15.88821	-0.72152	13.51548	-0.81606
3995.292	15.92283	-0.59926	13.49591	-0.76928
3999.295	15.94779	-0.54161	13.47223	-0.60167
4003.291	15.96876	-0.47861	13.43885	-0.54801
4007.287	15.96888	-0.38948	13.43493	-0.35296
4011.283	15.96888	-0.22275	13.41483	-0.59036
4015.288	15.96635	-0.12280	13.34745	-0.65152
4019.288	15.95291	-0.17869	13.28221	-0.68107
4023.288	15.92726	-0.14664	13.21206	-0.70592
4027.281	15.89163	-0.08530	13.15409	-0.72469
4031.337	15.83090	-0.06966	13.07992	-0.69263
4035.321	15.79365	-0.03828	13.04544	-0.67084
4039.296	15.73079	-0.04169	12.96894	-0.71095
4043.293	15.68527	-0.01498	13.03882	-0.89550
4047.294	15.61944	0.00802	13.08081	-0.87526
4051.310	15.54805	-0.01314	13.23064	-0.94099
4055.284	15.51122	-0.07368	13.17440	-0.93114
4059.289	15.46162	-0.10109	13.19938	-0.91305
4063.285	15.41128	-0.13724	13.26469	-0.86423
4067.287	15.36915	-0.15581	13.28148	-0.84055
4071.290	15.30293	-0.24251	13.28202	-0.79110
4075.291	15.26642	-0.28462	13.26584	-0.70953
4079.313	15.20778	-0.25686	13.32721	-0.76489
4083.285	15.20194	-0.28476	13.37862	-0.65233
4087.291	15.26048	-0.35566	13.39231	-0.71272
4091.289	15.32112	-0.39443	13.38966	-0.62975
4095.288	15.35484	-0.44497	13.32914	-0.65295
4099.289	15.38304	-0.43671	13.34632	-0.63317
4103.308	15.34404	-0.45779	13.32294	-0.56469
4107.306	15.49806	-0.53629	13.31363	-0.60417
4111.296	15.54688	-0.65497	13.28985	-0.59229
4115.300	15.51926	-0.72893	13.28693	-0.67354
4119.289	15.50232	-1.26115	13.34799	-0.72554
4123.286	15.51486	-1.16762	13.33882	-0.67714
4127.286	15.41257	-1.35970	13.31779	-0.67300
4131.280	15.39527	-1.31238	13.30402	-0.63464
4135.285	15.28979	-1.22066	13.29871	-0.63245
4139.279	15.38246	-1.06643	13.31375	-0.54617
4143.288	15.40074	-0.98549	13.32620	-0.57810
4147.284	15.92994	-0.61948	13.30519	-0.47930
4151.285	15.83531	-0.51002	13.29864	-0.65692
4155.279	15.76752	-0.45199	13.26911	-0.56462
4159.291	16.10223	-1.05386	13.45883	-0.58264
4163.288	16.64710	-0.52699	15.06820	-0.92425
4167.716	17.56859	-0.64344	15.97466	-2.65824
4171.293	18.05416	-0.44009	17.04131	-3.26188
4175.290	18.19211	-0.54233	16.58466	-3.47113
4179.284	18.41489	-0.51966	16.64583	-3.23340
4183.284	18.30005	-0.57837	16.51317	-3.31238
4187.279	18.02999	-0.79816	16.68874	-3.15587
4191.285	18.03504	-0.81760	16.71647	-3.23129
4195.288	18.18259	-0.81630	16.79709	-3.08874
4199.281	18.26915	-0.76953	16.86346	-2.45874
4203.286	18.30982	-0.80891	17.00747	-2.97058
4207.282	18.29029	-0.89927	17.15594	-3.10991
4211.284	18.21916	-1.02433	17.11949	-3.10481
4215.281	18.13237	-1.04027	17.04369	-2.97771
4219.286	18.31199	-0.90298	16.92958	-2.99526
4223.313	18.38758	-0.84624	16.93712	-3.03840
4227.293	18.39415	-0.77103	16.84857	-3.06224
4231.285	18.37377	-0.71434	16.90207	-3.16096
4235.289	18.28101	-0.76373	17.23998	-2.96042
4239.310	18.08980	-0.80181	17.12330	-2.85256
4243.285	18.13811	-0.78928	17.00589	-3.08523
4247.286	18.34777	-0.61753	16.87478	-3.14698
4251.285	18.39652	-0.50633	16.91025	-3.19787
4255.309	18.30613	-0.48388	16.72892	-3.20083
4259.298	18.25760	-0.43182	16.68172	-3.01287
4263.288	18.26740	-0.56852	16.91563	-3.06144
4267.289	18.34334	-0.53665	16.95912	-3.21187
4271.296	18.41080	-0.19105	16.87462	-3.09983
4275.293	18.33992	-0.12789	16.70991	-3.00901
4279.283	18.28671	-0.50507	17.00720	-3.00841
4283.283	18.37216	-0.43292	17.00001	-3.10122
4287.302	18.40479	-0.34666	16.87687	-3.09033
4291.285	18.39929	-0.25658	16.58261	-2.97806
4295.281	18.37862	-0.28088	16.98464	-2.92871
4299.285	18.42365	-0.23420	16.97270	-2.91221
4303.286	18.43774	-0.07579	16.87514	-2.90866
4307.377	18.45364	-0.47333	16.75557	-2.95895
4311.306	18.40644	-0.75362	17.00421	-2.87107
4315.291	18.35899	-1.27467	17.05022	-2.82043
4319.287	18.35249	-0.73002	16.74893	-2.78828
4323.298	18.36626	-1.01188	16.96396	-2.80456
4327.303	18.28206	-1.09257	17.05378	-2.79376
4331.286	18.31962	-0.82948	16.83873	-2.71988
4335.300	18.37317	-0.77084	16.87664	-2.79926
4339.281	18.27159	-0.84785	16.95953	-2.79979
4343.285	18.26791	-0.84577	16.90279	-2.74356
4347.285	18.32418	-0.65247	16.93287	-2.80491
4351.285	18.32510	-0.58220	16.99254	-2.94793
4355.282	18.25312	-0.46614	16.97433	-2.78300
4359.286	18.24329	-0.65197	16.87437	-2.88097
4363.159	18.30660	-0.54967	16.90068	-3.10013
4367.155	18.33024	-0.14670	16.90986	-2.79486
4371.167	18.28421	-0.44704	16.84730	-2.76076
4375.163	18.42952	-0.23103	16.85353	-2.97937
4379.151	18.28676	-0.22211	16.90180	-2.93351
4383.159	18.40092	-0.26040	16.85473	-2.79233
4387.156	18.36031	-0.40111	16.76101	-2.80080
4391.180	18.40615	-0.49479	16.83891	-2.96563
4395.158	18.44569	-0.48483	16.83095	-2.76591
4399.165	18.46523	-0.66968	16.75232	-2.74004
4403.160	18.37330	-0.84188	16.81053	-2.78830
4407.174	18.41627	-0.87245	16.92990	-2.73370
4411.155	18.28604	-1.11431	16.54353	-2.77173
4415.163	17.26742	-1.82847	15.88032	-2.80421
4419.157	15.03235	-2.82000	14.30985	-2.85410
4423.155	13.85723	-3.24566	11.32273	-3.14819
4427.161	12.02891	-5.13583	10.65995	-3.33853
4431.158	9.52159	-5.96736	9.44607	-3.49334
4435.151	9.28603	-6.52463	8.00530	-3.87130
4439.172	7.64164	-6.90251	4.91634	-3.98454
4443.187	5.64616	-7.21489	4.04675	-4.19903
4447.164	5.49537	-7.18471	2.80033	-4.26345
4451.161	2.75764	-7.18539	2.32278	-3.74343
4455.162	3.14419	-6.90845	0.53719	-4.22574
4459.166	2.26356	-6.86100	0.25110	-3.89336
4463.161	1.99796	-6.87527	-0.07388	-4.04126
4467.159	2.40669	-6.95894	-0.10480	-4.13152
4471.152	3.95429	-7.06287	0.52701	-3.87963
4475.155	3.46061	-7.02114	0.48952	-3.98387
4479.156	2.77356	-7.14975	0.41430	-3.90700
4483.156	2.32734	-7.15570	-0.20184	-3.96119
4487.151	2.02941	-7.17666	-0.67288	-4.01067
4491.175	2.15477	-7.13793	-0.73881	-3.91853
4495.151	2.18337	-7.05483	-0.22661	-3.97412
4499.157	2.09660	-7.10785	-0.14990	-4.04360
4503.153	1.96452	-7.18359	-0.42184	-4.15000
4507.171	2.36026	-7.30634	-0.59307	-4.41819
4511.163	2.22882	-7.33336	-0.19194	-4.13323
4515.157	2.40092	-7.24540	-0.40348	-4.25053
4519.157	2.35355	-7.27071	-0.46224	-4.32356
4523.157	2.51026	-7.09852	-0.40340	-4.44748
4527.153	2.48165	-7.22396	-0.52935	-4.53293
4531.154	2.58229	-7.19958	-0.40546	-4.58105
4535.160	2.61664	-7.21678	-0.30692	-4.45625
4539.151	2.64317	-7.25393	-0.19249	-4.46513
4543.185	2.67313	-7.23656	-0.14568	-4.40808
4547.163	2.68073	-7.24162	-0.11947	-4.41310
4551.188	2.73330	-7.20797	-0.08900	-4.38415
4555.161	2.64549	-7.10897	-0.02020	-4.33344
4559.157	2.58175	-7.19912	-0.05100	-4.26699
4563.158	2.68668	-7.28282	-0.04100	-4.13081
4567.158	2.76123	-7.33458	-0.04522	-4.12977
4571.159	2.77532	-7.34038	-0.03115	-4.29850
4575.297	2.76542	-7.32303	-0.08562	-4.36355
4579.164	2.75651	-7.25563	-0.18080	-4.70860
4583.175	2.77200	-7.07003	-0.16573	-4.58226
4587.155	2.88010	-6.94122	-0.24510	-4.57905
4591.148	2.89990	-6.74617	-0.27071	-4.46619
4595.155	2.84544	-6.56787	-0.30252	-4.21726
4599.154	2.79659	-6.93257	-0.33114	-4.21503
4603.147	2.79978	-7.33056	-0.31342	-4.05633
4607.154	2.89173	-7.35388	-0.37665	-4.72711
4611.152	2.88123	-6.87987	-0.36725	-4.82101
4615.149	2.92740	-6.50900	-0.34186	-4.79440
4619.168	2.80578	-6.41924	-0.24420	-4.59495
4623.149	2.75091	-6.85407	-0.16084	-4.38468
4627.152	2.86180	-6.83896	-0.39966	-4.65603
4631.156	2.69886	-6.94918	-0.22413	-4.42424
4635.150	2.56976	-7.08967	-0.33531	-4.43862
4639.159	2.23253	-6.81907	-0.39283	-4.55946
4643.162	2.42245	-6.78612	-0.47416	-4.52958
4647.159	2.59641	-6.63124	-0.47907	-4.65559
4651.157	2.24782	-7.25969	-0.35655	-4.57634
4655.157	2.43630	-7.27707	-0.49947	-4.73041
4659.153	2.44556	-7.02172	-0.48341	-4.64166
4663.146	2.85012	-6.85758	-0.38886	-4.61220
4667.158	2.47928	-6.86002	-0.41681	-4.59026
4671.151	2.26871	-6.85261	-0.45448	-4.67488
4675.173	2.51150	-6.86643	-0.42725	-4.64597
4679.154	2.41863	-6.66828	-0.32551	-4.61366
4683.154	2.57516	-6.68385	-0.35437	-4.79042
4687.147	2.63088	-7.19119	-0.34821	-4.85533
4691.153	2.54227	-6.99262	-0.22266	-4.74442
4695.181	2.53491	-7.02475	-0.34161	-4.72794
4699.155	2.55054	-6.93945	-0.45224	-4.69910
4703.153	2.44422	-7.09103	-0.44036	-4.64399
4707.160	2.30908	-7.28010	-0.41599	-4.65383
4711.209	2.42834	-7.32396	-0.20807	-4.61711
4715.175	2.39336	-7.34190	-0.14883	-4.56580
4719.163	2.39549	-7.53516	-0.17020	-4.65487
4723.168	2.36762	-7.43241	-0.41743	-4.65746
4727.154	2.17849	-7.54011	-0.24956	-4.55184
4731.149	2.21903	-7.54611	-0.19522	-4.45957
4735.163	2.29443	-7.53452	-0.38363	-4.46118
4739.150	2.89312	-7.56197	-0.47947	-4.50609
4743.184	2.07303	-7.50213	-0.17283	-4.50238
4747.159	2.14223	-7.49858	-0.11168	-4.52597
4751.150	2.16766	-7.42280	-0.35350	-4.70034
4755.155	2.24448	-7.34381	-0.35104	-4.70158
4759.148	2.73058	-7.19545	-0.22174	-4.60118
4763.148	2.77171	-7.15731	-0.42301	-4.61109
4767.156	1.87450	-7.05161	-0.40641	-4.54515
4771.153	2.13425	-6.88122	-0.32367	-4.52319
4775.149	2.33031	-6.68142	-0.22872	-4.53770
4779.154	2.67011	-6.54776	-0.48324	-4.65922
4783.155	2.12610	-6.66720	-0.24470	-4.66519
4787.150	2.31594	-6.67225	-0.26992	-4.83487
4791.152	2.50989	-6.57918	-0.33054	-4.90929
4795.148	3.10547	-6.59349	0.00119	-4.66585
4799.151	5.32958	-6.67099	2.80984	-4.70558
4803.159	7.62748	-6.68913	3.62032	-4.76868
4807.149	9.51201	-6.35031	6.36984	-4.82929
4811.150	9.96186	-6.36634	6.59929	-4.90342
4815.144	10.58634	-6.52187	7.06364	-5.19100
4819.153	10.12060	-6.44060	8.24074	-5.30873
4823.148	10.05774	-6.50202	6.37927	-5.22475
4827.152	9.74538	-6.53501	5.90269	-5.30781
4831.152	9.82137	-6.48500	6.25497	-5.25515
4835.157	9.78264	-6.50091	6.66261	-5.34427
4839.155	10.09612	-6.48724	7.14851	-5.46890
4843.147	10.26413	-6.50715	7.12197	-5.32006
4847.211	9.96780	-6.57330	7.09072	-5.34983
4851.164	9.96894	-6.58113	6.99580	-5.40470
4855.151	10.05173	-6.71692	7.22251	-5.52429
4859.156	10.22130	-6.61555	7.23301	-5.29736
4863.154	10.27537	-6.28883	7.12205	-5.40705
4867.148	10.12224	-6.51555	7.20358	-5.42424
4871.164	10.14968	-6.58982	7.24793	-5.44513
4875.173	10.34967	-6.62856	7.16637	-5.51249
4879.147	10.34343	-6.68114	7.12205	-5.45897
4883.141	10.22368	-6.74695	7.16126	-5.43447
4887.151	10.06215	-6.76844	7.21537	-5.52552
4891.146	10.06256	-6.79468	7.31777	-5.55897
4895.142	10.08356	-6.86894	7.22864	-5.36119
4899.148	10.23721	-6.95450	7.28298	-5.37768
4903.149	10.12359	-7.15659	7.24737	-5.47436
4907.147	10.02569	-7.06590	7.28090	-5.51418
4911.142	10.08758	-7.00075	7.30183	-5.20387
4915.151	10.14165	-7.11207	7.26610	-5.35244
4919.162	9.99450	-6.94116	7.42529	-5.39018
4923.147	9.95220	-6.98105	7.44350	-5.33217
4927.151	10.05043	-6.93026	7.32480	-5.27492
4931.144	10.01118	-7.06899	7.02541	-5.40011
4935.140	10.06645	-7.05242	7.25372	-5.50379
4939.149	10.05904	-7.14004	7.31132	-5.49656
4943.149	10.07374	-6.99996	7.21630	-5.39878
4947.148	10.12957	-6.90830	7.26163	-5.45867
4951.145	10.13198	-6.86304	7.27130	-5.47331
4955.149	10.12332	-6.60423	7.25479	-5.29544
4959.144	10.20067	-6.52575	7.32795	-5.39165
4963.146	10.34064	-6.70401	7.31609	-5.50605
4967.171	10.28231	-6.74457	7.07811	-5.41313
4971.153	10.24351	-7.07432	6.88052	-5.58407
4975.153	10.28433	-6.73431	7.21144	-5.61222
4979.153	10.30841	-6.46502	7.28427	-5.47371
4983.156	10.34367	-6.46129	7.29357	-5.58801
4987.154	10.35897	-6.53433	7.36772	-5.58405
4991.168	10.40087	-6.51597	7.11828	-5.48809
4995.146	10.26713	-6.76587	7.12354	-5.50784
4999.151	10.36576	-6.52015	7.24058	-5.65707
5003.146	10.29161	-6.65676	7.23992	-5.70653
5007.142	9.97818	-6.45462	7.28407	-5.16948
5011.149	8.77541	-6.17032	7.16925	-4.62546
5015.146	7.88020	-5.54684	7.05846	-4.17537
5019.145	8.26862	-4.65950	7.22507	-3.33625
5023.138	9.59443	-4.21851	6.97991	-2.88713
5027.157	9.70731	-3.14297	7.19449	-2.24417
5031.146	9.30836	-2.27865	7.12691	0.06749
5035.154	8.44285	-1.03232	6.96049	0.62612
5039.144	7.66019	0.03339	6.86462	0.84680
5043.140	6.93266	0.90241	5.45831	1.68914
5047.150	6.82552	1.86275	4.94492	3.21417
5051.156	6.81862	2.59032	5.17486	3.75599
5055.147	6.95866	2.94572	5.17341	4.45742
5059.152	6.92572	3.09067	4.95078	4.46810
5063.144	7.27252	2.97375	4.80460	5.23553
5067.139	7.20582	2.85786	4.69231	5.77859
5071.149	7.01198	2.93021	4.85955	5.59304
5075.146	6.44201	3.68819	4.77599	5.63792
5079.145	6.87878	3.58283	4.76399	5.81045
5083.139	6.84788	3.14918	4.75861	5.66533
5087.146	7.01025	3.04993	4.54370	5.80997
5091.169	7.00230	3.17166	4.34004	5.78788
5095.147	6.28484	3.35772	4.48443	5.79154
5099.140	6.42677	3.32773	4.45123	5.96891
5103.145	6.53416	3.18053	4.46024	5.95137
5107.144	6.22880	3.63224	4.62611	5.85299
5111.143	6.29754	3.71685	4.45742	5.91477
5115.148	6.48595	3.31706	4.37845	5.83403
5119.222	6.59985	3.17630	4.03083	6.03235
5123.155	6.37805	3.77526	4.30660	5.86150
5127.146	6.26571	3.44643	4.39826	5.72069
5131.141	6.77658	3.26430	4.33123	6.18234
5135.156	6.64102	2.82626	4.51734	6.02059
5139.143	6.72947	3.18924	4.51337	5.68021
5143.144	6.26208	3.32636	4.36639	5.92152
5147.138	6.47495	3.50572	4.44536	5.74505
5151.146	6.39763	3.03721	4.22115	5.95760
5155.141	6.38241	3.54252	4.35129	5.65296
5159.161	6.06757	3.59544	4.34909	5.90607
5163.138	6.24406	3.15879	4.33831	5.97334
5167.145	6.39052	3.15394	4.42720	5.61193
5171.141	6.25735	3.71231	4.37182	6.03544
5175.143	6.17497	3.31979	4.43594	5.76558
5179.147	6.24582	3.23091	4.45774	5.65967
5183.139	6.07165	3.89654	4.40594	6.19128
5187.627	6.04281	3.65524	4.52481	5.66325
5191.162	6.15073	3.27493	4.60735	5.53365
5195.142	6.93357	3.20974	4.55783	6.27526
5199.144	6.06703	3.85439	4.60195	5.81762
5203.143	6.16501	3.59934	4.69859	5.66629
5207.145	6.33412	3.10412	4.65695	5.50233
5211.143	7.22639	3.23762	4.56844	6.04790
5215.143	7.17314	3.15721	4.56841	5.81563
5219.011	7.35903	2.97389	4.55904	5.55996
5223.018	7.32663	3.46390	4.62907	5.63270
5227.020	7.00157	3.34805	4.58483	5.68402
5231.018	7.13793	3.35554	4.35982	5.72856
5235.021	6.90236	3.25210	4.47042	5.80408
5239.011	6.76513	3.21348	4.44916	5.59400
5243.024	6.82772	3.29951	4.47368	5.42929
5247.012	6.87271	3.27827	4.48026	5.59990
5251.013	6.90882	3.28447	4.47866	5.81645
5255.026	6.84526	3.31658	4.40330	5.83455
5259.035	6.78901	3.30425	4.42646	5.80666
5263.012	6.82863	3.23910	4.51430	5.86311
5267.022	6.76138	3.21240	4.51734	5.84737
5271.017	6.77570	3.06123	4.47005	5.86891
5275.046	6.66910	2.95124	4.51087	5.90545
5279.022	6.64320	3.13178	4.47985	6.24486
5283.024	6.69831	3.31117	4.52111	6.05860
5287.035	4.77890	4.56187	4.42962	6.24247
5291.024	4.64732	4.98395	2.66023	5.92826
5295.023	-0.55054	10.94895	4.40539	4.93518
5299.020	NaN	NaN	NaN	NaN
5303.013	NaN	NaN	NaN	NaN
5307.010	NaN	NaN	NaN	NaN
5311.016	NaN	NaN	NaN	NaN
5315.015	NaN	NaN	NaN	NaN
5319.009	NaN	NaN	NaN	NaN
5323.055	NaN	NaN	NaN	NaN
5327.024	NaN	NaN	NaN	NaN
5331.030	NaN	NaN	NaN	NaN
5335.020	NaN	NaN	NaN	NaN
5339.020	NaN	NaN	NaN	NaN
5343.016	NaN	NaN	NaN	NaN
5347.046	NaN	NaN	NaN	NaN
5351.032	NaN	NaN	NaN	NaN
5355.020	NaN	NaN	NaN	NaN
5359.018	NaN	NaN	NaN	NaN
5363.018	NaN	NaN	NaN	NaN
5367.017	NaN	NaN	-6.86344	9.14993
5371.017	-0.19142	13.25091	NaN	NaN
5375.014	NaN	NaN	NaN	NaN
5379.013	NaN	NaN	6.19783	1.44319
5383.009	NaN	NaN	4.76680	0.69443
5387.027	1.26130	10.94242	5.19866	-0.49879
5391.018	3.82267	0.86023	6.51464	-0.73988
5395.015	4.23562	-2.86864	-2.84967	-1.73252
5399.013	0.92492	-1.79577	-2.89844	-1.87852
5403.021	4.33907	-2.77148	4.42294	-0.77286
5407.017	4.06937	-3.17752	-1.27281	-0.91959
5411.013	4.52237	-3.46733	3.62086	-0.23770
5415.019	3.87238	-2.91820	1.31870	-0.34702
5419.014	4.63146	-3.29045	2.48039	-0.21986
5423.017	3.81963	-3.05561	3.17952	-0.23325
5427.014	3.39542	-2.99927	3.25530	-0.23189
5431.037	3.97333	-2.85796	2.83110	-0.02452
5435.028	5.13382	-2.74294	2.78468	-0.05071
5439.021	4.32145	-2.86832	2.79407	-0.02884
5443.013	4.48174	-2.84931	2.83598	-0.03549
5447.031	5.30628	-2.76470	2.69237	-0.03152
5451.018	4.79230	-2.67632	2.66214	0.03421
5455.022	5.76681	-2.71697	2.58464	-0.00581
5459.033	5.74652	-2.77730	2.57278	0.03043
5463.017	5.59924	-2.68565	2.66677	-0.00889
5467.016	5.58122	-2.57836	2.66976	-0.12860
5471.011	5.37753	-2.51311	2.67033	-0.18736
5475.019	5.47648	-2.56568	2.68853	-0.24559
5479.012	5.46910	-2.52308	2.76970	-0.25711
5483.014	5.62893	-2.49705	2.74762	-0.25501
5487.010	5.61200	-2.45197	2.79731	-0.28351
5491.016	5.60811	-2.47546	2.85588	-0.27757
5495.036	5.72802	-2.55221	2.87797	-0.30508
5499.021	5.66708	-2.56749	2.91668	-0.27924
5503.013	5.62997	-2.50210	2.91913	-0.29361
5507.011	5.64287	-2.38764	2.92238	-0.30127
5511.032	5.67455	-2.46642	2.89688	-0.22127
5515.018	5.68099	-2.50037	2.88148	-0.24582
5519.017	5.62436	-2.54510	2.88938	-0.21169
5523.019	5.61409	-2.59993	2.94384	-0.19022
5527.064	5.58599	-2.61506	2.93846	-0.20977
5531.103	5.65570	-2.60833	2.90480	-0.19809
5535.025	5.64533	-2.66114	2.88940	-0.20522
5539.016	5.69964	-2.67080	2.94411	-0.20151
5543.011	5.64194	-2.69481	2.93572	-0.23439
5547.018	5.77087	-2.62863	2.91495	-0.26807
5551.017	5.75460	-2.67079	2.87193	-0.30119
5555.021	5.77792	-2.70964	2.85905	-0.36214
5559.011	5.78610	-2.70901	2.75816	-0.40320
5563.010	5.70586	-2.60033	2.72449	-0.41406
5567.006	5.72416	-2.58934	2.58826	-0.46437
5571.014	5.67320	-2.57511	2.64287	-0.47457
5575.012	5.45528	-2.54530	2.62546	-0.55336
5579.011	5.34927	-2.51434	2.63393	-0.59091
5583.006	5.38821	-2.54332	2.53741	-0.61983
5587.014	5.53163	-2.59590	2.57300	-0.64528
5591.015	5.65722	-2.74645	2.63725	-0.64092
5595.039	5.60182	-2.70654	2.63861	-0.63919
5599.014	5.64646	-2.57340	2.76287	-0.64525
5603.016	5.55450	-2.60511	2.84281	-0.64310
5607.011	5.50493	-2.64701	2.90314	-0.60281
5611.011	5.52185	-2.74889	2.90698	-0.49440
5615.016	5.51317	-2.78900	2.91587	-0.34341
5619.012	5.53198	-2.76868	2.93656	0.10113
5623.012	5.71681	-2.81918	2.97963	-0.38846
5627.013	5.77657	-2.78374	3.00745	-0.35899
5631.009	5.82149	-2.77143	3.07590	-0.39964
5635.013	5.54580	-2.73797	3.12217	-0.28484
5639.011	5.63486	-2.68621	3.14719	-0.32659
5643.008	5.50919	-2.70045	3.12784	-0.32020
5647.004	5.55966	-2.67095	3.12371	-0.18177
5651.015	5.56962	-2.69299	3.09691	-0.13324
5655.010	5.58909	-2.58726	3.07459	-0.09553
5659.010	5.61588	-2.63215	3.05504	0.10521
5663.285	5.54604	-2.64239	3.06456	-0.07208
5667.013	5.55010	-2.59955	3.15788	-0.12890
5671.014	5.51169	-2.64091	3.19244	-0.00519
5675.010	5.46955	-2.64110	3.19934	-0.05170
5679.028	5.51184	-2.58239	3.26953	-0.17592
5683.010	5.52013	-2.71496	3.21471	-0.09115
5687.015	5.56972	-2.81691	3.23084	-0.02416
5691.005	5.50628	-2.78230	3.17129	0.01719
5695.011	5.57028	-2.74940	3.10240	0.02712
5699.007	5.81319	-2.82332	3.12930	0.01995
5703.009	5.79971	-2.81248	3.08369	-0.04891
5707.006	5.92211	-2.79710	2.89680	-0.01956
5711.012	5.81614	-2.75311	2.89490	-0.04306
5715.008	5.79236	-2.65663	2.96804	-0.22292
5719.013	5.68020	-2.57979	2.82868	-0.27112
5723.011	5.73495	-2.66346	2.80404	-0.33878
5727.008	5.64786	-2.57678	2.75685	-0.43899
5731.052	5.45481	-2.43714	2.68368	-0.66296
5735.045	5.45521	-2.43731	2.67791	-0.67612
5739.029	5.59809	-2.51367	2.75353	-0.28603
5743.010	5.21301	-2.84809	2.25461	-0.72475
5747.034	4.11305	-3.10751	0.67588	-1.31658
5751.022	2.46625	-3.53364	1.01861	-1.69688
5755.012	1.75880	-3.96996	0.39564	-1.90220
5759.017	1.90775	-4.05368	0.17960	-2.07573
5763.012	3.02113	-4.04290	0.63570	-2.00796
5767.012	2.76512	-3.77900	0.87528	-1.62419
5771.012	2.98307	-3.76301	0.77511	-1.45902
5775.016	2.77968	-3.76264	0.64548	-1.56059
5779.013	3.15142	-4.14465	0.50706	-1.56259
5783.029	3.05815	-4.15459	0.43306	-2.04054
5787.003	2.98114	-4.20142	0.88724	-2.05390
5791.014	2.92017	-4.14647	0.90686	-1.95051
5795.007	2.87903	-3.93549	0.83463	-2.00067
5799.018	2.84415	-4.07618	0.68027	-1.88973
5803.006	2.97876	-4.15850	0.67829	-1.81777
5807.011	3.15553	-4.21149	0.54997	-1.74498
5811.010	3.13232	-4.29427	0.41346	-1.80132
5815.006	3.06781	-4.39554	0.25701	-1.81210
5819.006	3.02905	-4.35334	0.37070	-1.84194
5823.010	2.89822	-4.31017	0.66776	-2.01700
5827.005	2.93658	-4.29386	0.54806	-2.01174
5831.011	2.94710	-4.27998	0.42802	-2.09680
5835.009	2.98572	-4.31008	0.55277	-2.05154
5839.008	3.07491	-4.24784	0.51260	-2.00264
5843.005	3.12903	-4.21271	0.59538	-2.04671
5847.010	3.11136	-4.12089	0.58692	-2.04294
5851.007	2.96730	-3.96299	0.30141	-2.07886
5855.007	3.00955	-4.02282	0.06368	-2.16025
5859.013	3.14682	-3.83566	0.57190	-2.17881
5863.007	3.26302	-3.83527	0.59970	-1.98544
5867.025	3.25721	-4.11340	0.47458	-2.05901
5871.010	3.21676	-4.42130	0.34576	-2.20942
5875.007	3.26055	-4.10729	0.65379	-2.17379
5879.002	3.24291	-3.72379	0.85106	-2.09757
5883.030	3.09426	-3.77957	0.48870	-2.04911
5887.004	2.91265	-4.27725	0.35869	-2.04234
5891.007	3.09951	-4.13619	0.63766	-1.98319
5895.000	3.19546	-4.24963	0.66719	-1.85769
5899.008	2.95490	-3.91734	0.69151	-1.96222
5903.004	3.03598	-3.37134	0.65389	-2.16833
5907.008	2.97317	-3.69279	0.62928	-2.24081
5911.001	2.91767	-4.44365	0.66761	-2.50559
5915.009	2.90388	-3.51677	0.76407	-2.20882
5919.004	2.96109	-4.06310	0.66536	-2.27419
5923.013	2.94861	-3.81390	0.61074	-2.33866
5927.008	2.88401	-3.82712	0.63605	-2.33954
5931.004	2.86707	-3.95749	0.71928	-2.44906
5935.047	2.73028	-3.78368	0.72178	-2.47044
5939.035	2.85324	-3.96329	0.66995	-2.49482
5943.006	2.96931	-4.31777	0.65546	-2.55683
5947.014	3.00321	-4.99345	0.58925	-2.54972
5951.009	3.01348	-4.87801	0.60213	-2.52757
5955.018	2.86816	-4.72849	0.59937	-2.46256
5959.006	2.86089	-4.60784	0.56292	-2.45261
5963.014	2.85091	-4.81236	0.53113	-2.42980
5967.009	2.68195	-4.81447	0.52227	-2.35661
5971.011	2.52954	-4.62536	0.49637	-2.32650
5975.008	2.52196	-4.70921	0.49396	-2.36237
5979.014	2.70478	-4.66699	0.44939	-2.27459
5983.010	2.66952	-4.56507	0.46326	-2.39508
5987.026	2.79629	-4.34880	0.48212	-2.43806
5991.004	2.73732	-4.23971	0.52758	-2.20093
5995.011	2.68462	-4.48909	0.56215	-2.23806
5999.007	2.67697	-4.48359	0.62273	-2.24970
6003.022	2.82984	-4.38838	0.66992	-2.22740
6007.002	3.18759	-4.32888	0.77508	-2.20353
6011.008	3.56917	-4.36841	0.89257	-2.26888
6015.003	3.45925	-4.29418	0.83806	-2.35717
6019.004	3.34212	-4.30839	0.72456	-2.37946
6023.026	3.16923	-4.23125	0.68302	-2.33086
6027.023	3.50838	-4.18288	0.76171	-2.24010
6031.003	3.73455	-4.20169	0.76831	-2.13418
6035.006	3.79235	-4.20531	0.71824	-2.14885
6039.007	3.96160	-3.79894	0.63630	-2.12017
6043.005	3.98158	-3.97517	0.74268	-2.04380
6046.999	3.93905	-3.87789	0.89443	-2.09218
6051.008	4.04668	-3.66200	1.11494	-2.01646
6055.005	3.95701	-3.74774	0.90629	-2.02495
6059.011	4.06021	-3.80193	1.21645	-1.95852
6063.003	4.08424	-3.71919	1.08803	-2.01785
6067.004	4.00801	-3.82170	1.02449	-2.01359
6070.921	4.00559	-3.90588	1.03029	-1.98490
6074.887	3.99897	-4.02719	1.04124	-1.85466
6078.884	3.79166	-4.24168	0.96973	-1.77815
6082.878	3.65257	-4.29264	1.10651	-1.86469
6086.887	3.59159	-4.30526	1.17570	-1.98769
6090.909	3.38639	-4.20497	1.14960	-1.99277
6094.883	3.29575	-4.20679	1.08869	-1.91265
6098.875	3.23069	-4.26172	1.06408	-1.76407
6102.884	3.24729	-4.19298	1.01779	-1.69355
6106.886	3.38034	-4.32267	0.97365	-1.71371
6110.888	3.18549	-4.38178	1.01923	-1.80411
6114.884	3.24845	-4.30225	1.17059	-1.66783
6118.880	3.25157	-4.14106	1.14221	-1.55405
6122.883	3.47670	-4.13979	1.04399	-1.56664
6126.889	3.90612	-4.11804	1.12149	-1.68409
6130.883	3.79420	-4.07724	1.27187	-1.62579
6134.886	3.78301	-4.07208	1.39314	-1.60411
6139.335	3.64197	-3.98831	1.43907	-1.66117
6142.905	3.59364	-3.96624	1.50110	-1.68356
6146.884	3.38580	-3.87872	1.49359	-1.71563
6150.881	3.33448	-3.82648	1.45941	-1.71335
6154.883	3.11680	-3.83201	1.44202	-1.68909
6158.890	2.90349	-3.74035	1.33773	-1.67673
6162.880	2.99252	-3.75554	1.23245	-1.70743
6166.876	2.96572	-3.68085	1.14856	-1.75362
6170.875	3.29191	-3.75499	1.13471	-1.74825
6174.899	3.55701	-3.73234	1.02374	-1.80076
6178.890	3.42772	-3.76644	0.91510	-1.81405
6182.873	3.28833	-3.64101	0.78712	-1.84265
6186.878	3.03519	-3.52728	0.76218	-1.86207
6190.874	2.99507	-3.79163	0.69007	-1.90904
6194.877	2.90336	-3.95605	0.75230	-1.97302
6198.877	3.06944	-4.09703	0.85486	-1.98679
6202.881	3.14815	-3.81569	0.80806	-1.96780
6206.931	3.27086	-3.76561	0.90810	-1.99557
6210.897	3.20976	-3.85451	0.82441	-2.02768
6214.881	3.33849	-4.22642	0.84029	-2.08077
6218.875	3.50000	-3.83656	0.81270	-1.99661
6222.884	3.73781	-3.87986	0.88118	-1.96576
6226.887	3.73769	-3.81000	0.83860	-1.89425
6230.876	3.07956	-3.88928	0.82205	-1.89478
6234.879	3.09270	-3.95411	0.83997	-1.91584
6238.877	3.10586	-3.85156	0.82161	-1.96130
6242.880	3.22374	-3.82589	0.86674	-1.92015
6246.875	3.37544	-4.29679	0.85414	-2.01525
6250.871	3.79131	-3.67008	0.84845	-2.10218
6254.877	3.52306	-3.87463	0.86275	-2.27820
6258.875	3.65937	-3.95783	0.90361	-2.32972
6262.875	3.56887	-4.01921	0.96251	-2.51463
6266.873	3.50180	-4.06151	1.00151	-2.52149
6270.879	3.49891	-4.25569	0.99117	-2.41722
6274.883	3.36975	-4.33734	1.05364	-2.48651
6278.946	3.40586	-4.43116	1.12645	-2.29387
6282.903	3.14046	-3.83970	1.11670	-2.27584
6286.908	3.03709	-3.99395	1.15860	-2.08072
6290.881	3.04608	-4.10547	1.15171	-2.17453
6294.888	2.86056	-4.23376	1.23717	-2.04310
6298.881	2.85267	-4.36589	1.29147	-2.03353
6302.878	2.93101	-4.48615	1.35789	-2.12432
6306.873	2.93386	-4.58929	1.46881	-2.10219
6310.897	2.97287	-4.44994	1.23044	-1.99710
6314.884	2.86705	-3.87189	1.24751	-2.01428
6318.878	2.99772	-4.08644	1.40604	-2.09238
6322.879	3.08246	-4.11389	1.08187	-2.03346
6326.876	3.23450	-4.47997	1.01362	-2.08201
6330.884	3.34883	-4.59317	0.77141	-2.11264
6334.895	3.14691	-4.42496	1.12355	-2.04020
6338.876	3.35763	-4.05498	1.23007	-2.06226
6342.893	3.47277	-4.31350	1.05868	-2.06605
6346.896	3.45247	-4.08423	1.02049	-1.97340
6350.874	3.41649	-4.50165	0.97906	-2.01608
6354.882	3.45074	-4.15091	1.10038	-2.08146
6358.892	3.56373	-4.32854	1.11546	-2.22221
