time (ms)	lx (deg)	ly (deg)	rx (deg)	ry (deg)
0.000	4.72884	-4.84111	2.11227	-2.06567
4.003	4.27533	-4.77271	2.08892	-2.00038
8.005	4.27733	-4.86763	1.88814	-1.95636
12.002	4.36145	-4.83105	1.76133	-1.71344
15.999	3.81676	-4.74790	1.50135	-1.60411
19.994	3.17920	-4.68071	1.50755	-1.55243
24.001	3.14120	-4.67053	1.36742	-1.48220
28.009	3.60959	-4.64505	1.43932	-1.86348
32.005	3.85983	-4.68437	1.41524	-2.01566
35.994	3.69469	-4.75548	1.44512	-1.93623
40.004	3.82813	-4.68134	1.63923	-1.82728
43.996	3.86699	-4.64845	1.37533	-1.78348
48.005	3.63347	-4.64547	1.38128	-1.42469
51.994	3.65687	-4.64151	1.29901	-1.29627
55.999	3.66565	-4.54402	1.27232	-1.41986
59.993	3.54294	-4.51448	1.12234	-1.60780
63.999	3.63599	-4.47868	1.12504	-1.65331
68.009	3.68221	-4.59696	1.03995	-1.62639
71.996	3.65838	-4.65527	1.05806	-1.50508
76.002	3.55953	-4.59189	1.04880	-1.45312
80.016	3.58984	-4.62037	1.06786	-1.53720
83.998	3.55234	-4.57696	1.06609	-1.45408
88.004	3.52966	-4.61640	1.14652	-1.36371
91.996	3.49896	-4.60271	1.23243	-1.44918
95.996	3.42018	-4.49113	1.22697	-1.58719
100.002	3.36525	-4.48577	1.18401	-1.85271
103.997	3.35486	-4.54735	1.21958	-1.92864
107.998	3.35592	-4.54702	1.26750	-1.93457
111.998	3.28231	-4.45379	1.30464	-1.71490
116.002	3.25530	-4.30797	1.33048	-1.71277
119.879	3.33512	-4.38660	1.32213	-1.67838
123.869	3.26032	-4.30442	1.33386	-1.64883
127.873	3.27801	-4.37193	1.33053	-1.59691
131.876	3.45598	-4.25435	1.48357	-1.51298
135.906	5.05543	-4.06044	2.00336	-1.44848
139.871	6.00590	-3.88334	3.25374	-0.39699
143.871	6.30303	-3.31396	3.80372	0.30705
147.870	6.13530	-2.88884	3.65799	0.35672
151.873	5.62888	-2.96068	3.24917	-0.11757
155.869	5.15389	-3.38435	2.79666	-0.65876
159.878	5.08584	-3.41061	3.04019	-0.80199
163.872	5.18409	-3.36424	3.38773	-0.67426
167.868	5.23967	-3.21961	3.55651	-0.41549
171.874	5.44161	-3.02914	3.50403	-0.32390
175.873	5.46536	-2.92434	3.49950	-0.16945
179.874	5.57286	-2.89604	3.59162	0.10582
183.868	5.46308	-2.73154	3.39849	-0.38401
187.871	5.35414	-2.68804	3.30477	-0.40121
191.867	5.33674	-2.72527	3.16500	-0.39859
195.884	5.28591	-2.97128	3.13744	-0.35607
199.874	5.27796	-2.81022	3.25171	-0.16496
203.870	5.28613	-2.76496	3.23749	-0.22341
207.887	5.24986	-2.76187	2.93096	-0.11230
211.898	5.25284	-2.71223	2.88349	-0.14029
215.879	5.14269	-2.90464	2.60859	-0.15281
219.870	5.17622	-2.91819	2.80699	-0.07679
223.870	5.22968	-2.97374	2.59391	-0.06280
227.882	5.22057	-3.03649	2.49335	0.02008
231.869	5.28662	-3.05549	2.43496	0.09973
235.867	5.34698	-3.02966	2.53801	0.03205
239.871	5.28928	-2.95646	2.64537	0.08685
243.871	5.32304	-2.92143	2.69552	-0.02673
247.871	5.31433	-2.82929	2.63757	-0.04324
251.876	5.33647	-2.81173	2.60899	-0.08979
255.874	5.38444	-2.69847	2.72798	-0.14783
259.865	5.41226	-2.56163	2.76074	-0.13160
263.872	5.42528	-2.48331	2.93062	-0.15813
267.871	5.40294	-2.44409	2.96453	-0.21083
271.864	5.38277	-2.51596	2.98148	-0.23825
275.888	5.34607	-2.46538	3.02870	-0.26842
279.872	5.31086	-2.42831	3.05222	-0.28682
283.868	5.27314	-2.41136	3.03435	-0.30179
287.870	5.25584	-2.39656	3.03266	-0.27712
291.863	5.21543	-2.47188	3.04588	-0.26176
295.889	5.13427	-2.48408	3.12784	-0.25618
299.877	5.01398	-2.51856	3.15023	-0.22489
303.875	5.08559	-2.49996	3.18400	-0.19538
307.870	5.08286	-2.57978	3.16525	-0.10773
311.871	5.07254	-2.63409	3.16104	-0.03717
315.868	5.03112	-2.61393	3.20367	-0.07505
319.875	5.00881	-2.63795	3.17064	-0.09024
323.866	4.96273	-2.64832	3.17651	-0.05267
327.873	4.99007	-2.67679	3.18113	-0.08870
331.871	5.49195	-2.72109	3.19952	-0.29239
335.876	5.48914	-2.79528	3.21572	-0.19451
339.867	5.51223	-2.81218	3.17745	-0.40330
344.209	5.36230	-2.82963	3.20597	-0.31680
347.872	5.22566	-2.84564	3.09310	-0.20163
351.867	5.33008	-2.87282	3.09720	-0.21061
355.866	5.40378	-2.87255	3.17109	-0.27299
359.859	5.40956	-2.93202	3.11831	-0.29402
363.885	5.36132	-3.01170	3.15157	-0.28384
367.880	5.38061	-3.06603	3.17896	-0.45666
371.870	5.52347	-3.00221	3.19820	-0.47551
375.867	5.46635	-3.05267	3.22732	-0.34949
379.875	5.31512	-3.13000	3.21146	-0.39006
383.867	5.32107	-3.17839	3.22052	-0.38894
387.872	5.33064	-3.11964	3.25295	-0.39019
391.865	5.23935	-3.15071	3.26272	-0.41291
395.868	5.25763	-3.13547	3.24756	-0.48407
399.860	5.31612	-3.20481	3.15498	-0.45444
403.886	5.43654	-3.09986	3.08990	-0.42367
407.866	5.33751	-3.03582	3.27282	-0.33166
411.876	5.23546	-2.95674	3.26349	-0.26994
415.869	5.36826	-3.07337	3.13422	-0.26849
419.878	5.35854	-3.01810	2.95483	-0.19667
423.868	5.26197	-2.90594	3.04838	-0.02529
427.864	5.36139	-2.86365	3.32276	-0.01397
431.864	5.30796	-2.92081	3.17250	0.00538
435.869	5.33445	-3.05590	3.01170	0.07018
439.876	5.38016	-3.00161	2.91054	0.07445
443.870	5.36607	-2.85459	2.81206	0.09027
447.868	5.24850	-2.91899	3.41750	0.19028
451.878	5.35574	-3.06822	3.29822	0.17281
455.864	5.24897	-2.99779	3.31640	0.11898
459.874	5.26246	-2.88064	3.14469	-0.00687
463.868	5.22594	-2.78190	3.17705	0.00856
467.870	5.19283	-2.88691	3.00720	-0.06807
471.862	5.31342	-3.03387	2.91960	-0.04494
475.866	5.38361	-3.00535	2.82261	-0.02323
479.893	5.23507	-2.90088	3.11767	-0.01030
483.868	5.30783	-2.83312	3.35397	0.09573
487.861	5.05385	-2.81620	3.16968	0.22074
491.865	5.29747	-2.91029	3.17057	0.24910
495.867	5.22603	-2.88858	2.98695	0.14800
499.865	5.18744	-2.78135	2.93413	0.07209
503.873	5.13156	-2.81019	2.95327	0.15803
507.868	5.15005	-2.88377	3.01769	0.10765
511.869	5.16516	-2.91945	3.06956	0.24769
515.877	5.41421	-2.85044	3.22537	0.16724
519.868	5.35849	-2.84752	3.24432	0.13030
523.865	5.46295	-2.84372	3.22539	-0.11283
527.863	5.38238	-2.82147	3.14993	-0.21169
531.873	5.37876	-2.76588	3.07360	-0.13680
535.880	5.33527	-2.72648	3.09478	-0.15396
539.865	5.32572	-2.67579	3.04798	-0.17092
543.868	5.32326	-2.60480	3.08604	-0.22198
547.922	5.36198	-2.68134	3.17141	-0.21159
551.866	5.46782	-2.67040	3.15266	-0.18986
555.865	5.49360	-2.59631	3.20196	-0.32787
559.865	5.47882	-2.48069	3.13227	-0.35905
563.865	5.39510	-2.43022	3.07335	-0.46385
567.866	5.28633	-2.41025	2.97116	-0.33588
571.865	5.32424	-2.54854	2.92544	-0.28447
575.863	5.25335	-2.64741	3.27482	-0.21509
579.863	5.30572	-2.56250	3.45044	-0.28839
583.864	5.29115	-2.50211	3.29189	-0.44408
587.867	5.22320	-2.42806	3.26052	-0.25250
591.877	5.27356	-2.47214	3.10955	-0.23741
595.861	5.27813	-2.58215	3.38731	-0.36499
599.879	5.29664	-2.66441	3.22225	-0.17151
603.862	5.31750	-2.76112	3.30594	-0.17705
607.873	5.25960	-2.89870	3.11878	-0.14935
611.858	5.24326	-2.99075	3.11450	-0.07910
615.865	5.21491	-2.98840	3.08916	-0.05201
619.866	5.23669	-3.09376	3.19652	-0.13772
623.863	5.26379	-3.09609	3.24867	-0.27541
627.925	5.24897	-3.06860	3.23536	-0.35013
631.874	5.33000	-3.13479	3.29780	-0.35956
635.859	5.29519	-3.16575	3.26864	-0.10092
639.864	5.33647	-3.16031	3.24464	-0.03845
643.870	5.28367	-3.15123	3.25085	-0.06917
647.863	5.25941	-3.25740	3.27885	-0.20055
651.856	5.36324	-3.26287	3.29847	-0.49883
655.879	5.35293	-3.25007	3.29567	-0.32451
659.859	5.33261	-3.21612	3.24442	-0.35065
663.865	5.26957	-3.09892	3.17089	-0.12748
667.862	5.47823	-3.08558	3.30510	-0.07477
671.885	5.41733	-3.16344	3.35481	-0.02223
675.867	5.21710	-3.05173	3.28135	-0.15287
679.863	5.18151	-2.93208	3.26846	-0.45573
683.951	5.31445	-3.28473	3.30433	-0.34835
687.881	5.23098	-3.23039	3.27232	-0.36374
691.875	5.21880	-3.11938	3.18556	-0.24002
695.860	5.13326	-3.05303	3.12121	-0.17418
699.865	5.02933	-2.93505	3.35132	-0.08174
703.867	5.55615	-2.87616	3.53533	0.01491
707.872	5.29085	-2.92664	3.41164	-0.20868
711.868	5.13491	-2.99998	3.39507	-0.23176
715.857	5.14276	-2.93722	3.31190	-0.35117
719.865	5.13427	-3.04157	3.41286	-0.46471
723.859	5.28342	-3.09402	3.34437	-0.29617
727.865	5.32774	-3.10043	3.26089	-0.32986
731.886	5.32422	-3.14441	3.24377	-0.25558
735.859	5.32447	-3.24164	3.22487	-0.30516
739.873	5.29307	-3.24763	3.17940	-0.26289
743.870	5.35298	-3.19900	3.03554	-0.23340
747.856	5.31817	-3.29874	2.99450	-0.26222
751.926	5.26772	-3.34705	2.84083	-0.21632
755.875	5.28608	-3.33494	2.84437	-0.25337
759.857	5.27043	-3.35399	2.96208	-0.14872
763.868	5.27385	-3.37426	2.87940	-0.09803
767.861	5.22311	-3.09745	3.06442	-0.11087
771.859	5.17134	-2.99667	3.20446	-0.02818
775.864	5.14431	-2.71356	3.03202	0.08263
779.857	5.12794	-2.78714	3.04697	0.11543
783.862	5.11260	-2.72767	3.10898	0.13917
787.863	5.08709	-2.88650	3.24264	0.13201
791.862	5.21198	-2.98027	3.23841	0.02077
795.864	5.42835	-2.95378	3.42057	-0.10086
799.864	7.29074	-3.20288	5.73755	-0.00218
803.879	7.79422	-3.64601	6.60720	-0.12100
807.868	8.07200	-4.30353	7.13981	-0.12481
811.854	8.42700	-4.52889	7.19222	-0.27533
815.860	8.13325	-4.14517	6.77541	-0.27903
819.908	7.88453	-4.55370	6.27045	-0.40590
823.875	7.78721	-4.49026	5.85109	-0.75391
827.864	7.84959	-4.28508	6.02212	-0.99933
831.854	7.94779	-4.06972	5.99301	-1.10739
835.863	7.95219	-3.97262	5.96497	-0.96702
839.862	7.91546	-3.79690	6.03199	-0.91702
843.859	7.98208	-3.73660	6.03049	-0.98950
847.865	8.08029	-4.11887	6.07410	-0.96104
851.858	8.00253	-4.35154	5.99247	-1.15396
855.857	7.95460	-4.04889	5.93767	-1.21023
859.866	7.93048	-3.92446	5.88501	-1.23184
863.854	7.92595	-3.74199	5.81103	-1.18787
867.861	7.99919	-3.93029	5.90880	-1.22635
871.858	8.10493	-3.86220	5.90963	-1.23102
875.869	8.26505	-3.74893	6.02450	-1.17395
879.868	8.26680	-3.78606	6.12803	-1.13942
883.856	8.36749	-3.90516	6.21627	-1.17856
887.871	8.32944	-4.00012	6.24210	-1.17949
891.863	8.26998	-3.89830	6.38582	-1.12780
895.860	8.24069	-3.79260	6.50251	-1.11093
899.854	8.28792	-3.77021	6.45765	-1.11619
903.910	8.43807	-3.81808	6.42707	-1.11021
907.865	8.60405	-3.80999	6.44005	-1.17568
911.857	8.60356	-3.72819	6.42697	-1.20837
915.859	8.54527	-3.72977	6.36792	-1.22841
919.862	8.46065	-3.75599	6.39109	-1.27080
923.857	8.40679	-3.78816	6.37932	-1.33607
927.866	8.32174	-3.83109	6.30884	-1.23114
931.861	8.21813	-3.79267	6.28231	-1.23604
935.864	8.15983	-3.87702	6.24752	-1.27380
939.863	8.40660	-3.89941	6.19351	-1.29521
943.875	8.36278	-3.92841	6.17695	-1.33076
947.856	8.21342	-3.92216	6.18583	-1.34600
951.856	8.25212	-3.94912	6.22145	-1.34934
955.863	8.15579	-3.98216	6.17624	-1.31276
959.864	8.10970	-3.97809	6.19231	-1.31477
963.854	8.07080	-3.98362	6.21438	-1.28101
967.856	8.11479	-3.94631	6.19694	-1.26039
971.859	8.27035	-3.91332	6.20560	-1.31037
975.733	8.41786	-3.91545	6.18095	-1.34868
979.737	8.45065	-3.81800	6.18824	-1.44786
983.730	8.37993	-3.70267	6.19628	-1.46769
987.734	8.48075	-3.52558	6.16608	-1.41743
991.728	8.39754	-3.54921	6.03425	-1.38772
995.734	8.54921	-3.73849	5.83510	-1.25923
999.748	8.60786	-2.92427	6.07312	-0.84674
1003.725	8.82994	-0.92828	6.42234	1.20907
1007.726	8.77487	0.11461	6.86197	3.32954
1011.749	8.71603	2.20904	6.35248	5.73901
1015.729	8.75916	2.17987	6.34697	4.22816
1019.734	8.63791	2.33866	6.05520	5.53015
1023.760	8.44108	3.11365	5.81847	6.20007
1027.747	8.05686	3.59389	5.80710	6.30123
1031.728	8.10975	3.42137	5.88766	6.07029
1035.729	8.09533	3.17146	6.28609	5.88009
1039.731	8.26548	2.55472	6.44118	5.13086
1043.740	8.07275	2.95904	6.33370	5.69559
1047.749	8.00545	3.11957	6.14361	6.06164
1051.733	7.92731	2.90229	6.07736	6.29319
1055.759	7.88444	2.92419	6.09918	6.35822
1059.732	7.89866	2.91189	5.94804	6.39154
1063.734	7.90360	2.90388	5.91145	6.42523
1067.791	7.89201	2.92370	6.01630	6.19311
1071.732	7.93603	2.87741	6.14926	6.06561
1075.730	7.99501	2.76216	6.08465	6.10098
1079.763	8.06317	2.75200	5.94283	6.15766
1083.740	8.17712	2.70717	5.90625	6.19288
1087.728	8.17986	2.69267	5.85667	6.22252
1091.766	8.18551	2.69477	5.89669	6.20231
1095.766	8.08419	2.86370	5.90487	6.06355
1099.732	8.02071	3.03240	5.91042	6.05071
1103.744	7.94547	3.16358	5.97875	5.98927
1107.735	7.55096	3.48547	6.04620	5.89405
1111.726	7.65949	3.48577	6.16353	5.83835
1115.735	7.54581	3.73274	6.17585	5.82638
1119.728	7.59190	3.73355	6.13777	5.77420
1123.730	7.46316	3.88504	6.14511	5.73097
1127.739	7.35312	3.88152	6.20268	5.68024
1131.736	7.37277	3.84328	6.21070	5.66163
1135.750	7.37897	3.86560	6.25097	5.63074
1139.727	7.40130	3.81761	6.28732	5.65553
1143.729	7.49522	3.78712	6.34780	5.66287
1147.736	7.62182	3.75661	6.42851	5.69694
1151.724	7.67911	3.78352	6.47076	5.79957
1155.728	7.88446	3.60634	6.40067	5.84998
1159.731	8.05991	3.41238	6.30767	6.03238
1163.736	7.78358	3.58592	6.19248	6.26945
1167.725	7.56313	3.58351	6.22822	6.38289
1171.728	7.64708	3.54226	6.16356	6.18928
1175.731	7.89771	3.46457	6.21321	6.19600
1179.728	7.90467	3.48715	6.25931	6.13879
1183.732	7.96212	3.46572	6.39209	6.10429
1187.729	8.05100	3.50588	6.40307	6.17966
1191.723	8.11612	3.43666	6.30208	6.17313
1195.743	8.12495	3.30453	6.16866	6.27769
1199.735	8.07706	3.37031	6.11466	6.44193
1203.730	7.79215	3.44352	6.10153	6.54951
1207.728	7.74311	3.43030	6.04085	6.55895
1211.724	7.65568	3.44240	6.13463	6.26798
1215.744	7.66400	3.45796	6.13508	6.37442
1219.727	7.74756	3.43674	6.05417	6.56462
1223.730	8.03032	3.47779	6.00946	6.42353
1227.757	7.98369	3.50700	5.95034	6.52454
1231.734	7.87718	3.59279	5.89856	6.56279
1235.728	7.83312	3.57949	5.84367	6.58511
1239.722	8.00413	3.64931	5.80263	6.73622
1243.732	8.10868	3.67745	5.74883	6.70857
1247.725	8.16389	3.66060	5.72175	6.60804
1251.731	8.20090	3.59809	5.68268	6.56254
1255.737	8.16530	3.61740	5.66027	6.61352
1259.731	8.22161	3.42502	5.59715	6.56345
1263.727	8.28361	3.06030	5.64535	6.44947
1267.733	8.25093	3.07004	5.62461	6.47294
1271.727	8.25131	2.98740	5.61950	6.45264
1275.726	8.25331	2.78393	5.60207	6.45031
1279.728	8.24300	2.81460	5.57313	6.36339
1283.732	8.16289	2.75750	5.64294	6.32712
1287.726	8.10316	2.64652	5.65169	6.28654
1291.730	7.98995	2.65065	5.80644	6.23387
1295.754	8.03925	2.76615	6.10284	6.20582
1299.745	8.02613	2.77287	6.20143	6.17939
1303.734	7.98705	2.88242	6.21772	6.19797
1307.727	7.93369	2.94954	6.19111	6.26703
1311.721	7.87258	3.05153	6.10622	6.32641
1315.738	7.75317	3.10975	6.19118	6.33583
1319.733	7.69215	3.18386	6.24609	6.27748
1323.730	7.66907	3.28163	6.19824	6.31054
1327.725	7.64518	3.41620	6.20013	6.34324
1331.725	7.57552	3.48861	6.25465	6.25481
1335.732	7.49600	3.64978	6.29972	6.14449
1339.746	7.61807	3.69837	6.21936	6.15796
1343.730	7.59717	3.93577	6.15097	6.14690
1347.721	7.59583	4.44956	6.09646	6.19808
1351.740	7.51154	4.56883	6.09071	6.17995
1355.727	7.56303	3.89377	6.04573	6.17390
1359.723	7.59139	3.81014	5.97858	6.14812
1363.722	7.74415	3.24672	6.01893	6.10062
1367.747	7.81254	3.50200	6.02708	6.21336
1371.726	7.78282	3.22735	6.05803	6.32278
1375.727	7.81800	3.35116	6.17528	6.25350
1379.732	8.12714	3.29674	6.26135	6.15063
1383.730	8.05939	3.17751	6.40717	6.01122
1387.728	8.00978	3.34735	6.28729	5.91011
1391.726	7.88351	3.21504	6.32561	5.95295
1395.718	7.72507	3.19500	6.32365	5.79072
1399.735	7.96271	3.16227	6.18956	5.75652
1403.731	8.02005	3.14217	6.15794	5.97762
1407.737	8.00219	3.17413	6.31843	5.86650
1411.725	7.91660	3.44256	6.39663	5.76323
1415.728	7.86841	3.44598	6.45221	5.96727
1419.728	8.06217	3.38012	6.16687	6.04369
1423.727	5.46598	3.71390	4.04478	6.33142
1427.726	3.85983	4.26729	3.60591	6.29619
1431.749	1.79562	4.11461	0.67352	6.83583
1435.726	-0.86193	5.69575	-0.73526	6.72755
1439.728	-1.59710	4.98497	-1.11832	6.57569
1443.730	-2.71595	5.13220	-3.73114	6.71059
1447.723	-5.41263	5.05303	-4.77224	6.36502
1451.738	-5.61888	5.48457	-7.08996	7.01554
1455.733	-6.67716	6.17767	-7.02937	7.03572
1459.722	-8.31329	6.48920	-7.60534	7.60619
1463.731	-6.29528	5.43865	-8.13349	7.53899
1467.726	-6.83291	5.69357	-7.56864	7.57752
1471.731	-7.17473	5.86429	-7.64349	7.80026
1475.723	-7.49246	5.93465	-7.71854	7.29961
1479.726	-7.96480	6.17167	-7.75219	7.59409
1483.717	-7.58861	5.89306	-7.96673	7.61970
1487.744	-7.79495	6.04299	-8.10661	7.59434
1491.729	-7.52991	5.81850	-8.34113	7.65203
1495.722	-7.77624	5.91786	-8.24587	7.67299
1499.725	-7.70809	5.90933	-8.32038	7.83382
1503.729	-7.58132	5.83035	-8.22110	7.74659
1507.733	-7.78114	5.96412	-8.31380	7.83099
1511.724	-7.82528	6.01436	-8.03755	7.83294
1515.726	-7.85502	6.05298	-8.12045	7.99623
1519.724	-7.73394	6.07629	-8.10605	8.29241
1523.728	-7.77792	6.09289	-8.28570	8.47213
1527.721	-7.81875	6.15062	-8.16420	8.42285
1531.725	-7.92712	6.17705	-8.30281	8.65390
1535.718	-8.00460	6.22297	-8.05981	8.22631
1539.728	-8.05998	6.30151	-8.08299	8.26989
1543.723	-7.89016	6.25318	-8.17597	8.17570
1547.739	-7.91222	6.24861	-7.87377	7.69220
1551.743	-7.82962	6.14678	-8.08007	8.33458
1555.729	-7.94138	6.13030	-8.16189	8.37875
1559.721	-7.63016	6.09006	-8.20967	8.29424
1563.737	-7.69444	6.11087	-8.13300	8.17907
1567.725	-7.90813	6.15451	-8.14147	8.16528
1571.724	-7.79069	5.91722	-7.99313	8.06359
1575.732	-7.91224	5.90712	-7.78516	7.94249
1579.720	-7.63950	5.77483	-8.04874	8.02854
1583.718	-7.37426	5.55973	-8.04922	8.16086
1587.720	-7.51971	5.67189	-8.00776	8.01793
1591.730	-7.66066	5.64020	-8.16688	8.42701
1595.720	-7.77159	5.77231	-8.11727	8.19047
1599.714	-7.61426	5.91750	-8.05338	7.93587
1603.767	-7.72588	5.87858	-7.88965	7.81742
1607.727	-7.89997	5.99390	-7.46448	8.00569
1611.725	-7.99131	5.77280	-7.76506	8.54210
1615.719	-7.47348	5.64509	-7.89724	8.22524
1619.722	-7.49522	5.73756	-7.97240	7.99229
1623.723	-7.77290	5.78134	-7.98369	8.16862
1627.732	-7.49512	5.91449	-8.45587	8.26078
1631.730	-7.82879	6.00686	-8.78413	8.20849
1636.204	-7.74525	5.99981	-8.69290	8.23831
1639.747	-6.33839	5.70518	-6.95135	7.97778
1643.734	-5.36314	5.40556	-4.95265	6.69151
1647.719	-1.86860	2.89760	-1.45177	3.91906
1651.723	1.50929	0.31088	0.49170	3.61405
1655.722	1.83320	-0.74912	2.21888	1.30162
1659.728	3.23014	-2.71856	3.64548	0.12645
1663.726	4.69761	-2.64750	3.70134	-0.79287
1667.720	5.35711	-2.84525	3.88433	-1.32611
1671.724	5.53913	-2.94534	3.99763	-1.70511
1675.725	5.60861	-3.13027	4.11735	-2.13021
1679.719	5.72119	-3.09505	4.10416	-1.87363
1683.720	5.75944	-3.22228	4.03932	-1.41569
1687.721	5.88876	-3.54919	3.98309	-1.47505
1691.733	5.90715	-3.59531	4.00840	-1.77346
1695.724	6.18446	-3.79796	4.07108	-2.06429
1699.729	6.11834	-3.90395	4.19366	-1.97061
1703.740	5.94676	-3.96946	4.33910	-1.82509
1707.721	6.20094	-3.84871	4.28957	-1.80647
1711.728	6.32669	-4.05477	4.39116	-1.93515
1715.727	6.45165	-3.99592	4.27809	-1.98235
1719.719	6.35971	-4.01719	4.19657	-1.89881
1723.718	6.20867	-4.05761	4.21560	-2.07812
1727.726	6.39989	-4.05034	4.31018	-1.83120
1731.747	6.74144	-4.05631	4.32639	-2.01885
1735.717	6.52164	-4.04116	4.28804	-1.94200
1739.718	6.24327	-4.02807	4.19173	-1.87991
1743.723	6.38307	-3.97655	4.20518	-1.95907
1747.716	6.74993	-3.96781	4.22056	-2.05892
1751.718	6.53688	-3.99004	4.17075	-2.04829
1755.734	6.20492	-3.97546	4.12984	-2.07993
1759.731	6.35773	-3.96446	4.14409	-1.80728
1763.713	6.71767	-3.97901	4.20397	-1.99729
1767.729	6.52390	-3.98354	4.15781	-2.04679
1771.724	6.17833	-4.00916	4.15687	-2.05246
1775.728	6.54653	-3.99367	4.17613	-1.64939
1779.715	6.73292	-3.95047	4.16690	-1.92084
1783.722	6.36523	-3.91195	4.16139	-2.07339
1787.716	6.20094	-3.86248	4.20472	-1.75755
1791.728	6.63725	-3.84571	4.17492	-1.44787
1795.723	6.61800	-3.71885	4.19662	-1.64805
1799.723	6.37310	-3.60519	4.14542	-1.77021
1803.720	6.49810	-3.75387	4.10335	-1.82850
1807.720	6.47514	-3.83738	4.15678	-1.64007
1811.723	6.62821	-3.44390	4.16591	-1.89403
1815.715	6.55591	-3.46843	4.13347	-1.80411
1819.716	6.61614	-3.77179	4.13191	-1.88619
1823.727	6.50447	-3.93550	4.13169	-1.47354
1827.719	6.49590	-3.73196	4.12875	-1.66942
1831.595	6.56953	-3.74341	4.10594	-1.89920
1835.591	6.54158	-3.90388	4.13100	-1.76175
1839.593	6.57382	-4.03389	4.13586	-1.54523
1843.594	6.49154	-3.77361	4.12759	-1.68735
1847.597	6.54149	-3.53572	4.13036	-1.90788
1851.590	6.49719	-3.67144	4.25835	-1.80771
1855.594	6.48938	-3.96344	4.22792	-1.66178
1859.587	6.51354	-3.62777	4.08076	-1.70885
1863.598	6.44003	-3.53744	3.98674	-1.69564
1867.591	6.33120	-3.69445	4.51144	-1.70125
1871.595	6.54200	-3.63804	4.23016	-1.84751
1875.650	6.61374	-3.55673	4.01796	-1.89792
1879.600	6.40606	-3.45393	4.08589	-1.74747
1883.598	6.14165	-3.50083	4.10206	-1.74441
1887.595	6.65181	-3.48802	4.10137	-2.07347
1891.594	6.74719	-3.50394	4.11752	-1.86209
1895.591	6.38415	-3.49214	4.08248	-1.75354
1899.591	6.12087	-3.50517	4.01870	-1.78837
1903.606	6.71052	-3.55352	3.97417	-1.96619
1907.588	6.71645	-3.52607	4.15744	-1.69120
1911.595	6.51973	-3.47990	4.09263	-1.75533
1915.596	6.06708	-3.44688	4.12100	-1.77990
1919.588	6.55841	-3.59689	4.16295	-1.92038
1923.589	6.33358	-3.51832	4.12253	-1.99574
1927.596	6.42900	-3.43225	4.15418	-1.89678
1931.596	6.51067	-3.61019	4.17028	-1.73128
1935.613	6.69314	-3.71332	4.26393	-1.96174
1939.594	6.55618	-3.70997	4.18825	-1.94678
1943.591	6.61398	-4.06414	4.10006	-1.98428
1947.600	6.51733	-4.24377	4.16021	-1.88768
1951.585	6.28248	-4.38919	4.34578	-1.89993
1955.594	6.46564	-4.22276	4.42010	-1.91273
1959.589	6.37315	-4.16978	4.34265	-1.82306
1963.594	6.36356	-4.02222	4.16588	-1.65654
1967.586	6.62606	-4.08435	4.12135	-1.72641
1971.598	6.62287	-4.10633	3.98195	-2.00799
1975.619	6.50432	-4.07316	4.07374	-2.03270
1979.591	6.43358	-3.93075	3.97101	-1.92002
1983.592	6.27317	-3.81835	4.00223	-1.87637
1987.588	6.22262	-3.67495	4.00161	-1.96264
1991.593	6.15605	-3.70968	4.07177	-1.83028
1995.588	6.77932	-3.65671	4.73209	-1.71272
1999.610	7.55674	-3.56138	6.61604	-1.79387
2003.588	11.10206	-3.31634	7.37860	-1.56405
2007.593	11.42539	-3.55805	8.83789	-1.68604
2011.593	11.61466	-3.40194	10.66172	-1.83731
2015.588	12.77230	-3.13485	11.52424	-1.87507
2019.593	13.03717	-3.01446	11.59137	-1.90528
2023.587	12.32622	-3.05057	10.96815	-1.84632
2027.601	11.58503	-3.02753	10.29125	-1.85899
2031.594	11.73090	-2.70212	10.01932	-1.79662
2035.588	12.23891	-2.53480	10.23565	-1.85978
2039.589	12.61013	-2.57981	10.24978	-2.01304
2043.664	12.77299	-2.45115	10.49954	-2.00975
2047.590	12.85326	-2.47185	10.64751	-1.90792
2051.587	12.64577	-2.34610	10.85535	-1.90729
2055.596	12.60278	-2.40060	10.78709	-1.93445
2059.591	12.46779	-2.36027	10.56949	-1.94744
2063.595	12.44309	-2.35047	10.44878	-1.95113
2067.604	12.47808	-2.30633	10.31893	-1.87832
2071.597	12.49441	-2.29245	10.31689	-1.91245
2075.586	12.53126	-2.35194	10.48255	-1.86015
2079.591	12.49150	-2.40912	10.66297	-1.87470
2083.594	12.47290	-2.46260	10.63559	-1.88413
2087.590	12.41187	-2.59262	10.95897	-1.86466
2091.583	12.39265	-2.71375	11.00357	-1.88823
2095.602	12.37671	-2.77540	11.11829	-1.92235
2099.598	12.36359	-2.92854	11.13234	-1.93555
2103.593	12.36400	-3.02437	11.24340	-1.84605
2107.591	12.35741	-2.92445	11.22721	-1.84284
2111.598	12.37411	-2.83061	11.19884	-1.83491
2115.588	12.34709	-2.88836	11.16612	-1.82077
2119.586	12.34375	-2.88521	11.23401	-1.80396
2123.597	12.35483	-2.89579	11.16648	-1.71819
2127.590	12.34728	-2.91851	11.18609	-1.67859
2131.589	12.37693	-2.94427	10.92504	-1.67833
2135.595	12.37745	-2.97024	10.80275	-1.64138
2139.600	12.41774	-2.84578	10.68993	-1.63251
2143.589	12.48887	-2.77682	10.73873	-1.62305
2147.587	12.49190	-2.80002	10.68751	-1.65299
2151.590	12.64607	-2.70725	10.62538	-1.71555
2155.582	12.64161	-2.63645	10.43364	-1.65384
2159.590	12.64810	-2.65470	10.40833	-1.64990
2163.585	12.63946	-2.54970	10.36389	-1.71317
2167.590	12.60930	-2.60649	10.34019	-1.74776
2171.583	12.60145	-2.65562	10.33291	-1.81931
2175.585	12.58720	-2.61748	10.34852	-1.83011
2179.616	12.57682	-2.57833	10.34057	-1.89794
2183.594	12.57583	-2.58488	10.31026	-1.92743
2187.586	12.55614	-2.66538	10.26360	-1.94393
2191.604	12.54708	-2.64732	10.19921	-2.00053
2195.594	12.52395	-2.75251	10.17418	-1.98899
2199.582	12.47073	-2.94721	10.19147	-1.99008
2203.585	12.47600	-2.96987	10.16081	-1.99733
2207.597	12.47728	-2.96605	10.13631	-1.97747
2211.583	12.52958	-2.90139	10.09508	-1.97685
2215.586	12.52492	-3.03479	10.10064	-1.95397
2219.593	12.52350	-3.03169	10.11774	-1.95342
2223.585	12.52535	-3.14556	10.14636	-1.90104
2227.583	12.53317	-3.17587	10.24853	-1.86396
2231.584	12.52152	-3.16317	10.30120	-1.76664
2235.586	12.47965	-3.09912	10.39609	-1.75633
2239.583	12.39767	-3.03911	10.43356	-1.68551
2243.584	12.35114	-2.91207	10.40120	-1.61980
2247.603	12.44195	-2.71043	10.39851	-1.40513
2251.588	12.39542	-2.90400	10.47840	-1.51660
2255.592	12.00592	-2.85646	10.46445	-1.45311
2259.588	10.76685	-2.84787	7.93459	-1.22978
2263.593	8.67405	-1.59810	6.21593	-0.88003
2267.581	5.71814	-0.46325	5.05503	1.05968
2271.589	3.19279	0.24208	2.52077	2.38474
2275.584	1.81850	1.66803	0.10897	3.02651
2279.585	0.71459	0.27212	-0.92368	2.81429
2283.588	-2.00244	1.46806	-2.48069	3.36356
2287.590	-3.20310	1.74578	-5.34826	3.85722
2291.588	-5.19254	2.18777	-5.97737	3.81010
2295.582	-7.18127	3.90300	-9.17621	5.11979
2299.603	-9.28117	3.97579	-9.02162	4.79910
2303.594	-9.26358	3.85142	-9.57828	5.35897
2307.604	-9.31252	4.18481	-9.54233	4.97778
2311.583	-8.83100	3.93303	-9.20451	5.35123
2315.588	-7.81724	3.63002	-9.27540	5.63611
2319.588	-8.88935	4.18658	-8.86020	5.10545
2323.589	-9.10008	4.05836	-9.32410	5.15852
2327.584	-8.83345	3.78715	-9.77541	5.57390
2331.598	-9.38228	4.22195	-9.86840	5.56689
2335.587	-9.05405	4.23577	-9.74458	5.57980
2339.603	-9.46734	4.32979	-9.53110	5.39559
2343.610	-8.48750	4.03567	-9.55736	5.35830
2347.585	-9.42702	4.50450	-9.46025	5.63859
2351.586	-9.00363	4.13695	-9.01823	5.31661
2355.595	-8.86481	3.82499	-9.22685	5.13950
2359.586	-9.13383	4.19952	-9.70150	5.42352
2363.577	-9.05480	4.41124	-9.74974	5.66352
2367.594	-9.56267	4.44837	-9.77785	5.72453
2371.590	-8.45876	3.77960	-9.67550	5.51700
2375.586	-9.00385	4.19981	-9.53639	5.40687
2379.587	-9.58642	4.46735	-9.43822	5.48624
2383.776	-9.55601	4.50155	-9.38356	5.45914
2387.603	-8.73499	4.37201	-9.58398	5.72231
2391.585	-9.11230	4.47063	-9.53084	5.52976
2395.587	-9.32342	4.42010	-9.47133	5.43605
2399.582	-8.51489	4.39070	-9.40219	5.30202
2403.595	-8.81828	4.52566	-9.54691	5.40938
2407.589	-9.00714	4.62626	-9.79019	5.56065
2411.584	-8.99959	4.52257	-9.76534	5.45846
2415.577	-8.88838	4.31018	-9.73525	5.42919
2419.586	-9.01256	4.21199	-9.88196	5.58398
2423.583	-9.08955	4.17922	-9.35841	5.54628
2427.591	-9.72518	4.41361	-9.31216	5.20833
2431.576	-9.65510	4.58079	-8.97319	5.37488
2435.585	-8.79068	4.17663	-9.78520	5.34389
2439.593	-8.80650	4.16004	-9.07404	5.47047
2443.583	-8.76794	4.01381	-9.43808	5.71493
2447.597	-9.66528	4.23125	-9.28398	5.54462
2451.581	-8.76578	4.12636	-9.18199	5.46284
2455.584	-8.92900	4.32230	-9.07077	5.43684
2459.588	-9.50962	4.21725	-9.14075	5.54510
2463.582	-9.82778	4.35303	-9.26766	5.64396
2467.589	-9.00508	4.33099	-9.28992	5.54695
2471.585	-8.92214	4.40238	-9.30619	5.58493
2475.593	-8.81183	4.49072	-9.33099	5.55828
2479.586	-9.44795	4.60770	-9.34698	5.63363
2483.580	-9.73868	4.50559	-9.44701	5.75334
2487.579	-8.97322	4.33879	-9.44964	5.64270
2491.587	-9.02147	4.36920	-9.44151	5.50251
2495.581	-8.99232	4.40725	-9.49600	5.64949
2499.599	-8.96419	4.39114	-9.44078	5.53854
2503.574	-8.85385	4.41209	-9.49970	5.44471
2507.583	-8.82475	4.42005	-9.51949	5.49993
2511.597	-8.92508	4.43922	-9.54281	5.52335
2515.584	-8.87517	4.47411	-9.58743	5.58863
2519.586	-8.89368	4.43426	-9.69205	5.69044
2523.623	-8.86500	4.42189	-9.69735	5.68834
2527.579	-8.78617	4.41604	-9.75967	5.71990
2531.583	-8.82919	4.50810	-9.80308	5.81124
2535.574	-8.80086	4.53712	-9.89077	5.99226
2539.599	-8.83260	4.58326	-9.92232	6.12353
2543.582	-8.78988	4.57996	-9.93766	5.93480
2547.591	-8.85112	4.60811	-9.93829	6.00207
2551.584	-8.83066	4.62032	-9.93542	5.98721
2555.605	-8.78988	4.61939	-9.93838	5.98774
2559.588	-8.74707	4.57428	-9.95637	6.01358
2563.579	-8.70313	4.54238	-9.94163	5.95580
2567.583	-8.69632	4.46796	-9.91705	5.93457
2571.579	-8.61441	4.34605	-9.85724	5.99066
2575.580	-8.59890	4.24088	-9.90351	6.08518
2579.581	-8.63178	4.09694	-9.84684	6.05298
2583.575	-8.74588	4.04604	-9.80896	6.00580
2587.582	-8.84695	3.88796	-9.81481	6.04214
2591.660	-9.33985	4.08819	-9.81048	6.02284
2595.583	-9.31709	4.10297	-9.86100	6.07018
2599.580	-9.11394	4.22742	-9.95762	6.07378
2603.624	-9.25391	4.31922	-9.90156	6.05714
2607.570	-9.55999	4.34022	-9.92630	6.11850
2611.590	-9.21125	4.23020	-8.74401	6.17856
2615.582	-6.14428	4.26400	-5.88695	6.36534
2619.595	-4.75363	4.49842	-6.11373	8.66848
2623.580	-2.25714	4.82761	-3.05390	9.09791
2627.588	-0.56113	5.32686	-1.52980	9.03709
2631.592	0.91406	5.63399	-0.48602	9.77654
2635.581	2.14258	5.45078	1.48176	9.67901
2639.582	5.21956	5.33717	1.71300	9.99327
2643.586	5.78514	5.68644	3.62991	9.14875
2647.578	5.73389	6.00438	2.81610	10.11121
2651.577	5.27892	5.91192	2.61568	9.87807
2655.643	2.84509	6.13479	2.15621	10.26790
2659.625	2.44239	6.50495	2.08131	10.38063
2663.579	3.14595	6.67522	2.50142	10.04277
2667.579	5.69703	6.32120	2.75579	10.11997
2671.572	5.70114	6.33911	3.18007	10.12893
2675.593	5.64931	6.41986	3.40086	9.98552
2679.591	5.57837	6.45284	3.10913	10.13208
2683.456	5.61709	6.43567	3.31049	9.91290
2687.454	5.39637	6.30553	3.37447	9.76587
2691.461	5.38262	6.10083	3.25728	10.01454
2695.449	5.29420	6.33901	3.08951	10.22642
2699.460	3.78867	7.15672	3.15055	10.00221
2703.455	3.87443	6.87117	3.22552	9.90618
2707.444	3.97180	6.60267	3.32501	9.80514
2711.463	4.31018	6.77752	3.41879	9.62162
2715.448	4.81850	6.66462	3.24006	9.68829
2719.476	5.40316	6.34239	3.22814	9.75856
2723.478	5.27535	6.09200	3.06701	9.95887
2727.456	4.89412	6.76454	3.03605	9.86168
2731.453	4.87069	6.68072	3.00923	9.75388
2735.448	4.74193	6.52235	3.01252	9.62608
2739.452	4.65454	6.83568	3.10403	9.53589
2743.464	5.41150	6.62065	3.17982	9.56585
2747.461	5.31905	6.72223	3.22049	9.51515
2751.451	5.57999	6.57186	3.11653	9.55954
2755.454	5.59703	6.58564	2.98614	9.94799
2759.448	5.61544	6.48818	3.05766	9.76485
2763.470	5.11474	6.62603	2.96700	9.95984
2767.456	5.16551	6.54953	2.99547	9.80121
2771.449	5.60408	6.46921	3.03229	9.82830
2775.450	5.69295	6.36741	3.03969	9.86600
2779.455	5.69519	6.32352	3.15515	9.82065
2783.449	5.56106	6.27062	3.20243	9.85230
2787.454	5.53763	6.25328	3.06469	9.86725
2791.478	5.50159	5.99731	3.07568	9.84916
2795.454	5.62345	5.94256	3.11282	9.75632
2799.448	5.65796	5.85239	2.83326	9.99862
2803.469	5.39391	6.36853	2.96376	9.87942
2807.461	5.36186	6.30598	3.10876	9.76087
2811.455	5.13195	6.16680	3.36859	9.41659
2815.455	4.64630	6.48933	3.21567	9.85875
2819.450	4.70660	6.64711	3.15943	9.91656
2823.450	4.77959	6.84090	3.30606	9.84774
2827.459	5.51120	6.58117	3.33362	9.85590
2831.456	5.95425	6.23692	2.76928	9.99172
2835.449	5.84436	6.20739	2.91039	9.98648
2839.451	5.22842	6.53860	2.98715	9.98258
2843.451	4.99755	6.36613	3.30779	9.84702
2847.461	4.97036	6.06923	3.35469	9.80907
2851.456	4.55872	6.91923	3.23519	9.74244
2855.448	4.75201	7.04888	3.00539	9.85412
2859.480	5.71070	6.42223	3.34101	9.40156
2863.503	5.76585	6.40594	3.33404	9.73121
2867.448	5.51981	6.25131	3.27353	10.07425
2871.452	4.35748	6.04298	3.35654	9.80618
2875.462	5.35662	5.87443	2.88106	10.02418
2879.471	5.44016	5.79795	2.98393	10.09937
2883.451	5.22475	5.89019	3.09864	9.96188
2887.448	5.36009	6.12412	3.39097	9.88969
2891.457	4.80551	6.44658	3.15317	9.97899
2895.450	4.74318	6.39583	2.90032	9.87315
2899.447	5.23302	6.31673	3.03378	9.87468
2903.448	5.67929	6.09161	3.27618	9.80441
2907.460	5.63923	6.08435	3.24281	9.81275
2911.451	5.80246	6.01153	2.86405	9.82301
2915.463	5.41384	5.79235	2.99505	9.70082
2919.478	5.44800	5.90033	3.18967	9.51646
2923.446	5.39628	6.11106	3.20879	9.47026
2927.450	5.16873	6.28957	3.66866	9.26500
2931.456	5.32749	6.06693	3.13076	9.58661
2935.457	5.21732	5.97881	3.20647	9.51093
2939.454	4.93115	6.20457	3.26198	9.56565
2943.447	5.06804	6.02772	3.44735	9.41313
2947.466	5.16086	6.12655	3.28872	9.84726
2951.457	5.57992	5.97079	3.49505	9.84729
2955.448	5.57503	5.77388	2.68593	9.95125
2959.447	5.73195	5.85311	3.02450	10.07337
2963.448	5.86153	5.79315	3.00673	10.17047
2967.453	5.83933	5.40508	3.09280	10.09941
2971.454	5.28089	5.55508	3.26844	9.92127
2975.451	5.60010	5.98056	3.44241	9.84048
2979.448	4.89104	6.85546	3.16708	10.02200
2983.453	5.03073	7.09639	2.87631	10.07944
2987.447	5.82847	6.26963	2.94366	9.83207
2991.451	5.85529	5.98935	3.07600	9.68227
2995.455	5.87837	5.89220	3.19741	9.56287
2999.453	4.67377	6.29081	3.28402	9.58792
3003.465	4.74419	6.23906	3.47082	9.45741
3007.451	4.88207	6.11713	3.34564	9.22566
3011.446	5.03297	6.19414	3.17747	9.47622
3015.453	5.20600	6.13319	3.33871	9.32515
3019.450	5.56254	6.06831	3.48872	9.20826
3023.445	5.58280	5.87871	3.40269	9.46504
3027.446	5.90018	5.81568	3.41469	9.32724
3031.448	5.89335	5.64538	3.49871	9.25610
3035.451	5.54344	5.34812	3.31764	9.31493
3039.450	5.41608	6.03760	3.04556	10.14335
3043.442	5.20711	6.27787	3.13321	9.67604
3047.452	5.41170	6.24634	3.16624	9.73453
3051.447	5.50309	5.95536	3.31435	9.89764
3055.474	4.98687	6.11478	2.58910	10.08782
3059.455	4.83755	6.32352	2.79909	9.95141
3063.467	5.31662	6.27963	2.84744	10.09158
3067.453	5.62726	6.23649	3.39557	9.94977
3071.451	6.44059	6.08643	3.84985	9.88396
3075.449	8.35845	5.63374	7.52552	9.35332
3079.441	11.07551	5.24427	8.83134	7.32480
3083.458	11.33082	5.17923	10.74695	6.42356
3087.448	11.69605	5.83153	10.66630	6.06322
3091.456	12.63371	5.10327	10.93935	5.70227
3095.442	12.06681	4.55426	10.87512	5.76988
3099.451	12.09531	4.28256	10.83472	5.49948
3103.453	12.09973	4.39623	10.44088	5.35927
3107.449	12.14980	4.66112	10.42658	5.60642
3111.443	12.31028	4.81280	10.65472	5.61579
3115.450	12.23189	4.59717	10.93201	5.23757
3119.446	12.34723	4.47687	10.97339	5.20909
3123.449	12.36502	4.12507	10.92112	5.39511
3127.448	12.45733	4.24142	10.99934	5.34311
3131.490	12.77639	4.18371	10.99066	5.35441
3135.489	12.60112	4.19731	10.95502	5.24541
3139.460	12.65583	4.07126	10.92562	5.19775
3143.443	12.65852	3.98787	10.97937	5.24958
3147.443	12.68853	3.94100	11.00984	5.32650
3151.445	12.78349	3.82910	11.04623	5.19223
3155.449	12.85881	3.83657	10.89520	5.59524
3159.443	12.90194	3.78370	10.87225	5.33032
3163.443	12.82677	3.81566	10.87726	5.61952
3167.444	12.89621	3.78379	10.84401	5.34674
3171.447	12.86671	3.87576	10.76575	5.35538
3175.446	12.68328	4.28609	10.64964	5.53562
3179.443	12.68975	4.48052	10.68645	5.55239
3183.449	12.78257	4.53878	10.76978	5.56323
3187.449	12.92147	4.44727	10.80113	5.62808
3191.443	12.75937	4.37544	10.68135	5.50604
3195.443	12.62374	4.21151	10.62164	5.61223
3199.465	12.67995	4.04811	10.67157	5.65969
3203.447	12.62032	3.89093	10.78163	5.41847
3207.447	12.81285	3.61179	10.85176	5.23193
3211.444	12.70721	4.72898	10.88915	5.38964
3215.446	12.64669	4.91025	10.88195	5.51989
3219.440	12.69228	4.71260	10.89901	5.38743
3223.455	12.84307	4.59962	10.90339	5.38302
3227.444	12.74459	4.51266	10.71830	5.46490
3231.447	12.50945	4.29984	10.72124	5.58257
3235.439	12.56829	4.21114	10.71401	5.68605
3239.450	12.67856	4.23262	10.84159	5.64762
3243.442	12.72907	4.22814	10.99790	5.60401
3247.446	12.84902	4.18390	10.90497	5.45825
3251.450	12.77273	4.11082	10.62233	5.66991
3255.462	12.70090	3.88534	10.68307	5.74071
3259.446	12.71342	4.00221	10.59179	5.73683
3263.447	12.77804	3.89265	10.58176	5.71431
3267.448	12.74792	4.09229	10.72251	5.61070
3271.448	12.71373	3.95251	10.86945	5.48869
3275.442	12.73724	4.13210	11.08758	5.32261
3279.441	12.78566	4.31164	11.02818	5.51617
3283.441	12.79300	4.47194	11.13251	5.48687
3287.453	12.79343	4.42270	10.92342	5.65969
3291.452	12.78816	4.57969	10.79260	5.64194
3295.441	12.72572	4.47707	10.86761	5.83512
3299.442	12.49812	4.49297	10.90482	5.88358
3303.450	12.61403	4.51609	10.91200	5.80448
3307.451	12.64293	4.52101	10.89209	6.01447
3311.445	12.71254	4.44764	11.10665	5.97205
3315.457	12.79265	4.41336	10.92722	5.86764
3319.476	12.57186	4.27445	10.60224	6.00965
3323.443	12.71876	3.91807	10.69865	6.00233
3327.446	12.82696	3.94732	10.64842	6.05256
3331.444	12.83675	4.05031	10.81394	5.94295
3335.478	12.69025	4.10231	10.98511	5.89814
3339.469	12.69304	4.32551	10.96980	5.86108
3343.438	12.75396	4.08877	11.56541	5.60587
3347.446	15.14636	3.20465	14.27333	3.25782
3351.442	15.91218	2.03727	15.95878	1.64736
3355.438	16.41229	1.58073	16.87421	-0.83659
3359.448	16.48127	-0.80026	16.70099	-1.73035
3363.441	16.67781	-0.97870	16.95753	-3.62680
3367.440	16.83959	-1.26347	16.95590	-4.20184
3371.444	16.92460	-1.85300	16.82936	-4.47410
3375.443	16.89605	-2.05172	16.96553	-4.72970
3379.442	16.83766	-1.94142	16.95542	-4.12642
3383.439	16.94318	-1.51248	16.95901	-3.42183
3387.448	16.94636	-1.64026	16.80721	-3.58270
3391.448	17.04759	-1.76708	16.97679	-3.62413
3395.435	17.11290	-1.82727	17.00577	-4.04186
3399.445	17.25900	-1.84271	17.11206	-4.14618
3403.454	17.37546	-1.74756	17.16520	-4.35418
3407.444	17.35568	-1.84795	17.12747	-4.30642
3411.440	17.29197	-1.89542	17.15258	-4.35681
3415.437	17.32040	-1.82863	17.20414	-4.14588
3419.440	17.30142	-1.76701	17.18534	-3.97557
3423.440	17.39623	-1.73703	17.17698	-3.86036
3427.446	17.46787	-1.70298	17.01015	-3.97045
3431.444	17.50902	-1.68630	16.67291	-3.97860
3435.445	17.52719	-1.70986	16.80432	-3.97639
3439.444	17.46737	-1.83029	17.03146	-3.78744
3443.459	17.44964	-1.90528	16.90820	-3.70669
3447.442	17.37686	-2.01779	16.97835	-3.59842
3451.439	17.35647	-1.98414	16.82945	-3.70925
3455.436	17.26237	-2.02057	16.81037	-3.73106
3459.449	17.18663	-2.12035	16.78007	-3.72371
3463.438	17.15011	-2.15581	16.81935	-3.70701
3467.442	17.17379	-2.13845	16.81713	-3.66832
3471.442	17.16557	-2.16557	16.90373	-3.77995
3475.441	17.14966	-2.17744	16.86346	-3.88509
3479.444	17.18888	-2.11468	16.88905	-3.83228
3483.437	17.24913	-1.99224	16.93008	-3.89707
3487.439	17.35808	-1.91201	16.95601	-3.83369
3491.437	17.20430	-1.95638	16.99933	-3.90611
3495.444	17.08059	-2.02359	16.92335	-3.96362
3499.438	17.12745	-1.91803	16.99057	-3.87741
3503.455	17.09478	-1.98581	16.99549	-3.85025
3507.429	17.12151	-2.10559	17.08721	-3.86459
3511.451	17.13751	-2.09732	16.94021	-3.94186
3515.440	17.26782	-1.98140	16.86889	-3.85870
3519.449	17.46233	-1.87391	16.83241	-3.84479
3523.438	17.23996	-2.09206	16.92824	-3.74086
3527.439	17.15968	-2.14122	16.77077	-3.76685
3531.460	17.03069	-2.21065	16.87044	-3.74482
3535.318	17.00577	-2.24824	16.81760	-3.68887
3539.454	16.94661	-2.39183	16.84975	-3.67084
3543.310	16.99138	-2.39769	16.77650	-3.72540
3547.318	16.98378	-2.36920	16.82736	-3.73897
3551.312	17.13779	-2.24227	16.79347	-3.76313
3555.311	17.25402	-2.17110	16.79975	-3.67747
3559.318	17.43905	-1.98772	16.75532	-3.55663
3563.331	17.04153	-2.21868	16.76952	-3.46786
3567.316	17.01669	-2.05188	16.63963	-3.57142
3571.311	16.96466	-2.05606	16.42026	-3.47742
3575.313	16.95524	-2.01728	16.45352	-3.43404
3579.313	17.06388	-1.88280	16.49805	-3.36991
3583.324	17.21997	-1.67502	16.49777	-3.29120
3587.309	17.35941	-1.58325	16.62386	-3.15974
3591.315	17.41379	-1.56176	16.46601	-3.34814
3595.308	16.94057	-1.82292	16.51274	-3.27444
3599.306	17.09175	-1.70406	16.57639	-3.34785
3603.313	17.05827	-1.72074	16.43857	-3.38802
3607.356	17.06435	-1.73094	16.51707	-3.31203
3611.334	17.07980	-1.76397	16.40904	-3.12161
3615.308	17.26382	-0.13474	16.30961	-1.04159
3619.316	17.19404	2.15362	16.31603	0.37511
3623.309	16.78458	3.86177	15.54370	3.14590
3627.341	16.04730	6.18168	13.33690	5.45885
3631.313	15.90102	5.82888	14.52319	5.26268
3635.310	15.47162	7.14879	13.35344	6.66809
3639.316	14.32558	8.48743	13.12027	8.03137
3643.316	13.91972	8.63817	12.69353	8.23356
3647.314	13.88750	8.57233	12.65212	8.24433
3651.306	14.03680	8.36779	12.58113	8.22390
3655.316	14.01555	8.14152	12.96642	7.37489
3659.310	14.00770	8.39132	12.53930	8.22182
3663.314	14.06123	7.75632	12.52029	8.24098
3667.306	14.02361	7.77704	12.55427	8.15714
3671.309	14.08783	7.71395	12.45811	8.17999
3675.405	13.95196	8.05612	12.41445	8.28522
3679.351	13.85370	8.33506	12.44254	8.38143
3683.309	13.77745	8.24107	12.40536	8.52733
3687.328	13.72947	8.25371	12.52107	8.33008
3691.317	13.80144	8.29008	12.36177	8.43715
3695.315	13.70373	8.19115	12.17862	8.67611
3699.319	13.69101	8.27195	12.14826	8.73773
3703.315	13.63395	8.16705	12.17833	9.00662
3707.316	13.66843	8.18574	12.12995	8.97925
3711.313	13.63459	8.35344	12.18030	8.85767
3715.344	13.65760	8.39333	12.22744	8.73974
3719.308	13.72207	8.49289	12.20619	8.75189
3723.308	13.69774	8.56995	12.10283	8.84899
3727.317	13.65861	8.60134	12.23632	8.58601
3731.318	13.65802	8.70333	12.22789	8.54503
3735.309	13.52398	8.72348	12.28218	8.43806
3739.314	13.25416	8.78341	12.32362	8.40484
3743.327	13.03821	8.99335	12.42020	8.34235
3747.626	12.91145	9.05545	12.49192	8.35668
3751.310	12.99232	9.27826	12.52423	8.33572
3755.315	12.96345	9.38488	12.58453	8.27610
3759.308	12.99048	9.49648	12.52097	8.39778
3763.325	12.94994	9.54796	12.50323	8.35603
3767.311	12.91621	9.40683	12.49692	8.37716
3771.321	12.98551	9.04020	12.33169	8.50950
3775.313	13.02311	8.91753	12.15953	8.86423
3779.311	13.13654	8.89420	12.27555	8.75485
3783.313	13.23100	8.94137	12.02701	9.24967
3787.307	13.13915	8.93133	12.08881	8.95074
3791.311	13.23960	8.97863	12.12941	8.99562
3795.308	13.16732	9.00773	12.13994	8.97600
3799.313	13.20272	9.03411	12.22412	8.93794
3803.313	13.11566	9.35518	12.53327	8.55500
3807.313	13.06652	9.40285	12.39000	8.65926
3811.396	13.04252	9.65550	12.16183	8.82963
3815.322	13.06534	9.53802	12.26152	8.54733
3819.309	13.07111	9.61573	12.35751	8.37964
3823.306	13.10182	9.74167	12.27081	8.43685
3827.307	13.10824	9.61233	12.25680	8.69257
3831.308	13.21317	9.46310	12.21807	8.72576
3835.311	13.35139	9.44873	12.25254	8.66107
3839.306	13.22368	9.47730	12.35488	8.51737
3843.307	13.15148	9.54265	12.30706	8.57835
3847.321	13.08350	9.40570	12.37245	8.61034
3851.323	13.13945	9.11529	12.38607	8.63284
3855.306	13.18607	9.02360	12.62993	8.56458
3859.310	13.22171	8.99432	12.68493	8.49875
3863.305	13.28813	8.90666	12.59699	8.49881
3867.317	13.36897	8.81541	12.58954	8.47184
3871.303	13.53653	8.74375	12.48873	8.71925
3875.311	13.45688	8.62564	12.64761	8.57879
3879.330	13.42155	8.66643	12.74433	8.48887
3883.325	13.39011	8.58924	12.66528	8.45471
3887.311	13.33816	8.64162	12.68855	8.44183
3891.309	13.43075	8.56638	12.69845	8.35595
3895.312	13.51731	8.58173	12.71401	8.35685
3899.310	13.52414	8.61937	12.66599	8.32931
3903.336	13.48517	8.69243	12.56604	8.66017
3907.312	13.36476	8.75663	12.55063	8.66379
3911.307	13.39922	8.89959	12.58907	8.40164
3915.309	13.23492	9.08908	12.61970	8.37141
3919.308	13.08785	9.27502	12.65411	8.35032
3923.311	13.01725	8.96648	12.42015	8.81183
3927.307	12.47307	8.64857	11.61737	8.42350
3931.307	11.29966	6.32994	11.17242	6.96662
3935.311	10.21209	2.91649	9.34268	5.33107
3939.311	8.54894	2.58669	7.98724	4.79085
3943.309	8.21706	1.01290	7.91244	2.99663
3947.336	7.05777	-1.69891	7.01448	1.87731
3951.325	6.52206	-2.18761	6.24658	0.90368
3955.313	6.14700	-2.28711	4.29006	0.11929
3959.301	4.14473	-2.98367	4.34507	-0.66146
3963.309	2.94064	-3.50284	2.91129	-1.24193
3967.305	2.23955	-3.73640	1.63866	-1.04715
3971.310	2.14072	-3.35721	1.26138	-0.99820
3975.302	2.50333	-3.18059	1.34787	-0.96091
3979.315	3.14216	-3.24118	1.69468	-1.01359
3983.304	3.52269	-3.39254	2.18079	-1.07263
3987.308	3.15070	-3.38596	2.11532	-1.17758
3991.303	2.81588	-3.54184	1.69180	-1.33837
3995.308	2.86326	-3.72432	1.49932	-1.36744
3999.332	2.78765	-3.81216	1.38458	-1.33531
4003.302	2.82687	-4.01697	1.38547	-1.31120
4007.314	2.77272	-3.95178	1.39237	-1.19981
4011.309	2.90594	-3.98331	1.38198	-1.06368
4015.392	2.89646	-4.04296	1.40182	-0.99186
4019.318	3.08416	-3.99135	1.39210	-0.93161
4023.306	3.00623	-4.02231	1.36685	-0.84385
4027.307	3.10846	-3.97618	1.34643	-0.89651
4031.301	3.18022	-3.95341	1.33646	-1.17222
4035.321	3.27390	-3.96865	1.38600	-1.18288
4039.314	3.23200	-3.92402	1.41462	-1.18949
4043.300	3.19076	-3.76991	1.47236	-1.12498
4047.309	3.20347	-3.64057	1.49483	-1.20845
4051.309	3.21552	-3.53251	1.52109	-1.22315
4055.313	3.25191	-3.38016	1.48900	-1.35712
4059.306	3.29948	-3.48457	1.44582	-1.33530
4063.313	3.25186	-3.43290	1.31801	-1.33909
4067.314	3.21352	-3.61056	1.27224	-1.36886
4071.315	3.21698	-3.77688	1.14151	-1.37270
4075.303	3.14820	-3.63301	1.31139	-1.35472
4079.304	3.17975	-3.39613	1.23565	-1.32444
4083.314	3.46956	-3.28283	1.22844	-1.37586
4087.361	3.62098	-3.39636	1.19080	-1.38296
4091.303	3.58361	-3.31671	1.12206	-1.36186
4095.307	3.52818	-3.20497	1.05299	-1.33815
4099.299	3.56311	-3.19978	1.02553	-1.28088
4103.365	3.57908	-2.88837	1.09194	-1.28982
4107.317	3.52761	-2.81715	1.16828	-1.33646
4111.308	3.49332	-3.18440	1.18383	-1.37286
4115.303	3.50225	-4.08796	1.23952	-1.36074
4119.305	3.50576	-4.11553	1.19564	-1.40540
4123.307	3.34202	-4.24691	1.22789	-1.41631
4127.305	3.22945	-4.13785	1.21804	-1.56319
4131.309	3.10255	-4.27293	1.25860	-1.59641
4135.302	2.97361	-4.30371	1.25272	-1.57258
4139.304	2.99599	-4.27851	1.26334	-1.63669
4143.309	2.86767	-4.27643	1.28958	-1.77719
4147.298	2.82113	-4.32268	1.32582	-1.75443
4151.305	2.79023	-4.30122	1.30444	-1.82758
4155.313	2.63720	-4.31156	1.32508	-1.85065
4159.306	2.60842	-4.26360	1.29826	-1.85769
4163.305	2.54618	-4.23623	1.30977	-1.87376
4167.297	2.49292	-4.20036	1.32074	-1.88445
4171.320	2.42599	-4.17832	1.30017	-1.85104
4175.311	2.41408	-4.14467	1.27581	-1.86083
4179.302	2.39448	-4.10684	1.30513	-1.83612
4183.304	2.36180	-4.06590	1.31357	-1.83015
4187.317	2.36292	-4.00127	1.31692	-1.75572
4191.302	2.35484	-3.92939	1.29050	-1.69175
4195.309	2.35405	-3.86613	1.27043	-1.56798
4199.306	2.37736	-3.74865	1.26981	-1.51383
4203.306	2.36522	-3.62142	1.27869	-1.42465
4207.301	2.38192	-3.46452	1.27056	-1.33969
4211.311	2.46377	-3.45942	1.23843	-1.18570
4215.303	2.50417	-3.36291	1.26763	-1.15664
4219.309	2.58204	-3.45787	1.29191	-1.21292
4223.313	2.69408	-3.49131	1.29963	-1.14140
4227.307	2.80446	-3.51275	1.31994	-1.04280
4231.302	2.85856	-3.43539	1.38699	-1.10662
4235.306	2.84509	-3.63025	1.48148	-1.17357
4239.307	2.85529	-3.86277	1.52040	-1.15512
4243.305	2.90822	-3.88554	1.47494	-1.30099
4247.304	2.96448	-3.95606	1.49339	-1.45806
4251.309	2.99361	-4.06293	1.47146	-1.54759
4255.321	2.97406	-4.04046	1.47308	-1.55233
4259.309	3.00740	-4.02209	1.42293	-1.67342
4263.300	3.00401	-4.03721	1.37756	-1.69703
4267.307	2.97849	-4.06153	1.31558	-1.70057
4271.303	2.89715	-3.97618	1.24473	-1.80032
4275.299	2.88245	-3.98028	1.29144	-1.77458
4279.295	3.25726	-3.85478	1.56722	-1.68790
4283.317	5.39209	-3.59483	2.92106	-1.50760
4287.680	5.73109	-3.08896	3.53505	-1.19493
4291.310	5.53461	-3.23580	3.31328	-1.22313
4295.304	4.99073	-3.23821	2.65793	-1.38465
4299.301	4.35126	-3.13032	2.20148	-1.39884
4303.317	3.77108	-3.09618	2.21112	-1.30763
4307.300	4.19452	-3.04685	2.33925	-1.21475
4311.350	4.19538	-2.95389	2.48222	-1.17636
4315.322	4.14606	-2.86214	2.34609	-1.13515
4319.301	4.35913	-2.79180	2.36869	-1.04856
4323.307	5.10563	-2.75272	2.45520	-0.87285
4327.300	4.99743	-2.71561	2.33143	-0.84682
4331.299	5.29558	-2.73680	2.21695	-0.92056
4335.305	5.42483	-2.71700	2.45525	-0.96610
4339.299	5.48740	-2.63542	2.98631	-0.91978
4343.301	5.38066	-2.58510	3.16468	-0.82559
4347.297	5.28615	-2.50778	3.01683	-0.84590
4351.310	5.20994	-2.44792	3.15723	-0.80255
4355.302	5.23425	-2.39820	3.16186	-0.83690
4359.299	5.18596	-2.37719	3.21612	-0.81156
4363.312	5.13582	-2.32759	3.17218	-0.84553
4367.301	4.96159	-2.25868	3.13058	-0.98745
4371.302	5.04767	-2.21709	3.09807	-1.08590
4375.304	4.88673	-2.18945	3.05214	-1.11671
4379.301	4.87005	-2.16727	2.97901	-1.16362
4383.299	4.76877	-2.18760	2.90374	-1.27522
4387.297	4.65461	-2.21724	2.80347	-1.38170
4391.301	4.61334	-2.28686	2.81731	-1.42013
4395.175	4.58769	-2.38734	2.79822	-1.45910
4399.199	4.49033	-2.40829	2.82821	-1.39365
4403.173	4.43707	-2.42380	2.86215	-1.40125
4407.178	4.38178	-2.51365	2.86304	-1.30625
4411.173	4.41317	-2.55598	2.90745	-1.15002
4415.174	4.38894	-2.66218	2.91478	-1.01977
4419.177	4.33478	-2.82246	2.95294	-0.74675
4423.213	4.33239	-2.96488	3.00455	-0.64625
4427.171	4.33638	-3.12715	3.02257	-0.64562
4431.188	4.35274	-3.17636	3.05944	-0.78764
4435.175	4.40357	-3.36469	3.08008	-0.75033
4439.173	4.48858	-3.51009	3.11623	-0.74894
4443.216	4.56994	-3.59004	3.11504	-0.78388
4447.175	4.82629	-2.78073	3.12022	-0.88441
4451.174	4.86147	-2.41863	3.07600	-0.85669
4455.184	4.95137	-2.24297	3.08827	-0.92361
4459.177	5.06412	-2.24869	3.00373	-0.91691
4463.172	5.23113	-2.46965	2.86779	-0.96925
4467.170	5.35650	-2.55868	2.84177	-1.04569
4471.179	5.35706	-2.72253	2.81080	-1.02508
4475.174	5.33010	-2.65881	2.82402	-0.91046
4479.182	5.48619	-2.75125	2.85091	-0.89384
4483.175	5.40816	-2.87016	2.89606	-0.91015
4487.173	5.46748	-2.82411	2.87017	-0.87759
4491.177	5.32550	-3.18964	2.87415	-0.87881
4495.181	5.33662	-2.90725	2.92955	-0.92610
4499.176	5.26878	-2.99623	2.88881	-0.84954
4503.175	5.18099	-2.89810	2.92574	-0.83324
4507.178	5.22389	-2.99272	3.01064	-0.78293
4511.173	5.14183	-3.00131	3.05449	-0.74420
4515.189	5.16194	-2.94550	3.01665	-0.80283
4519.175	5.37839	-2.98803	2.93639	-0.78351
4523.187	5.41480	-2.90369	2.95537	-0.77893
4527.170	5.43310	-2.79004	2.90034	-0.80209
4531.169	5.67973	-2.73122	2.83786	-0.72134
4535.170	5.67526	-2.70768	2.70864	-0.73653
4539.181	5.69074	-2.61873	2.69891	-0.72197
4543.181	5.71242	-2.60469	2.61744	-0.70333
4547.169	5.86769	-2.61557	2.57278	-0.68889
4551.169	5.88213	-2.57184	2.52461	-0.69015
4555.175	5.92228	-2.51722	2.50712	-0.68892
4559.169	5.95692	-2.47416	2.50930	-0.75596
4563.183	5.90156	-2.41317	2.59351	-0.81084
4567.177	5.70101	-2.44036	2.64515	-0.80031
4571.173	5.56173	-2.53910	2.65124	-0.76724
4575.172	5.26817	-2.64365	2.66711	-0.76557
4579.175	5.20342	-2.51165	2.71966	-0.72722
4583.173	5.39834	-2.43077	2.78835	-0.75120
4587.173	5.25313	-2.43120	2.86004	-0.70026
4591.167	5.07456	-2.50627	2.91676	-0.51256
4595.174	4.99118	-2.55880	2.89275	-0.63575
4599.170	5.04159	-2.55855	2.92970	-0.61141
4603.213	4.99783	-2.60885	2.98458	-0.56942
4607.186	4.99743	-2.68508	3.00816	-0.53090
4611.170	5.02272	-2.70980	2.98133	-0.37183
4615.169	5.01709	-2.67324	3.01428	-0.34170
4619.170	5.08953	-2.66744	3.06192	-0.31786
4623.167	4.97630	-2.70841	3.09988	-0.33244
4627.219	4.96472	-2.73311	3.11472	-0.29857
4631.185	4.98746	-2.78518	3.15491	-0.27987
4635.167	4.97972	-2.79620	3.17463	-0.36680
4639.180	4.85768	-2.81578	3.21461	-0.36448
4643.168	4.76892	-2.82692	3.26980	-0.41995
4647.173	4.60459	-2.84695	3.31202	-0.49981
4651.172	4.53270	-2.86327	3.27769	-0.56651
4655.177	4.45503	-2.86491	3.21659	-0.56208
4659.169	4.43118	-2.87546	3.06828	-0.73285
4663.169	4.38593	-2.90257	3.08983	-0.79885
4667.167	4.43061	-2.91362	3.07877	-0.89080
4671.173	4.38112	-2.97586	2.80776	-0.77655
4675.174	4.35047	-2.99041	2.73952	-0.97199
4679.169	4.32397	-3.05130	2.67004	-0.97671
4683.171	4.32113	-3.06389	2.86819	-1.06288
4687.175	4.34467	-3.12669	2.73147	-1.01420
4691.181	4.33542	-3.15359	2.73583	-1.05752
4695.192	4.32533	-3.24690	2.72580	-1.06242
4699.174	4.29912	-3.26252	2.77423	-1.14475
4703.181	4.29236	-3.31454	2.80273	-1.14072
4707.176	4.30953	-3.31763	2.83155	-1.11524
4711.173	4.28347	-3.32251	2.83420	-1.08902
4715.168	4.42733	-3.29353	2.87824	-1.11549
4719.169	4.56447	-3.23244	2.91193	-1.08073
4723.166	4.86561	-3.18375	2.94146	-1.04542
4727.174	5.15189	-3.11522	2.90017	-0.97213
4731.173	4.71067	-3.00359	2.90406	-0.89987
4735.166	4.58200	-3.01723	2.96282	-0.82195
4739.168	5.36142	-2.90794	4.31025	-0.80893
4743.174	6.58435	-2.81885	5.20022	-0.83898
4747.166	7.09253	-2.74703	5.68983	-0.75145
4751.171	7.28456	-2.73323	5.74168	-0.74948
4755.183	6.92427	-2.66776	5.43789	-0.75076
4759.181	7.20507	-2.61413	5.45877	-0.81850
4763.170	6.81267	-2.55216	5.65936	-0.73097
4767.172	6.74034	-2.43552	2.17470	-0.88452
4771.175	11.27908	-2.42300	1.71875	-0.95545
4775.177	10.99281	-2.53738	2.60575	-1.15600
4779.166	10.78431	-2.61007	1.77065	-1.19423
4783.165	8.79266	-2.42994	1.65552	-1.30493
4787.169	8.41641	-2.02367	8.71239	-1.59394
4791.183	8.18721	1.16623	11.31455	0.34178
4795.174	3.67136	10.94453	11.44554	1.04140
4799.164	3.03910	12.06667	NaN	NaN
4803.174	4.16216	-0.99744	NaN	NaN
4807.162	NaN	NaN	-4.90021	7.27328
4811.183	NaN	NaN	NaN	NaN
4815.172	NaN	NaN	NaN	NaN
4819.165	NaN	NaN	NaN	NaN
4823.166	NaN	NaN	NaN	NaN
4827.169	NaN	NaN	NaN	NaN
4831.186	NaN	NaN	NaN	NaN
4835.488	NaN	NaN	NaN	NaN
4839.187	NaN	NaN	NaN	NaN
4843.171	NaN	NaN	NaN	NaN
4847.166	NaN	NaN	NaN	NaN
4851.169	NaN	NaN	NaN	NaN
4855.170	NaN	NaN	NaN	NaN
4859.174	NaN	NaN	NaN	NaN
4863.168	NaN	NaN	NaN	NaN
4867.182	NaN	NaN	NaN	NaN
4871.185	NaN	NaN	NaN	NaN
4875.178	NaN	NaN	NaN	NaN
4879.171	NaN	NaN	NaN	NaN
4883.162	NaN	NaN	NaN	NaN
4887.167	NaN	NaN	NaN	NaN
4891.167	3.82534	9.47721	-2.05608	7.70647
4895.203	NaN	NaN	-2.56461	6.15802
4899.174	NaN	NaN	NaN	NaN
4903.185	NaN	NaN	NaN	NaN
4907.156	NaN	NaN	-1.15828	11.10741
4911.175	7.97799	-2.62582	5.09263	-1.52792
4915.163	8.03978	-2.79207	3.79010	-1.24146
4919.167	8.54474	-3.65313	4.33764	-2.83711
4923.165	8.42588	-4.67585	2.69510	-3.15185
4927.173	8.10000	-5.22534	1.93965	-3.30177
4931.163	6.48355	-5.67640	3.55792	-3.30907
4935.163	6.88891	-5.82278	3.56114	-3.26921
4939.173	6.96709	-5.87989	3.52138	-3.35908
4943.164	8.29433	-5.76338	3.60697	-3.48070
4947.176	8.41272	-5.59498	3.88478	-3.58402
4951.162	8.45026	-5.70979	6.37653	-3.42463
4955.167	7.12513	-5.61540	4.36323	-3.54823
4959.173	6.91002	-5.56879	6.23707	-3.50253
4963.163	6.89370	-5.59896	5.82466	-3.49753
4967.199	7.03976	-5.62290	5.75910	-3.52678
4971.172	7.28625	-5.68762	5.52418	-3.54112
4975.166	7.43491	-5.66782	5.72824	-3.55939
4979.180	7.21440	-5.66440	5.67976	-3.54742
4983.164	7.38668	-5.66636	5.84537	-3.55510
4987.167	7.27084	-5.65479	5.81941	-3.53879
4991.164	7.24947	-5.72332	5.86887	-3.51474
4995.175	7.26649	-5.71967	5.78317	-3.52141
4999.159	7.37177	-5.74839	5.85900	-3.50168
5003.175	7.43417	-5.78099	5.81489	-3.49259
5007.172	7.49578	-5.84112	5.82034	-3.51827
5011.168	7.53810	-5.88782	5.78585	-3.49977
5015.164	7.53613	-5.93901	5.82125	-3.50923
5019.164	7.54664	-5.97985	5.82292	-3.50483
5023.171	7.56010	-6.05466	5.80204	-3.52134
5027.169	7.56069	-6.14087	5.73630	-3.51431
5031.159	7.60397	-6.14030	5.61895	-3.58945
5035.165	7.60821	-6.21807	5.62134	-3.51486
5039.165	7.62882	-6.25433	5.52335	-3.52143
5043.164	7.60824	-6.24745	5.49224	-3.52490
5047.164	7.63364	-6.30804	5.41726	-3.49485
5051.161	7.65407	-6.29270	5.38592	-3.45554
5055.178	7.70465	-6.29067	5.36666	-3.45851
5059.168	7.72478	-6.27502	5.35291	-3.39501
5063.165	7.77303	-6.25811	5.36774	-3.30133
5067.164	7.81359	-6.22308	5.37330	-3.25830
5071.163	7.86379	-6.19519	5.42510	-3.20486
5075.166	7.89435	-6.19413	5.45469	-3.15937
5079.165	7.92697	-6.13338	5.50714	-3.14129
5083.157	7.95526	-6.10598	5.52898	-3.10786
5087.175	8.00221	-6.09329	5.53481	-3.09604
5091.164	8.02784	-6.05318	5.51386	-3.10325
5095.172	8.05484	-6.03708	5.51936	-3.11235
5099.159	8.07599	-6.02869	5.51727	-3.09564
5103.162	8.10827	-6.01631	5.50955	-3.11511
5107.180	8.13860	-5.99438	5.46470	-3.16095
5111.166	8.15868	-5.98082	5.45767	-3.19938
5115.161	8.16352	-5.95710	5.43111	-3.20463
5119.162	8.15667	-5.97331	5.41556	-3.19551
5123.165	8.16258	-5.98351	5.38698	-3.21401
5127.187	8.17247	-5.99361	5.37736	-3.20106
5131.165	8.12551	-6.01428	5.40926	-3.19434
5135.160	8.02625	-6.06743	5.43059	-3.21425
5139.163	7.99496	-6.08753	5.52497	-3.20620
5143.168	7.90258	-6.15279	5.56101	-3.23657
5147.168	7.78933	-6.24154	5.59216	-3.30204
5151.155	7.75941	-6.37382	5.64393	-3.30153
5155.172	7.65800	-6.43091	5.66924	-3.38313
5159.168	7.58822	-6.50372	5.66285	-3.49870
5163.157	7.61558	-6.56207	5.69922	-3.56907
5167.164	7.58488	-6.59182	5.71293	-3.60450
5171.163	7.59600	-6.58915	5.68052	-3.74458
5175.179	7.69941	-6.56604	5.62903	-3.78477
5179.166	7.79856	-6.54402	5.52308	-3.85445
5183.155	7.79162	-6.56772	5.40749	-3.96181
5187.193	7.92860	-6.52301	5.36986	-4.00135
5191.163	7.88746	-6.45338	5.34902	-4.02805
5195.173	7.94886	-6.39598	5.17725	-4.06130
5199.159	7.96478	-6.36982	5.17577	-4.09905
5203.168	8.01163	-6.35101	5.25141	-4.08598
5207.170	8.08720	-6.29503	5.17247	-4.09866
5211.159	8.07389	-6.23558	5.13001	-4.10026
5215.158	8.06112	-6.24229	5.11551	-4.08521
5219.159	8.02477	-6.24618	5.08155	-4.07387
5223.168	7.98342	-6.27450	5.12107	-4.08998
5227.170	7.94002	-6.26446	5.15317	-4.07357
5231.160	7.89230	-6.25643	5.18943	-4.04829
5235.169	7.86622	-6.26105	5.23192	-4.01746
5239.171	7.80319	-6.27175	5.26824	-4.02282
5243.160	7.73714	-6.28559	5.35059	-3.96245
5247.041	7.65751	-6.29806	5.39278	-3.90274
5251.167	7.63011	-6.32807	5.48860	-3.55325
5255.034	7.56954	-6.34606	5.52573	-3.54138
5259.035	7.49566	-6.36293	5.60438	-3.32635
5263.038	7.38951	-6.29449	5.58818	-3.52194
5267.034	7.32006	-6.18611	5.49158	-3.82602
5271.033	6.06333	-6.19402	3.21149	-3.60785
5275.036	4.09602	-5.90771	2.08149	-3.31401
5279.059	2.95591	-5.59318	-0.28225	-3.14405
5283.036	1.70593	-5.13604	0.00489	-1.60640
5287.032	2.17214	-5.22958	-0.37501	-1.87016
5291.045	2.14434	-5.06484	-0.33471	-2.32615
5295.030	2.29518	-4.94896	-0.23971	-2.33771
5299.045	2.23759	-5.00053	-0.14352	-2.33462
5303.031	2.53342	-4.89797	-0.13538	-2.07417
5307.032	2.39946	-4.91300	0.03824	-2.10286
5311.043	2.17911	-4.71826	0.14054	-2.16888
5315.041	2.12687	-4.68697	-0.03512	-2.00540
5319.043	2.06681	-4.58972	-0.03115	-2.03583
5323.035	1.95852	-4.58502	-0.04087	-2.01739
5327.035	1.94992	-4.66925	-0.08520	-2.08698
5331.032	1.80377	-4.58073	-0.03638	-2.13189
5335.036	1.81813	-4.53462	0.05837	-2.16993
5339.035	1.78218	-4.49487	0.05572	-2.22144
5343.030	1.68828	-4.48589	0.05706	-2.26320
5347.044	1.70395	-4.54070	0.21167	-2.31811
5351.030	1.68873	-4.51904	0.21594	-2.37299
5355.043	1.67670	-4.59592	0.09488	-2.47224
5359.036	1.64615	-4.57879	0.21740	-2.51583
5363.036	1.67429	-4.64684	0.21879	-2.55613
5367.036	1.68084	-4.69439	0.08455	-2.60976
5371.031	1.69589	-4.78948	0.23301	-2.58058
5375.035	1.72260	-4.81945	0.18273	-2.57925
5379.036	1.74903	-4.88982	0.22854	-2.58378
5383.049	1.82329	-4.95051	0.22165	-2.53547
5387.036	1.84540	-4.99864	0.24830	-2.53681
5391.031	1.86766	-5.02909	0.10257	-2.52001
5395.028	1.85509	-5.05624	0.13349	-2.42745
5399.037	1.94652	-5.07428	0.13498	-2.34236
5403.040	1.98685	-5.09424	0.14600	-2.31973
5407.050	1.98276	-5.14202	0.23001	-2.31553
5411.032	2.00708	-5.17522	0.35975	-2.31620
5415.036	2.01905	-5.14309	0.50277	-2.29710
5419.036	2.07489	-5.14262	0.57352	-2.32007
5423.038	2.06478	-5.10385	0.58114	-2.32739
5427.035	2.06867	-5.07888	0.68665	-2.30395
5431.038	2.06634	-5.04035	0.63719	-2.32801
5435.033	2.05858	-5.07455	0.68020	-2.34870
5439.033	2.05150	-5.01733	0.68446	-2.42730
5443.038	1.98767	-5.05893	0.68866	-2.43955
5447.038	1.98782	-5.08433	0.71265	-2.42595
5451.041	1.90108	-5.03444	0.63275	-2.44390
5455.032	1.80149	-5.05873	0.56880	-2.38283
5459.030	1.93514	-5.05664	0.53074	-2.38235
5463.032	2.01216	-5.10015	0.45659	-2.35378
5467.037	1.99488	-5.17992	0.40733	-2.33685
5471.032	1.99330	-5.22037	0.35779	-2.32674
5475.034	1.94397	-5.21441	0.34464	-2.32625
5479.027	2.00274	-5.21489	0.32960	-2.40754
5483.042	1.94459	-5.22340	0.22522	-2.40640
5487.036	2.00928	-5.19500	0.21504	-2.48848
5491.031	1.98712	-5.19179	0.14734	-2.50736
5495.031	2.08007	-5.21605	0.08947	-2.57934
5499.035	2.08426	-5.19835	0.04564	-2.66399
5503.028	2.07878	-5.19022	-0.01320	-2.66114
5507.034	2.02500	-5.16549	-0.01601	-2.67411
5511.032	1.93678	-5.09969	-0.08952	-2.71346
5515.032	1.86846	-4.99863	-0.15665	-2.74655
5519.029	1.93420	-5.04516	-0.16328	-2.75694
5523.030	1.88869	-5.01099	-0.20735	-2.73360
5527.033	1.96129	-4.96999	-0.22224	-2.70402
5531.031	2.04924	-4.98328	-0.27480	-2.68546
5535.034	2.03434	-5.05871	-0.29039	-2.66299
5539.028	2.01875	-5.08044	-0.31719	-2.61444
5543.030	2.00145	-5.08113	-0.32074	-2.55921
5547.024	1.97329	-5.04916	-0.33027	-2.53366
5551.049	2.17752	-5.13346	-0.38631	-2.52871
5555.037	2.19797	-5.11605	-0.36266	-2.49467
5559.025	2.21125	-5.13967	-0.37092	-2.46009
5563.036	2.32969	-5.16203	-0.40365	-2.41524
5567.039	2.29810	-5.15461	-0.39067	-2.38674
5571.035	2.25954	-5.17532	-0.42219	-2.37611
5575.032	2.46308	-5.17552	-0.38755	-2.35725
5579.034	2.42654	-5.18736	-0.39239	-2.32874
5583.028	2.46761	-5.14480	-0.34459	-2.33724
5587.027	2.49404	-5.11866	-0.36263	-2.34239
5591.026	2.50605	-5.10652	-0.34392	-2.35696
5595.033	2.55334	-5.08703	-0.34268	-2.33511
5599.039	2.48317	-5.04693	-0.35027	-2.33099
5603.023	2.41368	-5.03904	-0.32109	-2.32521
5607.038	2.40674	-4.99994	-0.26034	-2.33319
5611.032	2.42611	-4.98422	-0.25311	-2.36467
5615.029	2.45289	-5.03416	-0.22296	-2.37648
5619.036	2.36373	-5.01675	-0.20909	-2.36520
5623.026	2.32109	-4.99689	-0.17804	-2.39527
5627.043	2.32213	-5.00271	-0.17325	-2.43029
5631.030	2.24973	-5.01794	-0.14632	-2.47343
5635.034	2.18382	-4.97218	-0.08148	-2.49402
5639.027	2.14342	-4.98212	-0.08105	-2.56208
5643.027	2.09276	-4.99169	-0.04522	-2.60419
5647.050	2.13229	-4.98494	-0.02298	-2.67639
5651.045	2.03481	-4.96489	0.01159	-2.75697
5655.028	2.03325	-4.97051	0.01360	-2.85048
5659.025	2.04104	-4.92141	0.06557	-2.84497
5663.034	1.99840	-4.89179	0.09116	-2.91038
5667.039	2.02906	-4.86573	0.10071	-2.96726
5671.037	2.01392	-4.86092	0.12831	-2.95772
5675.023	2.08471	-4.83736	0.13158	-2.92490
5679.031	2.12533	-4.83494	0.15221	-2.94560
5683.026	2.14270	-4.86467	0.16258	-2.93734
5687.037	2.14211	-4.87813	0.15732	-2.93367
5691.061	2.16126	-4.90822	0.14382	-2.89494
5695.040	2.27962	-4.94689	0.09111	-2.85236
5699.025	2.33489	-4.95843	0.07770	-2.67488
5703.038	2.40216	-4.98569	0.01747	-2.58846
5707.024	2.46350	-5.01562	-0.03112	-2.46793
5711.031	2.39795	-5.08725	0.00323	-2.28826
5715.047	2.38633	-5.14562	-0.06284	-2.17872
5719.031	2.33997	-5.23164	-0.07497	-2.13556
5723.031	2.31735	-5.28118	-0.12156	-2.06903
5727.027	2.29483	-5.26455	-0.13397	-2.03054
5731.028	2.22079	-5.26203	-0.07522	-1.97284
5735.030	2.11809	-5.25136	-0.03447	-1.90982
5739.039	2.03766	-5.26586	0.03301	-1.89016
5743.025	1.94654	-5.23768	-0.01412	-1.85809
5747.028	1.97875	-5.27826	0.02172	-1.83183
5751.029	1.94265	-5.26749	0.11024	-1.79983
5755.033	1.87902	-5.20586	0.15211	-1.79101
5759.028	1.90698	-5.15708	0.19387	-1.79669
5763.024	1.91702	-5.17109	0.24827	-1.79793
5767.042	1.96903	-5.13297	0.30630	-1.82768
5771.035	1.95230	-5.17106	0.37281	-1.82593
5775.032	2.02691	-5.18893	0.43274	-1.85161
5779.050	2.04237	-5.24134	0.41440	-1.87189
5783.052	2.07611	-5.27388	0.45641	-1.89574
5787.027	2.06037	-5.20382	0.50356	-1.95323
5791.023	2.01166	-5.24156	0.56007	-1.96058
5795.023	2.00329	-5.21014	0.59568	-1.99944
5799.027	2.04713	-5.13704	0.61186	-2.02586
5803.080	2.10664	-5.16621	0.60684	-2.06986
5807.037	2.08394	-5.12524	0.62985	-2.11144
5811.023	2.11561	-5.02891	0.60702	-2.11726
5815.037	2.12444	-4.96557	0.63317	-2.14742
5819.038	2.80508	-4.84059	0.77121	-2.17971
5823.033	5.04206	-4.60939	2.21177	-1.78160
5827.029	5.45764	-4.43479	3.51162	-0.44678
5831.026	5.82741	-3.88223	4.17282	0.31385
5835.022	5.50051	-3.20216	3.46666	0.18360
5839.025	5.25542	-3.19079	1.43151	0.48318
5843.029	4.75935	-3.14838	1.29258	0.29871
5847.025	4.75839	-3.22834	1.32967	0.16165
5851.051	4.86988	-3.40363	1.53406	0.09380
5855.043	4.95504	-3.35798	1.90470	-0.01498
5859.040	4.93854	-3.20715	1.96980	0.09512
5863.025	5.14640	-3.20731	2.22176	0.13396
5867.023	5.09864	-3.12681	2.39683	0.15286
5871.025	5.01928	-3.06149	2.39284	0.16083
5875.039	4.95386	-2.99842	2.53276	0.11678
5879.026	4.88872	-2.99533	2.54234	0.09039
5883.028	4.76480	-3.01018	2.67088	0.05585
5887.023	4.78942	-3.00451	2.75445	0.04150
5891.031	4.84075	-3.00342	2.87891	0.02400
5895.054	4.88890	-2.99422	2.96733	0.04199
5899.023	4.85088	-2.95266	3.03445	0.06519
5903.032	4.85657	-2.99209	3.05650	0.06221
5907.034	4.90700	-2.99932	3.17797	0.05099
5911.021	4.85386	-3.03670	3.24674	0.02749
5915.021	4.81374	-3.06715	3.32835	-0.00940
5919.183	4.85701	-3.11870	3.28286	-0.01496
5923.020	4.86066	-3.15554	3.27232	-0.01627
5927.021	4.99352	-3.19750	3.25852	-0.01967
5931.022	5.01630	-3.24164	3.27081	-0.01558
5935.026	5.02206	-3.25367	3.30153	-0.00295
5939.022	5.09187	-3.29669	3.21505	0.02734
5943.032	5.11196	-3.30616	3.06716	0.04432
5947.025	5.14586	-3.26990	3.02816	0.09166
5951.017	5.08249	-3.25441	2.74843	0.13135
5955.040	5.10300	-3.23017	2.63527	0.21310
5959.025	5.09106	-3.23662	2.47487	0.21589
5963.028	5.06437	-3.23570	2.41306	0.23973
5967.021	5.03240	-3.21567	2.37283	0.25632
5971.022	5.01846	-3.21229	2.28246	0.25011
5975.029	4.97903	-3.19994	2.23685	0.26248
5979.020	4.94053	-3.15600	2.19071	0.25683
5983.024	4.92728	-3.12195	2.14409	0.21102
5987.025	4.87692	-3.08829	2.16634	0.16376
5991.075	4.85497	-3.08575	2.19655	0.16071
5995.023	4.84674	-3.02058	2.24255	0.11107
5999.034	4.83903	-3.00098	2.29701	0.02592
6003.019	4.87310	-2.97770	2.43773	0.02756
6007.034	4.88653	-2.92630	2.37117	-0.00966
6011.035	4.89104	-2.93065	2.42223	0.05710
