time (ms)	lx (deg)	ly (deg)	rx (deg)	ry (deg)
0.000	7.58798	4.54526	5.21678	8.21324
4.000	7.69015	4.23508	5.27744	8.17600
7.978	7.68644	4.39312	5.03937	8.48398
11.981	7.92349	4.43373	5.23807	8.22645
15.973	7.82479	4.46799	4.53204	8.57867
19.978	7.80548	4.43173	5.29147	8.45163
23.976	7.55569	4.60929	5.42444	8.43989
27.984	7.86717	4.54080	5.36762	8.40443
31.976	7.75492	4.61566	5.23812	8.41856
35.976	7.37236	4.73170	5.11396	8.55343
39.975	7.51991	5.14332	5.06767	8.52518
43.979	7.43920	5.10228	4.96002	8.52213
47.976	7.57100	4.86911	4.85921	8.59233
51.999	7.68793	5.10575	4.95999	8.62675
55.985	7.58573	5.09827	5.21772	8.58650
59.975	7.38878	5.09701	5.21397	8.56976
63.975	7.64449	5.02661	5.10293	8.58213
67.992	7.75763	4.56684	4.92932	8.60977
72.001	7.64669	4.27639	4.85889	8.64607
75.985	7.75339	4.74611	4.78062	8.66310
79.980	7.77571	4.80571	4.92100	8.58475
83.984	7.82750	4.69143	5.13131	8.65584
87.982	7.83178	4.70165	5.03208	8.74200
91.989	7.62453	4.78986	4.93144	8.79908
95.979	7.29623	4.89495	4.92881	8.70025
99.978	7.28005	4.86453	4.88868	8.79306
103.991	7.88599	4.84890	4.88747	8.71154
107.981	7.45309	4.94165	4.97386	8.42823
111.974	7.73063	5.31433	4.96315	8.30571
115.975	7.53171	5.48328	5.04578	8.07725
119.978	7.49034	5.12539	5.06922	8.32929
123.985	7.49015	5.01764	5.03403	8.77860
127.975	7.08060	5.16897	4.61272	8.16403
131.975	6.98059	3.00695	4.98221	5.41478
136.462	6.67943	0.07508	4.13120	4.08658
140.014	6.07705	-0.20472	4.89846	2.48863
143.980	5.94838	-2.43034	4.52165	0.35426
147.981	5.81442	-4.31919	4.75046	0.17961
151.978	6.01341	-4.03395	3.94221	-0.09229
155.988	6.22814	-4.05920	3.79905	-0.25737
159.975	5.99411	-3.89491	3.68461	-0.14960
163.976	5.78145	-2.96221	3.55145	0.07334
167.970	5.94850	-1.29000	3.54959	0.25962
171.975	6.12246	-3.05864	3.46048	0.15148
175.987	5.87238	-3.32023	3.27757	0.07988
179.972	5.86767	-3.26197	3.28833	-0.00196
183.976	5.83021	-3.67181	3.29364	-0.11692
187.973	5.82513	-3.70301	3.29364	-0.21288
191.976	5.89004	-3.99683	3.27957	-0.33253
195.977	5.75045	-4.01888	3.23739	-0.37700
199.974	5.63963	-4.17873	3.21040	-0.41462
203.973	5.91054	-3.88691	3.13967	-0.35659
207.982	6.25894	-3.50158	3.07238	-0.42616
211.977	6.14153	-3.60745	3.27895	-0.40747
215.972	5.90023	-3.55397	3.31135	-0.40607
219.976	5.83373	-3.30216	3.33557	-0.47869
224.060	5.67669	-3.14618	3.29696	-0.43577
227.992	5.94747	-3.26670	3.18138	-0.38756
231.976	5.86492	-3.38275	3.11188	-0.34489
235.974	5.60153	-3.37559	3.22250	-0.32186
239.969	5.88537	-3.51644	3.34136	-0.34851
243.998	5.86963	-3.51474	3.30230	-0.31186
247.968	5.88498	-3.49307	3.39057	-0.25034
251.974	5.70856	-3.45721	3.44233	-0.27877
255.972	5.62913	-3.38408	3.43998	-0.44972
259.971	5.90242	-3.38883	3.45937	-0.54232
263.983	6.05609	-3.35212	3.43956	-0.47728
267.976	5.85910	-3.24381	3.42992	-0.37569
271.975	5.90490	-3.01865	3.39794	-0.44924
275.997	5.95972	-3.18109	3.33666	-0.44964
279.980	5.91543	-3.63209	3.29491	-0.44487
283.973	5.86669	-3.75214	3.13197	-0.38470
287.980	5.96200	-3.95789	3.08263	-0.38083
291.990	5.90372	-4.01498	3.16555	-0.42238
295.973	5.84409	-3.99723	3.41011	-0.38616
299.966	5.86708	-4.04127	3.44876	-0.32121
303.971	5.81098	-4.16455	3.67007	-0.27724
307.969	5.78320	-4.02671	3.60232	-0.24864
311.977	5.76455	-4.10874	3.58437	-0.27330
315.970	5.73276	-3.63568	3.74602	-0.30794
319.971	5.68241	-3.77318	3.76223	-0.39625
323.973	5.66813	-3.78459	3.78837	-0.36007
327.985	5.61072	-3.08418	3.66491	-0.37358
331.972	5.55755	-3.19633	3.70065	-0.38862
335.966	5.47284	-3.09863	3.79233	-0.40179
340.058	5.38604	-3.11837	3.77520	-0.34991
344.099	5.27986	-3.28602	3.76038	-0.30062
348.003	5.34550	-3.28745	3.74066	-0.23179
351.979	5.26701	-3.30138	3.61871	-0.19820
355.975	5.49183	-3.09851	3.57001	-0.09018
359.974	5.71804	-3.16311	3.55088	-0.07009
363.983	5.80634	-3.13740	3.49532	0.01615
367.975	5.90794	-3.19721	3.48593	0.02465
371.971	5.80224	-3.16703	3.44619	0.15961
375.978	5.96343	-3.14588	3.48781	0.21484
379.975	5.99652	-3.21226	3.47470	0.25327
383.971	5.93598	-3.20158	3.47703	0.26135
387.983	6.08868	-3.21893	3.42500	0.31660
391.974	6.15043	-3.17509	3.39367	0.34271
395.977	6.21607	-3.12216	3.43709	0.37529
399.973	6.24050	-3.10126	3.46476	0.41240
403.977	6.20229	-3.12109	3.47688	0.48385
407.996	6.12156	-3.14275	3.46889	0.50596
411.977	6.08205	-3.12623	3.43877	0.49479
415.971	6.06662	-3.15504	3.46053	0.39294
419.978	5.98130	-3.19143	3.49794	0.17588
423.982	6.00796	-3.18778	3.50373	0.14083
427.998	6.05776	-3.19818	3.46182	0.43624
431.985	5.73077	-3.03378	3.49394	0.42236
435.971	5.58193	-2.96777	3.49859	0.03078
439.979	5.54432	-2.95913	3.47260	-0.00501
444.004	5.57903	-2.88229	3.46345	-0.14748
447.974	5.52227	-2.93174	3.50192	-0.11719
451.976	5.57476	-2.87385	3.52010	-0.20883
455.970	5.50606	-2.70140	3.56789	-0.25803
459.969	5.49947	-2.65990	3.62640	-0.32990
463.964	5.48796	-2.57573	3.56195	-0.19392
467.972	5.46777	-2.52328	3.59095	-0.15339
471.978	5.47719	-2.50781	3.59864	-0.20800
476.038	5.56864	-2.54043	3.60047	-0.25975
479.978	5.64751	-2.60289	3.56151	-0.24526
483.970	5.70888	-2.62946	3.56623	-0.27219
487.976	5.79590	-2.75696	3.52400	-0.24693
492.019	5.81869	-2.90905	3.44792	-0.27242
495.984	5.88591	-2.87996	3.40729	-0.21623
499.991	5.95407	-3.07556	3.37118	-0.20331
503.967	5.91184	-3.27368	3.32033	-0.03418
507.968	5.91437	-3.55045	3.31276	0.04034
511.963	5.89294	-3.91533	3.28907	0.03620
515.991	5.94278	-3.25271	3.30126	0.12754
519.973	5.99240	-3.31040	3.29389	0.12999
523.984	6.04286	-3.29529	3.33636	0.26094
527.967	5.90986	-3.43368	3.31907	0.15748
531.963	5.93524	-3.47401	3.36765	0.32617
535.971	5.89387	-3.57883	3.40361	0.49131
539.966	5.77023	-3.30189	3.41159	0.38623
543.989	5.82321	-3.29865	3.46026	0.50971
547.996	5.83066	-3.19287	3.55926	0.41457
551.971	5.92316	-3.15353	3.60079	0.37006
555.974	5.89372	-3.01790	3.47010	0.34732
559.967	5.95167	-2.81786	3.55117	0.51370
563.962	6.10445	-2.58478	3.38605	0.44205
567.971	5.78182	-2.78480	3.39864	0.52951
571.967	5.79961	-2.82735	3.49698	0.50148
575.963	5.84353	-2.87694	3.48771	0.32948
580.000	5.89083	-2.95870	3.49015	0.28449
583.972	5.68140	-2.84903	3.47559	0.32673
587.975	5.46844	-2.77157	3.49967	0.40835
591.969	5.39751	-2.61875	3.40707	0.47099
595.991	5.49315	-2.55462	3.45902	0.58104
599.970	5.69406	-2.45508	3.49015	0.34015
603.848	5.50073	-3.09166	3.53327	0.31689
607.838	5.50766	-2.97093	3.60200	0.35124
612.001	5.55342	-2.91091	3.61320	0.32091
615.857	5.54341	-2.78982	3.70680	0.36015
619.850	5.67475	-2.55618	3.66080	0.34402
623.846	5.85502	-2.48022	3.52566	0.36664
627.845	5.40944	-2.48310	3.44750	0.37660
631.851	5.64560	-2.62925	3.35293	0.31958
635.850	5.67349	-2.63796	3.43657	0.25980
639.851	5.84244	-2.67319	3.53861	0.22872
643.862	5.71893	-2.73020	3.53520	0.24122
647.844	5.63682	-2.89634	3.50388	0.17344
651.840	5.54533	-2.86817	3.49456	0.17479
655.869	5.57685	-2.88445	3.49933	0.16732
659.844	5.63508	-2.94804	3.50024	0.13902
663.838	5.51831	-3.05307	3.55036	0.10476
667.838	5.59214	-3.13401	3.61977	0.07532
671.846	5.57490	-2.84494	3.63149	0.08613
675.845	5.60607	-2.52607	3.70346	0.05009
679.848	5.58415	-2.11213	3.72402	0.04173
683.866	5.58277	-2.16007	3.70547	-0.00201
687.857	5.52689	-1.99969	3.69543	-0.04570
691.843	5.51472	-2.04847	3.68945	-0.06187
695.838	5.55293	-2.12807	3.70665	0.38289
699.838	5.61124	-2.31069	3.68352	0.22360
703.860	5.57830	-2.57563	3.68142	0.58995
707.848	5.65287	-2.24317	3.66577	0.49957
711.845	5.61261	-2.22732	3.65621	0.44064
715.854	5.72419	-2.40835	3.69321	0.48198
719.844	5.74210	-2.64927	3.64934	0.34634
723.844	5.57318	-2.75659	3.55436	0.45319
727.839	5.45113	-2.76037	3.39315	0.59387
731.842	5.63380	-2.91458	3.54925	0.56481
735.834	5.72200	-2.98348	3.63176	0.60052
739.843	5.69890	-3.13686	3.64296	0.52818
743.874	5.67450	-3.11399	3.47643	0.49375
747.863	5.53771	-3.11299	3.35268	0.47070
751.912	5.64668	-3.16589	3.45811	0.48443
755.863	5.55524	-3.30925	3.44023	0.51619
759.842	5.68566	-3.34089	3.66150	0.52130
763.848	5.42862	-3.34067	3.31415	0.49703
767.857	5.58921	-3.31133	3.47119	0.57718
771.842	5.67258	-3.31534	3.51659	0.58323
775.835	5.69762	-3.35475	3.52598	0.58955
779.842	5.53232	-3.29594	3.37925	0.47956
783.842	5.56047	-3.30185	3.45259	0.49195
787.848	5.57992	-3.22779	3.54339	0.53508
791.842	5.65132	-3.29491	3.58138	0.47921
795.837	5.70045	-3.32223	3.59805	0.46021
799.838	5.61161	-3.25414	3.59046	0.46155
803.845	5.56335	-3.25594	3.43432	0.48559
807.838	5.66211	-3.23362	3.50185	0.44798
811.842	5.68575	-3.19198	3.53263	0.36518
815.880	5.79307	-3.16294	3.60109	0.31736
819.851	5.64144	-3.13937	3.72432	0.38020
823.842	5.63614	-3.09768	3.64412	0.41741
827.847	5.70224	-3.03070	3.60081	0.42826
831.842	5.69504	-3.05010	3.55080	0.50854
835.870	6.11586	-2.85587	3.60689	0.65233
839.841	5.59238	-2.96264	3.54687	0.65228
843.844	5.56593	-2.75789	3.52289	0.61681
847.842	5.61696	-2.58807	3.57199	0.50811
851.852	5.81663	-2.29562	3.57140	0.52269
855.837	5.63144	-2.60383	3.60981	0.50350
859.847	5.41822	-2.37854	3.56049	0.55255
863.845	5.54044	-2.23787	3.62516	0.53848
867.839	5.92213	-2.25802	3.47181	0.52349
871.843	5.55074	-2.98722	3.55169	0.58800
875.841	5.61190	-3.14811	3.60591	0.44788
879.844	5.28372	-2.74016	3.64597	0.40712
883.877	5.45516	-2.95770	3.71014	0.40659
887.847	5.70468	-2.83394	3.49325	0.40535
891.844	5.62962	-2.95081	3.41122	0.48803
895.840	5.89407	-2.56530	3.42327	0.50809
899.842	5.32324	-2.66479	3.54057	0.47174
903.839	5.56569	-2.43316	3.57407	0.41672
907.845	5.50985	-2.26960	3.49248	0.45312
911.841	5.61355	-2.66947	3.43402	0.36430
915.842	5.69072	-2.37095	3.40329	0.38172
919.837	6.13787	-2.23514	3.28442	0.48137
923.842	5.77232	-2.42081	3.35283	0.48449
927.835	5.63631	-2.43353	3.39995	0.64189
931.839	5.42124	-2.52794	3.40660	0.71063
935.845	5.62161	-2.62248	3.46666	0.54140
939.846	5.72650	-2.75710	3.60858	0.52113
943.837	5.75861	-2.47948	3.80424	0.70108
947.840	5.75942	-2.51148	3.44594	0.66252
951.873	5.61913	-2.88838	3.35644	0.63123
955.842	5.87567	-2.91813	3.40497	0.67544
959.844	5.68806	-2.92642	3.50543	0.74642
963.846	5.75072	-2.35115	3.60801	0.63691
967.836	5.77762	-2.27872	3.56400	0.56666
971.846	6.04350	-2.61333	3.49483	0.54295
975.849	6.17820	-2.82547	3.39127	0.51173
979.840	5.98749	-3.11827	3.50722	0.51886
983.835	6.02298	-3.07906	3.48261	0.50473
987.843	5.82859	-3.22785	3.45433	0.49242
991.843	5.92093	-2.96224	3.59229	0.49304
995.836	5.91813	-2.74822	3.36090	0.49336
999.844	5.91872	-2.54276	3.36918	0.61544
1003.841	5.87921	-2.53900	3.41946	0.55529
1007.839	5.74360	-2.69821	3.37818	0.54018
1011.842	5.82604	-2.79432	3.42782	0.52944
1015.839	5.82014	-2.99066	3.56700	0.51198
1019.902	5.79531	-3.11375	3.69654	0.47523
1023.844	5.69667	-2.68851	3.28093	0.47852
1027.841	5.67816	-2.80447	3.52198	0.46724
1031.831	5.72232	-2.91006	3.21644	0.53052
1035.839	5.65776	-2.80763	3.37262	0.43579
1039.858	5.57289	-2.79156	3.41810	0.53381
1043.870	5.55234	-2.92424	3.47960	0.58564
1047.835	5.60229	-2.91091	3.45089	0.59059
1051.842	5.70728	-3.03583	3.56151	0.64746
1055.843	5.68330	-3.01312	3.60682	0.68787
1059.842	5.76421	-3.05858	3.60828	0.76367
1063.860	5.75863	-3.03965	3.60932	0.69240
1067.833	5.82734	-3.08548	3.70079	0.74544
1071.838	5.90175	-3.07614	3.63485	0.60386
1075.829	5.93799	-2.99483	3.63263	0.63035
1079.837	6.09776	-2.91882	3.68854	0.71233
1083.833	6.12789	-2.89857	3.62820	0.70221
1087.855	6.22333	-2.58854	3.65747	0.51024
1091.845	6.21132	-2.63541	3.69926	0.39011
1095.835	6.21259	-2.36458	3.73428	0.35868
1099.831	6.10414	-2.28344	3.71851	0.19071
1103.835	5.03149	-2.52467	2.94668	-0.06658
1107.832	2.70352	-3.19291	1.97240	-0.36757
1111.832	2.25751	-4.99837	1.46365	-1.51421
1115.838	0.62826	-5.64489	-1.10683	-3.15933
1119.831	1.46373	-5.72730	-0.13014	-3.23573
1123.835	1.91412	-5.47776	-0.12851	-3.31378
1127.858	2.38601	-5.66906	0.46822	-3.05813
1131.838	2.53097	-5.66363	0.92175	-2.54918
1135.834	2.58729	-5.73931	1.04759	-2.22569
1139.850	2.34912	-5.81608	0.97861	-2.53416
1143.838	2.14994	-5.91429	0.85032	-2.84013
1147.832	2.02854	-5.67543	0.74221	-2.96977
1151.833	2.00703	-5.78767	0.69717	-2.84990
1155.834	2.06996	-5.69252	0.33288	-2.92927
1159.857	2.12444	-5.61489	0.37844	-2.78584
1163.837	2.08052	-5.48469	0.29339	-2.87171
1167.841	1.89902	-5.27031	0.34000	-2.93272
1171.833	1.94627	-5.28452	0.09451	-2.97100
1175.857	1.90492	-5.70521	0.22807	-3.02830
1179.834	1.86704	-5.32061	0.15779	-3.07827
1183.832	1.85090	-5.23072	0.06534	-3.10915
1187.835	1.92500	-5.45558	0.07406	-3.16643
1191.832	1.93693	-5.31990	0.14466	-3.09968
1195.829	1.93336	-5.31649	0.12997	-3.12706
1199.840	1.98497	-5.16347	0.16591	-3.10077
1203.832	2.06989	-5.35645	0.16089	-3.08206
1207.859	2.03992	-5.31551	0.16422	-3.00024
1211.834	2.16352	-5.07298	0.14737	-3.03397
1215.841	2.25531	-5.35469	0.18015	-2.99414
1219.837	2.22579	-5.22387	0.17211	-3.09712
1223.851	2.29099	-5.25006	0.18703	-3.07983
1227.869	2.31767	-5.39532	0.18884	-3.03812
1231.834	2.35358	-5.10328	0.16203	-3.03505
1235.831	2.34230	-5.33803	0.15856	-3.05401
1239.858	2.36735	-5.63383	0.13771	-3.06489
1243.830	2.32999	-5.82684	0.09336	-3.08643
1247.832	2.31339	-6.06443	0.09215	-3.09376
1251.833	2.32033	-5.70131	0.05331	-3.10387
1255.830	2.19229	-6.35122	0.02425	-3.11597
1259.829	2.26658	-6.18628	-0.00060	-3.13388
1263.834	2.22912	-6.29192	-0.11908	-3.04601
1267.840	2.22181	-6.22591	-0.12225	-3.03734
1271.829	2.17690	-6.25031	-0.20353	-2.92244
1275.829	2.03194	-6.11235	0.02072	-2.84123
1279.834	2.04765	-6.06527	0.35422	-2.67265
1283.833	1.89002	-5.81408	0.66657	-2.55216
1287.831	1.88985	-5.81592	0.85148	-2.42887
1291.834	1.99332	-5.86821	0.50647	-2.57867
1295.853	1.95686	-5.72864	0.11654	-2.72332
1299.850	2.03023	-5.57370	0.14821	-2.72942
1303.842	2.03303	-5.55984	0.33340	-2.59871
1307.835	2.14040	-5.46064	0.45785	-2.66250
1311.835	2.23457	-5.41667	0.50153	-2.65179
1315.834	2.55646	-5.40133	0.42517	-2.71921
1319.829	2.67006	-5.38724	0.41246	-2.72497
1323.835	2.79892	-5.33404	0.32573	-2.76030
1327.828	2.65847	-5.31339	0.27369	-2.80466
1331.855	2.71904	-5.27823	0.18807	-2.81487
1335.846	2.80778	-5.19953	0.19189	-2.78876
1339.830	2.83937	-5.12982	0.23539	-2.78447
1343.829	2.89606	-5.12809	0.21730	-2.72058
1347.835	2.93171	-5.06152	0.20321	-2.59544
1351.833	2.83519	-5.01131	0.21331	-2.61743
1355.829	2.89383	-4.93933	0.18601	-2.58580
1359.836	2.80221	-4.85761	0.16124	-2.59956
1363.834	2.83086	-4.95414	0.17616	-2.70162
1367.825	2.64344	-5.77970	0.18626	-2.66530
1371.831	2.43758	-5.85101	0.17097	-2.63150
1375.827	2.25511	-5.58942	0.22033	-2.61322
1379.828	1.92079	-5.69970	0.19410	-2.57077
1383.837	1.78081	-5.75201	0.13335	-2.48177
1387.833	1.59670	-5.45294	0.09800	-2.38717
1391.839	1.80122	-5.58229	0.06894	-2.57594
1395.823	2.28725	-5.66341	0.09939	-2.55414
1399.832	2.28551	-5.53433	0.50731	-2.51868
1403.828	2.58796	-5.44740	0.38703	-2.49672
1407.828	2.39755	-5.23750	0.36472	-2.42629
1411.822	2.77517	-5.21835	0.46515	-2.40785
1415.831	2.29446	-4.94356	0.33868	-2.35949
1419.828	2.29042	-4.84624	0.26319	-2.30253
1423.832	2.38004	-5.04995	0.21629	-2.27621
1427.833	2.58041	-5.18459	0.13625	-2.27759
1431.838	2.53124	-5.27270	0.14300	-2.30354
1435.828	2.41167	-5.20187	-0.00836	-2.23626
1439.831	2.35942	-5.36393	-0.21795	-2.20954
1443.824	2.23514	-5.36417	-0.24733	-2.18091
1447.855	2.10159	-5.41751	-0.28888	-2.15519
1451.832	1.99597	-5.51396	-0.35107	-2.17495
1455.823	1.94035	-5.55194	-0.37643	-2.16076
1459.704	1.87019	-5.62567	-0.47448	-2.15217
1463.730	1.88608	-5.62871	-0.47664	-2.16626
1467.712	1.80090	-5.66015	-0.50071	-2.17370
1471.703	1.79460	-5.66336	-0.51133	-2.20431
1475.710	1.79532	-5.67551	-0.44046	-2.19855
1479.752	1.78976	-5.67998	-0.42179	-2.24347
1483.711	1.78567	-5.65909	-0.37578	-2.26737
1487.707	1.78996	-5.63428	-0.35829	-2.28231
1491.706	1.76276	-5.64049	-0.30406	-2.37188
1495.735	1.78166	-5.64429	-0.29304	-2.35603
1499.713	1.72986	-5.68946	-0.24224	-2.58432
1503.703	1.67583	-5.72186	-0.19586	-2.74885
1507.709	1.58168	-5.77497	-0.16228	-2.72530
1511.706	1.52652	-5.76233	-0.11304	-2.78468
1515.706	1.49855	-5.76243	-0.05795	-2.72437
1519.704	1.42851	-5.73861	-0.06301	-2.79331
1523.712	1.43138	-5.70166	-0.01578	-2.79604
1527.700	1.37315	-5.58090	0.03293	-2.72799
1531.709	1.36308	-5.54611	0.08383	-2.68755
1535.704	1.36910	-5.45963	0.12302	-2.62523
1539.707	1.37615	-5.35642	0.19472	-2.58123
1543.703	1.37268	-5.24865	0.19871	-2.61682
1547.710	1.38081	-5.17861	0.22527	-2.57860
1551.707	1.41913	-5.11485	0.20767	-2.51420
1555.702	1.44562	-5.09843	0.20420	-2.46303
1559.709	1.45021	-5.00833	0.17191	-2.44644
1563.741	1.45110	-4.94640	0.14958	-2.39354
1567.702	1.46936	-4.90395	0.11984	-2.37823
1571.708	1.46080	-4.88185	0.16402	-2.37796
1575.705	1.45772	-4.87539	0.14451	-2.38533
1579.705	1.44907	-4.86799	0.09279	-2.41619
1583.701	1.41107	-4.88106	0.02792	-2.40307
1587.710	1.37382	-4.91096	-0.02293	-2.39047
1591.706	1.34968	-4.95630	-0.05460	-2.37350
1595.705	1.34266	-5.02434	-0.06043	-2.40213
1599.704	1.32771	-5.13099	-0.09902	-2.43390
1603.708	1.29499	-5.19299	-0.10359	-2.49524
1607.708	1.28162	-5.35379	-0.07793	-2.52914
1611.705	1.24746	-5.44453	-0.07222	-2.53924
1615.702	1.23087	-5.45884	-0.14628	-2.61211
1619.713	1.22588	-5.53134	-0.14379	-2.65253
1623.706	1.19862	-5.57326	-0.13265	-2.66228
1627.708	1.20991	-5.65628	-0.13260	-2.74816
1631.711	1.21110	-5.67837	-0.12461	-2.78307
1635.712	1.24007	-5.70446	-0.10334	-2.87072
1639.700	1.27155	-5.73076	-0.06507	-2.88057
1643.709	1.32396	-5.72319	-0.03623	-2.87645
1647.708	1.32314	-5.72211	-0.02618	-2.90092
1651.706	1.35963	-5.69096	-0.03132	-2.92987
1655.706	1.42243	-5.66321	-0.04619	-2.97301
1659.704	1.48439	-5.67501	-0.02847	-2.96749
1663.730	1.50509	-5.66767	-0.02546	-2.97933
1667.702	1.56873	-5.65789	-0.02658	-2.99529
1671.705	1.58639	-5.62904	-0.02807	-2.98142
1675.702	1.62686	-5.56904	-0.04174	-2.96045
1679.700	1.67581	-5.55422	-0.04455	-2.92171
1683.708	1.70033	-5.54595	-0.08294	-2.87953
1687.706	1.74107	-5.52039	-0.10699	-2.83753
1691.697	1.74303	-5.44040	-0.08254	-2.71636
1695.706	1.77172	-5.37740	-0.09426	-2.71519
1699.711	1.80050	-5.34582	-0.08503	-2.76513
1703.704	1.82862	-5.13652	0.13049	-2.78731
1707.705	1.84314	-5.01945	0.11066	-2.81793
1711.702	1.89697	-5.20635	0.24262	-2.77100
1715.704	1.87711	-5.43778	0.11607	-3.01625
1719.700	1.88720	-5.58940	0.16541	-3.01927
1723.705	1.79162	-5.76596	0.09498	-2.97742
1727.698	1.74268	-5.76666	0.17829	-2.98125
1731.706	1.61017	-5.63820	0.23805	-3.07674
1735.704	1.32887	-5.64928	0.19710	-3.37429
1739.701	1.32436	-5.54009	0.21192	-3.33633
1743.715	1.21236	-5.63800	0.17668	-3.39651
1747.697	1.09832	-5.57513	0.07530	-3.46179
1751.706	0.90728	-5.55665	0.01626	-3.49658
1755.704	1.17530	-5.59565	-0.03760	-3.51111
1759.704	1.27929	-5.45285	0.11158	-3.16065
1763.700	1.68915	-5.36515	0.17119	-3.04710
1767.764	2.02723	-5.30492	0.21767	-3.06086
1771.709	2.65050	-5.29293	0.18402	-2.97003
1775.704	2.64299	-5.32758	0.08096	-2.95410
1779.699	2.52203	-5.38122	-0.01228	-2.94883
1783.704	2.34064	-5.38228	-0.13612	-3.03481
1787.703	2.22384	-5.39291	-0.03043	-2.99517
1791.696	2.13098	-5.38056	0.03765	-2.96538
1795.705	1.99902	-5.40154	-0.00561	-2.82862
1799.704	1.94134	-5.35037	0.03239	-2.88511
1803.703	1.87346	-5.39150	0.10193	-2.89683
1807.704	1.18458	-5.30192	0.05832	-2.89601
1811.700	1.59732	-5.50393	-0.03442	-2.88905
1815.717	1.64491	-5.54968	-0.24016	-2.86733
1819.706	1.49378	-5.48604	-0.28679	-2.81073
1823.701	1.43203	-5.39077	-0.11689	-2.98347
1827.705	1.47841	-5.56985	0.01762	-3.04205
1831.701	1.48052	-5.71892	-0.07229	-3.01212
1835.704	1.48565	-5.64603	-0.05256	-2.93673
1839.701	1.41127	-5.58374	-0.16551	-2.90678
1843.695	1.26879	-5.50927	-0.35945	-2.80709
1847.727	1.20455	-5.48676	-0.51704	-2.74268
1851.701	1.16376	-5.44174	-0.34151	-2.88957
1855.704	1.41338	-5.56740	-0.25468	-3.11482
1859.694	1.35720	-5.51976	-0.39660	-3.16752
1863.704	1.37000	-5.48417	-0.48170	-3.24804
1867.702	1.38337	-5.45154	-0.37425	-3.20642
1871.694	1.49314	-5.08837	-0.41385	-3.19754
1875.703	1.46053	-4.92606	-0.34434	-2.76091
1879.702	1.43481	-5.19025	-0.46557	-2.55016
1883.698	1.49899	-5.19264	-0.42529	-2.81309
1887.703	1.46618	-5.23607	-0.31240	-3.14989
1891.701	1.61277	-5.22194	-0.15201	-3.12567
1895.700	1.72748	-5.31124	-0.19618	-3.22037
1899.704	1.68421	-5.28222	-0.22619	-3.11775
1903.702	1.66881	-5.20569	-0.27128	-3.03506
1907.699	1.62676	-5.19040	-0.39720	-3.08713
1911.703	1.62257	-5.28081	-0.36201	-3.10099
1915.699	1.65324	-5.47774	-0.34298	-3.01933
1919.702	1.62358	-5.62096	-0.43510	-3.11659
1923.699	1.63494	-5.56757	-0.37943	-3.13014
1927.703	1.64774	-5.63578	-0.30506	-3.17890
1931.702	1.55851	-5.55084	-0.12382	-3.10033
1935.696	1.45095	-5.50340	-0.09458	-3.00384
1939.702	1.36970	-5.45396	0.00874	-2.90479
1943.700	1.31374	-5.36286	-0.01603	-2.77346
1947.696	1.11236	-5.23613	-0.14161	-2.70619
1951.703	1.62346	-5.33339	-0.11838	-2.55424
1955.698	1.76777	-5.22081	-0.26900	-2.47850
1959.701	1.73075	-5.18542	-0.28773	-2.53573
1963.698	1.43319	-5.14782	-0.16680	-2.64549
1967.701	1.48240	-5.02561	-0.05485	-2.81897
1971.701	1.69530	-4.89380	-0.05621	-2.69261
1975.702	1.77233	-4.82564	-0.14181	-2.85270
1979.704	1.60365	-4.81812	-0.22867	-2.96397
1983.699	1.77057	-4.83349	-0.33595	-2.99234
1987.698	1.82852	-4.92977	-0.41152	-3.05424
1991.701	1.89729	-4.88214	-0.45376	-3.05078
1995.694	1.81481	-4.91154	-0.53905	-3.10488
1999.701	1.79207	-4.86398	-0.51371	-3.02409
2003.697	1.73861	-4.90409	-0.43745	-3.13465
2007.699	1.67548	-4.42977	-0.52855	-2.95527
2011.697	1.49515	-3.55384	-0.51771	-2.07689
2015.701	1.55859	-1.96784	-0.55895	-0.75111
2019.698	1.36154	-1.81635	-0.58647	-0.08143
2023.708	1.43997	-2.01102	-0.47140	0.02567
2027.698	1.34063	-2.04808	-0.43624	0.21735
2031.695	1.22181	-1.97028	-0.37941	0.20540
2035.693	1.30920	-2.00411	-0.42837	-0.01647
2039.703	1.41901	-2.02459	-0.32377	-0.00977
2043.789	1.36134	-2.03429	-0.28170	0.00770
2047.718	1.37590	-1.88202	-0.31104	0.10943
2051.701	1.28956	-1.84238	0.09550	0.20391
2055.690	1.32108	-1.83199	-0.10059	0.32716
2059.693	1.32947	-1.80950	-0.04745	0.36632
2063.702	1.30015	-1.76338	0.03187	0.37273
2067.687	1.35576	-1.66637	0.02504	0.63554
2071.694	1.23417	-1.67434	0.03998	0.72615
2075.690	1.20837	-1.75113	0.07954	0.70998
2079.700	1.30479	-1.70172	0.04475	0.81646
2083.686	1.20043	-1.67327	0.02266	0.77261
2087.697	1.36566	-1.62970	0.02072	0.88841
2091.694	1.53885	-1.67167	-0.02271	0.96187
2095.694	1.47434	-1.69222	-0.04614	0.96227
2099.686	1.62465	-1.77407	-0.06165	0.92615
2103.698	1.48337	-1.76838	-0.13094	0.93568
2107.693	1.75101	-1.76507	-0.13188	0.88662
2111.699	1.67186	-1.75546	-0.17556	0.87862
2115.692	1.79182	-1.72860	-0.23686	0.83022
2119.695	1.73671	-1.59844	-0.32010	0.79653
2123.689	1.76807	-1.55027	-0.34854	0.69223
2127.714	1.81022	-1.51057	-0.39445	0.64969
2131.697	1.70707	-1.43614	-0.33464	0.39149
2135.697	1.68047	-1.39716	-0.25128	0.24096
2139.698	1.61920	-1.32955	-0.25455	0.31486
2143.712	1.57478	-1.31508	-0.25877	0.22757
2147.693	1.50936	-1.26408	-0.15352	0.15203
2151.691	1.37736	-1.21352	-0.21432	0.14964
2155.686	1.48364	-1.32326	-0.27309	0.12869
2159.692	1.39956	-1.29416	-0.07981	0.13838
2163.698	1.48315	-1.46323	-0.05306	0.11234
2167.694	1.41978	-1.64185	-0.00824	0.13240
2171.687	1.44485	-1.90696	0.00578	0.09564
2175.696	1.47112	-1.91396	0.00328	0.12715
2179.696	1.43225	-1.86431	-0.02608	0.14114
2183.703	1.48801	-1.94582	-0.00484	0.25088
2187.694	1.59807	-1.96381	0.02482	0.42874
2191.691	1.64288	-2.01083	0.02028	0.53976
2195.684	1.69934	-1.98061	0.04661	0.50519
2199.693	1.65503	-1.92788	0.04619	0.55752
2203.690	1.71270	-1.97848	0.00139	0.61663
2207.685	1.71375	-1.93345	-0.01608	0.70580
2211.690	1.76931	-1.91891	-0.00988	0.68712
2215.693	1.85423	-1.88749	-0.01690	0.73843
2219.690	1.89037	-1.87936	-0.01288	0.75403
2223.697	1.97307	-1.89113	-0.03028	0.76759
2227.687	1.96305	-1.91845	-0.04767	0.71654
2231.698	1.91764	-1.94775	-0.05989	0.59236
2235.693	1.86394	-1.99531	-0.09666	0.41532
2239.689	1.85594	-2.04421	-0.12061	0.22198
2243.690	1.86992	-2.19651	-0.12880	0.12770
2247.698	1.75786	-2.14404	-0.13948	-0.06374
2251.691	1.61374	-2.11607	-0.12302	-0.14740
2255.702	1.60179	-2.11248	-0.11582	-0.25418
2259.719	1.70784	-1.98035	-0.11945	-0.05024
2263.696	1.62453	-1.91709	-0.12789	-0.17148
2267.692	1.55792	-1.73139	-0.10895	-0.13858
2271.693	1.48034	-1.53274	-0.07435	0.02100
2275.696	1.50584	-1.31458	-0.06219	0.16415
2279.695	1.47169	-1.20660	-0.05926	0.34965
2283.694	1.46472	-1.17539	-0.07455	0.57536
2287.688	1.42818	-1.13520	-0.08798	0.66314
2291.708	1.47315	-1.12562	-0.09264	0.62945
2295.689	1.47055	-1.06392	-0.09376	0.68883
2299.687	1.48334	-1.05038	-0.14551	0.71316
2303.682	1.44708	-1.01583	-0.12766	0.75087
2307.693	1.40028	-0.97703	-0.14096	0.83045
2311.691	1.41586	-0.96029	-0.12846	0.85539
2315.569	1.41953	-0.96311	-0.15260	0.87544
2319.566	1.37970	-0.97259	-0.13754	0.88640
2323.569	1.40735	-1.00343	-0.14223	0.87653
2327.573	1.39666	-1.00738	-0.10118	0.85303
2331.563	1.39731	-0.98756	-0.11086	0.83885
2335.559	1.37855	-1.00699	-0.10664	0.84699
2339.563	1.38143	-1.02455	-0.12923	0.85812
2343.563	1.37456	-1.02778	-0.12290	0.86076
2347.563	1.39351	-1.06107	-0.14422	0.85566
2351.558	1.40294	-1.07686	-0.14972	0.82888
2355.564	1.36940	-1.14440	-0.14905	0.79656
2359.566	1.35422	-1.22642	-0.20658	0.75902
2363.563	1.38572	-1.26599	-0.21125	0.69149
2367.568	1.38168	-1.30043	-0.22899	0.59538
2371.560	1.37052	-1.42758	-0.28121	0.50817
2375.561	1.36484	-1.50958	-0.30223	0.43331
2379.564	1.34108	-1.76042	-0.33101	0.19499
2383.559	1.34827	-2.01142	-0.32258	0.13294
2387.564	1.38218	-2.41251	-0.26664	-0.21444
2391.561	1.36762	-2.27186	-0.26887	-1.04557
2395.561	1.43168	-3.63599	-0.36139	-2.09170
2399.562	1.49138	-4.69124	-0.37928	-3.00442
2403.564	1.58991	-5.28806	-0.34280	-3.05880
2407.567	1.74930	-5.28421	-0.25108	-2.84123
2411.561	1.88997	-5.09164	-0.10069	-2.42120
2415.563	1.95800	-4.83912	-0.02924	-2.29970
2419.565	2.06451	-4.79718	-0.05683	-2.49234
2423.562	2.05598	-4.90729	0.03087	-2.58871
2427.592	1.98799	-4.94736	0.07210	-2.63635
2431.576	2.10285	-4.99358	0.07731	-2.66982
2435.559	2.11321	-5.04764	0.06222	-2.74591
2439.564	2.15725	-5.07332	0.09036	-2.92781
2443.566	2.15053	-5.07223	0.02045	-3.00164
2447.585	2.18253	-4.98004	0.02378	-2.95351
2451.560	2.16639	-4.97960	-0.00511	-2.96546
2455.561	2.14092	-4.93461	-0.07468	-2.98704
2459.555	2.12213	-4.90023	-0.08711	-2.97098
2463.582	2.01793	-4.84942	-0.02842	-2.89405
2467.563	1.80010	-5.01062	-0.08957	-2.96704
2471.560	1.82388	-4.94391	-0.25887	-3.04614
2475.555	1.65954	-4.84292	-0.50178	-3.04437
2479.563	1.71627	-4.94562	-0.48046	-2.97814
2483.561	1.73021	-5.10254	-0.38901	-2.83331
2487.618	1.56134	-5.02183	-0.23673	-2.73166
2491.562	1.43131	-4.96114	-0.23028	-2.84322
2495.565	1.28916	-4.85933	-0.47396	-2.85407
2499.560	1.10487	-4.73208	-0.35764	-2.91730
2503.564	1.08398	-4.69189	-0.22006	-2.95636
2507.586	1.07939	-4.98641	-0.17613	-2.95813
2511.567	1.26827	-5.00306	-0.02760	-2.93123
2515.582	1.33594	-4.86395	-0.13022	-2.88835
2519.563	1.32882	-4.94974	-0.16335	-2.97216
2523.564	1.34750	-5.17994	-0.10865	-2.96156
2527.564	1.29102	-5.25922	-0.06023	-3.06376
2531.556	1.38205	-5.20527	0.02991	-3.06071
2535.559	1.43935	-5.12974	0.05284	-3.05358
2539.551	1.51184	-5.09826	0.08470	-2.99157
2543.561	1.57657	-5.14608	0.15183	-2.88780
2547.557	1.64360	-5.16929	0.21457	-2.79870
2551.560	1.72823	-5.15424	0.19169	-2.95126
2555.564	1.77861	-5.10753	0.05763	-2.99058
2559.558	1.80380	-5.03804	-0.16898	-3.01426
2563.558	1.88296	-5.02170	-0.29739	-3.02782
2567.566	1.97842	-4.96087	-0.46219	-3.03541
2571.561	2.02083	-4.85686	-0.40638	-3.00201
2575.559	2.13695	-4.80675	-0.25031	-2.99301
2579.553	2.11715	-4.77453	-0.24455	-2.98151
2583.846	2.10129	-4.75736	-0.18938	-3.00457
2587.565	2.13259	-4.74055	-0.13339	-2.97670
2591.558	2.16255	-4.71483	-0.08177	-2.99537
2595.554	2.02646	-4.76462	-0.00630	-2.92920
2599.561	2.01441	-4.81466	-0.09128	-2.92141
2603.559	1.96405	-4.87285	-0.27540	-3.09403
2607.560	1.92771	-4.88832	-0.21388	-3.04042
2611.562	1.77739	-4.97083	-0.13268	-3.00619
2615.562	1.74466	-5.07229	-0.05740	-2.99557
2619.558	1.65629	-5.07866	-0.07383	-3.02042
2623.562	1.64417	-5.11757	0.00402	-2.96362
2627.560	1.74851	-5.10695	0.15077	-2.90552
2631.559	1.68461	-5.17948	0.35759	-2.90850
2635.554	1.61307	-5.16508	-0.06378	-3.06242
2639.559	1.54001	-5.15770	-0.05480	-3.21590
2643.560	1.52310	-5.12541	-0.30766	-3.23978
2647.559	1.44639	-5.12039	-0.19876	-3.16146
2651.577	1.40914	-5.09901	-0.12766	-3.20514
2655.558	1.41013	-5.08698	-0.10669	-3.28681
2659.587	1.48758	-5.08153	-0.23175	-3.16504
2663.566	1.59427	-5.09715	-0.30245	-2.88318
2667.564	1.67256	-5.11871	-0.30391	-2.79276
2671.573	1.60097	-5.18199	-0.28175	-2.74658
2675.579	1.36779	-5.00708	-0.31322	-2.70442
2679.560	1.34234	-4.99946	-0.26587	-2.82375
2683.556	1.30898	-4.93291	-0.19874	-2.76833
2687.555	1.26664	-4.87711	-0.04296	-2.73657
2691.557	1.31664	-4.86044	0.01037	-2.86533
2695.557	1.39150	-5.05884	-0.06641	-2.71512
2699.551	1.33351	-5.04413	0.02189	-2.67967
2703.582	1.37570	-5.23130	-0.07314	-2.53016
2707.563	1.40926	-5.38230	-0.09001	-2.60508
2711.563	1.46286	-5.54299	-0.14350	-2.66498
2715.557	1.34695	-4.93754	-0.11496	-2.76386
2719.612	1.26443	-5.04631	-0.02387	-2.82834
2723.564	1.35149	-5.07695	0.04336	-2.85080
2727.563	1.40063	-5.06602	-0.14980	-2.87070
2731.554	1.49024	-4.96325	-0.33109	-2.78452
2735.552	1.68952	-5.07241	-0.35273	-2.78880
2739.565	1.50497	-5.08634	-0.34139	-2.74842
2743.595	1.33450	-5.03434	-0.31503	-2.72557
2747.573	1.12896	-4.89772	-0.24684	-2.78166
2751.566	1.20452	-4.80021	-0.17598	-2.80255
2755.563	1.20666	-4.75331	-0.06343	-2.81297
2759.558	1.17267	-4.64728	0.08242	-2.75332
2763.562	1.26247	-4.67094	0.28078	-2.69578
2767.561	1.43317	-4.55202	0.05591	-2.73766
2771.562	1.47739	-4.49661	-0.08582	-2.79254
2775.559	1.67129	-4.52638	-0.09860	-2.86914
2779.563	1.94035	-4.42945	-0.04549	-2.99329
2783.561	1.60300	-4.42880	0.00186	-2.95145
2787.562	1.70906	-4.44155	-0.02271	-2.90255
2791.557	1.64035	-4.60613	-0.06525	-2.88875
2795.566	1.72788	-4.84334	-0.06937	-2.70250
2799.560	1.80211	-5.12467	-0.10021	-2.44573
2803.563	1.81210	-5.10926	-0.15580	-2.68633
2807.562	1.79197	-5.17254	-0.14747	-2.72183
2811.558	1.68173	-4.82242	-0.19914	-2.88035
2815.561	1.60194	-4.65836	-0.20063	-2.76893
2819.563	1.63876	-4.61548	-0.24617	-2.75427
2823.556	1.60315	-4.60695	-0.25793	-2.73595
2827.564	1.60010	-4.65195	-0.25138	-2.80338
2831.560	1.65870	-4.70718	-0.16367	-2.86554
2835.561	1.82693	-4.76959	-0.17985	-2.85235
2839.554	1.92208	-4.81870	-0.20177	-2.84206
2843.562	2.25337	-4.87235	-0.32744	-2.79491
2847.559	2.24339	-4.62832	-0.36092	-2.75689
2851.562	1.71932	-4.74191	-0.38075	-2.74060
2855.580	1.79842	-4.89255	-0.36529	-2.71251
2859.588	1.88512	-5.13574	-0.30282	-2.72009
2863.553	1.92947	-5.04449	-0.20958	-2.73357
2867.559	2.04770	-4.94870	-0.12419	-2.82241
2871.557	2.13688	-5.02147	-0.08902	-2.71415
2875.552	1.99907	-5.04329	-0.17918	-2.67740
2879.565	2.13514	-5.05021	-0.18233	-2.57050
2883.562	1.94436	-4.64704	-0.20730	-2.52665
2887.558	1.92694	-4.59796	-0.11322	-2.50451
2891.560	2.00415	-4.67983	0.00620	-2.48157
2895.561	1.94536	-4.81896	0.11195	-2.48973
2899.560	2.03724	-4.81368	-0.08815	-2.71492
2903.552	2.10454	-4.81767	-0.16447	-2.98401
2907.560	1.52444	-4.70736	-0.15211	-2.88259
2911.558	1.42102	-4.58929	-0.09034	-2.66786
2915.559	1.66507	-4.53780	-0.12846	-2.64031
2919.552	1.79500	-4.43209	-0.12930	-2.49179
2923.576	1.81136	-4.45802	-0.30975	-2.58339
2927.559	2.04552	-4.45832	-0.34903	-2.73057
2931.563	1.90882	-4.47703	-0.47599	-2.55547
2935.557	1.69993	-4.74625	-0.30161	-2.43878
2939.555	1.86293	-4.78944	-0.32233	-2.39311
2943.554	2.02359	-4.85078	-0.33429	-2.49267
2947.559	1.84468	-4.78091	-0.38340	-2.53859
2951.557	1.80320	-5.22170	-0.36548	-2.47021
2955.550	1.84431	-5.69670	-0.35198	-2.42128
2959.561	1.99848	-5.56916	-0.26982	-2.36606
2963.559	1.98410	-5.31106	-0.39214	-2.57690
2967.558	1.90644	-5.56048	-0.36690	-2.72283
2971.550	1.88221	-5.55079	-0.38921	-2.73735
2975.560	1.97503	-5.33667	-0.26197	-2.77363
2979.557	2.03132	-5.25640	-0.17678	-2.84444
2983.563	1.90971	-5.27574	-0.03968	-2.90198
2987.554	1.95589	-5.24055	-0.09381	-2.89519
2991.566	2.05891	-5.24798	-0.08766	-2.75940
2995.558	2.09408	-5.10910	-0.14548	-2.73911
2999.551	1.99830	-4.68584	-0.09197	-2.72055
3003.558	2.03496	-4.77815	-0.01256	-2.71227
3007.555	2.05524	-4.65822	0.02395	-2.61197
3011.558	2.08181	-4.79242	0.06884	-2.55280
3015.552	2.10892	-4.79125	0.15610	-2.55026
3019.559	2.09118	-4.80191	0.16102	-2.50865
3023.557	2.13244	-4.96342	0.14774	-2.48548
3027.561	2.22198	-5.10185	0.12863	-2.49372
3031.557	2.22956	-5.19761	0.18990	-2.56368
3035.557	2.23392	-5.42755	0.22825	-2.71232
3039.554	2.19871	-5.54690	0.24520	-2.79235
3043.558	2.18999	-5.66076	0.23013	-2.93428
3047.558	2.19754	-5.80262	0.03254	-2.82807
3051.558	2.16753	-5.89012	0.02219	-2.90655
3055.558	2.14292	-5.82063	-0.03350	-2.91896
3059.587	2.04659	-5.84396	-0.10284	-2.91311
3063.552	1.98712	-5.92782	-0.20529	-2.90611
3067.569	1.94325	-5.88402	-0.35464	-2.89529
3071.554	1.88866	-5.87948	-0.45028	-2.80748
3075.557	1.83065	-5.89322	-0.35476	-2.72390
3079.553	1.87141	-5.78078	-0.32362	-2.69229
3083.557	1.77851	-5.71489	-0.37648	-2.67750
3087.555	1.76452	-5.47265	-0.31096	-2.61563
3091.555	1.77298	-5.36287	-0.25711	-2.59568
3095.550	1.80762	-5.37099	-0.14347	-2.49288
3099.558	1.87478	-5.52011	-0.03432	-2.36670
3103.552	1.85532	-5.54539	-0.06798	-2.33366
3107.555	1.91132	-5.42941	-0.13344	-2.28257
3111.549	1.88844	-5.44533	-0.07487	-2.28459
3115.558	1.85802	-5.60271	-0.08746	-2.31681
3119.551	1.82728	-5.63443	-0.14568	-2.29423
3123.555	1.95205	-5.66087	-0.28433	-2.27600
3127.569	1.92537	-5.83989	-0.52356	-2.33220
3131.555	1.94364	-5.87470	-0.47867	-2.35913
3135.553	1.91310	-5.92140	-0.47845	-2.36823
3139.550	1.84342	-6.00698	-0.28880	-2.36576
3143.558	1.73380	-5.88684	-0.25838	-2.44196
3147.554	1.82252	-5.74917	-0.37385	-2.46577
3151.559	1.85775	-5.55589	-0.22728	-2.53076
3155.547	1.86345	-5.51171	-0.28677	-2.61809
3159.558	1.84371	-5.57712	-0.35747	-2.76441
3163.555	1.86144	-5.52185	-0.50076	-2.86519
3167.426	1.60908	-5.42812	-0.02184	-2.71728
3171.431	1.76638	-5.25304	0.02827	-2.63974
3175.428	1.77491	-5.25538	-0.06825	-2.60270
3179.425	1.79343	-5.24532	-0.12724	-2.64631
3183.432	1.81104	-5.24734	-0.29702	-2.66765
3187.427	1.83303	-5.26725	-0.49599	-2.63858
3191.437	1.85799	-5.33482	-0.51595	-2.74967
3195.431	1.86945	-5.36844	-0.67325	-2.75306
3199.425	1.81208	-5.42755	-0.56161	-2.66662
3203.431	1.75783	-5.40855	-0.39876	-2.45626
3207.428	1.79728	-5.35728	-0.38715	-2.45128
3211.430	1.86464	-5.25568	-0.44708	-2.54424
3215.427	1.99449	-5.05164	-0.56719	-2.64056
3219.430	1.98095	-4.89958	-0.51885	-2.64338
3223.427	2.06010	-4.78168	-0.52314	-2.78197
3227.431	2.02663	-4.71825	-0.49587	-2.84333
3231.424	2.00063	-4.58352	-0.48138	-2.98324
3235.429	2.01144	-4.59390	-0.46033	-3.01284
3239.451	1.90182	-4.50331	-0.47726	-3.05481
3243.422	1.97094	-4.77287	-0.60136	-3.11371
3247.427	1.94565	-5.01440	-0.54438	-3.12140
3251.426	1.91519	-5.09780	-0.57250	-3.15884
3255.422	1.88142	-4.96078	-0.59714	-3.17263
3259.421	2.04190	-4.89067	-0.62109	-3.13625
3263.432	2.00646	-5.00685	-0.68030	-3.09003
3267.441	1.97074	-5.11671	-0.81612	-2.97715
3271.426	1.99374	-5.32871	-0.78732	-3.00215
3275.420	2.00792	-5.34294	-0.72494	-2.98006
3279.422	1.98690	-5.48919	-0.65079	-2.96809
3283.416	2.00983	-5.52978	-0.60019	-3.01867
3287.424	1.98940	-5.51024	-0.59875	-3.03661
3291.420	1.99840	-5.48666	-0.62456	-3.08724
3295.422	2.02066	-5.46309	-0.62230	-3.08650
3299.421	2.14823	-5.53038	-0.51083	-3.01136
3303.427	2.14099	-5.62167	-0.47301	-2.94565
3307.425	2.09834	-5.65588	-0.31359	-2.87914
3311.423	2.04488	-5.69148	-0.36601	-2.85823
3315.429	1.20755	-5.71321	-0.56148	-2.84067
3319.420	0.00650	-5.64508	-1.56928	-2.94985
3323.418	-2.43781	-5.63534	-2.89084	-3.36345
3327.454	-3.71743	-5.89718	-4.06088	-3.18731
3331.474	-4.54834	-6.16738	-6.41842	-4.16929
3335.432	-5.29194	-6.91049	-5.91283	-4.78176
3339.426	-4.80088	-7.78496	-6.49283	-5.27424
3343.425	-4.38277	-8.09433	-6.56691	-5.97725
3347.430	-4.23369	-8.21357	-6.28114	-5.17924
3351.426	-4.28508	-8.13918	-6.26071	-5.20120
3355.427	-4.16243	-8.02474	-5.99932	-4.90742
3359.434	-4.33355	-7.95215	-6.06107	-4.93431
3363.433	-4.63664	-8.04383	-6.10284	-5.12314
3367.420	-4.77397	-8.10541	-6.20761	-5.15848
3371.415	-4.83358	-8.19276	-6.21041	-5.19655
3375.422	-4.60587	-8.18954	-6.22591	-5.28819
3379.427	-4.64446	-8.20249	-6.41202	-5.68143
3383.415	-4.77118	-8.18078	-6.50432	-5.63664
3387.427	-4.95775	-8.18655	-6.45704	-5.90206
3391.419	-4.86256	-8.11618	-6.32995	-6.04204
3395.420	-4.98593	-8.00122	-5.96964	-5.54426
3399.433	-4.73949	-8.02688	-5.86430	-5.60670
3403.416	-5.02723	-7.92854	-5.94231	-5.79063
3407.447	-5.00999	-7.78039	-6.03120	-5.84900
3411.426	-4.96659	-7.72996	-6.16581	-5.91841
3415.427	-4.90851	-7.76099	-6.20052	-5.97128
3419.422	-5.04368	-7.68122	-6.48659	-6.07082
3423.470	-4.97852	-7.79374	-6.48791	-6.09760
3427.415	-4.85820	-7.78186	-6.18279	-6.01060
3431.421	-4.80586	-7.82188	-6.15056	-5.92613
3435.419	-4.91287	-7.86278	-5.83490	-5.88226
3439.413	-4.75622	-7.98638	-5.98893	-5.91714
3443.424	-4.86495	-8.11686	-5.89922	-5.88207
3447.427	-4.76337	-8.16423	-5.84458	-5.89786
3451.414	-4.73214	-8.22278	-5.93627	-5.89433
3455.423	-4.76517	-8.27254	-5.85721	-5.92563
3459.418	-4.71558	-8.30056	-5.78281	-5.92734
3463.443	-4.68107	-8.26759	-5.80054	-5.97394
3467.451	-4.78378	-8.23631	-5.76222	-5.95952
3471.422	-4.76734	-8.24407	-5.83955	-6.05746
3475.439	-4.80307	-8.19077	-5.80184	-6.10556
3479.430	-4.93277	-8.09341	-5.94352	-6.22790
3483.420	-5.06937	-7.79109	-6.06146	-6.38744
3487.422	-5.16147	-7.81677	-6.08183	-6.22982
3491.422	-5.39974	-7.73500	-6.13203	-5.87842
3495.414	-5.21976	-7.60219	-6.11586	-5.58556
3499.425	-5.36226	-7.58519	-6.19631	-5.56587
3503.416	-5.27338	-7.55010	-6.21240	-5.67522
3507.418	-5.31307	-7.61681	-6.23393	-5.66865
3511.411	-5.31211	-7.67698	-6.35547	-5.71594
3515.420	-5.30712	-7.61181	-6.49276	-5.90062
3519.416	-5.21858	-7.61900	-6.30678	-5.78328
3523.422	-4.31010	-7.75438	-5.38939	-5.71593
3527.415	-1.85078	-7.89354	-2.90557	-5.61379
3531.448	0.67737	-7.98378	-1.03811	-5.63294
3535.435	2.77334	-9.15494	-0.22438	-6.61528
3539.417	3.37311	-10.44459	1.07639	-7.38848
3543.411	4.29734	-11.61290	2.67880	-8.03618
3547.426	4.80497	-11.24346	2.81447	-8.67950
3551.416	6.20563	-11.30291	3.13917	-8.93389
3555.417	7.16229	-10.64245	4.59702	-9.17458
3559.417	8.83350	-10.17170	5.35438	-9.24395
3563.419	9.00126	-10.28512	5.39458	-9.21255
3567.413	8.88167	-10.19440	5.27673	-9.04709
3571.423	8.41080	-10.24411	5.38206	-9.12398
3575.416	8.28240	-10.36195	5.35411	-9.14306
3579.419	8.08808	-10.63837	5.04420	-9.13448
3583.411	8.36895	-10.69675	5.28121	-9.14405
3587.419	8.48267	-10.53476	5.32191	-9.20292
3591.417	8.57226	-10.56631	5.33662	-9.22925
3595.416	8.45936	-10.60191	5.14042	-9.22014
3599.416	8.45184	-10.69874	5.16218	-9.19267
3603.439	8.53542	-10.73663	5.13419	-9.17271
3607.418	8.38831	-10.88434	5.16199	-9.15298
3611.445	8.32512	-10.99187	5.13380	-9.18529
3615.429	8.28670	-11.09027	5.18397	-9.22205
3619.415	8.26223	-11.22608	5.35753	-9.22166
3623.418	8.19455	-11.27621	5.32902	-9.24103
3627.416	8.06239	-11.29668	5.43460	-9.25242
3631.416	7.98255	-11.26389	5.35382	-9.24611
3635.413	7.86688	-11.33351	5.41864	-9.24155
3639.444	7.88936	-11.32718	5.50070	-9.25985
3643.423	7.94272	-11.24488	5.53564	-9.22037
3647.424	7.91000	-11.19124	5.58014	-9.19773
3651.417	8.09173	-11.15580	5.53350	-9.19551
3655.438	8.33943	-11.07120	5.52150	-9.18518
3659.417	8.21553	-11.11273	5.43954	-9.15633
3663.410	8.20369	-11.11154	5.45523	-9.14590
3667.418	8.29270	-11.09468	5.44156	-9.14261
3671.421	8.22086	-11.15622	5.41886	-9.15645
3675.427	8.19185	-11.24404	5.51307	-9.11824
3679.424	8.24811	-11.30264	5.76448	-9.08968
3683.415	8.23884	-11.42132	5.85581	-9.06260
3687.439	8.13957	-11.60050	5.99060	-9.06633
3691.424	8.06066	-11.72010	6.00958	-9.05366
3695.417	7.78526	-11.90463	5.84220	-9.03929
3699.423	7.80918	-11.95018	5.71650	-9.03970
3703.430	7.71174	-11.87781	5.92299	-9.04718
3707.418	7.64820	-11.94940	5.85598	-9.07072
3711.416	7.68664	-11.89679	5.87052	-9.09604
3715.413	7.68254	-11.86604	5.82422	-9.09724
3719.408	7.70843	-11.73915	5.84898	-9.12846
3723.414	7.67004	-11.69759	5.76831	-9.16939
3727.411	7.68942	-11.61194	5.72436	-9.19840
3731.420	7.98912	-11.44724	5.71632	-9.18518
3735.408	7.87613	-11.48291	5.70927	-9.18902
3739.450	7.89306	-11.39141	5.66752	-9.21042
3743.417	7.98522	-11.32719	5.65361	-9.20380
3747.409	7.94160	-11.38008	5.63080	-9.18895
3751.415	7.93423	-11.42471	5.61640	-9.16314
3755.444	7.98661	-11.40454	5.61534	-9.09122
3759.421	8.05185	-11.34530	5.61495	-9.04377
3763.414	8.07776	-11.34513	5.56721	-8.96676
3767.429	8.23726	-11.31869	5.54821	-8.91156
3771.417	8.29360	-11.30229	5.54203	-8.86894
3775.414	8.35831	-11.30082	5.49468	-8.89738
3779.419	8.16428	-11.32267	5.40934	-8.93957
3783.414	8.27975	-11.29166	5.38048	-8.95621
3787.420	8.34064	-11.28141	5.60632	-8.91194
3791.409	10.42653	-10.81420	7.78609	-8.86956
3795.416	11.55404	-10.73002	8.63374	-9.17679
3799.412	12.00576	-10.32861	10.38908	-9.49350
3803.414	12.94860	-9.87557	10.29856	-10.21132
3807.418	13.05938	-9.75514	10.36564	-10.46104
3811.415	12.97264	-9.75546	10.13701	-9.86916
3815.413	12.82767	-9.84692	10.08779	-9.98736
3819.417	12.48173	-9.93604	9.95892	-10.08511
3823.414	12.24464	-10.03549	10.03140	-10.06132
3827.417	12.39615	-9.93254	10.06566	-10.12459
3831.411	12.37153	-9.92628	9.97806	-10.13040
3835.412	12.35815	-9.94039	9.99944	-10.15526
3839.407	12.35905	-9.99929	10.06032	-10.17997
3843.415	12.36267	-10.06649	10.03214	-10.16728
3847.411	12.27567	-10.15443	9.99768	-10.15601
3851.423	12.23538	-10.20996	9.94710	-10.12181
3855.409	12.18267	-10.26810	9.95514	-10.14474
3859.414	12.09156	-10.37158	9.92030	-10.15315
3863.417	12.07061	-10.37988	9.91950	-10.15687
3867.441	12.05575	-10.39624	9.95035	-10.15771
3871.442	11.96486	-10.47733	9.93065	-10.14268
3875.443	11.94724	-10.49356	9.91763	-10.12242
3879.408	11.87978	-10.53435	9.94209	-10.08808
3883.430	11.80600	-10.58100	9.86835	-10.03270
3887.418	11.80029	-10.56090	9.85455	-9.96566
3891.413	11.85865	-10.54199	9.88099	-9.89124
3895.427	11.86227	-10.52192	9.93099	-9.89617
3899.412	11.88699	-10.51314	9.98244	-9.83307
3903.411	11.92738	-10.45681	10.02249	-9.78550
3907.405	11.94805	-10.42004	10.13955	-9.76247
3911.412	11.99172	-10.34847	9.97845	-9.79363
3915.411	11.98678	-10.41564	9.97397	-9.78247
3919.410	12.06078	-10.37230	10.10764	-9.77813
3923.412	12.10438	-10.34220	10.04853	-9.82949
3927.408	12.14850	-10.29011	10.07795	-9.83686
3931.423	12.17826	-10.32842	10.09176	-9.86976
3935.409	12.22324	-10.28855	10.10095	-9.91602
3939.411	12.29611	-10.27429	10.10427	-9.90331
3943.430	12.23180	-10.30762	10.18322	-9.88692
3947.414	12.23194	-10.32343	10.19017	-9.88483
3951.415	12.23237	-10.34154	10.14485	-9.88279
3955.410	12.19010	-10.38931	10.18043	-9.84270
3959.411	12.23002	-10.34748	10.20613	-9.80184
3963.408	12.24088	-10.33418	10.24031	-9.76018
3967.412	12.19775	-10.35127	10.24411	-9.72776
3971.408	12.23009	-10.35495	10.28616	-9.71977
3975.410	12.18267	-10.35528	10.27427	-9.70082
3979.408	12.26431	-10.33044	10.30053	-9.64068
3983.412	12.17620	-10.35652	10.22892	-9.59520
3987.416	12.22872	-10.30583	10.21123	-9.56198
3991.409	12.25348	-10.28763	10.17598	-9.55594
3995.414	12.21632	-10.30607	10.12428	-9.55633
3999.411	12.16083	-10.33719	10.13996	-9.49442
4003.410	12.14402	-10.28118	10.17538	-9.44920
4007.404	12.12542	-10.25843	10.17120	-9.39667
4011.418	12.12618	-10.24071	10.15682	-9.38070
4015.412	12.10390	-10.21802	10.11382	-9.36072
4019.412	12.05105	-10.22435	10.13876	-9.33795
4023.286	11.99937	-10.23667	10.16692	-9.31309
4027.287	12.00716	-10.19592	10.20116	-9.32178
4031.282	11.98130	-10.18960	10.28001	-9.30326
4035.288	11.96144	-10.18098	10.32392	-9.28401
4039.311	11.94429	-10.14685	10.38917	-9.26735
4043.303	11.95408	-10.11000	10.40468	-9.27745
4047.284	11.95166	-10.10142	10.42163	-9.29209
4051.285	11.97847	-10.03587	10.42756	-9.29908
4055.288	11.99569	-9.90308	10.45898	-9.27862
4059.284	11.68517	-10.15239	10.39122	-9.24982
4063.309	11.24636	-10.03083	9.81380	-9.16999
4067.286	11.08129	-9.30904	8.61176	-8.44678
4071.285	7.00739	-10.03747	4.67382	-7.53699
4075.287	7.22988	-10.20053	3.79630	-7.44061
4079.310	3.16602	-9.49472	6.17460	-7.90101
4083.283	7.27370	4.10357	-19.99372	-12.07727
4087.278	-19.99372	-12.01862	-19.99372	-12.07738
4091.283	-19.99372	-12.04955	-19.99372	-12.07740
4095.290	-19.99372	-12.05940	NaN	NaN
4099.282	-19.99372	-12.06434	NaN	NaN
4103.282	-19.99372	-12.07385	NaN	NaN
4107.284	-19.99372	-12.07490	-2.56490	6.40356
4111.281	-19.99372	-12.07532	NaN	NaN
4115.284	-19.99372	-12.07577	NaN	NaN
4119.287	NaN	NaN	NaN	NaN
4123.281	NaN	NaN	-6.73872	9.60842
4127.277	NaN	NaN	-17.62875	12.33150
4131.283	NaN	NaN	-4.52005	15.08032
4135.281	NaN	NaN	-19.99313	-12.07747
4139.276	NaN	NaN	-7.75885	0.26429
4143.311	NaN	NaN	-4.37737	-0.49641
4147.321	NaN	NaN	1.25947	-1.49738
4151.297	-4.20405	-4.16480	-3.98936	-1.18318
4155.284	3.20459	-2.67543	-3.49485	-0.84619
4159.297	5.09443	-2.83385	-3.06075	-0.81565
4163.286	5.05641	-4.10179	-0.62493	-0.52522
4167.289	4.90646	-4.42794	0.52188	-0.57422
4171.281	3.89419	-4.57406	-0.17092	-0.99076
4175.291	3.24677	-4.46968	0.03810	-0.88543
4179.303	0.13918	-4.27405	0.04648	-0.99310
4183.278	0.71997	-4.47214	-0.11580	-1.03103
4187.284	2.11584	-4.50628	-0.33759	-1.09135
4191.280	1.93162	-4.48497	-0.29751	-1.07809
4195.290	1.77640	-4.31647	-0.22594	-1.04779
4199.285	1.52191	-4.48366	-0.21370	-1.12922
4203.281	1.51573	-4.58621	-0.08612	-1.22887
4207.275	1.51963	-4.63278	-0.19715	-1.25413
4211.283	1.54626	-4.65865	-0.22537	-1.36286
4215.283	1.67360	-4.62727	-0.15700	-1.38459
4219.283	1.73428	-4.64519	-0.15918	-1.41524
4223.289	1.77295	-4.70406	-0.14054	-1.37854
4227.290	1.85430	-4.72980	-0.25609	-1.46110
4231.277	1.77057	-4.83403	-0.27947	-1.44605
4235.286	1.75247	-4.86564	-0.31818	-1.50939
4239.286	1.83605	-4.91702	-0.30367	-1.57201
4243.282	1.84287	-4.87142	-0.26272	-1.64122
4247.286	1.89188	-4.87599	-0.24892	-1.61954
4251.281	1.94288	-4.82875	-0.32642	-1.85372
4255.275	1.99030	-4.82558	-0.33407	-1.86789
4259.311	1.90867	-4.83681	-0.35682	-1.86550
4263.287	1.81607	-4.91881	-0.30277	-1.80263
4267.287	1.77591	-4.87641	-0.33491	-1.83887
4271.283	1.68270	-4.92894	-0.23274	-1.81101
4275.299	1.65912	-4.95289	-0.20599	-1.85718
4279.304	1.64335	-4.93449	-0.30230	-1.90714
4283.303	1.69832	-4.91522	-0.32826	-2.00629
4287.283	1.73998	-4.92564	-0.45810	-2.07153
4291.280	1.77809	-4.90552	-0.45346	-2.10597
4295.307	1.76467	-4.92104	-0.37499	-2.08043
4299.280	1.69393	-4.96471	-0.31263	-2.08831
4303.287	1.77229	-4.96034	-0.20231	-2.11439
4307.285	1.69493	-5.01911	-0.03827	-2.18214
4311.291	1.73527	-5.06371	-0.08624	-2.19256
4315.281	1.70737	-5.08924	-0.26567	-2.24048
4319.283	1.80038	-5.09436	-0.26081	-2.23807
4323.281	1.73063	-5.13691	-0.34422	-2.26760
4327.302	1.72334	-5.11917	-0.35601	-2.25304
4331.282	1.75513	-5.13219	-0.59498	-2.21259
4335.287	1.70943	-5.11935	-0.66079	-2.20572
4339.282	1.68454	-5.09938	-0.44438	-2.20590
4343.295	1.70360	-5.12456	-0.34717	-2.18625
4347.274	1.73375	-5.09285	-0.23259	-2.16133
4351.302	1.79393	-5.06464	-0.12228	-2.14668
4355.285	1.68835	-5.12086	-0.27279	-2.13666
4359.281	1.70013	-5.18535	-0.27078	-2.20775
4363.290	1.64853	-5.10840	-0.37779	-2.28754
4367.290	1.65342	-5.05614	-0.36692	-2.23648
4371.279	1.75158	-5.06160	-0.40889	-2.21300
4375.301	1.73646	-5.08781	-0.38013	-2.14239
4379.278	1.75000	-5.06688	-0.28575	-1.97420
4383.273	1.79100	-5.06953	-0.21800	-1.99057
4387.281	1.70018	-5.10523	-0.31300	-2.10983
4391.277	1.47722	-5.17103	-0.41413	-2.19139
4395.288	1.57486	-5.23002	-0.45043	-2.16103
4399.274	1.60340	-5.17977	-0.40666	-2.06385
4403.280	1.66066	-5.10565	-0.34921	-1.99842
4407.277	1.77732	-5.06545	-0.32091	-2.21054
4411.279	1.81121	-5.09603	-0.40805	-2.35218
4415.273	1.64813	-5.05310	-0.18593	-2.51871
4419.280	1.55167	-5.07396	-0.43800	-2.22984
4423.286	1.47501	-5.10534	-0.48515	-2.23903
4427.278	1.56181	-5.15257	-0.37216	-2.14969
4431.279	1.41469	-5.09054	-0.34447	-2.12389
4435.284	1.58232	-5.07788	-0.19244	-2.07962
4439.275	1.73737	-5.07108	-0.20524	-2.30425
4443.276	1.64260	-5.03731	-0.16829	-2.43659
4447.285	1.69919	-5.06652	-0.38953	-2.40855
4451.278	1.47079	-5.02636	-0.60950	-2.37763
4455.278	1.47511	-5.02100	-0.51096	-2.44115
4459.272	1.56218	-5.01959	-0.48996	-2.49855
4463.280	1.74866	-5.03590	-0.46783	-2.60440
4467.276	1.69607	-5.05401	-0.62357	-2.43063
4471.277	1.52139	-4.92334	-0.55242	-2.48379
4475.302	1.58587	-4.92725	-0.60846	-2.52536
4479.289	1.65833	-4.94974	-0.56905	-2.62270
4483.284	1.59598	-5.01041	-0.53322	-2.66703
4487.321	1.45239	-5.07808	-0.66573	-2.63297
4491.283	1.55660	-5.04565	-0.63034	-2.61464
4495.287	1.63745	-4.93090	-0.55657	-2.59075
4499.274	1.68709	-4.83298	-0.46770	-2.54067
4503.270	1.70727	-5.05893	-0.38516	-2.50421
4507.278	1.63623	-5.01571	-0.31248	-2.49597
4511.274	1.64575	-5.00279	-0.25220	-2.45943
4515.271	1.63772	-4.94712	-0.27451	-2.46823
4519.281	1.61969	-5.09021	-0.30875	-2.49295
4523.278	1.58016	-5.12796	-0.30051	-2.46078
4527.279	1.66185	-5.11410	-0.32255	-2.47923
4531.277	1.70036	-5.19693	-0.22835	-2.51737
4535.281	1.65629	-5.15719	-0.21919	-2.48230
4539.270	1.54150	-5.11514	-0.22405	-2.37254
4543.277	1.52660	-5.09921	-0.14955	-2.28163
4547.277	1.49041	-5.09734	-0.27349	-2.40795
4551.277	1.58470	-5.09683	-0.31153	-2.49282
4555.302	1.60104	-5.04621	-0.33930	-2.51796
4559.274	1.60308	-5.15900	-0.33454	-2.69239
4563.283	1.52789	-5.11532	-0.34720	-2.53036
4567.275	1.50899	-5.04350	-0.37720	-2.46136
4571.275	1.63340	-5.04194	-0.30985	-2.42635
4575.276	1.65706	-5.03350	-0.30101	-2.32351
4579.287	1.57652	-5.08438	-0.02335	-2.31282
4583.274	1.62391	-5.13628	-0.24956	-2.48125
4587.278	1.56141	-5.10777	-0.28870	-2.67886
4591.269	1.58587	-5.08827	-0.31744	-2.51239
4595.280	1.47930	-5.00336	-0.50384	-2.52989
4599.278	1.57235	-5.10082	-0.50207	-2.50420
4603.275	1.66289	-5.13761	-0.45743	-2.49628
4607.270	1.62448	-5.21792	-0.27061	-2.55104
4611.283	1.46197	-5.14078	-0.46549	-2.62247
4615.278	1.33086	-4.98151	-0.41869	-2.50623
4619.271	1.44956	-5.06463	-0.39254	-2.54386
4623.285	1.50455	-5.04533	-0.34935	-2.53168
4627.276	1.71751	-5.07581	-0.27451	-2.48834
4631.275	1.65666	-5.08065	-0.18720	-2.46259
4635.267	1.39845	-4.96365	-0.55850	-2.44165
4639.276	1.35891	-5.05936	-0.41748	-2.42716
4643.273	1.41546	-5.07560	-0.45011	-2.47564
4647.277	1.40383	-5.08793	-0.45654	-2.48202
4651.269	1.38223	-5.12763	-0.40648	-2.49084
4655.276	1.40616	-5.07444	-0.36548	-2.50233
4659.278	1.53892	-5.17653	-0.35469	-2.58757
4663.269	1.48920	-5.10607	-0.47066	-2.61484
4667.275	1.41100	-5.09742	-0.46574	-2.60948
4671.274	1.44314	-5.10827	-0.48964	-2.58954
4675.272	1.50685	-5.12222	-0.50252	-2.63340
4679.268	1.71503	-5.16812	-0.43644	-2.61872
4683.273	1.65051	-5.22428	-0.33757	-2.59276
4687.296	1.58287	-5.19830	-0.46053	-2.66991
4691.292	1.57461	-5.17617	-0.45460	-2.69669
4695.276	1.52665	-5.16345	-0.44080	-2.68710
4699.280	1.48461	-5.23187	-0.42197	-2.69219
4703.272	1.40901	-5.15674	-0.49205	-2.72038
4707.274	1.47575	-5.16744	-0.40616	-2.70809
4711.266	1.48203	-5.20458	-0.36343	-2.70535
4715.276	1.48208	-5.18068	-0.25421	-2.72211
4719.271	1.39130	-5.12798	-0.28108	-2.70802
4723.276	1.36087	-5.10855	-0.35608	-2.77871
4727.270	1.33567	-5.03098	-0.36360	-2.82055
4731.271	1.36953	-5.09998	-0.37439	-2.82855
4735.275	1.41563	-5.10774	-0.38139	-2.83673
4739.279	1.38282	-4.95483	-0.44326	-2.93806
4743.286	1.35583	-4.89183	-0.46805	-2.99234
4747.280	1.41918	-4.94701	-0.43653	-3.02368
4751.273	1.39574	-4.89384	-0.51758	-3.02000
4755.267	1.36013	-4.85063	-0.58131	-3.10780
4759.286	1.40772	-4.78502	-0.60116	-3.15655
4763.275	1.46936	-4.76827	-0.63598	-3.18558
4767.275	1.51814	-4.88231	-0.68010	-3.23287
4771.266	1.55209	-4.91976	-0.74436	-3.16958
4775.277	1.61771	-4.96515	-0.79233	-3.13593
4779.270	1.65027	-4.99135	-0.81022	-3.12554
4783.279	1.67727	-5.11140	-0.83290	-3.07796
4787.275	1.67690	-5.19631	-0.85863	-3.02705
4791.270	1.65379	-5.28908	-0.89699	-3.01795
4795.271	1.74491	-5.28065	-0.91336	-2.97073
4799.276	1.83290	-5.32482	-0.92520	-2.92433
4803.274	1.86097	-5.39301	-0.96715	-2.88422
4807.272	1.87996	-5.43719	-0.94314	-2.80992
4811.266	1.87116	-5.45656	-0.95720	-2.78494
4815.274	1.91266	-5.44038	-0.79781	-2.74114
4819.271	1.91791	-5.40854	-0.76980	-2.73850
4823.277	1.85985	-5.38336	-0.58265	-2.73025
4827.273	1.82884	-5.37228	-0.54535	-2.67059
4831.273	1.79730	-5.26952	-0.59573	-2.64952
4835.266	1.76666	-5.14305	-0.57506	-2.63986
4839.277	1.83263	-5.16553	-0.54399	-2.76441
4843.270	1.74184	-5.16652	-0.47994	-2.80457
4847.271	1.60925	-5.09534	-0.49515	-2.81237
4851.265	1.54423	-5.02059	-0.46202	-2.83779
4855.280	1.51464	-5.12058	-0.47803	-2.81895
4859.273	1.54825	-5.24213	-0.51935	-2.80346
4863.271	1.54859	-5.24432	-0.59640	-2.79782
4867.275	1.57828	-5.31905	-0.58414	-2.82029
4871.295	1.55529	-5.30689	-0.63789	-2.84582
4875.269	1.60382	-5.29219	-0.57687	-2.87113
4879.144	1.61776	-5.32584	-0.57444	-2.88072
4883.145	1.57508	-5.36858	-0.46428	-2.86387
4887.144	1.55209	-5.32485	-0.55751	-2.83071
4891.138	1.61210	-5.36855	-0.45428	-2.81993
4895.214	1.67422	-5.32146	-0.46234	-2.87021
4899.146	1.71771	-5.24182	-0.47115	-2.93250
4903.140	1.71127	-5.18333	-0.46180	-3.01222
4907.146	1.64823	-5.08301	-0.44336	-2.98745
4911.141	1.60933	-5.03582	-0.49567	-3.01872
4915.177	1.59403	-5.12085	-0.49106	-3.04281
4919.148	1.61753	-5.14760	-0.52617	-3.04549
4923.160	1.54807	-5.08373	-0.31531	-2.91961
4927.139	1.55603	-5.05409	-0.42155	-2.85786
4931.147	1.65260	-5.04803	-0.44286	-2.97330
4935.144	1.60399	-5.06639	-0.49247	-2.93908
4939.147	1.58795	-5.07937	-0.54776	-2.97293
4943.147	1.84416	-5.17059	-0.63662	-2.96071
4947.145	2.19695	-5.23863	-0.50887	-2.85282
4951.142	2.21658	-5.36369	-0.49354	-2.76993
4955.150	1.68528	-5.42712	-0.54138	-2.71788
4959.143	1.81076	-5.37758	-0.60096	-2.72179
4963.222	1.82009	-5.43016	-0.56367	-2.73852
4967.147	1.77672	-5.39705	-0.68392	-2.80516
4971.152	2.03739	-5.51092	-0.66757	-2.80128
4975.148	2.07407	-5.54425	-0.57138	-2.72042
4979.150	1.82881	-5.57485	-0.64196	-2.78263
4983.146	1.85123	-5.61301	-0.72910	-2.80048
4987.149	1.79522	-5.54471	-0.69360	-2.77241
4991.150	1.91174	-5.30477	-0.61379	-2.66964
4995.147	1.81585	-5.31892	-0.64516	-2.76458
4999.166	1.75880	-5.24165	-0.68680	-2.82759
5003.147	1.61220	-5.11043	-0.58297	-3.00540
5007.139	1.52506	-4.99162	-0.57925	-3.01487
5011.149	1.84478	-5.16128	-0.57198	-2.96278
5015.142	1.85824	-5.12768	-0.46959	-2.85995
5019.144	2.17190	-5.12749	-0.54788	-2.85954
5023.148	1.91806	-5.07717	-0.56463	-2.87622
5027.141	1.77174	-5.09121	-0.57659	-2.93356
5031.140	1.42193	-5.07302	-0.62387	-2.92717
5035.147	1.27175	-5.14254	-0.50001	-2.99667
5039.148	1.63209	-5.08986	-0.43242	-2.98269
5043.137	1.93983	-5.16718	-0.45785	-2.97188
5047.144	1.95098	-5.21168	-0.46249	-2.93381
5051.141	2.16565	-5.20643	-0.63124	-2.91750
5055.139	1.85504	-5.18943	-0.57672	-2.89220
5059.146	1.96117	-5.20478	-0.69662	-2.88286
5063.144	1.69431	-5.15566	-0.60364	-2.88576
5067.142	1.39825	-5.14280	-0.48835	-2.88755
5071.146	1.75503	-5.06595	-0.43887	-2.93737
5075.141	2.05291	-5.12465	-0.48088	-2.95765
5079.172	2.04755	-5.13063	-0.62493	-2.93537
5083.134	1.86129	-5.11210	-0.64417	-2.87940
5087.151	2.04099	-5.05563	-0.65489	-2.91079
5091.140	1.80650	-5.06840	-0.60553	-2.83899
5095.141	1.58659	-5.04790	-0.56699	-2.83086
5099.148	1.10631	-5.06496	-0.53280	-2.93998
5103.142	1.68925	-5.00737	-0.56151	-2.98541
5107.141	1.83087	-5.08671	-0.55019	-2.95640
5111.135	1.87012	-5.13659	-0.62325	-2.92060
5115.142	1.98670	-5.15332	-0.52969	-2.79892
5119.141	1.84533	-5.13019	-0.57694	-2.80884
5123.148	1.59856	-5.16307	-0.56543	-2.84831
5127.136	1.36516	-5.17596	-0.59531	-2.92582
5131.144	1.46425	-5.13984	-0.53664	-2.98979
5135.140	1.79770	-5.17949	-0.56277	-2.98033
5139.141	1.88162	-5.25300	-0.49669	-2.86125
5143.143	2.00257	-5.25875	-0.50634	-2.79073
5147.139	2.00423	-5.24764	-0.53222	-2.78873
5151.140	1.78771	-5.21332	-0.53252	-2.87197
5155.134	1.70174	-5.20397	-0.55443	-3.01047
5159.142	1.53307	-5.17666	-0.52873	-2.88347
5163.144	1.77960	-5.36401	-0.56200	-2.90214
5167.173	1.96100	-5.19589	-0.59995	-2.88832
5171.144	1.79968	-5.15934	-0.46795	-2.76338
5175.151	1.97798	-5.17394	-0.43338	-2.81602
5179.144	1.84572	-5.21845	-0.47485	-2.84054
5183.138	1.73859	-5.22287	-0.54875	-2.78992
5187.138	1.79145	-5.22333	-0.56731	-2.83296
5191.146	1.71092	-5.28961	-0.60198	-2.86946
5195.138	1.69116	-5.39405	-0.51250	-2.92641
5199.148	1.97696	-5.37268	-0.47028	-2.93763
5203.132	1.91179	-5.38872	-0.51317	-2.86952
5207.143	1.85894	-5.31263	-0.58324	-2.83816
5211.139	1.77427	-5.32450	-0.45351	-2.73809
5215.135	1.67298	-5.40446	-0.46991	-2.84129
5219.169	1.79304	-5.47860	-0.41043	-2.82398
5223.160	1.83288	-5.53080	-0.45418	-2.82890
5227.143	1.84490	-5.46981	-0.49009	-2.83022
5231.137	1.89456	-5.41600	-0.56649	-2.87485
5235.159	1.97716	-5.63176	-0.58220	-3.02505
5239.143	1.74727	-5.61242	-0.50024	-2.87726
5243.139	1.78600	-5.55426	-0.66360	-2.80733
5247.140	1.67018	-5.55032	-0.73347	-2.75365
5251.142	1.72550	-5.55946	-0.44428	-2.83488
5255.138	1.84081	-5.55584	-0.47872	-2.84426
5259.141	2.00956	-5.32780	-0.56798	-2.81923
5263.141	1.93715	-5.09269	-0.57878	-2.79912
5267.138	1.86784	-5.26131	-0.61910	-2.74593
5271.137	2.07199	-5.38059	-0.57622	-2.81184
5275.139	1.93338	-5.24316	-0.42470	-2.77787
5279.144	1.74558	-5.14653	-0.53816	-2.73129
5283.139	1.79338	-5.31425	-0.53461	-2.76880
5287.199	2.11566	-5.41345	-0.57751	-2.80106
5291.141	2.02326	-5.34944	-0.50848	-2.85961
5295.147	1.93361	-5.33097	-0.50324	-2.83468
5299.142	1.66859	-5.23783	-0.59975	-2.82601
5303.187	1.41095	-5.15482	-0.54498	-2.81247
5307.139	2.00973	-5.52612	-0.63394	-2.80767
5311.134	2.05886	-5.37749	-0.53262	-2.88989
5315.140	1.92446	-5.28887	-0.47470	-2.85935
5319.135	1.80581	-5.21738	-0.45805	-2.84211
5323.139	1.95445	-5.31330	-0.47185	-2.82282
5327.138	1.93727	-5.26738	-0.44984	-2.81470
5331.142	1.85281	-5.22811	-0.41643	-2.73910
5335.136	1.79229	-5.34673	-0.43614	-2.76626
5339.130	1.83585	-5.25857	-0.44482	-2.79754
5343.138	1.86776	-5.34235	-0.37057	-2.85411
5347.136	1.80234	-5.37829	-0.29386	-2.92026
5351.137	1.60504	-5.31080	-0.29505	-2.94197
5355.131	1.56263	-5.27271	-0.33134	-2.96932
5359.137	1.45944	-5.30141	-0.40849	-2.97966
5363.137	1.78131	-5.39724	-0.42214	-3.03563
5367.132	1.80256	-5.42430	-0.44790	-3.06181
5371.158	1.93658	-5.41215	-0.49500	-3.08458
5375.169	1.95346	-5.34797	-0.53525	-3.15970
5379.145	1.32533	-5.14549	-0.60138	-3.16296
5383.138	0.29711	-5.26503	-2.65832	-3.09925
5387.145	-2.61808	-5.00258	-4.17216	-3.10236
5391.153	-4.24384	-3.66284	-4.48924	-2.97221
5395.137	-5.98088	-3.77942	-7.14001	-2.78581
5399.130	-6.35072	-3.47239	-6.98856	-2.55203
5403.139	-7.54669	-3.23739	-7.80416	-2.44994
5407.140	-7.73270	-3.31727	-8.58672	-2.24910
5411.145	-7.05071	-3.92775	-8.32104	-2.29464
5415.133	-6.56081	-4.23699	-7.44464	-2.14455
5419.137	-6.50410	-4.15928	-7.16991	-2.06220
5423.135	-6.55349	-3.99133	-7.20712	-2.00681
5427.144	-7.20514	-3.66083	-7.32890	-1.98768
5431.140	-7.46831	-3.43375	-7.63369	-1.98742
5435.136	-7.52057	-3.43383	-8.14295	-1.93893
5439.143	-7.61207	-3.23820	-8.14414	-1.88431
5443.135	-7.48009	-3.24992	-8.34305	-1.88589
5447.133	-7.47595	-3.19606	-8.29868	-1.87436
5451.139	-7.23362	-3.37201	-8.23782	-1.86220
5455.135	-7.25238	-3.16747	-8.40179	-1.83129
5459.135	-7.31027	-3.18709	-8.43749	-1.82748
5463.131	-7.40770	-3.06893	-8.40252	-1.84147
5467.138	-7.54325	-3.00858	-8.45111	-1.88271
5471.135	-7.59507	-2.93256	-8.53845	-1.86287
5475.134	-7.56322	-2.95597	-8.56234	-1.85792
5479.139	-7.50283	-2.99567	-8.44130	-2.11753
5483.138	-7.44930	-3.00493	-8.39630	-2.22903
5487.135	-7.28808	-3.05877	-8.15358	-2.37814
5491.145	-7.25243	-3.12051	-7.98252	-2.08594
5495.148	-7.15547	-3.26240	-7.64525	-1.98680
5499.134	-7.27057	-3.29929	-7.64298	-2.02440
5503.134	-7.47653	-3.18761	-7.57669	-2.09554
5507.137	-7.43325	-3.27507	-7.63594	-2.08356
5511.212	-7.15274	-3.26704	-7.54888	-1.99721
5515.166	-7.09504	-3.31693	-7.59212	-2.12323
5519.136	-7.05772	-3.29303	-7.60134	-2.06728
5523.158	-7.11100	-3.20216	-7.61958	-2.03489
5527.132	-7.07566	-3.12710	-7.67097	-1.99313
5531.137	-7.22375	-3.15794	-7.68886	-1.93913
5535.133	-7.25726	-3.07166	-7.73253	-1.96281
5539.141	-7.33274	-3.10228	-7.82993	-1.96951
5543.152	-7.29877	-3.05235	-7.84598	-1.95620
5547.143	-7.32683	-3.11704	-7.88244	-1.95195
5551.137	-7.32339	-3.08305	-7.93905	-1.98354
5555.152	-7.24896	-3.08356	-7.97554	-2.01984
5559.160	-7.31792	-3.09373	-7.96006	-2.06871
5563.133	-7.36669	-3.03874	-7.96083	-2.09947
5567.128	-7.35529	-3.04383	-7.89729	-2.08421
5571.135	-7.42556	-3.13408	-7.82569	-2.06087
5575.137	-7.43137	-3.21614	-7.72422	-2.11773
5579.154	-7.50766	-3.23191	-7.63730	-2.11912
5583.133	-7.49644	-3.25282	-7.63798	-2.14686
5587.128	-7.43564	-3.34745	-7.56903	-2.15692
5591.136	-7.37018	-3.39638	-7.54744	-2.19090
5595.131	-7.29435	-3.48345	-7.43588	-2.22987
5599.136	-7.30632	-3.52751	-7.35678	-2.22626
5603.127	-7.20253	-3.53996	-7.30183	-2.22230
5607.137	-7.37890	-3.60350	-7.21818	-2.26217
5611.161	-7.31916	-3.64323	-7.14221	-2.27018
5615.158	-7.33222	-3.61048	-7.12361	-2.31825
5619.136	-7.42661	-3.51573	-7.12249	-2.30149
5623.131	-7.32754	-3.63921	-7.18232	-2.32839
5627.126	-7.31064	-3.49649	-7.12080	-2.31856
5631.137	-7.32768	-3.31771	-7.08969	-2.34004
5635.132	-7.32961	-3.10468	-7.02340	-2.30890
5639.136	-7.34668	-3.00164	-7.06806	-2.27611
5643.134	-7.37438	-3.04955	-7.10289	-2.28303
5647.141	-7.37892	-3.00563	-7.12349	-2.30567
5651.134	-7.36469	-2.94438	-7.16505	-2.29990
5655.128	-7.40194	-2.85838	-7.22302	-2.32358
5659.131	-7.33923	-2.83665	-7.18311	-2.28723
5663.155	-7.29780	-2.81926	-7.16647	-2.29110
5667.145	-7.25631	-2.74297	-7.16121	-2.24744
5671.132	-7.11215	-2.76932	-7.06486	-2.21767
5675.131	-7.04254	-2.77641	-7.28893	-2.14821
5679.129	-5.15069	-2.77842	-6.68068	-1.75859
5683.134	-1.96985	-2.85241	-3.84792	-0.40377
5687.131	-1.05414	-2.60697	-1.88288	-0.38152
5691.156	-1.02873	-1.33181	-1.14077	-0.01468
5695.161	0.29007	-0.44975	-0.99509	-0.01851
5699.139	1.29325	-1.06196	-0.13816	0.17678
5703.138	2.40674	-0.58449	0.97643	0.53240
5707.138	2.75613	-0.49461	0.86138	1.20596
5711.191	2.70049	-0.37788	-0.51855	1.26608
5715.151	2.49067	-0.52944	-0.31136	1.47611
5719.131	2.05519	-0.75342	-0.08699	1.42451
5723.145	2.00353	-0.77544	0.28615	1.21791
5727.126	2.07712	-0.72975	0.26570	1.64750
5731.008	2.17150	-0.61291	0.57116	1.68135
5735.024	2.37325	-0.63152	0.43018	1.93474
5739.013	2.46773	-0.65769	0.60156	2.07709
5743.020	2.52339	-0.61407	0.72977	2.16368
5747.015	2.57362	-0.58518	0.71312	2.24216
5751.014	2.51628	-0.64453	0.73042	2.28071
5755.010	2.58130	-0.66299	0.81166	2.22001
5759.008	2.65659	-0.65278	0.84118	2.19739
5763.015	2.71602	-0.61996	0.88644	2.00814
5767.008	2.69577	-0.58450	0.95083	1.94922
5771.010	2.78825	-0.54527	0.88729	1.77653
5775.003	2.80778	-0.55680	0.83349	1.74163
5779.040	2.82449	-0.54766	0.71794	1.59957
5783.092	2.83415	-0.52068	0.71394	1.53410
5787.021	2.82288	-0.52300	0.64149	1.46551
5791.015	2.83355	-0.53133	0.62694	1.46289
5795.008	2.86103	-0.51906	0.63682	1.40619
5799.016	2.86136	-0.50672	0.56630	1.34820
5803.010	2.87997	-0.46994	0.57650	1.30543
5807.008	2.87524	-0.45994	0.53818	1.27797
5811.004	2.88341	-0.44668	0.51949	1.28389
5814.998	2.88824	-0.45812	0.55339	1.31376
5819.006	2.90782	-0.42181	0.60555	1.30093
5823.009	2.92693	-0.42175	0.64129	1.30730
5827.003	2.93834	-0.41202	0.69369	1.32433
5831.003	2.94285	-0.36040	0.72871	1.34855
5835.000	2.93988	-0.33705	0.77776	1.38447
5839.003	2.93710	-0.28534	0.84910	1.39838
5843.002	2.93069	-0.19550	0.87657	1.43467
5847.339	2.90275	-0.05063	0.95403	1.54562
5851.043	2.91772	0.06735	0.94172	1.68458
5855.013	2.95460	0.20250	0.94626	1.63776
5859.008	2.87911	0.25614	0.96594	1.56523
5863.010	2.82699	0.25074	0.93234	1.50569
5867.023	2.64780	0.07015	0.89242	1.52087
5871.010	2.67122	0.14181	0.87116	1.54884
5875.023	2.63958	0.19359	0.88046	1.59549
5879.006	2.55381	0.33331	0.92713	1.64743
5883.023	2.63938	0.22258	0.90696	1.90911
5887.011	2.28071	0.58181	0.92264	1.68064
5891.002	2.16002	3.25600	0.67302	3.97331
5895.011	1.65599	4.82028	0.64419	5.63873
5899.018	-1.28670	7.85239	-0.87667	9.01387
5903.006	-0.18923	8.04666	-3.04187	11.28134
5906.997	-0.41728	8.65062	-3.02707	12.29257
5911.004	-0.48274	9.46761	-1.56856	11.83707
5915.041	-0.66784	9.60771	-1.92052	12.08805
5919.015	-0.65980	9.39176	-1.61796	11.35446
5923.007	-0.56111	8.82696	-1.82500	11.15671
5927.004	-0.61620	8.73407	-1.71102	11.06965
5931.008	-0.66732	8.86626	-1.95530	11.21251
5935.001	-0.85061	9.16070	-1.90725	11.53363
5939.001	-0.83922	9.26376	-2.08374	11.84191
5943.004	-1.09730	9.49592	-2.29466	12.22715
5947.004	-1.01062	9.49308	-2.02398	11.93448
5951.000	-1.22486	9.70869	-2.00505	12.10092
5955.001	-1.11603	9.57840	-2.00153	12.01613
5959.010	-1.24972	9.67051	-1.91271	12.04666
5963.000	-1.13978	9.59499	-2.01429	12.20167
5967.000	-1.15111	9.61340	-1.84223	12.11030
5970.996	-1.17031	9.62187	-1.93998	12.13238
5975.004	-1.17577	9.67193	-1.89768	12.16882
5979.003	-1.13186	9.68827	-1.91722	12.20034
5983.064	-0.97167	9.64441	-1.93579	12.22840
5987.087	-0.90746	9.60215	-1.88018	12.17039
5991.020	-0.83635	9.55773	-1.83680	12.17089
5995.007	-0.75300	9.51369	-1.77977	12.08497
5999.003	-0.67223	9.48285	-2.02691	12.21116
6003.013	-0.64005	9.44028	-2.09955	12.22808
6007.005	-0.62707	9.43919	-1.92999	12.04559
6010.997	-0.62436	9.38157	-2.13522	12.09677
6015.003	-0.68089	9.38343	-2.36438	12.43894
6018.999	-0.64131	9.34025	-2.42718	12.65528
6023.013	-0.74441	9.34041	-2.27986	12.27038
6027.001	-0.84831	9.31180	-2.32196	12.45997
6031.000	-0.99090	9.24958	-2.17279	12.16797
6034.995	-1.22605	9.19994	-2.16218	12.19287
6039.004	-1.90616	9.23814	-2.47640	12.30101
6043.001	-1.93390	9.22728	-2.38125	12.36794
6047.002	-1.86251	9.22071	-2.15264	12.19795
6051.027	-1.94208	9.25269	-2.42624	12.49762
6055.011	-1.91251	9.34096	-2.51891	12.33053
6058.998	-1.81156	9.34144	-2.34515	12.18595
6063.002	-1.91112	9.45279	-2.35467	12.21969
6067.000	-1.93581	9.57069	-2.29267	12.13049
6071.045	-2.00631	9.72993	-2.28157	11.98323
6075.011	-1.99010	9.86417	-2.27895	12.00100
6079.005	-1.96348	9.85917	-2.23353	11.95361
6083.011	-1.95304	9.88591	-2.15200	11.96840
6087.012	-1.98360	9.94333	-2.13512	11.99353
6091.005	-1.99937	9.98862	-2.10944	12.03104
6094.998	-1.87557	9.94424	-1.93085	11.90596
6099.000	-1.82844	9.92732	-1.88955	11.92505
6102.993	-1.70073	9.87254	-1.83444	11.98398
6107.012	-1.65892	9.87468	-1.72483	11.97863
6111.002	-1.69277	9.87753	-1.65307	12.02246
6115.001	-1.63231	9.82215	-1.60040	12.09484
6119.029	-1.65322	9.78961	-1.51115	12.10509
6123.039	-1.59472	9.77293	-1.58919	12.15454
6127.006	-1.65471	9.71126	-1.76271	12.24388
6131.004	-1.54847	9.65902	-1.81362	12.23921
6135.005	-1.49076	9.57649	-1.79480	12.24299
6139.013	-1.56094	9.61985	-1.89131	12.25598
6143.004	-1.63179	9.59803	-2.05001	12.31538
6146.998	-1.53679	9.49565	-2.29047	12.34983
6150.994	-1.57086	9.49669	-2.46132	12.39700
6154.998	-1.55675	9.41602	-2.51987	12.42100
6159.007	-1.62031	9.47061	-2.71956	12.46291
6162.999	-1.50311	9.36463	-2.91468	12.58489
6166.998	-1.39458	9.26567	-2.92099	12.62502
6170.999	-0.91386	9.17173	-1.27177	12.16980
6175.002	3.30460	6.36023	2.29864	8.16888
6178.996	5.70104	2.87133	4.26605	6.96870
6183.000	7.42612	0.07996	5.66902	3.39141
6187.001	7.33757	0.03906	6.18559	0.50428
6191.004	7.71925	-1.87354	6.33383	-1.10154
6194.993	7.97279	-3.32340	6.12718	-2.43082
6199.001	7.62938	-4.15670	6.10995	-3.40869
6203.001	7.97870	-5.40794	6.45897	-3.85436
6207.021	8.20486	-6.00828	6.65571	-3.95219
6210.998	8.40038	-6.37202	6.51973	-4.37940
6215.006	8.43205	-6.03980	6.94594	-4.31284
6219.002	8.61657	-6.31985	6.22616	-4.26069
6223.046	9.36307	-5.24689	6.76694	-3.99785
6226.998	8.67570	-5.98415	6.32968	-4.32119
6230.997	9.11210	-5.96996	6.67769	-4.10183
6234.991	8.76905	-6.14241	6.43400	-4.73745
6239.002	9.19031	-6.43930	6.53845	-4.34078
6243.003	9.46044	-6.26667	5.98616	-4.46355
6246.999	9.01084	-6.42864	6.24465	-4.62501
6251.002	8.94610	-6.67566	6.20180	-4.55364
6255.048	9.57575	-6.22186	6.04976	-4.34610
6259.042	9.15621	-6.44207	6.33973	-4.40580
6263.014	9.08004	-6.89075	6.25379	-4.49373
6267.000	9.65917	-6.19567	6.33510	-4.14918
6270.994	9.25410	-6.44885	6.10247	-4.69853
6275.020	9.30044	-6.44967	6.46811	-4.52931
6278.991	9.44370	-6.69045	6.55672	-4.37803
6282.998	8.96985	-6.44073	6.30980	-4.40094
6286.995	9.02280	-6.25272	6.59571	-4.23480
6290.999	9.19036	-6.41084	6.57384	-4.35176
6294.994	9.12103	-6.51650	6.46515	-4.35889
6298.998	8.94527	-6.69454	6.48345	-4.24766
6302.996	8.97453	-6.45129	6.38788	-4.26955
6306.990	9.11481	-6.18855	6.38297	-4.13001
6311.002	9.18758	-6.18681	6.37118	-4.24523
6314.995	9.16523	-6.55132	6.48480	-4.33849
6318.995	9.02968	-6.76427	6.40979	-4.43470
6323.031	9.09858	-6.53696	6.47019	-4.29182
6327.041	9.08740	-6.36030	6.56615	-4.21853
6331.006	9.20047	-6.32765	6.37175	-4.38549
6335.000	9.30153	-6.15103	6.36763	-4.23772
6339.001	9.60133	-5.77012	6.50009	-4.17859
6343.006	9.33362	-6.00953	6.67032	-4.00737
6347.012	9.27286	-6.72184	6.63032	-4.06374
6351.000	9.32473	-6.60772	6.43532	-4.21889
6355.002	9.33599	-6.55763	6.55008	-4.28694
6359.004	9.32383	-6.37796	6.52877	-4.18157
6362.997	9.43950	-6.14330	6.56890	-4.13591
6366.995	9.55483	-6.12926	6.34143	-4.22995
6370.991	9.60572	-6.03311	6.35567	-4.28181
6375.001	9.82730	-6.02084	6.47340	-4.23593
6379.000	9.56576	-6.10503	6.52750	-4.26048
6382.996	9.62287	-6.03695	6.57617	-4.23355
6386.997	9.58152	-6.11008	6.49653	-4.26346
6391.016	9.60478	-6.09624	6.55408	-4.30122
6394.999	9.66752	-6.10597	6.69809	-4.28412
6398.995	9.66325	-6.04362	6.82826	-4.17937
6402.995	9.69725	-6.00346	6.78772	-4.11096
6406.989	9.53550	-6.05997	6.73106	-4.06605
6411.023	9.41354	-6.14257	6.82545	-3.92167
6415.012	9.60285	-5.92369	7.53083	-3.57941
6418.997	9.14600	-4.92938	2.11799	-3.30633
6422.998	8.62149	-5.65034	1.26465	-2.30559
6426.989	7.29423	-0.87363	1.66718	-2.62832
6431.020	NaN	NaN	NaN	NaN
6435.000	NaN	NaN	NaN	NaN
6438.997	NaN	NaN	NaN	NaN
6443.003	NaN	NaN	NaN	NaN
6446.997	NaN	NaN	NaN	NaN
6451.015	NaN	NaN	NaN	NaN
6454.994	NaN	NaN	NaN	NaN
6459.176	NaN	NaN	NaN	NaN
6463.116	NaN	NaN	NaN	NaN
6466.998	NaN	NaN	NaN	NaN
6471.004	NaN	NaN	NaN	NaN
6474.991	NaN	NaN	NaN	NaN
6479.024	NaN	NaN	NaN	NaN
6483.244	NaN	NaN	NaN	NaN
6487.001	NaN	NaN	NaN	NaN
6491.008	NaN	NaN	NaN	NaN
6494.997	NaN	NaN	NaN	NaN
6498.998	NaN	NaN	NaN	NaN
6502.997	NaN	NaN	NaN	NaN
6507.014	NaN	NaN	NaN	NaN
6510.992	NaN	NaN	NaN	NaN
6515.001	NaN	NaN	-5.43354	11.59042
6518.990	NaN	NaN	NaN	NaN
6522.993	NaN	NaN	NaN	NaN
6527.000	NaN	NaN	-10.21171	14.08858
6531.010	NaN	NaN	-0.72789	14.04084
6535.014	NaN	NaN	4.22888	-4.82514
6539.005	-3.51646	10.45514	1.62554	-5.83235
6542.994	1.09750	6.43575	1.42119	-6.12344
6546.993	4.46778	-5.49216	-0.28098	-6.45448
6550.998	4.81658	-6.49699	1.68543	-6.33615
6554.991	4.59793	-5.48519	2.04631	-6.37544
6558.991	3.77231	-7.63474	1.22352	-6.56885
6562.985	3.43170	-10.28775	-2.69160	-6.40431
6566.996	4.43174	-9.66353	-0.26438	-6.22604
6570.992	4.13473	-9.79638	-0.96403	-6.38245
6574.987	4.42084	-9.05228	1.05622	-6.14356
6578.993	4.13046	-9.29826	1.40619	-6.31094
6582.997	4.19869	-9.59246	1.90257	-6.24712
6586.865	4.54703	-9.62782	2.36230	-6.32524
6590.867	4.49090	-9.47970	1.46514	-6.32494
6595.066	3.32288	-9.44666	1.83385	-6.19400
6599.003	4.03621	-9.07103	1.53498	-6.31161
6602.868	4.20884	-9.31617	1.53523	-6.34091
6606.876	4.16253	-9.44793	0.96174	-6.53651
6610.870	4.36799	-9.70022	1.30102	-6.42399
6614.915	4.07429	-9.60997	1.04843	-6.52050
6618.866	4.23789	-9.66341	1.21933	-6.50511
6622.871	3.79522	-9.71903	1.22156	-6.60102
6626.867	4.36229	-9.68230	1.01752	-6.65509
6630.868	4.27163	-9.78177	1.13861	-6.65245
6634.881	4.22651	-9.92046	1.16572	-6.62145
6638.870	4.09787	-9.84014	1.06719	-6.73344
6642.864	3.98679	-9.90135	1.10757	-6.72166
6646.865	3.90506	-9.94032	1.20209	-6.66546
6650.858	4.00969	-9.95919	1.30022	-6.63622
6654.876	4.18272	-9.93585	1.28517	-6.65589
6658.865	4.24088	-9.93983	1.43838	-6.65219
6663.088	4.21570	-9.93144	1.47531	-6.68426
6666.870	4.21034	-9.92473	1.51821	-6.66026
6670.873	4.12831	-9.96838	1.51784	-6.69376
6674.864	4.08051	-9.97449	1.56451	-6.71104
6678.864	4.12461	-10.00732	1.50807	-6.79242
6682.868	4.16329	-10.05027	1.64193	-6.70500
6686.865	4.18183	-10.09652	1.57644	-6.79169
6690.864	4.19899	-10.06097	1.64010	-6.80953
6694.862	4.29182	-10.04969	1.68325	-6.83375
6698.858	4.28261	-10.09077	1.68982	-6.84589
6702.894	4.31242	-10.09766	1.71000	-6.88142
6706.870	4.29675	-10.14690	1.63323	-6.97113
6710.871	4.35797	-10.15147	1.64856	-7.00519
6714.864	4.38257	-10.15576	1.60935	-7.03853
6718.887	4.35664	-10.14270	1.48265	-7.12828
6722.879	4.45123	-10.15416	1.54470	-7.12346
6726.868	4.37690	-10.10510	1.57518	-7.15975
6730.866	4.40739	-10.11773	1.55326	-7.22427
6734.868	4.39464	-10.12770	1.45772	-7.22852
6738.886	4.27654	-10.15845	1.53562	-7.21829
6742.885	4.27866	-10.17710	1.54758	-7.21248
6746.867	4.25539	-10.20051	1.50532	-7.22888
6750.872	4.06261	-10.17712	1.56779	-7.16818
6754.876	4.10767	-10.18854	1.57709	-7.08375
6758.868	4.11290	-10.18080	1.52360	-7.06856
6762.862	4.13917	-10.09526	1.55192	-7.04998
6766.871	4.11263	-9.99422	1.59088	-7.01708
6770.866	4.15362	-9.94773	1.60352	-7.01993
6774.869	4.17652	-9.97386	1.57252	-7.00339
6778.863	4.25897	-10.03363	1.60459	-7.00387
6782.870	4.27165	-9.94567	1.60010	-7.00587
6786.868	4.21772	-9.96087	1.55293	-7.01816
6790.864	4.14406	-9.93193	1.60888	-7.01147
6794.875	4.13537	-9.94963	1.59318	-7.02483
6798.901	4.11058	-9.91781	1.61518	-7.04313
6802.870	4.09293	-9.95085	1.66490	-7.05451
6806.869	3.99331	-9.98273	1.70398	-7.05035
6810.863	4.05241	-10.02464	1.64620	-7.04743
6814.870	4.07095	-10.05967	1.67288	-7.04046
6818.887	3.95436	-10.06663	1.65860	-7.04809
6822.868	3.89530	-10.04293	1.47360	-7.09646
6826.867	3.93129	-10.04374	1.66534	-7.07532
6830.859	3.99050	-10.01945	1.70031	-7.05440
6834.871	4.02912	-9.92709	1.71546	-7.05611
6838.869	4.40315	-9.82579	1.72267	-7.09642
6842.867	4.26028	-9.84197	1.69924	-7.09607
6846.861	4.28298	-9.87493	1.66301	-7.13758
6850.873	4.34971	-9.81570	1.65361	-7.14632
6854.866	4.16438	-9.86130	1.69872	-7.15021
6858.867	4.10742	-9.82788	1.69359	-7.14505
6862.862	4.14009	-9.88945	1.68845	-7.10312
6866.901	4.25413	-10.02370	1.72049	-7.06353
6870.874	4.23221	-10.06770	1.72966	-7.00874
6874.861	4.19092	-10.03678	1.68662	-6.99319
6878.865	4.15411	-10.10372	1.63931	-6.97463
6882.874	4.23641	-10.00275	1.63593	-6.87228
6886.869	4.28347	-10.01818	1.60256	-6.88115
6890.867	4.26363	-9.96224	1.63435	-6.78937
6894.861	4.26306	-9.90500	1.65885	-6.77339
6898.868	4.33974	-9.88450	1.64491	-6.73466
6902.866	4.26874	-10.03680	1.56253	-6.70857
6906.867	4.31408	-9.88355	1.56940	-6.70195
6910.859	4.27111	-9.87289	1.55244	-6.68993
6914.868	4.26000	-9.82562	1.49941	-6.69592
6918.866	4.26496	-9.57867	1.60709	-6.62376
6922.869	4.27634	-9.26580	1.70963	-6.50321
6926.865	4.61472	-7.75811	1.89139	-4.12837
6930.860	5.36307	-6.25955	2.43560	-3.19177
6934.874	5.86607	-4.71447	3.27764	-2.08587
6938.870	5.70613	-4.32119	3.11856	-2.03413
6942.860	5.84399	-4.24807	3.08451	-2.10172
6946.868	5.62417	-4.24638	2.80850	-2.38421
6950.865	5.41499	-4.61545	2.65500	-2.95233
6954.867	4.92238	-5.35620	2.70765	-2.94720
6958.862	5.29897	-5.47120	2.89017	-2.88902
6962.874	5.20250	-5.29300	3.02093	-2.80724
6966.866	5.32786	-5.03121	3.07008	-2.55803
6970.866	5.53193	-4.79461	3.17354	-2.35981
6974.866	5.47540	-4.80238	3.25174	-2.23573
6978.867	5.37155	-4.75537	3.15614	-2.41523
6982.864	5.44030	-4.66674	3.24632	-2.35580
6986.865	5.37242	-4.75593	3.36317	-2.24663
6990.867	5.36599	-4.80076	3.45039	-2.16117
