time (ms)	lx (deg)	ly (deg)	rx (deg)	ry (deg)
0.000	10.17596	-2.91513	8.05952	-1.19608
4.000	10.12231	-2.90974	8.09815	-1.22280
8.028	10.13554	-2.93492	8.09997	-1.26870
12.006	10.10906	-2.91157	8.07063	-1.28023
16.003	10.06975	-2.93569	8.05161	-1.35768
20.157	10.03438	-2.92867	7.97391	-1.36945
24.009	9.97546	-2.91399	7.97225	-1.42019
28.021	9.87401	-2.83704	7.89074	-1.42928
31.997	9.98254	-2.87433	7.89252	-1.49886
36.003	10.07978	-2.82730	7.84503	-1.53881
39.994	9.96561	-2.75768	7.70636	-1.45316
44.006	9.08926	-2.68997	6.35599	-1.46519
47.998	6.66222	-2.61244	3.03036	-1.37478
51.997	4.13406	-2.03677	1.83655	-0.49493
56.011	2.31656	-1.16769	1.25272	-0.09575
60.002	3.53362	-1.76345	1.39507	-0.82775
63.999	4.21140	-2.10127	1.66026	-1.25694
68.019	5.70765	-2.25219	3.19477	-0.48206
71.995	6.20114	-2.25061	4.01910	-0.46675
76.009	5.88478	-2.14461	3.91934	-0.38733
80.001	5.32626	-2.01645	3.30809	-0.05639
84.001	4.40110	-1.89266	2.85036	0.18681
88.003	4.24907	-1.90304	1.73807	0.27423
92.011	4.21945	-1.87234	1.72438	0.26529
96.001	4.47111	-1.86179	1.87517	0.29515
99.998	4.45658	-1.90558	1.97047	0.35006
103.880	4.55031	-1.97264	2.06860	0.34984
107.874	4.66058	-1.96179	2.41189	0.34360
111.872	4.73022	-1.94599	2.37176	0.38227
115.892	4.56180	-1.92552	2.46417	0.43450
119.874	4.64830	-1.89615	2.48297	0.45756
123.872	4.59507	-1.96121	2.66360	0.44826
127.884	4.67207	-2.00931	2.47167	0.39167
131.874	4.73752	-2.02821	2.64091	0.32093
135.880	4.77872	-2.05715	2.76190	0.30057
139.871	4.81384	-2.09753	2.78072	0.21784
143.882	4.88969	-2.15215	2.90126	0.14300
147.875	4.95255	-2.19568	2.95856	0.13341
151.872	4.91435	-2.21203	2.95453	0.07343
155.894	5.00201	-2.30318	2.95747	0.00702
159.876	5.01775	-2.35416	2.95163	-0.13661
163.870	5.00598	-2.41109	2.93238	-0.20665
167.873	5.06742	-2.46149	2.78711	-0.34040
171.875	5.07161	-2.49201	2.82568	-0.28668
175.886	5.20952	-2.54249	2.76733	-0.36505
179.876	5.26878	-2.55994	2.79508	-0.32970
183.879	5.33755	-2.60767	2.67444	-0.32936
187.876	5.32761	-2.63078	2.65894	-0.29878
191.876	5.19672	-2.65165	2.59292	-0.32218
195.889	5.24853	-2.67457	2.56708	-0.32859
199.873	5.34046	-2.68558	2.48294	-0.04198
203.872	5.28837	-2.68625	2.49208	-0.01782
207.873	5.34594	-2.66931	2.37035	0.20577
211.874	5.28672	-2.63340	2.37392	0.25771
215.885	5.22571	-2.60703	2.34862	0.31944
219.871	5.21557	-2.58816	2.25694	0.39069
223.923	5.13410	-2.60287	2.35177	0.39864
227.876	5.10576	-2.60199	2.30952	0.46921
231.876	5.10805	-2.58427	2.29696	0.45782
235.871	5.11731	-2.55055	2.33492	-0.02421
239.873	5.11787	-2.52668	2.26554	0.30215
243.871	5.04947	-2.49538	2.18404	-0.07663
247.877	4.99329	-2.45660	2.09995	0.10633
251.870	5.00162	-2.45756	2.14131	-0.04487
255.873	4.98898	-2.47671	2.17172	0.02324
259.872	4.97583	-2.40700	2.18191	-0.09024
263.876	4.94176	-2.42133	2.21531	-0.07213
267.873	4.96605	-2.43427	2.18761	-0.00986
271.870	4.95342	-2.37846	2.21645	-0.07375
275.873	4.90952	-2.34451	2.21779	-0.01892
279.890	4.88190	-2.32103	2.18622	0.05674
283.869	4.86672	-2.29453	2.27483	0.11295
287.880	4.95516	-2.24061	2.29034	0.14706
291.907	4.97901	-2.23940	2.38682	0.20853
295.871	5.08887	-2.18306	2.48777	0.23689
299.868	5.25249	-2.12942	2.53342	0.27747
303.874	5.17481	-2.02541	2.61275	0.34348
307.878	5.28795	-2.00560	2.76044	0.36634
311.884	5.37259	-1.99524	2.81479	0.36203
315.874	5.35303	-1.94652	2.81558	0.36307
319.877	5.43170	-1.89735	2.87410	0.32973
323.872	5.52091	-1.97872	2.92834	0.29864
327.871	5.55371	-1.98742	2.97997	0.29034
331.879	5.58275	-1.99513	2.99995	0.24624
335.871	5.67160	-2.02592	3.05150	0.14702
339.867	5.65708	-2.07181	3.10176	0.16763
343.870	5.67069	-1.90520	3.12316	0.06211
347.878	5.72183	-2.18377	3.20088	0.00690
351.878	5.82444	-2.09937	3.15874	-0.00819
355.872	5.78590	-2.20214	2.97027	-0.03169
359.882	5.85745	-2.24078	3.00952	-0.06933
363.887	5.80482	-2.24541	2.89069	-0.09165
367.865	5.77799	-2.26539	2.82182	-0.15502
371.870	5.96485	-2.19324	2.89371	-0.18050
375.871	5.85028	-2.22798	2.77780	-0.22085
379.869	5.77411	-2.20078	2.69621	-0.20249
383.871	5.74979	-2.16525	2.62865	-0.16845
387.874	5.72185	-2.21925	2.58338	-0.12658
391.878	5.65951	-2.18668	2.47705	-0.12654
395.881	5.64125	-2.18232	2.40342	-0.11989
399.870	5.58648	-2.15119	2.36532	-0.14815
403.879	5.57296	-2.18730	2.35135	-0.15833
407.873	5.55204	-2.18071	2.26239	-0.11851
411.870	5.55715	-2.16133	2.12798	-0.09126
415.874	5.53436	-2.21056	2.10914	-0.08296
419.867	5.52342	-2.19020	2.13281	-0.03670
423.872	5.48730	-2.19678	2.11549	-0.00571
427.899	5.46571	-2.18836	2.06124	-0.03762
431.901	5.38806	-2.25203	2.06828	-0.05699
435.870	5.32043	-2.25284	2.06914	-0.02285
439.872	5.40405	-2.26906	2.09787	0.04666
443.865	5.36144	-2.26314	2.12397	0.15992
447.893	5.36558	-2.14109	2.13970	0.14338
451.881	5.41554	-1.97835	2.18002	0.21228
455.875	5.47018	-2.01656	2.28668	0.36193
459.866	5.40385	-1.81771	2.35382	0.44206
463.866	5.44451	-1.76359	2.40647	0.42705
467.866	5.48959	-1.78518	2.44977	0.31455
471.866	5.60566	-1.59561	2.47313	0.35938
475.865	5.57262	-1.66630	2.48465	0.33802
479.869	5.60320	-1.58887	2.53352	0.22851
483.896	5.68853	-1.57999	2.58316	0.20480
487.874	5.73021	-1.69322	2.63267	0.21256
491.865	5.90195	-1.93938	2.58323	-0.00606
495.917	5.78991	-1.87932	2.48765	-0.07453
499.870	5.74890	-1.96922	2.48916	0.00261
503.864	5.79568	-2.23627	2.50303	-0.08393
507.882	5.70664	-2.60845	2.54033	0.00541
511.868	5.59922	-2.78001	2.61667	0.15946
515.874	5.59710	-2.68564	2.74876	0.09196
519.869	5.56485	-1.81386	2.76851	0.10611
523.870	5.54739	-1.89574	2.65832	0.29107
527.861	5.63178	-2.36008	2.67652	0.30938
531.870	5.62235	-2.43709	2.65812	0.41336
535.866	5.92127	-2.28290	2.73789	0.42125
539.886	5.59895	-2.67134	2.73865	0.35548
543.869	5.58100	-2.65163	2.76349	0.26749
547.870	5.44675	-2.60874	2.79243	0.13467
551.863	5.40747	-2.54188	2.75804	0.06079
555.877	5.44503	-2.48446	2.68933	0.07332
559.870	5.51206	-2.52998	2.63264	-0.00040
563.883	5.36666	-2.51985	2.62823	0.02472
567.868	5.28177	-2.55810	2.65788	-0.02778
571.865	5.21036	-2.54432	2.69708	0.06094
575.878	5.20172	-2.47095	2.76042	0.09970
579.863	5.13700	-2.35535	2.72399	0.13840
583.868	5.19997	-2.45208	2.63529	-0.00377
587.871	5.11676	-2.19861	2.55978	0.02629
591.863	5.19773	-2.31501	2.44323	0.15261
595.864	5.23809	-2.34944	2.42307	0.14022
599.870	5.24986	-2.40404	2.41638	0.25428
603.869	5.14648	-2.63900	2.56305	0.17948
607.868	5.11600	-2.92678	2.52934	0.14684
611.863	5.09955	-3.05644	2.56092	0.09781
615.863	5.12713	-3.14550	2.39326	0.21344
619.893	5.09928	-3.37505	2.40426	0.03667
623.869	5.04516	-3.08775	2.39287	-0.06294
627.862	5.05277	-2.97864	2.41559	0.05924
631.864	4.95068	-2.72151	2.44113	0.21239
635.925	4.98113	-2.78421	2.44197	0.05586
639.872	5.04612	-3.28163	2.51792	-0.16983
643.881	5.03666	-3.24911	2.54571	-0.10506
647.863	5.03445	-2.99141	2.48455	-0.09819
651.864	5.16935	-2.89869	2.51774	0.11616
655.863	5.08185	-2.66250	2.55599	0.15113
659.859	5.15928	-2.42257	2.59757	-0.05141
663.864	5.22557	-2.28261	2.63279	-0.11106
667.878	5.29792	-2.10127	2.65909	-0.20223
671.867	5.30714	-1.82087	2.64146	-0.05322
675.863	5.35229	-2.17076	2.66459	-0.14911
679.862	5.31211	-2.27787	2.75398	-0.05870
683.887	5.29730	-2.24290	2.78258	-0.00477
687.868	5.28153	-2.15744	2.86700	0.07056
691.869	5.22960	-2.11885	2.91411	0.06259
695.867	5.18835	-2.24111	2.90775	0.12505
699.867	5.17144	-2.41422	2.88777	0.09247
703.867	5.16755	-2.59604	2.89178	0.03477
707.864	5.14429	-2.59722	2.81102	0.14941
711.859	5.15571	-2.56477	2.86836	0.22334
715.864	5.15564	-2.48834	2.91559	0.31331
719.875	5.15103	-2.51786	2.81157	0.28453
723.881	5.34326	-2.12410	2.78664	-0.03217
727.865	5.24334	-1.98419	2.75462	-0.31363
731.861	5.29277	-2.27412	2.73843	-0.12259
735.860	5.28507	-2.56009	2.72994	-0.18142
739.867	5.36567	-2.93447	2.67645	-0.11659
743.858	5.37057	-2.84082	2.63802	-0.10334
747.867	5.33369	-2.56112	2.63774	0.12096
751.863	5.36914	-2.60692	2.66471	0.14432
755.881	5.29934	-2.74903	2.65119	0.10239
759.856	5.26280	-3.05605	2.57186	0.20435
763.869	5.28219	-2.93887	2.59443	0.25471
767.876	5.19303	-2.90086	2.58866	0.18809
771.865	5.16573	-2.88740	2.64552	0.17716
775.866	5.11388	-2.95461	2.66038	0.19309
779.862	5.06476	-2.98957	2.66280	0.14062
783.885	5.04006	-2.96766	2.72288	-0.14438
787.867	5.01452	-3.01518	2.69049	-0.07342
791.861	5.06104	-2.91580	2.66672	-0.10683
795.860	5.07291	-2.93930	2.72674	-0.12937
799.865	4.98600	-2.72877	2.80501	0.00084
803.861	4.97255	-2.50993	2.80434	-0.06431
807.876	4.99738	-2.63988	2.82358	0.13090
811.861	5.02836	-2.63914	2.78825	0.20131
815.885	5.03487	-2.81829	2.73402	-0.12969
819.862	5.14889	-2.54306	2.73122	-0.06617
823.875	5.13826	-2.42211	2.63782	-0.07400
827.859	5.18141	-2.26296	2.59101	-0.10878
831.869	5.14153	-2.90455	2.65443	-0.12875
835.875	5.14801	-2.62603	2.70339	-0.04637
839.870	5.14000	-2.59037	2.75613	0.29102
843.861	5.17159	-2.78073	2.69626	0.30575
847.861	5.22249	-3.14549	2.68923	0.36192
851.863	5.15349	-2.90597	2.74123	0.19340
855.861	5.16393	-2.79076	2.83888	-0.01037
859.861	5.10940	-2.44640	2.85796	0.14266
863.859	5.10170	-2.34834	2.85126	0.22230
867.854	5.04942	-2.45278	2.76074	0.05954
871.876	5.09884	-2.66256	2.83224	-0.02805
875.852	5.15519	-2.36253	2.82605	0.13228
879.871	5.08641	-2.64386	2.89767	0.09366
883.864	5.03290	-2.50673	2.85920	-0.18738
887.859	5.08623	-2.41894	2.70456	-0.05188
891.874	5.21678	-2.20412	2.80189	0.04683
895.869	5.05257	-2.01074	2.81513	0.35166
899.861	4.89166	-1.41907	2.76193	1.83446
904.115	4.95837	1.03326	2.66419	3.06484
907.878	5.32872	0.64264	2.80268	2.97815
911.861	5.64533	0.80266	3.29768	2.63352
915.854	6.81219	0.22145	4.50725	2.73706
919.864	8.02331	0.10448	5.11753	2.25172
923.859	8.16496	-0.60219	5.55656	2.12327
927.862	8.32553	-0.30286	5.93323	2.24798
931.859	8.26988	-0.28309	6.21276	2.31018
935.867	8.02200	-0.28597	6.03157	2.30341
939.858	8.10109	0.16982	5.84613	2.28000
943.866	8.11629	0.04627	5.64063	2.24304
947.865	8.23155	-0.00152	5.71536	2.21029
951.858	8.27180	0.03298	5.80813	2.19008
955.751	8.32762	0.09638	5.87914	2.09860
959.743	8.30046	0.21456	5.95481	2.07173
963.739	8.27810	0.22864	6.04929	2.11589
967.741	8.33804	0.33223	5.96694	2.18938
971.743	8.32451	0.35051	5.93740	2.21509
975.743	8.44018	0.37683	5.89547	2.21437
979.733	8.40310	0.40887	5.91256	2.22965
983.747	8.45225	0.34007	5.91698	2.23665
987.734	8.43620	0.33746	5.98803	2.21494
991.737	8.47114	0.36997	5.99480	2.22606
995.726	8.48932	0.33645	6.02094	2.24518
999.746	8.48512	0.29984	6.01724	2.26974
1003.733	8.49107	0.30517	5.99227	2.32376
1007.762	8.50241	0.34440	6.05351	2.23811
1011.736	8.45405	0.35354	6.13986	2.18402
1015.758	8.41306	0.49482	6.17146	2.05400
1019.731	8.36715	0.42054	6.26922	2.05117
1023.740	8.41706	0.38961	6.30416	2.04536
1027.728	8.43804	0.43371	6.36393	2.05800
1031.739	8.47643	0.56866	6.39192	2.04738
1035.732	8.51110	0.43640	6.47647	2.09468
1039.769	8.55882	0.48414	6.46652	2.07462
1043.727	8.78651	0.43508	6.45804	2.19240
1047.743	8.75567	0.31603	6.49085	2.30395
1051.728	8.79787	0.33507	6.49599	2.20572
1055.736	8.80192	0.31059	6.46299	2.39565
1059.735	8.80900	0.28743	6.44375	2.14859
1063.744	8.80805	0.27869	6.40680	1.94413
1067.729	8.83478	0.27127	6.35998	1.85616
1071.733	8.83134	0.30887	6.32897	2.07661
1075.733	8.86027	0.30253	6.24980	2.05702
1079.736	8.80309	0.32954	6.24771	2.26149
1083.734	8.85177	0.40102	6.18166	2.36731
1087.735	8.78190	0.50846	6.13314	2.35924
1091.731	8.78134	0.54662	6.12536	2.33917
1095.736	8.72435	0.51657	6.07840	2.32916
1099.726	8.70296	0.56501	6.06473	2.26148
1103.747	8.70012	0.60219	6.11979	2.27294
1108.107	8.65395	0.59755	6.25232	2.13242
1111.742	8.72723	0.59621	6.23631	2.40689
1115.735	8.73909	0.54582	6.15451	2.47306
1119.728	8.74137	0.39367	6.31000	2.55158
1123.736	8.78578	0.30078	6.31460	2.49070
1127.730	8.74772	-0.22937	6.25151	2.38547
1131.736	8.69879	0.17194	6.13044	2.25674
1135.737	8.71715	0.33252	6.15296	2.22955
1139.730	8.79451	0.40899	6.19758	1.99621
1143.747	8.75167	0.57107	6.15048	2.09827
1147.733	8.77640	0.50643	6.29170	2.24872
1151.742	8.74782	0.51521	6.28712	2.16092
1155.734	8.72585	0.47489	6.31223	2.05717
1159.728	8.66326	0.37337	6.44694	2.10565
1163.736	8.65751	0.45277	6.35469	2.07333
1167.731	8.66273	0.39518	6.42530	2.12670
1171.730	8.62219	0.47782	6.39312	2.16602
1175.737	8.62833	0.40590	6.44532	2.23969
1179.730	8.59876	0.41886	6.48857	2.32980
1183.732	8.57270	0.46206	6.61709	2.20614
1187.733	8.58524	0.43204	6.63788	2.22007
1191.733	8.60067	0.26862	6.64981	2.00928
1195.744	8.61882	0.33420	6.61842	1.70577
1199.725	8.58367	0.37708	6.54695	1.86909
1203.740	7.57578	0.35945	5.64152	1.95647
1207.731	4.63129	-0.07260	2.53271	1.45973
1211.730	1.96033	0.16438	1.73718	1.49956
1215.734	0.04524	-0.23070	-0.81258	1.40845
1219.758	-0.72136	-0.26646	-2.32429	1.07530
1223.729	-2.25266	-0.73694	-2.92797	0.83130
1227.727	-3.27687	-0.70795	-5.86634	1.00322
1231.739	-5.44544	-0.18565	-6.20070	0.89050
1235.729	-6.02006	-0.14415	-7.75129	0.82397
1239.732	-5.90178	-0.06145	-8.55452	0.94415
1243.735	-6.00514	-0.16963	-8.34140	0.87336
1247.733	-6.01238	-0.21821	-7.47858	0.79149
1251.726	-6.09925	-0.03022	-7.58083	0.80514
1255.733	-6.21713	0.03812	-7.57220	0.71566
1259.731	-6.30156	0.08091	-7.75626	0.63746
1263.733	-6.42057	0.09643	-7.66614	0.63442
1267.733	-6.59106	0.17704	-7.86267	0.73301
1271.735	-6.55004	0.32606	-7.71679	0.82926
1275.726	-6.51902	0.39871	-7.72771	0.85243
1279.729	-6.49430	0.38965	-7.72383	0.85015
1283.735	-6.43797	0.53075	-7.70680	0.75778
1287.732	-6.56375	0.62345	-7.82272	1.06194
1291.726	-6.48896	0.73537	-7.76350	1.00903
1295.733	-6.53710	0.72148	-7.79257	0.92345
1299.728	-6.57122	0.74745	-7.79688	1.15654
1303.733	-6.53529	0.75064	-7.72773	1.10270
1307.729	-6.60906	0.80813	-7.75059	1.07207
1311.792	-6.58793	0.80860	-7.75100	1.06572
1315.732	-6.54492	0.73226	-7.77290	1.05589
1319.725	-6.45633	0.65773	-7.83071	1.04241
1323.733	-6.49911	0.62020	-7.89028	0.97560
1327.727	-6.61509	0.65658	-7.85514	0.97908
1331.745	-6.63979	0.50215	-7.78453	0.95291
1335.728	-6.74173	0.45420	-7.81746	1.00673
1339.737	-6.58041	0.29682	-7.83059	1.05594
1343.730	-6.50543	0.27711	-7.82930	0.94700
1347.730	-6.47049	0.30890	-7.83704	0.94676
1351.733	-6.09251	0.23256	-7.82248	0.83761
1355.734	-5.89677	0.15842	-7.80818	0.84687
1359.729	-5.86777	0.15271	-7.76849	0.79548
1363.731	-5.86457	0.19755	-7.80285	0.76918
1367.731	-6.00440	0.29700	-7.82414	0.80283
1371.726	-6.06421	0.32585	-7.83573	0.85710
1375.731	-5.94882	0.39430	-7.90148	0.90584
1379.781	-6.09866	0.54938	-8.04443	0.90754
1383.732	-6.10664	0.59577	-8.13218	0.91162
1387.724	-5.90909	0.53709	-8.26376	0.92809
1391.729	-5.85055	0.40782	-8.49571	1.00918
1395.742	-6.08210	0.48992	-8.04769	1.17477
1399.723	-6.00275	0.44880	-8.13451	1.24000
1403.732	-6.11736	0.51358	-8.04463	1.18329
1407.724	-6.14094	0.58802	-7.97291	1.24760
1411.725	-6.23192	0.48410	-7.92269	1.27088
1415.726	-6.20305	0.47134	-7.69510	1.30480
1419.732	-6.18100	0.50164	-7.58717	1.35353
1423.726	-6.13046	0.46732	-7.51644	1.32038
1427.750	-5.62478	0.41550	-7.39508	1.25085
1431.747	-5.43339	0.22751	-6.77974	1.24885
1435.729	-2.11599	-1.99402	-3.88626	1.14635
1439.742	-0.20646	-2.56090	-0.84483	-1.05553
1443.727	2.13185	-4.06294	-0.02010	-2.09040
1447.761	2.31002	-5.60406	0.85051	-2.60216
1451.728	4.02105	-5.50583	1.75277	-4.16491
1455.732	4.31306	-5.82950	1.69465	-4.75312
1459.724	4.29372	-6.17772	1.77504	-4.83742
1463.729	4.27138	-6.48767	1.36104	-4.85931
1467.720	4.31255	-6.48569	1.47164	-4.61311
1471.730	4.33638	-6.53624	1.57436	-4.51090
1475.725	4.34169	-6.66042	1.62941	-4.21071
1479.729	4.51941	-6.77775	1.54329	-4.64765
1483.787	4.60727	-6.82350	3.61144	-4.70375
1487.736	4.62722	-6.84932	3.96548	-4.79854
1491.722	4.67604	-6.88071	3.96195	-4.82574
1495.723	4.74375	-6.94289	3.91116	-5.01473
1499.721	4.74491	-7.03368	3.96745	-4.98379
1503.726	4.74641	-7.06591	3.68792	-3.17294
1507.723	4.80581	-7.03653	3.78738	-2.68916
1511.722	4.93457	-7.06194	3.77491	-2.48607
1515.755	4.97275	-7.02287	3.73727	-2.39638
1519.729	5.04408	-6.96131	3.76485	-2.33445
1523.749	5.09783	-6.88125	3.82054	-5.11981
1527.719	5.09372	-6.78823	3.75150	-4.58822
1531.735	5.14158	-6.67520	3.73927	-4.22016
1535.720	5.19960	-6.53039	3.74120	-3.82715
1539.731	5.20036	-6.67710	3.76174	-3.83377
1543.723	5.15354	-6.67927	2.23055	-4.67856
1547.728	5.14471	-6.56567	2.83068	-4.65007
1551.727	5.07111	-6.67080	2.55861	-4.97537
1555.732	5.05757	-6.65069	2.45995	-5.13877
1559.725	5.05772	-6.70497	2.33509	-5.17310
1563.728	4.88471	-6.81993	2.36960	-5.17457
1567.731	4.88784	-6.90534	2.33802	-5.08856
1571.731	4.72790	-6.92477	2.48988	-5.09757
1575.727	4.65607	-7.07219	2.37575	-4.98776
1579.722	4.61334	-7.07541	2.35013	-4.94248
1583.754	4.61896	-7.12616	2.37590	-4.91080
1587.762	4.52224	-7.08482	2.39847	-4.66947
1591.724	4.66021	-6.98930	2.39168	-4.62475
1595.721	4.71683	-5.26071	2.33222	-4.45945
1599.726	8.44463	-4.40758	0.50267	-4.02756
1603.725	8.25895	-2.99386	-6.52351	9.94513
1607.728	3.75170	6.74609	0.06199	2.06516
1611.723	NaN	NaN	NaN	NaN
1615.721	NaN	NaN	NaN	NaN
1619.719	NaN	NaN	NaN	NaN
1623.723	NaN	NaN	NaN	NaN
1627.727	NaN	NaN	NaN	NaN
1631.738	NaN	NaN	NaN	NaN
1635.731	NaN	NaN	NaN	NaN
1639.733	NaN	NaN	NaN	NaN
1643.971	NaN	NaN	NaN	NaN
1648.163	NaN	NaN	NaN	NaN
1653.068	NaN	NaN	NaN	NaN
1657.303	NaN	NaN	NaN	NaN
1661.493	NaN	NaN	NaN	NaN
1665.543	NaN	NaN	NaN	NaN
1669.099	NaN	NaN	NaN	NaN
1672.706	NaN	NaN	NaN	NaN
1676.848	NaN	NaN	NaN	NaN
1680.976	NaN	NaN	NaN	NaN
1684.620	NaN	NaN	NaN	NaN
1688.237	NaN	NaN	NaN	NaN
1691.727	NaN	NaN	NaN	NaN
1695.729	NaN	NaN	-13.44402	12.18675
1699.741	NaN	NaN	NaN	NaN
1703.729	NaN	NaN	8.82419	-2.59470
1707.720	NaN	NaN	0.54374	1.90013
1711.722	1.45152	-2.35972	3.40954	0.10478
1715.724	6.69486	-2.03091	3.69580	-0.71039
1719.749	4.10673	-1.68356	2.16986	-2.12613
1723.733	4.04325	-1.93305	1.22199	-1.85499
1727.724	3.96377	-2.05906	2.67833	-1.66127
1731.722	5.35303	-2.07418	4.40616	-1.56657
1735.729	7.41922	-1.98548	5.79246	-1.29495
1739.719	8.14716	-2.09070	7.52208	-0.98667
1743.719	10.08267	-2.01700	8.64798	-0.87593
1747.723	10.54464	-2.03908	7.07376	-0.87748
1751.727	8.52193	-2.13810	7.28681	-0.77167
1755.717	9.32093	-2.15830	7.20270	-0.82284
1759.750	9.14793	-2.16872	6.87423	-0.86927
1763.730	8.86006	-2.29016	6.84255	-0.85562
1767.732	8.91166	-2.37105	6.83778	-0.82136
1771.725	8.84186	-2.29650	6.82936	-0.88048
1775.725	9.11271	-2.23347	6.90165	-0.78756
1779.718	9.02217	-2.27667	6.89272	-0.76994
1783.735	9.15892	-2.25990	6.83506	-0.85294
1787.785	9.16596	-2.31683	6.81453	-0.92286
1791.736	9.15306	-2.34339	6.73515	-0.94181
1795.717	9.14639	-2.35078	6.68697	-1.01958
1799.718	9.11336	-2.36025	6.65363	-1.07679
1803.728	9.09812	-2.38406	6.67581	-1.05384
1807.595	9.10707	-2.34699	6.64354	-1.08949
1811.594	9.15367	-2.31656	6.61516	-1.12390
1815.598	9.12425	-2.28437	6.61440	-1.10505
1819.608	9.03103	-2.30677	6.59101	-1.12226
1823.593	9.04749	-2.30598	6.56654	-1.19792
1827.595	8.97431	-2.27807	6.54058	-1.16020
1831.597	8.93641	-2.25336	6.52845	-1.14959
1835.595	8.87803	-2.17936	6.54861	-1.12013
1839.590	8.92428	-2.18671	6.57992	-1.10084
1843.606	8.98721	-2.12749	6.58670	-1.02748
1847.598	8.93760	-3.09353	6.52578	-1.04449
1851.594	8.96792	-3.24849	6.50023	-1.12083
1855.631	8.97286	-3.16916	6.49695	-1.18293
1859.593	9.09062	-2.81691	6.46806	-1.13477
1863.600	9.15197	-2.64940	6.49546	-1.08039
1867.593	9.28040	-2.65257	6.53272	-1.00711
1871.592	9.28499	-2.50887	6.52894	-1.09044
1875.597	9.34239	-2.70999	6.48526	-1.02841
1879.609	9.28337	-2.73567	6.32973	-1.17833
1883.591	9.27428	-2.83838	6.31051	-1.14552
1887.604	9.26031	-2.82389	6.25610	-1.18699
1891.589	9.26860	-2.75367	6.28798	-1.15742
1895.597	9.34212	-2.68381	6.27611	-1.12493
1899.596	9.22857	-2.58942	6.40398	-1.03911
1903.588	9.22071	-2.13090	6.61646	-0.70431
1907.607	9.53518	-0.66535	6.97798	0.45568
1911.601	9.63049	-0.68560	7.89337	1.80086
1915.592	9.95459	0.24798	7.87501	2.00005
1919.593	9.98899	0.36769	7.62984	1.98127
1923.601	10.08933	0.22429	7.01360	1.69656
1927.595	10.20245	-0.17286	7.22746	0.80219
1931.599	9.98942	-0.40800	7.16815	0.72952
1935.592	9.86611	-0.44742	7.32026	0.94220
1939.595	10.12938	-0.07011	7.56352	1.10433
1943.593	10.13672	0.24204	7.60236	1.24496
1947.615	10.14626	0.18125	7.59105	1.44122
1951.606	10.10165	0.13546	7.43410	1.68176
1955.589	9.94693	0.14047	7.46402	1.55995
1959.596	9.91177	0.13561	7.46031	1.54544
1963.601	9.88685	0.01040	7.41748	1.57647
1967.591	9.83773	-0.06270	7.49068	1.53462
1971.591	9.84120	-0.05661	7.56076	1.62151
1975.594	9.85182	0.01743	7.64432	1.61925
1979.601	9.89533	0.03177	7.76348	1.67466
1983.627	9.89646	-0.01645	7.82820	1.70911
1987.597	9.94996	-0.02555	7.85224	1.73867
1991.646	9.96855	0.00144	7.98062	1.77073
1995.607	10.00555	0.02567	7.95212	1.53615
1999.593	10.10718	0.11420	7.94577	1.53860
2003.591	10.19692	0.15124	7.93625	1.51884
2007.591	10.18111	0.13415	7.91017	1.52750
2011.593	10.19447	0.18910	7.87263	1.58106
2015.595	10.19289	0.19815	7.81844	1.62321
2019.593	10.19966	0.23679	7.76323	1.69024
2023.589	10.13104	0.23498	7.73348	1.60523
2027.606	10.09626	0.24530	7.88906	1.51980
2031.596	10.05649	0.15273	7.95721	1.50637
2035.591	9.97767	0.11304	7.87136	1.43633
2039.588	9.94753	0.09859	7.84528	1.48019
2043.591	9.86989	0.01001	7.81729	1.44018
2047.606	9.82296	0.01405	7.74016	1.36997
2051.593	9.79178	-0.04807	7.66492	1.34213
2055.585	9.74261	-0.08133	7.57812	1.39604
2059.684	9.70695	-0.13050	7.60136	1.32035
2063.618	9.69171	-0.18035	7.45801	1.28786
2067.602	9.67032	-0.20773	7.32273	1.25672
2071.593	9.65539	-0.18615	7.25650	1.23296
2075.586	9.66593	-0.14485	7.19173	1.23198
2079.599	9.70516	-0.18801	7.36469	1.19376
2083.585	9.74735	-0.20883	7.45248	1.26214
2087.583	9.90821	-0.17152	7.47492	1.26550
2091.606	9.87613	-0.15651	7.69071	1.39752
2095.591	9.89701	-0.09273	7.68503	1.53961
2099.595	9.95331	-0.05859	7.78121	1.57356
2103.590	10.01684	-0.07916	7.64486	1.69115
2107.598	10.00726	-0.13936	7.76153	1.74596
2111.587	10.04189	-0.23840	7.77098	1.89035
2115.609	10.12727	-0.18965	7.82236	1.91451
2119.593	10.15819	-0.15483	7.90976	1.90435
2123.589	10.15646	-0.14805	7.92639	1.89451
2127.640	10.18127	-0.15614	7.98486	1.90867
2131.590	10.05649	-0.19733	7.87258	1.97973
2135.591	8.42462	-0.20110	5.85824	1.96388
2139.590	5.27587	-0.27735	4.11001	2.08748
2143.587	2.52134	-0.27662	1.51097	2.11188
2147.589	-1.08857	-0.01911	-0.58970	2.16002
2151.597	-1.58847	-0.06970	-2.71624	2.49212
2155.588	-3.95041	0.33072	-4.21269	2.13690
2159.591	-4.44159	0.44670	-5.78497	1.96915
2163.604	-6.86677	0.48174	-7.42109	2.15886
2167.598	-7.44369	0.74425	-8.80243	2.05111
2171.588	-8.40429	1.02524	-9.81665	2.51594
2175.592	-9.49014	1.13207	-9.52898	2.12823
2179.585	-8.95111	1.34868	-9.80722	2.47471
2183.584	-8.54273	1.21807	-10.05074	2.22660
2187.596	-8.52731	1.32705	-9.83084	2.29425
2191.621	-8.25831	1.26281	-9.71069	2.39924
2195.612	-8.70835	1.32767	-9.74943	2.35779
2199.588	-9.03089	1.38868	-9.91320	2.38360
2203.596	-8.99709	1.46088	-10.03631	2.43361
2207.591	-9.21287	1.54743	-9.99573	2.47116
2211.588	-9.12319	1.59433	-10.08394	2.51972
2215.588	-9.16535	1.53837	-10.07615	2.49841
2219.591	-9.08648	1.50693	-10.06311	2.50484
2223.590	-9.04147	1.47136	-10.02940	2.43688
2227.588	-9.20308	1.43783	-9.96927	2.42250
2231.599	-9.22941	1.41169	-9.96251	2.30406
2235.595	-9.22622	1.40952	-9.96427	2.08043
2239.590	-9.19278	1.49248	-9.92090	1.89532
2243.587	-9.04580	1.39684	-9.86736	1.63935
2247.589	-8.98905	1.36897	-9.78226	1.84746
2251.592	-8.86851	1.38695	-9.75666	1.87742
2255.597	-8.98959	1.55244	-9.69576	1.85520
2259.594	-9.08759	1.81888	-9.72055	2.34724
2263.601	-9.04193	1.71344	-9.66943	2.44460
2267.592	-9.10552	1.73480	-9.69287	2.54315
2271.588	-9.10131	1.70825	-9.67861	2.44510
2275.592	-9.14554	1.87855	-9.64200	2.33773
2279.585	-9.19312	1.91839	-9.62857	2.26550
2283.616	-9.22864	1.91934	-9.65488	2.41673
2287.593	-9.35169	1.98656	-9.63281	2.24138
2291.590	-9.43677	2.04473	-9.63296	2.21256
2295.587	-9.46672	2.05192	-9.61467	2.20172
2299.589	-9.44788	2.00155	-9.60671	2.22910
2303.585	-9.44332	1.96806	-9.60738	2.22829
2307.595	-9.41291	1.97453	-9.58989	2.15121
2311.589	-9.29046	1.99594	-9.59271	2.14067
2315.593	-8.95515	1.96372	-9.61875	2.11991
2319.604	-9.08336	1.98515	-9.67946	2.18648
2323.601	-9.03934	1.96069	-9.70328	2.17184
2327.585	-9.17200	1.92504	-9.66771	2.14071
2331.586	-9.08658	1.87898	-9.69236	2.18412
2335.589	-9.12108	1.88716	-9.58379	2.12539
2339.591	-9.05296	1.84334	-9.56313	2.13481
2343.586	-9.13797	1.88675	-9.65273	2.16789
2347.584	-9.09848	1.71993	-9.61120	2.13804
2351.586	-9.01193	1.60441	-9.59337	2.17646
2355.586	-8.96295	1.49872	-9.53429	2.22703
2359.592	-9.09480	1.40268	-9.53296	2.23401
2363.589	-9.02389	1.37902	-9.51162	2.23704
2367.606	-9.05345	1.38497	-9.51215	2.21376
2371.592	-9.07917	1.33744	-9.61163	2.19513
2375.589	-9.05514	1.26316	-9.68498	2.16403
2379.584	-9.12454	1.25458	-9.60473	2.16472
2383.632	-9.16845	1.31320	-9.69952	2.17947
2387.609	-9.08592	1.24709	-9.77481	2.13289
2391.583	-9.07685	1.24633	-9.82207	2.26091
2395.587	-9.14791	1.28858	-9.90833	2.26680
2399.593	-9.16056	1.27289	-9.83963	2.17929
2403.595	-8.84644	1.30421	-9.63230	2.21846
2407.584	-7.67526	1.29961	-8.55564	2.09496
2411.585	-7.03179	1.26534	-8.33904	2.07831
2415.581	-7.39823	1.23914	-8.66185	1.85350
2419.598	-7.65795	1.18614	-9.06339	1.63907
2423.583	-7.83502	1.22282	-9.20356	1.21375
2427.595	-7.79210	1.19903	-9.10197	1.61509
2431.582	-8.19008	1.21937	-8.74239	1.48584
2435.584	-7.60010	1.19164	-8.52855	1.74827
2439.596	-7.60751	1.20159	-8.47544	1.62914
2443.601	-7.58666	1.19658	-8.41046	1.50132
2447.586	-7.57315	1.15858	-8.46133	1.42900
2451.585	-7.59793	1.10904	-8.48301	1.37233
2455.587	-7.61792	1.14903	-8.60953	1.23799
2459.581	-7.68537	1.14939	-8.51673	1.23149
2463.583	-7.66392	1.11879	-8.50069	1.13810
2467.604	-7.77135	1.09326	-8.39795	1.20610
2471.583	-7.72515	1.03223	-8.32444	1.33908
2475.581	-7.75044	1.00357	-8.32016	1.36281
2479.588	-7.83086	0.98613	-8.31953	1.35178
2483.597	-7.87730	0.95346	-8.35520	1.31565
2487.591	-7.90287	0.91979	-8.39897	1.38329
2491.585	-7.92232	0.97181	-8.40499	1.40740
2495.587	-7.96507	1.01587	-8.42080	1.49575
2499.580	-8.04735	1.04447	-8.42649	1.60867
2503.596	-8.07516	1.07986	-8.49826	1.68250
2507.590	-7.92778	1.05304	-8.51933	1.74124
2511.592	-7.96643	1.07235	-8.57597	1.77793
2515.585	-8.00520	1.09385	-8.57398	1.83596
2519.588	-7.88446	1.09208	-8.60499	1.84941
2523.590	-7.86366	1.10311	-8.61523	1.99624
2527.591	-7.72924	1.07880	-8.63066	2.04752
2531.584	-7.84119	1.09497	-8.63005	2.08616
2535.632	-7.79371	1.05269	-8.62464	2.16770
2539.595	-7.81225	1.03670	-8.59861	2.17118
2543.581	-7.78328	1.00270	-8.53100	2.11301
2547.586	-8.27110	1.03727	-8.53787	2.08098
2551.583	-8.12945	1.08355	-8.46191	1.90815
2555.583	-7.98272	1.03617	-8.47468	1.80202
2559.586	-8.01642	0.99382	-8.47197	1.62132
2563.587	-8.16253	0.98446	-8.45883	1.30525
2567.587	-8.28622	1.05262	-8.46738	1.15333
2571.584	-8.43569	1.07607	-8.49246	1.03444
2575.577	-8.35639	1.02181	-8.43224	1.17275
2579.588	-8.31764	0.98737	-8.45106	1.05964
2583.579	-8.39669	1.01558	-8.37415	1.16941
2587.585	-8.50828	1.07820	-8.40235	1.04375
2591.582	-8.44052	1.03218	-8.39222	1.06056
2595.581	-8.40667	0.97302	-8.43681	1.05990
2599.578	-8.00669	0.93087	-8.39112	1.00596
2603.605	-8.11802	0.89193	-8.39567	0.99145
2607.585	-8.04854	0.90888	-8.36795	1.02320
2611.581	-8.10282	0.87541	-8.38644	1.06395
2615.581	-7.84623	0.80796	-8.39637	1.06161
2619.582	-7.97965	0.87543	-8.41138	1.06835
2623.579	-7.99223	0.94990	-8.40043	1.09907
2627.585	-7.99644	1.03911	-8.45851	1.14910
2631.581	-8.01251	1.04232	-8.51525	1.28885
2635.579	-8.01710	1.11580	-8.55450	1.53901
2639.596	-7.98817	1.05232	-8.61407	1.68926
2643.588	-7.94586	0.80545	-8.66954	1.75788
2647.586	-8.00382	0.95358	-8.68075	1.80200
2651.589	-7.94336	0.90356	-8.48813	1.48711
2655.587	-7.98330	1.00244	-8.47857	1.63964
2659.588	-8.04059	1.06318	-8.47872	1.82201
2663.584	-8.08343	1.07765	-8.47325	1.72284
2667.458	-8.10141	1.16665	-8.49920	1.62597
2671.601	-8.09017	1.22838	-8.49467	1.66911
2675.459	-8.00194	1.22929	-8.53586	1.68536
2679.457	-8.01856	1.23954	-8.55355	1.61982
2683.458	-8.04343	1.40005	-8.62748	1.61902
2687.465	-7.56003	1.08390	-8.67241	1.62386
2691.459	-7.55418	1.13267	-8.62200	1.71686
2695.464	-7.86576	1.15795	-8.74600	1.87703
2699.459	-7.78894	1.18786	-8.68065	2.00014
2703.458	-7.81922	1.23340	-8.76750	1.94696
2707.459	-7.76830	1.14062	-8.79783	1.93915
2711.457	-7.77115	1.14979	-8.87748	1.94312
2715.453	-7.73397	1.08600	-8.90936	2.00118
2719.471	-7.75780	1.06770	-8.83924	1.84489
2723.460	-7.82930	1.13981	-8.87411	1.92852
2727.457	-7.84718	1.03026	-8.88448	1.91897
2731.451	-7.98101	1.09457	-8.86003	1.98772
2735.456	-7.97174	1.11647	-8.86866	1.92004
2739.469	-8.02080	1.20276	-8.77099	1.90583
2743.457	-8.05210	1.29298	-8.72828	1.92099
2747.452	-8.12649	1.39012	-8.69945	1.96522
2751.459	-8.11393	1.50871	-8.65133	1.89112
2755.463	-8.10389	1.53879	-8.65501	1.94649
2759.453	-8.19419	1.66953	-8.55447	1.91269
2763.458	-8.25924	1.67034	-8.54617	1.90542
2767.455	-8.25958	1.62626	-8.55658	1.89724
2771.460	-8.22829	1.61806	-8.54268	1.85732
2775.457	-8.18592	1.67023	-8.53100	1.79368
2779.484	-8.27708	1.74778	-8.50656	1.76285
2783.460	-8.21748	1.69096	-8.46767	1.66842
2787.447	-6.09969	1.14602	-7.56776	1.66852
2791.455	-4.28254	0.56558	-4.48707	1.56883
2795.462	-1.03903	-1.41596	-2.28155	1.49688
2799.457	0.12342	-2.63805	-0.21887	-0.98442
2803.454	1.44371	-3.25525	0.26875	-1.23919
2807.452	2.13941	-3.85735	1.14379	-2.12172
2811.449	3.43694	-4.20012	1.86097	-2.89791
2815.452	4.25282	-4.81493	2.16285	-2.69751
2819.461	4.43473	-4.77877	2.09279	-2.80577
2823.460	4.10199	-4.20702	1.66041	-2.73894
2827.451	4.05038	-3.87808	1.39418	-2.73098
2831.467	4.08969	-3.97287	1.58195	-2.77778
2835.466	4.36269	-4.26594	1.75830	-2.75362
2839.451	4.55998	-4.36777	1.97587	-2.75452
2843.453	4.78787	-4.53634	2.09420	-2.79844
2847.450	4.95593	-4.56958	2.20099	-2.88642
2851.458	5.02728	-4.68658	2.21100	-2.93839
2855.453	4.92790	-4.71227	2.33730	-2.96832
2859.451	4.86167	-4.60616	2.20359	-2.94876
2863.457	4.75824	-4.63117	2.34805	-2.94970
2867.463	4.60757	-4.60113	2.39272	-2.97966
2871.453	4.61216	-4.62979	2.34936	-2.98533
2875.455	4.73303	-4.66300	2.38209	-3.00737
2879.463	4.85839	-4.67388	2.43377	-3.02575
2883.452	4.91723	-4.69806	2.41586	-2.97459
2887.460	4.81682	-4.67018	2.34280	-2.98160
2891.451	4.84726	-4.60823	2.26733	-2.93892
2895.453	4.76786	-4.59299	2.25119	-2.95069
2899.456	4.73853	-4.58275	2.20074	-2.94014
2903.458	4.75778	-4.65872	2.17403	-2.97648
2907.453	4.69440	-4.73841	2.12761	-3.02084
2911.451	4.77227	-4.72366	2.10250	-3.04167
2915.456	4.73113	-4.81634	2.09561	-3.08831
2919.449	4.71979	-4.81553	2.08320	-3.08581
2923.450	4.68299	-4.86565	2.07306	-3.10593
2927.449	4.64820	-4.83139	2.05521	-3.09884
2931.459	4.66948	-4.84934	2.10736	-3.10532
2935.452	4.59877	-4.89104	2.10642	-3.09279
2939.453	4.57583	-4.91928	2.13646	-3.01038
2943.471	4.57936	-4.95222	2.14035	-2.91899
2947.474	4.55808	-4.92284	2.20183	-2.82930
2951.456	4.62520	-4.93012	2.24559	-2.76759
2955.449	4.62831	-4.93116	2.30945	-2.65319
2959.454	4.65695	-4.91171	2.34047	-2.62880
2963.446	4.68536	-4.93182	2.45109	-2.60052
2967.456	4.76039	-4.93198	2.47115	-2.53889
2971.451	4.75792	-4.93986	2.56017	-2.50303
2975.450	4.73190	-4.94924	2.65429	-2.47488
2979.453	4.72300	-4.92873	2.66919	-2.44296
2983.453	4.73466	-4.91318	2.73100	-2.47472
2987.473	4.70089	-4.90135	2.75187	-2.50597
2991.448	4.70663	-4.85211	2.77780	-2.52459
2995.461	4.67591	-4.82921	2.82325	-2.55650
2999.456	4.66807	-4.82120	2.78963	-2.64544
3003.448	4.66758	-4.82226	2.79189	-2.67114
3007.447	4.66297	-4.75188	2.76109	-2.76373
3011.458	4.63102	-4.75086	2.74910	-2.92388
3015.457	4.62409	-4.74672	2.66164	-2.93570
3019.449	4.62855	-4.74200	2.61954	-2.99163
3023.451	4.66973	-4.73050	2.56590	-3.04015
3027.448	4.70636	-4.77362	2.50444	-3.04165
3031.455	4.72849	-4.80812	2.51217	-3.06770
3035.447	4.76566	-4.91854	2.43265	-3.01298
3039.450	4.81520	-4.85226	2.38625	-3.00937
3043.450	4.84551	-4.93252	2.37907	-2.94069
3047.455	4.84755	-4.92007	2.35085	-2.91138
3051.448	4.81537	-4.91659	2.34317	-2.89337
3055.451	4.79095	-4.91935	2.31416	-2.74172
3059.444	4.80337	-4.91087	2.32092	-2.66184
3063.455	4.75053	-4.93972	2.30276	-2.61680
3067.448	4.70727	-4.97893	2.30055	-2.51499
3071.470	4.65585	-5.04195	2.32231	-2.45312
3075.447	4.59090	-5.03140	2.31904	-2.37099
3079.480	4.58042	-5.01962	2.33930	-2.36163
3083.460	4.54839	-5.04880	2.37335	-2.34272
3087.454	4.60434	-4.95473	2.37912	-2.31224
3091.449	4.67853	-4.87530	2.38497	-2.32361
3095.448	4.89917	-4.91266	2.44115	-2.28539
3099.448	4.86845	-4.88079	2.50719	-2.28305
3103.448	4.85085	-4.83981	2.53704	-2.27824
3107.448	4.99448	-4.73017	2.56790	-2.28021
3111.450	5.07759	-4.74911	2.62640	-2.30343
3115.454	5.14924	-4.67818	2.63371	-2.33588
3119.447	5.15926	-4.60725	2.62650	-2.36239
3123.463	5.16686	-4.55186	2.63626	-2.35290
3127.453	5.19158	-4.49630	2.65099	-2.36876
3131.447	5.18222	-4.52989	2.66090	-2.35788
3135.455	5.17464	-4.52930	2.63138	-2.36971
3139.442	5.12760	-4.49095	2.57469	-2.37713
3143.457	5.10556	-4.52401	2.49751	-2.38317
3147.449	5.08916	-4.63345	2.44477	-2.39789
3151.448	5.03790	-4.76464	2.40860	-2.39770
3155.453	4.99231	-4.70454	2.37842	-2.37904
3159.448	4.95145	-4.71078	2.35927	-2.35032
3163.448	4.92119	-4.83965	2.31136	-2.33449
3167.448	4.88424	-4.88286	2.27488	-2.35282
3171.447	4.87143	-4.97308	2.36733	-2.33740
3175.447	5.74826	-4.90871	2.66580	-2.47044
3179.452	8.06319	-4.90204	5.72723	-2.40563
3183.448	10.10244	-4.54158	7.74496	-2.32341
3187.452	10.59963	-3.94712	8.03599	-2.28655
3191.450	10.80340	-3.56663	8.22489	-2.24488
3195.468	10.82701	-3.25986	8.53241	-2.22993
3199.449	11.15028	-2.99008	8.84959	-2.23692
3203.446	11.04685	-3.03349	8.93329	-2.23406
3207.449	10.77038	-3.25736	8.92001	-2.16284
3211.447	10.58198	-3.12757	8.82994	-2.21130
3215.450	10.41818	-3.17652	8.92699	-2.21557
3219.448	10.51235	-3.14143	8.99470	-2.16930
3223.451	10.67176	-3.24499	9.01903	-2.14921
3227.444	10.64765	-3.20184	9.02099	-2.13118
3231.449	10.59841	-3.18241	9.05127	-2.12775
3235.446	10.50810	-3.21291	9.07182	-2.14620
3239.452	10.42315	-3.24809	9.08667	-2.12295
3243.444	10.50906	-3.28923	9.03752	-2.05332
3247.449	10.45761	-3.31656	9.03043	-2.06322
3251.440	10.49577	-3.30473	9.00428	-2.03238
3255.452	10.60119	-3.29338	8.99709	-1.96560
3259.463	10.68990	-3.28809	8.97254	-1.90358
3263.446	10.79193	-3.28647	8.92217	-1.85093
3267.443	10.87515	-3.27746	8.90068	-1.86641
3271.448	10.93449	-3.24558	8.89221	-1.86594
3275.443	11.05926	-3.20160	8.88874	-1.84082
3279.448	11.07451	-3.19076	8.88087	-1.79781
3283.485	11.08330	-3.22090	8.88535	-1.80765
3287.450	11.10574	-3.19365	8.97368	-1.85400
3291.439	11.11009	-3.21531	9.04911	-1.88536
3295.450	11.12390	-3.20514	9.22042	-1.87725
3299.445	11.13196	-3.24129	9.36160	-1.87409
3303.445	11.09975	-3.23268	9.09064	-1.97526
3307.444	11.09016	-3.23135	9.04522	-2.02210
3311.444	11.08545	-3.18390	9.04350	-2.08613
3315.447	11.08309	-3.20153	8.93871	-2.17515
3319.449	11.06643	-3.25296	8.86507	-2.24693
3323.469	11.06939	-3.27475	8.84232	-2.32485
3327.449	11.11126	-3.23440	8.84784	-2.36823
3331.447	11.11838	-3.24001	8.81326	-2.37892
3335.447	11.16619	-3.23542	8.72197	-2.45024
3339.448	11.21575	-3.25873	8.70674	-2.49837
3343.443	11.18568	-3.26395	8.69236	-2.48488
3347.443	11.21164	-3.27685	8.66831	-2.48080
3351.466	11.20882	-3.28514	8.68339	-2.47082
3355.504	11.21885	-3.28034	8.67854	-2.49034
3359.443	11.16624	-3.29102	8.67250	-2.51331
3363.453	11.13004	-3.27449	8.66057	-2.47700
3367.444	11.10498	-3.23573	8.64475	-2.45773
3371.448	11.03167	-3.24017	8.58345	-2.48871
3375.443	10.95382	-3.25559	8.56413	-2.48671
3379.445	10.93294	-3.25812	8.57493	-2.41637
3383.503	10.88338	-3.25108	8.53673	-2.39210
3387.453	10.83395	-3.26006	8.55139	-2.35624
3391.444	10.80996	-3.26204	8.55661	-2.35212
3395.447	10.75955	-3.29065	8.56231	-2.30650
3399.469	10.71549	-3.34310	8.54421	-2.31714
3403.460	10.68425	-3.35364	8.54098	-2.25763
3407.447	10.65228	-3.38901	8.54479	-2.24515
3411.442	10.67207	-3.44028	8.54625	-2.19062
3415.454	10.91983	-3.37295	8.78430	-2.07517
3419.486	13.53188	-1.94970	11.00152	-1.90350
3423.499	14.54649	-0.38063	12.75498	-1.64238
3427.444	15.56897	0.58901	14.41152	-0.95194
3431.437	16.73953	0.62838	15.21985	-0.96683
3435.453	17.62801	1.68868	16.44864	-1.10730
3439.438	17.92015	1.97986	17.29308	-1.37897
3443.440	18.32398	2.37972	17.24754	-1.78474
3447.480	18.18019	1.97944	17.32827	-1.86341
3451.463	17.99673	2.11203	17.32694	-1.82201
3455.444	17.82899	2.12140	17.34073	-1.25284
3459.449	17.85924	2.14806	17.36158	-1.07601
3463.441	17.97336	2.31625	17.47850	-1.12458
3467.445	17.98303	2.21215	17.80647	-1.13266
3471.440	18.06465	2.39503	18.05395	-1.24507
3475.473	18.14745	2.67043	17.88657	-1.15148
3479.452	18.16233	2.64134	17.93888	-1.13533
3483.443	18.17965	2.61585	18.00465	-1.08710
3487.496	18.19325	2.68283	18.09036	-1.08274
3491.444	18.17716	2.59244	18.11596	-1.12997
3495.438	18.22017	2.63373	18.14349	-1.09046
3499.447	18.25715	2.69764	18.20682	-1.08901
3503.443	18.28660	2.68763	18.23597	-1.10850
3507.469	18.31412	2.66946	18.27881	-1.17210
3511.451	18.31998	2.61918	18.26277	-1.14109
3515.448	18.31752	2.55295	18.24365	-1.17753
3519.315	18.31025	2.51898	18.25064	-1.22697
3523.316	18.29843	2.47265	18.20722	-1.18207
3527.317	18.27675	2.42225	18.02858	-1.13499
3531.312	18.26541	2.39906	17.96123	-1.10244
3535.319	18.26944	2.39090	17.80110	-1.09121
3539.318	18.25290	2.36079	17.70189	-1.07683
3543.315	18.25245	2.30969	17.79365	-1.09873
3547.316	18.25476	2.29531	17.65514	-1.08556
3551.320	18.24806	2.29189	17.65677	-1.07116
3555.334	18.27425	2.31715	17.61268	-1.08745
3559.330	18.27917	2.29565	17.57216	-1.05627
3563.312	18.31094	2.33852	17.53565	-1.04604
3567.327	18.30669	2.33954	17.51313	-1.08208
3571.320	18.30803	2.31154	17.45980	-1.09529
3575.323	18.29463	2.31549	17.40432	-1.11653
3579.320	18.29159	2.28281	17.37047	-1.07390
3583.345	18.29776	2.31036	17.30441	-1.07571
3587.312	18.26912	2.28410	17.26710	-1.02492
3591.316	18.24441	2.31873	17.20756	-1.00221
3595.319	18.23658	2.35616	17.09871	-0.99309
3599.313	18.19381	2.23196	17.05825	-0.94098
3603.312	18.16213	2.23694	17.00884	-0.91194
3607.314	18.12562	2.25004	16.96350	-0.84156
3611.318	18.11820	2.28289	16.89312	-0.76074
3615.320	18.10554	2.27044	16.87132	-0.68660
3619.312	18.07576	2.26726	16.82338	-0.62418
3623.338	18.06320	2.37528	16.76199	-0.57785
3627.318	18.04911	2.38856	16.74658	-0.56172
3631.318	18.04702	2.50399	16.71968	-0.47208
3635.311	18.05741	2.49339	16.70445	-0.39011
3639.344	18.06815	2.44969	16.73780	-0.31661
3643.312	18.05438	2.48947	16.74651	-0.28169
3647.325	18.07340	2.55110	16.73051	-0.21893
3651.311	18.05355	2.55758	16.74979	-0.11962
3655.316	18.03266	2.52079	16.77803	-0.05175
3659.325	18.01648	2.49645	16.82131	-0.01268
3663.319	18.01421	2.47976	16.84755	0.00390
3667.311	18.00788	2.49143	16.90086	-0.01522
3671.322	18.02517	2.44474	16.92478	0.05095
3675.315	18.01329	2.41361	16.98008	0.03631
3679.312	18.01309	2.38639	17.02915	-0.02875
3683.317	17.98355	2.40408	17.05378	-0.00713
3687.317	17.97895	2.44090	17.05975	0.00862
3691.767	17.95937	2.43928	17.10120	-0.01309
3695.330	17.96655	2.49173	17.11183	-0.06740
3699.319	17.98683	2.66209	17.10292	-0.10866
3703.314	18.00766	2.69001	17.10329	-0.14129
3707.322	18.01107	2.83262	17.11551	-0.19106
3711.314	18.01749	2.84727	17.09388	-0.23542
3715.316	18.00775	2.92644	17.09186	-0.28739
3719.311	18.01390	2.89796	17.07297	-0.35842
3723.318	17.99370	2.92957	17.06741	-0.37929
3727.307	17.99430	2.92324	17.05272	-0.46892
3731.317	17.98299	2.93812	17.03189	-0.48893
3735.310	17.93430	2.76906	16.78060	-0.46506
3739.320	17.33524	2.52365	16.19435	-0.37636
3743.311	14.76593	1.11180	13.09788	-0.31044
3747.311	12.66998	1.56793	11.33476	0.76437
3751.325	10.96086	1.26338	9.40206	1.51864
3755.313	10.37969	0.76300	8.88496	1.82983
3759.311	10.17923	0.73309	7.83714	1.66581
3763.327	9.86738	0.41921	7.35668	1.88362
3767.314	10.01599	0.23856	7.73692	1.86431
3771.319	10.59030	0.25056	7.91804	1.66534
3775.312	10.72146	0.32489	8.34963	1.64696
3779.313	10.46018	0.18579	8.34674	1.66248
3783.339	10.28481	0.23704	8.20719	1.70897
3787.319	10.10747	0.18113	7.93868	1.76393
3791.338	10.02004	0.17467	7.84160	1.81705
3795.310	10.00415	0.15028	7.82509	1.85317
3799.309	10.03705	0.17417	7.83015	1.81326
3803.315	10.08738	0.18505	7.88858	1.83120
3807.318	10.11199	0.19135	7.97128	1.83811
3811.307	10.10680	0.16200	8.00980	1.80121
3815.315	10.08459	0.08237	8.00662	1.80926
3819.311	10.06251	-0.00291	8.01876	1.82202
3823.322	10.03527	0.04994	8.03455	1.86457
3827.314	10.00747	0.00169	8.06484	1.86273
3831.307	10.02798	0.00340	8.15224	1.83657
3835.318	10.04990	-0.04118	8.23041	1.77361
3839.310	10.07192	-0.08375	8.37298	1.73475
3843.313	10.04932	-0.10002	8.39384	1.70570
3847.311	10.03806	-0.12518	8.43860	1.64796
3851.308	10.04081	-0.12983	8.38857	1.57824
3855.311	10.05813	-0.12684	8.24801	1.58510
3859.316	10.04697	-0.10702	8.17950	1.60626
3863.309	10.05209	-0.06366	8.05903	1.53525
3867.318	10.05245	-0.04730	7.77278	1.45111
3871.307	10.08452	-0.05155	7.80969	1.44673
3875.332	10.07670	-0.05833	7.73857	1.40716
3879.313	10.08440	-0.09003	7.74715	1.42465
3883.319	10.10935	-0.08381	7.71796	1.41392
3887.300	10.14920	-0.11460	7.74347	1.41485
3891.323	10.19024	-0.18937	7.70687	1.42927
3895.314	10.26667	-0.20268	7.69510	1.47090
3899.315	10.25048	-0.25895	7.78389	1.46714
3903.310	10.30230	-0.24514	7.89824	1.44996
3907.315	10.35654	-0.29289	7.91869	1.55597
3911.312	10.36809	-0.32776	7.92235	1.73275
3915.311	10.39150	-0.34335	7.96439	1.59694
3919.310	10.38464	-0.36807	7.90231	1.60197
3923.326	10.43474	-0.36107	7.92230	1.57610
3927.314	10.30684	-0.36303	7.85874	1.57091
3931.308	10.17392	-0.33270	7.87304	1.57331
3935.306	10.09390	-0.28195	7.84442	1.56134
3939.310	10.07853	-0.24228	7.83948	1.58247
3943.310	10.16687	-0.18016	7.86050	1.58817
3947.320	10.01111	-0.14580	7.79817	1.61305
3951.320	10.04210	-0.11605	7.84535	1.61641
3955.306	10.05491	-0.04274	7.86252	1.54029
3959.319	10.05671	0.01148	7.81651	1.38879
3963.314	9.99852	0.13900	7.83395	1.20412
3967.313	9.96689	0.18613	7.85677	1.08051
3971.307	10.01607	0.20296	7.88841	1.23204
3975.313	10.09503	0.28229	7.91485	1.29860
3979.303	10.08344	0.23181	7.91380	1.36972
3983.322	10.08322	0.24387	7.95256	1.36325
3987.305	10.06212	0.16278	7.99630	1.32171
3991.327	10.08368	0.14474	8.06959	1.34503
3995.310	10.10329	0.13012	8.02606	1.32100
3999.308	10.11526	0.10128	7.75505	1.28667
4003.323	10.04721	0.08495	7.70363	1.26463
4007.311	10.07377	0.10131	7.68584	1.27332
4011.322	10.03024	0.05170	7.74959	1.32700
4015.310	10.02199	0.01696	7.84791	1.30550
4019.306	9.99233	0.02562	7.79084	1.26254
4023.307	10.01147	0.01417	7.90978	1.21571
4027.313	10.01036	0.00399	7.84615	1.17710
4031.333	10.03128	0.03443	7.94065	1.11739
4035.314	10.09835	0.04670	7.90090	1.11676
4039.309	10.10622	0.01495	7.94467	1.10754
4043.323	10.17817	0.01355	7.96634	1.10160
4047.305	10.19147	-0.02551	8.04256	1.10159
4051.310	10.26790	-0.03083	8.12344	1.09173
4055.305	10.35683	-0.06387	8.12904	1.15061
4059.326	10.31237	-0.09004	8.14587	1.18439
4063.308	10.27693	-0.22372	8.14616	1.20141
4067.311	10.17247	-0.29081	8.13760	1.21980
4071.314	9.98355	-0.20562	7.82060	1.22281
4075.321	9.95608	-0.23650	7.61207	1.27945
4079.306	9.97065	-0.26632	7.42907	1.34370
4083.321	9.87533	-0.26802	7.57942	1.34685
4087.312	9.85859	-0.22592	7.44528	1.40992
4091.310	9.90361	-0.22288	7.41841	1.48349
4095.301	9.82583	-0.22230	7.38173	1.48280
4099.306	9.86416	-0.20976	7.38595	1.48524
4103.308	9.42083	-0.27205	7.10814	1.43303
4107.308	6.08222	-0.51537	4.39469	1.27714
4111.301	3.53772	-1.47622	2.46669	0.71952
4115.309	2.40731	-2.37926	1.67050	0.21694
4119.316	1.12045	-3.86170	1.13625	-1.24510
4123.315	0.53456	-4.57174	-1.26674	-2.75551
4127.304	-0.11647	-6.43644	-1.41492	-3.32338
4131.308	0.14511	-6.82714	-1.58847	-3.59634
4135.310	0.16149	-6.87806	-1.63477	-3.51698
4139.316	-0.38869	-6.75963	-3.02301	-3.60650
4143.306	-1.15163	-6.58013	-3.37178	-3.69184
4147.305	-1.22221	-6.72379	-3.44678	-3.70692
4151.304	-1.14441	-6.71787	-3.40343	-3.72655
4155.316	-0.84059	-6.75086	-3.25515	-3.78136
4159.310	-0.99157	-6.76562	-3.30149	-3.52324
4163.306	-1.29623	-6.75305	-3.45576	-3.81940
4167.382	-1.40470	-6.75640	-3.49851	-3.89708
4171.305	-1.55090	-6.80189	-3.53152	-3.92837
4175.310	-1.52486	-6.76638	-3.56032	-3.93965
4179.304	-1.62269	-6.77341	-3.57125	-4.01920
4183.356	-1.64560	-6.77508	-3.60867	-4.09642
4187.314	-1.67305	-6.79338	-3.52222	-4.05599
4191.304	-1.72761	-6.80675	-3.50991	-4.11430
4195.309	-1.75545	-6.82032	-3.48734	-4.18346
4199.349	-1.78679	-6.80399	-3.61162	-4.22960
4203.308	-1.82819	-6.79769	-3.61312	-4.23561
4207.304	-1.84104	-6.82037	-3.60534	-4.20321
4211.303	-1.84153	-6.81177	-3.61317	-4.19123
4215.314	-1.81111	-6.81353	-3.61508	-4.14009
4219.308	-1.80888	-6.83755	-3.68176	-4.12700
4223.307	-1.79210	-6.74872	-3.67180	-4.09251
4227.302	-1.77310	-6.83037	-3.62842	-4.04298
4231.309	-1.77779	-6.85782	-3.74063	-4.02994
4235.304	-1.76242	-6.85633	-3.68844	-3.91594
4239.319	-1.76185	-6.84576	-3.75818	-3.84450
4243.306	-1.71436	-6.89627	-3.65512	-3.75113
4247.306	-1.63750	-6.95232	-3.67299	-3.66030
4251.318	-1.56087	-6.92499	-3.65949	-3.61202
4255.306	-1.57305	-6.94534	-3.57815	-3.53180
4259.309	-1.55859	-6.93756	-3.47299	-3.47655
4263.305	-1.59509	-6.94634	-3.47295	-3.57144
4267.304	-1.52630	-6.94427	-3.59221	-3.75645
4271.304	-1.49473	-6.89259	-3.60549	-3.95570
4275.304	-1.54319	-6.86340	-3.52252	-3.89096
4279.305	-1.48195	-6.87755	-3.58526	-4.01016
4283.309	-1.45393	-6.86199	-3.59973	-4.09365
4287.301	-1.60794	-6.80971	-3.56507	-4.05923
4291.303	-1.67144	-6.78055	-3.51303	-4.13820
4295.303	-1.75076	-6.73861	-3.52962	-4.24652
4299.306	-1.82033	-6.71628	-3.50294	-4.22878
4303.304	-1.78322	-6.70718	-3.49065	-4.27546
4307.303	-1.84510	-6.68001	-3.44290	-4.27471
4311.299	-1.89749	-6.52331	-3.42594	-4.25609
4315.309	-1.85695	-6.51296	-3.41637	-4.23457
4319.320	-1.88402	-6.54924	-3.38437	-4.24039
4323.311	-1.91090	-6.43805	-3.35365	-4.24025
4327.311	-1.91623	-6.33720	-3.29980	-4.25082
4331.304	-1.81934	-6.30518	-3.29379	-4.25195
4335.299	-1.78198	-6.21009	-3.24627	-4.26020
4339.317	-1.73351	-6.17293	-3.28036	-4.24836
4343.303	-1.68719	-6.12557	-3.30735	-4.27787
4347.311	-1.68354	-6.13523	-3.37049	-4.25515
4351.300	-1.61071	-6.12683	-3.39285	-4.24881
4355.306	-1.56216	-6.14159	-3.38392	-4.21670
4359.301	-1.54973	-6.19901	-3.32389	-4.19246
4363.302	-1.49557	-6.20702	-3.32216	-4.18307
4367.311	-1.47511	-6.22632	-3.32300	-4.14992
4371.181	-1.45745	-6.26265	-3.34561	-4.12458
4375.183	-1.46524	-6.33301	-3.35078	-4.04842
4379.176	-1.45150	-6.37852	-3.36948	-3.93242
4383.194	-1.44016	-6.40461	-3.34937	-3.88904
4387.176	-1.43186	-6.41699	-3.33085	-3.82718
4391.182	-1.41695	-6.45854	-3.31215	-3.76353
4395.176	-1.42350	-6.46855	-3.25426	-3.68521
4399.196	-1.46214	-6.51158	-3.22722	-3.66927
4403.177	-1.47466	-6.53837	-3.21552	-3.63556
4407.176	-1.52836	-6.56309	-3.20219	-3.59452
4411.205	-1.52136	-6.62182	-3.13618	-3.54452
4415.181	-1.51112	-6.63953	-3.08703	-3.51102
4419.179	-1.49778	-6.64496	-3.01091	-3.49277
4423.175	-1.51752	-6.65085	-3.01744	-3.49775
4427.189	-1.53555	-6.65163	-2.99267	-3.50495
4431.182	-1.56908	-6.74478	-2.97193	-3.56210
4435.175	-1.53267	-6.77089	-2.99883	-3.72009
4439.180	-1.53193	-6.82198	-3.06734	-3.78634
4443.175	-1.51080	-6.84316	-3.11448	-3.78928
4447.186	-1.52362	-6.85404	-3.11371	-3.78677
4457.072	-1.47645	-6.88349	-3.18076	-4.07110
4459.907	-1.49602	-6.86411	-3.22688	-4.17115
4463.190	-1.46400	-6.88791	-3.27766	-4.23204
4467.171	-1.50100	-6.90770	-3.32795	-4.30295
4471.175	-1.46908	-6.90616	-3.38432	-4.36747
4475.176	-1.46921	-6.92198	-3.41506	-4.46507
4479.177	-1.43845	-6.90924	-3.44107	-4.49688
4483.179	-1.40765	-6.92686	-3.45081	-4.53970
4487.193	-1.44579	-6.92871	-3.47171	-4.57198
4491.179	-1.47315	-6.96008	-3.45905	-4.53315
4495.184	-1.47506	-6.96668	-3.42040	-4.57499
4499.176	-1.51663	-6.94919	-3.43620	-4.54992
4503.178	-1.51345	-6.97769	-3.41387	-4.53314
4507.173	-1.53746	-6.96570	-3.37002	-4.47472
4511.180	-1.55517	-6.95808	-3.25995	-4.23914
4515.186	-1.60171	-6.99184	-3.19714	-4.19368
4519.176	-1.61793	-6.99397	-3.17678	-4.10498
4523.182	-1.66782	-6.99526	-3.11205	-4.26489
4527.174	-1.70626	-6.95705	-3.09127	-4.19262
4531.176	-1.72696	-6.93049	-3.03440	-4.16367
4535.171	-1.75334	-6.89982	-3.02890	-4.18800
4539.183	-1.81039	-6.86252	-3.05719	-4.19068
4543.175	-1.82507	-6.87410	-3.01762	-4.17417
4547.175	-1.85735	-6.84506	-3.02863	-4.16673
4551.173	-1.87835	-6.79843	-3.04449	-4.14739
4555.172	-1.93698	-6.76000	-3.13865	-4.22743
4559.175	-1.90287	-6.72200	-3.19063	-4.27133
4563.174	-1.90495	-6.67794	-3.13971	-4.26646
4567.172	-1.88011	-6.50079	-3.17962	-4.22331
4571.174	-1.88013	-4.88604	-3.23848	-3.81032
4575.524	-1.90557	-2.89813	-3.28397	-2.85316
4579.190	-1.92250	-2.42869	-3.35513	-1.73759
4583.181	-1.85403	-2.41867	-3.24392	-1.48394
4587.175	-1.82842	-2.50845	-3.22477	-1.57969
4591.183	-1.83546	-2.83440	-3.18989	-1.79652
4595.195	-1.83219	-3.20010	-3.20528	-2.13471
4599.182	-1.74687	-3.28098	-3.16968	-2.10735
4603.175	-1.81657	-2.93301	-3.25107	-1.94702
4607.170	-1.85457	-2.88067	-3.34262	-1.88930
4611.172	-1.85388	-2.83182	-3.43766	-1.81352
4615.175	-1.88725	-2.84118	-3.43880	-1.73816
4619.196	-1.91343	-2.80113	-3.46615	-1.71479
4623.172	-1.88960	-2.88250	-3.49772	-1.73775
4627.171	-1.83412	-2.94821	-3.54885	-1.77041
4631.175	-1.89806	-2.98110	-3.60341	-1.81471
4635.170	-1.90495	-2.96890	-3.64501	-1.82904
4639.182	-1.84049	-2.89358	-3.69046	-1.79127
4643.174	-1.87907	-2.86778	-3.71019	-1.79366
4647.174	-1.78426	-2.89065	-3.73003	-1.78807
4651.181	-1.73601	-2.89890	-3.71997	-1.83144
4655.173	-1.69272	-2.92946	-3.70136	-1.86950
4659.173	-1.66448	-2.94119	-3.71075	-1.91330
4663.176	-1.65223	-2.95231	-3.71817	-1.96589
4667.180	-1.61352	-2.95489	-3.73332	-2.01373
4671.173	-1.60747	-3.00992	-3.73280	-2.03184
4675.173	-1.48577	-3.02278	-3.72682	-2.04832
4679.170	-1.37114	-3.02491	-3.74313	-2.06812
4683.176	-1.38617	-3.03832	-3.71216	-2.11034
4687.174	-1.30246	-3.07233	-3.68270	-2.14765
4691.172	-1.31225	-3.07349	-3.63134	-2.19307
4695.175	-1.21712	-3.11497	-3.59508	-2.20851
4699.171	-1.14699	-3.17182	-3.50091	-2.19630
4703.177	-1.07669	-3.24032	-3.54690	-2.21969
4707.169	-1.08775	-3.24873	-3.45591	-2.14189
4711.171	-0.97023	-3.31779	-3.38088	-2.10723
4715.181	-0.94661	-3.34278	-3.20751	-2.06954
4719.176	-0.94011	-3.34875	-3.16045	-2.02845
4723.169	-0.98117	-3.35027	-3.09409	-1.95078
4727.174	-0.88798	-3.36987	-3.08357	-1.93385
4731.165	-0.85662	-3.35638	-3.04385	-1.80034
4735.170	-0.85950	-3.35459	-3.04694	-1.74825
4739.172	-0.88101	-3.33365	-3.07073	-1.66858
4743.178	-0.89436	-3.31519	-3.14372	-1.61769
4747.170	-0.95348	-3.31259	-3.08805	-1.58136
4751.175	-1.01494	-3.30034	-3.02509	-1.57902
4755.170	-1.11931	-3.24558	-2.99331	-1.55253
4759.190	-1.20795	-3.18047	-2.89475	-1.51870
4763.174	-1.29494	-3.14383	-2.89312	-1.47693
4767.186	-1.32753	-3.11634	-2.84425	-1.44250
4771.174	-1.58210	-3.04907	-2.78537	-1.43357
4775.166	-1.55338	-3.04857	-2.73692	-1.41819
4779.191	-1.65183	-3.02397	-2.65765	-1.43057
4783.362	-1.74794	-3.05949	-2.61414	-1.42833
4787.182	-1.74295	-3.07223	-2.57082	-1.42779
4791.181	-1.82780	-2.92509	-2.54521	-1.44037
4795.168	-1.87788	-2.85455	-2.53825	-1.45387
4799.213	-1.89746	-2.86071	-2.55839	-1.47501
4803.174	-1.88276	-2.86173	-2.60745	-1.48341
4807.172	-1.87974	-2.85445	-2.63742	-1.51791
4811.168	-1.90532	-2.80946	-2.66902	-1.53109
4815.167	-1.68223	-2.85961	-2.68423	-1.55793
4819.164	-1.38136	-2.90298	-2.74326	-1.60411
4823.176	-1.18242	-2.88154	-2.76534	-1.66598
4827.178	-1.29028	-2.87508	-2.86188	-1.70597
4831.168	-1.21291	-2.87779	-2.88420	-1.75076
4835.183	-0.92932	-3.04782	-2.92032	-1.77260
4839.171	-1.00050	-3.04618	-3.00032	-1.82049
4843.166	-0.80784	-3.09534	-3.01551	-1.87820
4847.192	-0.84808	-3.13985	-3.04333	-1.93159
4851.181	-0.76920	-3.19585	-3.07231	-1.98978
4855.166	-0.72546	-3.20403	-3.13835	-2.03984
4859.166	-0.71583	-3.21746	-3.22774	-2.09913
4863.169	-0.73178	-3.22847	-3.21725	-2.09960
4867.168	-0.75749	-3.22293	-3.27766	-2.12606
4871.180	-0.75953	-3.22991	-3.29871	-2.14471
4875.189	-0.79421	-3.24195	-3.35108	-2.15550
4879.174	-0.85600	-3.18884	-3.41110	-2.14940
4883.167	-0.89857	-3.17756	-3.43214	-2.15084
4887.170	-0.95259	-3.15388	-3.48805	-2.17273
4891.165	-1.02307	-3.11748	-3.51545	-2.16219
4895.169	-1.04178	-3.07995	-3.56193	-2.18063
4899.167	-1.07349	-3.05354	-3.60516	-2.16285
4903.189	-1.08113	-2.97360	-3.55493	-2.16638
4907.170	-1.05228	-2.97566	-3.48899	-2.17614
4911.178	-1.12412	-2.89129	-3.49876	-2.17535
4915.171	-1.19309	-2.87306	-3.36938	-2.14226
4919.181	-1.20492	-2.82239	-3.28783	-2.12380
4923.169	-1.25619	-2.70188	-3.21077	-2.11552
4927.166	-1.23394	-2.72728	-3.35261	-2.12780
4931.168	-1.22427	-2.71403	-3.11668	-2.07064
4935.168	-1.23565	-2.74059	-3.06503	-2.00838
4939.166	-1.26468	-2.71947	-3.01232	-1.97277
4943.172	-1.35645	-2.66233	-2.96455	-1.93661
4947.164	-1.35477	-2.68085	-2.89151	-1.86071
4951.174	-1.36876	-2.69915	-2.88888	-1.80312
4955.175	-1.40497	-2.70821	-2.87297	-1.77369
4959.170	-1.39153	-2.70642	-2.85895	-1.74698
4963.162	-1.40041	-2.71818	-2.85809	-1.71656
4967.182	-1.40983	-2.76330	-2.84576	-1.68943
4971.168	-1.38689	-2.81235	-2.86658	-1.66686
4975.176	-1.41211	-2.83926	-2.96020	-1.68566
4979.164	-1.43312	-2.81913	-2.84650	-1.68472
4983.171	-1.44086	-2.79372	-2.92997	-1.69920
4987.227	-1.39872	-2.86968	-2.98594	-1.72137
4991.166	-1.38004	-2.95164	-3.18309	-1.74607
4995.170	-1.38151	-2.98803	-3.26819	-1.76647
4999.168	-1.35003	-3.02129	-3.36315	-1.77673
5003.182	-1.33736	-3.11410	-3.38711	-1.80975
5007.173	-1.28663	-3.19932	-3.47636	-1.84082
5011.174	-1.25014	-3.30151	-3.50543	-1.87307
5015.165	-1.25458	-3.27944	-3.56237	-1.89726
5019.165	-1.20718	-3.30102	-3.52044	-1.90503
5023.169	-1.22338	-3.35767	-3.59671	-1.93621
5027.167	-1.19512	-3.39081	-3.61604	-1.95826
5031.163	-1.16500	-3.42808	-3.65527	-1.95815
5035.176	-1.14087	-3.44281	-3.61384	-1.98361
5039.174	-1.15682	-3.47591	-3.61040	-1.98773
5043.174	-1.32004	-3.35611	-3.58482	-1.79891
5047.167	-2.54110	-3.32518	-3.71028	-1.29540
5051.597	-5.10083	-2.48868	-6.52047	-0.28038
5055.172	-7.97203	0.79290	-7.97658	1.80672
5059.163	-8.90669	1.59614	-8.60851	2.04459
5063.168	-8.38697	1.66430	-9.98076	2.30439
5067.166	-8.32398	1.71640	-9.37542	2.55538
5071.171	-8.15747	1.69296	-8.95111	2.37732
5075.170	-7.97427	1.59744	-8.48695	2.30431
5079.176	-7.87698	1.50755	-8.20036	2.26243
5083.170	-7.89028	1.36731	-8.34043	2.22142
5087.223	-7.96001	1.44529	-8.46896	2.13282
5091.166	-8.11243	1.43543	-8.65909	2.13764
5095.173	-8.17605	1.60955	-8.78079	2.24928
5099.167	-8.27696	1.65268	-8.92198	2.29560
5103.164	-8.18820	1.64098	-8.82851	2.27591
5107.165	-8.18767	1.66986	-8.88610	2.23844
5111.169	-8.29355	1.76038	-8.63753	2.20991
5115.168	-8.29438	1.77352	-8.45184	2.19501
5119.188	-8.25732	1.75738	-8.67112	2.20368
5123.162	-8.49738	1.88160	-8.62690	2.20674
5127.175	-8.42857	1.88904	-8.52171	2.17984
5131.163	-8.50690	1.94482	-8.55093	2.20497
5135.164	-8.50773	1.97083	-8.38374	2.17252
5139.159	-8.52282	1.97036	-8.39661	2.17257
5143.178	-8.46500	1.96430	-8.25511	2.12129
5147.162	-8.45555	1.98048	-8.27421	2.06166
5151.166	-8.44992	2.01453	-8.23833	2.00794
5155.164	-8.39188	1.96654	-8.20051	1.94389
5159.173	-8.28913	1.87424	-8.31943	1.94433
5163.168	-8.08037	1.77924	-8.42243	2.02241
5167.163	-8.29351	1.72208	-8.50338	2.12814
5171.162	-8.14743	1.67197	-8.50841	2.11319
5175.168	-7.30615	1.49108	-8.50595	2.21217
5179.164	-7.12068	1.28385	-8.65632	2.21022
5183.179	-8.04959	1.46246	-8.66040	2.30053
5187.204	-8.03441	1.35230	-8.67156	2.26328
5191.178	-8.05251	1.32657	-8.68916	2.26043
5195.170	-7.85821	1.24714	-8.76525	2.27846
5199.167	-7.75846	1.18145	-8.74110	2.31291
5203.185	-7.76886	1.18684	-8.75255	2.22684
5207.171	-7.84364	1.15321	-8.75703	2.11805
5211.182	-7.69344	1.09248	-8.71783	1.95370
5215.161	-7.40726	0.99567	-8.75128	1.94400
5219.166	-7.66339	0.96983	-8.78622	1.88419
5223.160	-7.56269	0.95328	-8.78716	1.81248
5227.166	-7.59366	0.90859	-8.77116	1.68934
5231.031	-7.55530	0.86489	-8.75109	1.69348
5235.041	-7.45958	0.78494	-8.70580	1.63029
5239.035	-7.51700	0.75405	-8.69186	1.60301
5243.041	-7.61402	0.74866	-8.70182	1.54764
5247.032	-7.51466	0.72738	-8.64810	1.52783
5251.040	-7.45875	0.69459	-8.61096	1.57718
5255.093	-7.50764	0.70251	-8.62382	1.78560
5259.042	-7.59063	0.71922	-8.63716	1.84039
5263.039	-7.65268	0.75968	-8.62023	2.09336
5267.039	-7.79593	0.79664	-8.57039	2.06590
5271.034	-7.70989	0.78444	-8.59065	2.27427
5275.052	-7.68905	0.82803	-8.53149	2.30102
5279.046	-7.86973	0.93177	-8.56207	2.61954
5283.034	-7.68791	0.91937	-8.59878	2.54433
5287.041	-7.74925	0.96943	-8.62588	2.60833
5291.035	-7.69349	0.93896	-8.66654	2.56856
5295.048	-7.75509	0.89535	-8.69287	2.63241
5299.035	-7.79727	0.89770	-8.70204	2.51617
5303.039	-7.88726	0.97726	-8.71884	2.39627
5307.036	-7.87331	0.91555	-8.68446	2.22048
5311.043	-7.96144	0.95162	-8.71836	2.11744
5315.036	-7.99104	0.98675	-8.72634	1.99518
5319.038	-7.98204	1.04318	-8.75941	1.85223
5323.075	-7.87109	0.99988	-8.80056	1.85539
5327.075	-8.03708	1.08609	-8.79986	1.79026
5331.044	-8.03399	1.02662	-8.81966	1.69164
5335.048	-8.05302	1.03870	-8.85024	1.63056
5339.033	-8.06538	1.03744	-8.84230	1.59024
5343.041	-8.01808	1.08651	-8.84302	1.52512
5347.040	-8.02290	1.11389	-8.82293	1.47468
5351.041	-7.94350	1.08850	-8.83570	1.40108
5355.038	-7.84562	1.05007	-8.82751	1.35184
5359.032	-7.82192	1.04381	-8.82528	1.36451
5363.044	-7.81600	1.05350	-8.83544	1.36221
5367.033	-7.81166	0.97630	-8.80585	1.34760
5371.034	-7.80869	0.93139	-8.78762	1.32884
5375.045	-7.81020	0.93899	-8.80418	1.31898
5379.041	-7.79563	0.94479	-8.80750	1.33863
5383.041	-7.85156	0.94835	-8.83437	1.34813
5387.036	-7.93243	0.93936	-8.81700	1.37877
5391.039	-8.12597	0.99983	-8.80776	1.44011
5395.038	-8.03798	0.99121	-8.84654	1.47191
5399.038	-8.11286	0.99295	-8.83217	1.49513
5403.037	-8.11016	0.92161	-8.84045	1.51855
5407.033	-8.13137	0.87958	-8.83839	1.52690
5411.051	-8.47670	0.91817	-8.85063	1.53701
5415.072	-8.64839	0.92692	-8.83621	1.55574
5419.037	-8.52120	0.83067	-8.82279	1.58355
5423.032	-8.60795	0.77961	-8.83282	1.61467
5427.037	-8.79538	0.77615	-8.81700	1.64371
5431.039	-8.87682	0.80914	-8.79986	1.69625
5435.035	-8.90768	0.72454	-8.82056	1.70702
5439.038	-8.93924	0.69056	-8.83224	1.77107
5443.037	-9.05349	0.68320	-8.84557	1.77606
5447.037	-8.99160	0.66854	-8.83827	1.82623
5451.049	-8.99833	0.65268	-8.85056	1.81302
5455.031	-8.99019	0.61662	-8.89078	1.86001
5459.042	-8.99477	0.59440	-8.89925	1.87731
5463.038	-8.96908	0.61547	-8.87607	1.87193
5467.034	-8.49971	0.60878	-8.85836	1.85429
5471.038	-8.25605	0.57540	-8.83832	1.87249
5475.034	-8.10219	0.48480	-8.83958	1.82252
5479.036	-8.19511	0.48307	-8.88109	1.82570
5483.038	-8.13388	0.47163	-8.83461	1.80258
5487.035	-8.15348	0.43289	-8.87692	1.79273
5491.036	-8.17858	0.50397	-8.88319	1.73432
5495.032	-8.07501	0.55342	-8.89305	1.75081
5499.039	-8.03214	0.60613	-8.86338	1.68018
5503.060	-7.97237	0.64197	-8.86924	1.64512
5507.055	-7.93311	0.66524	-8.90306	1.59819
5511.029	-7.97347	0.68478	-8.92997	1.59489
5515.032	-8.06190	0.77051	-8.94341	1.54494
5519.046	-8.10311	0.82300	-8.97997	1.52759
5523.030	-8.11518	0.85918	-8.97252	1.50508
5527.035	-8.14679	0.85589	-9.04374	1.48006
5531.040	-8.11773	0.85137	-9.01825	1.45167
5535.035	-8.11445	0.83603	-9.07595	1.43039
5539.033	-8.12921	0.80831	-9.12270	1.41500
5543.035	-8.13658	0.77590	-9.17812	1.46323
5547.034	-8.19832	0.74714	-9.21466	1.45347
5551.036	-8.22710	0.74199	-9.24897	1.46249
5555.029	-8.21551	0.71024	-9.26643	1.47100
5559.034	-8.14516	0.63211	-9.29981	1.48760
5563.041	-8.05793	0.59714	-9.32572	1.52877
5567.040	-7.98544	0.54747	-9.37885	1.52229
5571.035	-8.01131	0.52996	-9.43424	1.59130
5575.031	-8.02487	0.51388	-9.40436	1.61333
5579.036	-8.03022	0.53301	-9.37822	1.61245
5583.046	-7.99664	0.49064	-9.36271	1.64993
5587.035	-7.98547	0.47195	-9.31136	1.65851
5591.035	-7.96629	0.45027	-9.26389	1.64778
5595.071	-7.93228	0.44504	-9.16204	1.62776
5599.067	-7.91317	0.41971	-9.00925	1.64282
5603.031	-7.85641	0.38331	-8.94975	1.64940
5607.034	-7.84525	0.36531	-8.82780	1.61847
5611.028	-7.87078	0.34596	-8.82577	1.59681
5615.031	-7.81863	0.41220	-8.77839	1.57638
5619.034	-7.80589	0.44015	-8.71841	1.54703
5623.035	-7.75351	0.48078	-8.62409	1.54261
5627.027	-7.71759	0.54004	-8.89889	1.52089
5631.030	-7.82070	1.49757	-8.71824	1.53069
5635.055	-5.77246	0.64035	-6.74489	1.40079
5639.033	-3.77755	0.49492	-3.92566	1.33990
5643.029	0.02752	-0.76205	-0.94691	0.98126
5647.029	0.65255	-1.66623	0.59372	0.71886
5651.036	1.75136	-2.60833	1.61664	-0.44387
5655.032	4.38368	-3.45682	2.22225	-1.73237
5659.030	5.39005	-3.56118	3.65092	-1.79420
5663.090	6.42143	-3.47221	4.06752	-1.67923
5667.031	6.65561	-2.76344	3.96412	-1.83582
5671.037	6.77981	-2.61412	3.87198	-1.78272
5675.028	6.28670	-2.42027	3.74918	-1.76214
5679.032	6.19972	-2.46217	3.76292	-1.81356
5683.029	6.19437	-2.85237	3.74006	-1.81133
5687.049	6.45113	-3.23120	3.97118	-1.84744
5691.029	6.89588	-3.19770	4.05317	-1.86092
5695.033	6.99357	-3.28850	4.15075	-1.91449
5699.030	7.00106	-3.32352	4.18435	-1.90877
5703.035	7.00702	-3.18298	4.32851	-1.89455
5707.033	6.88590	-3.18171	4.28372	-1.88981
5711.032	6.71933	-3.27718	4.27348	-1.90771
5715.024	6.83895	-3.43412	4.30048	-1.90180
5719.035	6.78057	-3.50202	4.33401	-1.91877
5723.029	6.88238	-3.51335	4.39681	-1.92549
5727.028	6.87058	-3.56795	4.39834	-1.93600
5731.030	6.91138	-3.61669	4.39743	-1.90898
5735.052	6.78808	-3.66574	4.36942	-1.88004
5739.030	6.77188	-3.80965	4.33044	-1.86073
5743.027	6.83093	-3.86081	4.28155	-1.84677
5747.033	6.77467	-3.99340	4.23893	-1.85588
5751.042	6.84666	-4.13513	4.17470	-1.87470
5755.036	6.83002	-4.20036	4.12527	-1.83605
5759.030	6.83381	-4.23789	4.15112	-1.82854
5763.031	6.81226	-4.22567	4.13638	-1.82139
5767.024	6.86148	-4.30688	4.16875	-1.72963
5771.041	6.87937	-4.34754	4.19403	-1.63813
5775.032	6.88883	-4.38015	4.19640	-1.58610
5779.027	6.89409	-4.39435	4.20042	-1.54295
5783.029	6.97788	-4.43136	4.19724	-1.47961
5787.032	6.94054	-4.48204	4.25149	-1.44184
5791.039	6.98147	-4.24950	4.26215	-1.37584
5795.028	7.02272	-3.87741	4.26383	-1.34758
5799.061	7.09673	-3.66651	4.30300	-1.31457
5803.036	7.16964	-3.73398	4.38963	-1.25700
5807.056	7.15252	-3.41018	4.42022	-1.23614
5811.024	7.15911	-3.29671	4.48596	-1.25651
5815.026	7.10785	-3.14549	4.55564	-1.24124
5819.028	7.12645	-3.07193	4.61970	-1.21964
5823.047	7.15904	-3.02050	4.66107	-1.20803
5827.030	7.12046	-3.07792	4.72019	-1.19151
5831.030	7.16107	-3.06961	4.72369	-1.17581
5835.028	7.13979	-3.02013	4.78060	-1.17525
5839.034	7.06100	-3.01716	4.83351	-1.14961
5843.029	7.03494	-3.03417	4.87968	-1.12469
5847.025	6.91975	-3.03497	4.88077	-1.09439
5851.031	6.91346	-3.04475	4.89087	-1.06717
5855.029	6.84431	-3.04384	4.93029	-1.02618
5859.024	6.83998	-3.04401	4.94349	-1.01628
5863.028	6.81219	-3.07600	4.84561	-1.02230
5867.080	6.79579	-3.07183	4.73081	-1.04990
5871.044	6.76004	-3.01356	4.56881	-1.10605
5875.039	6.74102	-2.97275	4.46246	-1.16332
5879.024	6.75194	-2.96334	4.17951	-1.15404
5883.054	6.75507	-2.94633	4.21192	-1.18421
5887.038	6.77700	-2.91972	4.25610	-1.21115
5891.031	6.82787	-2.92291	4.13396	-1.33621
5895.025	6.85236	-2.91277	4.16961	-1.34762
5899.029	6.88071	-2.93715	4.08740	-1.40689
5903.025	6.91701	-3.00141	4.06466	-1.45793
5907.041	6.93983	-3.02271	4.06421	-1.44216
5911.024	6.99027	-3.09531	4.02959	-1.48421
5915.037	7.00820	-3.26322	4.14112	-1.45264
5919.026	7.04066	-3.48209	4.22725	-1.43175
5923.026	7.02797	-3.76796	4.25872	-1.38940
5927.030	7.00450	-3.86301	4.27074	-1.37484
5931.024	7.07434	-3.34632	4.19894	-1.34465
5935.030	7.07236	-3.28347	4.25796	-1.33969
5939.025	7.06183	-3.46705	4.27891	-1.32304
5943.024	7.04944	-3.62174	4.38297	-1.28759
5947.033	7.02538	-3.94613	4.32308	-1.30540
5951.029	7.01604	-4.22329	4.38092	-1.28514
5955.030	7.10238	-3.37861	4.44886	-1.22275
5959.035	7.09903	-3.46040	4.53998	-1.19632
5963.027	7.02846	-3.78839	4.52868	-1.30982
5967.020	6.98741	-4.09852	4.38225	-1.25711
5971.026	7.08837	-3.33062	4.58449	-1.22705
5975.026	7.08942	-3.62626	4.47175	-1.29234
5979.024	7.11958	-4.07451	4.50039	-1.26557
5983.022	7.18538	-3.01518	4.67998	-1.21401
5987.075	7.23120	-3.42030	4.61810	-1.24063
5991.034	7.25475	-3.71802	4.60434	-1.20827
5995.026	7.30183	-2.83601	4.64108	-1.20769
5999.029	7.33244	-3.42483	4.68328	-1.25819
6003.038	7.25606	-3.90800	4.69904	-1.18125
6007.027	7.32148	-3.22964	4.60634	-1.24357
6011.025	7.34716	-3.72982	4.77855	-1.20332
6015.026	7.38102	-3.16570	4.70325	-1.22969
6019.018	7.35593	-3.59512	4.79847	-1.16286
6023.042	7.32002	-3.37600	4.70303	-1.29222
6027.041	7.32873	-3.54258	4.78402	-1.24984
6031.024	7.29658	-3.55742	4.71341	-1.29366
6035.026	7.26715	-3.37687	4.83565	-1.25452
6039.027	7.32336	-3.67035	4.71235	-1.38487
6043.030	7.25101	-3.54582	4.75541	-1.20336
6047.026	7.17360	-3.67424	4.67217	-1.35876
6051.021	7.22348	-3.46575	4.79048	-1.21157
6055.024	6.97264	-3.54973	4.71849	-1.30900
6059.025	7.12952	-3.53527	4.78567	-1.16865
6063.023	6.94090	-3.45022	4.70345	-1.24840
6067.022	6.93736	-3.62197	4.71683	-1.50200
6071.053	6.92599	-3.72553	4.74146	-1.06327
6075.040	6.97829	-3.16070	4.72075	-1.08093
6079.033	6.98159	-3.43127	4.61625	-1.29391
6082.898	6.96597	-3.59239	4.73084	-1.06200
6086.902	7.01240	-3.36977	4.66191	-1.05773
6090.900	7.04271	-3.04384	4.58587	-1.14782
6094.903	6.97590	-3.21764	4.61396	-1.00025
6098.897	7.12366	-2.82630	4.77099	-0.80494
6102.897	9.28714	-1.78818	5.94607	-0.03777
6106.898	10.33982	-0.31337	7.71974	1.42570
6110.903	10.45783	1.70665	8.16360	2.52027
6114.899	10.67164	1.95348	8.14935	2.57594
6118.890	10.10783	1.53948	8.01876	1.93734
6122.917	9.90913	0.95959	7.45567	1.30126
6126.898	9.66832	0.15163	7.48271	1.04796
6130.911	9.66677	0.23308	7.62184	1.11910
6134.901	9.81616	0.37352	7.86605	1.36757
6138.905	10.09636	0.74101	7.91565	1.53306
6142.912	10.00408	0.53358	7.90564	1.49428
6146.900	10.13008	0.67269	7.93243	1.68284
6150.896	9.92637	0.60559	7.91278	1.75772
6154.895	9.83255	0.49325	7.92451	1.71919
6158.902	9.87887	0.45002	7.80908	1.74884
6162.901	9.97796	-0.10732	7.95665	1.80169
6166.901	9.99366	0.05734	7.92120	1.69493
6170.905	9.87948	0.35154	7.97597	1.76242
6174.901	9.74114	0.36217	7.96522	1.80382
6178.899	9.86806	0.33074	7.80065	1.89550
6182.894	9.83320	-0.20265	7.73601	1.88657
6186.901	9.80457	-0.05100	7.67921	1.91573
6190.900	9.74550	0.24517	7.44089	1.92144
6194.899	9.72626	0.37972	7.34533	1.96013
6198.897	9.86110	-0.34069	7.41614	1.96602
6202.901	9.87069	-0.20363	7.46302	1.85794
6207.147	9.87194	0.24376	7.35771	1.88965
6210.939	9.68021	0.28507	7.46758	1.89541
6214.903	9.82751	-0.11008	7.36882	1.73677
6218.896	9.92743	0.17699	7.36540	1.91052
6222.893	9.85857	0.02904	7.37406	1.90346
6226.894	9.85768	-0.38400	7.44838	1.55787
6230.901	10.00564	-0.10853	7.49868	1.86945
6234.892	9.87505	-0.04282	7.50527	1.95406
6238.898	10.00620	-0.67667	7.64327	1.56083
6242.891	10.01686	0.01324	7.62309	1.80869
6246.936	9.94084	0.00813	7.65371	1.62842
6250.913	9.96966	-0.35291	7.84218	1.67705
6254.899	10.00680	-0.06005	7.69797	1.81107
6258.903	10.03306	-0.12389	7.84267	1.60002
6262.908	10.01797	-0.31398	7.89415	1.89650
6266.894	10.01207	-0.30987	7.93569	1.70343
6270.897	10.05890	-0.34024	7.99914	1.82235
6274.909	10.00225	-0.13452	8.00976	1.66956
6278.897	10.01409	-0.39524	8.07927	1.82037
6282.899	10.06263	-0.03602	8.06932	1.77934
6286.899	10.00817	-0.39040	8.18144	1.82730
6290.898	10.00822	-0.04801	8.17072	1.82489
6294.899	10.02644	-0.28120	8.15256	1.82996
6298.902	10.04061	0.42327	8.17938	1.96925
6302.892	10.00228	-0.32784	8.17242	2.02687
6306.898	9.30479	0.32320	7.38851	1.80656
6310.910	8.38073	0.17651	2.75777	1.84275
6314.905	9.64393	0.43721	0.18243	1.50074
6318.891	3.16057	10.20385	8.66697	1.65112
6322.893	NaN	NaN	NaN	NaN
6326.896	NaN	NaN	-16.76861	14.31164
6330.904	NaN	NaN	-19.99370	-12.07743
6334.895	NaN	NaN	-19.99370	-12.07743
6338.900	NaN	NaN	NaN	NaN
6342.916	NaN	NaN	NaN	NaN
6346.947	NaN	NaN	NaN	NaN
6351.114	NaN	NaN	NaN	NaN
6355.011	NaN	NaN	NaN	NaN
6359.106	NaN	NaN	NaN	NaN
6363.018	NaN	NaN	NaN	NaN
6366.919	NaN	NaN	NaN	NaN
6370.895	NaN	NaN	NaN	NaN
6374.894	NaN	NaN	NaN	NaN
6378.907	NaN	NaN	NaN	NaN
6382.902	NaN	NaN	NaN	NaN
6386.913	NaN	NaN	NaN	NaN
6390.897	NaN	NaN	NaN	NaN
6394.914	NaN	NaN	NaN	NaN
6398.893	NaN	NaN	NaN	NaN
6402.889	NaN	NaN	-11.61732	6.05994
6406.902	NaN	NaN	NaN	NaN
6410.894	NaN	NaN	NaN	NaN
6414.893	NaN	NaN	-3.65507	8.88062
6418.899	NaN	NaN	2.19782	-1.93545
6422.918	NaN	NaN	-5.70512	-1.65653
6426.889	NaN	NaN	2.33014	-2.00149
6430.893	0.69049	-6.20786	-0.98819	-1.92716
6434.895	1.32882	-3.34726	2.35744	-1.54297
6438.888	4.43081	-3.35191	-0.54287	-1.40098
6442.901	4.64803	-3.49905	-0.84699	-1.90959
6446.900	4.48478	-3.33482	-1.00739	-1.34701
6450.898	4.44191	-3.73767	-0.99412	-1.82463
6454.932	4.43971	-4.26279	-3.34245	-1.73295
6458.909	4.04752	-3.66540	-1.12119	-1.75111
6462.894	1.15875	-3.92851	-1.26525	-1.89464
6466.897	0.39526	-3.79664	-1.09787	-1.73454
6470.893	0.84404	-3.71153	-1.01256	-1.88039
6474.897	1.04962	-3.77581	-0.91306	-1.70508
6478.890	0.18370	-3.89111	-0.84188	-1.85794
6482.897	0.89453	-3.81568	-0.79024	-1.86938
6486.902	0.72754	-3.70988	-0.65610	-1.79211
6490.901	0.90257	-3.75002	-0.54461	-1.85029
6494.889	1.01595	-3.79697	-0.56917	-1.80858
6498.896	1.03461	-3.79284	-0.43830	-1.83207
6502.953	1.01541	-3.75561	-0.45120	-1.80111
6506.891	1.17307	-3.66794	-0.45495	-1.78828
6510.892	1.12603	-3.70298	-0.35119	-1.80617
6514.893	1.19981	-3.71661	-0.33635	-1.80888
6518.894	1.03166	-3.64322	-0.38631	-1.88334
6522.886	1.18056	-3.74539	-0.32714	-1.82303
6526.895	1.25503	-3.59585	-0.31401	-1.87368
6530.890	1.25354	-3.76186	-0.33546	-1.78833
6534.894	1.27713	-3.64157	-0.43567	-1.33710
6538.885	1.27026	-3.73925	-0.03467	0.78123
6542.899	1.22246	-3.84585	-0.46150	-1.70357
6546.897	1.10877	-3.70669	-0.33268	-1.27460
6550.894	1.06463	-3.92510	-2.53833	-1.67537
6554.891	1.18579	-3.90226	-0.28143	-0.16676
6558.883	1.31786	-3.53624	-2.23486	-0.97730
6562.894	1.39239	-3.88728	-2.36673	-1.23393
6566.889	1.55732	-4.07378	-2.12325	-1.53423
6570.915	1.24391	-4.05104	-0.47775	0.14824
6574.893	1.39996	-3.70912	-1.83283	-0.09269
6578.886	1.39373	-3.97028	-1.90376	-0.53097
6582.895	1.38165	-3.95812	-1.89513	-0.77969
6586.899	1.28097	-3.84910	-1.94635	-0.67801
6590.891	1.31947	-3.90098	-1.85080	-0.66970
6594.893	1.37535	-3.77286	-1.42330	-0.62956
6598.903	1.52275	-3.78389	-1.73083	-0.56119
6602.891	1.34953	-3.86787	-1.71784	-0.43150
6606.913	0.98524	-3.83787	-1.78290	-0.15424
6610.893	1.07525	-3.90671	-1.73113	0.13420
6614.893	1.13844	-3.85358	-1.83858	-0.80211
6618.890	1.30285	-3.84390	-2.09299	-0.64271
6622.887	1.28849	-3.90036	-2.58450	-0.37573
6626.891	1.27723	-3.93232	-2.58487	-1.20294
6630.887	1.20011	-3.93770	-2.90460	-0.87045
6634.895	1.36774	-4.06182	-3.27843	-2.36808
6638.892	1.11028	-4.08152	0.22611	-1.51360
6642.892	1.30719	-4.15954	-2.31361	-0.80890
6646.887	1.36789	-4.07593	-2.02458	-1.90563
6650.887	1.18329	-4.09637	-2.12454	-1.29353
6654.882	1.43248	-4.06235	-2.79483	-2.50127
6658.894	1.47640	-4.15440	-2.93334	-3.65234
6662.889	1.44153	-4.10810	-3.11561	-3.57151
6666.887	1.37870	-4.13365	-1.56823	-2.96465
6670.895	1.32728	-3.96943	-1.50698	-2.37647
6674.893	1.38952	-4.03086	-1.93861	-3.79463
6678.887	1.35147	-4.06345	-1.86241	-3.27689
6682.888	1.41727	-3.90247	-2.69391	-4.64710
6686.911	1.36590	-3.97884	-2.98242	-4.47568
6690.894	1.10346	-3.90136	-3.65470	-6.58122
6694.894	1.29685	-3.90039	-2.37644	-5.96451
6698.894	1.22973	-4.02204	-2.82902	-5.53101
6702.884	1.24831	-3.86812	-2.67972	-5.18683
6706.891	1.22724	-3.75324	-3.61728	-6.87246
6710.891	1.21655	-3.71879	-3.69783	-6.62542
6714.893	1.18120	-3.81123	-2.40077	-6.47539
6718.887	1.17041	-3.76200	-3.14320	-7.98673
6722.887	1.26790	-3.65942	-3.34996	-7.74781
6726.898	1.35472	-3.56598	-3.33446	-7.70964
6730.889	1.47032	-3.64021	-3.91968	-7.74811
6734.886	1.46541	-3.68524	-4.06204	-7.69428
6738.890	1.16969	-3.59447	-3.11799	-7.71387
6742.895	0.87054	-3.56907	-3.40702	-7.78854
6746.882	0.32804	-3.57875	-3.51505	-7.74573
6750.894	0.44075	-3.62533	-4.07340	-9.73937
6754.897	1.25294	-3.59548	-4.16001	-9.64848
6758.910	1.58222	-3.50524	-4.19143	-9.61954
6762.892	1.62125	-3.47640	-4.47077	-9.62660
6766.884	1.75929	-3.54039	-4.43026	-9.68173
6770.891	1.36154	-3.61804	-4.53490	-9.56970
6774.889	1.37007	-3.67624	-4.81256	-9.61326
6778.894	1.24709	-3.61813	-5.23130	-9.66570
6782.884	1.11201	-3.67764	-7.79819	-12.01158
6786.896	1.04530	-3.69662	-7.70407	-11.90332
6790.891	1.11856	-3.74735	-7.84842	-11.91919
6794.892	1.10589	-3.54483	-7.83183	-11.92163
6798.889	0.95177	-3.45297	-7.99330	-11.97252
6802.882	0.85900	-3.38332	-7.92451	-11.96231
6806.897	0.78357	-3.21805	-7.92096	-11.95683
6810.889	0.76930	-3.39649	-8.00180	-11.99799
6814.923	0.58178	-3.07830	-8.11226	-12.06663
6818.895	0.55002	-2.99811	-8.15742	-12.19789
6822.892	0.42147	-2.95603	-8.90071	-12.53190
6826.895	0.44502	-3.02023	-9.66195	-13.17070
6830.886	0.37189	-3.03295	-10.21221	-13.61942
6834.888	0.25701	-3.04012	-6.29254	-12.19811
6838.887	0.29175	-3.11018	-7.45516	-12.48744
6842.890	0.22720	-3.08802	-10.63137	-13.36493
6846.884	1.90688	-3.17540	-6.49746	-13.40800
6850.888	0.36953	-3.23387	-10.22245	-14.42795
6854.881	2.48463	-3.28915	-19.99372	-12.22735
6858.886	NaN	NaN	-19.99372	-12.24918
6862.883	NaN	NaN	-19.99372	-12.23654
6866.900	NaN	NaN	-19.99372	-12.17874
6871.284	NaN	NaN	-19.99372	-12.13328
6875.544	NaN	NaN	-19.99372	-12.11000
6879.710	NaN	NaN	-19.99372	-12.14480
6884.737	NaN	NaN	-19.99372	-12.15022
6888.931	2.45559	-3.33468	-8.76658	-14.54496
6891.605	2.68908	-3.33256	-19.99372	-12.08220
6894.882	2.70230	-3.04695	-19.99372	-12.08109
6898.894	1.73638	-2.97383	-19.99372	-12.08104
6902.887	1.81848	-2.93484	-19.99372	-12.08097
6906.885	1.43845	-2.99391	-19.99372	-12.08091
6910.889	2.57754	-2.87335	-19.99372	-12.08082
6914.883	2.54447	-2.93669	-19.99372	-12.08071
6918.887	1.39783	-3.01467	-19.99372	-12.08059
6922.896	1.54150	-2.97591	-19.99372	-12.08046
6926.892	1.23533	-2.98967	-19.99372	-12.08033
6930.882	1.21787	-3.00807	NaN	NaN
6934.884	1.02106	-2.98895	NaN	NaN
6938.759	0.75752	-2.99077	NaN	NaN
6942.761	0.86500	-2.87016	NaN	NaN
6946.755	1.06518	-2.77293	NaN	NaN
6950.762	1.00439	-2.89133	NaN	NaN
6954.761	NaN	NaN	NaN	NaN
6958.762	NaN	NaN	NaN	NaN
6962.762	NaN	NaN	NaN	NaN
6966.765	NaN	NaN	NaN	NaN
6971.003	NaN	NaN	NaN	NaN
6975.317	NaN	NaN	NaN	NaN
6979.555	NaN	NaN	NaN	NaN
6983.718	NaN	NaN	NaN	NaN
6987.887	NaN	NaN	NaN	NaN
6992.142	NaN	NaN	NaN	NaN
6996.380	NaN	NaN	NaN	NaN
7000.610	NaN	NaN	NaN	NaN
7004.814	NaN	NaN	NaN	NaN
7009.121	NaN	NaN	NaN	NaN
7013.367	NaN	NaN	NaN	NaN
7017.581	NaN	NaN	NaN	NaN
7022.593	NaN	NaN	NaN	NaN
7026.827	NaN	NaN	NaN	NaN
7030.994	NaN	NaN	NaN	NaN
7035.183	NaN	NaN	NaN	NaN
7039.375	NaN	NaN	NaN	NaN
7043.590	NaN	NaN	NaN	NaN
7047.800	NaN	NaN	NaN	NaN
7052.002	NaN	NaN	NaN	NaN
7056.126	NaN	NaN	NaN	NaN
7060.305	NaN	NaN	NaN	NaN
7064.479	NaN	NaN	NaN	NaN
7068.717	NaN	NaN	NaN	NaN
7072.941	NaN	NaN	NaN	NaN
7077.132	NaN	NaN	NaN	NaN
7081.336	NaN	NaN	NaN	NaN
7085.436	0.56848	-2.77183	NaN	NaN
7088.981	0.73962	-2.90036	NaN	NaN
7091.673	0.66106	-3.01048	NaN	NaN
7094.788	0.83151	-2.88203	NaN	NaN
7098.760	1.08805	-2.94609	NaN	NaN
7102.757	0.46150	-3.22333	NaN	NaN
7106.751	0.42261	-3.14920	NaN	NaN
7110.762	0.63722	-3.30132	NaN	NaN
7114.756	0.71632	-3.78411	NaN	NaN
7118.758	0.48195	-3.64150	NaN	NaN
7122.750	0.38211	-3.71593	NaN	NaN
7126.761	0.46768	-3.85075	NaN	NaN
7130.762	0.58595	-3.89592	NaN	NaN
7134.759	0.44596	-3.86410	NaN	NaN
7138.755	0.42653	-3.75372	NaN	NaN
7142.758	0.40685	-3.89526	NaN	NaN
7146.752	0.52833	-3.69705	NaN	NaN
7150.760	0.43331	-2.71804	NaN	NaN
7154.770	-0.37841	-1.27470	NaN	NaN
7158.757	-2.34897	0.92889	NaN	NaN
7162.766	-2.58742	1.97601	NaN	NaN
7166.749	-4.92617	3.58858	NaN	NaN
7170.761	-5.04516	4.28533	NaN	NaN
7174.766	-5.15315	4.61459	NaN	NaN
7178.755	-5.59069	4.82856	NaN	NaN
7182.752	-6.73157	4.99817	-8.09523	8.39026
7186.755	-6.54918	5.02042	NaN	NaN
7190.762	-5.38016	4.72183	NaN	NaN
7194.769	-5.39025	4.27966	NaN	NaN
7198.754	-5.44247	4.46227	NaN	NaN
7202.756	-5.60214	4.77675	NaN	NaN
7206.760	-6.72330	5.10105	NaN	NaN
7210.783	-5.49984	4.94677	NaN	NaN
7214.753	-5.93048	5.09702	NaN	NaN
7218.775	-5.66285	5.13993	NaN	NaN
7222.761	-6.01007	5.09923	NaN	NaN
7226.755	-5.55905	4.77773	NaN	NaN
7230.751	-5.59678	5.15874	NaN	NaN
7234.763	-5.72561	4.96617	NaN	NaN
7238.756	-5.68109	5.12144	NaN	NaN
7242.752	-5.68730	5.05761	NaN	NaN
7246.753	-5.89758	5.21278	NaN	NaN
7250.753	-5.65796	4.82366	NaN	NaN
7254.752	-5.55000	4.75609	NaN	NaN
7258.761	-5.82923	4.96703	NaN	NaN
7262.755	-5.81643	5.04945	NaN	NaN
7266.755	-5.52207	4.58050	NaN	NaN
7270.755	-5.87531	5.22804	NaN	NaN
7274.752	-5.60986	4.62795	NaN	NaN
7278.751	-5.46686	4.71141	NaN	NaN
7282.755	-5.63847	4.92001	NaN	NaN
7286.758	-5.96331	4.98487	NaN	NaN
7290.769	-5.95960	5.16352	NaN	NaN
7294.784	-5.79978	4.91485	NaN	NaN
7298.778	-5.40821	4.52308	NaN	NaN
7302.756	-5.74716	4.90632	NaN	NaN
7306.751	-5.54171	4.80926	NaN	NaN
7310.750	-5.72099	4.89277	NaN	NaN
7314.765	-5.36444	4.36894	NaN	NaN
7318.765	-5.69133	4.90675	NaN	NaN
7322.750	-5.88068	4.79357	NaN	NaN
7326.750	-5.67769	4.91209	NaN	NaN
7330.759	-5.70595	4.66987	NaN	NaN
7334.757	-5.73264	4.88737	NaN	NaN
7338.761	-5.68634	4.75536	NaN	NaN
7342.753	-5.75595	4.93292	NaN	NaN
7346.757	-5.78408	4.85208	NaN	NaN
7350.755	-5.68750	4.89087	NaN	NaN
7354.750	-5.79786	4.91631	NaN	NaN
7358.752	-5.79391	4.91208	NaN	NaN
7362.782	-5.78647	4.93717	NaN	NaN
7366.752	-5.68185	4.87916	NaN	NaN
7370.754	-5.76175	4.93744	NaN	NaN
7374.755	-5.77693	4.91451	NaN	NaN
7378.746	-5.64186	4.88492	NaN	NaN
7382.770	-5.83527	4.84003	NaN	NaN
7386.755	-5.70492	4.77129	NaN	NaN
7390.748	-5.50323	4.59949	NaN	NaN
7394.764	-5.46605	4.63583	NaN	NaN
7398.752	-5.49854	4.67224	NaN	NaN
7402.749	-5.38491	4.57839	NaN	NaN
7406.751	-5.30080	4.42203	NaN	NaN
7410.749	-5.39404	4.26933	NaN	NaN
7414.763	-5.44092	4.56280	NaN	NaN
7418.750	-5.32358	4.33873	NaN	NaN
7422.784	-5.42734	4.31522	NaN	NaN
7426.751	-4.94117	4.02789	NaN	NaN
7431.150	-3.68035	3.99365	NaN	NaN
7434.758	-1.86724	3.60836	NaN	NaN
7438.746	0.84962	0.28747	NaN	NaN
7442.781	1.22417	0.31457	NaN	NaN
7446.755	1.55303	-0.46293	NaN	NaN
7450.749	2.31795	-0.91827	NaN	NaN
7454.750	2.81853	-1.67499	NaN	NaN
7458.749	2.39183	-1.82522	NaN	NaN
7462.751	2.23516	-1.37481	NaN	NaN
7466.754	2.50491	-1.49723	NaN	NaN
7470.749	2.44987	-1.57601	NaN	NaN
7474.754	2.52807	-1.43726	NaN	NaN
7478.748	2.50858	-0.94660	NaN	NaN
7482.764	2.40696	-1.44546	NaN	NaN
7486.754	2.74675	-1.65341	NaN	NaN
7490.746	2.74274	-1.85986	NaN	NaN
7494.750	2.65983	-1.85525	NaN	NaN
7498.778	2.91804	-1.95990	NaN	NaN
7502.750	2.70550	-1.36591	NaN	NaN
7506.749	2.72565	-1.87791	NaN	NaN
7510.753	2.57991	-1.85445	NaN	NaN
7514.751	2.83519	-2.17764	NaN	NaN
7518.749	2.87133	-2.14233	NaN	NaN
7522.752	2.76260	-2.09368	NaN	NaN
7526.750	2.99044	-2.12153	NaN	NaN
7530.745	2.88871	-1.20159	NaN	NaN
7534.766	2.90037	-1.36276	NaN	NaN
7538.750	2.78203	-1.76198	NaN	NaN
7542.757	2.68522	-1.74221	NaN	NaN
7546.751	3.15775	-2.13215	NaN	NaN
7550.751	3.18051	-2.11169	NaN	NaN
7554.754	2.98557	-2.22309	NaN	NaN
7558.747	2.60728	-1.61776	NaN	NaN
7562.745	3.21829	-1.76871	NaN	NaN
7566.771	2.89982	-1.40401	NaN	NaN
7570.752	2.91220	-1.76532	NaN	NaN
7574.755	3.34432	-1.91948	NaN	NaN
7578.749	3.44594	-2.13027	NaN	NaN
