time (ms)	lx (deg)	ly (deg)	rx (deg)	ry (deg)
0.000	-0.22981	-0.76237	-0.71972	-1.18760
3.994	-0.27468	-0.72642	-0.73005	-1.19681
7.988	-0.27810	-0.75812	-0.75722	-1.21109
11.998	-0.29022	-0.76771	-0.79828	-1.29251
16.000	-0.30414	-0.75491	-0.79327	-1.29440
19.988	-0.32198	-0.73998	-0.79426	-1.32603
23.994	-0.32285	-0.79372	-0.79670	-1.34297
27.992	-0.36948	-0.75759	-0.80612	-1.37736
31.984	-0.35194	-0.75593	-0.84657	-1.44288
35.997	-0.34233	-0.80269	-0.86143	-1.45958
39.992	-0.36757	-0.79717	-0.88438	-1.49575
44.018	-0.36551	-0.76134	-0.87580	-1.51187
48.007	-0.31409	-0.83809	-0.90411	-1.54500
52.004	-0.32412	-0.90196	-0.94567	-1.59186
55.996	-0.29729	-0.92117	-0.94929	-1.56517
59.983	-0.30506	-0.94457	-0.97832	-1.58633
63.997	-0.21777	-1.03105	-1.01568	-1.60098
67.990	-0.18236	-1.01513	-1.09706	-1.62857
71.995	-0.12890	-1.05520	-1.07996	-1.68568
75.987	-0.08699	-1.09422	-1.09316	-1.65754
79.990	-0.06770	-1.09984	-1.08239	-1.69312
83.997	-0.02122	-1.08059	-1.08001	-1.69878
87.985	0.00841	-1.07395	-1.09467	-1.72687
91.992	0.03599	-1.05050	-1.12670	-1.71395
95.993	0.05420	-1.02301	-1.10289	-1.68266
99.997	0.06574	-0.98495	-1.11824	-1.70536
103.987	0.10793	-0.97146	-1.16639	-1.71385
107.990	0.10493	-0.95101	-1.12318	-1.70417
112.019	0.09838	-0.92756	-1.09703	-1.70625
115.992	0.09098	-0.92006	-1.11450	-1.68578
119.987	0.11084	-0.90195	-1.13752	-1.74060
123.991	0.11205	-0.90997	-1.11901	-1.76151
127.987	0.08949	-0.93477	-1.14518	-1.79227
132.002	0.11778	-0.98924	-1.15322	-1.77904
136.004	0.09885	-1.02020	-1.15374	-1.83084
139.991	0.08041	-1.04305	-1.14841	-1.84759
143.990	0.00087	-1.09139	-1.11770	-1.87848
147.986	-0.10111	-1.11586	-1.10127	-1.90145
151.994	-0.12960	-1.12177	-1.10214	-1.91733
155.990	-0.20246	-1.14002	-0.99968	-1.72156
159.992	-0.32412	-1.13087	-1.10599	-1.81553
163.986	-0.36809	-1.14743	-1.08825	-1.74321
167.992	-0.36591	-1.07301	-1.08855	-1.69158
172.038	-0.38410	-1.16576	-0.97226	-1.59629
175.989	-0.45410	-1.10964	-0.87242	-1.53121
180.020	-0.46937	-1.07851	-0.94455	-1.49575
183.997	-0.47535	-1.09627	-0.93810	-1.45560
187.991	-0.43919	-1.05092	-0.92795	-1.30952
191.989	-0.42291	-1.06764	-0.90612	-1.36369
195.983	-0.38544	-1.04755	-0.87905	-1.35511
200.003	-0.37856	-1.07872	-0.96685	-1.45571
203.989	-0.32367	-1.09912	-0.96006	-1.37040
207.993	-0.24296	-1.05221	-0.96006	-1.36551
211.989	-0.16268	-1.11956	-1.01474	-1.26732
215.984	-0.14990	-1.07850	-1.13633	-1.36017
219.998	-0.07085	-1.05209	-1.15454	-1.37709
223.986	-0.01057	-1.04574	-1.14159	-1.41742
227.990	0.03671	-1.04929	-1.14561	-1.41042
231.994	0.11674	-1.05388	-1.13256	-1.41902
235.992	0.12622	-1.03724	-1.14486	-1.36575
239.990	0.13861	-1.05187	-1.19807	-1.35845
243.984	0.10617	-1.00984	-1.08291	-1.25756
247.988	0.14414	-0.98877	-1.06731	-1.18943
251.988	0.10627	-0.96597	-1.08180	-1.11608
255.983	0.05095	-1.05599	-1.02059	-1.04403
259.994	0.07947	-1.05274	-0.96881	-0.96429
263.993	0.01494	-1.08473	-0.96001	-0.85642
268.002	-0.00812	-1.04020	-0.95316	-0.73860
271.996	-0.06783	-0.98994	-0.96266	-0.61133
275.986	-0.12037	-0.90085	-0.96028	-0.52808
279.994	-0.18144	-0.92093	-0.96043	-0.37820
283.987	-0.22850	-0.83951	-0.92430	-0.36799
287.990	-0.19472	-0.77402	-0.94929	-0.18763
291.987	-0.18918	-0.67293	-0.93430	-0.11489
295.988	-0.07669	-0.62508	-0.87086	0.00763
300.003	0.08515	-0.55260	-0.77111	0.03769
303.985	0.05410	-0.47021	-0.73543	0.10620
308.002	-0.01645	-0.37142	-0.76603	0.18506
311.988	-0.01169	-0.35293	-0.72580	0.23175
315.986	0.00583	-0.31993	-0.74977	0.26340
319.989	-0.01231	-0.27796	-0.74752	0.29821
323.985	0.05326	-0.25676	-0.73506	0.30497
327.981	0.12051	-0.21855	-0.74848	0.30189
332.039	0.11694	-0.19124	-0.80806	0.33510
335.994	0.07366	-0.18878	-0.84247	0.32350
339.982	0.04529	-0.20120	-0.81841	0.29657
343.993	0.00213	-0.19345	-0.89701	0.29497
347.998	-0.02906	-0.17278	-0.97006	0.30729
351.982	-0.03298	-0.17325	-0.98348	0.31578
355.980	-0.03457	-0.15523	-0.99484	0.31973
359.993	-0.02566	-0.15652	-0.98373	0.34363
363.984	-0.00980	-0.14253	-0.98320	0.35598
367.989	-0.02593	-0.10668	-1.01987	0.43250
371.986	-0.02933	-0.06322	-1.03756	0.44904
375.994	-0.03360	-0.02154	-1.01781	0.49577
379.984	-0.00869	-0.00852	-1.00534	0.52536
383.992	0.02075	-0.03273	-1.01896	0.60700
388.051	0.01933	-0.01270	-1.01047	0.63880
391.984	0.00859	-0.07544	-0.94309	0.68752
395.980	0.01216	-0.11192	-0.94733	0.77027
399.982	-0.01439	-0.09999	-0.93790	0.76950
403.985	0.01998	-0.11672	-0.95730	0.80033
407.984	0.00449	-0.12917	-0.92681	0.83362
411.987	0.02685	-0.13886	-0.91244	0.84359
415.980	0.00221	-0.17886	-0.91644	0.87963
420.000	0.00285	-0.20232	-0.90061	0.92698
423.991	0.00141	-0.20488	-0.89880	0.95793
427.997	-0.02005	-0.19628	-0.87798	0.95515
431.984	-0.00799	-0.19365	-0.88530	0.95068
435.981	0.02770	-0.17322	-0.88716	0.95438
439.990	0.00814	-0.16105	-0.88647	0.93597
443.986	0.04460	-0.17529	-0.86878	0.94350
447.984	0.04020	-0.14375	-0.84751	0.97468
452.013	0.05177	-0.12144	-0.82240	0.96515
455.987	0.05197	-0.09515	-0.84007	0.97913
459.980	0.03966	-0.06351	-0.81848	1.00678
463.984	0.05763	-0.04324	-0.84426	0.98045
467.980	0.02209	-0.06120	-0.81310	0.96709
471.988	-0.02236	-0.08198	-0.84434	0.94686
475.988	-0.03355	-0.15993	-0.85396	0.96522
479.983	-0.02680	-0.14539	-0.88371	0.93707
483.983	-0.04544	-0.23177	-0.90599	0.90800
488.001	-0.01938	-0.25353	-0.90996	0.88696
491.984	-0.04271	-0.34555	-0.92693	0.85195
495.996	-0.02909	-0.36162	-0.95373	0.84489
499.981	-0.05691	-0.43232	-0.95013	0.78470
503.984	-0.04859	-0.47036	-0.94951	0.75996
507.981	-0.14260	-0.52164	-0.95646	0.70789
511.993	-0.11022	-0.59457	-0.97928	0.68635
516.003	-0.17382	-0.59191	-0.98648	0.67485
519.984	-0.23142	-0.59899	-0.99080	0.62551
523.982	-0.30647	-0.61469	-0.97775	0.60405
527.984	-0.33836	-0.61359	-0.99955	0.61033
531.983	-0.40373	-0.63600	-1.01878	0.60238
535.982	-0.32960	-0.64341	-1.06116	0.60902
539.980	-0.21571	-0.66225	-1.08981	0.61846
543.991	-0.27339	-0.67777	-1.04518	0.63201
547.981	-0.21395	-0.68018	-1.04203	0.64582
551.992	-0.15816	-0.69268	-1.06500	0.65896
560.795	-0.08833	-0.66359	-0.95847	0.67058
563.998	-0.05192	-0.66541	-0.87853	0.69616
568.001	0.03693	-0.64372	-0.82019	0.72449
571.981	0.00526	-0.65018	-0.81081	0.71850
575.984	0.09463	-0.58930	-0.76114	0.73143
579.980	0.12024	-0.31310	-0.71958	0.72779
583.985	0.13952	-0.44521	-0.69427	0.72396
587.983	0.08671	-0.39003	-0.66551	0.70566
591.983	0.08185	-0.41065	-0.65196	0.72799
595.983	0.14228	-0.31677	-0.66625	0.73077
599.992	0.15980	-0.21860	-0.64650	0.74924
603.982	0.14230	-0.22799	-0.66025	0.74163
607.982	0.19124	-0.33464	-0.63250	0.69259
611.994	0.26723	-1.03668	-0.58349	0.42320
615.981	0.82168	-2.04118	-0.06527	-1.18899
619.988	0.81900	-2.68326	0.92217	-2.61092
623.977	2.64074	-1.03636	1.43719	-2.90737
627.980	2.94215	-0.63619	1.67263	-2.20435
631.979	2.81174	-0.46126	1.88234	-2.30324
635.979	3.11015	-2.02503	2.05102	-2.16577
639.989	2.89262	-0.63816	2.19408	-2.45760
643.982	3.06986	-1.92609	2.17398	-2.31208
647.991	2.84044	-0.82973	2.06225	-2.46758
651.985	2.74316	-0.88347	2.01464	-2.39244
656.011	2.97515	-0.60694	2.14379	-2.38116
659.989	3.02455	-0.60275	2.16488	-2.46414
663.998	3.04172	-0.72845	2.23930	-2.44662
667.982	3.00123	-2.26568	2.32033	-2.38789
671.982	3.10678	-2.42751	2.36983	-2.36223
675.979	3.19212	-2.41282	2.42587	-2.37086
679.987	3.13576	-2.61091	2.36267	-2.32563
683.982	3.15590	-2.48336	2.31299	-2.20526
687.978	3.21389	-2.54141	2.31839	-2.20284
691.993	3.26596	-2.64732	2.31760	-2.17857
695.989	3.28776	-2.64580	2.39037	-2.04847
700.011	3.33223	-2.65366	2.36061	-2.03281
703.979	3.38941	-2.55285	2.40357	-1.99273
707.988	3.40583	-2.57801	2.40526	-1.95233
711.975	3.46580	-2.52351	2.39398	-1.91497
715.990	3.38538	-2.60037	2.41279	-1.94560
719.982	3.35076	-2.59977	2.47199	-1.99731
723.868	3.39055	-2.69570	2.54561	-2.01862
727.862	3.40163	-2.74128	2.56394	-2.15239
731.854	3.38115	-2.76166	2.62531	-2.20355
735.866	3.35711	-2.86250	2.64262	-2.24699
739.856	3.36592	-2.79395	2.68413	-2.30932
743.853	3.31333	-2.75972	2.70896	-2.42251
747.858	3.27927	-2.88663	2.70423	-2.51868
751.853	3.23902	-2.90015	2.71761	-2.53611
755.852	3.21283	-2.87825	2.75933	-2.61425
759.852	3.19949	-2.87458	2.82259	-2.60888
763.858	3.28885	-2.87091	2.81915	-2.62449
767.865	3.25599	-2.82923	2.82452	-2.65296
771.858	3.26483	-2.78035	2.85509	-2.54397
775.846	3.26460	-2.75466	2.81684	-2.45066
779.864	3.23378	-2.70541	2.84212	-2.14533
783.855	3.24177	-2.68697	2.84504	-2.20820
787.861	3.25533	-2.67268	2.79788	-2.01427
791.853	3.20780	-2.63948	2.78094	-1.94357
795.855	3.22732	-2.63277	2.79624	-1.91667
799.863	3.22567	-2.68454	2.70661	-1.85314
803.860	3.21142	-2.74589	2.63628	-1.89059
807.854	3.16879	-2.78732	2.67085	-1.87623
811.854	3.11534	-2.79828	2.66053	-1.85344
815.850	3.12682	-2.82330	2.70555	-1.90152
819.886	3.09067	-2.87173	2.77693	-1.95572
823.862	3.32931	-2.88834	2.88232	-2.03288
827.853	3.03539	-2.84859	2.80246	-2.12615
831.854	1.29196	-2.67730	1.60908	-2.11803
835.858	-0.73163	-2.50657	0.69092	-2.13578
839.855	-2.55695	-2.58435	-1.66891	-2.20252
843.855	-4.24014	-2.80365	-2.63522	-2.33172
847.857	-5.14259	-2.82275	-3.08288	-2.44906
851.865	-5.98754	-2.81158	-5.10403	-2.58590
855.854	-7.40621	-2.95049	-5.64218	-2.74213
859.886	-8.43465	-3.05439	-7.24058	-2.72720
863.866	-10.03994	-3.27420	-7.53037	-3.12601
867.848	-10.67104	-3.24806	-8.95595	-3.05159
871.858	-11.00773	-3.49262	-9.55862	-3.06714
875.854	-11.75955	-3.49233	-10.34511	-2.93506
879.849	-12.61604	-3.42183	-10.80726	-2.96804
883.853	-12.44228	-3.47669	-10.73253	-2.93527
887.850	-12.10255	-3.53570	-10.64264	-2.91604
891.860	-12.20141	-3.85825	-10.60004	-2.83059
895.850	-11.98724	-3.71611	-10.53751	-2.73902
899.852	-12.16966	-3.72103	-10.57404	-2.68610
903.847	-12.23391	-3.81692	-10.57258	-2.61532
907.861	-12.26270	-3.83302	-10.70893	-2.60536
911.867	-12.17867	-3.93694	-10.73231	-2.57850
915.852	-12.22452	-3.86921	-10.78333	-2.50749
919.846	-12.22416	-3.93644	-10.78206	-2.47134
923.852	-12.17964	-3.98267	-10.76089	-2.41021
927.881	-12.11406	-3.99752	-10.76812	-2.34540
931.868	-12.08390	-3.94709	-10.80019	-2.32151
935.852	-12.01863	-3.91639	-10.80125	-2.26446
939.852	-12.02318	-3.94276	-10.80405	-2.23010
943.852	-11.99189	-3.90765	-10.81750	-2.19990
947.850	-11.99984	-3.89135	-10.80050	-2.20977
951.846	-11.97671	-3.90088	-10.71255	-2.21034
955.851	-11.93066	-3.81107	-10.72503	-2.16915
959.855	-11.90799	-3.78336	-10.68614	-2.17186
963.857	-11.92481	-3.76497	-10.68482	-2.19296
967.846	-11.90609	-3.74881	-10.69529	-2.22232
971.854	-11.93757	-3.73974	-10.70275	-2.30439
975.855	-11.95496	-3.75467	-10.68379	-2.39644
979.857	-12.02347	-3.80636	-10.76923	-2.38443
983.861	-12.06449	-3.85089	-10.86265	-2.46895
987.849	-12.12499	-3.90664	-10.90238	-2.48467
991.850	-12.14184	-3.90830	-10.99628	-2.53195
995.888	-12.26093	-3.93258	-11.00228	-2.60030
999.848	-12.32371	-3.98700	-11.15260	-2.64490
1003.853	-12.38635	-4.06290	-11.13537	-2.69853
1007.848	-12.47527	-4.07264	-11.17001	-2.64759
1011.849	-12.53750	-4.09333	-11.19043	-2.64541
1015.851	-12.54176	-4.13692	-11.24554	-2.57128
1019.852	-12.60732	-4.16544	-11.26958	-2.58128
1023.849	-12.62537	-4.17236	-11.30736	-2.55310
1027.849	-12.64423	-4.17613	-11.33769	-2.50534
1031.845	-12.64269	-4.16050	-11.33519	-2.50363
1035.848	-12.65923	-4.23077	-11.33080	-2.49535
1039.846	-12.57888	-4.21562	-11.32941	-2.57500
1043.852	-12.54942	-4.17953	-11.27643	-2.55872
1047.872	-12.47688	-4.14500	-11.20553	-2.53364
1051.844	-12.44562	-4.11989	-11.19046	-2.56600
1055.863	-12.34662	-4.09573	-11.11090	-2.59578
1059.854	-12.28519	-4.05789	-11.05161	-2.65891
1063.869	-12.20017	-4.05192	-11.00235	-2.69596
1067.868	-12.12611	-4.08058	-10.98879	-2.72215
1071.853	-12.12404	-4.04234	-10.95622	-2.77446
1075.846	-12.06097	-4.04805	-10.88362	-2.84121
1079.850	-12.04334	-3.98240	-10.88721	-2.85541
1083.847	-12.01077	-3.98462	-10.86885	-2.84125
1087.853	-12.00167	-3.98475	-10.84932	-2.85765
1091.847	-12.00778	-4.00672	-10.86541	-2.85465
1095.850	-11.98306	-4.03609	-10.93806	-2.85076
1099.851	-12.00759	-4.07120	-11.02182	-2.87149
1103.857	-12.01777	-4.02607	-11.10108	-2.89029
1107.846	-12.05354	-3.97840	-11.20784	-2.92103
1111.863	-12.15227	-3.91045	-11.19934	-2.90558
1115.875	-12.15431	-3.86409	-11.25660	-2.90676
1119.845	-12.20349	-3.82945	-11.31689	-2.85217
1123.858	-12.25109	-3.81912	-11.32304	-2.91326
1127.844	-12.26296	-3.77471	-11.32915	-2.97934
1131.860	-12.27652	-3.64769	-11.38402	-2.99903
1135.856	-12.25834	-3.62857	-11.42625	-3.00400
1139.852	-12.26157	-3.61658	-11.41948	-3.02125
1143.850	-12.22296	-3.55564	-11.40763	-2.98756
1147.846	-12.22232	-3.56380	-11.42146	-2.92442
1151.850	-12.18206	-3.56923	-11.35807	-2.91212
1155.850	-12.08518	-3.60663	-11.28787	-2.91077
1159.850	-12.06916	-3.59622	-11.27526	-2.88841
1163.844	-12.01891	-3.59273	-11.20257	-2.89060
1167.845	-12.03339	-3.57244	-11.16789	-2.81840
1171.849	-12.06532	-3.57468	-11.14149	-2.75873
1175.841	-12.07754	-3.56104	-11.07379	-2.72615
1179.851	-12.12077	-3.55579	-11.00350	-2.69495
1183.850	-12.20529	-3.54339	-10.96906	-2.65792
1187.849	-12.26033	-3.56225	-10.90454	-2.65916
1191.847	-12.31997	-3.54379	-10.86232	-2.64319
1195.841	-12.35133	-3.51802	-10.83108	-2.60552
1199.846	-12.39980	-3.45823	-10.81686	-2.56982
1203.846	-12.39795	-3.41076	-10.80946	-2.56479
1207.848	-12.14504	-3.41141	-10.75931	-2.59301
1211.844	-10.68192	-3.38355	-10.68942	-2.55881
1215.847	-10.10646	-3.38110	-10.23219	-2.58706
1219.844	-9.73909	-3.27680	-9.43424	-2.60174
1223.855	-9.57249	-3.04769	-9.45310	-2.63154
1227.845	-9.77322	-2.98241	-9.58154	-2.58493
1231.844	-9.95692	-2.99754	-9.69554	-2.57445
1235.859	-9.98080	-2.88985	-9.79361	-2.55497
1239.851	-9.96386	-2.89388	-9.59045	-2.60288
1243.846	-9.95801	-2.81002	-9.63460	-2.57398
1247.846	-9.95098	-2.84878	-9.56204	-2.53232
1251.841	-9.93123	-2.83831	-9.52142	-2.48510
1255.846	-9.88468	-2.84225	-9.47647	-2.45538
1259.855	-9.86936	-2.82233	-9.49446	-2.41650
1263.849	-9.90342	-2.82607	-9.53929	-2.38627
1267.852	-9.95439	-2.85402	-9.57884	-2.32733
1271.850	-9.93667	-2.88599	-9.61455	-2.28734
1275.850	-9.92076	-2.86455	-9.61127	-2.24482
1279.851	-9.88140	-2.88831	-9.58733	-2.22162
1283.842	-9.84705	-2.88062	-9.57828	-2.19190
1287.846	-9.82626	-2.87387	-9.55519	-2.17915
1291.843	-9.80944	-2.87030	-9.53547	-2.16066
1295.853	-9.79932	-2.82132	-9.54163	-2.15374
1299.848	-9.78590	-2.81918	-9.53296	-2.14854
1303.845	-9.76097	-2.79184	-9.51853	-2.14229
1307.854	-9.76416	-2.79245	-9.50902	-2.16234
1311.880	-9.74964	-2.77578	-9.47939	-2.16510
1315.840	-9.76037	-2.74066	-9.44064	-2.19317
1319.846	-9.74355	-2.73302	-9.39735	-2.21680
1323.842	-9.73284	-2.72598	-9.38339	-2.22453
1327.847	-9.73115	-2.67861	-9.33099	-2.23307
1331.842	-9.72920	-2.65748	-9.30887	-2.23872
1335.882	-9.69125	-2.62537	-9.28004	-2.24926
1339.855	-9.63250	-2.58038	-9.20809	-2.25753
1343.851	-9.61949	-2.55525	-9.14590	-2.25969
1347.855	-9.58193	-2.55433	-9.08304	-2.24754
1351.853	-9.56274	-2.52317	-9.03019	-2.20979
1355.842	-9.50457	-2.50939	-8.99133	-2.18413
1359.841	-9.49412	-2.51067	-8.94416	-2.17272
1363.846	-9.45945	-2.50715	-8.90325	-2.15303
1367.845	-9.43897	-2.49629	-8.84135	-2.11921
1371.842	-9.41895	-2.53659	-8.80086	-2.08511
1375.856	-9.42279	-2.53619	-8.77145	-2.08037
1379.849	-9.45474	-2.52610	-8.74842	-2.05256
1383.840	-9.49909	-2.55581	-8.74585	-2.02439
1387.843	-9.50508	-2.58418	-8.76821	-1.97333
1391.847	-9.54213	-2.57681	-8.79967	-1.96850
1395.856	-9.53820	-2.58410	-8.80386	-1.94147
1399.845	-9.53258	-2.63477	-8.83301	-1.90014
1403.895	-9.55780	-2.63125	-8.82979	-1.86088
1407.842	-9.52676	-2.68741	-8.86100	-1.84792
1411.842	-9.55473	-2.71661	-8.89923	-1.81619
1415.846	-9.55348	-2.76045	-8.94486	-1.85370
1419.841	-9.54382	-2.77562	-8.97334	-1.82732
1423.846	-9.52516	-2.80870	-9.00794	-1.85650
1427.846	-9.54701	-2.82426	-9.03851	-1.94358
1431.849	-9.52946	-2.80991	-9.07467	-1.90488
1435.854	-8.29142	-2.80604	-8.46611	-1.79828
1439.847	-7.41626	-2.74924	-6.93606	-1.56320
1443.841	-5.99411	-2.20030	-5.31529	-0.78626
1447.846	-4.92457	-2.26909	-4.57719	-0.67703
1451.841	-4.08394	-0.90655	-4.27454	-0.91681
1455.840	-3.73967	-1.25531	-3.55713	-0.67412
1459.839	-2.98762	-0.86500	-2.53162	-0.45875
1463.850	-1.66834	-0.67998	-1.66023	-0.37809
1467.846	-1.27162	-0.17258	-1.09815	-0.12479
1471.872	-1.19911	0.22640	-1.03225	0.04400
1475.851	-1.39108	0.37473	-1.23250	0.18849
1479.840	-1.47256	0.58431	-1.33277	0.26052
1483.841	-1.54924	0.57634	-1.47322	0.18797
1487.843	-1.49267	0.49717	-1.26044	0.23092
1491.839	-1.39740	0.36785	-1.22658	0.31138
1495.838	-1.36886	0.51909	-1.20916	0.32458
1499.844	-1.33433	0.37084	-1.14965	0.37350
1503.843	-1.28856	0.47446	-1.09835	0.40705
1507.853	-1.30548	0.52866	-1.00432	0.45623
1511.855	-1.32418	0.54659	-1.08941	0.47189
1515.848	-1.33510	0.48504	-1.11244	0.48731
1519.842	-1.31622	0.43653	-1.05433	0.52439
1523.837	-1.25944	0.44242	-1.12454	0.51946
1527.843	-1.23548	0.41952	-1.11593	0.58109
1531.842	-1.19398	0.44435	-1.12010	0.61607
1535.841	-1.18594	0.50536	-1.15992	0.71714
1539.854	-1.17793	0.48594	-1.19031	0.79187
1543.852	-1.12492	0.55386	-1.19497	0.83233
1547.850	-1.00248	0.50313	-1.25329	0.95099
1551.858	-0.95537	0.48865	-1.27378	1.02668
1555.845	-0.86813	0.50216	-1.28229	1.09437
1559.837	-0.74201	0.47236	-1.30824	1.11828
1563.841	-0.71766	0.49527	-1.33919	1.15211
1567.843	-0.66362	0.46111	-1.31419	1.22115
1571.840	-0.56744	0.46037	-1.29038	1.27664
1575.716	-0.57880	0.42089	-1.26168	1.31554
1579.709	-0.54972	0.38491	-1.22898	1.33974
1583.716	-0.55622	0.38623	-1.25622	1.37476
1587.714	-0.64493	0.38931	-1.28095	1.39845
1591.712	-0.74729	0.42170	-1.26381	1.40653
1595.713	-0.81218	0.47821	-1.25609	1.42002
1599.719	-0.85630	0.45456	-1.19554	1.39420
1603.719	-0.91929	0.44280	-1.17649	1.41318
1607.748	-1.05796	0.44978	-1.13528	1.42892
1611.731	-1.07339	0.46086	-1.08356	1.42393
1615.714	-1.12092	0.42640	-1.08083	1.34634
1619.720	-1.17225	0.42000	-1.06974	1.25349
1623.715	-1.18289	0.40671	-1.07044	1.21565
1627.710	-1.20737	0.36691	-1.03461	1.23344
1631.718	-1.17644	0.34488	-0.99283	1.15982
1635.714	-1.14049	0.32011	-0.97904	1.09332
1639.720	-1.12085	0.27659	-0.94696	1.06032
1643.713	-1.09175	0.27458	-0.92927	0.98931
1647.725	-1.06341	0.27197	-0.89815	0.98525
1651.711	-1.03178	0.27399	-0.88674	0.92596
1655.715	-0.98854	0.24560	-0.87066	0.90997
1659.712	-0.97956	0.21166	-0.83352	0.91971
1663.720	-0.93435	0.20311	-0.79017	0.96074
1667.709	-0.91088	0.18905	-0.76918	0.98508
1671.715	-0.88743	0.18200	-0.74667	0.98735
1675.737	-0.85247	0.15117	-0.73923	0.98382
1679.717	-0.86724	0.14478	-0.76067	1.02234
1683.733	-0.81888	0.10396	-0.74828	1.24000
1687.720	0.45113	0.10772	-0.49900	1.25759
1691.711	1.54552	0.31708	1.55472	1.37116
1695.727	2.10394	0.70173	2.32692	1.41150
1699.716	3.26641	1.15050	2.75586	1.58202
1703.709	3.65868	1.10270	2.74313	1.74458
1707.708	3.79705	1.17676	2.93762	1.90178
1711.711	3.84569	1.25562	2.97656	2.10439
1715.714	3.50956	1.20106	3.09107	2.31370
1719.713	3.68382	1.41591	3.05454	2.38073
1723.704	3.51060	1.33032	3.03200	2.46505
1727.728	3.60897	1.37221	3.00205	2.45685
1731.708	3.57167	1.37438	3.07506	2.54814
1735.711	3.63045	1.36145	3.10792	2.52127
1739.720	3.73181	1.33386	3.12356	2.60374
1743.739	3.80149	1.36371	3.14392	2.62768
1747.717	3.79635	1.35178	3.17515	2.64137
1751.710	3.82497	1.29260	3.20788	2.66691
1755.711	3.78610	1.35008	3.18178	2.68725
1759.709	3.74177	1.35664	3.12811	2.64525
1763.713	3.76035	1.33545	3.12774	2.62953
1767.717	3.75825	1.36388	3.15298	2.62924
1771.716	3.70596	1.42322	3.15506	2.61785
1775.710	3.63280	1.47478	3.13719	2.60061
1779.710	3.61933	1.52908	3.13162	2.55952
1783.715	3.64397	1.58777	3.16196	2.50041
1787.710	3.53839	1.59524	3.17327	2.44189
1791.709	3.44790	1.62506	3.17675	2.34749
1795.709	3.40299	1.68110	3.17242	2.29957
1799.734	3.36359	1.68793	3.21495	2.25637
1803.714	3.35442	1.71449	3.23855	2.20930
1807.707	3.31890	1.74529	3.28231	2.15976
1811.762	3.31511	1.77037	3.29515	2.07910
1815.710	3.31173	1.77100	3.33339	2.05139
1819.717	3.33260	1.79902	3.32439	2.02317
1823.709	3.34146	1.80393	3.33780	1.99710
1827.711	3.32350	1.83187	3.31509	1.98629
1831.709	3.34541	1.84355	3.32454	1.94742
1835.716	3.36525	1.85055	3.31140	1.96791
1839.707	3.38100	1.84274	3.31868	1.97409
1843.713	3.38813	1.85301	3.31544	1.97682
1847.709	3.39559	1.89579	3.33394	1.99004
1851.717	3.42453	1.89871	3.33057	2.02526
1855.715	3.44372	1.91869	3.35231	2.03488
1859.713	3.44515	1.92755	3.33925	2.05708
1863.727	3.45761	1.90942	3.37049	2.04452
1867.710	3.47139	1.91809	3.43543	2.06534
1871.716	3.49495	1.89007	3.47230	2.08184
1875.710	3.50259	1.89991	3.49441	2.09425
1879.738	3.51753	1.91257	3.53903	2.10145
1883.716	3.53787	1.95848	3.55790	2.08799
1887.713	3.55518	1.99179	3.60081	2.06825
1891.708	3.58924	1.99734	3.63999	2.02447
1895.715	3.57953	2.01960	3.69820	1.99645
1899.708	3.58240	2.04033	3.70376	1.97370
1903.714	3.58756	2.05488	3.74088	1.92596
1907.729	3.58161	2.08503	3.77891	1.87729
1911.711	3.57330	2.04775	3.80688	1.80760
1915.704	3.57965	2.07236	3.83900	1.72223
1919.715	3.57728	2.01579	3.86425	1.62623
1923.708	3.56072	2.02019	3.87702	1.60533
1927.705	3.56509	2.02379	3.90318	1.53145
1931.722	3.54346	1.95810	3.91618	1.46273
1935.702	3.52447	1.98145	3.94241	1.41673
1939.718	3.51503	1.95176	3.92848	1.31502
1943.707	3.50462	1.96046	3.95624	1.25425
1947.726	3.48929	1.92677	4.00302	1.28542
1951.714	3.50220	1.91171	4.02273	1.34462
1955.707	3.51542	1.94750	3.97701	1.19388
1959.713	3.52220	1.97177	3.92383	1.14068
1963.706	3.52198	2.02022	3.87490	1.13784
1967.718	3.55246	2.03182	3.87541	1.17165
1971.712	3.56133	2.04010	3.84846	1.15667
1975.711	3.57953	2.04692	3.84019	1.14627
1979.710	3.61100	2.02344	3.82744	1.17865
1983.721	3.66666	2.05336	3.94680	1.22953
1987.706	3.67734	1.98196	3.97037	1.27880
1991.714	3.63243	1.65729	3.89834	1.47143
1995.706	3.44080	0.57842	3.74891	0.48115
1999.705	3.05773	-1.05561	3.67205	-2.26690
2003.720	2.94473	-2.53524	3.66422	-3.05899
2007.710	2.48544	-4.00217	3.35422	-3.61193
2011.704	2.08062	-4.40942	3.15726	-4.41865
2015.710	2.08954	-4.22752	2.67776	-5.05067
2019.718	1.83769	-4.33280	2.47358	-5.15068
2023.707	1.78101	-4.35570	2.40810	-5.14187
2027.708	1.87520	-4.33878	2.53682	-5.14224
2031.703	2.05440	-4.02115	2.44301	-5.16124
2035.740	2.04686	-4.01994	2.47464	-5.17853
2039.711	1.93261	-3.86566	2.29342	-5.14690
2043.708	1.95505	-3.94757	2.19960	-5.13663
2047.709	1.84180	-4.05604	2.09023	-5.18459
2051.708	1.89627	-4.11563	1.96437	-5.24287
2055.708	2.02093	-4.00495	1.99518	-5.26690
2059.711	2.00264	-4.07320	1.95274	-5.28066
2063.715	2.07003	-3.99013	1.88988	-5.28521
2067.708	2.09913	-4.00933	1.92438	-5.28468
2071.704	2.14154	-3.99580	1.88621	-5.26436
2075.718	2.12729	-4.03676	1.84101	-5.28464
2079.701	2.08106	-4.06077	1.81910	-5.28874
2083.707	2.05531	-4.01448	1.77377	-5.30660
2087.706	2.07197	-4.01009	1.77038	-5.33274
2091.707	2.09608	-3.99579	1.75300	-5.33567
2095.708	2.10791	-3.97231	1.78280	-5.37030
2099.711	2.08820	-3.96403	1.75195	-5.35751
2103.710	2.11663	-3.90571	1.75106	-5.29443
2107.727	2.08443	-3.95589	1.74630	-5.24457
2111.705	2.09673	-3.94928	1.73351	-5.23286
2115.707	2.09346	-4.04053	1.70598	-5.17797
2119.704	2.11722	-3.98017	1.70998	-5.05634
2123.710	2.12176	-4.00156	1.70256	-4.91624
2127.704	2.16097	-4.10471	1.73633	-4.73669
2131.702	2.17187	-4.12306	1.74085	-4.69992
2135.753	2.20426	-4.16116	1.77375	-4.62548
2139.712	2.20877	-4.23880	1.80799	-4.50762
2143.707	2.23950	-4.32871	1.82827	-4.40902
2147.702	2.26539	-4.38321	1.88940	-4.37744
2151.732	2.30697	-4.37576	1.94337	-4.28137
2155.712	2.32749	-4.39569	1.98913	-4.25636
2159.701	2.34428	-4.38356	1.99691	-4.21971
2163.707	2.35727	-4.38799	1.97059	-4.18490
2167.704	2.39990	-4.43159	1.96833	-4.17119
2171.718	2.43922	-4.40728	1.87627	-4.18006
2175.702	2.43444	-4.40855	1.86670	-4.17836
2179.713	2.44616	-4.39936	1.82931	-4.15752
2183.703	2.44576	-4.34355	1.80980	-4.16913
2187.708	2.49013	-4.32228	1.72808	-4.22769
2191.709	2.47385	-4.25271	1.71317	-4.40082
2195.702	2.46803	-4.20169	1.66386	-4.53270
2199.701	2.51093	-4.17968	1.61924	-4.62491
2203.705	2.52800	-4.14268	1.60025	-4.77676
2207.704	2.51633	-4.09409	1.60032	-4.90678
2211.701	2.50167	-4.09122	1.58306	-5.01130
2215.701	2.46317	-4.08620	1.60553	-5.06032
2219.714	2.43337	-4.07525	1.65024	-5.06839
2223.702	2.42408	-4.13404	1.73170	-5.12220
2227.709	2.33764	-4.15964	1.71739	-5.15094
2231.705	2.28432	-4.21971	1.76148	-5.19549
2235.760	2.24408	-4.19513	1.76450	-5.20311
2239.715	2.21675	-4.18869	1.77620	-5.20424
2243.709	2.17224	-4.28900	1.81421	-5.19977
2247.707	2.14949	-4.32383	1.78453	-5.20155
2251.702	2.10560	-4.35361	1.79691	-5.19652
2255.704	2.11819	-4.35347	1.87108	-5.17108
2259.703	2.12721	-4.33589	1.86226	-5.15566
2263.704	2.18235	-4.27687	1.96348	-5.14186
2267.703	2.18292	-4.25235	2.05801	-5.12168
2271.707	2.20899	-4.17006	2.08017	-5.10498
2275.708	2.26091	-4.18940	2.18218	-5.06279
2279.701	2.29758	-4.14454	2.13856	-5.04711
2283.699	2.29386	-4.16491	2.07549	-5.01095
2287.724	2.31014	-4.14154	2.13145	-5.00710
2291.704	2.30457	-4.16915	2.17673	-4.96621
2295.701	2.30454	-4.14887	2.25166	-4.92991
2299.706	2.29597	-4.20143	2.17988	-4.90032
2303.701	2.28920	-4.18784	2.12357	-4.90622
2307.702	2.30714	-4.25730	2.06386	-4.89797
2311.726	2.27436	-4.33794	2.00068	-4.89967
2315.701	2.33648	-4.34859	2.04205	-4.89126
2319.699	2.51190	-4.30880	2.11135	-4.83052
2323.701	3.44572	-4.19554	3.32906	-4.83133
2327.706	3.98410	-4.26483	4.07414	-4.80676
2331.699	4.58829	-4.25359	4.41141	-4.76297
2335.720	4.61977	-4.22628	4.28925	-4.75572
2339.700	4.73128	-4.19719	4.23216	-4.72727
2343.710	4.52015	-4.26234	4.06609	-4.64475
2347.704	4.53199	-4.24877	4.01388	-4.50822
2351.709	4.36209	-4.24219	3.95488	-4.46405
2355.707	4.34620	-4.21795	4.05461	-4.37103
2359.708	4.40574	-4.21954	4.06310	-4.30524
2363.702	4.47375	-4.24473	4.15221	-4.25547
2367.698	4.50029	-4.28478	4.22629	-4.15906
2371.699	4.52222	-4.32616	4.16547	-4.15761
2375.712	4.47296	-4.36647	4.16435	-4.08567
2379.708	4.42518	-4.39592	4.13520	-4.05805
2383.699	4.39331	-4.41460	4.15223	-4.01328
2387.697	4.37090	-4.38609	4.23090	-3.99986
2391.706	4.36730	-4.35111	4.22091	-3.99650
2395.707	4.38247	-4.38905	4.25680	-3.97449
2399.702	4.41546	-4.28803	4.25489	-3.96429
2403.701	4.43934	-4.26508	4.27780	-3.95431
2407.702	4.45493	-4.19822	4.24727	-3.94739
2411.701	4.51139	-4.20521	4.22254	-3.96012
2415.704	4.44711	-4.10488	4.20370	-3.94196
2419.698	4.45626	-4.06586	4.19719	-3.95391
2423.719	4.44521	-4.03595	4.18245	-3.93279
2427.583	4.46364	-3.99416	4.15522	-3.93902
2431.576	4.47390	-3.95306	4.13949	-3.93543
2435.593	4.48246	-3.93252	4.11392	-3.93528
2439.582	4.48387	-3.89572	4.11132	-3.92555
2443.580	4.48125	-3.85946	4.09288	-3.94387
2447.577	4.49030	-3.84546	4.07071	-3.95239
2451.586	4.44400	-3.83278	4.05016	-3.95987
2455.573	4.41361	-3.77980	4.01001	-3.96776
2459.575	4.42777	-3.77048	4.02376	-3.96601
2463.576	4.41183	-3.71007	3.98447	-3.95611
2467.577	4.42138	-3.73272	3.95073	-3.98445
2471.574	4.42259	-3.70313	3.94594	-3.98435
2475.576	4.44810	-3.71655	3.94288	-3.96996
2479.590	4.45279	-3.67656	3.96889	-3.93129
2483.584	4.46199	-3.65145	3.93863	-3.90249
2487.574	4.47395	-3.66545	3.98948	-3.86144
2491.577	4.43046	-3.66579	4.01144	-3.82082
2495.571	4.41035	-3.65355	3.99692	-3.78221
2499.577	4.44279	-3.59168	4.03895	-3.72088
2503.574	4.28083	-3.59465	4.01258	-3.66497
2507.573	2.35898	-3.66303	2.85031	-3.66474
2511.572	0.13446	-3.74852	0.65156	-3.58412
2515.595	-2.07598	-3.80445	-1.03655	-3.60013
2519.588	-2.73796	-4.21687	-1.72307	-3.57826
2523.583	-4.54190	-4.08653	-3.37316	-3.61896
2527.576	-5.40562	-4.06682	-4.25549	-3.64726
2531.575	-6.48222	-4.12601	-5.28721	-3.84331
2535.574	-8.56906	-4.35307	-6.43305	-3.96118
2539.577	-10.00586	-4.42441	-6.98707	-4.16833
2543.574	-10.48797	-4.36777	-8.16870	-3.96282
2547.580	-11.60306	-4.73599	-9.37494	-4.21899
2551.584	-12.71833	-4.75362	-10.48708	-4.14355
2555.575	-12.89643	-4.92125	-10.89934	-4.17146
2559.603	-12.92467	-5.17380	-10.86665	-4.22811
2563.579	-12.55758	-4.98832	-10.92763	-4.20267
2567.580	-12.40451	-5.08346	-10.89650	-4.23344
2571.569	-12.45800	-5.09913	-10.78513	-4.18242
2575.574	-12.55758	-5.14104	-10.80939	-4.09188
2579.578	-12.61349	-5.27302	-10.83395	-4.05095
2583.583	-12.70378	-5.29226	-10.86428	-3.97511
2587.568	-12.65937	-5.32931	-10.89044	-3.98231
2591.573	-12.75783	-5.36457	-10.91873	-3.88630
2595.567	-12.74624	-5.40378	-10.93715	-3.85512
2599.580	-12.69800	-5.42830	-10.90832	-3.81508
2603.569	-12.71691	-5.39875	-10.92736	-3.75430
2607.579	-12.76338	-5.43637	-10.90738	-3.69794
2611.580	-12.81228	-5.48618	-10.89262	-3.65758
2615.605	-12.80223	-5.55669	-10.91083	-3.60091
2619.582	-12.79416	-5.58267	-10.92275	-3.58987
2623.573	-12.77792	-5.58866	-10.90705	-3.55915
2627.602	-12.76607	-5.60842	-10.88764	-3.50609
2631.583	-12.66074	-5.63553	-10.90430	-3.48207
2635.575	-12.61542	-5.64416	-10.94930	-3.43181
2639.572	-12.55240	-5.66673	-10.89736	-3.38706
2643.573	-12.48577	-5.70702	-10.91373	-3.32964
2647.575	-12.38992	-5.73283	-10.90557	-3.30789
2651.579	-12.35043	-5.75006	-10.90176	-3.26712
2655.586	-12.33034	-5.73341	-10.90932	-3.22818
2659.569	-12.29524	-5.71388	-10.93780	-3.19007
2663.566	-12.29102	-5.69477	-10.92952	-3.15557
2667.583	-12.26474	-5.68314	-10.92363	-3.10834
2671.570	-12.23948	-5.68325	-10.94820	-3.07111
2675.569	-12.30910	-5.66212	-10.95918	-3.03159
2679.578	-12.34209	-5.58577	-10.94514	-3.02137
2683.574	-12.43554	-5.48847	-10.97356	-3.01025
2687.576	-12.44583	-5.46360	-11.01173	-3.02273
2691.578	-12.44545	-5.41876	-11.05694	-3.00607
2695.606	-12.51898	-5.32490	-11.10211	-3.01696
2699.599	-12.50522	-5.26974	-11.16989	-3.02864
2703.596	-12.52629	-5.23554	-11.20985	-3.04215
2707.572	-12.53365	-5.22358	-11.29913	-3.03338
2711.569	-12.59082	-5.18851	-11.33798	-3.05884
2715.570	-12.61363	-5.15404	-11.36167	-3.06141
2719.574	-12.65796	-5.08061	-11.40241	-3.07227
2723.569	-12.71132	-5.03344	-11.42227	-3.08704
2727.572	-12.59441	-4.96715	-11.44494	-3.10877
2731.573	-12.57555	-4.90663	-11.45803	-3.08762
2735.632	-12.60533	-4.84026	-11.44795	-3.08656
2739.574	-12.62637	-4.79111	-11.43951	-3.10135
2743.571	-12.65446	-4.71527	-11.42718	-3.08509
2747.582	-12.67213	-4.66728	-11.40069	-3.11102
2751.569	-12.65564	-4.64959	-11.40989	-3.12970
2755.575	-12.64985	-4.63298	-11.39330	-3.12048
2759.571	-12.63813	-4.60672	-11.37066	-3.18341
2763.584	-12.60138	-4.63289	-11.35213	-3.25172
2767.574	-12.48802	-4.67438	-11.34053	-3.27431
2771.572	-12.39421	-4.75296	-11.31586	-3.28822
2775.573	-12.34444	-4.82767	-11.30402	-3.29732
2779.573	-12.38225	-4.80822	-11.29013	-3.35285
2783.567	-12.31691	-4.83389	-11.27906	-3.38348
2787.570	-12.26322	-4.89622	-11.28250	-3.39609
2791.569	-12.19429	-4.93028	-11.28357	-3.42228
2795.569	-12.17874	-4.97990	-11.25505	-3.44348
2799.567	-12.13574	-5.00650	-11.26584	-3.46334
2803.575	-12.11648	-4.98834	-11.27999	-3.46625
2807.569	-12.09417	-4.95767	-11.30946	-3.45927
2811.567	-12.11814	-4.93273	-11.29887	-3.49855
2815.580	-12.14573	-4.90629	-11.34358	-3.51153
2819.577	-12.14897	-4.89623	-11.33087	-3.60299
2823.566	-12.11427	-4.89298	-11.32221	-3.63263
2827.569	-12.10037	-4.84960	-11.33084	-3.64796
2831.616	-12.09142	-4.87007	-11.31004	-3.68836
2835.576	-12.14214	-4.78894	-11.29923	-3.68459
2839.565	-12.15955	-4.79310	-11.33359	-3.68976
2843.571	-12.17340	-4.71543	-11.30133	-3.69253
2847.569	-12.21276	-4.68832	-11.30531	-3.70560
2851.579	-12.23457	-4.66710	-11.29333	-3.67705
2855.577	-12.30102	-4.60695	-11.29581	-3.64884
2859.570	-12.32530	-4.59365	-11.27701	-3.59964
2863.570	-12.40278	-4.59477	-11.30121	-3.59378
2867.567	-12.44408	-4.54884	-11.33175	-3.51541
2871.571	-12.50307	-4.51326	-11.33531	-3.48527
2875.565	-12.54377	-4.50308	-11.35776	-3.45708
2879.564	-12.54829	-4.50095	-11.36319	-3.44694
2883.580	-12.53807	-4.47020	-11.36551	-3.44046
2887.574	-12.58053	-4.49564	-11.37526	-3.46146
2891.570	-12.52844	-4.50845	-11.39892	-3.47910
2895.564	-12.52729	-4.48707	-11.40169	-3.43866
2899.573	-12.50787	-4.53205	-11.40620	-3.41300
2903.612	-12.49330	-4.53060	-11.41631	-3.41082
2907.569	-12.45887	-4.53633	-11.42039	-3.37174
2911.579	-12.45326	-4.51851	-11.42506	-3.38935
2915.568	-12.40543	-4.52918	-11.43693	-3.37535
2919.564	-12.39745	-4.52047	-11.46099	-3.26977
2923.570	-12.37551	-4.58016	-11.46673	-3.19263
2927.567	-12.39000	-4.54151	-11.45894	-3.18005
2931.563	-12.36966	-4.52982	-11.46204	-3.09399
2935.577	-12.38074	-4.47977	-11.45898	-3.09795
2939.568	-12.39774	-4.49055	-11.46475	-3.08687
2943.576	-12.39965	-4.45571	-11.49290	-3.05446
2947.568	-12.40254	-4.44949	-11.52057	-3.03362
2951.564	-12.40489	-4.41929	-11.53463	-3.02203
2955.573	-12.40207	-4.39531	-11.54697	-2.97334
2959.563	-12.37229	-4.38063	-11.56226	-2.94948
2963.567	-12.32594	-4.34458	-11.52197	-2.95524
2967.568	-12.33262	-4.29131	-11.53105	-2.99237
2971.609	-12.30114	-4.29209	-11.54213	-3.00321
2975.565	-12.25367	-4.27596	-11.54959	-3.00682
2979.565	-12.22921	-4.26609	-11.55576	-2.98320
2983.565	-12.18033	-4.25282	-11.56693	-2.97997
2987.581	-12.09925	-4.24321	-11.56026	-2.96264
2991.566	-12.04191	-4.27227	-11.53391	-2.94276
2995.571	-11.99310	-4.28230	-11.56410	-2.95077
2999.566	-11.91548	-4.30668	-11.58568	-2.97244
3003.563	-11.93277	-4.31746	-11.60663	-2.99089
3007.569	-11.89124	-4.31043	-11.66387	-3.00258
3011.567	-11.86811	-4.33376	-11.70802	-3.00152
3015.563	-11.83215	-4.32962	-11.71201	-3.01252
3019.564	-11.85357	-4.31402	-11.73752	-3.02391
3023.575	-11.81465	-4.30261	-11.65849	-3.05066
3027.567	-11.79815	-4.28770	-10.47679	-3.03096
3031.563	-9.97069	-4.08497	-9.72655	-2.74572
3035.895	-8.24519	-3.08843	-7.95760	-0.80604
3039.569	-6.29840	-1.98566	-6.78341	-0.77044
3043.563	-5.27848	-1.18442	-5.32786	-0.60442
3047.568	-3.69316	-0.75403	-3.98373	-0.65064
3051.565	-2.84984	-0.86582	-2.22255	-0.41352
3055.563	-1.76445	-0.53476	-0.84781	0.23865
3059.567	-0.06381	-0.29357	0.18191	0.67283
3063.567	1.85041	-0.08862	1.40619	0.77777
3067.566	2.41886	0.16813	3.43939	0.87697
3071.564	3.23239	0.56924	3.81783	0.98348
3075.568	3.73356	0.79936	4.01517	1.08869
3079.562	3.97005	0.90965	4.25183	1.28130
3083.566	3.94606	1.03054	3.99635	1.44963
3087.569	3.79210	1.09384	3.97200	1.56601
3091.568	3.61495	1.19634	3.95293	1.64630
3095.566	3.73455	1.18260	4.05182	1.54170
3099.558	3.68592	1.21635	4.13206	1.61468
3103.630	3.81755	1.24263	4.19363	1.57424
3107.584	3.92364	1.27077	4.16156	1.78058
3111.584	4.01302	1.28850	4.18304	1.79254
3115.569	4.26176	1.31333	4.29591	1.84790
3119.561	4.41067	1.32805	4.35686	1.87253
3123.563	4.61299	1.32011	4.37998	1.88346
3127.575	4.46115	1.31638	4.40078	1.84336
3131.563	4.55381	1.31222	4.42760	1.87354
3135.565	4.59504	1.29873	4.33295	1.89716
3139.558	4.63960	1.28709	4.31871	1.98387
3143.556	4.63580	1.32017	4.35464	1.99400
3147.580	4.67448	1.37363	4.33285	2.03949
3151.563	4.71361	1.40120	4.33110	2.04744
3155.562	4.69546	1.44309	4.38129	2.07628
3159.571	4.61763	1.42984	4.27257	2.05747
3163.561	4.58932	1.40472	4.27133	2.10747
3167.565	4.54077	1.42232	4.23604	2.11828
3171.592	4.52678	1.40853	4.23327	2.14880
3175.621	4.50816	1.42238	4.24226	2.15716
3179.564	4.51359	1.45416	4.28533	2.14576
3183.561	4.51455	1.43462	4.31282	2.10364
3187.555	4.49955	1.44906	4.32249	2.08137
3191.579	4.49575	1.44573	4.34981	2.07939
3195.572	4.49109	1.43524	4.32101	2.04891
3199.558	4.51512	1.41655	4.31632	2.02120
3203.559	4.53990	1.44821	4.33688	1.98209
3207.563	4.56629	1.43687	4.32896	1.93153
3211.569	4.60360	1.40838	4.31825	1.91613
3215.556	4.60888	1.42958	4.29725	1.87141
3219.565	4.61188	1.39700	4.27553	1.84911
3223.575	4.59337	1.35634	4.30722	1.83163
3227.561	4.58959	1.33632	4.28890	1.84430
3231.575	4.61164	1.29706	4.31069	1.85467
3235.563	4.62944	1.23514	4.29690	1.83804
3239.579	4.62697	1.19732	4.30675	1.83210
3243.559	4.63501	1.22951	4.30174	1.84350
3247.578	4.65343	1.18220	4.33076	1.89977
3251.557	4.65410	1.20777	4.37152	1.96800
3255.555	4.62268	1.14424	4.38692	1.99198
3259.562	4.60518	1.05167	4.40335	2.01740
3263.577	4.59191	0.99558	4.39469	2.08010
3267.567	4.61391	0.97792	4.34487	2.12684
3271.559	4.60483	0.98556	4.30640	2.16225
3275.571	4.60207	0.94057	4.27190	2.15975
3279.562	4.59610	0.93718	4.31282	2.16963
3283.444	4.63765	1.00745	4.31573	2.19298
3287.439	4.67387	0.97974	4.32930	2.21534
3291.436	4.67303	0.98378	4.30583	2.21112
3295.435	4.67414	0.97392	4.31805	2.17425
3299.434	4.73633	0.99716	4.29865	2.13543
3303.435	4.78319	1.03430	4.28528	2.16424
3307.476	4.79644	1.03688	4.30117	2.13401
3311.453	4.81017	1.04322	4.33485	2.09621
3315.437	4.88821	1.09126	4.37845	2.10499
3319.454	4.93088	1.11836	4.39121	2.09724
3323.432	4.97551	1.14289	4.37339	2.10045
3327.432	5.00679	1.14006	4.36927	2.10593
3331.437	5.02551	1.16435	4.36451	2.10929
3335.442	5.05880	1.15533	4.38487	2.13900
3339.435	5.10692	1.13563	4.38585	2.19528
3343.437	5.15042	1.14065	4.40584	2.28996
3347.438	5.19160	1.12194	4.45024	2.29762
3351.434	5.23829	1.08256	4.46791	2.36461
3355.438	5.27395	1.06753	4.46418	2.36707
3359.432	5.27304	1.00722	4.45834	2.39257
3363.455	5.26472	0.81423	4.46051	2.39751
3367.438	5.27343	0.76588	4.46912	2.42503
3371.438	5.26457	0.69419	4.42469	2.45055
3375.449	5.24122	0.54752	4.40389	2.45128
3379.434	5.22143	0.68162	4.36212	2.46774
3383.435	5.02174	0.57966	4.37194	2.43395
3387.433	4.79654	0.58994	4.35704	2.11809
3391.435	2.59819	0.56948	3.73354	1.85509
3395.432	1.47065	0.34074	2.33856	1.55512
3399.439	-0.88019	-1.58056	1.11035	-1.12548
3403.437	-1.20413	-2.74784	0.40048	-1.30462
3407.436	-1.29315	-2.81174	0.02244	-1.76046
3411.431	-0.77258	-2.94980	-0.08163	-1.64891
3415.439	-1.04148	-3.06269	-0.15236	-1.85056
3419.432	-0.96919	-3.00002	-0.45688	-2.04284
3423.436	-1.13040	-3.16834	-0.80540	-2.21406
3427.435	-1.16312	-3.16846	-0.99477	-2.28913
3431.435	-1.24828	-3.13403	-1.10425	-2.31872
3435.434	-1.23890	-3.15063	-1.08157	-2.29924
3439.435	-1.35794	-3.15901	-0.91870	-2.40011
3443.445	-1.39078	-3.23492	-1.10308	-2.46599
3447.442	-1.52116	-3.29207	-1.07145	-2.53183
3451.434	-1.50762	-3.32222	-1.21206	-2.59949
3455.429	-1.54976	-3.40251	-1.27324	-2.69440
3459.435	-1.63397	-3.40997	-1.27966	-2.72550
3463.445	-1.73038	-3.41631	-1.34452	-2.78915
3467.432	-1.78109	-3.39461	-1.33483	-2.79960
3471.441	-1.75590	-3.40174	-1.33609	-2.82116
3475.435	-1.70606	-3.42282	-1.33331	-2.84512
3479.438	-1.73817	-3.43788	-1.31922	-2.83565
3483.431	-1.59631	-3.42345	-1.34785	-2.81715
3487.463	-1.65803	-3.40679	-1.33267	-2.79097
3491.439	-1.58197	-3.29032	-1.36228	-2.75411
3495.445	-1.48248	-3.31048	-1.41625	-2.70185
3499.438	-1.53262	-3.31374	-1.47169	-2.64777
3503.444	-1.59001	-3.30481	-1.50676	-2.60093
3507.436	-1.59395	-3.27500	-1.56809	-2.54934
3511.437	-1.57339	-3.32182	-1.68094	-2.50493
3515.618	-1.57746	-3.30610	-1.70474	-2.43560
3519.455	-1.63018	-3.33953	-1.68662	-2.40721
3523.427	-1.59794	-3.28646	-1.66517	-2.40322
3527.439	-1.65012	-3.30702	-1.69056	-2.40336
3531.465	-1.62735	-3.35568	-1.75128	-2.39210
3535.429	-1.56833	-3.34325	-1.79103	-2.38851
3539.441	-1.55985	-3.33254	-1.80159	-2.39033
3543.432	-1.53287	-3.30792	-1.80340	-2.39571
3547.431	-1.46174	-3.26505	-1.78010	-2.40618
3551.444	-1.35363	-3.27845	-1.76529	-2.43942
3555.429	-1.33954	-3.29468	-1.72780	-2.46768
3559.433	-1.24357	-3.26916	-1.68930	-2.51426
3563.435	-1.26530	-3.25068	-1.66165	-2.55014
3567.443	-1.23910	-3.25217	-1.68468	-2.58018
3571.433	-1.22434	-3.25150	-1.67434	-2.61626
3575.433	-1.22457	-3.24895	-1.65032	-2.65300
3579.433	-1.20576	-3.25714	-1.64486	-2.69158
3583.477	-1.17820	-3.28288	-1.65004	-2.72773
3587.433	-1.17795	-3.28583	-1.65280	-2.78400
3591.429	-1.18081	-3.30048	-1.65379	-2.83475
3595.431	-1.21043	-3.28881	-1.64546	-2.84779
3599.429	-1.21534	-3.25706	-1.65205	-2.88886
3603.435	-1.25034	-3.25786	-1.66383	-2.90240
3607.429	-1.20142	-3.23067	-1.66815	-2.92053
3611.433	-1.20894	-3.22192	-1.66395	-2.93906
3615.436	-1.25076	-3.23289	-1.70174	-2.95058
3619.432	-1.25379	-3.18866	-1.73415	-2.96784
3623.428	-1.25614	-3.17880	-1.81057	-2.95786
3627.431	-1.36323	-3.19231	-1.79539	-2.94245
3631.440	-1.35254	-3.22172	-1.80653	-2.92400
3635.424	-1.37446	-3.27084	-1.85264	-2.88122
3639.444	-1.44788	-3.31565	-1.87530	-2.85284
3643.431	-1.36960	-3.34765	-1.94223	-2.79952
3647.433	-1.41025	-3.35069	-1.97332	-2.74429
3651.437	-1.44170	-3.38082	-2.01355	-2.69003
3655.433	-1.45319	-3.43600	-2.00961	-2.62888
3659.431	-1.44785	-3.49232	-2.01987	-2.54386
3663.430	-1.44148	-3.55625	-2.00091	-2.50909
3667.437	-1.43927	-3.60535	-1.96608	-2.47057
3671.431	-1.44493	-3.63528	-1.97589	-2.41699
3675.432	-1.36789	-3.65173	-1.94459	-2.43434
3679.434	-1.43890	-3.68353	-1.90197	-2.41422
3683.428	-1.45822	-3.71595	-1.86650	-2.40046
3687.431	-1.51048	-3.67433	-1.82053	-2.35988
3691.425	-1.50621	-3.69844	-1.73232	-2.37167
3695.434	-1.57287	-3.70440	-1.69118	-2.34006
3699.429	-1.61642	-3.64115	-1.63283	-2.34511
3703.430	-1.64283	-3.62767	-1.57009	-2.33132
3707.443	-1.64102	-3.55520	-1.51367	-2.29079
3711.428	-1.65364	-3.53217	-1.45093	-2.30928
3715.453	-1.64404	-3.51182	-1.41888	-2.33118
3719.436	-1.66663	-3.47387	-1.47154	-2.28237
3723.428	-1.64771	-3.45737	-1.45837	-2.26743
3727.428	-1.58133	-3.38865	-1.58311	-2.26963
3731.425	-1.54165	-3.41010	-1.57133	-2.26649
3735.467	-1.50983	-3.38042	-1.63271	-2.29197
3739.431	-1.42647	-3.36247	-1.66001	-2.31877
3743.432	-1.36727	-3.40214	-1.70760	-2.37884
3747.428	-1.37158	-3.36837	-1.72431	-2.44401
3751.429	-1.30982	-3.36142	-1.87835	-2.50198
3755.424	-1.30119	-3.35579	-1.94632	-2.52528
3759.431	-1.23310	-3.34863	-2.06037	-2.47444
3763.427	-1.23662	-3.34424	-2.11802	-2.47069
3767.429	-1.21174	-3.31374	-2.19576	-2.51963
3771.424	-1.27745	-3.29581	-2.18515	-2.53031
3775.452	-1.30280	-3.28040	-2.23286	-2.54276
3779.431	-1.31674	-3.26401	-2.26225	-2.50229
3783.452	-1.32280	-3.22812	-2.29654	-2.47470
3787.442	-1.33443	-3.15923	-2.33383	-2.43478
3791.426	-1.36702	-3.13299	-2.32161	-2.34759
3795.431	-1.43193	-3.17047	-2.28893	-2.28740
3799.429	-1.48937	-3.18178	-2.22614	-2.23145
3803.429	-1.45170	-3.20623	-2.18823	-2.26599
3807.434	-1.44200	-3.16721	-2.11494	-2.24691
3811.424	-1.42690	-3.20525	-2.02341	-2.22767
3815.428	-1.44004	-3.26298	-2.06773	-2.17405
3819.430	-1.38091	-3.26784	-1.95403	-2.13301
3823.435	-1.38245	-3.25521	-1.99287	-2.08224
3827.424	-1.28968	-3.31807	-1.97161	-2.04745
3831.429	-1.39674	-3.40641	-1.96224	-2.01742
3835.436	-1.45428	-3.42707	-1.95445	-1.97864
3839.434	-1.33336	-3.36691	-1.97770	-1.97454
3843.421	-1.32071	-3.39265	-2.00715	-1.94849
3847.429	-1.27328	-3.36793	-2.02346	-1.91925
3851.428	-1.27497	-3.41064	-2.00839	-1.91200
3855.438	-1.34170	-3.35918	-2.06059	-1.89145
3859.433	-1.36392	-3.33793	-2.03920	-1.89107
3863.442	-1.43959	-3.22673	-2.06607	-1.90181
3867.431	-1.51645	-3.25809	-2.04701	-1.92088
3871.427	-1.51095	-3.11157	-1.99949	-1.91049
3875.432	-1.52228	-3.11851	-1.97994	-1.90796
3879.428	-1.53044	-3.02740	-1.96501	-1.92728
3883.426	-1.54120	-2.97630	-1.94778	-1.91819
3887.427	-1.55854	-2.92762	-1.94540	-1.92869
3891.430	-1.58378	-2.81596	-1.93318	-1.92590
3895.424	-1.61818	-2.75275	-1.97185	-1.91918
3899.426	-1.60945	-2.70734	-1.98460	-1.95149
3903.429	-1.59187	-2.62304	-2.03102	-1.97011
3907.435	-1.56065	-2.64881	-2.03732	-1.94361
3911.425	-1.53696	-2.57997	-2.08966	-1.95270
3915.427	-1.54311	-2.56090	-2.16285	-2.00789
3919.457	-1.51191	-2.48577	-2.18756	-1.99102
3923.431	-1.47337	-2.48080	-2.23600	-1.95373
3927.442	-1.45698	-2.45189	-2.29131	-1.95862
3931.433	-1.42164	-2.50184	-2.34280	-1.89176
3935.424	-1.37798	-2.54314	-2.37379	-1.95932
3939.418	-1.30695	-2.59957	-2.31364	-1.95489
3943.425	-1.24411	-2.60853	-2.25543	-1.89713
3947.435	-1.22732	-2.65506	-2.21504	-1.87702
3951.428	-1.15781	-2.70783	-2.21920	-1.87627
3955.423	-1.07066	-2.75842	-2.17041	-1.87122
3959.427	-1.09393	-2.78874	-2.14240	-1.84208
3963.424	-1.00990	-2.80934	-2.13086	-1.82895
3967.425	-0.99092	-2.82048	-2.05653	-1.81762
3971.421	-0.94088	-2.84923	-2.03402	-1.80773
3975.429	-0.92996	-2.85922	-1.92503	-1.86771
3979.422	-0.92862	-2.91960	-1.84763	-1.89330
3983.426	-0.99062	-2.90539	-1.79864	-1.92443
3987.436	-1.07981	-2.90516	-1.80186	-1.92813
3991.439	-1.14032	-2.93858	-1.78290	-1.94522
3995.439	-1.17398	-2.96023	-1.74444	-1.97433
3999.424	-1.24121	-2.93305	-1.75704	-2.00826
4003.426	-1.28393	-2.94915	-1.73817	-2.01222
4007.418	-1.36871	-2.96335	-1.73108	-2.02711
4011.423	-1.43726	-2.94183	-1.73142	-2.05430
4015.430	-1.45331	-2.94032	-1.77915	-2.08503
4019.423	-1.46524	-2.94033	-1.78329	-2.11819
4023.424	-1.43763	-2.89929	-1.79844	-2.09146
4027.424	-1.43582	-2.86963	-1.83466	-2.07668
4031.431	-1.40070	-2.84274	-1.87835	-2.08831
4035.424	-1.39522	-2.74847	-1.92183	-2.09059
4039.428	-1.31461	-2.78160	-1.97832	-2.07051
4043.426	-1.35516	-2.69922	-2.01731	-2.07996
4047.427	-1.27261	-2.71641	-2.04453	-2.09240
4051.427	-1.25716	-2.68398	-2.09834	-2.12067
4055.427	-1.20993	-2.64771	-2.18441	-2.12539
4059.445	-1.23183	-2.59027	-2.13358	-2.10946
4063.424	-1.20916	-2.65557	-2.20832	-2.08573
4067.424	-1.24439	-2.63161	-2.29156	-2.08147
4071.427	-1.20760	-2.64060	-2.31364	-2.04000
4075.425	-1.18646	-2.69977	-2.33824	-2.03173
4079.421	-1.16773	-2.70224	-2.37312	-2.00475
4083.429	-1.18956	-2.69872	-2.38769	-2.02300
4087.425	-1.16012	-2.70103	-2.41720	-1.99018
4091.422	-1.18185	-2.73938	-2.44009	-1.96155
4095.423	-1.15724	-2.75911	-2.42443	-1.94591
4099.422	-1.17016	-2.71659	-2.37785	-1.92814
4103.422	-1.12186	-2.81623	-2.40308	-1.90457
4107.423	-1.14231	-2.76071	-2.40099	-1.87107
4111.429	-1.13779	-2.75068	-2.36752	-1.84936
4115.451	-1.16099	-2.74706	-2.37032	-1.87359
4119.420	-1.17843	-2.70843	-2.34381	-1.85907
4123.427	-1.19450	-2.66235	-2.25038	-1.86422
4127.425	-1.19368	-2.63050	-2.16007	-1.82199
4131.425	-1.19487	-2.61465	-2.07390	-1.79173
4135.422	-1.22682	-2.55720	-2.08617	-1.78958
4139.301	-1.27135	-2.57813	-2.04017	-1.77348
4143.308	-1.29787	-2.58664	-1.96350	-1.76989
4147.294	-1.32533	-2.54897	-1.95061	-1.76532
4151.300	-1.33602	-2.59403	-1.90155	-1.75738
4155.302	-1.31069	-2.61900	-1.84054	-1.73925
4159.300	-1.30258	-2.57404	-1.79638	-1.69976
4163.304	-1.27232	-2.56147	-1.76053	-1.66940
4167.299	-1.28812	-2.62413	-1.78173	-1.63905
4171.297	-1.24843	-2.60781	-1.80581	-1.61600
4175.297	-1.22682	-2.68106	-1.85098	-1.60368
4179.289	-1.15637	-2.70121	-1.84347	-1.59016
4183.302	-1.09867	-2.70706	-1.82671	-1.55982
4187.297	-1.05347	-2.70048	-1.84513	-1.52578
4191.301	-1.01479	-2.70089	-1.85532	-1.52753
4195.296	-0.94758	-2.62605	-1.84317	-1.53531
4199.304	-0.95502	-2.56266	-1.85063	-1.56633
4203.294	-0.92465	-2.56854	-1.84002	-1.59977
4207.298	-0.94289	-2.54115	-1.84498	-1.65731
4211.297	-0.91517	-2.44713	-1.88891	-1.75685
4215.298	-0.91887	-2.52321	-1.89659	-1.86873
4219.295	-0.92227	-2.44996	-1.88504	-1.96594
4223.296	-0.93785	-2.46668	-1.90135	-1.97255
4227.292	-0.95512	-2.46461	-1.92689	-2.07317
4231.299	-0.97308	-2.45627	-1.90244	-2.07960
4235.296	-0.92155	-2.44271	-1.90344	-2.11003
4239.300	-0.93775	-2.60468	-1.91157	-2.14951
4243.312	-0.86791	-2.52746	-1.89337	-2.08274
4247.302	-0.88019	-2.57266	-1.85941	-2.03781
4251.293	-0.64255	-2.44231	-1.57674	-1.60443
4255.295	-0.07515	-2.40949	-0.77074	-1.84263
4259.762	0.05279	-2.08844	-0.75422	-1.50436
4263.309	-0.36777	-0.76447	-1.06401	-1.21101
4267.293	-0.56640	-1.15865	-1.15759	-0.97014
4271.294	-0.61407	-1.03144	-1.01977	-0.96003
4275.295	-0.50230	-1.33500	-0.93237	-0.89286
4279.315	-0.46244	-1.27193	-0.80342	-0.85981
4283.296	-0.26443	-1.16349	-0.82798	-0.68322
4287.305	-0.33429	-1.18308	-0.75047	-0.60403
4291.294	-0.33029	-1.07210	-0.76908	-0.59909
4295.295	-0.30925	-1.10367	-0.80898	-0.56104
4299.315	-0.43368	-1.03132	-0.83947	-0.45543
4303.299	-0.43931	-0.95096	-0.85235	-0.40054
4307.287	-0.45472	-0.93712	-0.86902	-0.37570
4311.298	-0.40087	-0.97064	-0.87136	-0.36593
4315.302	-0.38209	-1.01585	-0.88932	-0.30387
4319.293	-0.32491	-0.87337	-0.87463	-0.26230
4323.317	-0.34131	-0.91105	-0.90810	-0.21760
4327.329	-0.38502	-0.66065	-0.89977	-0.24312
4331.293	-0.37998	-0.70176	-0.91542	-0.25256
4335.306	-0.34732	-0.64005	-0.90644	-0.24481
4339.298	-0.38164	-0.56546	-0.88766	-0.25107
4343.288	-0.37509	-0.52461	-0.87458	-0.24300
4347.296	-0.35960	-0.55870	-0.86892	-0.29303
4351.298	-0.35335	-0.53836	-0.86165	-0.31266
4355.291	-0.34201	-0.39372	-0.85009	-0.32543
4359.326	-0.33717	-0.41653	-0.82210	-0.34976
4363.299	-0.36179	-0.33617	-0.81595	-0.39098
4367.293	-0.34916	-0.36634	-0.79235	-0.42920
4371.303	-0.30774	-0.34438	-0.80774	-0.44596
4375.294	-0.28972	-0.40900	-0.79471	-0.46301
4379.291	-0.31230	-0.37648	-0.81277	-0.47446
4383.298	-0.31205	-0.34743	-0.85813	-0.47041
4387.291	-0.31563	-0.33620	-0.87394	-0.51227
4391.295	-0.32153	-0.32810	-0.89952	-0.53353
4395.298	-0.31642	-0.39571	-0.86126	-0.53363
4399.301	-0.37742	-0.47313	-0.84431	-0.55070
4403.293	-0.35092	-0.53585	-0.84798	-0.58084
4407.299	-0.37581	-0.58144	-0.85456	-0.59180
4411.287	-0.44167	-0.60414	-0.86044	-0.60056
4415.307	-0.45683	-0.71570	-0.83903	-0.61597
4419.290	-0.44381	-0.60347	-0.84272	-0.64392
4423.300	-0.48071	-0.74088	-0.85813	-0.65830
4427.293	-0.47594	-0.77964	-0.88912	-0.68363
4431.290	-0.49535	-0.78046	-0.88336	-0.68925
4435.330	-0.52543	-0.85310	-0.88706	-0.71735
4439.302	-0.58270	-0.86869	-0.93219	-0.77167
4443.289	-0.57101	-0.88991	-0.98120	-0.79366
4447.294	-0.60620	-0.88488	-1.01638	-0.80531
4451.300	-0.63067	-0.88056	-1.05089	-0.81416
4455.294	-0.42998	-0.88463	-1.08852	-0.79165
4459.288	-0.37276	-0.88862	-1.13494	-0.79832
4463.293	-0.23902	-0.92912	-1.15555	-0.78619
4467.334	-0.13545	-0.91862	-1.18612	-0.77528
4471.295	-0.18576	-0.91384	-1.20013	-0.76204
4475.289	-0.10548	-0.90560	-1.22094	-0.69012
4479.293	-0.11180	-0.96676	-1.20298	-0.70351
4483.290	-0.17690	-1.00971	-1.17413	-0.65652
4487.298	-0.08388	-1.12209	-1.17942	-0.61834
4491.298	-0.09867	-1.07467	-1.07123	-0.56133
4495.295	-0.12235	-1.17420	-1.03694	-0.52039
4499.305	-0.19095	-1.23153	-1.02166	-0.51709
4503.292	-0.26768	-1.22332	-0.98311	-0.48443
4507.295	-0.39514	-1.28359	-0.99067	-0.48115
4511.293	-0.26704	-1.21605	-0.95425	-0.47869
4515.289	-0.30076	-1.20531	-0.96626	-0.42893
4519.294	-0.30858	-1.27692	-0.94976	-0.43392
4523.289	-0.35243	-1.26340	-0.94611	-0.34018
4527.314	-0.34437	-1.19791	-0.97343	-0.29926
4531.298	-0.43120	-1.10125	-0.92309	-0.28801
4535.305	-0.49912	-1.10625	-0.96549	-0.27096
4539.291	-0.47398	-0.89919	-1.00603	-0.22475
4543.285	-0.50815	-0.84286	-1.03111	-0.19513
4547.291	-0.45592	-0.77182	-1.03193	-0.19747
4551.327	-0.42127	-0.72211	-1.02886	-0.15098
4555.311	-0.44961	-0.79261	-1.06074	-0.13389
4559.290	-0.43179	-0.62231	-1.05232	-0.21220
4563.290	-0.38817	-0.53975	-1.07480	-0.20981
4567.284	-0.43398	-0.50734	-1.08282	-0.30872
4571.311	-0.43624	-0.47415	-1.06565	-0.35279
4575.296	-0.34727	-0.48091	-1.08991	-0.33041
4579.288	-0.36370	-0.40396	-1.11326	-0.46302
4583.290	-0.35072	-0.44630	-1.13474	-0.44980
4587.293	-0.33861	-0.46844	-1.14657	-0.49846
4591.291	-0.33744	-0.50755	-1.15920	-0.49620
4595.289	-0.31439	-0.52598	-1.16820	-0.51505
4599.294	-0.31677	-0.52268	-1.15012	-0.52618
4603.291	-0.29927	-0.53572	-1.16865	-0.51125
4607.293	-0.33804	-0.59702	-1.12365	-0.55712
4611.288	-0.35089	-0.59891	-1.12263	-0.57473
4615.292	-0.32766	-0.65262	-1.12896	-0.57083
4619.303	-0.31677	-0.65531	-1.13246	-0.61703
4623.293	-0.29836	-0.71059	-1.11038	-0.62899
4627.289	-0.25180	-0.72918	-1.10184	-0.66459
4631.291	-0.20494	-0.76371	-1.08294	-0.65510
4635.315	-0.15856	-0.80116	-1.03885	-0.63238
4639.291	-0.19804	-0.81549	-1.02650	-0.62960
4643.289	-0.16759	-0.80247	-1.01868	-0.64088
4647.285	-0.16228	-0.81547	-0.98588	-0.66608
4651.286	-0.14022	-0.79800	-1.00926	-0.63249
4655.300	-0.12195	-0.81184	-0.97353	-0.62842
4659.295	-0.13605	-0.79902	-0.97809	-0.65100
4663.285	-0.16707	-0.79892	-0.90252	-0.62140
4667.286	-0.14642	-0.78429	-0.87190	-0.57202
4671.293	-0.15747	-0.79972	-0.85066	-0.53955
4675.325	-0.19412	-0.76361	-0.85032	-0.53649
4679.303	-0.22266	-0.74163	-0.83868	-0.57028
4683.290	-0.23413	-0.72046	-0.83104	-0.59473
4687.287	-0.26900	-0.70530	-0.82163	-0.60954
4691.291	-0.28354	-0.71437	-0.84592	-0.61378
4695.289	-0.34206	-0.71315	-0.83712	-0.63234
4699.292	-0.34298	-0.72363	-0.84587	-0.65428
4703.300	-0.33995	-0.71613	-0.86426	-0.62916
4707.287	-0.36854	-0.71913	-0.89716	-0.61186
4711.312	-0.40070	-0.72512	-0.94405	-0.63809
4715.282	-0.38780	-0.69101	-0.98100	-0.64834
4719.303	-0.37114	-0.68422	-1.01811	-0.65668
4723.287	-0.37452	-0.66422	-1.05642	-0.66432
4727.296	-0.47033	-0.67107	-1.08100	-0.59511
4731.283	-0.40991	-0.60482	-1.07287	-0.55827
4735.290	-0.48230	-0.59455	-1.07996	-0.48983
4739.294	-0.45172	-0.58655	-1.05339	-0.44586
4743.290	-0.55166	-0.55998	-1.06101	-0.39776
4747.286	-0.56049	-0.56751	-1.03340	-0.34552
4751.281	-0.57079	-0.57340	-1.02952	-0.35757
4755.295	-0.61511	-0.60497	-1.00940	-0.31208
4759.287	-0.73863	-0.69054	-0.99549	-0.27725
