time (ms)	lx (deg)	ly (deg)	rx (deg)	ry (deg)
0.000	-1.71523	-2.10085	-0.73191	-2.05688
3.999	-1.60060	-2.07535	-0.77417	-1.99753
7.999	-1.67065	-2.11558	-0.80017	-1.99456
12.006	-1.74615	-2.02084	-0.84255	-1.95672
16.004	-1.68922	-1.91740	-0.86543	-1.95008
19.998	-1.56538	-1.91025	-0.87917	-1.86236
24.014	-1.54978	-1.96582	-0.90967	-1.80012
28.000	-1.51209	-1.85092	-0.89455	-1.72991
32.009	-1.42580	-1.82049	-0.87451	-1.73900
35.994	-1.44098	-1.77534	-0.83979	-1.75066
40.013	-1.40802	-1.58084	-0.84448	-1.63224
44.000	-1.39044	-1.40634	-0.82555	-1.69193
47.997	-1.26589	-1.49229	-0.82786	-1.62659
52.004	-1.21067	-1.50215	-0.82282	-1.59439
56.004	-1.10986	-1.54592	-0.78861	-1.60481
60.003	-1.09462	-1.45355	-0.79702	-1.64741
64.015	-1.14893	-1.50079	-0.80736	-1.66357
68.005	-1.11804	-1.39799	-0.75898	-1.75206
72.003	-1.11065	-1.46238	-0.73079	-1.79613
76.008	-1.11839	-1.38880	-0.73300	-1.82582
79.997	-1.12385	-1.39168	-0.73360	-1.80981
83.997	-1.07307	-1.23124	-0.71116	-1.43714
88.007	-0.98353	-0.85713	-0.62848	-1.24075
92.008	-0.76647	-0.27736	-0.43569	-0.62044
95.992	-0.74372	0.12212	-0.30568	-0.11460
100.025	-0.34459	0.34529	-0.32017	0.04436
103.998	-0.68950	0.09405	-0.19134	0.17019
108.008	-0.83151	0.17007	-0.08227	-0.04972
111.994	-0.62583	-0.17808	-0.04358	0.01501
116.004	-0.64588	-0.01083	0.04542	0.00753
120.048	-0.69506	0.37944	-0.02792	0.10963
124.013	-0.64369	0.11964	-0.02695	0.18455
127.994	-0.58749	0.21685	0.04226	0.38125
131.874	-0.52798	0.93671	-0.00749	0.54341
135.870	-0.60359	0.54711	-0.05827	0.76367
139.875	-0.75821	0.85765	-0.03090	0.81259
143.875	-0.84183	0.78781	-0.03537	0.93477
147.870	-0.88920	0.74957	-0.09359	1.07279
151.868	-0.85409	1.02361	-0.16509	0.97501
155.874	-0.91574	0.97546	-0.21115	0.77430
159.876	-0.82883	0.92516	-0.23606	0.45786
163.880	-0.79796	0.92275	-0.22351	0.59593
167.872	-0.74186	0.90093	-0.20867	0.57059
171.872	-0.79811	1.01121	-0.23108	0.64016
175.876	-0.85478	0.97361	-0.23490	0.48385
179.874	-0.87292	0.98392	-0.23098	0.38105
183.871	-0.79717	0.96863	-0.20882	0.30512
187.922	-0.74677	0.92579	-0.19283	0.26909
191.885	-0.68449	0.88127	-0.19127	0.25309
195.882	-0.66347	0.94298	-0.19866	0.22265
199.867	-0.59794	0.92421	-0.21683	0.85015
203.879	-0.56846	0.89540	-0.24641	1.09968
207.870	-0.57821	0.90233	-0.26178	1.13343
211.870	-0.59650	0.83421	-0.32694	0.91726
215.865	-0.60411	0.85408	-0.34111	0.99363
219.874	-0.63672	0.85556	-0.36258	1.11462
223.869	-0.64017	0.82923	-0.35424	0.88469
227.869	-0.70109	0.81750	-0.39082	0.82402
231.867	-0.83277	0.81310	-0.42909	0.92411
235.875	-0.93889	0.84229	-0.45038	0.93566
239.869	-0.93455	0.80418	-0.44137	0.89673
243.891	-1.06193	0.79131	-0.45922	0.82456
247.878	-1.05776	0.75743	-0.45155	0.84218
251.871	-1.10140	0.77664	-0.47403	0.75701
255.894	-1.17892	0.80563	-0.46381	0.74007
259.885	-1.14786	0.75800	-0.44517	0.72457
263.867	-1.09070	0.66760	-0.47023	0.69085
267.874	-0.89044	0.67772	-0.47560	0.68787
271.870	-0.88374	0.64073	-0.41690	0.65138
275.874	-0.74198	0.60063	-0.40159	0.66658
279.876	-0.69620	0.33837	-0.32618	0.67836
283.872	-0.65362	0.42021	-0.33906	0.71643
287.875	-0.68702	0.43368	-0.33434	0.76142
291.871	-0.58049	0.40658	-0.22579	0.80200
295.875	-0.49562	0.22169	-0.09485	0.81867
299.871	-0.43155	0.34363	0.00323	0.73890
303.897	-0.31650	0.11162	0.09369	0.65122
307.881	-0.36370	0.36353	0.10659	0.63258
311.874	-0.35015	0.17759	0.13600	0.67967
315.874	-0.34672	0.17903	0.13573	0.60846
319.871	-0.31550	0.09858	0.13583	0.60418
323.918	-0.31290	-0.09152	0.10480	0.74794
327.908	-0.25197	0.02612	0.09562	0.81554
331.866	-0.19718	0.02010	0.07492	0.87003
335.868	-0.18166	0.03215	0.05393	0.84195
339.867	-0.19752	-0.03143	-0.00313	0.83045
343.877	-0.21115	-0.03399	-0.02325	0.86319
347.870	-0.26962	-0.19864	-0.09992	0.84300
351.871	-0.28533	-0.09490	-0.15412	0.89126
355.867	-0.36015	-0.12941	-0.22562	0.89225
359.870	-0.36305	-0.10697	-0.22648	0.95588
363.884	-0.45919	-0.16899	-0.22514	0.98022
367.871	-0.42611	-0.09666	-0.20584	0.94172
371.878	-0.37350	-0.11189	-0.18037	0.91486
375.872	-0.30612	-0.12186	-0.15156	0.85161
379.869	-0.26073	-0.14320	-0.04817	0.79910
383.871	-0.24971	-0.11150	-0.00601	0.84402
387.868	-0.21321	-0.14308	0.00323	0.79537
391.916	-0.16154	-0.08705	0.09173	0.81917
395.915	-0.08098	-0.06983	0.09662	0.81460
399.865	-0.06572	-0.03670	0.16615	0.84406
403.868	0.00022	0.01401	0.12965	0.81502
407.866	0.02673	-0.06443	0.14176	0.80210
411.881	0.06646	-0.04180	0.13640	0.80841
415.875	0.06294	0.06063	0.12032	0.79810
419.871	-0.00869	-0.05330	0.10346	0.82088
423.864	-0.17484	-0.02100	0.07728	0.90240
427.872	-0.21859	-0.03561	0.07760	0.88836
431.869	-0.29079	-0.05521	0.02928	0.94147
435.875	-0.25996	-0.08667	-0.00417	0.98741
439.868	-0.39522	-0.11398	-0.04539	1.02537
443.867	-0.49599	-0.10995	-0.06840	1.08660
447.882	-0.51381	-0.30064	-0.06013	1.15642
451.877	-0.52448	-0.12702	-0.06229	1.23436
455.872	-0.57848	-0.17520	-0.04534	1.28995
459.898	-0.52741	-0.21464	-0.02353	1.20260
463.877	-0.59044	-0.30843	0.01293	1.22825
467.862	-0.44457	-0.35674	0.03323	1.16082
471.872	-0.37700	-0.21375	0.02348	1.09947
475.866	-0.41954	-0.15826	0.09634	1.04613
479.882	-0.40862	-0.09326	0.12396	0.93881
483.867	-0.32260	-0.19601	0.15677	0.82280
487.875	-0.31300	-0.07611	0.20053	0.73276
491.893	-0.24093	-0.07398	0.21879	0.77032
495.896	-0.25170	0.06436	0.25453	0.76279
499.868	-0.19780	0.05082	0.26262	0.68224
503.866	-0.21338	0.08208	0.27979	0.70485
507.863	-0.18343	0.02497	0.23877	0.73638
511.869	-0.30414	0.06404	0.21291	0.96169
515.864	-0.27232	0.00194	0.19718	1.00452
519.870	-0.24465	-0.06292	0.16911	0.97970
523.862	-0.35692	-0.05457	0.10580	1.41398
527.862	-0.39323	0.08086	0.06326	1.35708
531.864	-0.42976	-0.02328	0.05733	1.53014
535.877	-0.65913	0.21105	0.00293	1.48304
539.867	-0.76496	0.16046	-0.04604	1.45175
543.865	-0.85768	0.29182	-0.05053	1.48858
547.862	-0.91795	0.40620	-0.10399	1.41055
551.871	-0.89294	0.52871	-0.09783	1.54738
555.863	-0.98382	0.26376	-0.15871	1.44268
559.864	-1.08120	0.45013	-0.16382	1.46841
563.878	-1.11219	0.27172	-0.20378	1.42850
567.863	-1.16870	0.37479	-0.20589	1.40063
571.871	-1.17709	0.32389	-0.20760	1.28723
575.862	-1.15950	0.24138	-0.22621	1.22944
579.870	-1.18572	0.24903	-0.23850	1.20192
583.868	-1.10137	0.40893	-0.23413	1.14859
587.883	-1.07984	0.34015	-0.24291	1.15378
591.869	-1.03806	0.27585	-0.25215	1.18217
595.865	-0.91110	0.22312	-0.27739	1.17049
599.865	-0.86600	0.24541	-0.19720	1.15045
603.872	-0.68183	0.18817	-0.15384	1.11966
607.876	-0.73829	0.26522	-0.12424	1.12947
611.871	-0.70253	0.31300	-0.07090	1.11648
615.862	-0.68248	0.30666	-0.04472	1.15262
619.880	-0.58672	0.28520	-0.04539	1.20692
623.873	-0.51746	0.27412	-0.02184	1.17565
627.860	-0.49565	0.28804	0.02172	1.19507
631.868	-0.43502	0.18107	0.05438	1.05406
635.866	-0.36333	0.28017	0.11396	1.01878
639.870	-0.29622	0.13120	0.17328	0.89392
643.866	-0.32962	0.24486	0.17134	0.91879
647.862	-0.36395	0.27900	0.20003	0.85531
651.869	-0.23562	0.30097	0.18921	0.79211
655.857	-0.21172	0.38073	0.14982	0.70339
659.867	-0.20479	0.34214	0.13975	0.69383
663.895	-0.20834	0.39358	0.15146	0.74026
667.870	-0.21437	0.41564	0.16360	0.74416
671.864	-0.31099	0.42655	0.17328	0.99776
675.862	-0.27210	0.34438	0.19502	1.08582
679.861	-0.48532	0.38850	0.17129	1.22887
683.877	-0.70067	0.46526	0.18025	1.23883
687.890	-0.51145	0.48778	0.19368	1.13071
691.874	-0.51731	0.81963	0.21906	1.16565
695.860	-0.59491	0.44102	0.27957	1.14891
699.865	-0.56441	0.46211	0.35099	1.06700
703.870	-0.53190	0.40402	0.46517	1.03172
707.865	-0.53049	0.38052	0.44090	0.94642
711.861	-0.59511	0.23484	0.44487	0.88304
715.862	-0.56352	0.15960	0.50021	0.87310
719.864	-0.57185	0.26080	0.52677	0.78314
723.867	-0.61774	0.11236	0.57957	0.71876
727.859	-0.52344	-0.07109	0.61181	0.65406
731.887	-0.50619	-0.14074	0.52828	0.60689
735.866	-0.43050	-0.12824	0.55915	0.57578
739.862	-0.37645	-0.17881	0.55689	0.55983
743.884	-0.29709	-0.27182	0.55376	0.58406
747.870	-0.29781	-0.28559	0.45825	0.63060
751.868	-0.38767	-0.30399	0.37705	0.63583
755.871	-0.38583	-0.28976	0.34280	0.72711
759.860	-0.49756	-0.26210	0.10729	0.80655
763.870	-0.48220	-0.24967	0.07788	0.97767
767.856	-0.43380	-0.20383	0.02067	1.04270
771.873	-0.55610	-0.25785	0.02070	1.28483
775.861	-0.61987	-0.00649	-0.02988	1.28233
779.861	-0.74037	-0.06242	-0.06237	1.47157
783.861	-0.77977	-0.04639	-0.08738	1.54132
787.870	-0.87086	0.06872	-0.11893	1.60861
791.861	-0.88634	0.12798	-0.10910	1.50732
795.864	-0.94331	0.03382	-0.11863	1.48142
799.918	-0.98249	0.16733	-0.09577	1.22361
803.866	-1.09671	0.22854	-0.08726	0.74893
807.869	-1.02970	0.16343	-0.02410	0.67582
811.864	-1.00789	0.30264	0.01040	0.70774
815.880	-0.87456	0.27656	0.05291	0.69306
819.867	-0.77791	0.17020	0.05991	0.68911
823.858	-0.47569	0.15217	0.06373	0.64886
827.864	-0.36067	0.32482	0.04445	0.63025
831.865	-0.16668	0.29491	0.04740	0.49578
835.868	-0.25500	0.30927	0.04807	0.42606
839.862	-0.18204	0.47873	0.10793	0.39793
843.865	-0.13471	0.37852	0.20432	0.32430
847.859	-0.19189	0.33533	0.24517	0.33491
851.859	-0.12233	0.51931	0.31129	0.34003
855.858	-0.12285	0.28440	0.28925	0.36597
859.857	-0.19134	0.34497	0.36174	0.44376
863.871	-0.27803	0.41894	0.37251	0.54765
867.896	-0.46966	0.36164	0.34275	0.69128
871.875	-0.38784	0.53642	0.40879	0.63393
875.871	-0.48230	0.74024	0.42758	0.78936
879.860	-0.63149	0.57123	0.40177	0.95000
883.860	-0.73116	0.63360	0.39189	1.10903
887.863	-0.83749	0.49990	0.35484	1.08809
891.861	-0.75995	0.52769	0.41135	1.18473
895.879	-0.76938	0.59216	0.37127	1.24201
899.857	-0.81632	0.60780	0.35469	1.28570
903.867	-0.85362	0.58104	0.33953	1.31548
907.867	-0.81568	0.78488	0.32285	1.34077
911.858	-0.78089	0.78986	0.32131	1.37797
915.867	-0.76796	0.82896	0.31764	1.40201
919.859	-0.78779	0.66713	0.32836	1.42376
923.873	-0.74154	0.69621	0.38077	1.33877
927.859	-0.70553	0.69569	0.38479	1.18898
931.859	-0.71553	0.66091	0.40167	1.14437
935.922	-0.71235	0.72438	0.38432	0.97834
939.866	-0.74310	0.77916	0.37181	1.04211
943.868	-0.74079	0.83373	0.36305	0.99516
947.854	-0.72940	0.73039	0.35906	0.81707
951.866	-0.77625	0.55273	0.37077	0.77441
955.874	-0.82823	0.69964	0.36616	0.71918
959.871	-0.87418	0.72185	0.35841	0.70480
963.862	-0.85639	0.67204	0.32580	0.64959
967.862	-0.89525	0.62153	0.32809	0.62800
971.856	-0.90473	0.65717	0.30255	0.53401
975.857	-0.90034	0.73918	0.27763	0.45786
979.852	-0.92812	0.50406	0.28081	0.50767
983.862	-0.91001	0.57380	0.25495	0.47013
987.730	-0.93351	0.52386	0.22152	0.43467
991.736	-0.91557	0.56177	0.25349	0.41904
995.753	-0.92986	0.52167	0.23152	0.48680
999.740	-0.95160	0.72387	0.19186	0.74834
1003.780	-1.11117	0.50992	-0.12024	0.76906
1007.759	-2.43221	0.48806	-1.49941	0.63031
1011.744	-4.77816	0.57433	-2.59247	1.26072
1015.734	-5.33096	0.56310	-3.81449	1.45391
1019.728	-5.75743	0.66677	-3.96708	1.63213
1023.739	-5.93448	0.91968	-4.19835	2.12680
1027.725	-6.16380	1.06525	-4.57532	2.13958
1031.748	-6.16263	1.34601	-4.48986	2.43784
1035.730	-6.01056	1.43886	-4.51780	2.64105
1039.735	-5.94190	1.46999	-4.55931	2.99821
1043.739	-6.00052	1.58103	-4.51758	2.89298
1047.735	-5.97069	1.53748	-4.52244	2.98645
1051.729	-6.00457	1.57937	-4.53196	2.97384
1055.736	-6.05395	1.60046	-4.55177	3.04332
1059.731	-6.07952	1.60189	-4.61359	3.07778
1063.727	-6.10789	1.66765	-4.62754	3.12119
1067.741	-6.05160	1.69836	-4.68203	3.14702
1071.772	-5.99524	1.71380	-4.68802	3.11741
1075.744	-6.01589	1.68336	-4.70296	3.14572
1079.732	-6.04333	1.66251	-4.69761	3.15513
1083.735	-6.04529	1.63157	-4.72351	3.14688
1087.739	-6.04902	1.63213	-4.77582	2.66650
1091.729	-6.06981	1.68162	-4.80416	2.80740
1095.740	-6.06718	1.68449	-4.82976	2.75468
1099.729	-6.11189	1.76485	-4.86815	2.35281
1103.760	-6.09746	1.79284	-4.89474	2.02080
1107.725	-6.11020	1.84157	-4.94975	2.23275
1111.739	-6.14619	1.89809	-4.94406	2.13428
1115.728	-6.12902	1.96762	-4.94620	2.00642
1119.732	-6.11903	2.03727	-4.94716	2.09790
1123.740	-6.10929	2.10092	-4.90255	1.99820
1127.740	-6.10661	2.24872	-4.87190	1.95085
1131.731	-6.06379	2.13071	-4.79354	2.01125
1135.731	-6.05520	2.08376	-4.73966	2.01319
1139.739	-5.98132	2.10546	-4.67973	2.02873
1143.784	-6.02627	2.08888	-4.64201	2.11299
1147.730	-6.14592	2.20287	-4.80411	2.18640
1151.729	-6.72602	2.10962	-5.08084	2.26188
1155.726	-9.08428	2.31368	-7.30903	3.13908
1159.744	-9.40987	2.39933	-8.37162	3.38227
1163.742	-10.44429	2.68325	-9.03619	3.16284
1167.741	-10.83730	2.82212	-9.39856	3.66517
1171.730	-11.05445	2.85509	-9.81236	3.54081
1175.733	-10.97672	2.91770	-9.67987	3.82965
1179.728	-10.88156	3.05396	-9.59546	3.88839
1183.737	-10.75993	3.10953	-9.56023	3.83583
1187.731	-10.61524	3.08086	-9.49697	3.94495
1191.728	-10.46853	3.13054	-9.51766	3.91798
1195.733	-10.58766	3.17926	-9.52087	3.94134
1199.731	-10.57670	3.20229	-9.50298	3.92591
1203.727	-10.69846	3.23864	-9.57117	3.99260
1207.735	-10.63732	3.16277	-9.57515	4.01270
1211.734	-10.59071	3.08927	-9.61457	4.02035
1215.734	-10.58917	3.08132	-9.54054	4.00937
1219.730	-10.56562	3.09997	-9.49661	3.98374
1223.731	-10.52521	3.04815	-9.48169	3.98904
1227.726	-10.50976	3.00737	-9.51413	3.80966
1231.734	-10.48644	2.98669	-9.54083	3.68845
1235.729	-10.55423	2.94683	-9.52920	3.66337
1239.730	-10.55330	2.92530	-9.59334	3.59725
1243.750	-10.58539	2.92453	-9.62934	3.66266
1247.728	-10.56004	2.97577	-9.69863	3.50407
1251.737	-10.59330	2.96248	-9.66094	3.47947
1255.730	-10.70203	3.02245	-9.66834	3.44891
1259.728	-10.94074	3.09121	-9.70543	3.28875
1263.733	-11.07047	3.13897	-9.71558	3.21690
1267.738	-11.02117	3.15194	-9.73687	3.20148
1271.729	-11.10797	3.27320	-9.71032	3.20103
1275.730	-11.14770	3.40844	-9.70316	3.20066
1279.729	-11.16547	3.39438	-9.73923	3.16206
1283.737	-11.24753	3.46552	-9.74728	3.17675
1287.733	-11.28414	3.50021	-9.75022	3.16163
1291.735	-11.31405	3.52670	-9.70753	3.19642
1295.729	-11.33037	3.61397	-9.73641	3.17344
1299.727	-11.32569	3.63613	-9.80812	3.15752
1303.731	-11.29930	3.66918	-9.85512	3.16352
1307.731	-11.26369	3.66566	-9.91187	3.20890
1311.733	-11.24736	3.71127	-9.92073	3.20925
1315.721	-11.19999	3.70314	-9.92456	3.21783
1319.738	-11.19726	3.61646	-9.90766	3.20255
1323.738	-11.18984	3.56624	-9.89578	3.23077
1327.727	-11.19390	3.47916	-9.86331	3.24102
1331.737	-11.18685	3.46428	-9.83554	3.24752
1335.732	-11.16134	3.40274	-9.85946	3.24375
1339.729	-11.14395	3.18706	-9.82187	3.23103
1343.726	-11.12065	3.11504	-9.77281	3.22431
1347.727	-11.09800	3.03167	-9.72062	3.30003
1351.725	-11.11255	2.92909	-9.66750	3.31136
1355.729	-11.08667	2.87555	-9.63059	3.51962
1359.727	-11.09179	2.82515	-9.60181	3.54799
1363.738	-11.09783	2.75002	-9.52299	3.72376
1367.757	-11.11745	2.75331	-9.58866	3.71439
1371.723	-11.11079	2.70061	-9.58352	3.76319
1375.734	-11.11824	2.58526	-9.60133	3.82554
1379.726	-11.11153	2.58201	-9.59221	3.86667
1383.731	-11.10276	2.55510	-9.59870	3.90964
1387.734	-11.12491	2.56408	-9.59158	3.93645
1391.724	-11.12918	2.54550	-9.58523	3.99870
1395.728	-11.07671	2.51602	-9.61715	4.04114
1399.725	-11.08285	2.50625	-9.61411	4.06475
1403.730	-11.08987	2.55085	-9.60857	3.98224
1407.726	-11.08397	2.62269	-9.65254	3.76733
1411.727	-11.05323	2.64499	-9.63532	3.66486
1415.730	-11.04130	2.69584	-9.63631	3.67942
1419.725	-11.01003	2.88533	-9.63546	3.76198
1423.723	-11.01385	2.98814	-9.63525	3.72676
1427.728	-11.01287	3.03809	-9.57754	3.75072
1431.737	-11.01089	3.14284	-9.51312	3.86734
1435.724	-11.01935	3.21628	-9.45607	4.02451
1439.734	-11.03977	3.23072	-9.47302	4.08342
1443.726	-11.06091	3.30504	-9.54327	4.05638
1447.724	-11.03294	3.49925	-9.58104	4.29052
1451.731	-10.89978	3.49231	-9.52705	4.63004
1455.732	-10.90406	3.60558	-9.50530	5.35017
1459.726	-10.90951	3.81960	-9.44023	5.92070
1463.739	-10.94756	3.94989	-9.41825	5.49518
1467.722	-10.91334	3.70756	-9.35239	5.48713
1471.738	-10.93184	3.60265	-9.40327	5.36641
1475.724	-10.92739	3.62124	-9.34693	5.23663
1479.748	-10.94248	3.68550	-9.29534	5.40763
1483.731	-10.86823	3.63207	-9.23555	5.73078
1487.727	-10.81396	3.52449	-9.18828	5.82799
1491.734	-10.79978	3.46743	-9.14012	5.84699
1495.735	-10.88271	3.54150	-9.09381	6.11918
1499.725	-10.90549	3.46597	-9.04033	6.09444
1503.733	-10.91763	3.46685	-9.00024	6.29960
1507.721	-10.91198	3.44817	-8.95741	6.29759
1511.726	-10.88972	3.57455	-8.94922	6.44579
1515.718	-10.89642	3.70164	-8.95714	6.52625
1519.732	-10.88561	3.74564	-9.00537	6.45644
1523.720	-10.92327	3.95592	-9.04892	6.54808
1527.727	-10.89587	3.89323	-9.09057	6.59557
1531.718	-10.91547	3.84562	-9.13734	6.63441
1535.730	-10.93246	4.05483	-9.17241	6.64318
1539.726	-10.93985	4.12813	-9.20233	6.64398
1543.728	-10.93299	4.14536	-9.27349	6.64313
1547.762	-10.94540	4.23233	-9.31170	6.63917
1551.720	-10.96485	4.25974	-9.35880	6.60923
1555.720	-10.96978	4.28412	-9.37085	6.57893
1559.739	-11.01252	4.28971	-9.36670	6.51560
1563.725	-11.06930	4.28224	-9.36068	6.51608
1567.716	-11.00663	4.22168	-9.32332	6.46613
1571.733	-11.04525	4.27202	-9.26089	6.45442
1575.720	-11.08273	4.30334	-9.21205	6.47027
1579.726	-11.11160	4.29707	-9.16187	6.45769
1583.731	-11.11523	4.33355	-9.15897	6.45815
1587.727	-11.10297	4.33623	-9.12137	6.45233
1591.727	-10.99759	4.29888	-9.08953	6.40454
1595.723	-11.01723	4.29396	-9.05967	6.41964
1599.729	-10.92260	4.20878	-9.04543	6.45638
1603.725	-10.85485	4.15499	-9.03314	6.51550
1607.722	-10.85260	4.13718	-9.01598	6.46417
1611.723	-10.82763	4.17365	-9.02459	6.48944
1615.753	-10.83115	4.11740	-9.06167	6.46367
1619.728	-10.77672	4.08781	-9.09529	6.50544
1623.730	-10.77708	4.08025	-9.15173	6.52505
1627.719	-10.77394	4.02324	-9.14467	6.52114
1631.729	-10.80034	4.02492	-9.13151	6.52532
1635.724	-10.72548	4.02286	-9.14832	6.54446
1639.728	-10.67020	3.99149	-9.17979	6.55522
1643.725	-10.64305	3.99622	-9.16746	6.62526
1647.720	-10.63478	4.02953	-9.18956	6.58482
1651.722	-10.52274	4.14327	-9.20693	6.59304
1655.724	-10.45452	4.14848	-9.22453	6.55827
1659.725	-10.32585	4.01699	-8.82291	5.93312
1663.730	-9.94414	3.11698	-8.36749	4.74246
1667.736	-9.93376	1.27191	-7.32287	2.56514
1671.725	-9.66426	0.61827	-6.65304	2.17838
1675.724	-9.15882	0.68091	-6.63286	1.62414
1679.718	-9.16080	0.44451	-6.63419	0.69767
1683.749	-9.13115	0.35199	-6.55677	1.24275
1687.721	-8.97419	0.30492	-6.55824	1.74431
1691.732	-8.90320	0.35766	-6.64435	1.83916
1695.722	-8.89896	0.39194	-6.59363	1.98130
1699.717	-8.78105	0.44601	-6.58396	1.92643
1703.724	-8.72532	0.39779	-6.52929	1.89865
1707.729	-8.69952	0.42103	-6.51665	1.65318
1711.724	-8.64597	0.32585	-6.46880	1.60770
1715.716	-8.59558	0.31290	-6.47916	1.38955
1719.720	-8.61872	0.27465	-6.46341	1.43164
1723.724	-8.60308	0.24304	-6.47997	1.48386
1727.722	-8.55981	0.22587	-6.51101	1.64738
1731.721	-8.50270	0.20010	-6.53255	1.55673
1735.724	-8.50362	0.19749	-6.50508	1.52770
1739.729	-8.52006	0.18910	-6.52155	1.48788
1743.719	-8.54428	0.14348	-6.49621	1.43387
1747.727	-8.54498	0.10299	-6.49680	1.42476
1751.740	-8.52389	0.05964	-6.49903	1.32157
1755.740	-8.48719	0.05373	-6.53661	1.26582
1759.726	-8.49986	0.07026	-6.58085	1.13136
1763.722	-8.51139	0.03780	-6.59140	1.04240
1767.723	-8.51229	0.03713	-6.59442	0.92399
1771.716	-8.49267	-0.00949	-6.57534	1.00135
1775.728	-8.51324	-0.07523	-6.56209	0.91127
1779.716	-8.49598	-0.15075	-6.59691	0.94733
1783.721	-8.52700	-0.15649	-6.61212	0.91330
1787.713	-8.48170	-0.20859	-6.60144	0.86475
1791.731	-8.50593	-0.23037	-6.63803	0.71687
1795.718	-8.46123	-0.26982	-6.65931	0.68809
1799.721	-8.48979	-0.30627	-6.63859	0.71820
1803.714	-8.45747	-0.33292	-6.61619	0.75846
1807.718	-8.40118	-0.34194	-6.61736	0.72990
1811.731	-8.38313	-0.36273	-6.64158	0.74712
1815.718	-8.31725	-0.38248	-6.66773	0.73208
1819.737	-8.23228	-0.38606	-6.66903	0.72307
1823.714	-8.25343	-0.35235	-6.76050	0.64047
1827.734	-8.25399	-0.25713	-6.69867	0.79956
1831.722	-8.84428	0.80126	-7.30207	1.92792
1835.721	-9.42706	2.58042	-8.46451	3.34629
1839.715	-10.51127	3.24378	-8.79145	3.96806
1843.602	-11.01247	3.57081	-9.20008	4.43415
1847.590	-11.08263	3.43984	-9.36119	3.98491
1851.596	-11.11671	3.37119	-9.47534	3.69990
1855.588	-11.09064	3.42181	-9.47401	3.45239
1859.602	-11.00647	3.40915	-9.46442	3.38261
1863.592	-10.76297	3.32830	-9.34604	3.33729
1867.592	-10.82912	3.40535	-9.35839	3.56462
1871.587	-10.79832	3.49063	-9.45242	3.59866
1875.605	-10.79638	3.52440	-9.49832	3.62835
1879.596	-10.82339	3.61596	-9.56146	3.73594
1883.600	-10.82342	3.68313	-9.58767	3.82701
1887.637	-10.83046	3.82256	-9.59510	3.78773
1891.609	-10.82280	3.85580	-9.59585	3.80884
1895.591	-10.79976	3.98782	-9.59421	3.82891
1899.621	-10.77112	4.01263	-9.62579	3.97585
1903.591	-10.83259	4.02534	-9.67840	4.01537
1907.591	-10.90674	4.06715	-9.73279	4.07365
1911.597	-10.95299	4.14715	-9.76835	4.09556
1915.594	-10.96318	4.17137	-9.79238	4.12925
1919.596	-11.01350	4.20254	-9.83787	4.21987
1923.590	-11.04869	4.21211	-9.85240	4.26088
1927.595	-11.04661	4.21446	-9.89802	4.26251
1931.601	-11.05749	4.21841	-9.92155	4.26252
1935.599	-11.05584	4.21783	-9.94024	4.28201
1939.591	-11.06334	4.21483	-9.95088	4.31916
1943.593	-11.08622	4.24055	-9.94125	4.34521
1947.593	-11.09016	4.27891	-9.91218	4.35374
1951.587	-11.08263	4.31946	-9.90816	4.30278
1955.643	-11.09544	4.31108	-9.89179	4.31315
1959.588	-11.09738	4.30373	-9.86861	4.25965
1963.599	-11.09439	4.27239	-9.83987	4.18144
1967.603	-11.04702	4.30946	-9.79826	4.17266
1971.592	-11.02225	4.32995	-9.75941	4.05086
1975.590	-11.00199	4.30922	-9.74639	4.05548
1979.594	-10.95768	4.30431	-9.73581	3.98678
1983.593	-10.95500	4.32606	-9.77867	3.94070
1987.590	-10.89769	4.30207	-9.82457	3.81936
1991.588	-10.83654	4.24888	-9.86348	3.77526
1995.587	-10.84556	4.20234	-9.86695	3.66771
1999.598	-10.78333	4.22532	-9.88726	3.49301
2003.597	-10.80295	4.23928	-9.92432	3.68852
2007.591	-10.75457	4.19812	-9.95483	3.58604
2011.593	-10.78736	4.10287	-9.98896	3.65967
2015.594	-10.77627	4.05505	-9.99383	3.60568
2019.588	-10.81580	4.07905	-9.99332	3.57965
2023.611	-10.90076	4.09112	-10.02028	3.57370
2027.588	-10.86028	4.02109	-10.01770	3.54767
2031.595	-10.92356	3.92714	-9.98791	3.57344
2035.593	-10.95320	3.79621	-10.00581	3.77959
2039.590	-10.56104	3.88187	-9.77115	3.90727
2043.594	-9.25625	3.49275	-7.59341	3.88795
2047.593	-8.29820	2.67965	-6.02872	3.59771
2051.592	-7.45055	1.81494	-5.51897	2.94818
2055.590	-7.05205	1.75518	-5.50119	2.17217
2059.590	-6.52708	0.85219	-5.10470	1.23083
2063.597	-6.20310	0.31578	-4.74003	0.82764
2067.589	-5.65280	0.57336	-4.37337	0.36897
2071.592	-5.41841	0.40817	-4.16695	0.19425
2075.596	-5.34304	1.22213	-3.95273	0.20291
2079.596	-5.23802	1.19864	-3.94275	0.29780
2083.588	-5.09721	1.08938	-4.06535	0.44206
2087.597	-5.12590	1.07359	-4.01109	0.33987
2091.621	-5.05496	0.95724	-3.92005	0.24526
2095.592	-4.94743	0.99279	-3.83097	0.12040
2099.591	-5.03078	0.99976	-3.79984	0.11296
2103.620	-4.89151	0.97035	-3.74493	0.27278
2107.585	-4.83573	1.02147	-3.72469	0.18049
2111.604	-4.76007	1.07966	-3.68841	0.39720
2115.589	-4.71491	1.12236	-3.64731	0.44754
2119.586	-4.70286	1.10522	-3.65831	0.55071
2123.601	-4.65927	1.10202	-3.62178	0.54934
2127.590	-4.64628	1.10828	-3.58428	0.51943
2131.595	-4.60624	1.05984	-3.56905	0.53586
2135.591	-4.56760	1.04078	-3.56462	0.54377
2139.589	-4.55781	1.02148	-3.55510	0.60887
2143.593	-4.55633	1.02190	-3.56959	0.65276
2147.589	-4.59798	1.02043	-3.57478	0.65241
2151.594	-4.67936	0.99615	-3.58299	0.66264
2155.590	-4.69305	0.94104	-3.56507	0.61172
2159.598	-4.69573	0.89585	-3.58643	0.59110
2163.595	-4.83124	0.88082	-3.57098	0.55771
2167.585	-4.94553	0.89364	-3.59908	0.55600
2171.596	-4.72416	0.95160	-3.63745	0.61075
2175.587	-4.73579	1.00434	-3.65260	0.71193
2179.603	-4.75248	1.04078	-3.69150	0.71934
2183.584	-4.81626	1.10110	-3.64177	0.77180
2187.594	-4.78972	0.91677	-3.61414	0.79371
2191.590	-4.78861	0.88427	-3.61841	0.89698
2195.587	-4.74562	0.78618	-3.60138	1.02609
2199.588	-4.70924	0.73403	-3.61780	0.96853
2203.586	-4.75188	0.45015	-3.63114	1.00298
2207.584	-4.74804	0.14940	-3.63980	1.07407
2211.596	-4.73747	0.19210	-3.62069	1.10111
2215.598	-4.82190	0.18529	-3.61159	1.13015
2219.589	-4.84479	0.16753	-3.62464	1.11695
2223.585	-4.85354	0.15019	-3.62889	1.14446
2227.589	-4.90986	0.01030	-3.63517	1.16877
2231.593	-4.90668	-0.09364	-3.63095	1.19882
2235.588	-4.86066	-0.19466	-3.62496	1.23762
2239.583	-4.80118	-0.22377	-3.59159	1.13025
2243.631	-4.82939	-0.25187	-3.57681	1.08748
2247.592	-4.73700	-0.33949	-3.54729	1.06275
2251.606	-4.80110	-0.19302	-3.52786	0.99424
2255.596	-4.76394	-0.28188	-3.52586	0.99804
2259.589	-4.72455	-0.29217	-3.51505	0.89564
2263.603	-4.68503	-0.31416	-3.47438	0.84817
2267.597	-4.67577	-0.37704	-3.41921	0.82823
2271.585	-4.68888	-0.33206	-3.42992	0.72227
2275.589	-4.66233	-0.27191	-3.42799	0.61781
2279.583	-4.66608	-0.22686	-3.41407	0.62782
2283.593	-4.68792	-0.21101	-3.42809	0.62778
2287.583	-4.66080	-0.09743	-3.48004	0.45955
2291.593	-4.85179	1.32643	-3.55706	0.62641
2295.596	-6.92413	2.38130	-4.44946	1.19345
2299.600	-7.75032	2.63692	-6.98477	3.04687
2303.604	-9.31641	2.81561	-7.83083	4.41145
2307.588	-9.83744	2.65347	-8.25912	4.10808
2311.588	-10.37753	2.43383	-8.55569	4.27259
2315.581	-10.46465	2.74422	-9.05207	3.67541
2319.585	-10.27326	2.82295	-9.06226	3.92763
2323.596	-10.28042	2.84211	-9.03173	4.01393
2327.584	-10.12041	2.71021	-8.93530	4.11030
2331.583	-10.02738	2.79966	-8.87852	4.04078
2335.594	-10.14405	2.84640	-8.86674	3.76576
2339.587	-10.14790	2.89480	-8.83149	3.99502
2343.584	-10.16358	2.88173	-8.87750	3.96288
2347.582	-10.24706	2.90326	-8.96414	3.91135
2351.586	-10.28988	3.03352	-9.02929	3.88813
2355.587	-10.27830	3.11089	-9.10371	3.88026
2359.584	-10.27612	3.12118	-9.10639	3.91369
2363.663	-10.27345	3.05996	-9.07898	3.94201
2367.607	-10.28907	3.13360	-9.08500	3.95112
2371.587	-10.33658	3.22411	-9.11714	3.98551
2375.582	-10.35409	3.23896	-9.16310	3.93893
2379.592	-10.38689	3.26898	-9.18724	4.00363
2383.592	-10.42768	3.28911	-9.21488	3.97788
2387.583	-10.42031	3.36672	-9.25874	3.88477
2391.594	-10.39186	3.37813	-9.26355	3.92502
2395.583	-10.39244	3.35842	-9.26594	3.94950
2399.583	-10.36756	3.33442	-9.24373	3.93970
2403.586	-10.35488	3.38913	-9.20685	3.95243
2407.586	-10.33704	3.42413	-9.20429	3.93078
2411.584	-10.31672	3.45214	-9.16378	3.94517
2415.584	-10.32392	3.51651	-9.14779	3.94530
2419.593	-10.33262	3.56563	-9.13845	3.99238
2423.590	-10.32563	3.65288	-9.09522	3.88456
2427.583	-10.31254	3.70251	-9.10139	3.83532
2431.595	-10.26727	3.68356	-9.09398	3.84754
2435.646	-10.23690	3.69090	-9.09514	3.82029
2439.595	-10.18411	3.75218	-9.09911	3.63138
2443.585	-10.15309	3.77972	-9.10690	3.66779
2447.583	-10.12950	3.85486	-9.15560	3.59401
2451.582	-10.10557	3.90183	-9.12599	3.52468
2455.585	-10.07062	3.94370	-9.16310	3.59440
2459.590	-10.02832	3.86693	-9.18809	3.59662
2463.595	-10.04538	3.89993	-9.19624	3.52064
2467.580	-9.97625	3.85629	-9.20695	3.65332
2471.588	-9.97705	3.82766	-9.17904	3.75709
2475.593	-9.97830	3.67181	-9.17662	3.85864
2479.583	-10.00743	3.73062	-9.16025	4.04138
2483.585	-9.97931	3.72658	-9.14815	4.16760
2487.585	-9.98545	3.69208	-9.10794	4.17869
2491.584	-10.07086	3.62122	-9.07857	4.34694
2495.589	-10.10846	3.59660	-9.05611	4.47238
2499.588	-10.06371	3.52550	-9.03658	4.51728
2503.638	-10.10571	3.59520	-9.03043	4.58286
2507.597	-10.10317	3.55550	-8.98116	4.64725
2511.586	-10.07916	3.49715	-8.95128	4.73558
2515.579	-10.03869	3.51182	-8.94029	4.73582
2519.585	-10.05426	3.58853	-8.88428	4.67248
2523.582	-9.95348	3.59301	-8.85601	4.63881
2527.591	-10.01932	3.60125	-8.80461	4.62401
2531.579	-9.96983	3.60197	-8.80735	4.38781
2535.581	-9.96350	3.65242	-8.81700	4.30484
2539.589	-9.93872	3.59358	-8.91064	4.31212
2543.590	-9.95854	3.58629	-8.85109	3.90586
2547.581	-9.75300	3.56911	-8.78515	4.39909
2551.584	-8.97022	3.41865	-7.90316	4.00332
2555.592	-7.72870	3.45726	-5.69121	4.02704
2559.587	-6.40597	3.34111	-4.59665	4.03444
2563.579	-5.82004	3.25301	-4.27442	3.88470
2567.586	-5.58265	2.33722	-4.04337	3.76949
2571.598	-5.46214	2.05115	-3.60173	3.58466
2575.592	-4.66307	1.46618	-2.81038	3.77999
2579.586	-4.52639	1.15943	-2.70220	3.59052
2583.578	-4.31630	1.15406	-2.49989	3.65830
2587.583	-4.19837	1.39956	-2.49084	3.84436
2591.586	-4.06105	1.58828	-2.58960	3.80349
2595.585	-4.15803	1.75788	-2.63752	3.69795
2599.583	-4.24739	2.08578	-2.56674	3.62760
2603.579	-4.02542	1.85116	-2.57288	3.52073
2607.585	-4.02687	1.71869	-2.51965	3.48059
2611.577	-4.01803	2.03321	-2.55903	3.48246
2615.581	-3.95103	2.10477	-2.45609	3.18585
2619.584	-3.88285	2.24259	-2.51242	3.22437
2623.585	-3.74718	2.29536	-2.48854	3.01000
2627.587	-3.56769	2.21672	-2.50427	3.16799
2631.581	-3.61661	2.33008	-2.51921	3.02449
2635.582	-3.63357	2.42245	-2.49761	3.10853
2639.583	-3.53013	2.18791	-2.46065	2.99058
2643.578	-3.57209	1.81313	-2.49453	2.86504
2647.583	-3.66904	1.75085	-2.47103	2.81774
2651.580	-3.45482	2.17709	-2.51438	2.82114
2655.594	-3.41518	2.06635	-2.44561	2.78379
2659.585	-3.50430	1.79421	-2.45589	2.77225
2663.584	-3.43969	1.62505	-2.45805	2.72870
2667.589	-3.56705	1.64576	-2.39629	2.80532
2671.588	-3.65932	1.63014	-2.50756	2.77009
2675.590	-3.69538	1.53086	-2.45626	2.67941
2679.583	-3.53894	1.45937	-2.43659	2.72909
2683.610	-3.46704	1.44238	-2.45052	3.06725
2687.581	-3.66404	1.48720	-2.42502	2.98930
2691.579	-3.66412	1.50350	-2.46409	2.94403
2695.484	-3.61505	1.50601	-2.46095	2.88634
2699.454	-3.68747	1.40776	-2.57073	2.76894
2703.461	-3.44668	1.35009	-2.48564	2.78519
2707.457	-3.65678	1.42409	-2.51460	2.73461
2711.449	-3.71036	1.40779	-2.53241	2.64725
2715.459	-3.76519	1.39304	-2.47687	2.48657
2719.464	-3.62254	1.34612	-2.52436	2.36493
2723.462	-3.60956	1.37419	-2.50273	2.38019
2727.450	-3.71095	1.40883	-2.52141	2.34893
2731.455	-4.04875	1.40294	-2.53521	2.41083
2735.448	-4.30031	1.68091	-2.94319	2.50862
2739.461	-5.89858	1.90409	-4.28202	3.28539
2743.458	-7.71442	3.16344	-5.26539	3.73101
2747.453	-8.58973	3.30829	-6.61565	4.30958
2751.457	-8.84525	3.09837	-6.78887	4.77085
2755.465	-9.24697	2.96657	-7.11024	5.25856
2759.457	-9.21075	3.62934	-7.39481	4.76218
2763.458	-9.67041	3.41357	-8.16751	4.58182
2767.443	-10.31076	3.68860	-8.19747	3.64295
2771.493	-9.55686	3.68389	-8.26422	3.77069
2775.472	-9.22288	3.64615	-8.31732	3.65796
2779.456	-9.20758	3.70554	-8.09859	4.38103
2783.450	-9.57346	3.78931	-8.38809	5.41078
2787.461	-9.51269	3.65056	-8.43800	4.97309
2791.450	-9.55922	3.65709	-8.50901	5.17583
2795.456	-9.72040	3.42749	-8.55996	4.79901
2799.453	-9.79204	3.67249	-8.67381	4.40611
2803.461	-9.85279	3.61849	-8.66365	4.73395
2807.454	-9.74649	3.63999	-8.74796	4.74413
2811.452	-9.73590	3.56056	-8.87401	4.63975
2815.457	-9.64034	3.52369	-8.72246	4.75236
2819.461	-9.74010	3.60242	-8.84249	4.82139
2823.450	-9.85296	3.67755	-8.85136	4.84953
2827.455	-9.84604	3.68589	-8.88729	4.84943
2831.451	-9.77457	3.20376	-8.90529	4.77932
2835.457	-9.80084	3.56489	-8.89986	3.92059
2839.816	-9.84681	3.56676	-8.88893	4.36085
2843.460	-9.78103	3.60713	-8.92055	4.53419
2847.449	-9.71148	3.76542	-8.88433	4.60772
2851.455	-9.74142	3.67866	-8.85487	4.79936
2855.458	-9.64072	3.59446	-8.85838	4.59441
2859.455	-9.77037	3.69743	-8.79833	4.31817
2863.467	-9.77601	3.62111	-8.75332	4.31659
2867.451	-9.67683	3.72769	-8.84477	4.37089
2871.463	-9.68175	3.79241	-8.84106	4.60433
2875.455	-9.70282	3.48719	-8.74862	4.84997
2879.448	-9.71020	3.44773	-8.77065	4.53702
2883.457	-9.70885	3.10874	-8.77654	4.70899
2887.466	-9.68358	3.42523	-8.75158	4.27455
2891.451	-9.68025	3.53696	-8.78384	4.17553
2895.450	-9.71264	3.62548	-8.72251	4.29860
2899.453	-9.69699	3.60908	-8.44023	4.69480
2903.475	-9.25806	3.60186	-6.83939	5.02930
2907.778	-6.57002	3.26715	-4.90193	4.79377
2911.454	-5.05001	2.87427	-3.24701	4.34935
2915.447	-4.04428	2.53265	-1.58274	4.10223
2919.458	-3.45106	1.95428	-1.29990	3.27686
2923.455	-2.11232	1.79546	-0.18948	2.01730
2927.456	-1.29844	1.18366	0.58652	2.13719
2931.453	-0.74456	1.66312	1.30814	1.34508
2935.460	0.83322	1.64444	1.58468	0.72260
2939.452	1.03707	1.86516	1.95406	0.42544
2943.448	1.15315	1.80738	2.01989	0.39761
2947.453	0.86820	1.77904	2.04220	0.72284
2951.450	0.75295	1.84480	2.03181	0.69170
2955.444	0.82260	1.88572	1.92567	0.64387
2959.461	0.88967	2.07769	2.00928	0.57998
2963.451	1.14585	2.01639	1.77581	0.65572
2967.466	1.40254	2.08767	1.86474	0.65698
2971.449	0.79012	1.80455	1.89979	0.55372
2975.497	1.09713	2.08593	2.01702	0.47928
2979.500	1.02188	2.02794	2.13690	0.42829
2983.447	1.27435	1.90652	1.93165	0.46445
2987.450	1.11569	1.92360	1.89972	0.39689
2991.449	1.38654	1.83166	1.89778	0.39612
2995.462	1.38647	1.91236	2.03657	0.28168
2999.450	0.89312	1.80656	1.78632	0.47994
3003.448	1.20482	1.68503	1.91070	0.84695
3007.454	1.02940	1.68335	2.10649	0.73326
3011.453	1.28050	1.59984	2.07546	0.80778
3015.446	0.92200	1.76053	2.01563	0.89953
3019.446	0.97246	1.59115	1.95631	1.26366
3023.461	0.77471	1.58500	2.12439	1.09357
3027.458	0.85443	1.43530	1.97409	0.93588
3031.443	0.88602	0.84893	1.83271	1.22082
3035.451	0.78114	1.41486	2.02336	1.09302
3039.448	0.88364	1.40043	2.28261	0.99199
3043.447	1.06771	1.25752	2.09720	0.88280
3047.459	1.03893	0.98764	1.96075	0.93650
3051.450	1.04721	0.92430	2.06577	0.67868
3055.452	0.97417	0.91198	2.26628	0.55490
3059.443	1.03407	0.80615	2.12017	0.53497
3063.448	1.11544	0.54798	1.99632	0.55704
3067.463	1.00147	0.59517	2.05484	0.46852
3071.450	1.01933	0.93705	2.27010	0.45286
3075.448	1.06178	0.90284	2.21435	0.38951
3079.452	1.15158	0.75499	2.23021	0.39229
3083.448	1.18683	0.76224	1.89870	0.48662
3087.443	1.17379	0.66149	1.98264	0.72542
3091.454	0.94505	0.66107	2.15331	0.82793
3095.450	0.82029	0.69507	2.30060	0.82988
3099.456	0.83692	0.75427	2.18942	0.94406
3103.446	0.67069	0.69567	2.07321	1.01576
3107.466	0.72456	0.71665	2.00700	0.80444
3111.447	0.87468	0.82633	2.13601	0.85564
3115.453	1.05565	0.78972	2.06307	0.69837
3119.462	1.29864	0.79010	1.77615	0.47123
3123.446	1.57627	0.74676	1.91814	0.64628
3127.448	1.57624	0.67082	1.96819	0.78383
3131.447	1.52694	0.46806	2.05752	0.76161
3135.452	1.05590	0.32303	2.04926	0.74111
3139.445	1.11789	0.03471	2.12183	0.68230
3143.449	0.94204	0.21290	2.20766	0.66340
3147.453	1.12105	0.34660	2.18300	0.58520
3151.448	1.05865	0.39418	2.16268	0.73425
3155.445	1.05803	0.38271	2.08297	0.80944
3159.447	1.11690	0.27781	2.00918	0.79044
3163.439	0.97675	0.11414	2.10248	0.91234
3167.453	0.99980	0.12102	2.14285	0.75698
3171.451	0.91909	0.17892	2.19286	0.74039
3175.451	0.91577	0.20329	2.07626	0.04912
3179.470	0.84905	0.19239	2.03018	0.39686
3183.450	0.88222	0.19211	2.07995	0.42148
3187.449	0.92669	0.25283	2.06984	0.56165
3191.443	0.95408	0.27454	2.07737	0.56322
3195.448	0.91689	0.23474	2.07492	0.17152
3199.447	0.49361	0.03305	1.92233	-0.10577
3203.442	-0.49505	-0.56635	1.76078	-2.14222
3207.459	-0.74967	-2.66174	1.55941	-3.07682
3211.451	-0.25138	-3.23519	1.33408	-3.60571
3215.452	-0.69317	-3.50234	1.26882	-3.74739
3219.441	-0.70446	-3.49805	1.04568	-3.93920
3223.448	-0.45028	-3.31406	1.05523	-4.08742
3227.448	-0.14022	-3.21463	1.16272	-3.90079
3231.448	-0.35318	-3.29423	1.30707	-3.92446
3235.443	-0.22033	-3.19049	1.16972	-3.61588
3239.445	-0.23666	-3.12404	0.99625	-3.12337
3243.446	-0.31960	-3.07286	0.92334	-2.96824
3247.446	-0.36129	-3.12371	0.77131	-3.23265
3251.455	-0.25398	-3.14349	0.84344	-3.31382
3255.445	-0.18953	-3.17452	0.89165	-3.21950
3259.452	-0.12091	-3.14366	1.05773	-3.04585
3263.448	-0.02397	-3.14567	0.95696	-3.15356
3267.451	-0.07805	-3.06101	1.04761	-3.16145
3271.443	-0.11605	-3.18989	0.96782	-3.11309
3275.461	-0.14248	-3.03501	0.90053	-3.03229
3279.448	-0.18700	-2.97630	0.86679	-3.03722
3283.449	-0.12334	-2.99489	0.81451	-3.10104
3287.440	-0.02092	-3.17505	0.85476	-3.17626
3291.447	-0.02807	-3.07655	0.93592	-3.29802
3295.445	-0.00566	-3.07144	0.92415	-3.38086
3299.452	-0.04897	-2.99733	0.87714	-3.40479
3303.448	-0.05222	-3.11539	0.81957	-3.40299
3307.446	-0.03544	-3.26101	0.78213	-3.38140
3311.445	-0.03318	-3.24042	0.78761	-3.39578
3315.445	-0.09607	-3.14361	0.75593	-3.32336
3319.459	-0.05720	-3.09914	0.79086	-3.40108
3323.449	-0.12744	-3.08613	0.80947	-3.31821
3327.441	-0.09009	-3.28619	0.84935	-3.18261
3331.445	-0.12168	-3.12500	0.83600	-3.21551
3335.443	-0.13761	-3.00889	0.78528	-3.15568
3339.452	-0.23194	-3.08792	0.78836	-3.17190
3343.449	-0.24465	-3.23257	0.78605	-3.18925
3347.449	-0.29237	-3.38722	0.81076	-3.24602
3351.443	-0.27332	-3.25401	0.86317	-3.28132
3355.444	-0.31228	-3.28568	0.82275	-3.37416
3359.448	-0.28999	-3.28378	0.84635	-3.20716
3363.445	-0.30064	-3.41589	0.86126	-3.20281
3367.437	-0.31518	-3.24865	0.86982	-3.28626
3371.454	-0.26639	-3.05126	0.83181	-3.23508
3375.446	-0.26664	-3.05431	0.81320	-3.24007
3379.451	-0.18871	-3.19676	0.82151	-3.28450
3383.468	-0.18980	-3.28358	0.83265	-3.00826
3387.437	-0.20452	-3.26332	0.86036	-2.97590
3391.456	-0.26344	-3.23345	0.84272	-3.00954
3395.442	-0.23976	-3.26249	0.84044	-3.06157
3399.442	-0.25356	-3.24225	0.84426	-3.01559
3403.441	-0.15819	-3.25062	0.78861	-2.99400
3407.447	-0.18363	-3.32972	0.74766	-3.05252
3411.442	-0.17104	-3.35954	0.78136	-3.09786
3415.453	-0.19896	-3.41176	0.77444	-3.14045
3419.439	-0.28962	-3.46611	0.91530	-3.21614
3423.463	-0.35136	-3.47188	0.93371	-3.27737
3427.440	-0.45773	-3.47629	0.93259	-3.33299
3431.445	-0.59228	-3.48817	0.83148	-3.40778
3435.441	-0.44750	-3.52590	0.87217	-3.44634
3439.440	-0.46063	-3.52971	0.78255	-3.44186
3443.444	-0.39606	-3.49454	0.75374	-3.39578
3447.439	-0.48458	-3.50276	0.73680	-3.39850
3451.490	-0.48810	-3.41594	0.73119	-3.34036
3455.447	-0.45845	-3.42558	0.70469	-3.26287
3459.443	-0.31719	-3.40120	0.67183	-3.17280
3463.451	-0.23820	-3.38060	0.68687	-3.09776
3467.440	-0.22907	-3.33258	0.66221	-3.02265
3471.450	-0.20187	-3.27627	0.69141	-3.02662
3475.444	-0.16789	-3.18643	0.73020	-2.91838
3479.442	-0.10002	-3.10538	0.81116	-2.93696
3483.443	-0.17794	-3.19010	0.80389	-3.08060
3487.441	-0.44892	-3.35739	0.66302	-3.61332
3491.447	-0.98430	-3.64676	0.66183	-5.01112
3495.451	-0.92458	-4.35308	0.61732	-5.23681
3499.446	-1.00546	-4.31538	0.54334	-5.34291
3503.446	-0.96179	-4.15042	0.61039	-5.38866
3507.453	-0.78347	-4.24868	0.57277	-5.16632
3511.440	-1.06877	-4.31320	0.38315	-5.12165
3515.441	-1.10502	-4.29548	0.47599	-4.68469
3519.442	-0.84724	-4.21496	0.28473	-4.52891
3523.442	-0.74012	-4.46478	0.31774	-4.40618
3527.443	-0.56277	-4.54483	0.25058	-4.50665
3531.440	-0.76513	-4.59414	0.22765	-4.85758
3535.450	-0.86081	-4.72562	0.21512	-4.73690
3539.439	-0.93763	-4.86136	0.19308	-4.65573
3543.452	-0.93703	-4.93373	0.16243	-4.51236
3547.444	-0.58287	-4.79204	0.14516	-4.47272
3551.316	-0.59538	-4.82854	0.10766	-4.57128
3555.325	-0.49140	-4.72294	0.16861	-4.55019
3559.319	-0.57151	-4.63659	0.12550	-4.65660
3563.309	-0.67774	-4.71187	0.13647	-4.77379
3567.318	-0.54696	-4.78518	0.12650	-4.74906
3571.312	-0.58406	-4.86107	0.08589	-4.74268
3575.318	-0.52555	-4.93687	0.06306	-4.70830
3579.313	-0.53250	-4.81246	0.00611	-4.67083
3583.318	-0.41678	-4.84104	-0.04467	-4.63171
3587.329	-0.32238	-4.77106	0.00529	-4.53564
3591.317	-0.32168	-4.72891	0.00231	-4.45639
3595.322	-0.32551	-4.76109	0.00422	-4.28093
3599.313	-0.31952	-4.73145	-0.01966	-4.15380
3603.316	-0.30878	-4.76354	-0.02390	-4.11889
3607.314	-0.31379	-4.75540	0.04619	-4.13113
3611.318	-0.30059	-4.77949	0.05822	-4.01193
3615.313	-0.33134	-4.73049	0.10644	-4.02818
3619.313	-0.35806	-4.65662	0.17176	-4.04189
3623.314	-0.37722	-4.65417	0.25267	-4.06058
3627.314	-0.45274	-4.62236	0.24564	-4.02409
3631.322	-0.49661	-4.61393	0.33757	-4.06384
3635.318	-0.58657	-4.60912	0.37365	-4.13248
3639.329	-0.69449	-4.65729	0.36459	-4.19751
3643.317	-0.72568	-4.60374	0.41224	-4.31274
3647.312	-0.80734	-4.59447	0.42663	-4.37455
3651.314	-0.90187	-4.54219	0.38727	-4.43976
3655.370	-0.94487	-4.59390	0.36305	-4.49352
3659.313	-0.97745	-4.58305	0.33017	-4.53929
3663.311	-1.02881	-4.56695	0.33575	-4.60662
3667.319	-1.03630	-4.55179	0.28791	-4.60210
3671.312	-1.09373	-4.56029	0.25939	-4.65669
3675.336	-1.13588	-4.53354	0.20308	-4.66244
3679.331	-1.18582	-4.52302	0.16737	-4.69910
3683.316	-1.14642	-4.53540	0.15844	-4.75851
3687.318	-1.20623	-4.57465	0.15399	-4.79135
3691.313	-1.12918	-4.66643	0.13325	-4.78327
3695.316	-0.95457	-4.70464	0.20174	-4.81715
3699.315	-1.03980	-4.81617	0.24775	-4.82069
3703.334	-0.91314	-4.76802	0.28404	-4.76651
3707.312	-0.86051	-4.75910	0.29667	-4.73578
3711.322	-0.87801	-4.81223	0.33191	-4.64602
3715.317	-0.78312	-4.69483	0.31915	-4.61650
3719.314	-0.75789	-4.69600	0.33459	-4.53141
3723.342	-0.69722	-4.61019	0.35568	-4.49340
3727.310	-0.72953	-4.63916	0.36675	-4.56831
3731.312	-0.71322	-4.66734	0.34471	-4.51197
3735.309	-1.71065	-4.43048	-0.13233	-4.37296
3739.314	-3.71748	-4.13071	-1.37756	-4.05935
3743.326	-4.93642	-3.55213	-2.54737	-2.87508
3747.314	-5.49664	-3.53406	-2.96935	-2.27957
3751.319	-6.62424	-3.43642	-3.17710	-1.44860
3755.314	-6.92261	-3.04902	-3.66046	-1.08498
3759.315	-7.28669	-2.87473	-4.01376	-0.45614
3763.312	-7.73723	-2.62904	-4.31269	-0.44935
3767.301	-7.50874	-2.48004	-4.46280	0.50666
3771.320	-7.44730	-2.29633	-4.05357	0.68121
3775.308	-7.05860	-1.95477	-4.42220	0.43190
3779.314	-7.01607	-1.83581	-4.08231	-0.31228
3783.309	-7.26117	-2.05273	-4.41956	-0.07460
3787.317	-7.40147	-1.69486	-4.44289	-0.12241
3791.313	-7.28259	-1.48603	-4.53717	0.30060
3795.310	-7.38915	-1.51752	-4.64487	0.33213
3799.313	-7.18052	-1.22740	-4.71407	0.15057
3803.318	-7.43066	-1.37162	-4.80500	0.01657
3807.308	-7.28400	-1.40733	-4.68987	0.21853
3811.316	-7.19635	-1.47237	-4.70665	0.38126
3815.312	-7.38390	-1.68035	-4.82584	0.43995
3819.314	-7.22852	-1.45904	-4.67870	0.22884
3823.312	-7.31425	-1.47172	-4.79477	0.18814
3827.307	-7.30466	-1.45709	-4.78208	0.34041
3831.321	-7.16708	-1.32090	-4.80588	0.66931
3835.318	-7.21633	-1.35215	-4.79336	0.52720
3839.316	-7.22361	-1.51574	-4.87111	0.42692
3843.313	-7.25812	-1.61063	-4.92169	0.09910
3847.321	-7.31286	-1.62432	-4.93935	0.43524
3851.313	-7.17050	-1.57342	-4.97960	0.49542
3855.311	-7.21926	-1.32351	-4.98603	0.62180
3859.309	-7.11848	-1.00465	-4.94041	0.50354
3863.334	-7.21318	-1.00624	-4.98184	0.48148
3867.315	-7.28962	-1.04990	-4.95369	0.41672
3871.306	-7.15667	-1.03525	-5.06518	0.31880
3875.312	-7.13053	-0.92192	-5.06560	0.24108
3879.309	-7.29426	-0.87765	-5.05607	0.20485
3883.327	-7.36947	-0.90771	-5.03669	0.22335
3887.324	-7.14240	-0.91174	-4.96216	0.38948
3891.309	-7.08605	-0.72805	-4.94753	0.24541
3895.312	-7.05525	-0.66064	-4.86354	0.26451
3899.308	-7.11403	-0.74184	-4.88390	0.23749
3903.313	-7.21833	-0.69427	-4.97728	0.15425
3907.309	-7.01167	-0.72958	-4.94115	0.13260
3911.341	-7.09221	-0.62772	-4.99083	0.12739
3915.306	-7.12368	-0.63779	-4.92762	0.13104
3919.313	-7.13854	-0.99856	-5.00484	0.07397
3923.307	-7.11802	-1.28038	-4.97260	0.12489
3927.328	-7.01186	-1.37851	-4.87623	-0.00577
3931.309	-6.98925	-1.19771	-4.91829	-0.03785
3935.316	-7.04658	-0.96624	-4.90715	0.01325
3939.308	-6.99206	-0.94204	-4.84718	0.09889
3943.308	-7.01438	-0.91665	-4.81212	0.14463
3947.305	-6.95910	-0.95868	-4.83151	0.23134
3951.308	-7.10626	-1.04798	-4.76588	0.40923
3955.308	-7.01834	-1.54562	-4.75324	0.28835
3959.304	-6.89957	-1.41486	-4.65900	0.35151
3963.321	-6.26709	-1.08287	-4.40335	0.16791
3967.306	-3.69845	-0.86789	-2.44239	0.69757
3971.321	-3.07988	-0.51305	-1.46375	1.23466
3975.308	-2.15306	-0.36348	-0.30930	0.77268
3979.312	-1.42456	-0.06208	0.14394	0.55688
3983.303	-1.56662	-0.43769	0.53957	0.46964
3987.318	-0.59883	-0.19627	0.75915	0.68338
3991.314	-0.56265	-0.03563	0.90766	0.83387
3995.306	-0.26781	-0.06518	0.91994	1.36984
3999.303	-0.41966	0.15416	0.86193	1.14827
4003.321	-0.61089	0.16481	0.91614	0.66075
4007.305	-0.78245	-0.01926	0.95782	0.55548
4011.312	-0.90386	-0.22091	0.91661	0.57541
4015.306	-0.63243	-0.17103	1.02474	0.61566
4019.311	-0.65171	-0.16476	1.09309	0.67761
4023.303	-0.56560	-0.12769	1.08326	1.12073
4027.305	-0.43380	-0.05474	1.15476	1.31993
4031.315	-0.30334	-0.14199	1.16629	1.17347
4035.314	-0.27155	-0.19700	1.20685	0.92343
4039.305	-0.28763	-0.14216	1.12650	0.73677
4043.308	-0.46028	-0.26806	1.22742	0.50317
4047.304	-0.45190	-0.07532	1.24076	0.42124
4051.319	-0.28245	-0.10307	1.21472	0.50319
4055.309	-0.28709	-0.00204	1.25701	0.63405
4059.307	-0.55371	0.15356	1.28618	0.55000
4063.307	-0.57051	0.26033	1.18629	0.65672
4067.339	-0.55185	0.32436	1.23186	0.52694
4071.310	-0.49805	0.29972	1.31126	0.54148
4075.306	-0.48411	0.27447	1.16907	0.56876
4079.307	-0.49051	0.37481	1.16386	0.52521
4083.305	-0.54205	0.31244	1.21412	0.59501
4087.308	-0.51515	0.32151	1.25446	0.57349
4091.304	-0.58119	0.19784	1.16577	0.65213
4095.312	-0.74198	0.38575	1.17996	0.65985
4099.302	-0.79744	0.35906	1.21080	0.60276
4103.315	-0.68819	0.32942	1.18190	0.58366
4107.304	-0.65114	0.18171	1.21812	0.42795
4111.303	-0.65456	0.01993	1.23047	0.46195
4115.321	-0.64340	-0.20285	1.26555	0.38327
4119.323	-0.66409	-0.19078	1.28794	0.49245
4123.309	-0.72419	-0.31792	1.32247	0.38878
4127.322	-0.73814	-0.54759	1.27276	0.43109
4131.377	-0.72461	-0.44610	1.26892	0.41912
4135.320	-0.68335	-0.41929	1.32064	0.35723
4139.306	-0.57903	-0.06207	1.32746	0.42092
4143.301	-0.58511	-0.15249	1.31339	0.79106
4147.308	-0.61196	0.16352	1.31920	0.95896
4151.303	-0.63769	0.27861	1.27135	1.26110
4155.307	-0.60287	0.31723	1.28928	1.14667
4159.300	-0.63734	0.03240	1.28092	1.21283
4163.318	-0.61746	-0.25963	1.22070	1.29847
4167.299	-0.51607	-0.29380	1.21018	1.19361
4171.316	-0.50359	-0.14218	1.16940	1.32005
4175.308	-0.60416	-0.10958	1.13943	1.41094
4179.309	-0.58136	-0.19704	1.11112	1.40736
4183.307	-0.58488	-0.37269	1.15972	1.43050
4187.310	-0.60771	-0.46593	1.15868	1.37284
4191.302	-0.57305	-0.44778	1.18483	1.37728
4195.306	-0.57384	-0.44755	1.15290	1.33506
4199.320	-0.52803	-0.35542	1.15506	1.32006
4203.309	-0.45187	-0.38890	1.11189	1.35864
4207.302	-0.41859	-0.35265	1.17974	1.30256
4211.305	-0.41524	-0.19914	1.22774	1.29191
4215.303	-0.38055	-0.18795	1.20338	1.28857
4219.307	-0.37209	-0.18925	1.22382	1.22025
4223.313	-0.36050	-0.36892	1.23069	1.25514
4227.302	-0.37774	-0.26739	1.12814	1.29762
4231.305	-0.36164	-0.19514	1.05679	1.34804
4235.304	-0.36360	-0.29520	1.04898	1.36542
4239.299	-0.34978	-0.30402	1.04841	1.39082
4243.307	-0.36015	-0.32146	1.03593	1.46971
4247.303	-0.45549	-0.27437	1.06255	1.32256
4251.303	-0.56788	-0.26970	1.08807	1.13672
4255.305	-0.62970	-0.29760	1.04141	0.78672
4259.328	-0.64094	-0.30975	1.05084	0.57027
4263.304	-0.67531	-0.24335	1.01977	0.18164
4267.340	-0.62523	-0.12061	1.00876	0.25804
4271.304	-0.70697	-0.03712	1.04329	0.51063
4275.301	-0.65389	-0.07178	1.09125	0.57648
4279.305	-0.64287	0.04664	1.11144	0.62288
4283.301	-0.68784	0.10237	1.13682	0.98153
4287.314	-0.56270	-0.07594	1.15788	1.33299
4291.309	-0.63791	-0.00219	1.20286	1.54468
4295.304	-0.57168	0.04838	1.19475	1.60630
4299.302	-0.53217	0.12193	1.13814	0.94708
4303.310	-0.53012	0.21506	1.16595	1.01547
4307.305	-0.47130	0.30879	1.16942	0.59844
4311.343	-0.48704	0.18152	1.26423	0.53294
4315.301	-0.45984	0.09539	1.33574	0.73112
4319.301	-0.51654	-0.06555	1.32270	0.88398
4323.309	-0.59295	0.06515	1.34834	1.04530
4327.300	-0.57004	0.13132	1.37347	1.18154
4331.303	-0.63578	0.27879	1.34976	1.38700
4335.380	-0.55850	0.26945	1.30295	1.22014
4339.308	-0.54987	0.42994	1.26383	1.19570
4343.299	-0.61843	0.54646	1.24511	1.36610
4347.306	-0.64953	0.31978	1.25004	1.05820
4351.299	-0.70558	0.36311	1.27393	1.14146
4355.314	-0.74702	0.03498	1.16751	1.16147
4359.305	-0.74806	0.13504	1.12194	0.87679
4363.303	-0.75297	0.14595	1.12640	0.97944
4367.296	-0.75962	0.10982	1.08582	1.10952
4371.294	-0.78699	0.10856	1.07391	1.11127
4375.309	-0.73255	0.15569	1.03873	1.03498
4379.304	-0.71315	0.28191	1.02531	0.97592
4383.310	-0.71967	0.26308	1.03786	0.91040
4387.309	-0.75166	0.27274	1.06302	0.91185
4391.304	-0.77347	0.31419	1.08448	0.97327
4395.299	-0.66538	0.35420	1.02816	1.05935
4399.301	-0.65637	0.29779	1.11095	1.13065
4403.178	-0.59985	0.43200	1.07024	1.24341
4407.199	-0.65583	0.45418	1.05627	1.34185
4411.177	-0.66434	0.41045	0.96983	1.41117
4415.174	-0.58215	0.45960	1.03942	1.32319
4419.177	-0.60312	0.45264	1.04672	1.31551
4423.175	-0.62809	0.44949	1.09631	1.21494
4427.179	-0.65106	0.27434	1.08602	1.22135
4431.182	-0.61124	-0.14367	1.10031	0.46925
4435.173	-0.65593	0.16056	1.04610	0.66994
4439.176	-0.70089	0.41971	1.09507	0.97573
4443.176	-0.54791	0.58147	1.09090	1.46852
4447.177	-0.63310	0.49356	1.09800	1.32031
4451.173	-0.59622	0.45401	1.14521	1.36448
4455.177	-0.57022	0.51158	1.14032	1.16215
4459.173	-0.48359	0.63291	1.19423	0.86037
4463.193	-0.50371	0.56076	1.26001	0.81224
4467.174	-0.50212	0.61390	1.25391	0.54619
4471.175	-0.55905	0.67705	1.18592	0.31608
4475.182	-0.48408	0.69353	1.14226	0.57850
4479.176	-0.48788	0.72255	1.16503	0.92548
4483.185	-0.45897	0.65930	1.19467	0.86830
4487.191	-0.46937	0.62302	1.19095	0.63811
4491.209	-0.45602	0.60233	1.12340	0.69973
4495.193	-0.47207	0.57254	1.11082	0.65683
4499.172	-0.49768	0.53273	1.11122	0.71340
4503.180	-0.49649	0.47638	1.00010	1.89362
4507.181	-0.48617	0.45817	1.04585	1.94343
4511.176	-0.49113	0.41076	1.05126	1.59220
4515.180	-0.48825	0.63137	1.03630	1.73038
4519.176	-0.54386	1.08143	1.00129	1.46640
4523.173	-0.52294	1.15265	0.99484	1.28146
4527.178	-0.49833	0.97960	1.00025	1.85676
4531.172	-0.42581	1.36238	-4.40426	1.92173
4535.175	-0.80473	1.51644	3.95421	1.73821
4539.171	-0.56344	1.57846	NaN	NaN
4543.184	2.88138	1.74442	NaN	NaN
4547.178	3.37865	2.50106	NaN	NaN
4551.174	3.58344	9.80760	18.04736	13.63173
4555.180	3.47260	4.82419	NaN	NaN
4559.185	NaN	NaN	NaN	NaN
4563.206	NaN	NaN	NaN	NaN
4567.184	NaN	NaN	NaN	NaN
4571.169	NaN	NaN	NaN	NaN
4575.171	NaN	NaN	NaN	NaN
4579.176	6.13247	13.83445	NaN	NaN
4583.173	NaN	NaN	NaN	NaN
4587.174	NaN	NaN	NaN	NaN
4591.177	NaN	NaN	NaN	NaN
4595.173	NaN	NaN	NaN	NaN
4599.178	NaN	NaN	NaN	NaN
4603.199	NaN	NaN	NaN	NaN
4608.032	NaN	NaN	NaN	NaN
4612.194	NaN	NaN	NaN	NaN
4616.394	NaN	NaN	NaN	NaN
4620.431	NaN	NaN	NaN	NaN
4624.341	NaN	NaN	NaN	NaN
4628.407	NaN	NaN	NaN	NaN
4632.306	NaN	NaN	NaN	NaN
4635.368	NaN	NaN	NaN	NaN
4639.452	NaN	NaN	NaN	NaN
4643.209	NaN	NaN	NaN	NaN
4647.172	NaN	NaN	NaN	NaN
4651.180	NaN	NaN	NaN	NaN
4655.171	NaN	NaN	NaN	NaN
4659.176	NaN	NaN	NaN	NaN
4663.166	NaN	NaN	NaN	NaN
4667.179	-2.01471	11.23902	NaN	NaN
4671.168	-1.64303	1.31000	NaN	NaN
4675.210	0.38983	0.74748	NaN	NaN
4679.169	2.18649	0.15388	NaN	NaN
4683.174	1.83476	0.41315	NaN	NaN
4687.161	3.14729	-0.09892	NaN	NaN
4691.187	3.58267	0.09633	-2.03853	13.15528
4695.175	0.56908	0.92305	4.10826	-2.16642
4699.201	-1.59026	1.72811	2.93520	-0.42830
4703.171	-1.71355	1.73091	-4.80665	-0.11428
4707.167	-1.64238	2.05407	-4.11016	0.81089
4711.179	-1.67628	2.09752	-3.54559	0.35034
4715.173	-1.73524	2.19816	-1.73437	0.41985
4719.171	-1.79202	2.16991	-1.11043	0.52324
4723.172	-4.50269	2.05194	-0.84295	0.07548
4727.180	-0.07862	1.11365	1.00412	-0.00957
4731.173	0.22390	0.61683	1.22762	-0.13845
4735.173	0.28093	0.61272	1.17986	-0.11756
4739.165	-1.16163	0.19453	1.38369	-0.14155
4743.223	-0.94562	0.01406	1.20279	0.02725
4747.183	-0.73020	0.00427	1.04778	0.09846
4751.174	-0.46031	0.08324	0.84109	0.05168
4755.172	-0.66642	-0.05879	0.87500	-0.05347
4759.168	-0.48086	-0.07536	0.92344	-0.00870
4763.194	-0.64841	-0.01568	0.88327	-0.03719
4767.177	-0.63503	-0.06828	0.91197	-0.05203
4771.170	-0.57784	-0.13020	0.86716	0.04206
4775.167	-0.58352	-0.24641	0.83520	0.09568
4779.172	-0.60352	-0.30995	0.77742	0.07439
4783.168	-0.52887	-0.23094	0.74221	0.09951
4787.176	-0.51269	-0.21854	0.69667	0.15266
4791.166	-0.49034	-0.26568	0.69168	0.20084
4795.170	-0.55347	-0.32416	0.68216	0.18300
4799.164	-0.47011	-0.11922	0.65486	0.20432
4803.176	-0.50039	0.05964	0.60478	0.14812
4807.173	-0.54285	0.06227	0.59315	0.12675
4811.173	-0.55627	0.06137	0.56138	0.14417
4815.161	-0.50793	0.05069	0.57838	0.15965
4819.177	-0.69005	0.02626	0.61794	0.12476
4823.165	-0.64404	0.09986	0.62094	0.23158
4827.175	-0.69034	-0.01054	0.58225	0.22353
4831.170	-0.63794	0.00591	0.56389	0.21516
4835.171	-0.72672	0.09606	0.58292	0.17031
4839.171	-0.68541	0.10190	0.61166	0.24231
4843.167	-0.73342	0.11971	0.56997	0.23851
4847.173	-0.72724	0.01891	0.58543	0.23536
4851.172	-0.77029	-0.02418	0.60796	0.27499
4855.170	-0.70727	0.02708	0.61699	0.28279
4859.169	-0.73739	0.03998	0.62890	0.22711
4863.173	-0.73972	0.00547	0.61344	0.23295
4867.159	-0.77144	0.00962	0.61478	0.08468
4871.177	-0.79880	0.00991	0.63848	0.15676
4875.168	-0.78568	-0.05655	0.64575	0.14938
4879.186	-0.80387	-0.11770	0.63417	0.13676
4883.173	-0.80531	-0.32730	0.63977	0.06408
4887.182	-0.79555	-0.34492	0.66347	0.00865
4891.170	-0.84359	-0.33520	0.63856	0.01344
4895.166	-0.74953	-0.33526	0.67469	0.00268
4899.169	-0.61062	-0.34227	0.92244	0.07178
4903.175	0.31650	-0.39201	1.83747	0.09870
4907.191	1.68731	-0.36278	3.41963	0.05514
4911.168	2.27976	-0.46601	3.61191	-0.05669
4915.165	2.56171	-0.37598	3.86719	-0.06897
4919.173	3.16750	-0.26069	3.92304	-0.25091
4923.164	2.77800	-0.27175	3.95629	-0.24547
4927.164	2.72419	-0.34089	3.89253	-0.42458
4931.173	2.65929	-0.39010	3.76376	-0.28202
4935.164	2.34002	-0.41716	3.47601	-0.40709
4939.177	2.48527	-0.44427	3.66901	-0.29391
4943.163	2.54930	-0.51862	3.65346	-0.31918
4947.173	2.58497	-0.63631	3.73097	-0.42019
4951.171	2.71869	-0.66585	3.75331	-0.50307
4955.165	2.59943	-0.76125	3.84308	-0.45879
4959.178	2.61075	-0.80060	3.78706	-0.46095
4963.169	2.52082	-0.84901	3.78469	-0.45480
4967.178	2.57902	-0.85403	3.72620	-0.45469
4971.168	2.57652	-0.78268	3.73962	-0.46018
4975.172	2.66949	-0.72661	3.76287	-0.47584
4979.164	2.83343	-0.79393	3.81896	-0.48590
4983.175	2.69589	-0.77754	3.84194	-0.51593
4987.173	2.66432	-0.65362	3.86595	-0.54304
4991.166	2.74328	-0.54589	3.87905	-0.56210
4995.170	2.68197	-0.59853	3.89424	-0.57912
4999.165	2.67491	-0.61058	3.84174	-0.64378
5003.169	2.68881	-0.50456	3.84745	-0.73865
5007.167	2.75594	-0.38886	3.85098	-0.80736
5011.160	2.75618	-0.32383	3.86963	-0.86276
5015.218	2.72699	-0.29410	3.88750	-0.88860
5019.171	2.62437	-0.25235	3.91252	-0.90059
5023.164	2.61555	-0.16771	3.93292	-0.86228
5027.164	2.64114	-0.01512	3.95130	-0.86952
5031.167	2.61513	-0.10873	3.95822	-0.88835
5035.162	2.59455	-0.04600	3.96175	-0.89774
5039.169	2.56374	-0.00124	3.92969	-0.88863
5043.163	2.57380	0.00727	3.92717	-0.87316
5047.166	2.65300	0.08961	3.87625	-0.83125
5051.163	2.72075	0.08749	3.82282	-0.81095
5055.174	2.68948	0.03770	3.85889	-0.78789
5059.170	2.75195	0.01052	3.82586	-0.77302
5063.178	2.83058	0.00045	3.85333	-0.80587
5067.155	2.93879	0.05919	3.84520	-0.82457
5071.176	2.96760	-0.01355	3.80261	-0.84662
5075.165	2.98091	-0.05392	3.80340	-0.82503
5079.163	3.08503	-0.08231	3.80527	-0.86005
5083.182	3.12311	-0.12672	3.81921	-0.84073
5087.174	3.18868	-0.18995	3.81582	-0.74886
5091.163	3.17886	-0.49564	3.89965	-0.80317
5095.166	3.14276	-0.54269	3.90857	-0.85673
5099.168	3.13697	-0.22611	3.91259	-0.91519
5103.187	3.11700	-0.22711	3.94283	-0.84695
5107.164	3.01940	-0.25976	3.93396	-0.91271
5111.178	2.79565	-0.42071	3.95599	-0.89876
5115.183	2.94111	-0.33864	3.90343	-0.54369
5119.158	2.95752	-0.45400	3.99037	-0.85471
5123.172	2.91799	-0.58367	3.91855	-0.99340
5127.162	2.91344	-0.68499	3.98170	-0.99657
5131.159	2.85905	-0.69306	3.88942	-1.00518
5135.158	2.84106	-0.19927	3.89676	-1.03502
5139.174	2.76658	-0.31085	3.96471	-0.96609
5143.159	2.82437	-0.40238	3.86348	-0.95780
5147.166	2.82449	-0.44179	3.79969	-0.99089
5151.188	1.89937	-0.86957	3.24261	-0.98622
5155.168	0.80967	-0.67632	3.33136	-1.35568
5159.162	-0.05636	-1.32234	2.52389	-1.34160
5163.166	-0.23681	-1.69386	2.70339	-2.11329
5167.166	0.00735	-1.86124	2.07125	-2.20499
5171.162	-0.20775	-2.02820	1.92857	-2.03468
5175.162	-0.17931	-2.17161	1.60107	-1.94629
5179.164	-0.33697	-2.15042	1.53530	-1.86415
5183.179	0.06410	-2.07191	1.76430	-2.16444
5187.168	0.11481	-2.01560	1.52516	-2.08587
5191.165	0.10987	-2.00942	1.67234	-1.94662
5195.161	-0.08614	-2.09211	1.56372	-2.13078
5199.162	-0.05594	-2.09740	1.46804	-2.15253
5203.162	0.08036	-2.03905	1.47280	-2.18001
5207.166	-0.00516	-1.95256	1.45790	-2.13294
5211.162	0.04648	-1.81790	1.45398	-2.18412
5215.163	0.04569	-1.70097	1.43592	-2.18208
5219.184	0.16638	-1.61029	1.52010	-2.06471
5223.168	0.15615	-1.51278	1.52903	-2.17405
5227.164	0.20283	-1.34023	1.43932	-2.11026
5231.163	2.96745	2.23232	1.47789	-2.09881
5235.155	5.36489	2.05566	1.48999	-2.10840
5239.179	7.33855	1.96198	1.41102	-1.89740
5243.158	5.51223	2.01345	1.41263	-2.00209
5247.165	5.62220	1.60994	1.40914	-2.16948
5251.175	8.15834	3.98865	1.37754	-2.25540
5255.159	8.70226	2.14767	1.35611	-2.01988
5259.039	8.80929	2.16633	1.33168	-2.05905
5263.036	9.70295	2.78348	1.35477	-2.15871
5267.034	9.03854	2.87828	1.30079	-2.13732
5271.041	9.43455	2.91238	1.28621	-1.75004
5275.041	9.94688	2.86974	1.27073	-1.78298
5279.034	10.88884	2.63349	1.26599	-1.92883
5283.031	11.08098	2.66645	1.31347	-2.09484
5287.038	10.84343	2.72318	1.31957	-2.18315
5291.044	11.21988	2.51235	1.33118	-2.19502
5295.033	13.44505	4.56056	1.30821	-2.16190
5299.038	13.55984	6.03877	1.29092	-2.24068
5303.028	15.77239	2.22222	1.27066	-2.28611
5307.055	16.19922	2.62412	1.27805	-2.45395
5311.061	16.19164	4.93377	1.25845	-2.38890
5315.043	16.81083	3.89126	1.34839	-2.52609
5319.032	13.94960	5.01224	1.36848	-2.47740
5323.032	16.72585	1.88894	1.30444	-2.54758
5327.039	16.49236	2.04845	1.30982	-2.58157
5331.032	13.91589	2.11712	1.29234	-2.55310
5335.034	18.01747	2.11183	1.23173	-2.44348
5339.034	17.05589	2.15017	1.31903	-2.43291
5343.035	15.29053	1.71123	1.30995	-2.17683
5347.038	16.80291	1.94290	1.26738	-2.08017
5351.044	18.61332	0.97191	1.26048	-2.09687
5355.047	17.18154	2.06586	1.25882	-2.02819
5359.039	18.59945	1.20497	1.24632	-1.97575
5363.055	17.44711	1.80210	1.22372	-2.03911
5367.037	18.74009	1.03348	1.29020	-2.11890
5371.030	18.90536	-2.14593	1.18979	-2.00080
5375.032	16.90857	-2.18326	1.31049	-2.11238
5379.037	16.93421	-2.31586	1.31126	-2.04597
5383.029	16.94781	-2.36394	1.21861	-1.93008
5387.050	14.92146	-2.57139	1.23183	-1.80204
5391.026	17.92610	-3.12001	1.29504	-1.79537
5395.054	17.05417	-2.92852	1.32156	-2.11423
5399.033	15.02189	-2.69281	1.33128	-1.92643
5403.032	18.03807	-4.48984	1.28653	-2.07080
5407.032	18.86566	-7.21712	1.24391	-2.06029
5411.038	15.32959	-7.14895	1.21385	-1.90842
5415.029	15.14197	-7.25102	1.31649	-1.86911
5419.032	18.33476	-9.32802	1.34827	-1.79888
5423.054	16.95774	-7.71040	1.35360	-1.95068
5427.036	16.35312	-7.40158	1.35373	-1.91048
5431.036	17.73130	-10.53746	1.30407	-2.02550
5435.035	15.79283	-11.15337	1.42707	-2.02619
5439.032	15.43807	-11.55716	1.36811	-1.88625
5443.049	14.61399	-11.70767	1.37253	-1.94309
5447.042	-19.99372	-11.67333	1.40814	-2.10312
5451.030	-19.99372	-11.77629	1.43798	-1.81653
5455.035	-19.99372	-11.83889	1.45073	-1.99367
5459.027	-19.99372	-11.88127	1.48880	-2.15214
5463.050	16.29340	-13.82959	1.47161	-2.05488
5467.034	-19.99372	-11.92485	1.44381	-1.79325
5471.036	-19.99372	-11.94709	1.42387	-1.97972
5475.031	-19.99372	-11.97525	1.45314	-2.13763
5479.036	-19.99372	-12.01612	1.44088	-1.83316
5483.024	-19.99372	-12.05145	1.45775	-1.66893
5487.037	-19.99372	-12.08379	1.46856	-2.13950
5491.071	-19.99372	-12.08359	1.48719	-2.05330
5495.052	-19.99372	-12.08336	1.48845	-1.61961
5499.051	-19.99372	-12.08314	1.48429	-1.82007
5503.034	-19.99372	-12.08287	1.44252	-2.14189
5507.030	NaN	NaN	1.42122	-1.93844
5511.042	NaN	NaN	1.45195	-1.87139
5515.040	NaN	NaN	1.50043	-1.83083
5519.034	NaN	NaN	1.51730	-2.04263
5523.037	NaN	NaN	1.48193	-2.02066
5527.033	0.44696	0.21114	1.50031	-2.08567
5531.037	0.78297	-0.51275	1.48458	-1.75800
5535.030	0.95179	-0.48644	1.50621	-1.60483
5539.032	0.75067	-0.78472	1.50415	-1.92182
5543.025	0.45887	-1.50502	1.47913	-2.03734
5547.037	0.22373	-2.31848	1.38156	-1.94899
5551.031	-0.20261	-2.36488	1.17284	-1.78908
5555.028	-0.06378	-2.37459	1.42092	-1.89961
5559.065	-0.02196	-2.22271	1.41025	-1.81740
5563.037	-0.06284	-2.18475	1.41998	-1.78860
5567.035	-0.23892	-2.09048	1.49180	-2.05141
5571.031	0.02097	-2.23928	1.42732	-1.91270
5575.027	-0.24604	-2.17217	1.44842	-1.68765
5579.047	-0.31746	-2.06114	1.41315	-1.66313
5583.028	-0.29801	-2.04114	1.39346	-1.82210
5587.040	-0.36477	-2.11805	1.40916	-1.89703
5591.032	-0.39621	-2.09221	1.59695	-1.90330
5595.028	-0.29349	-2.04759	1.55353	-1.62291
5599.039	-0.34427	-2.10233	1.54631	-1.71400
5603.032	-0.34881	-2.09381	1.55378	-1.68273
5607.039	-0.40718	-2.27371	1.51340	-1.86392
5611.026	-0.35700	-2.40039	1.60367	-1.67407
5615.030	-0.39402	-2.20321	1.57964	-1.50233
5619.044	-0.37526	-2.32207	1.55524	-1.70690
5623.030	-0.33873	-2.35597	1.69178	-1.82190
5627.059	-0.33399	-2.37294	1.67841	-1.96554
5631.043	-0.30640	-2.44642	1.62661	-1.70493
5635.035	-0.26267	-2.39580	1.57208	-1.63337
5639.027	-0.30687	-2.51547	1.59499	-1.77077
5643.033	-0.25220	-2.42445	1.59469	-1.98351
5647.048	-0.29411	-2.38523	1.57461	-1.96478
5651.030	-0.27550	-2.42859	1.65634	-1.96877
5655.041	-0.24852	-2.34170	1.61634	-1.74943
5659.027	-0.25393	-2.34780	1.62163	-1.93387
5663.040	-0.21450	-2.36024	1.65332	-2.31501
5667.026	-0.24790	-2.32987	1.53751	-2.13192
5671.029	-0.23294	-2.28916	1.60995	-2.15236
5675.039	-0.39713	-2.23248	1.60536	-2.05396
5679.037	-0.33419	-2.36942	1.64305	-1.97756
5683.030	-0.32665	-2.26808	1.61570	-2.01168
5687.033	-0.33427	-2.32685	1.61880	-1.94935
5691.030	-0.21254	-2.34220	1.59336	-1.91705
5695.055	-0.33226	-2.29341	1.54599	-1.92823
5699.030	-0.32171	-2.38884	1.63261	-2.37006
5703.054	-0.33876	-2.35989	1.53356	-1.89447
5707.026	-0.38727	-2.32056	1.58738	-2.03785
5711.031	-0.45068	-2.22602	1.54105	-1.90151
5715.041	-0.45927	-2.34728	1.55566	-1.87440
5719.030	-0.45693	-2.22678	1.50901	-1.84526
5723.025	-0.27304	-2.24390	1.50735	-1.97196
5727.032	-0.25502	-2.27861	1.56508	-2.05380
5731.031	-0.39122	-2.27595	1.60102	-2.06920
5735.033	-0.12272	-2.22752	1.61677	-1.98607
5739.030	-0.10500	-2.06300	1.62309	-1.95376
5743.028	-0.23103	-2.20205	1.46561	-2.00497
5747.026	-0.24651	-2.09222	1.55561	-2.11774
5751.031	-0.12841	-2.06866	1.55943	-2.05676
5755.025	0.04068	-2.06020	1.55264	-1.95242
5759.023	-0.13310	-2.10494	1.47558	-1.93400
5763.081	-0.07349	-2.16013	1.71801	-2.21767
5767.050	-0.22112	-2.22235	1.62177	-2.24407
5771.050	-0.16347	-2.13315	1.65736	-2.12180
5775.027	-0.13084	-1.95511	1.49369	-2.03757
5779.026	-0.16154	-1.92029	1.64017	-1.90184
5783.026	-0.08433	-1.98929	1.43352	-1.98512
5787.031	-0.15049	-2.02989	1.56938	-2.18311
5791.023	-0.24612	-2.16416	1.50641	-2.15787
5795.030	-1.07441	-2.44372	1.23585	-2.26163
5799.026	-2.03967	-3.00499	0.97450	-2.40099
5803.031	-2.70022	-3.19408	0.08128	-2.70322
5807.039	-2.64230	-3.77881	-0.10619	-3.08524
5811.037	-2.92866	-3.44734	-0.70191	-2.87964
5815.034	-3.06961	-3.64623	-0.54667	-2.75657
5819.039	-3.20622	-3.44074	-0.75722	-2.76179
5823.028	-3.04152	-3.23953	-0.67714	-2.83553
5827.029	-3.08971	-3.24092	-0.73494	-2.67533
5831.063	-2.86551	-3.38140	-0.66518	-2.56126
5835.040	-2.64440	-3.43197	-0.73781	-2.70518
5839.026	-2.94074	-3.43103	-0.76039	-2.75304
5843.029	-3.03766	-3.36661	-0.88076	-2.73639
5847.022	-2.95567	-3.29828	-0.87828	-2.77665
5851.032	-2.95814	-3.22162	-0.84319	-2.84420
5855.031	-2.86192	-3.25752	-0.89329	-2.79434
5859.029	-2.69718	-3.25461	-0.83044	-3.11891
5863.025	-2.76891	-3.17742	-0.86682	-3.24568
5867.023	-2.84113	-3.17244	-0.83302	-3.21920
5871.023	-2.74229	-3.20634	-0.77223	-3.46192
5875.034	-2.86452	-3.17109	-0.88796	-2.99345
5879.028	-2.84150	-3.08700	-0.71511	-3.45340
5883.026	-2.93119	-3.17684	-0.76283	-3.48995
5887.027	-2.86522	-3.11985	-0.78215	-3.53259
5891.028	-2.86212	-3.12634	-0.81744	-3.35171
5895.027	-2.89958	-3.13856	-0.84180	-3.29904
5899.056	-2.88594	-3.07520	-0.78737	-3.32489
5903.042	-2.94587	-3.07907	-0.84731	-3.27603
5907.055	-2.95168	-3.08893	-0.77240	-3.08167
5911.024	-2.85311	-3.10931	-0.77297	-2.98452
5915.026	-2.89643	-3.04362	-0.73712	-2.96952
5919.022	-2.88475	-3.07412	-0.79044	-2.73685
5923.028	-2.85262	-3.06797	-0.81789	-2.63239
5927.024	-2.76693	-3.02017	-0.83697	-2.83721
5931.024	-2.88458	-3.00487	-0.82119	-2.70840
5935.033	-2.85579	-3.04717	-0.77811	-2.72476
5939.025	-2.84734	-3.03083	-0.77965	-2.78998
5943.021	-2.77319	-3.01907	-0.78044	-2.89899
5947.039	-2.91916	-2.98711	-0.78434	-3.06055
5951.020	-2.86910	-3.01209	-0.82047	-2.89049
5955.037	-2.72444	-2.97751	-0.80017	-2.96911
5959.021	-2.70763	-2.99144	-0.83754	-2.80613
5963.031	-2.80969	-2.94670	-0.80890	-2.85907
5967.028	-2.82684	-2.96455	-0.79801	-2.88867
5971.084	-2.80196	-2.91325	-0.78471	-2.82994
5975.028	-2.79550	-2.89742	-0.80493	-2.71523
5979.027	-2.76440	-2.89208	-0.82404	-2.65968
5983.020	-2.69589	-2.91363	-0.85309	-2.60980
5987.034	-2.75549	-2.97862	-0.91520	-2.56468
5991.030	-2.73954	-2.83180	-0.87143	-2.67095
5995.023	-2.68935	-2.97945	-0.86446	-2.66406
5999.027	-2.79067	-2.92766	-0.94837	-2.71143
6003.022	-2.80107	-2.98818	-0.89545	-2.75210
6007.023	-2.81905	-3.03482	-1.02615	-2.80219
6011.026	-2.75180	-2.95930	-1.00171	-2.74158
6015.024	-2.77438	-2.91369	-0.94867	-2.91400
6019.029	-2.88777	-2.88566	-0.92951	-2.94616
6023.022	-2.89143	-2.91936	-0.98611	-2.94839
6027.022	-2.88232	-2.78667	-1.03243	-3.13335
6031.024	-2.78414	-2.81070	-0.97522	-3.16486
6035.053	-2.88547	-2.81340	-1.02466	-3.13910
6039.023	-2.89225	-2.76124	-1.08636	-3.07433
6043.022	-2.82085	-2.76763	-1.05505	-3.11380
6047.024	-2.88925	-2.80985	-1.08847	-3.11367
6051.025	-2.94386	-2.69827	-1.00476	-3.19272
6055.028	-2.88205	-2.67351	-1.07716	-3.12547
6059.048	-2.98495	-2.73600	-1.03322	-3.01671
6063.022	-2.90292	-2.74938	-1.08438	-3.08672
6067.026	-2.95804	-2.79428	-1.07751	-3.03225
6071.031	-2.90381	-2.69656	-1.10326	-2.87996
6075.016	-3.00126	-2.76028	-1.11172	-2.67066
6079.031	-2.89725	-2.74650	-1.13008	-2.56835
6083.020	-2.95869	-2.78172	-1.08867	-2.47088
6087.028	-2.92490	-2.77572	-1.05622	-2.74976
6091.022	-2.95074	-2.71702	-1.07890	-2.51441
6095.035	-2.90403	-2.75923	-1.19259	-2.44525
6099.021	-2.85767	-2.75994	-1.08998	-2.56295
6103.033	-2.88807	-2.65990	-1.13037	-2.48000
6107.028	-2.94708	-2.59307	-1.19872	-2.49189
6110.925	-2.88388	-2.61682	-1.14640	-2.50942
6114.899	-2.98168	-2.56453	-1.16171	-2.55106
6118.911	-2.89183	-2.63248	-1.17585	-2.51421
6122.888	-2.97351	-2.59583	-1.10477	-2.62401
6126.903	-3.04482	-2.63179	-1.19688	-2.68183
6130.899	-2.99336	-2.53045	-1.21338	-2.73630
6134.893	-3.01145	-2.67513	-1.06932	-2.86000
6138.900	-2.95886	-2.67949	-1.16545	-2.94185
6142.898	-3.02135	-2.59247	-1.08346	-3.07932
6146.903	-2.92889	-2.49481	-1.13883	-2.86436
6150.894	-2.98250	-2.56961	-1.12968	-2.89064
6154.894	-2.97767	-2.58428	-1.09758	-3.03620
6158.902	-2.44762	-2.50330	-0.84771	-2.95549
6162.898	-1.46777	-2.49822	-0.34523	-2.86109
6166.898	-0.55352	-2.04998	1.67355	-2.94316
6171.208	-0.12061	-1.60657	1.72607	-2.69530
6174.901	0.25728	-0.77646	1.86707	-2.44811
6178.894	0.03147	-0.28564	1.69116	-2.33349
6182.898	0.25758	-0.33257	1.85413	-2.14645
6186.893	0.04579	-0.36749	1.83065	-1.79400
6190.910	0.03326	-0.21325	1.76177	-1.62768
6194.907	-0.16342	-0.46837	1.70172	-1.47918
6198.894	-0.20787	-0.50484	1.79703	-1.69066
6202.897	0.11563	-0.50808	1.83375	-1.64697
6206.893	0.20162	-0.43629	1.90381	-1.44891
6210.899	0.24138	-0.46668	1.91640	-1.30102
6214.895	0.25952	-0.38344	1.94600	-1.24919
6218.897	0.22346	-0.36865	1.97493	-1.21164
6222.893	0.30002	-0.37340	2.01910	-1.11440
6226.904	0.30322	-0.37429	2.02036	-1.17293
6230.901	0.30230	-0.35143	2.04864	-1.14630
6234.896	0.37315	-0.37064	2.08342	-1.10760
6238.905	0.40777	-0.36974	2.12553	-1.11747
6242.899	0.45924	-0.30089	2.13879	-1.06722
6246.895	0.45830	-0.29423	2.13504	-1.03267
6250.895	0.45460	-0.21141	2.11014	-1.03460
6254.891	0.46562	-0.19031	2.09554	-1.05886
6258.909	0.46912	-0.18701	2.08307	-1.13709
6262.895	0.43678	-0.18067	2.07222	-1.10359
6266.902	0.44812	-0.14268	2.03536	-1.17910
6270.902	0.46088	-0.09333	2.03843	-1.46823
6274.897	0.45130	-0.08354	2.01441	-1.45728
6278.900	0.45805	-0.13478	2.02634	-1.52236
6282.895	0.45626	-0.19223	2.04168	-1.44033
6286.893	0.44981	-0.33247	2.08580	-1.50836
6290.893	0.44472	-0.37913	2.09239	-1.46858
6294.900	0.45721	-0.50416	2.07700	-1.44916
6298.894	0.45609	-0.47198	2.11517	-1.47875
6302.892	0.44713	-0.36256	2.17261	-1.50081
6306.963	0.49230	-0.34034	2.18830	-1.48208
6310.900	0.46435	-0.28411	2.13252	-1.35282
6314.906	0.49612	-0.45089	2.11090	-1.48464
6318.895	0.57379	-0.36521	2.13933	-1.46831
6322.893	0.48200	-0.34616	2.06362	-1.51034
6326.898	0.45326	-0.48851	2.01955	-1.43340
6330.892	0.41720	-0.48848	1.92190	-1.42758
6334.904	0.32786	-0.58390	1.84210	-1.38731
6338.890	0.37395	-0.54022	1.80769	-1.29921
6342.893	0.44309	-0.49556	1.79453	-1.20054
6346.897	0.42698	-0.48160	1.84652	-1.26138
6350.895	0.48818	-0.54918	1.91256	-1.16727
6354.894	0.50527	-0.50664	1.91325	-1.21580
6358.895	0.39072	-0.53480	1.92961	-1.33296
6362.900	0.35010	-0.58457	1.99729	-1.24344
6366.896	0.35948	-0.67113	2.01974	-1.32678
6370.906	0.31856	-0.68246	2.01536	-1.34994
6374.895	0.34104	-0.64080	1.93755	-1.47792
6378.894	0.41517	-0.66703	1.97518	-1.29172
6382.905	0.44527	-0.64476	2.02775	-1.47710
6386.895	0.43080	-0.68019	2.03434	-1.43384
6390.892	0.43658	-0.71619	2.02078	-1.52220
6394.892	0.45939	-0.69813	2.01603	-1.51902
6398.902	0.33739	-0.71670	2.00482	-1.62673
6402.897	0.37214	-0.74032	1.99188	-1.59662
6406.892	0.44309	-0.73426	1.98055	-1.62646
6410.894	0.47711	-0.64342	1.98403	-1.47374
6414.890	0.48775	-0.62364	1.92986	-1.41794
6418.891	0.56478	-0.60219	1.92213	-1.46108
6422.893	0.53691	-0.59420	1.93152	-1.45353
6426.903	0.48170	-0.63502	1.96514	-1.45854
6430.898	0.49776	-0.66565	2.01987	-1.49738
6434.894	0.49701	-0.70685	1.96650	-1.36028
6438.894	0.44036	-0.71284	1.91330	-1.39266
6442.915	0.36752	-0.82882	2.00145	-1.39974
6446.898	0.31813	-0.80443	2.00477	-1.37986
6450.898	0.29364	-0.70734	2.04664	-1.44025
6454.889	0.30029	-0.73340	2.06604	-1.44559
6458.891	0.37157	-0.77550	1.95785	-1.45827
6462.907	0.26485	-0.69616	1.93008	-1.44259
6466.919	0.27882	-0.67591	1.98055	-1.44954
6470.892	0.34434	-0.44317	2.05373	-1.46040
6474.887	0.43542	-0.35806	1.99243	-1.53704
6478.898	0.56161	-0.44807	1.92934	-1.48642
6482.896	0.59081	-0.28070	1.97245	-1.51581
6486.899	0.64781	-0.17361	1.96196	-1.51490
6490.899	0.54156	-0.24115	1.97000	-1.51716
6494.894	0.60935	-0.19647	1.99652	-1.38684
6498.888	0.58081	-0.18986	1.89342	-1.40722
6502.895	0.60833	-0.18156	1.87215	-1.36919
6506.890	0.68997	-0.27734	1.94464	-1.35084
6510.895	0.69838	-0.30671	1.89387	-1.37131
6514.889	0.55029	-0.42151	1.86746	-1.34045
6518.887	0.52088	-0.51057	1.88184	-1.31927
6522.897	0.46259	-0.70638	1.87584	-1.34665
6526.888	0.46190	-0.73937	1.95202	-1.27895
6530.901	0.45242	-0.88977	1.94124	-1.09260
6534.892	0.49979	-0.82652	1.95220	-1.02852
6538.892	0.49408	-0.90611	1.94746	-1.08711
6542.888	0.60397	-0.84017	2.02666	-1.04173
6546.897	1.34058	-0.61386	2.16721	-0.77809
6550.891	0.97355	-0.42413	2.37409	-0.54463
6554.893	1.22256	-0.60213	2.47494	-0.53903
6558.888	1.21745	-0.32726	2.44744	-0.62481
6562.903	1.07994	-0.24778	2.49458	-0.50335
6566.887	1.14627	-0.33495	2.46900	-0.42839
6570.899	1.11162	-0.49104	2.48198	-0.62310
6574.886	1.22452	-0.40467	2.57030	-0.72587
6578.889	1.34130	-0.31651	2.63274	-0.72807
6582.915	1.39306	-0.31285	2.65230	-0.71671
6586.890	1.41261	-0.32562	2.66776	-0.69516
6590.884	1.34889	-0.35544	2.65112	-0.61409
6594.892	1.33083	-0.36498	2.62110	-0.55096
6598.895	1.32652	-0.30233	2.61169	-0.56650
6602.897	1.33314	-0.29689	2.60416	-0.49219
6606.890	1.34991	-0.23973	2.62808	-0.52944
6610.917	1.36020	-0.08948	2.66578	-0.45260
6614.884	1.36687	-0.01945	2.70721	-0.50783
6618.889	1.35400	0.12515	2.72570	-0.48881
6622.898	1.32297	0.05704	2.73467	-0.40847
6626.887	1.31969	0.15395	2.75336	-0.30191
6630.889	1.34963	0.17665	2.76351	-0.22199
6634.900	1.41697	0.18626	2.78723	-0.20255
6638.892	1.44193	0.21572	2.80847	-0.15882
6642.889	1.45532	0.23606	2.81298	-0.10580
6646.896	1.44475	0.26068	2.83670	0.00680
6650.887	1.47702	0.21544	2.85130	0.04192
6654.899	1.47474	0.18059	2.85554	0.08870
6658.891	1.46551	0.14298	2.86383	0.11233
6662.920	1.46663	0.12142	2.83685	0.14732
6666.894	1.46787	0.11988	2.82192	0.19962
6670.884	1.40162	0.08352	2.78429	0.20595
6674.888	1.33021	0.07820	2.77931	0.23197
6678.887	1.31989	0.08355	2.74200	0.24893
6682.887	1.27373	0.08161	2.77101	0.23028
6686.895	1.18996	0.05304	2.76364	0.24046
6690.894	1.19926	0.04566	2.80464	0.19098
6694.883	1.27338	0.03177	2.80347	0.20732
6698.900	1.35636	0.00755	2.79892	0.14976
6702.893	1.35608	-0.03846	2.79503	0.11231
6706.885	1.40663	0.04057	2.82848	0.03770
6710.884	1.46479	0.01006	2.81444	-0.20434
6714.899	1.38910	0.03202	2.84447	-0.10329
6718.890	1.56211	0.05492	2.83155	-0.23580
6722.886	1.57386	0.08095	2.82999	-0.45785
6726.887	1.67638	0.08308	2.79228	-0.60764
6730.884	1.73056	0.13159	2.80979	-0.57877
6734.896	1.71521	0.04684	2.79226	-0.48251
6738.893	1.77558	0.04078	2.77641	-0.27657
6742.887	1.78421	0.11425	2.76052	0.04140
6746.886	1.82730	0.08733	2.76126	0.14408
6750.885	1.86345	-0.00368	2.73214	0.14945
6754.923	1.90512	-0.04418	2.67999	0.18621
6758.894	1.89359	-0.04542	2.62643	0.25481
6762.889	1.89580	-0.15182	2.59284	0.37116
6766.893	1.86449	-0.12363	2.59938	0.39002
6770.899	1.82257	-0.19380	2.55510	0.44934
6774.884	1.75314	-0.24234	2.50640	0.49419
6778.887	1.67105	-0.25248	2.56971	0.53030
6782.889	1.45204	-0.23112	2.71510	0.53128
6786.890	1.49746	-0.23623	2.61429	0.56774
6790.885	1.29065	-0.22470	2.42904	0.56765
6794.893	-1.11015	0.23374	1.82269	0.63952
6798.885	-2.43885	0.67555	0.29582	0.81802
6802.900	-4.21019	1.24486	-0.80377	1.59820
6806.902	-5.36395	1.25920	-1.96814	2.28319
6810.893	-5.74647	1.97975	-2.56860	2.80730
6814.890	-5.91015	2.01250	-3.76141	3.26601
6818.886	-7.52391	1.50413	-4.77320	3.66112
6822.886	-8.14361	1.79656	-5.43507	3.81303
6826.885	-8.41106	1.89654	-6.11444	3.96243
6830.882	-8.69945	2.14708	-6.75676	3.99919
6834.893	-8.81857	2.40742	-7.16769	4.07705
6838.893	-8.84205	2.62045	-7.28632	4.31262
6842.885	-8.90759	2.41571	-6.87225	4.40500
6846.880	-8.88000	2.52217	-6.83406	4.54819
6850.885	-8.95019	2.45860	-6.98534	4.51414
6854.937	-9.13502	2.67677	-6.97365	4.51661
6858.888	-9.21440	2.62668	-7.05684	4.64269
6862.884	-9.35213	2.59345	-7.19327	4.64153
6866.886	-9.20361	2.69980	-7.13211	4.54425
6870.882	-9.22920	2.73112	-7.21706	4.60609
6874.888	-9.25516	2.79995	-7.29313	4.53596
6878.884	-9.24559	2.74103	-7.32006	4.62532
6882.884	-9.07431	2.72369	-7.31250	4.53084
6886.881	-9.16695	2.75948	-7.33330	4.58936
6890.887	-9.17145	2.74545	-7.34126	4.47049
6894.887	-9.19846	2.73192	-7.39825	4.44560
6898.890	-9.08764	2.68954	-7.42519	4.40119
6902.881	-9.01457	2.79119	-7.48634	4.34404
6906.886	-9.02592	2.80195	-7.51605	4.32951
6910.883	-9.00462	2.83203	-7.51544	4.31536
6914.886	-9.03275	2.87492	-7.54305	4.27758
6918.889	-9.03534	2.91203	-7.45433	4.31489
6922.939	-9.02036	2.90312	-7.43564	4.32651
6926.883	-9.09730	2.94836	-7.34575	4.38414
6930.903	-9.08249	2.91128	-7.29511	4.40629
6934.931	-9.13032	2.98949	-7.27885	4.51276
6938.887	-9.12628	3.03217	-7.23794	4.63877
6942.883	-9.15635	3.04801	-7.24173	4.70803
6946.893	-9.23188	3.02647	-7.22944	4.71262
6950.882	-9.23643	2.99880	-7.21249	4.75958
6954.880	-9.23430	3.01197	-7.21078	4.74004
6958.886	-9.23459	3.02308	-7.18017	4.74457
6962.883	-9.23287	3.01680	-7.16803	4.72851
6966.757	-9.23906	3.06043	-7.17433	4.78074
6970.759	-9.18228	3.07430	-7.21701	4.75023
6974.768	-9.16286	3.10077	-7.15921	4.70974
6978.759	-9.09894	3.06976	-7.17954	4.68291
6982.754	-9.04732	3.08217	-7.20421	4.64201
6986.764	-9.03614	3.07862	-7.21332	4.59971
6990.761	-9.00883	3.12451	-7.22754	4.59279
6994.760	-8.98794	3.11388	-7.22251	4.58546
6998.760	-8.94031	3.10398	-7.20121	4.56640
7002.753	-8.92268	3.13201	-7.23716	4.55678
7006.773	-8.89254	3.14994	-7.27079	4.53440
7010.786	-8.89308	3.11831	-7.31897	4.51787
7014.762	-8.92178	3.10081	-7.31875	4.46802
7018.759	-8.90483	3.15260	-7.31806	4.45482
7022.753	-8.92759	3.21525	-7.32363	4.43066
7026.772	-8.94966	3.25244	-7.36725	4.44174
7030.753	-8.98903	3.29620	-7.39752	4.48386
7034.757	-8.99017	3.28535	-7.45975	4.57076
7038.752	-9.01966	3.30697	-7.43305	4.55148
7042.763	-9.02428	3.29086	-7.46241	4.56361
7046.752	-9.07111	3.26615	-7.50913	4.65009
7050.757	-9.10504	3.25858	-7.46548	4.76602
7054.761	-9.15272	3.21884	-7.30466	4.77550
7058.760	-9.09858	3.17988	-7.33650	4.82658
7062.761	-9.08222	3.14421	-7.31320	4.79942
7066.770	-9.11179	3.10004	-7.41773	4.83771
7070.759	-9.15314	3.07923	-7.31972	4.80875
7074.746	-9.10661	3.05827	-7.34597	4.70136
7078.768	-9.10756	3.11573	-7.32336	4.66372
7082.752	-9.01936	3.11101	-7.29465	4.52468
7086.757	-9.04752	3.19107	-7.26222	4.78183
7090.758	-9.00905	3.25551	-7.19036	4.66049
7094.759	-8.77894	2.97143	-7.01167	4.33009
7098.751	-8.58874	1.14746	-6.53605	1.83105
7102.760	-8.01131	-0.45010	-4.82703	0.74276
7106.766	-6.20116	-0.62461	-4.52651	0.31232
7110.759	-5.61746	-1.73726	-4.04021	-1.53415
7114.764	-4.96822	-2.77634	-2.85286	-1.99707
7118.758	-4.62919	-3.18042	-2.48121	-2.39827
7122.761	-3.83702	-3.20063	-2.09784	-2.59560
7126.765	-3.05048	-3.20873	-1.50606	-2.52282
7130.754	-2.38011	-2.80183	-1.20559	-2.16668
7134.751	-1.58239	-2.92318	-1.00117	-2.30391
7138.752	-1.64689	-2.90924	-0.99437	-2.37924
7142.768	-1.74806	-2.91932	-0.90093	-2.60282
7146.763	-1.96588	-2.78506	-0.76024	-2.64839
7150.758	-2.00148	-2.89375	-1.01134	-2.79085
7154.753	-2.03895	-3.03565	-0.82396	-2.86275
7158.762	-1.97411	-2.99555	-0.70171	-3.24239
7162.766	-1.77390	-2.97937	-0.78766	-3.55615
7166.765	-1.73090	-3.04089	-0.65161	-3.19759
7170.751	-1.61483	-3.09276	-0.63000	-3.19834
7174.757	-1.59789	-3.19957	-0.54081	-3.13713
7178.759	-1.55571	-3.28922	-0.49967	-3.12920
7182.760	-1.62118	-3.11029	-0.43854	-3.17798
7186.753	-1.52791	-3.33603	-0.45490	-2.98556
7190.788	-1.71040	-3.34296	-0.37903	-3.14558
7194.775	-1.62180	-3.40153	-0.43165	-3.09073
7198.760	-1.54941	-3.43575	-0.35715	-3.26545
7202.750	-1.52550	-3.49207	-0.34561	-3.20078
7206.756	-1.54006	-3.38899	-0.31774	-3.33087
7210.752	-1.56935	-3.46899	-0.32228	-3.34187
7214.752	-1.56112	-3.50676	-0.28257	-3.49829
7218.760	-1.58681	-3.28548	-0.34514	-3.36033
7222.777	-1.59851	-3.41815	-0.37380	-3.46080
7226.751	-1.61543	-3.43597	-0.36414	-3.38494
7230.762	-1.62673	-3.22001	-0.33533	-3.19843
7234.751	-1.61833	-3.41601	-0.37993	-3.01753
7238.757	-1.56729	-3.34367	-0.33662	-3.12746
7242.792	-1.58416	-3.23538	-0.34030	-3.38039
7246.754	-1.61495	-3.25724	-0.40107	-3.10982
7250.766	-1.66130	-3.35946	-0.40827	-3.11059
7254.749	-1.52178	-3.38983	-0.36839	-3.19594
7258.811	-1.60551	-3.41675	-0.37675	-3.19582
7262.771	-1.70073	-3.42094	-0.42797	-3.15202
7266.759	-1.57778	-3.40997	-0.40936	-3.27058
7270.747	-1.50557	-3.48911	-0.42534	-3.33229
7274.759	-1.68530	-3.45344	-0.48182	-3.57059
7278.754	-1.66418	-3.47998	-0.45204	-3.54085
7282.754	-1.64603	-3.51078	-0.47790	-3.58928
7286.749	-1.56675	-3.50517	-0.48073	-3.64853
7290.750	-1.58053	-3.49357	-0.43862	-3.80562
7294.759	-1.65917	-3.37448	-0.41470	-3.83492
7298.750	-1.65280	-3.35415	-0.45693	-3.90188
7302.758	-1.64541	-3.17129	-0.45028	-3.83585
7306.755	-1.55266	-3.20177	-0.37889	-3.90469
7310.752	-1.68295	-3.16920	-0.36710	-3.95223
7314.762	-1.62413	-3.11672	-0.32121	-3.95680
7318.755	-1.52816	-2.94793	-0.31794	-3.93868
7322.749	-1.48550	-2.90631	-0.27949	-3.99901
7326.810	-1.45542	-2.84607	-0.28592	-4.01090
7330.756	-1.51717	-2.87059	-0.27267	-3.98153
7334.749	-1.43625	-2.72148	-0.28634	-3.93201
7338.753	-1.36055	-2.40931	-0.36821	-3.89513
7342.746	-1.28117	-2.43421	-0.28217	-3.80346
7346.767	-1.10795	-2.11924	-0.23132	-3.84578
7350.759	-1.31506	-2.11684	-0.34241	-3.61538
7354.758	-0.90587	-2.02436	-0.36055	-3.31689
7358.755	-1.05585	-1.95898	-0.25768	-3.43677
7362.752	1.91177	-1.94193	-0.35806	-3.21827
7366.759	-1.27229	2.43137	-0.39199	-3.42326
7370.751	-0.43296	2.81116	-0.34084	-3.39062
7374.753	-0.74749	2.98025	-0.43485	-3.39489
7378.747	-1.03027	3.15289	-0.22430	-3.36805
7382.756	-1.22615	3.26499	-0.35787	-3.36650
7386.752	0.08148	3.35705	-0.27014	-3.62483
7390.756	1.07636	1.56985	-0.33784	-3.69722
7394.750	-0.94755	4.10370	-0.36566	-3.63401
7398.752	-1.41668	2.70468	-0.28203	-3.71149
7402.757	0.57156	2.60639	-0.28865	-3.77471
7406.749	0.92748	2.52658	-0.24212	-3.73620
7410.748	0.72992	3.08574	-0.36194	-3.62294
7414.755	-1.25205	3.22190	-0.33206	-3.60781
7418.757	1.00486	3.37038	-0.30210	-3.54908
7422.747	1.32957	3.27070	-0.29843	-3.48519
7426.779	1.17503	3.44436	-0.36869	-3.33326
7430.755	-0.25329	3.81408	-0.31940	-3.29110
7434.749	-0.98978	3.92737	-0.33558	-3.11148
7438.757	1.36967	4.24500	-0.24924	-3.26165
7442.759	0.87074	4.16625	-0.29992	-3.18673
7446.749	1.57984	4.33454	-0.31079	-3.08899
7450.758	0.53431	4.86037	-0.38576	-3.14800
7454.756	-0.81794	4.64074	-0.33243	-3.28064
7458.743	-0.92867	4.80784	-0.29900	-3.23196
7462.793	1.42248	4.87460	-0.27344	-3.28638
7466.765	0.73672	4.97297	-0.31521	-3.28706
7470.755	1.86605	5.10270	-0.30990	-3.03468
7474.746	0.33523	5.13304	-0.37080	-3.33056
7478.748	0.84821	4.86456	-0.33402	-3.44675
7482.752	-0.77828	5.00651	-0.37415	-3.17040
7486.748	0.93195	4.77192	-0.37752	-3.35123
7490.751	0.73374	5.07693	-0.35375	-3.34614
7494.762	1.94439	5.08072	-0.32183	-3.30732
7498.772	1.61161	5.20837	-0.34754	-3.20913
7502.749	-0.29396	4.99085	-0.35300	-3.26347
7506.747	-0.84046	4.96932	-0.38162	-3.30344
7510.749	-1.01447	3.90256	-0.32593	-3.32716
7514.742	2.15403	4.60171	-0.27349	-3.54719
7518.751	1.93928	4.12450	-0.29979	-3.57191
7522.745	2.16337	4.08205	-0.33350	-3.71469
7526.747	1.30087	6.46385	-0.30784	-3.47481
7530.747	-0.58096	6.63008	-0.35459	-3.54203
7534.748	2.16937	5.37413	-0.33402	-3.55786
7538.747	2.35105	5.34343	-0.32712	-3.56657
7542.749	1.96737	4.96773	-0.37621	-3.46318
7546.740	1.57084	6.05534	-0.39028	-3.34694
7550.751	-0.12049	6.43982	-0.39695	-3.45220
7554.751	-0.13367	5.25937	-0.36993	-3.41901
7558.747	5.06530	4.29482	-0.45646	-3.49354
7562.747	2.30400	5.96293	-0.53227	-3.59529
7566.769	0.68655	7.51347	-0.53155	-3.31466
7570.754	1.36776	6.38100	-0.72848	-3.37765
7574.746	-0.28617	10.65491	-2.74680	-2.91844
7578.747	-1.32776	7.37693	-4.18470	-2.51798
7582.746	-3.67314	11.16639	-4.44437	-1.74915
7586.753	-4.05591	7.59171	-4.85578	-0.77801
7590.744	-4.37174	12.48596	-5.09446	-0.66335
7594.748	-2.28189	8.18832	-4.90932	-0.58434
7598.747	-2.02725	12.45331	-5.13392	-0.35196
7602.749	-4.27955	11.52730	-5.09680	-0.15984
7606.743	-4.53864	12.13641	-5.23423	-0.18074
7610.757	-2.41507	11.20706	-5.17122	-0.15715
7614.783	-2.41246	11.05959	-5.12304	0.16587
7618.756	-0.92378	10.72314	-5.22064	0.14880
7622.749	-1.34237	11.38408	-5.26110	0.12338
7626.747	-2.25466	11.28902	-5.44672	0.24586
7630.739	-2.44484	10.97678	-5.62571	0.29346
7634.770	-4.42967	15.10323	-5.55974	0.23656
7638.755	-5.32538	10.72006	-5.51297	0.30131
7642.750	-2.48485	14.88128	-5.54014	0.28631
7646.741	-2.48663	14.46542	-5.55932	0.26503
7650.750	-2.49860	14.51793	-5.41942	0.16879
7654.757	-1.17240	10.79578	-5.40011	0.08958
7658.750	-1.05572	11.42604	-5.65717	0.07052
7662.748	-1.65247	11.32339	-5.77128	0.01906
7666.743	-1.11951	11.36346	-5.92957	0.00934
7670.741	-1.32870	11.80982	-5.87977	-0.00875
7674.752	NaN	NaN	-5.95292	0.01582
7678.748	NaN	NaN	-6.02028	0.08966
7682.747	NaN	NaN	-5.97742	0.06418
7686.745	-2.66318	12.43753	-5.97293	0.17681
7690.753	-3.24372	13.12087	-6.08978	0.19144
7694.744	-3.14689	12.51767	-6.07570	0.37039
7698.748	0.71479	13.94532	-6.09596	0.58681
7702.746	-3.62373	14.38303	-6.10549	0.55219
7706.744	NaN	NaN	-6.06507	0.65118
7710.738	NaN	NaN	-6.02843	0.62217
7714.749	-2.56245	14.84405	-6.02536	0.56173
7718.743	NaN	NaN	-6.04782	0.58014
7722.748	NaN	NaN	-6.00450	0.45243
7726.738	-3.57098	14.36782	-5.98817	0.53471
7730.748	-3.56670	14.38738	-5.98950	0.59876
7734.774	-2.74653	14.30174	-5.98051	0.74694
7738.747	-2.29639	14.30681	-5.98560	0.75872
7742.753	NaN	NaN	-5.95388	0.73140
7746.745	NaN	NaN	-5.89753	0.63747
7750.743	0.03512	13.79145	-5.96640	0.39587
7754.744	-0.21951	14.06232	-6.00619	0.35299
7758.742	0.20234	14.22682	-5.97438	0.55178
7762.758	0.55771	14.37733	-5.84944	0.83826
7766.744	NaN	NaN	-5.81732	0.93220
7770.746	NaN	NaN	-5.80435	0.68078
7774.754	NaN	NaN	-5.71347	0.71911
7778.748	NaN	NaN	-5.66786	0.57458
7782.746	-2.46330	14.28932	-5.63523	0.81702
7786.744	NaN	NaN	-5.51804	1.27075
7790.743	NaN	NaN	-4.61509	0.97373
7794.742	NaN	NaN	-3.34873	0.84488
7798.741	NaN	NaN	-2.11244	0.86489
7802.746	NaN	NaN	-1.64337	0.99756
7806.753	NaN	NaN	-1.46928	0.97077
7810.772	NaN	NaN	-1.40881	0.72665
7814.740	3.10087	14.39971	-1.26393	1.13521
7818.747	NaN	NaN	-1.18197	1.42018
7822.624	NaN	NaN	-1.25354	0.95409
7826.612	NaN	NaN	-1.68399	0.77941
7830.621	6.77169	13.63958	-1.30878	1.01415
7834.616	NaN	NaN	-1.24466	1.14512
7838.621	6.98661	14.46320	-1.10259	1.11876
7842.610	NaN	NaN	-1.16369	1.10028
7846.620	NaN	NaN	-1.14794	0.99759
7850.615	6.81084	14.12523	-1.15369	1.17571
7854.619	6.52463	14.69354	-1.11574	1.49589
7858.614	5.69384	14.91074	-1.08979	1.19617
7862.641	5.20088	14.76520	-1.10874	1.03506
7866.621	NaN	NaN	-1.18217	1.15076
7870.620	NaN	NaN	-1.12740	1.32789
7874.632	NaN	NaN	-1.07232	1.40479
7878.611	NaN	NaN	-1.02982	1.26667
7882.620	NaN	NaN	-1.09693	1.31541
7886.627	3.28870	14.04407	-1.12157	1.11756
7890.619	3.93994	11.91309	-1.09711	1.09440
7894.612	-1.56737	14.80897	-1.13541	1.31622
7898.618	-1.14776	14.88302	-1.08564	1.30559
7902.620	-0.84781	14.96136	-1.10678	1.47854
7906.620	-0.28595	14.87912	-1.12544	1.55845
7910.614	1.08574	14.69763	-1.00762	1.43405
7914.621	-1.80511	14.80801	-1.07597	1.10970
7918.619	-1.95956	14.94341	-1.10601	1.32179
7922.621	-1.68910	14.95516	-1.13015	1.19961
7926.613	-0.95219	14.74418	-1.04262	1.29969
7930.617	-3.31051	14.64789	-1.07832	1.01443
7934.631	0.07244	-2.06536	-1.11192	1.49172
7938.614	-1.90420	-2.44324	-1.07602	1.69293
7942.625	-2.12107	-2.07092	-1.08755	1.44223
7946.624	-2.22493	-1.32132	-1.06337	1.36993
7950.616	-2.61248	-1.84525	-1.13268	1.14909
7954.620	-3.10933	-1.99214	-1.07269	0.94220
7958.614	-2.69794	-2.11793	-1.09557	1.48473
7962.626	-2.72484	-1.95802	-1.03987	1.29083
7966.606	-2.67127	-2.09626	-1.10653	1.42300
7970.623	-2.91386	-2.61563	-1.09897	1.11511
7974.613	-2.71253	-1.97177	-1.08855	1.44094
7978.614	-2.66783	-2.02879	-1.05203	1.40974
7982.615	-2.89997	-2.33060	-1.00414	1.35315
7986.628	-2.75762	-1.76824	-1.09457	1.17312
7990.617	-2.68777	-2.30728	-1.12052	1.14756
7994.616	-2.80456	-1.56797	-1.05200	1.45538
7998.619	-2.75683	-2.16346	-1.15950	1.40018
8002.623	-2.76059	-2.25594	-1.13278	1.24274
8006.614	-2.62251	-1.48196	-1.13499	1.09647
8010.615	-2.65706	-1.73007	-1.15585	1.32631
8014.641	-2.69616	-2.05091	-1.10165	1.03931
8018.611	-2.62231	-1.62382	-1.14466	1.16560
8022.617	-2.51044	-1.58936	-1.11802	1.21148
8026.614	-2.54836	-2.36555	-1.12214	1.20584
8030.631	-2.53855	-1.39004	-1.12702	0.88265
8034.619	-2.68007	-1.44533	-1.15796	1.09959
8038.612	-2.68821	-1.85590	-1.20187	1.33506
8042.611	-2.57065	-1.23672	-1.11447	1.18782
8046.617	-2.48069	-1.11375	-1.13273	0.91057
8050.617	-2.62365	-1.76915	-1.12330	1.22052
8054.612	-2.61006	-2.02447	-1.05580	1.25613
8058.616	-2.48899	-0.95486	-1.18698	1.32106
8062.608	-2.66964	-1.64583	-1.32220	0.50506
8066.621	-2.99287	-2.28331	-1.40685	0.18360
8070.622	-4.36930	-2.94321	-1.64655	-0.15393
8074.617	-4.51850	-2.66636	-1.66066	-0.84766
8078.617	-3.46751	-2.95378	-1.83226	-0.99999
8082.616	-3.24684	-3.18357	-1.94664	-1.00536
8086.611	-3.06922	-3.10997	-1.99853	-0.93944
8090.613	-3.56106	-2.98945	-2.12181	-0.92161
8094.614	-4.27906	-3.05306	-2.09403	-0.77197
8098.611	-4.52486	-3.14831	-2.16830	-0.62823
8102.612	-4.27587	-3.03331	-2.24116	-0.55285
8106.614	-4.36128	-2.84130	-2.27270	-1.11399
8110.612	-4.33670	-3.04950	-2.42299	-1.27110
8114.623	-4.47109	-3.27071	-2.46835	-1.10351
8118.622	-4.26896	-3.27658	-2.45118	-0.83957
8122.614	-4.33019	-2.81791	-2.49129	-0.96687
8126.614	-4.31647	-3.66020	-2.45366	-1.06749
8130.616	-4.18741	-2.91984	-2.38462	-0.56660
8134.611	-4.51896	-2.86412	-2.30481	-1.24406
8138.611	-4.41551	-3.73906	-2.33143	-0.73717
8142.631	-4.38911	-2.88692	-2.30323	-1.14109
8146.618	-4.26496	-3.42191	-2.28413	-0.72011
8150.613	-4.47903	-3.19748	-2.32900	-1.15688
8154.611	-4.26294	-3.47463	-2.29758	-0.88305
8158.618	-4.45964	-3.67667	-2.23380	-0.88242
8162.644	-4.50673	-3.21228	-2.24108	-1.04446
8166.620	-4.63743	-3.06244	-2.25226	-0.94157
8170.612	-4.69598	-3.36647	-2.26663	-0.96211
8174.615	-4.56572	-3.29320	-2.35045	-1.24722
8178.608	-4.61129	-3.02333	-2.31926	-1.09993
8182.674	-4.76916	-3.19980	-2.42706	-0.86796
8186.612	-4.64635	-3.23313	-2.48027	-1.09690
8190.624	-4.46394	-2.94311	-2.51549	-0.93667
8194.610	-4.61815	-3.01523	-2.52936	-0.81805
8198.621	-4.61696	-3.14946	-2.52701	-1.05601
8202.609	-4.67406	-2.85324	-2.57387	-0.68114
8206.617	-4.69339	-3.30472	-2.57154	-1.27342
8210.613	-4.67936	-2.84771	-2.61949	-0.53760
8214.613	-4.65506	-3.10805	-2.59685	-0.90289
8218.638	-4.74530	-2.85051	-2.58001	-0.73522
8222.617	-4.69034	-3.02949	-2.61835	-0.14618
8226.610	-4.70969	-3.31062	-2.61905	-0.91096
8230.611	-4.62567	-3.03382	-2.59537	-0.95155
8234.608	-4.69179	-2.87019	-2.57716	-0.57359
8238.620	-4.66756	-3.06901	-2.58348	-0.24829
8242.621	-4.67604	-2.84041	-2.59440	-0.03237
8246.609	-4.63070	-2.76143	-2.56857	0.04699
8250.612	-4.59995	-2.84208	-2.53526	0.15054
8254.632	-4.59038	-2.81726	-2.54085	0.13413
8258.610	-4.59332	-2.72750	-2.56027	0.19594
8262.612	-4.54131	-2.72984	-2.61117	0.20353
8266.606	-4.58257	-2.62027	-2.66503	-0.10376
8270.627	-4.51250	-2.62703	-2.52049	0.07840
8274.610	-4.49790	-2.57759	-2.49989	0.12241
8278.614	-4.47940	-2.44641	-2.45398	0.11698
8282.618	-4.55837	-2.50988	-2.50263	-0.59174
8286.613	-4.57221	-2.50944	-2.48116	0.04853
8290.612	-4.66790	-2.40290	-2.40476	-0.20430
8294.609	-4.65316	-2.44853	-2.53422	0.02659
8298.610	-4.61723	-2.33495	-2.42032	-0.20554
8302.612	-4.61418	-2.38273	-2.47742	-0.29545
8306.609	-4.59763	-2.34391	-2.43171	-0.35430
8310.615	-4.55384	-2.36137	-2.36529	-0.37527
8314.609	-4.59006	-2.41851	-2.45748	-0.45943
8318.611	-4.57144	-2.37926	-2.45735	-0.21455
8322.615	-4.59633	-2.50995	-2.49639	-0.76113
8326.608	-4.49183	-2.33721	-2.47524	-0.26291
8330.618	-4.45557	-2.40981	-2.41155	-0.68609
8334.607	-4.36054	-2.39694	-2.47502	-0.53238
8338.608	-4.28148	-2.42746	-2.46082	-0.43291
8342.604	-4.38714	-2.44285	-2.43055	-0.68104
8346.611	-4.32091	-2.40011	-2.40910	-0.55246
8350.623	-4.34924	-2.32628	-2.42864	-0.46410
8354.610	-4.25926	-2.38518	-2.44373	-0.62878
8358.610	-4.29919	-2.26453	-2.34131	-0.48052
8362.657	-4.18852	-2.45937	-2.35038	-0.68572
8366.612	-4.24137	-2.26723	-2.36554	-0.65970
8370.626	-4.21471	-2.26080	-2.34230	-0.54591
8374.608	-4.24727	-2.24759	-2.41375	-0.59841
8378.611	-4.13554	-2.31566	-2.46072	-0.59047
8382.609	-4.17048	-2.13677	-2.47271	-0.74188
8386.609	-4.02063	-2.11002	-2.41697	-0.86863
8390.610	-3.98943	-2.16490	-2.39663	-0.90521
8394.605	-3.96066	-2.29411	-2.32568	-0.98280
8398.617	-3.88559	-2.23130	-2.38908	-0.96612
8402.622	-3.81960	-2.33007	-2.41948	-0.92818
8406.623	-3.87238	-2.18189	-2.36445	-0.77233
8410.607	-3.89100	-2.11901	-2.47623	-0.64329
8414.620	-3.77083	-2.11901	-2.41578	-0.62040
8418.625	-3.72758	-2.08356	-2.42842	-0.90893
8422.642	-3.79388	-2.15441	-2.47425	-0.81054
8426.604	-3.86593	-2.15636	-2.40734	-0.47310
8430.609	-3.90037	-2.15538	-2.29619	-0.19337
8434.613	-3.80577	-2.17107	-2.36101	-0.66752
8438.602	-3.96464	-2.13405	-2.35018	-0.32475
8442.619	-3.89651	-2.00052	-2.41658	-0.54834
8446.609	-3.84411	-2.00340	-2.44383	-0.54287
8450.613	-3.80055	-1.94374	-2.50231	-0.33497
8454.616	-3.83949	-1.96425	-2.40887	-0.66340
8458.609	-3.82131	-1.90669	-2.46696	-0.37132
8462.612	-3.88752	-1.93985	-2.47511	-0.60715
8466.606	-3.87178	-1.98580	-2.48502	-0.26606
8470.612	-3.81207	-1.77759	-2.42458	-0.53284
8474.609	-3.77510	-1.70650	-2.42200	-0.50829
8478.605	-3.78741	-1.73065	-2.37226	-0.42522
8482.611	-3.73742	-1.78260	-2.41705	-0.62815
8486.663	-3.76250	-1.74113	-2.43379	-0.38416
8490.615	-3.83171	-1.57405	-2.45634	-0.36020
8494.616	-3.76198	-1.56887	-2.41608	-0.50738
8498.613	-3.84565	-1.74012	-2.45986	-0.32482
8502.607	-3.99655	-1.58043	-2.42827	-0.25405
8506.610	-3.83178	-1.31495	-2.42631	-0.50174
8510.606	-3.82998	-1.47311	-2.40429	-0.54723
8514.608	-3.83312	-1.64240	-2.35957	-0.36874
8518.608	-3.79564	-1.84785	-2.32065	-0.33608
8522.612	-3.74140	-1.67020	-2.38702	-0.21394
8526.605	-3.87727	-1.83851	-2.42104	-0.17446
8530.613	-3.85568	-1.79717	-2.43820	-0.18046
8534.603	-3.78034	-2.11820	-2.45948	-0.14287
8538.646	-3.81481	-1.67273	-2.46929	-0.14978
8542.617	-3.73473	-1.63133	-2.31158	-0.46350
8546.609	-3.76522	-1.49503	-2.35251	-0.36924
8550.674	-3.90632	-1.67963	-2.35211	-0.21126
8554.622	-3.88090	-1.93531	-2.35853	-0.14070
8558.613	-3.86193	-1.04772	-2.55844	-0.26728
8562.604	-3.89340	-1.46220	-2.50655	-0.10645
8566.609	-3.83517	-1.43606	-2.46204	-0.10124
8570.606	-3.79490	-1.29557	-2.32615	-0.39926
8574.613	-3.80031	-1.51687	-2.38606	-0.15445
8578.610	-3.83500	-1.31997	-2.35526	-0.24955
8582.607	-3.84636	-1.56879	-2.34290	-0.43824
8586.604	-3.84285	-1.11660	-2.49788	-0.16814
8590.610	-3.80100	-1.57946	-2.49572	-0.31871
8594.609	-3.84214	-1.22054	-2.39089	-0.02247
8598.604	-3.85365	-1.47094	-2.42346	-0.29050
8602.607	-3.61547	-1.37485	-2.38217	-0.07860
8606.609	-3.65917	-1.51917	-2.34711	-0.33828
8610.607	-3.68305	-1.22074	-2.42569	-0.15256
8614.626	-3.72645	-1.64599	-2.53887	-0.35186
8618.608	-3.76487	-1.16382	-2.48723	0.02353
8622.613	-3.65519	-1.78510	-2.51343	-0.33146
8626.603	-3.67232	-1.54628	-2.45106	-0.04839
8630.608	-3.65749	-1.55550	-2.26467	-0.16201
8634.603	-3.63552	-1.41830	-2.32905	-0.22229
8638.619	-3.57545	-1.02285	-2.33836	0.11992
8642.615	-3.60309	-1.39406	-2.33425	-0.05519
8646.604	-3.62640	-1.46624	-2.36492	-0.37229
8650.604	-3.65616	-1.20082	-2.32164	-0.30529
8654.607	-3.70875	-1.26388	-2.39156	0.26329
8658.609	-3.71631	-1.41215	-2.41370	0.11954
8662.606	-3.68542	-1.47180	-2.37065	-0.06627
8666.604	-3.69758	-1.41151	-2.31753	-0.12156
8670.616	-3.67596	-1.37736	-2.29716	-0.04799
8674.477	-3.70198	-1.47598	-2.25035	-0.12268
8678.479	-3.73003	-1.54487	-2.29082	-0.07995
8682.491	-3.71463	-1.42850	-2.33227	-0.04514
8686.610	-3.65299	-1.39123	-2.30704	0.07834
8690.479	-3.61097	-1.31865	-2.26433	0.20797
8694.483	-3.70223	-1.39036	-2.31938	0.11168
8698.477	-3.62546	-1.42022	-2.33834	-0.17782
8702.493	-3.57802	-1.43182	-2.26527	-0.02687
8706.477	-3.55142	-1.28328	-2.22143	0.16942
8710.489	-3.61354	-1.17698	-2.25162	-0.01487
8714.478	-3.60440	-1.22072	-2.29513	-0.15382
8718.478	-3.68461	-1.21211	-2.40877	0.03029
8722.476	-3.92018	-1.11052	-2.47556	-0.20002
8726.480	-4.24376	-1.63805	-2.50553	-1.29073
8730.478	-4.22076	-1.25366	-2.66887	-0.79503
8734.479	-3.90859	-1.41478	-2.72558	-0.71009
8738.476	-3.98358	-1.39907	-2.66377	-0.63763
8742.491	-3.98491	-1.20113	-2.83922	-0.21473
8746.479	-4.12024	-1.74680	-2.72085	-0.75184
8750.475	-4.04937	-1.28081	-2.75975	-0.54707
8754.481	-4.02569	-1.30386	-2.77371	-0.34184
8758.484	-4.11043	-1.31527	-2.81575	-0.91692
8762.481	-4.05831	-1.18378	-2.87789	-0.50503
8766.481	-4.09202	-1.76682	-2.96963	-0.51266
