time (ms)	lx (deg)	ly (deg)	rx (deg)	ry (deg)
0.000	NaN	NaN	-4.04342	-1.42527
3.998	NaN	NaN	-4.05070	-1.40589
8.000	NaN	NaN	-4.09006	-1.30956
12.009	NaN	NaN	-3.90758	-1.18409
16.006	NaN	NaN	-3.96036	-1.01771
20.012	NaN	NaN	-4.02643	-1.08634
24.003	NaN	NaN	-4.08863	-1.15630
27.999	NaN	NaN	-3.64805	-1.13603
32.006	NaN	NaN	-2.02991	-1.13462
35.999	NaN	NaN	-0.89585	-1.07171
40.002	NaN	NaN	-0.01814	-1.10242
43.997	NaN	NaN	-0.21055	-1.12455
48.006	NaN	NaN	-0.78215	-1.18222
52.001	0.36541	1.93840	-1.26153	-1.14440
55.999	-0.53232	1.68317	-1.16930	-1.12812
60.006	-0.76082	1.69432	-0.85384	-1.13377
64.008	-0.84630	1.38743	-0.96127	-1.11908
67.998	-0.65350	1.38220	-0.64677	-1.10203
72.001	-0.72615	1.41143	-0.46763	-1.04905
76.000	-0.84674	1.18774	-0.48493	-1.00101
80.004	-0.69345	1.03085	-0.74580	-1.04336
84.001	-0.67635	0.99817	-0.75940	-1.07955
87.997	-0.66471	0.88336	-0.67704	-0.96960
91.999	-0.70655	0.89234	-0.73441	-1.02431
96.005	-0.88974	0.79480	-0.71044	-1.03383
99.999	-0.73829	0.82035	-0.71211	-0.98815
104.005	-0.70218	0.80199	-0.77660	-0.99705
108.000	-0.69804	0.77223	-0.58347	-0.96577
112.006	-0.74020	0.67367	-0.63518	-0.96641
116.003	-0.84478	0.64273	-0.66424	-0.99996
120.001	-0.80558	0.56746	-0.65568	-0.91846
123.999	-0.84208	0.57339	-0.59955	-0.90908
128.001	-0.86994	0.62419	-0.64843	-0.90149
132.005	-0.92805	0.59556	-0.73166	-0.90016
135.999	-0.90125	0.49927	-0.68987	-0.89421
140.002	-0.91125	0.59998	-0.59431	-0.88600
144.009	-0.83684	0.52402	-0.58334	-0.89092
148.677	NaN	NaN	NaN	NaN
156.003	-0.94428	0.47591	-0.61424	-0.92726
160.004	-0.83282	0.47471	-0.70012	-0.89237
164.003	-0.71149	0.46978	-0.79203	-0.85012
168.001	-0.74853	0.62051	-0.61585	-0.83023
172.037	-0.56327	0.62349	-0.73451	-0.84332
176.007	-0.75528	0.57824	-0.71049	-0.82097
180.002	-0.62632	0.57133	-0.58972	-0.75180
184.003	-0.46751	0.66106	-0.58056	-0.77059
188.003	-0.46393	0.69940	-0.67533	-0.76319
192.000	-0.36722	0.69113	-0.85290	-0.73084
195.999	-0.43189	0.74124	-0.54428	-0.71223
200.000	-0.29754	0.76517	-0.59518	-0.67349
204.003	-0.40278	0.80588	-0.90453	-0.66647
207.998	-0.35030	0.79938	-0.47599	-0.65338
212.001	-0.36526	0.80797	-0.49994	-0.64660
216.003	-0.35931	0.75026	-0.93100	-0.68477
220.001	-0.50153	0.79146	-0.32067	-0.60875
223.996	-0.34442	0.75618	-0.63486	-0.63260
228.006	-0.48498	0.79276	-0.53696	-0.60078
232.034	-0.31173	0.77079	-0.50644	-0.63236
236.002	-0.36027	0.81051	-0.47083	-0.57693
240.037	-0.45361	0.76374	-0.46907	-0.58049
244.008	-0.36025	0.79861	-0.53548	-0.52120
247.999	-0.37196	0.78159	-0.47820	-0.57586
252.000	-0.39966	0.85835	-0.51716	-0.51114
256.001	-0.39139	0.82745	-0.49331	-0.55447
259.998	-0.35839	0.89172	-0.42055	-0.51032
263.998	-0.25483	0.77506	-0.59091	-0.54969
268.003	-0.26369	0.81797	-0.55297	-0.60078
271.996	-0.18124	0.90478	-0.48609	-0.54657
275.999	-0.27366	0.76729	-0.47344	-0.56908
279.997	-0.17777	0.66883	-0.50845	-0.56525
284.005	-0.17273	0.56982	-0.36209	-0.58884
287.998	-0.16335	0.65405	-0.49714	-0.53671
291.998	-0.12046	0.73515	-0.47751	-0.57490
295.992	-0.02209	0.46882	-0.34705	-0.60400
300.001	0.09153	0.57039	-0.33275	-0.57814
304.002	0.00467	0.42322	-0.29729	-0.61002
308.000	-0.08187	0.50107	-0.29731	-0.57468
312.004	0.02450	0.47279	-0.21532	-0.57993
316.001	-0.13518	0.60088	-0.27870	-0.55779
320.003	0.04882	0.50529	-0.28205	-0.60323
323.995	-0.03179	0.48226	-0.25453	-0.50755
327.997	0.07649	0.52855	-0.26473	-0.55637
332.002	0.09947	0.54863	-0.20633	-0.62602
335.998	0.06733	0.56714	-0.15429	-0.55046
340.002	0.04226	0.54502	-0.26639	-0.56706
343.996	0.00829	0.61390	-0.21542	-0.50738
348.023	0.08336	0.61047	-0.23552	-0.58393
352.005	0.17372	0.65932	-0.32039	-0.56007
355.997	0.16375	0.63030	-0.23073	-0.54507
359.995	0.19070	0.57094	-0.16712	-0.59581
363.996	0.16372	0.57317	-0.14407	-0.55034
368.001	0.18586	0.61410	-0.18601	-0.62480
371.999	0.21073	0.52388	-0.04921	-0.59713
375.997	0.21291	0.54910	-0.15806	-0.57017
379.999	0.18333	0.52447	-0.15188	-0.61591
384.005	0.21209	0.47423	-0.10212	-0.60731
388.000	0.23874	0.48899	-0.12250	-0.58918
392.002	0.21792	0.35166	-0.04591	-0.55270
395.999	0.21911	0.35703	0.01390	-0.53243
400.003	0.19301	0.29284	-0.02517	-0.58488
403.998	0.17263	0.45286	-0.01077	-0.51513
407.994	0.24078	0.25495	-0.11002	-0.56262
412.011	0.21919	0.36960	-0.08445	-0.45622
416.004	0.21333	0.38786	-0.05681	-0.41887
419.997	0.20574	0.40175	-0.08900	-0.47289
424.016	0.19392	0.44921	-0.05038	-0.36858
427.997	0.18906	0.49963	-0.09872	-0.48323
431.997	0.28575	0.55250	-0.05308	-0.52157
436.000	0.20298	0.44131	-0.02417	-0.49779
439.992	0.09987	0.54870	-0.08795	-0.67544
444.013	0.04557	0.59211	-0.10714	-0.49106
448.052	0.10977	0.54614	-0.10642	-0.49200
451.995	0.03591	0.55760	-0.06785	-0.45374
455.994	0.15682	0.53876	-0.03467	-0.51402
459.992	0.12064	0.50027	-0.12255	-0.55886
464.001	0.16122	0.37208	-0.02281	-0.52781
467.999	0.07324	0.35770	-0.06592	-0.61633
471.873	0.12362	0.29657	-0.03926	-0.51973
475.999	0.14119	0.30591	-0.05514	-0.59126
479.874	0.12161	0.34001	-0.09187	-0.58756
483.880	0.07463	0.19733	-0.10066	-0.60726
487.869	0.12766	0.24258	-0.05678	-0.64270
491.865	0.02132	0.21410	0.01988	-0.69477
495.864	0.13508	0.14368	-0.06264	-0.80958
499.873	0.23954	0.12747	-0.00717	-0.81236
503.872	0.04981	0.15851	0.03814	-0.84233
507.871	0.15072	0.12449	-0.03872	-0.83674
511.871	0.10721	0.17471	-0.04502	-0.87271
515.870	0.13531	0.17610	0.05189	-0.86108
519.873	0.07478	0.17653	0.05492	-0.85830
523.877	0.15970	0.18142	-0.03440	-0.83485
527.865	0.11369	0.22941	-0.01886	-0.78312
531.873	0.08865	0.20737	-0.04787	-0.68223
535.878	0.16615	0.22449	-0.10131	-0.66695
539.913	0.17953	0.25281	-0.07393	-0.67259
543.880	0.11778	0.30557	-0.16181	-0.71611
547.870	0.08967	0.32321	-0.08748	-0.66757
551.865	0.10136	0.28032	-0.13709	-0.71142
555.870	0.07428	0.21755	-0.16057	-0.79261
559.871	0.04393	0.22603	-0.18755	-0.87012
563.871	0.04405	0.18508	-0.21941	-0.86525
567.867	-0.00012	0.17350	-0.26964	-0.90793
571.868	0.03070	0.19956	-0.29801	-0.89528
575.871	0.30198	0.10648	-0.35514	-0.84338
579.880	0.24031	0.06436	-0.33144	-0.92551
583.871	0.25351	-0.03292	-0.22070	-0.96715
587.867	0.21735	-0.03166	-0.27657	-0.91193
591.872	0.25242	-0.04711	-0.32886	-0.92703
595.873	0.25036	-0.02736	-0.28456	-0.95128
599.869	0.27786	-0.02405	-0.13553	-0.89236
603.867	-0.01702	-0.02699	-0.21259	-0.85273
607.877	0.19201	-0.01310	-0.23187	-0.85285
611.893	-0.03648	0.00457	-0.23641	-0.80230
615.864	0.11786	-0.05907	-0.17127	-0.86028
619.890	0.09935	0.00189	-0.11617	-0.81119
623.866	-0.03991	-0.03819	-0.10858	-0.93611
627.870	0.07597	0.04781	-0.18822	-0.87377
631.866	0.13667	-0.07646	-0.17079	-0.76426
635.868	0.02248	0.00420	-0.19033	-0.99016
639.864	-0.07979	0.04008	-0.23058	-0.86068
643.871	-0.06289	-0.01409	-0.17737	-0.87266
647.874	0.07006	-0.00830	-0.18824	-0.96333
651.870	0.00055	0.02013	-0.09565	-0.93432
655.865	-0.07133	-0.02527	-0.14245	-0.92073
659.865	-0.02363	-0.03007	-0.10170	-0.97476
663.869	-0.02874	-0.03613	-0.06914	-0.95544
667.863	-0.03137	-0.06021	-0.06515	-0.97978
671.868	0.25053	-0.10379	0.00201	-0.91455
675.868	0.05502	-0.10762	-0.02953	-1.02152
679.865	0.23527	-0.08633	-0.03963	-0.92575
683.863	0.22204	-0.08583	-0.04606	-0.93030
687.873	0.19415	-0.05718	-0.10418	-0.90615
691.878	-0.13076	-0.10737	-0.10858	-0.88985
695.864	-0.32687	-0.15501	-0.12563	-0.88699
699.867	0.29508	-0.14770	-0.12146	-0.88143
703.866	0.34923	-0.15458	-0.20065	-0.87337
707.870	0.23929	-0.13938	-0.20112	-0.87176
711.862	0.06857	-0.11977	-0.25629	-0.83419
715.869	-0.05986	-0.09738	-0.28503	-0.83797
719.878	-0.07996	-0.08257	-0.29046	-0.85121
723.872	-0.23780	-0.10998	-0.28687	-0.89652
727.871	-0.11657	-0.15431	-0.26416	-0.92313
731.872	-0.13166	-0.15287	-0.19278	-0.90239
735.863	-0.07788	-0.13466	-0.14600	-0.92850
739.865	-0.04494	-0.10663	-0.25641	-0.95997
743.870	-0.07770	-0.11751	-0.11806	-0.96003
747.865	-0.17836	-0.09430	-0.15990	-0.97690
751.863	0.03698	-0.08687	-0.15434	-0.98430
755.866	-0.14704	0.00750	-0.23393	-1.01679
759.870	-0.07239	-0.02604	-0.09456	-0.97285
763.861	-0.08175	-0.07201	-0.15052	-1.01100
767.863	0.01010	-0.15488	-0.13657	-1.04119
771.874	-0.19857	-0.04995	-0.15593	-1.07251
775.884	-0.10143	-0.14246	-0.16375	-1.10438
779.872	-0.12506	-0.17360	-0.12548	-1.04404
783.873	-0.18469	-0.22334	-0.11091	-0.97240
787.868	-0.22787	-0.23191	-0.20919	-1.08552
791.871	-0.26120	-0.26104	-0.21666	-1.03828
795.867	-0.27361	-0.29339	-0.22864	-1.08468
799.861	-0.35524	-0.32638	-0.18320	-1.06366
803.871	-0.39191	-0.35717	-0.20000	-1.08614
807.866	-0.26624	-0.34214	-0.18350	-1.05681
811.870	-0.45108	-0.32367	-0.22636	-1.08035
815.895	-0.40045	-0.33495	-0.24813	-1.08815
819.884	-0.36826	-0.31289	-0.34650	-1.01290
823.868	-0.35551	-0.30678	-0.31334	-1.00297
827.869	-0.24587	-0.27806	-0.35861	-1.07711
831.865	-0.28950	-0.22302	-0.35434	-1.09701
835.864	-0.22388	-0.18726	-0.33697	-1.11803
839.861	-0.18707	-0.15436	-0.34295	-1.10009
843.869	-0.20090	-0.13672	-0.29674	-1.11555
847.864	-0.17283	-0.21472	-0.34362	-1.06633
851.878	-0.32119	-0.19019	-0.36474	-1.10436
855.874	-0.45358	-0.16507	-0.27736	-1.07104
859.865	-0.19566	-0.17325	-0.29836	-1.06371
863.866	-0.28190	-0.03109	-0.23026	-1.06058
867.862	-0.29076	0.02666	-0.23348	-1.12022
871.863	-0.38985	0.00586	-0.17459	-1.06876
875.863	-0.27776	-0.10332	-0.17184	-1.01118
879.866	-0.34665	-0.08212	-0.22899	-1.03753
883.861	-0.37827	0.04177	-0.14357	-1.01187
887.864	-0.43666	0.02823	-0.15903	-1.00601
891.864	-0.54079	0.00842	-0.19348	-1.02543
895.870	-0.54642	-0.00144	-0.18541	-0.99940
899.871	-0.35228	0.07909	-0.28284	-0.97271
903.863	-0.42442	0.03692	-0.26537	-0.96884
907.863	-0.46254	-0.03499	-0.24522	-0.97910
911.864	-0.32948	-0.07902	-0.19745	-0.91543
915.861	-0.31898	-0.05067	-0.27796	-0.98484
919.886	-0.39303	-0.05457	-0.20474	-0.95627
923.869	-0.64374	-0.06048	-0.26820	-0.96333
927.867	-0.51364	-0.10319	-0.26681	-1.05531
931.861	-0.41085	-0.15168	-0.18933	-0.94698
935.863	-0.34536	-0.18738	-0.14538	-0.97516
939.864	-0.37412	-0.21742	-0.20102	-0.98181
943.873	-0.33412	-0.25681	-0.15156	-1.00425
947.866	-0.28314	-0.22622	-0.18824	-1.08642
951.860	-0.18067	-0.19335	-0.20102	-1.18811
955.860	-0.27332	-0.20393	-0.30042	-1.05859
959.865	-0.29153	-0.16619	-0.25110	-0.92644
963.862	-0.23450	-0.10546	-0.16598	-0.99836
967.863	-0.23187	-0.06935	-0.14498	-1.00847
971.876	-0.22850	-0.14691	-0.15997	-0.92925
975.864	-0.25582	-0.09982	-0.20040	-0.95255
979.865	-0.28158	-0.14310	-0.21911	-0.88798
983.864	-0.33402	-0.08729	-0.22671	-0.80888
987.875	-0.40005	-0.03111	-0.13106	-0.81830
991.905	-0.30210	-0.11100	-0.11548	-0.76961
995.860	-0.44522	-0.24955	-0.09942	-0.72851
999.864	-0.51637	-0.20440	-0.10024	-0.71356
1003.859	-0.58592	-0.22825	-0.10272	-0.69375
1007.862	-0.62469	-0.18810	-0.07279	-0.71452
1011.863	-0.63818	-0.25911	-0.11572	-0.72806
1015.861	-0.66280	-0.20740	-0.15032	-0.73326
1019.863	-0.62491	-0.21481	-0.16960	-0.79512
1023.896	-0.64685	-0.11733	-0.19643	-0.77964
1027.870	-0.65032	-0.15391	-0.13089	-0.80362
1031.863	-0.66273	-0.15964	-0.19196	-0.80419
1035.862	-0.65744	-0.13828	-0.21194	-0.78851
1039.859	-0.61707	-0.08903	-0.24870	-0.75362
1043.862	-0.52488	-0.09830	-0.23038	-0.75248
1047.862	-0.51537	-0.10829	-0.19899	-0.81775
1051.858	-0.47135	-0.16151	-0.18169	-0.81924
1055.876	-0.42775	-0.13065	-0.20417	-0.82836
1059.889	-0.40306	-0.12603	-0.19335	-0.85618
1063.864	-0.44006	-0.08953	-0.15920	-0.81045
1067.861	-0.43745	-0.10066	-0.20417	-0.81730
1071.859	-0.41939	-0.07740	-0.24492	-0.85673
1075.860	-0.41695	0.00793	-0.24877	-0.89789
1079.864	-0.44763	0.13145	-0.28873	-0.91195
1083.865	-0.44768	0.08215	-0.33575	-0.96635
1087.860	-0.46721	0.12158	-0.35871	-0.97623
1091.859	-0.48507	0.13296	-0.34293	-0.96573
1095.865	-0.49245	0.18405	-0.36248	-0.94158
1099.860	-0.51011	0.17965	-0.37854	-0.95673
1103.857	-0.51495	0.15296	-0.36367	-0.93718
1107.862	-0.49436	0.15128	-0.39638	-0.94888
1111.863	-0.49339	0.11385	-0.38000	-0.97839
1115.856	-0.49165	0.09060	-0.36065	-0.98284
1119.863	-0.48319	0.04520	-0.37740	-0.96105
1123.864	-0.45661	-0.00117	-0.37161	-0.96550
1127.881	-0.46172	-0.02631	-0.39070	-0.96764
1131.857	-0.47703	-0.04391	-0.41311	-0.99787
1135.856	-0.51902	-0.03036	-0.38804	-0.97924
1139.861	-0.55352	-0.03379	-0.43204	-1.01826
1143.862	-0.53451	-0.00964	-0.42140	-0.97156
1147.866	-0.53704	-0.00492	-0.44629	-0.96306
1151.857	-0.60744	-0.03064	-0.38586	-0.92583
1155.860	-0.53597	-0.08063	-0.35630	-0.91105
1159.861	-0.53731	-0.08545	-0.34702	-0.86079
1163.863	-0.49537	-0.17729	-0.35295	-0.86802
1167.858	-0.44068	-0.15543	-0.25403	-0.87479
1171.859	-0.38511	-0.15160	-0.19350	-0.91414
1175.855	-0.41214	-0.15617	-0.17759	-0.84876
1179.860	-0.37638	-0.15963	-0.17692	-0.78260
1183.863	-0.34092	-0.01516	-0.14166	-0.73659
1187.865	-0.38080	-0.12307	-0.13538	-0.65229
1191.860	-0.43472	0.02385	-0.11118	-0.54194
1195.857	-0.67424	0.19214	-0.13389	-0.48072
1199.863	-0.60925	0.26396	-0.06753	-0.26728
1203.859	-0.94931	1.24860	-0.03569	1.60903
1207.856	-0.02787	2.09556	2.41487	3.11578
1211.860	-0.30277	2.36794	2.46253	2.76746
1215.863	-0.81927	2.51728	1.87245	0.81615
1219.864	-1.61619	2.50300	NaN	NaN
1223.864	-2.48641	5.55049	NaN	NaN
1227.859	-2.73727	5.29432	NaN	NaN
1231.860	NaN	NaN	NaN	NaN
1235.864	NaN	NaN	NaN	NaN
1239.857	NaN	NaN	NaN	NaN
1243.852	NaN	NaN	NaN	NaN
1247.855	NaN	NaN	NaN	NaN
1251.987	NaN	NaN	NaN	NaN
1256.065	NaN	NaN	NaN	NaN
1261.169	NaN	NaN	NaN	NaN
1265.357	NaN	NaN	NaN	NaN
1269.470	NaN	NaN	NaN	NaN
1273.598	NaN	NaN	NaN	NaN
1277.665	NaN	NaN	NaN	NaN
1281.661	NaN	NaN	NaN	NaN
1284.718	NaN	NaN	NaN	NaN
1288.795	NaN	NaN	NaN	NaN
1292.531	NaN	NaN	NaN	NaN
1295.851	NaN	NaN	NaN	NaN
1299.871	NaN	NaN	NaN	NaN
1303.861	NaN	NaN	NaN	NaN
1307.859	NaN	NaN	NaN	NaN
1311.869	NaN	NaN	NaN	NaN
1315.733	2.78114	11.55247	NaN	NaN
1319.860	2.01702	0.34096	NaN	NaN
1323.729	-2.35543	3.72142	NaN	NaN
1327.854	-2.60983	3.79176	NaN	NaN
1331.732	0.41715	0.29922	NaN	NaN
1335.731	1.25334	0.71624	NaN	NaN
1339.732	1.46762	0.36429	NaN	NaN
1343.733	3.13130	0.28486	NaN	NaN
1347.733	3.13590	0.05498	-1.86560	1.61436
1351.731	2.88321	0.23870	1.91067	1.61278
1355.729	1.95148	0.37073	-4.86559	0.83597
1359.741	2.25947	0.20787	-2.04284	1.37372
1363.733	1.31275	0.29707	-0.21852	1.28860
1367.736	0.64362	0.34476	-0.58585	0.79426
1371.729	0.32585	0.32363	-0.65565	0.50357
1375.730	0.63054	0.40479	-0.32518	0.36227
1379.730	0.16223	0.29816	-0.20653	0.32915
1383.728	0.14692	0.29247	-0.17526	0.12072
1387.728	0.20782	0.34179	-0.02916	0.08178
1391.735	0.00817	0.32828	-0.09964	-0.11033
1395.729	-0.01899	0.28561	-0.14960	-0.13468
1399.754	-0.05728	0.22550	-0.12049	-0.23037
1403.736	-0.03996	0.23716	-0.10565	-0.31394
1407.731	-0.09302	0.16559	-0.08649	-0.36451
1411.728	-0.14871	0.13250	-0.05348	-0.50877
1415.750	-0.14235	0.08342	-0.00869	-0.52356
1419.730	-0.21581	-0.03461	-0.02512	-0.56741
1423.730	-0.28632	-0.05295	-0.02591	-0.60264
1427.732	-0.33032	-0.09793	-0.07440	-0.63405
1431.728	-0.31538	-0.18137	-0.10143	-0.66463
1435.726	-0.35844	-0.23397	-0.13543	-0.66076
1439.729	-0.35896	-0.21971	-0.12736	-0.64913
1443.736	-0.35635	-0.26590	-0.14605	-0.66458
1447.731	-0.39631	-0.29681	-0.16409	-0.61954
1451.727	-0.45078	-0.30635	-0.18866	-0.57273
1455.731	-0.49115	-0.32342	-0.20643	-0.52331
1459.735	-0.50895	-0.30215	-0.22842	-0.47187
1463.729	-0.54483	-0.27171	-0.23810	-0.45244
1467.743	-0.49242	-0.27904	-0.27535	-0.42625
1471.740	-0.51535	-0.26841	-0.26168	-0.35966
1475.768	-0.54694	-0.24271	-0.27215	-0.34358
1479.729	-0.52768	-0.19444	-0.27930	-0.31841
1483.728	-0.53595	-0.19150	-0.28056	-0.32820
1487.729	-0.52753	-0.16000	-0.30386	-0.33073
1491.731	-0.53796	-0.08173	-0.33191	-0.35103
1495.728	-0.44604	0.02756	-0.37650	-0.39506
1499.724	-0.37648	0.13329	-0.42110	-0.42751
1503.729	-0.33757	0.18974	-0.45959	-0.46860
1507.748	-0.33642	0.17461	-0.46398	-0.49355
1511.736	-0.37901	0.23298	-0.49907	-0.51683
1515.726	-0.39052	0.30181	-0.52890	-0.58751
1519.732	-0.34811	0.37317	-0.53270	-0.70180
1523.729	-0.36884	0.43089	-0.56126	-0.77936
1527.739	-0.36355	0.49587	-0.59215	-0.80494
1531.774	-0.37903	0.52215	-0.59215	-0.92401
1535.738	-0.41353	0.52866	-0.58463	-1.02454
1539.786	-0.44701	0.49770	-0.56228	-1.13357
1543.732	-0.46058	0.43171	-0.55644	-1.17505
1547.725	-0.49058	0.35172	-0.60972	-1.14133
1551.729	-0.50041	0.27658	-0.64027	-1.16328
1555.725	-0.43688	0.35108	-0.66364	-1.23848
1559.732	-0.37025	0.29957	-0.59089	-1.09019
1563.728	-0.35762	0.20667	-0.60034	-0.98487
1567.729	-0.31377	0.17414	-0.60722	-0.82022
1571.729	-0.32734	0.08260	-0.54396	-0.78676
1575.732	-0.22775	0.05651	-0.52175	-0.84517
1579.727	-0.16126	0.00060	-0.46830	-0.78643
1583.728	-0.15546	-0.02222	-0.47361	-0.72881
1587.724	-0.14337	-0.01851	-0.44060	-0.78191
1591.732	-0.07150	0.00224	-0.40695	-0.80765
1595.727	-0.07676	0.00119	-0.35069	-0.84609
1599.725	-0.08599	0.01749	-0.32352	-0.89051
1603.763	-0.06376	0.05435	-0.33255	-0.97196
1607.763	-0.06016	0.04893	-0.31272	-1.00674
1611.735	-0.04321	0.08265	-0.30315	-1.07811
1615.725	-0.02035	0.07075	-0.29568	-1.13783
1619.736	-0.01948	0.09244	-0.30587	-1.14766
1623.741	-0.03534	0.11771	-0.29883	-1.13947
1627.732	-0.04594	0.09532	-0.29103	-1.14044
1631.722	-0.02725	0.06269	-0.28091	-1.12273
1635.728	-0.05274	0.03814	-0.28064	-1.06957
1639.725	-0.06956	-0.02935	-0.28734	-1.02356
1643.723	-0.13382	-0.02840	-0.28997	-0.92002
1647.725	-0.21187	-0.08483	-0.28361	-0.87961
1651.736	-0.22470	-0.12718	-0.29615	-0.75712
1655.737	-0.27463	-0.10986	-0.29406	-0.71039
1659.738	-0.36211	-0.14030	-0.30580	-0.62043
1663.723	-0.42420	-0.13614	-0.27964	-0.53468
1667.723	-0.46775	-0.14521	-0.29411	-0.49915
1671.731	-0.49803	-0.11863	-0.29684	-0.43840
1675.731	-0.50694	-0.13480	-0.27858	-0.39708
1679.729	-0.54560	-0.10163	-0.28121	-0.36401
1683.722	-0.55250	-0.12260	-0.26756	-0.34385
1687.726	-0.57724	-0.07574	-0.27674	-0.37551
1691.724	-0.56674	-0.13435	-0.30930	-0.37206
1695.735	-0.56525	-0.16564	-0.31478	-0.40200
1699.735	-0.57523	-0.16442	-0.32764	-0.37911
1703.725	-0.56776	-0.13095	-0.33573	-0.39648
1707.725	-0.53964	-0.17441	-0.41184	-0.43844
1711.729	-0.58017	-0.23936	-0.46696	-0.43558
1715.724	-0.61158	-0.29549	-0.56669	-0.45739
1719.724	-0.65645	-0.32103	-0.59543	-0.45861
1723.730	-0.67161	-0.37062	-0.64533	-0.48049
1727.728	-0.69623	-0.44111	-0.65801	-0.50166
1731.725	-0.68407	-0.43109	-0.70365	-0.50426
1735.723	-0.70896	-0.45385	-0.70714	-0.53008
1739.741	-0.73873	-0.41636	-0.71578	-0.56545
1743.769	-0.71749	-0.31784	-0.69049	-0.61095
1747.728	-0.74419	-0.28499	-0.70945	-0.61842
1751.724	-0.75474	-0.25165	-0.68407	-0.63304
1755.724	-0.70513	-0.13842	-0.64121	-0.72772
1759.725	-0.67801	-0.02589	-0.60823	-0.77754
1763.729	-0.60804	-0.02554	-0.55540	-0.76935
1767.723	-0.64049	-0.08133	-0.49614	-0.82975
1771.723	-0.56975	-0.01429	-0.47329	-0.83122
1775.727	-0.56089	0.02259	-0.45185	-0.86684
1779.732	-0.52317	-0.00477	-0.46083	-0.90917
1783.729	-0.52396	0.01593	-0.40306	-0.87371
1787.729	-0.54446	0.02843	-0.40554	-0.87912
1791.729	-0.52949	0.03203	-0.37010	-0.91825
1795.722	-0.48503	0.03613	-0.29667	-0.95982
1799.726	-0.47383	-0.00348	-0.26441	-0.94201
1803.723	-0.44520	-0.13749	-0.22291	-0.91737
1807.784	-0.43343	-0.12625	-0.19445	-0.94497
1811.842	-0.42011	-0.10908	-0.14340	-0.94651
1815.725	-0.42743	-0.13704	-0.15392	-0.98542
1819.727	-0.40626	-0.13319	-0.14412	-0.99881
1823.725	-0.37444	-0.09057	-0.11453	-0.97816
1827.723	-0.33399	-0.06717	-0.10108	-1.01908
1831.725	-0.26455	-0.07991	-0.11731	-1.03813
1835.720	-0.20847	-0.06848	-0.09825	-1.02479
1839.722	-0.28319	-0.12780	-0.12156	-0.98326
1843.720	-0.29223	-0.20490	-0.12312	-0.98741
1847.725	-0.26865	-0.12069	-0.13853	-0.99560
1851.724	-0.30615	-0.13627	-0.15625	-0.99943
1855.719	-0.33007	-0.24555	-0.22006	-0.97302
1859.725	-0.37675	-0.20498	-0.24701	-0.96924
1863.744	-0.41599	-0.21387	-0.25937	-0.96102
1867.732	-0.55843	-0.21762	-0.32508	-0.93776
1871.722	-0.62362	-0.22745	-0.36273	-0.91242
1875.729	-0.74561	-0.27702	-0.41785	-0.89062
1879.730	-0.77861	-0.30305	-0.42631	-0.87927
1883.721	-0.79414	-0.30628	-0.43485	-0.89619
1887.721	-0.91128	-0.30608	-0.46480	-0.92343
1891.718	-0.90232	-0.34558	-0.52289	-0.92295
1895.725	-0.93023	-0.35701	-0.57317	-0.91962
1899.733	-0.97137	-0.36669	-0.50907	-0.95498
1903.726	-1.00933	-0.35794	-0.46152	-0.97277
1907.722	-0.98457	-0.42214	-0.39432	-0.97313
1911.719	-0.93378	-0.44642	-0.41971	-0.99449
1915.726	-0.92083	-0.50868	-0.43423	-1.02385
1919.722	-0.79466	-0.54843	-0.38775	-1.01672
1923.726	-0.78439	-0.55071	-0.39407	-1.02638
1927.721	-0.72010	-0.55398	-0.40606	-1.00877
1931.723	-0.65771	-0.52809	-0.43418	-0.93790
1935.718	-0.66687	-0.55808	-0.41209	-0.95496
1939.724	-0.55550	-0.58637	-0.43966	-0.96435
1943.727	-0.53026	-0.66895	-0.48341	-0.91339
1947.771	-0.47542	-0.69833	-0.49242	-0.87926
1951.722	-0.45949	-0.60558	-0.54786	-0.84266
1955.721	-0.48641	-0.64414	-0.53282	-0.78704
1959.721	-0.49924	-0.53189	-0.53776	-0.72453
1963.721	-0.53528	-0.46644	-0.47589	-0.70332
1967.724	-0.54215	-0.46835	-0.44053	-0.69152
1971.719	-0.56756	-0.55471	-0.42914	-0.64641
1975.718	-0.56791	-0.53417	-0.33625	-0.68510
1979.722	-0.55746	-0.51138	-0.32630	-0.71424
1983.737	-0.57545	-0.47940	-0.30863	-0.69899
1987.719	-0.55597	-0.54249	-0.28528	-0.72068
1991.723	-0.54709	-0.45953	-0.25756	-0.77713
1995.720	-0.53783	-0.55360	-0.22745	-0.85723
1999.724	-0.49718	-0.48098	-0.24624	-0.89985
2003.715	-0.49805	-0.54558	-0.24299	-0.92341
2007.721	-0.45177	-0.56310	-0.24617	-1.00556
2011.737	-0.45232	-0.54712	-0.26106	-1.07253
2015.729	-0.45477	-0.49795	-0.27473	-1.13644
2019.731	-0.41393	-0.58730	-0.29275	-1.20847
2023.719	-0.43599	-0.52106	-0.32067	-1.20928
2027.722	-0.41911	-0.57125	-0.30798	-1.26085
2031.729	-0.53783	-0.49461	-0.31198	-1.30021
2035.721	-0.58771	-0.50298	-0.30625	-1.34971
2039.715	-0.63295	-0.45691	-0.30377	-1.32162
2043.720	-0.59379	-0.50087	-0.27364	-1.29714
2047.718	-0.61483	-0.48949	-0.25120	-1.25579
2051.718	-0.65635	-0.54400	-0.25986	-1.17516
2055.715	-0.71007	-0.53929	-0.23768	-1.13825
2059.718	-0.73151	-0.54550	-0.22887	-1.12367
2063.717	-0.77223	-0.50520	-0.24569	-1.07305
2067.723	-0.79900	-0.49146	-0.22217	-1.03634
2071.723	-0.79446	-0.44236	-0.25423	-1.01808
2075.717	-0.78394	-0.47866	-0.27245	-1.00079
2079.747	-0.76171	-0.49047	-0.31295	-0.91548
2083.719	-0.70695	-0.50031	-0.42475	-0.89966
2087.722	-0.70092	-0.44123	-0.46309	-0.88520
2091.716	-0.68198	-0.40918	-0.41869	-0.90719
2095.742	-0.61181	-0.41604	-0.41686	-0.92468
2099.718	-0.52428	-0.39582	-0.44336	-0.91126
2103.717	-0.47227	-0.42708	-0.47165	-0.87762
2107.720	-0.49269	-0.37637	-0.46579	-0.88033
2111.724	-0.44279	-0.44182	-0.46907	-0.90284
2115.716	-0.46071	-0.44440	-0.43383	-0.88461
2119.723	-0.50183	-0.47712	-0.39048	-0.86141
2123.717	-0.51587	-0.47203	-0.38174	-0.94198
2127.718	-0.58493	-0.50835	-0.34370	-0.96409
2131.714	-0.56034	-0.47913	-0.30749	-0.97766
2135.722	-0.57327	-0.54204	-0.26297	-1.00392
2139.717	-0.55223	-0.54781	-0.28098	-1.00401
2143.717	-0.61836	-0.56847	-0.32327	-1.00943
2147.744	-0.64625	-0.49073	-0.39144	-1.09489
2151.728	-0.64660	-0.53219	-0.46190	-1.14329
2155.758	-0.72166	-0.52665	-0.37856	-1.12540
2159.722	-0.70030	-0.48213	-0.41973	-1.13468
2163.718	-0.71508	-0.39524	-0.47713	-1.15281
2167.719	-0.74729	-0.35894	-0.50552	-1.20846
2171.591	-0.63980	-0.37649	-0.45740	-1.22720
2175.596	-0.59518	-0.41478	-0.39608	-1.19149
2179.590	-0.54515	-0.37473	-0.45222	-1.14357
2183.721	-0.56622	-0.34180	-0.41958	-1.12850
2187.593	-0.48900	-0.35398	-0.42964	-1.14566
2191.594	-0.57220	-0.36444	-0.43604	-1.09032
2195.592	-0.71771	-0.32224	-0.39194	-1.07376
2199.598	-0.69938	-0.31697	-0.42115	-0.96858
2203.593	-0.72556	-0.28231	-0.40370	-1.03215
2207.595	-0.79952	-0.32531	-0.36893	-1.01359
2211.593	-0.62211	-0.25409	-0.36060	-0.98458
2215.618	-0.69124	-0.13206	-0.38566	-0.93306
2219.632	-0.70347	-0.17008	-0.44199	-0.88814
2223.594	-0.75866	-0.15177	-0.44797	-0.89792
2227.591	-0.79399	-0.02259	-0.42177	-0.93847
2231.590	-0.83721	-0.07541	-0.42758	-0.85264
2235.589	-0.78367	-0.08028	-0.41475	-0.83512
2239.597	-0.71925	-0.09646	-0.46616	-0.85288
2243.591	-0.69732	-0.07241	-0.43567	-0.81045
2247.586	-0.77816	-0.08542	-0.40951	-0.79538
2251.592	-0.71503	-0.07327	-0.42983	-0.81418
2255.594	-0.70950	-0.07009	-0.43713	-0.81366
2259.590	-0.82146	-0.07909	-0.42902	-0.89830
2263.586	-0.81429	-0.08835	-0.34365	-0.90571
2267.591	-0.79528	-0.04544	-0.39472	-0.96259
2271.593	-0.77814	-0.11514	-0.38487	-0.97986
2275.587	-0.73677	-0.09762	-0.44127	-0.98621
2279.591	-0.77397	-0.07295	-0.48321	-0.94909
2283.599	-0.79813	0.00291	-0.44289	-0.96164
2287.600	-0.89448	-0.07128	-0.47143	-1.01495
2291.590	-0.77094	-0.02077	-0.48957	-1.06597
2295.586	-0.72300	-0.04381	-0.45128	-1.06580
2299.606	-0.68355	-0.07484	-0.47617	-1.09247
2303.600	-0.62982	-0.11020	-0.48150	-1.04932
2307.595	-0.64853	-0.10205	-0.50453	-1.02528
2311.591	-0.69531	-0.16866	-0.48436	-0.98705
2315.585	-0.66734	-0.16526	-0.53498	-1.01680
2319.593	-0.74471	-0.16272	-0.54309	-1.07150
2323.594	-0.82615	-0.20011	-0.48269	-1.11063
2327.602	-0.77129	-0.22524	-0.46736	-1.11170
2331.589	-0.73106	-0.21127	-0.47316	-1.18467
2335.589	-0.77079	-0.21348	-0.50138	-1.22418
2339.592	-0.84716	-0.20657	-0.52940	-1.25431
2343.592	-0.91505	-0.21524	-0.51205	-1.27492
2347.595	-0.95070	-0.18885	-0.54170	-1.28788
2351.592	-0.96723	-0.05076	-0.58245	-1.21923
2355.594	-1.03682	-0.03173	-0.53518	-1.26804
2359.593	-1.02848	0.00189	-0.50473	-1.24830
2363.591	-0.86667	0.00830	-0.47215	-1.26592
2367.592	-0.88925	-0.02696	-0.46875	-1.24369
2371.589	-0.90240	0.05305	-0.53203	-1.18680
2375.592	-0.98750	0.01898	-0.50738	-1.20317
2379.586	-1.01424	-0.10519	-0.45773	-1.10283
2383.591	-0.97479	-0.06023	-0.46676	-1.07745
2387.587	-1.01982	0.05150	-0.46286	-1.08015
2391.590	-1.05428	0.06455	-0.39355	-1.06692
2395.589	-1.08696	-0.04047	-0.37765	-1.14043
2399.617	-0.96482	0.00134	-0.38576	-1.14405
2403.589	-0.81570	-0.04010	-0.45718	-1.12529
2407.595	-0.95780	-0.06172	-0.52359	-1.18933
2411.592	-1.08525	-0.01568	-0.46909	-1.18055
2415.586	-1.07341	-0.06189	-0.48691	-1.20104
2419.624	-1.05984	-0.02656	-0.52543	-1.14937
2423.604	-1.02796	0.01871	-0.48547	-1.21852
2427.590	-1.07696	0.05185	-0.49153	-1.23593
2431.587	-1.11038	0.03545	-0.51351	-1.17339
2435.582	-1.05205	0.06835	-0.56476	-1.23145
2439.583	-0.87659	0.05210	-0.49651	-1.05422
2443.592	-0.93319	0.03409	-0.52657	-1.14013
2447.590	-0.99851	0.03836	-0.54493	-1.17718
2451.588	-1.09487	0.09799	-0.44996	-1.15728
2455.588	-1.03315	0.12047	-0.47254	-1.14364
2459.588	-1.03069	0.14177	-0.48589	-1.16512
2463.587	-1.07031	0.13031	-0.45497	-1.18795
2467.583	-1.02801	0.12395	-0.54205	-1.17120
2471.588	-1.05902	0.06850	-0.54267	-1.24241
2475.587	-1.05709	0.09478	-0.55404	-1.30951
2479.590	-1.07636	0.09843	-0.45830	-1.23770
2483.585	-0.94641	0.15382	-0.50473	-1.28871
2487.599	-0.80059	0.19669	-0.53051	-1.28950
2491.595	-0.85312	0.18908	-0.55625	-1.30670
2495.591	-0.83716	0.10135	-0.44122	-1.30931
2499.586	-0.94289	0.07541	-0.47949	-1.38818
2503.583	-1.00300	0.09906	-0.49436	-1.44435
2507.586	-0.94065	0.01225	-0.52833	-1.45916
2511.590	-1.00963	-0.04753	-0.44716	-1.48657
2515.587	-0.93252	-0.03342	-0.40561	-1.48563
2519.588	-0.89748	-0.10227	-0.41621	-1.42819
2523.584	-1.00320	-0.02385	-0.46855	-1.37248
2527.587	-1.13834	-0.00291	-0.55823	-1.27856
2531.602	-1.93537	0.44493	-1.12229	-1.39017
2535.595	-3.32892	0.51394	-2.53214	-1.20614
2539.587	-5.57579	0.26173	-3.76025	-1.25330
2543.592	-5.69072	0.08963	-4.13164	-1.18880
2547.586	-5.75251	0.15287	-4.42856	-1.25143
2551.587	-5.93014	0.16790	-4.83775	-1.13275
2555.590	-5.94364	0.03374	-4.78570	-1.14974
2559.643	-5.94489	0.21211	-4.88355	-0.99291
2563.585	-5.78359	0.12418	-4.95950	-0.87155
2567.583	-5.66681	0.26132	-4.92565	-0.91716
2571.587	-5.68765	0.18876	-5.16610	-0.95428
2575.588	-5.74772	0.12016	-5.09810	-0.91429
2579.591	-5.77025	0.05048	-5.10613	-0.96674
2583.587	-5.76753	0.01926	-5.15061	-0.93616
2587.582	-5.66659	-0.00870	-5.21772	-0.98767
2591.606	-5.70345	-0.00015	-5.23743	-0.97668
2595.589	-5.69067	0.01862	-5.20307	-0.93750
2599.582	-5.68317	0.03885	-5.21314	-0.95685
2603.587	-5.61490	0.03507	-5.22923	-0.98335
2607.583	-5.70819	0.03036	-5.20600	-1.01973
2611.588	-5.74222	-0.00762	-5.20524	-1.00587
2615.588	-5.77770	-0.01708	-5.16915	-1.00158
2619.587	-5.83432	-0.06059	-5.16396	-1.06435
2623.603	-5.85549	-0.09781	-5.18904	-1.10097
2627.585	-5.82095	-0.01108	-5.15802	-1.15416
2631.585	-5.78141	0.01083	-5.13565	-1.17333
2635.584	-5.72244	-0.02235	-5.12745	-1.19368
2639.586	-5.67170	0.05982	-5.13353	-1.22573
2643.583	-5.64882	0.08568	-5.12573	-1.21174
2647.586	-5.67968	0.13449	-5.06855	-1.14027
2651.582	-5.62166	0.17128	-5.05292	-1.16363
2655.591	-5.65157	0.24990	-5.05942	-1.16196
2659.597	-5.57999	0.22486	-5.05501	-1.19503
2663.589	-5.51934	0.23223	-5.13395	-1.20727
2667.583	-5.56116	0.28083	-5.13949	-1.20422
2671.582	-5.55076	0.25249	-5.14259	-1.13069
2675.579	-5.56620	0.22231	-5.10278	-1.03484
2679.586	-5.56296	0.24611	-5.16098	-1.02645
2683.587	-5.57063	0.23238	-5.14266	-1.05041
2687.584	-5.63090	0.20978	-5.10714	-1.01080
2691.583	-5.56485	0.18047	-5.14367	-1.08623
2695.591	-5.53589	0.17284	-5.12442	-1.08473
2699.594	-5.57109	0.16588	-5.06823	-1.08250
2703.586	-5.48511	0.14250	-5.09246	-1.10299
2707.583	-5.49660	0.12437	-5.11113	-1.09702
2711.583	-5.46507	0.07592	-5.06621	-1.06323
2715.584	-5.42565	0.09724	-5.22790	-1.06570
2719.580	-5.50832	0.07044	-5.13954	-1.08520
2723.588	-5.45383	0.04665	-5.08978	-1.09097
2727.582	-5.55996	0.00265	-5.03435	-1.06806
2731.583	-5.46217	0.03404	-4.95716	-1.07160
2735.585	-5.48137	0.09214	-5.05678	-1.04419
2739.585	-5.53178	0.02963	-5.02465	-1.01017
2743.581	-5.55612	0.10551	-5.04711	-1.02607
2747.586	-5.57768	-0.00688	-5.08316	-0.99567
2751.665	NaN	NaN	NaN	NaN
2759.587	-5.60076	0.17128	-4.95960	-0.92325
2763.614	-5.65604	0.07146	-5.03721	-0.90876
2767.585	-5.56628	0.28377	-4.94553	-0.86233
2771.584	-5.60534	0.15555	-4.94839	-0.77587
2775.587	-5.56067	0.35864	-4.97317	-0.73617
2779.588	-5.66354	0.29559	-5.05592	-0.63487
2783.586	-5.62461	0.42514	-5.03809	-0.46792
2787.581	-5.67005	0.72772	-5.04324	-0.44594
2791.582	-5.75775	0.65456	-5.10389	-0.20135
2795.579	-6.45449	1.33728	-5.24260	0.30590
2799.583	-8.18546	1.53496	-11.11602	0.41918
2803.580	-4.35943	1.01707	NaN	NaN
2807.583	-13.34204	4.54449	NaN	NaN
2811.578	-10.27552	5.32737	NaN	NaN
2815.583	NaN	NaN	NaN	NaN
2819.578	NaN	NaN	NaN	NaN
2823.642	NaN	NaN	NaN	NaN
2827.580	NaN	NaN	NaN	NaN
2831.617	NaN	NaN	NaN	NaN
2835.588	NaN	NaN	NaN	NaN
2839.582	NaN	NaN	NaN	NaN
2843.579	NaN	NaN	NaN	NaN
2847.580	NaN	NaN	NaN	NaN
2851.796	NaN	NaN	NaN	NaN
2856.066	NaN	NaN	NaN	NaN
2860.190	NaN	NaN	NaN	NaN
2864.265	NaN	NaN	NaN	NaN
2868.312	NaN	NaN	NaN	NaN
2872.417	NaN	NaN	NaN	NaN
2876.057	NaN	NaN	NaN	NaN
2880.137	NaN	NaN	NaN	NaN
2883.963	NaN	NaN	NaN	NaN
2887.753	NaN	NaN	NaN	NaN
2891.590	NaN	NaN	NaN	NaN
2895.584	NaN	NaN	NaN	NaN
2900.133	NaN	NaN	NaN	NaN
2904.163	NaN	NaN	NaN	NaN
2908.014	NaN	NaN	NaN	NaN
2911.852	NaN	NaN	NaN	NaN
2915.629	NaN	NaN	NaN	NaN
2919.593	NaN	NaN	NaN	NaN
2923.711	NaN	NaN	NaN	NaN
2927.640	NaN	NaN	NaN	NaN
2931.590	NaN	NaN	NaN	NaN
2937.321	NaN	NaN	NaN	NaN
2940.141	NaN	NaN	NaN	NaN
2947.588	NaN	NaN	NaN	NaN
2951.600	NaN	NaN	NaN	NaN
2955.574	NaN	NaN	NaN	NaN
2959.578	NaN	NaN	NaN	NaN
2963.602	NaN	NaN	NaN	NaN
2968.233	NaN	NaN	NaN	NaN
2972.101	NaN	NaN	NaN	NaN
2975.861	NaN	NaN	NaN	NaN
2979.606	NaN	NaN	NaN	NaN
2983.581	NaN	NaN	NaN	NaN
2987.583	NaN	NaN	NaN	NaN
2991.582	NaN	NaN	NaN	NaN
2995.582	NaN	NaN	NaN	NaN
2999.580	NaN	NaN	NaN	NaN
3003.576	NaN	NaN	NaN	NaN
3007.575	NaN	NaN	NaN	NaN
3011.581	NaN	NaN	NaN	NaN
3015.575	NaN	NaN	NaN	NaN
3019.574	NaN	NaN	NaN	NaN
3023.571	NaN	NaN	NaN	NaN
3027.449	NaN	NaN	NaN	NaN
3031.472	NaN	NaN	NaN	NaN
3035.631	NaN	NaN	NaN	NaN
3039.587	NaN	NaN	NaN	NaN
3043.461	NaN	NaN	NaN	NaN
3047.456	NaN	NaN	NaN	NaN
3051.468	NaN	NaN	NaN	NaN
3055.461	NaN	NaN	NaN	NaN
3059.452	NaN	NaN	NaN	NaN
3063.463	NaN	NaN	NaN	NaN
3067.454	NaN	NaN	NaN	NaN
3071.450	NaN	NaN	NaN	NaN
3075.455	NaN	NaN	NaN	NaN
3079.453	NaN	NaN	NaN	NaN
3083.455	NaN	NaN	NaN	NaN
3087.450	4.53864	8.55978	NaN	NaN
3091.452	NaN	NaN	NaN	NaN
3095.453	NaN	NaN	NaN	NaN
3099.457	NaN	NaN	NaN	NaN
3103.449	3.98919	12.68220	NaN	NaN
3107.452	1.31444	3.60910	-4.02033	4.39064
3111.449	0.70079	2.44014	7.46424	7.69042
3115.448	NaN	NaN	NaN	NaN
3123.458	1.11913	2.36109	2.06726	0.58569
3127.449	1.07103	2.47055	2.08535	0.76751
3131.457	0.91426	2.15370	1.96214	0.77417
3135.450	0.98291	1.70683	1.53108	0.83895
3139.450	1.06451	1.64443	1.39011	0.98833
3143.449	0.94964	1.58341	1.45509	1.04681
3147.456	0.78650	1.47483	1.24831	1.07256
3151.450	0.90783	1.49651	1.43453	1.02574
3155.451	0.82801	1.67599	1.23945	1.00732
3159.459	0.79704	1.59110	1.20398	0.99531
3163.451	0.90651	1.62400	1.34757	1.12236
3167.452	0.86287	1.61774	1.21000	1.29778
3171.482	0.71950	1.60061	1.12931	1.34122
3175.450	0.69856	1.59272	1.09393	1.30057
3179.456	0.68809	1.61463	1.12581	1.28404
3183.519	0.58704	1.74703	1.16597	1.38838
3187.455	0.69506	1.68163	1.13826	1.32943
3191.453	0.70436	1.70035	1.13454	1.34112
3195.453	0.69806	1.68754	1.13065	1.38495
3199.452	0.81146	1.69641	1.14362	1.50069
3203.455	0.63856	1.66527	1.12608	1.49678
3207.450	0.64183	1.68371	1.09542	1.58354
3211.455	0.62682	1.59098	1.11884	1.43332
3215.448	0.69918	1.56648	1.13588	1.42495
3219.450	0.77191	1.53065	1.09482	1.46611
3223.456	0.69441	1.43674	1.10460	1.46742
3227.450	0.69747	1.43344	1.12397	1.49082
3231.449	0.71838	1.45005	1.13782	1.38666
3235.449	0.69047	1.42421	1.13958	1.52140
3239.475	0.70208	1.45765	1.17302	1.47379
3243.468	0.69831	1.46274	1.15937	1.39204
3247.454	0.74238	1.40728	1.14159	1.42450
3251.449	0.75603	1.41179	1.21534	1.42602
3255.446	0.75640	1.40561	1.25736	1.35176
3259.447	0.73186	1.41955	1.21618	1.37080
3263.453	0.71429	1.39527	1.24320	1.36883
3267.447	0.73429	1.40413	1.28916	1.42070
3271.444	0.77776	1.33985	1.21735	1.35638
3275.446	0.74734	1.36144	1.33222	1.36829
3279.452	0.72565	1.33432	1.32418	1.37003
3283.464	0.72248	1.36378	1.24364	1.41816
3287.450	0.67657	1.34166	1.30206	1.35229
3291.450	0.71940	1.26298	1.34631	1.36152
3295.451	0.71538	1.31113	1.32426	1.28044
3299.446	0.70977	1.34583	1.31652	1.32226
3303.447	0.73570	1.29099	1.30499	1.26223
3307.475	0.71856	1.33905	1.28916	1.35056
3311.450	0.78568	1.35579	1.27800	1.25695
3315.446	0.80248	1.37585	1.27381	1.24141
3319.448	0.77962	1.37652	1.24697	1.26879
3323.448	0.75250	1.35448	1.23183	1.28285
3327.454	0.84796	1.32510	1.20941	1.21718
3331.499	0.84386	1.33354	1.21301	1.31956
3335.462	0.81439	1.36415	1.17019	1.24116
3339.449	0.83483	1.37099	1.15925	1.43343
3343.448	0.72521	1.41791	1.11035	1.32763
3347.451	-0.08274	1.32087	0.97849	1.37260
3351.448	-1.32247	0.96045	0.10031	0.90945
3355.446	-1.70690	0.41889	-0.29697	0.31354
3359.445	-1.55397	-0.02568	-0.35583	0.01377
3363.451	-1.30149	-0.20572	-0.58441	0.24639
3367.452	-1.15263	-0.39385	-0.46247	-0.01593
3371.446	-1.37057	-0.42146	-0.67134	0.08930
3375.465	-1.27797	-0.45822	-0.73615	0.12292
3379.456	-0.94562	-0.12386	-0.62652	0.04497
3383.445	-1.26346	-0.35038	-0.74588	0.06726
3387.466	-1.18140	-0.12469	-0.80332	-0.00552
3391.442	-1.25396	-0.21154	-0.89929	-0.01849
3395.448	-1.17954	-0.29875	-0.90421	-0.01073
3399.449	-1.08587	-0.17751	-0.96671	0.00681
3403.443	-1.13846	-0.19734	-0.97529	0.02726
3407.453	-1.11355	-0.27175	-1.03749	0.00266
3411.450	-1.08899	-0.07103	-1.02764	0.00273
3415.446	-1.09634	-0.08783	-1.04312	-0.01804
3419.447	-1.11102	-0.10482	-0.99928	0.00606
3423.444	-1.16615	-0.21572	-1.05905	-0.00489
3427.445	-1.19462	-0.20004	-1.07547	-0.01640
3431.451	-1.23290	-0.03975	-1.14548	-0.00470
3435.448	-1.25676	-0.08467	-1.10420	-0.01063
3439.440	-1.29119	-0.06091	-1.12675	-0.01858
3443.497	-1.32885	-0.06829	-1.12608	-0.04278
3447.445	-1.31538	-0.07860	-1.14965	-0.04797
3451.449	-1.33741	-0.04315	-1.22906	-0.03381
3455.442	-1.33574	-0.06571	-1.18587	0.00842
3459.443	-1.36853	-0.06374	-1.16126	0.04527
3463.448	-1.37464	0.01401	-1.23747	0.05461
3467.447	-1.35110	0.05120	-1.24520	0.08144
3471.445	-1.35345	0.11306	-1.24967	0.12943
3475.454	-1.37674	0.11487	-1.21204	0.25452
3479.444	-1.33616	0.12769	-1.24176	0.24068
3483.447	-1.36199	0.04576	-1.25535	0.17976
3487.441	-1.31431	-0.14727	-1.19758	0.24670
3491.447	-1.29566	-0.03679	-1.26081	0.27752
3495.446	-1.31585	-0.09915	-1.24659	0.30112
3499.449	-1.26145	0.20717	-1.29238	0.32767
3503.445	-1.29362	-0.05935	-1.31081	0.30536
3507.440	-1.31873	0.02054	-1.37528	0.36348
3511.462	-1.38880	0.01423	-1.44671	0.38156
3515.542	-1.35467	0.27145	-1.33036	0.31582
3519.444	-1.30833	0.00711	-2.45143	0.53681
3523.444	-1.37404	0.39128	-0.64196	0.52723
3527.444	0.29141	0.20938	-2.07291	2.35504
3531.475	2.44578	0.19456	NaN	NaN
3535.469	1.99694	0.48991	NaN	NaN
3539.457	0.65975	12.68687	NaN	NaN
3543.445	NaN	NaN	NaN	NaN
3547.439	NaN	NaN	NaN	NaN
3551.445	NaN	NaN	NaN	NaN
3555.446	NaN	NaN	NaN	NaN
3559.441	NaN	NaN	NaN	NaN
3563.441	NaN	NaN	NaN	NaN
3567.445	NaN	NaN	NaN	NaN
3571.448	NaN	NaN	NaN	NaN
3575.561	NaN	NaN	NaN	NaN
3580.590	NaN	NaN	NaN	NaN
3584.695	NaN	NaN	NaN	NaN
3588.787	NaN	NaN	NaN	NaN
3593.079	NaN	NaN	NaN	NaN
3596.208	NaN	NaN	NaN	NaN
3599.455	NaN	NaN	NaN	NaN
3603.470	NaN	NaN	NaN	NaN
3607.448	NaN	NaN	NaN	NaN
3611.441	NaN	NaN	NaN	NaN
3615.435	4.36997	13.77415	NaN	NaN
3619.449	NaN	NaN	NaN	NaN
3623.443	0.10955	-3.30593	NaN	NaN
3627.446	2.02515	-1.32826	-6.30514	10.06770
3631.442	2.21883	-1.57537	-4.97211	6.36070
3635.447	2.08332	-2.48350	-5.23470	-2.27712
3639.439	0.68938	-2.19861	-1.76656	-2.23906
3643.444	-2.03201	-2.29057	-1.81845	-2.59229
3647.441	-1.69547	-2.36926	-1.24491	-3.05137
3651.442	-1.60429	-2.32146	-1.43151	-3.26101
3655.438	-1.80868	-2.45535	-1.26706	-3.02843
3659.459	-1.69919	-2.54206	-1.42665	-2.86694
3663.443	-1.53423	-2.45696	-1.34078	-2.97129
3667.436	-1.71565	-2.49752	-1.23774	-2.77217
3671.444	-1.64345	-2.54077	-1.23347	-2.92812
3675.443	-1.52908	-2.62393	-1.31067	-2.79167
3679.440	-1.50683	-2.57044	-1.29137	-2.94097
3683.443	-1.59209	-2.68069	-1.29402	-2.92159
3687.442	-1.51638	-2.73484	-1.27770	-2.88035
3691.443	-1.59693	-2.77347	-1.32141	-2.95236
3695.442	-1.54651	-2.79520	-1.32984	-2.85856
3699.447	-1.50621	-2.76536	-1.32699	-2.93503
3703.456	-1.56967	-2.90984	-1.30881	-2.87709
3707.449	-1.46211	-2.80403	-1.33773	-2.88888
3711.440	-1.50167	-2.92106	-1.35593	-2.88234
3715.454	-1.48191	-2.81506	-1.36404	-2.96165
3719.446	-1.49163	-2.98876	-1.38049	-2.95055
3723.446	-1.63130	-2.90564	-1.38503	-3.00200
3727.441	-1.63534	-2.90261	-1.36638	-2.94544
3731.441	-1.68025	-2.83417	-1.33175	-2.96991
3735.438	-1.62066	-2.96633	-1.35266	-3.01406
3739.441	-1.65709	-2.90781	-1.36385	-2.88335
3743.448	-1.63075	-2.87973	-1.33190	-2.94972
3747.436	-1.60818	-2.99662	-1.36035	-3.00644
3751.439	-1.59953	-3.02566	-1.38334	-2.95991
3755.447	-1.62024	-2.86349	-1.38089	-2.96140
3759.441	-1.60905	-2.92765	-1.36603	-2.93417
3763.438	-1.58177	-2.96847	-1.35541	-2.98851
3767.439	-1.59829	-2.94094	-1.42871	-3.01483
3771.446	-1.60112	-2.99041	-1.46898	-3.13372
3775.439	-1.61689	-3.04927	-1.42541	-3.10153
3779.440	-1.67717	-3.03067	-1.40765	-2.97430
3783.462	-1.60990	-2.88875	-1.38409	-3.00099
3787.450	-1.61964	-3.02821	-1.40983	-3.01693
3791.438	-1.59484	-2.96077	-1.37297	-2.95291
3795.439	-1.62393	-3.00311	-1.39701	-2.89196
3799.436	-1.65669	-3.06734	-1.37739	-3.06360
3803.441	-1.67930	-3.06341	-1.38716	-3.10966
3807.441	-1.68704	-2.99350	-1.30206	-3.10783
3811.436	-1.65649	-2.97026	-1.26917	-3.07220
3815.436	-1.70970	-3.01903	-1.24955	-2.94183
3819.440	-1.65914	-3.02285	-1.27098	-2.90377
3823.442	-1.61575	-2.98667	-1.25193	-3.05602
3827.443	-1.63908	-3.00854	-1.19353	-3.06567
3831.438	-1.65808	-3.04893	-1.25751	-3.01499
3835.436	-1.69418	-3.10260	-1.22506	-3.03797
3839.439	-1.68225	-2.97847	-1.22008	-3.13062
3843.437	-1.63797	-3.01798	-1.25942	-3.13505
3847.439	-1.64050	-2.98156	-1.21412	-3.10667
3851.471	-1.62415	-2.97618	-1.24600	-3.09232
3855.442	-1.63541	-3.01038	-1.32741	-3.18740
3859.436	-1.54874	-2.97493	-1.31109	-3.14146
3863.439	-1.56412	-2.95591	-1.26634	-3.14946
3867.440	-1.47655	-2.93422	-1.27150	-3.14386
3871.444	-1.50433	-2.99763	-1.28445	-3.16903
3875.439	-1.50123	-2.99330	-1.31282	-3.21996
3879.438	-1.52218	-2.98847	-1.33359	-3.15884
3883.311	-1.50013	-3.01463	-1.30325	-3.22461
3887.313	-1.46179	-2.99903	-1.25141	-3.21150
3891.314	-1.41186	-3.01651	-1.30479	-3.18921
3895.314	-1.41777	-2.98908	-1.30057	-3.19863
3899.310	-1.44168	-2.98399	-1.19944	-3.16284
3903.314	-1.45586	-3.02807	-1.24749	-3.20301
3907.317	-1.43530	-3.00981	-1.15272	-3.20436
3911.312	-1.52226	-3.08995	-1.16892	-3.21400
3915.315	-1.51980	-3.02256	-1.15756	-3.21530
3919.367	-1.54086	-3.07061	-1.20045	-3.18251
3923.314	-1.47139	-3.08296	-1.16979	-3.24183
3927.314	-1.43337	-3.07890	-1.18046	-3.22042
3931.311	-1.39361	-3.03405	-1.20703	-3.17881
3935.316	-1.40857	-2.97529	-1.17118	-3.17801
3939.311	-1.43828	-2.97689	-1.14732	-3.15921
3943.313	-1.42000	-2.90751	-1.17751	-3.14422
3947.307	-1.43436	-2.90234	-1.15491	-3.15997
3951.315	-1.45958	-2.89096	-1.20534	-3.11265
3955.315	-1.42583	-2.96888	-1.23637	-3.09045
3959.314	-1.42017	-2.83878	-1.25198	-3.06796
3963.309	-1.32024	-2.80816	-1.26205	-3.09817
3967.310	-1.40219	-2.74946	-1.26192	-3.07191
3971.311	-1.39748	-2.80344	-1.24828	-3.04644
3975.317	-1.42226	-2.85661	-1.22045	-3.09183
3979.314	-1.37154	-2.75351	-1.19420	-3.08648
3983.310	-1.29633	-2.86053	-1.22129	-3.04260
3987.312	-1.30742	-2.81623	-1.25471	-3.04395
3991.318	-1.24124	-2.99722	-1.25337	-3.05339
3995.315	-1.25984	-2.73288	-1.22223	-3.07364
3999.313	-1.18053	-2.72754	-1.20395	-3.03715
4003.309	-1.20060	-2.81303	-1.18996	-2.96467
4007.310	-1.25674	-2.95099	-1.17954	-3.05390
4011.314	-1.22516	-2.89709	-1.22010	-3.01461
4015.309	-1.23302	-2.83098	-1.21117	-2.98293
4019.305	-1.20440	-2.89369	-1.24575	-3.02050
4023.315	-1.13603	-2.87626	-1.20073	-3.10077
4027.312	-0.69461	-2.78230	-0.88944	-2.94614
4031.312	0.14364	-2.76063	0.25813	-2.99046
4035.313	0.58791	-2.74327	1.20653	-3.03169
4039.315	0.81282	-2.77427	1.11946	-3.22926
4043.313	0.75543	-2.83880	0.58446	-3.16800
4047.311	0.49830	-2.82586	0.31640	-3.16581
4051.305	0.70980	-2.82062	0.71203	-3.10943
4055.309	0.74285	-2.85245	0.49361	-3.11734
4059.355	0.78206	-2.86878	0.72235	-3.09379
4063.312	0.80158	-2.88123	0.65709	-3.13125
4067.306	0.81672	-2.94883	0.84379	-3.14744
4071.310	0.88776	-2.96889	0.84208	-3.21989
4075.308	0.90937	-3.01759	0.77283	-3.25133
4079.318	0.89865	-3.02761	0.67498	-3.24226
4083.309	0.91254	-3.01082	0.57076	-3.17497
4087.307	0.92607	-2.98916	0.61970	-3.18418
4091.308	0.97690	-3.01089	0.65910	-3.15453
4095.316	0.96616	-2.90432	0.57932	-3.16756
4099.308	0.99382	-2.91020	0.60828	-3.18372
4103.307	0.98874	-2.76722	0.71491	-3.18605
4107.310	1.00752	-2.78188	0.77488	-3.16691
4111.313	0.97956	-2.73084	0.65709	-3.17901
4115.305	0.98457	-2.75661	0.61774	-3.15760
4119.312	1.01955	-2.78033	0.63352	-3.10183
4123.325	1.04719	-2.66553	0.74977	-3.11877
4127.318	1.01047	-2.68094	0.76010	-3.12206
4131.311	0.97636	-2.58583	0.75856	-3.12389
4135.309	0.97068	-2.49431	0.89148	-3.17105
4139.307	1.01538	-2.53145	0.78573	-3.19348
4143.307	0.97308	-2.59427	0.75186	-3.17679
4147.317	0.95777	-2.84852	0.72824	-3.22946
4151.307	0.90468	-2.71880	0.76476	-3.19810
4155.309	0.80573	-2.78003	0.72402	-3.15657
4159.313	0.87939	-2.74695	0.77258	-3.21175
4163.314	0.77585	-2.67501	0.76064	-3.20690
4167.308	0.81903	-2.67607	0.69848	-3.16573
4171.310	0.81833	-2.68604	0.84118	-3.13505
4175.371	0.84332	-2.69742	0.82568	-3.08128
4179.314	0.78995	-2.69238	0.80459	-3.01356
4183.306	0.75248	-2.72828	0.77211	-2.95485
4187.306	0.83024	-2.56942	0.81932	-3.01543
4191.309	0.86761	-2.44969	0.85677	-2.99900
4195.310	0.88632	-2.32842	0.76032	-3.02591
4199.307	0.90406	-2.20313	0.78975	-2.97479
4203.301	0.91396	-2.02984	0.86471	-2.92812
4207.314	0.98239	-2.06972	0.48254	-2.80199
4211.307	0.94688	-1.96120	-3.87680	-2.81800
4215.311	1.01238	-1.98176	-4.26178	-1.57495
4219.304	1.03593	-1.64702	-4.91747	7.81625
4223.307	1.08646	-0.96450	NaN	NaN
4227.307	0.25972	-1.08485	NaN	NaN
4231.308	1.00623	-0.82739	NaN	NaN
4235.304	-0.39886	-0.33973	NaN	NaN
4239.310	-2.38425	-0.72304	NaN	NaN
4243.306	-0.25914	9.61644	NaN	NaN
4247.311	1.32230	4.23342	NaN	NaN
4251.303	NaN	NaN	NaN	NaN
4255.305	NaN	NaN	NaN	NaN
4259.308	NaN	NaN	NaN	NaN
4263.306	NaN	NaN	NaN	NaN
4267.306	NaN	NaN	NaN	NaN
4271.309	NaN	NaN	NaN	NaN
4275.311	8.89802	12.61845	NaN	NaN
4279.308	NaN	NaN	NaN	NaN
4283.305	NaN	NaN	NaN	NaN
4287.312	NaN	NaN	NaN	NaN
4291.305	NaN	NaN	NaN	NaN
4295.310	NaN	NaN	NaN	NaN
4299.304	NaN	NaN	NaN	NaN
4303.305	NaN	NaN	NaN	NaN
4307.303	NaN	NaN	NaN	NaN
4311.307	2.16637	13.60823	NaN	NaN
4315.314	5.05555	12.15979	NaN	NaN
4319.306	2.46746	10.32698	15.87361	5.90320
4323.303	4.22765	10.81269	NaN	NaN
4327.305	2.10805	0.42323	NaN	NaN
4331.316	0.47954	0.04296	-6.65889	15.01552
4335.314	0.57525	-0.68063	-6.82897	11.67567
4339.310	-0.16203	0.13018	-7.51430	15.02885
4343.308	1.77000	-0.16119	-4.30771	-1.21077
4347.310	1.47858	-0.12093	-4.49566	-1.80400
4351.309	1.24101	-0.28704	-3.40249	-2.06376
4355.303	1.34571	-0.28703	-1.48086	-2.61851
4359.305	1.31637	-0.40118	-1.63021	-3.84403
4363.309	1.18470	-0.46268	-1.10653	-3.30923
4367.303	1.23915	-0.47082	1.46908	-2.62415
4371.314	1.32919	-0.57975	1.96856	-2.66309
4375.326	1.35053	-0.59642	1.60194	-2.81361
4379.311	1.36278	-0.55307	1.59760	-2.49226
4383.304	1.34829	-0.65022	1.39681	-2.49276
4387.300	1.31114	-0.72924	1.43133	-2.66882
4391.302	1.28891	-0.72947	1.41211	-2.56904
4395.306	1.36320	-0.80205	1.45691	-2.56014
4399.306	1.32530	-0.78155	1.35601	-2.85047
4403.305	1.29923	-0.74484	1.34780	-2.71871
4407.301	1.29283	-0.79790	1.30471	-2.67657
4411.315	1.27534	-0.87726	1.25461	-2.76685
4415.309	1.22360	-0.85078	1.16639	-2.76210
4419.301	1.19939	-0.84269	1.12772	-2.60386
4423.304	1.18475	-0.85216	1.12519	-2.69430
4427.303	1.21216	-0.85329	1.09207	-2.65878
4431.305	1.21626	-0.77336	1.00566	-2.69356
4435.303	1.21122	-0.78573	1.01360	-2.68309
4439.300	1.19708	-0.82707	1.01300	-2.63544
4443.307	1.20559	-0.85024	1.06356	-2.61110
4447.302	1.24684	-0.89140	1.03072	-2.53612
4451.304	1.33237	-0.90325	1.00682	-2.48171
4455.305	1.33899	-0.94117	0.98405	-2.29482
4459.315	1.28948	-0.88903	1.01126	-2.31013
4463.303	1.29176	-0.89904	1.06614	-2.22002
4467.304	1.25141	-0.91284	1.05535	-2.19760
4471.307	1.29546	-0.85517	1.07192	-2.14834
4475.300	1.27016	-0.88342	1.07307	-2.09654
4479.306	1.23104	-0.91528	1.03416	-2.08277
4483.301	1.28834	-0.89122	0.97216	-2.03234
4487.303	1.30665	-0.92434	0.90666	-1.98371
4491.302	1.30414	-0.88368	0.92808	-1.96528
4495.310	1.28398	-0.87771	0.96998	-1.94546
4499.305	1.27041	-0.83862	0.95668	-1.94646
4503.301	1.27217	-0.82841	0.99484	-1.92894
4507.305	1.28675	-0.80679	0.93929	-1.94433
4511.302	1.32260	-0.75604	0.95616	-1.93911
4515.299	1.32302	-0.77492	0.95500	-1.92924
4519.299	1.33599	-0.80228	0.95160	-1.90976
4523.305	1.37297	-0.76179	1.02680	-1.88805
4527.302	1.37292	-0.73889	1.07205	-1.88137
4531.320	1.37774	-0.71318	1.09428	-1.89771
4535.310	1.40068	-0.72147	1.07890	-1.89963
4539.312	1.40832	-0.72290	1.05193	-1.88694
4543.305	1.39133	-0.71476	1.03856	-1.89896
4547.301	1.43044	-0.68070	1.03315	-1.90085
4551.299	1.44287	-0.65789	0.99206	-1.89519
4555.302	1.44123	-0.64624	0.99891	-1.88382
4559.307	1.42099	-0.66483	1.02436	-1.88646
4563.301	1.39478	-0.62288	1.00280	-1.89965
4567.298	1.40462	-0.58826	0.94738	-1.89082
4571.302	1.40008	-0.52020	0.93453	-1.88430
4575.306	1.36511	-0.61310	0.92356	-1.86510
4579.302	1.33793	-0.56790	0.92798	-1.84278
4583.298	1.27728	-0.57743	0.96169	-1.84671
4587.302	1.30193	-0.57171	1.01824	-1.83702
4591.305	1.27395	-0.58493	1.05629	-1.83144
4595.297	1.22367	-0.63569	1.08192	-1.82214
4599.305	1.21167	-0.66161	1.11035	-1.81227
4603.310	1.25557	-0.68316	1.10294	-1.79118
4607.304	1.26817	-0.74383	1.13256	-1.75234
4611.304	1.26726	-0.78164	1.18274	-1.71669
4615.298	1.24434	-0.82636	1.15364	-1.69077
4619.297	1.26944	-0.83827	1.18750	-1.63460
4623.304	1.28866	-0.86439	1.20018	-1.63772
4627.298	1.32895	-0.88174	1.19795	-1.61509
4631.302	1.38265	-0.92722	1.18359	-1.59707
4635.304	1.38776	-0.94651	1.14714	-1.62522
4639.303	1.42017	-0.89345	1.14856	-1.62698
4643.300	1.41033	-0.87543	1.10795	-1.61970
4647.294	1.39106	-0.73746	1.07639	-1.64954
4651.302	1.40646	-0.70582	1.05379	-1.69905
4655.304	1.25676	-0.58509	0.85997	-1.56734
4659.298	0.94204	-0.33601	0.08158	-1.39391
4663.308	-0.76555	0.71016	-0.77980	0.19169
4667.553	-1.11730	1.70829	-1.11586	0.48155
4671.303	-1.12157	2.02671	-1.22491	0.91041
4675.298	-1.05796	1.88763	-1.13846	1.13285
4679.298	-0.91569	1.85043	-0.64890	1.16117
4683.301	-0.86101	1.56851	-0.72848	0.95804
4687.302	-0.80627	1.41297	-0.82044	0.64268
4691.302	-0.87930	1.47472	-0.91277	0.68067
4695.301	-0.91681	1.43019	-0.99385	0.75233
4699.298	-0.95177	1.60223	-1.03340	0.68713
4703.304	-0.97184	1.51202	-1.06150	0.80110
4707.301	-0.96117	1.55893	-1.01762	0.81641
4711.300	-0.91798	1.54343	-0.95276	0.91181
4715.297	-0.87121	1.53153	-0.91130	0.78995
4719.297	-0.82975	1.54809	-0.93381	0.81178
4723.323	-0.80466	1.49568	-1.02454	0.76303
4727.321	-0.82481	1.50695	-1.12092	0.83663
4731.294	-0.79605	1.51781	-1.13705	0.95535
4735.173	-0.76426	1.59096	-1.12107	1.01414
4739.231	-0.75317	1.62908	-1.07324	1.12448
4743.178	-0.76548	1.64538	-1.11060	1.05776
4747.171	-0.74771	1.68449	-1.12196	1.03302
4751.174	-0.73042	1.74281	-1.10112	1.04693
4755.173	-0.69097	1.76750	-1.06743	1.03130
4759.177	-0.70379	1.74347	-1.08592	1.11047
4763.168	-0.73243	1.72399	-1.06882	1.13183
4767.175	-0.75824	1.73031	-1.10460	1.06765
4771.172	-0.79198	1.74599	-1.06334	1.05907
4775.177	-0.77846	1.79075	-1.05910	1.09963
4779.169	-0.83885	1.79209	-1.06912	1.06619
4783.175	-0.83406	1.77035	-1.08874	1.07483
4787.172	-0.80521	1.80432	-1.08430	1.11847
4791.184	-0.79769	1.84034	-1.06786	1.18947
4795.174	-0.79841	1.81971	-1.03397	1.23866
4799.172	-0.83726	1.76982	-1.10298	1.28837
4803.180	-0.78672	1.73681	-1.14528	1.32319
4807.224	-0.76230	1.71835	-1.18500	1.32402
4811.171	-0.86959	1.67541	-1.19510	1.36123
4815.170	-0.86781	1.60008	-1.19467	1.38988
4819.170	-0.90691	1.47598	-1.18805	1.41487
4823.177	-0.91577	1.39602	-1.16379	1.46707
4827.170	-0.91269	1.30498	-1.17808	1.48225
4831.176	-0.90976	1.29389	-1.16471	1.45644
4835.178	-0.89269	1.19522	-1.13370	1.42425
4839.175	-0.84530	1.13124	-1.13102	1.35935
4843.169	-0.89830	1.14145	-1.11003	1.34938
4847.171	-0.97901	1.14026	-1.07659	1.27964
4851.172	-1.01134	1.12254	-1.10943	1.26793
4855.176	-0.97422	1.09710	-1.13079	1.27108
4859.170	-0.95770	1.10756	-1.09969	1.28480
4863.171	-0.93554	1.13287	-1.05773	1.27419
4867.168	-0.92470	1.16916	-1.04699	1.29195
4871.170	-0.85228	1.31072	-1.00409	1.36062
4875.174	0.79052	1.90199	-0.64124	1.74225
4879.189	2.64663	2.60453	0.98303	4.05100
4883.176	3.14484	4.59318	2.45250	4.59524
4887.173	3.64271	5.31870	2.40684	4.99043
4891.166	3.66904	5.52644	2.50110	5.17830
4895.173	3.33908	5.43387	2.44011	5.52784
4899.174	3.27920	5.48459	2.54237	5.58065
4903.175	3.10403	5.63629	2.55683	5.35595
4907.170	2.82293	5.60330	2.49426	5.35601
4911.171	2.61560	5.55370	2.54254	5.19993
4915.170	2.33732	5.35921	2.60686	5.21779
4919.181	2.51965	5.32382	2.69319	5.36829
4923.170	2.52146	5.27667	2.62940	5.37245
4927.172	2.87720	5.36234	2.59240	5.37842
4931.207	2.67246	5.44959	2.55383	5.40183
4935.170	2.70644	5.47000	2.53209	5.38140
4939.167	2.82368	5.50502	2.51722	5.36165
4943.171	2.77240	5.46018	2.52317	5.33859
4947.167	2.88106	5.45894	2.53330	5.39599
4951.174	2.61751	5.41477	2.60146	5.46596
4955.165	2.75514	5.51555	2.62472	5.56362
4959.172	2.78607	5.49418	2.46939	5.70345
4963.172	2.86311	5.60060	2.43206	5.77363
4967.168	2.86737	5.56835	2.45049	5.85442
4971.171	2.84551	5.58719	2.48896	5.96274
4975.173	2.89797	5.57226	2.49367	5.98743
4979.166	2.91309	5.59413	2.57620	5.98322
4983.166	2.86131	5.57728	2.59703	6.00637
4987.172	2.82632	5.54947	2.60916	6.02662
4991.168	2.80459	5.46144	2.64970	6.03663
4995.166	2.82274	5.48317	2.66788	5.95670
4999.173	2.76876	5.41787	2.64869	5.93293
5003.178	2.78708	5.57335	2.72630	5.80508
5007.205	2.74351	5.55723	2.78074	5.72811
5011.171	2.66734	5.63820	2.79429	5.70817
5015.167	2.59477	5.68422	2.84313	5.57129
5019.173	2.57100	5.68204	2.91270	5.42507
5023.186	2.55336	5.68861	2.92341	5.36527
5027.175	2.67041	5.65686	3.08641	5.31427
5031.182	2.78741	5.68689	2.98416	5.30908
5035.170	2.93827	5.68689	2.96129	5.27425
5039.169	3.04754	5.71408	2.93980	5.25666
5043.180	3.05521	5.73429	2.99829	5.23889
5047.167	3.19717	5.67255	2.94411	5.22005
5051.173	3.27507	5.63342	2.89775	5.19774
5055.168	3.36364	5.59107	2.87750	5.17610
5059.167	3.41760	5.53091	2.87378	5.20014
5063.167	3.40007	5.45182	2.79134	5.24563
5067.171	3.45294	5.45012	2.78508	5.26128
5071.166	3.46506	5.43495	2.74804	5.27173
5075.169	3.41370	5.45685	2.72313	5.26473
5079.167	3.36436	5.43142	2.79451	5.26003
5083.176	3.25409	5.55495	2.77233	5.25144
5087.168	3.13400	5.46680	2.77631	5.23607
5091.169	3.03167	5.55541	2.80357	5.24269
5095.164	3.01413	5.52841	2.79788	5.25899
5099.177	2.97143	5.61589	2.91599	5.30094
5103.169	2.94837	5.70570	3.09196	5.30039
5107.163	2.93406	5.83003	2.93148	5.27348
5111.171	2.86975	5.86804	2.87408	5.28057
5115.168	2.81050	5.93982	2.75148	5.36382
5119.165	2.77852	5.98027	2.70361	5.41966
5123.164	2.74113	5.97579	2.64681	5.44803
5127.171	2.68910	5.86269	2.59703	5.47631
5131.174	2.55577	5.75370	2.53858	5.40920
5135.168	2.29230	4.32505	2.57739	5.18805
5139.197	1.86459	4.17671	2.43436	3.95358
5143.378	1.55169	3.78201	2.24755	3.02660
5147.171	1.92309	3.62482	2.05370	2.78632
5151.164	1.74754	3.69839	2.05182	2.74225
5155.164	2.01667	3.56275	1.92815	3.28600
5159.168	1.90591	3.74649	1.86826	3.07177
5163.175	2.00742	3.68417	1.83124	3.38163
5167.177	2.03003	3.77732	1.85700	3.37786
5171.169	2.00445	3.70030	1.82217	3.21975
5175.166	2.04560	3.68786	1.63826	3.32306
5179.162	2.01635	3.71817	1.61557	3.23426
5183.167	1.99922	3.75283	1.56796	3.22401
5187.168	1.99659	3.74371	1.56429	3.29676
5191.161	2.04094	3.76594	1.53600	3.35228
5195.168	2.12850	3.78732	1.56330	3.40093
5199.164	2.18686	3.83783	1.52092	3.40402
5203.166	2.12538	3.85946	1.52112	3.44097
5207.165	2.06257	3.89536	1.53684	3.45585
5211.169	2.01498	3.89599	1.51660	3.42556
5215.167	1.97795	3.94055	1.56923	3.41634
5219.168	1.83655	3.92485	1.60541	3.44304
5223.168	1.61317	3.87990	1.67424	3.50820
5227.165	1.79383	3.77895	1.79462	3.56043
5231.169	1.79016	3.75039	1.71089	3.62571
5235.182	1.85933	3.76316	1.64593	3.74407
5239.173	1.91429	3.92369	1.60895	3.68908
5243.164	1.95740	3.79222	1.63534	3.70857
5247.166	2.02666	3.81859	1.66351	3.82095
5251.173	2.16560	3.86828	1.64191	3.90231
5255.166	2.12520	3.79620	1.70460	3.81026
5259.160	2.10823	3.60610	1.62182	3.74854
5263.166	2.14880	3.52648	1.66505	3.70424
5267.168	2.06647	3.28567	1.65870	3.63437
5271.164	2.01144	3.31321	1.62634	3.74618
5275.161	2.12498	3.62068	1.64062	3.57299
5279.166	2.26371	3.23159	2.67883	3.54010
5283.175	2.49354	1.59220	3.62257	1.64014
5287.168	4.21382	-0.48671	5.25562	-0.08529
5291.167	4.57736	-1.21508	5.34772	-2.38247
5295.168	4.76384	-2.60756	5.30869	-3.17959
5299.169	4.87118	-3.47298	5.39293	-4.43703
5303.163	4.72689	-3.65537	5.18116	-4.29134
5307.166	4.03171	-3.99452	4.88540	-4.73574
5311.161	4.40362	-4.46845	4.93635	-4.76191
5315.169	4.67199	-4.53921	4.80596	-4.81623
5319.165	4.64687	-4.18747	5.07417	-4.67732
5323.161	4.71590	-4.17418	5.09187	-4.65150
5327.163	4.74676	-4.06490	4.98723	-4.61946
5331.164	4.84299	-4.26056	4.94605	-4.71109
5335.166	4.84235	-4.36889	4.92964	-4.75622
5339.170	4.86317	-4.52508	4.92627	-4.77189
5343.163	4.87402	-4.57311	4.94221	-4.85449
5347.164	4.92565	-4.68880	4.90203	-4.89074
5351.163	5.00056	-4.78111	4.93728	-4.96534
5355.158	5.04166	-4.80421	4.96566	-4.97496
5359.160	5.05747	-4.76641	4.97260	-5.00891
5363.166	5.08741	-4.72286	4.96278	-5.03726
5367.159	5.12041	-4.81132	4.97965	-5.05486
5371.160	5.18766	-4.84131	5.00514	-5.07454
5375.167	5.22584	-4.85423	5.01669	-5.07973
5379.166	5.23086	-4.82852	5.02905	-5.07700
5383.159	5.26155	-4.71785	5.03661	-5.07623
5387.159	5.28394	-4.63760	4.99489	-5.05529
5391.160	5.28059	-4.55874	4.95509	-5.07023
5395.166	5.25928	-4.48271	5.01642	-5.00626
5399.163	5.25840	-4.36718	4.98292	-4.99529
5403.157	5.19485	-4.28856	4.99571	-4.98281
5407.158	5.23152	-4.22869	4.97694	-4.96819
5411.183	5.18687	-4.17535	4.98706	-4.95307
5415.168	5.13486	-4.20095	4.96568	-4.94515
5419.170	5.06648	-4.11406	4.99453	-4.93095
5423.160	5.04711	-4.12778	5.02824	-4.93500
5427.160	4.99546	-4.12337	5.08685	-4.94131
5431.168	4.96376	-4.14857	5.09783	-4.96683
5435.162	4.95435	-4.17643	5.11804	-4.96316
5439.157	4.93721	-4.22751	5.07550	-4.98766
5443.168	4.90932	-4.32543	5.08311	-5.02287
5447.176	4.88170	-4.44649	5.03472	-5.03975
5451.171	4.84373	-4.54399	5.03272	-5.10497
5455.158	4.82971	-4.55818	5.01580	-5.08568
5459.169	4.79137	-4.61963	4.91555	-5.07719
5463.166	4.77801	-4.65831	4.89350	-5.09811
5467.162	4.78698	-4.80673	4.88683	-5.02967
5471.161	4.82520	-4.80938	4.84992	-5.01788
5475.161	4.79765	-4.86679	4.85943	-4.99747
5479.167	4.81061	-4.88541	4.86357	-4.97856
5483.190	4.97260	-4.88570	4.87576	-4.94790
5487.159	5.01376	-4.82305	4.88518	-4.91210
5491.162	5.06641	-4.79132	4.95204	-4.87934
5495.165	5.10266	-4.79044	4.99007	-4.86092
5499.166	5.06232	-4.77879	5.08483	-4.84611
5503.159	5.11191	-4.76397	5.21378	-4.82285
5507.159	5.19677	-4.72674	5.24826	-4.81770
5511.164	5.19852	-4.66572	5.28527	-4.84009
5515.160	5.20844	-4.60485	5.33647	-4.84057
5519.155	5.25778	-4.57070	5.33207	-4.78631
5523.164	5.28559	-4.57025	5.36447	-4.78127
5527.162	5.23814	-4.59096	5.38587	-4.75314
5531.173	5.19795	-4.61348	5.40188	-4.73105
5535.166	5.18939	-4.54228	5.41750	-4.69206
5539.160	5.03046	-4.47314	5.36735	-4.64897
5543.167	3.99736	-4.45365	4.49605	-4.62975
5547.160	2.43087	-4.46026	2.02582	-4.57866
5551.456	1.41196	-4.46447	1.51697	-4.58784
5555.161	0.85032	-4.52909	1.00593	-4.53153
5559.162	0.99747	-4.51552	1.07346	-4.52460
5563.162	0.78957	-4.50456	0.78345	-4.45770
5567.159	0.50178	-4.45365	0.23919	-4.44884
5571.159	-0.01459	-4.38154	-0.63208	-4.39535
5575.155	0.03040	-4.35669	-0.62084	-4.30929
5579.168	0.51108	-4.36407	-0.11999	-4.24909
5583.172	0.61813	-4.39961	-0.29967	-4.27472
5587.162	0.50175	-4.35410	-0.23755	-4.21279
5591.038	0.39286	-4.34623	-0.44738	-4.21877
5595.047	0.20125	-4.37909	-0.28409	-4.18096
5599.035	0.22768	-4.32473	-0.35821	-4.20033
5603.030	0.12188	-4.27806	-0.43117	-4.15272
5607.037	0.10572	-4.22962	-0.49446	-4.17636
5611.031	0.04271	-4.24492	-0.44103	-4.20150
5615.040	-0.01519	-4.24668	-0.37417	-4.19336
5619.030	0.05182	-4.23553	-0.34164	-4.23086
5623.036	-0.05966	-4.24898	-0.34734	-4.23489
5627.032	-0.12037	-4.25609	-0.33464	-4.23593
5631.042	-0.22800	-4.23609	-0.31972	-4.19694
5635.032	-0.24229	-4.24232	-0.27513	-4.20400
5639.029	-0.28257	-4.20788	-0.26952	-4.18388
5643.032	-0.22795	-4.14996	-0.25751	-4.16804
5647.041	-0.23726	-4.11295	-0.24150	-4.14711
5651.031	-0.22296	-4.15567	-0.22926	-4.14126
5655.033	-0.14233	-4.14694	-0.23611	-4.12116
5659.036	-0.08277	-4.17982	-0.25619	-4.12597
5663.032	-0.14263	-4.20925	-0.29587	-4.14418
5667.030	-0.08356	-4.22179	-0.29920	-4.16143
5671.038	-0.08579	-4.27126	-0.35129	-4.16615
5675.036	-0.05018	-4.27337	-0.42097	-4.21706
5679.033	0.01377	-4.24814	-0.50083	-4.21120
5683.030	0.05720	-4.28948	-0.57262	-4.24452
5687.036	0.06083	-4.35698	-0.64608	-4.24100
5691.035	0.07296	-4.40646	-0.70652	-4.27473
5695.037	0.08212	-4.40528	-0.75742	-4.29343
5699.031	0.07180	-4.35303	-0.79838	-4.28892
5703.030	0.02765	-4.37111	-0.87252	-4.27080
5707.031	0.05522	-4.31906	-0.72940	-4.24065
5711.037	0.07224	-4.32857	-0.71253	-4.22787
5715.037	0.06805	-4.29612	-0.59501	-4.20486
5719.027	0.03730	-4.30655	-0.57295	-4.17339
5723.087	-0.00079	-4.32108	-0.50758	-4.16965
5727.033	-0.02648	-4.41593	-0.45001	-4.12028
5731.055	-0.06693	-4.43996	-0.46244	-4.10442
5735.031	-0.14364	-4.42439	-0.38191	-4.07917
5739.031	-0.22311	-4.46300	-0.36477	-4.09587
5743.030	-0.27657	-4.57025	-0.32322	-4.08469
5747.037	-0.36149	-4.63796	-0.30789	-4.10998
5751.030	-0.34687	-4.61760	-0.36735	-4.14748
5755.059	-0.37772	-4.62153	-0.41030	-4.15021
5759.032	-0.37261	-4.60487	-0.40713	-4.14831
5763.035	-0.29518	-4.56503	-0.37973	-4.16671
5767.029	-0.27552	-4.58568	-0.37573	-4.16839
5771.030	-0.30173	-4.51323	-0.37109	-4.20589
5775.028	-0.28922	-4.38368	-0.36702	-4.24200
5779.032	-0.26312	-4.38678	-0.33960	-4.26502
5783.035	-0.27463	-4.32593	-0.30776	-4.24830
5787.029	-0.21765	-4.24937	-0.29044	-4.24166
5791.027	-0.21038	-4.20708	-0.28654	-4.22654
5795.034	-0.21398	-4.08759	-0.26034	-4.23477
5799.037	-0.18080	-4.03800	-0.28200	-4.25387
5803.028	-0.17834	-4.01239	-0.29493	-4.27645
5807.031	-0.19196	-3.96651	-0.31607	-4.31034
5811.029	-0.16878	-3.88569	-0.35499	-4.34892
5815.029	-0.15337	-3.87117	-0.38283	-4.34737
5819.033	-0.10714	-3.86549	-0.40251	-4.36397
5823.050	-0.09761	-3.88422	-0.45743	-4.35348
5827.034	-0.05951	-3.90774	-0.47483	-4.39258
5831.034	-0.01601	-3.94465	-0.49508	-4.42369
5835.035	0.00879	-4.12522	-0.50498	-4.44125
5839.034	0.06927	-4.35179	-0.53823	-4.43759
5843.033	0.12741	-4.28747	-0.50262	-4.42559
5847.032	0.12061	-4.36975	-0.49073	-4.40542
5851.031	0.22112	-4.41948	-0.46937	-4.38236
5855.029	0.21445	-4.51703	-0.43130	-4.35995
5859.029	0.24130	-4.46314	-0.39693	-4.32968
5863.033	0.24522	-4.51312	-0.40269	-4.29973
5867.032	0.25354	-4.48949	-0.38365	-4.29339
5871.028	0.25949	-4.53243	-0.34720	-4.29071
5875.030	0.25014	-4.55424	-0.31337	-4.26765
5879.035	0.26106	-4.47173	-0.30493	-4.24941
5883.028	0.21795	-4.37326	-0.24485	-4.21654
5887.027	0.16511	-4.36635	-0.20703	-4.22790
5891.030	0.09699	-4.31381	-0.20033	-4.23244
5895.037	0.09264	-4.27381	-0.13689	-4.23107
5899.027	0.02941	-4.26393	-0.11049	-4.22727
5903.027	-0.01469	-4.21574	-0.04363	-4.22130
5907.027	-0.07971	-4.19811	-0.03266	-4.22639
5911.051	-0.07398	-4.17836	0.01732	-4.20037
5915.035	-0.16434	-4.15976	0.01186	-4.15091
5919.027	-0.22120	-4.11113	0.01157	-4.12891
5923.033	-0.19531	-4.05852	0.04286	-4.11677
5927.024	-0.26361	-4.05096	-0.03507	-4.10038
5931.063	-0.31625	-4.02590	0.02087	-4.08050
5935.029	-0.30645	-4.01697	0.04549	-4.08438
5939.033	-0.36588	-4.01186	0.02760	-4.08698
5943.027	-0.40589	-3.98197	0.04110	-4.11180
5947.028	-0.35194	-3.92580	-0.00802	-4.15642
5951.024	-0.34754	-3.88861	-0.00625	-4.19273
5955.034	-0.36908	-3.82663	-0.09518	-4.27435
5959.066	-0.33265	-3.79107	-0.14139	-4.33696
5963.036	-0.32853	-3.80070	-0.17864	-4.46093
5967.028	-0.33628	-3.85910	-0.30334	-4.43392
5971.037	-0.31248	-3.81062	-0.28587	-4.49125
5975.028	-0.28188	-3.84571	-0.32682	-4.52018
5979.024	-0.27853	-3.88321	-0.39812	-4.53069
5983.026	-0.26917	-3.91070	-0.44904	-4.48016
5987.032	-0.27106	-3.97500	-0.51550	-4.47191
5991.028	-0.31258	-3.99514	-0.55483	-4.36972
5995.024	-0.31511	-3.96383	-0.53947	-4.22544
5999.028	-0.30811	-4.01307	-0.50205	-4.14400
6003.037	-0.31267	-4.06014	-0.46525	-4.09307
6007.048	-0.32541	-4.06953	-0.43413	-4.05845
6011.031	-0.33548	-4.04456	-0.38407	-4.02448
6015.030	-0.35295	-4.06566	-0.36779	-3.98688
6019.027	-0.30193	-4.04835	-0.36757	-3.95028
6023.024	-0.25329	-4.04923	-0.41316	-3.90930
6027.049	-0.25815	-4.01541	-0.36065	-3.91195
6031.030	-0.21966	-3.96740	-0.34489	-3.88945
6035.026	-0.17809	-3.94374	-0.35069	-3.88935
6039.027	-0.19301	-3.92484	-0.37802	-3.94961
6043.022	-0.18722	-3.91754	-0.37432	-3.98794
6047.033	-0.18660	-3.87987	-0.36916	-4.00730
6051.033	-0.15240	-3.84923	-0.39129	-4.02045
6055.030	-0.16878	-3.81809	-0.43845	-4.03889
6059.027	-0.18087	-3.76836	-0.42978	-4.05987
6063.024	-0.18918	-3.73314	-0.46651	-4.06939
6067.026	-0.25153	-3.71640	-0.42194	-4.07715
6071.027	-0.27627	-3.66967	-0.44487	-4.05412
6075.026	-0.25001	-3.58796	-0.41708	-4.08516
6079.023	-0.27068	-3.52761	-0.43408	-4.08829
6083.026	-0.20082	-3.53448	-0.39179	-4.06693
6087.034	-0.22753	-3.54111	-0.43713	-4.04639
6091.029	-0.23207	-3.47432	-0.42686	-4.05665
6095.026	-0.19757	-3.48688	-0.38420	-3.99009
6099.026	-0.19502	-3.48091	-0.37362	-3.94506
6103.029	-0.18995	-3.43922	-0.36084	-3.89600
6107.026	-0.12262	-3.48436	-0.33903	-3.85868
6111.024	-0.09458	-3.51103	-0.36290	-3.83368
6115.027	-0.08592	-3.55133	-0.34667	-3.82902
6119.025	-0.10081	-3.62977	-0.38668	-3.80644
6123.030	-0.09637	-3.68906	-0.40720	-3.79953
6127.024	-0.13372	-3.65874	-0.44244	-3.76789
6131.029	-0.09411	-3.71329	-0.45862	-3.77028
6135.049	-0.08418	-3.75399	-0.48828	-3.74575
6139.030	-0.09252	-3.79192	-0.55337	-3.76320
6143.025	-0.07306	-3.87618	-0.59238	-3.77715
6147.048	-0.06981	-3.86730	-0.63955	-3.78506
6151.031	-0.25364	-3.87701	-0.61528	-3.79943
6155.030	-0.79813	-3.71578	-0.71702	-3.73248
6159.024	-2.33083	-3.38719	-1.35105	-3.42249
6163.370	-3.10299	-1.77674	-2.84868	-1.84623
6167.026	-4.20731	-1.27377	-3.17017	-1.94787
6171.034	-4.65087	-0.99198	-3.82492	-1.41479
6175.023	-5.43866	-1.07043	-4.24947	-1.36276
6179.024	-5.89817	-0.71707	-4.86037	-1.16588
6183.021	-5.96281	-0.87360	-5.34417	-0.88049
6187.024	-5.99809	-0.80730	-5.48238	-0.59450
6191.025	-5.77993	-0.88469	-5.27324	-0.83995
6195.024	-5.77128	-0.87160	-5.01499	-0.82737
6199.021	-5.53685	-0.81228	-4.92817	-0.76765
6203.024	-5.64737	-0.79247	-4.92730	-0.79605
6207.025	-5.77811	-0.70546	-5.06710	-0.75041
6211.029	-5.85173	-0.66866	-5.14773	-0.72760
6215.024	-5.86428	-0.60738	-5.18579	-0.69225
6219.025	-5.89404	-0.50539	-5.23553	-0.60743
6223.026	-5.90684	-0.49928	-5.23755	-0.56430
6227.022	-5.89340	-0.46881	-5.18119	-0.46628
6231.041	-5.96409	-0.38315	-5.17309	-0.49235
6235.026	-5.98051	-0.31671	-5.18082	-0.46958
6239.029	-6.05400	-0.26057	-5.19150	-0.39187
6243.024	-6.07673	-0.16538	-5.23750	-0.34287
6247.020	-6.07393	-0.10998	-5.27114	-0.29787
6251.025	-6.00197	-0.03529	-5.28505	-0.21334
6255.029	-5.91096	-0.05092	-5.30444	-0.18691
6259.024	-5.81135	-0.06230	-5.32508	-0.14645
6263.020	-5.85264	-0.07673	-5.34218	-0.12395
6267.024	-5.77824	-0.10789	-5.37192	-0.14386
6271.024	-5.74360	-0.09415	-5.38225	-0.19032
6275.024	-5.73050	-0.16311	-5.37987	-0.19972
6279.020	-5.75087	-0.22474	-5.38715	-0.19366
6283.022	-5.71264	-0.33708	-5.35276	-0.12158
6287.029	-5.34656	-0.36698	-5.17892	-0.11740
6291.025	-3.73211	-0.64180	-3.07219	-0.32562
6295.032	-2.01548	-1.34798	-1.49904	-1.78100
6299.045	-1.70735	-3.10480	0.23944	-3.07855
6303.029	0.20020	-4.02737	0.79749	-3.79740
6307.021	0.70454	-4.15099	0.80570	-4.46886
6311.025	1.43746	-4.95977	2.23348	-4.88651
6315.021	2.19098	-5.13760	2.43526	-5.32474
6319.019	3.79821	-5.98556	3.02324	-6.02758
6323.021	3.99749	-6.54720	4.81517	-7.06455
6327.024	4.44738	-6.71428	4.39316	-7.11623
6331.022	4.46159	-6.68175	4.10601	-6.87204
6335.027	4.27921	-6.45619	3.99344	-6.43319
6339.025	4.18625	-6.31098	3.78237	-6.39361
6343.060	4.21733	-6.07748	3.95365	-6.53925
6347.021	4.23448	-6.18316	4.20881	-6.76057
6351.023	4.26151	-6.25979	4.26810	-6.83812
6355.025	4.25623	-6.42871	4.44462	-6.78706
6359.018	4.27358	-6.46634	4.49918	-6.84953
6363.015	4.35647	-6.41028	4.52269	-6.90134
6367.039	4.29606	-6.32508	4.48389	-6.84542
6371.070	4.26805	-6.28004	4.59780	-6.84076
6375.020	4.27434	-6.25878	4.55154	-6.88144
6379.023	4.26835	-6.25570	4.68188	-6.94401
6383.024	4.30309	-6.25549	4.77705	-7.01987
6387.021	4.32807	-6.29566	4.79129	-7.04721
6391.023	4.30556	-6.28950	4.86152	-7.04003
6395.017	4.37549	-6.32324	4.85573	-7.02926
6399.023	4.49011	-6.36064	4.85490	-7.04968
6403.017	4.50703	-6.37295	4.85189	-7.04281
6407.026	4.56698	-6.37274	4.82385	-7.04359
6411.021	4.65888	-6.41876	4.85618	-7.04545
6415.016	4.69228	-6.49023	4.77091	-7.01449
6419.029	4.76704	-6.49648	4.77402	-6.99277
6423.027	4.80667	-6.55970	4.74109	-6.96031
6427.020	4.81421	-6.55701	4.67882	-6.90599
6431.018	4.81180	-6.65314	4.59576	-6.87499
6435.079	4.80463	-6.66662	4.52782	-6.89326
6439.023	4.81236	-6.59914	4.46157	-6.89400
6443.034	4.74131	-6.56736	4.35361	-6.86476
6446.897	4.60219	-6.58909	4.28602	-6.87076
6450.892	4.64505	-6.52364	4.23969	-6.86294
6454.897	4.57014	-6.46363	4.10481	-6.88795
6458.896	4.59593	-6.50561	4.03937	-6.92525
6462.896	4.57379	-6.51175	3.99166	-7.02744
6466.896	4.52718	-6.48935	3.95565	-7.08090
6470.895	4.46440	-6.48034	3.97350	-7.15857
6474.894	4.49092	-6.45347	4.00359	-7.24687
6478.896	4.50888	-6.43089	4.03008	-7.23725
6482.893	4.58192	-6.51155	4.11759	-7.20200
6486.895	4.61216	-6.56401	4.13952	-7.21066
6490.899	4.69359	-6.55605	4.14204	-7.20320
6494.893	4.71799	-6.56460	4.21795	-7.20404
6498.890	4.78116	-6.58504	4.31321	-7.21728
6502.924	4.81291	-6.66194	4.33917	-7.14652
6506.893	4.86463	-6.73922	4.44082	-7.02828
6510.901	4.88670	-6.75546	4.49366	-6.87326
6514.892	4.89988	-6.80892	4.54003	-6.82973
6518.891	4.91910	-6.87542	4.60831	-6.78645
6522.893	4.88845	-6.91398	4.64305	-6.75600
6526.898	4.76830	-6.88558	4.64031	-6.73685
6530.895	4.57329	-6.95129	4.65550	-6.69181
6534.906	4.54012	-6.93713	4.63198	-6.66411
6538.895	4.47671	-6.99997	4.65289	-6.66591
6542.898	4.36979	-7.09749	4.59181	-6.63691
6546.892	4.57788	-7.17537	4.56099	-6.62170
6550.897	4.42548	-7.22316	4.52402	-6.63507
6554.898	4.40520	-7.23855	4.38916	-6.69188
6558.894	4.34692	-7.32075	4.38077	-6.72116
6562.895	4.35583	-7.36527	4.25546	-6.77754
6566.890	4.35825	-7.28486	4.16398	-6.80086
6570.919	4.37132	-7.29804	4.07589	-6.87461
6574.894	4.41741	-7.28851	4.04838	-6.90646
6578.893	4.53171	-7.24489	3.97956	-6.90081
6582.894	4.58661	-7.23218	3.94868	-6.93925
6586.892	4.68999	-7.17987	3.84636	-7.00057
6590.896	4.70434	-7.03716	3.88149	-6.99833
6594.899	4.75603	-6.97914	3.77500	-7.05558
6598.893	4.73986	-6.94507	3.76851	-7.02388
6602.888	4.77550	-6.85835	3.77577	-7.02703
6606.894	4.83173	-6.80442	3.85286	-7.01360
6610.887	4.87246	-6.77714	3.87218	-7.02598
6614.888	4.92095	-6.74884	3.94453	-7.00313
6618.891	4.88355	-6.59437	3.95216	-6.97361
6622.891	4.83745	-6.58492	4.02344	-6.99062
6626.891	4.77648	-6.52254	4.08997	-6.99337
6630.891	4.70890	-6.44149	4.11853	-6.93625
6634.897	4.65826	-6.37190	4.10806	-6.91687
6638.944	4.58138	-6.35766	4.17964	-6.85384
6642.902	4.58045	-6.35640	4.20506	-6.82267
6646.891	4.58597	-6.26755	4.14006	-6.85677
6650.892	4.36977	-6.29519	4.12937	-6.75614
6654.891	1.69453	-6.13785	2.43739	-6.66839
6658.925	1.37307	-6.03749	1.46995	-6.48068
6662.893	0.35444	-5.93326	0.57406	-6.16976
6666.886	-0.13972	-5.97702	-0.12307	-5.77721
6670.892	-1.04367	-5.71769	-0.35792	-5.54606
6674.895	-1.14699	-5.62531	-1.25456	-5.32060
6678.892	-1.56880	-5.43155	-1.81230	-5.14610
6682.890	-2.02601	-5.05390	-2.10914	-5.07402
6686.893	-2.03707	-5.06131	-2.27969	-4.88355
6690.890	-1.84265	-5.01314	-2.38060	-4.70216
6694.892	-1.81153	-5.03879	-2.36418	-4.83571
6698.892	-1.84530	-5.00434	-2.32397	-4.80843
6702.888	-1.84647	-4.98323	-2.37238	-4.75876
6706.908	-1.86402	-4.96753	-2.43984	-4.68526
6710.897	-1.94625	-5.00281	-2.53461	-4.63257
6714.902	-2.02745	-4.97006	-2.53573	-4.58642
6718.896	-2.19395	-4.93286	-2.54955	-4.59118
6722.891	-2.19920	-4.84617	-2.63774	-4.66157
6726.895	-2.15086	-4.90182	-2.60045	-4.64469
6730.891	-2.14290	-4.90256	-2.58564	-4.64166
6734.886	-2.18010	-4.92442	-2.59896	-4.66531
6738.888	-2.24408	-4.89754	-2.58165	-4.62873
6742.888	-2.32721	-4.87937	-2.52981	-4.61098
6746.892	-2.39193	-4.84416	-2.57372	-4.60350
6750.887	-2.39985	-4.82883	-2.54162	-4.60071
6754.890	-2.40008	-4.80356	-2.50543	-4.60374
6758.894	-2.31530	-4.76006	-2.50462	-4.64814
6762.892	-2.25310	-4.74739	-2.57295	-4.63648
6766.883	-2.20429	-4.77088	-2.56238	-4.63975
6770.891	-2.13695	-4.80675	-2.62816	-4.66858
6774.890	-2.13232	-4.84665	-2.67605	-4.64744
6778.948	-2.09056	-4.84486	-2.63264	-4.66353
6782.886	-2.11797	-4.88915	-2.71820	-4.68732
6786.885	-2.05816	-4.91128	-2.73105	-4.68730
6790.888	-2.04602	-4.94903	-2.69688	-4.70269
6794.889	-2.03935	-4.95972	-2.69720	-4.69251
6798.896	-2.10335	-4.97480	-2.68103	-4.70527
6802.893	-2.16478	-5.02872	-2.66939	-4.68771
6806.888	-2.21155	-5.06486	-2.66994	-4.70452
6810.887	-2.26733	-5.07078	-2.64223	-4.68438
6814.888	-2.35509	-5.03743	-2.59096	-4.68196
6818.886	-2.36235	-5.01873	-2.57620	-4.70758
6822.888	-2.38784	-5.01846	-2.55856	-4.73097
6826.886	-2.40905	-4.96317	-2.51891	-4.78425
6830.893	-2.47105	-4.94399	-2.55809	-4.84558
6834.887	-2.46664	-4.93686	-2.54306	-4.87457
6838.885	-2.47571	-4.92101	-2.61080	-4.94035
6842.920	-2.42364	-4.89510	-2.66370	-4.94896
6846.897	-2.45827	-4.83414	-2.74417	-5.00995
6850.904	-2.38861	-4.79613	-2.66885	-5.04014
6854.890	-2.32897	-4.78317	-2.69255	-5.06383
6858.887	-2.28564	-4.77291	-2.70040	-5.07424
6862.887	-2.28893	-4.75519	-2.72541	-5.08736
6866.889	-2.25655	-4.77717	-2.72907	-5.10872
6870.884	-2.59240	-4.68706	-2.78795	-4.98962
6874.889	-4.22027	-4.40454	-3.64199	-4.60204
6878.886	-5.58228	-4.05231	-4.78991	-4.14853
6882.893	-5.87341	-3.93899	-5.22574	-3.45397
6886.887	-6.09444	-2.87462	-5.35342	-2.13308
6890.889	-6.29707	-1.91528	-5.57279	-1.79133
6894.888	-6.25485	-1.52371	-5.67224	-1.40545
6898.893	-6.06451	-1.37226	-5.66592	-1.29359
6902.885	-5.88113	-1.44342	-5.45580	-1.21832
6906.888	-5.88407	-1.58616	-5.10940	-1.45261
6910.899	-6.11611	-1.56109	-5.31226	-1.41305
6914.893	-6.22277	-1.66882	-5.41527	-1.49175
6918.905	-6.18541	-1.47537	-5.42560	-1.47583
6922.887	-6.21777	-1.48106	-5.52273	-1.49559
6926.892	-6.18465	-1.44264	-5.56942	-1.47031
6930.901	-6.10190	-1.40046	-5.58555	-1.49570
6934.888	-6.05341	-1.39232	-5.62517	-1.45047
6938.884	-5.99893	-1.38332	-5.62923	-1.51600
6942.884	-5.94509	-1.39405	-5.54737	-1.51750
6946.887	-6.04259	-1.34502	-5.63306	-1.55671
6950.888	-6.00126	-1.29010	-5.70414	-1.44454
6954.885	-5.94384	-1.27813	-5.76242	-1.39448
6958.889	-5.91130	-1.26896	-5.80084	-1.31060
6962.885	-5.92302	-1.31587	-5.86619	-1.28653
6966.892	-5.94484	-1.29260	-5.88663	-1.23937
6970.887	-5.92945	-1.33303	-5.93026	-1.20098
6974.888	-5.96502	-1.35863	-5.94094	-1.10260
6978.885	-5.90652	-1.39197	-5.93453	-1.07653
6982.893	-5.93750	-1.40864	-5.95329	-1.03686
6986.887	-5.92574	-1.42238	-5.97497	-0.95778
6990.886	-5.90782	-1.45301	-6.00153	-0.91989
6994.888	-5.91565	-1.48554	-5.97676	-0.87671
6998.885	-5.91580	-1.49940	-5.96952	-0.87084
7002.885	-5.92648	-1.46615	-5.94067	-0.83281
7006.892	-5.90617	-1.43837	-5.90060	-0.83754
7010.889	-5.93556	-1.47302	-5.89355	-0.84857
7014.883	-5.91793	-1.49806	-5.81958	-0.91117
7018.885	-5.91403	-1.51660	-5.81921	-0.92758
7022.882	-5.95250	-1.57520	-5.79666	-0.94084
7026.885	-5.97278	-1.66073	-5.79042	-1.01660
7030.920	-5.99230	-1.74383	-5.78376	-1.01271
7034.889	-5.99767	-1.82709	-5.75050	-1.04270
7038.883	-5.98744	-1.78942	-5.68787	-1.03053
7042.886	-5.85792	-1.69323	-5.47023	-1.12843
7046.911	-3.81706	-1.59620	-4.47430	-0.99237
7050.889	-1.13333	-0.19560	-1.93346	0.21989
7054.895	-0.87592	0.74766	-0.61791	0.44554
7058.884	0.11188	1.68920	0.11644	0.63094
7062.882	1.81885	1.77600	0.83513	0.71793
7066.882	1.82924	1.69819	1.60538	1.03641
7070.891	3.30898	2.16102	3.16767	1.85639
7074.881	3.47206	2.54181	3.28256	2.40431
7078.884	3.55550	2.49695	3.39146	2.74262
7082.885	3.56759	2.42020	3.40450	2.57390
7086.892	3.23799	2.38792	3.35654	2.71144
7090.886	2.94240	2.30370	3.35724	2.64609
7094.886	3.08399	2.17195	3.39663	2.60437
7098.889	3.20966	2.25881	3.38479	2.52744
7102.911	3.28422	2.38932	3.40366	2.78755
7106.882	3.40524	2.46524	3.43904	2.86206
7110.881	3.50252	2.50091	3.49011	2.89768
7114.912	3.55446	2.46024	3.54334	2.84036
7118.896	3.59933	2.52302	3.55271	2.76974
7122.883	3.63151	2.50484	3.62096	2.72112
7126.881	3.67067	2.53139	3.64056	2.65014
7130.891	3.61429	2.56026	3.68253	2.63022
7134.894	3.65092	2.64056	3.65112	2.56891
7138.879	3.73080	2.64062	3.66127	2.52597
7142.878	3.75630	2.68473	3.71135	2.56760
7146.883	3.76292	2.68196	3.73638	2.52162
7150.882	3.74251	2.71931	3.70821	2.46792
7154.884	3.68006	2.72010	3.67269	2.42827
7158.880	3.68589	2.73829	3.66671	2.38523
7162.883	3.64306	2.74198	3.66817	2.37575
7166.879	3.63910	2.76223	3.61888	2.37249
7170.887	3.64711	2.79848	3.67519	2.39826
7174.884	3.68651	2.76963	3.63171	2.43862
7178.878	3.69494	2.70879	3.55958	2.49835
7182.908	3.69197	2.67040	3.56015	2.52033
7186.880	3.72590	2.66451	3.47428	2.50356
7190.880	3.73097	2.64240	3.47255	2.55280
7194.880	3.78993	2.58892	3.48380	2.53490
7198.883	3.82803	2.50354	3.46706	2.54338
7202.879	3.85204	2.42868	3.47406	2.59104
7206.880	3.89846	2.45000	3.39470	2.55742
7210.885	3.90335	2.42556	3.40398	2.57561
7214.890	3.96029	2.37118	3.36431	2.54779
7218.890	3.99786	2.33341	3.34994	2.50556
7222.888	3.96856	2.39924	3.38795	2.50871
7226.880	3.97788	2.47627	3.37865	2.52371
7230.880	4.02255	2.43529	3.39668	2.55377
7234.884	4.00087	2.50386	3.43959	2.52105
7238.885	4.00944	2.46190	3.45015	2.53244
7242.879	4.04878	2.57951	3.48825	2.50359
7246.879	4.10789	2.58863	3.54680	2.46331
7250.883	4.13048	2.63443	3.59421	2.45422
7254.893	4.11411	2.65088	3.54504	2.43113
7258.882	4.16937	2.63334	3.56541	2.39161
7262.876	4.15389	2.66903	3.46061	2.55439
7266.890	4.14154	2.67570	3.50318	2.67778
7270.895	4.15882	2.68855	3.50501	2.56984
7274.894	4.06759	2.75157	3.44681	2.55124
7278.880	3.88656	2.74156	3.40959	2.59421
7282.892	3.67099	2.79197	3.37066	2.62018
7286.893	3.61609	2.75654	3.35147	2.78756
7290.885	3.63512	2.62390	3.33149	2.70794
7294.882	3.31034	2.08776	3.14991	2.56866
7298.752	3.14150	1.61006	2.99777	1.63470
7302.758	2.97646	-0.46660	2.85017	0.44094
7306.769	2.85710	-0.78123	2.72778	0.29085
7310.785	2.82756	-0.52409	2.54549	0.60555
7314.756	2.92723	-0.12428	2.38915	0.58085
7318.761	2.93869	0.18930	2.36970	0.89552
7322.813	2.95851	0.34285	2.36378	1.24428
7326.753	3.00702	0.40857	2.39535	1.26319
7330.759	3.06498	0.32414	2.41185	1.14368
7334.755	3.09317	0.51044	2.35422	1.14718
7338.754	3.15233	0.31533	2.38952	1.18279
7342.757	3.22910	0.25073	2.45445	1.08677
7346.759	3.36367	0.36482	2.46221	1.21856
7350.761	3.39579	0.38837	2.41189	1.18359
7354.753	3.43172	0.44883	2.47861	1.18683
7358.753	3.45786	0.48193	2.49986	1.21324
7362.750	3.40274	0.47129	2.57848	1.21252
7366.754	3.37591	0.47669	2.64688	1.15435
7370.753	3.36255	0.49004	2.69641	1.12016
7374.752	3.24001	0.48008	2.71966	1.07825
7378.751	3.20276	0.45749	2.70993	1.01685
7382.755	3.09404	0.46431	2.76042	0.95587
7386.761	3.08718	0.50513	2.78082	0.93548
7390.760	3.07179	0.52176	2.85078	0.89051
7394.753	3.04204	0.52143	2.89010	0.88388
7398.751	2.97176	0.48774	2.89779	0.88236
7402.751	2.93413	0.46967	2.94290	0.87598
7406.755	2.94389	0.49259	2.92777	0.86956
7410.761	2.96289	0.49643	2.88549	0.83930
7414.759	2.97247	0.50461	2.82858	0.80274
7418.752	2.98240	0.46501	2.70896	0.79575
7422.753	2.97708	0.51054	2.70763	0.78542
7426.758	2.95584	0.48911	2.66454	0.76734
7430.760	2.92163	0.47836	2.60126	0.73461
7434.760	2.91418	0.43518	2.60916	0.72188
7438.753	2.90933	0.44630	2.46322	0.69525
7442.756	2.93619	0.42535	2.42047	0.66916
7446.752	2.95997	0.52728	2.36163	0.63473
7450.750	3.02846	0.51548	2.34285	0.62101
7454.797	3.02697	0.52938	2.31349	0.63947
7458.758	3.02069	0.58243	2.32075	0.66389
7462.753	3.06390	0.69192	2.34773	0.62086
7466.748	2.97926	0.66081	2.41601	0.62003
7470.767	3.01596	0.65833	2.42532	0.61519
7474.750	3.03425	0.67504	2.53739	0.64169
7478.755	3.08216	0.75530	2.49057	0.66220
7482.752	3.07290	0.75855	2.55148	0.63372
7486.749	3.08963	0.79278	2.59255	0.58711
7490.754	3.08953	0.77288	2.66417	0.57943
7494.756	3.09948	0.71137	2.73551	0.54011
7498.749	3.04224	0.64102	2.80216	0.52948
7502.749	3.01739	0.59702	2.84846	0.47156
7506.752	2.94785	0.48557	2.85190	0.44781
7510.760	2.98752	0.42347	2.87700	0.41214
7514.787	3.00423	0.49371	2.90775	0.38801
7518.747	3.07070	0.59039	2.92141	0.40736
7522.789	3.08691	0.59187	2.90059	0.40419
7526.746	3.07035	0.48405	2.91440	0.47188
7530.753	3.07983	0.60951	2.93790	0.53552
7534.767	3.04152	0.54830	2.90299	0.50551
7538.755	2.99678	0.53155	2.76995	0.53374
7542.752	3.03363	0.58783	2.69121	0.47677
7546.757	3.09433	0.66632	2.66942	0.45004
7550.751	3.20570	0.71869	2.63497	0.58865
7554.760	3.25686	0.83380	2.53924	0.64360
7558.752	3.25394	0.80964	2.56850	0.64123
7562.751	3.27319	0.77210	2.51613	0.62602
7566.753	3.35973	0.69420	2.51155	0.57717
7570.751	3.40222	0.81872	2.52842	0.54343
7574.752	3.36510	0.79693	2.46959	0.55219
7578.756	3.13529	0.81566	2.47378	0.67223
7582.747	2.17499	0.53686	2.14121	0.57938
7586.749	0.53699	-0.59077	0.61565	0.16598
7591.151	0.14493	-1.16479	0.96730	-0.63384
7594.798	0.21197	-1.32017	1.67700	-0.32424
7598.768	0.74997	-0.48053	1.06984	-0.34365
7602.747	1.33093	-0.15976	1.09147	-0.33888
7606.753	1.39989	-0.07067	0.89488	-0.08351
7610.750	1.20105	-0.01014	0.79610	-0.37466
7614.756	1.07741	-0.21528	0.88466	-0.42921
7618.749	1.03516	-0.26470	0.70350	-0.49661
7622.746	0.92105	-0.36762	0.53217	-0.43391
7626.749	0.90374	-0.23822	0.43616	-0.49961
7630.753	0.99812	-0.21007	0.42289	-0.50777
7634.749	0.98948	-0.11886	0.35027	-0.44667
7638.752	1.03895	-0.14142	0.29404	-0.42165
7642.751	1.01251	-0.19566	0.23552	-0.37208
7646.753	0.97852	-0.17037	0.23817	-0.32584
7650.746	0.92046	-0.18388	0.24813	-0.34882
7654.751	0.90257	-0.18222	0.24383	-0.29364
7658.798	0.92542	-0.32031	0.25517	-0.25197
7662.799	0.94209	-0.37010	0.25093	-0.17829
7666.748	0.97087	-0.58412	0.36839	-0.11893
7670.746	0.97497	-0.69214	0.48024	-0.05993
7674.749	0.99993	-0.81266	0.51823	0.00236
7678.753	1.06803	-0.96362	0.46847	-0.07914
7682.748	1.08386	-0.99724	0.48584	-0.10342
7686.746	1.09063	-0.98621	0.47927	-0.16440
7690.752	1.16806	-0.97831	0.50294	-0.23775
7694.759	1.19512	-1.08691	0.50599	-0.28344
7698.785	1.24183	-1.10241	0.51530	-0.41334
7702.746	1.23017	-1.12454	0.45398	-0.48960
7706.748	1.25627	-1.13523	0.47058	-0.54553
7710.749	1.23412	-1.10517	0.45274	-0.55353
7714.752	1.22883	-1.11955	0.53585	-0.55785
7718.752	1.22404	-1.12422	0.55074	-0.58783
7722.757	1.18120	-1.12196	0.54525	-0.56371
7726.859	1.15287	-1.08392	0.64799	-0.60027
7730.785	1.13538	-1.08509	0.68074	-0.54243
7734.748	1.06267	-1.11328	0.72935	-0.49780
7738.745	0.98561	-1.11731	0.80454	-0.49645
7742.746	0.90773	-1.11018	0.78513	-0.37538
7746.746	0.86945	-1.10629	0.81218	-0.25150
7750.750	0.81339	-1.13897	0.80280	-0.19676
7754.747	0.78235	-1.16046	0.76908	-0.18111
7758.744	0.78062	-1.15530	0.70533	-0.14603
7762.755	0.74863	-1.09339	0.60838	-0.10739
7766.753	0.71610	-1.09093	0.49800	-0.08913
7770.748	0.71168	-1.09754	0.43698	-0.00393
7774.744	0.66176	-1.09621	0.49416	-0.00333
7778.748	0.64488	-1.08683	0.40204	-0.07499
7782.754	0.67240	-1.01119	0.38628	-0.10459
7786.745	0.65012	-1.03211	0.40291	-0.10108
7790.749	0.65007	-0.97135	0.38536	-0.20388
7794.750	0.65181	-0.95942	0.36127	-0.22170
7798.755	0.65828	-0.88636	0.37452	-0.27868
7802.750	0.65444	-0.83472	0.47473	-0.31147
7806.748	0.65146	-0.82498	0.51021	-0.36541
7810.744	0.63670	-0.80260	0.62694	-0.33899
7814.745	0.52101	-0.76667	0.63397	-0.39552
7818.750	0.56625	-0.68977	0.66521	-0.43356
7822.744	0.56960	-0.64967	0.67325	-0.39390
7826.744	0.60625	-0.71006	0.65953	-0.35946
7830.751	0.66784	-0.69982	0.71441	-0.36711
7834.762	0.75226	-0.71561	0.79947	-0.28859
7838.762	0.89381	-0.79366	0.79915	-0.29398
7842.747	0.99544	-0.80757	0.89381	-0.24451
7846.753	0.97301	-0.86339	0.94147	-0.23377
7850.749	1.07952	-0.83395	0.94316	-0.22612
7854.748	1.03550	-0.88424	0.93391	-0.24339
7858.745	0.99102	-0.95482	0.94802	-0.26416
7862.768	1.00181	-0.95102	0.89793	-0.24627
7866.746	1.05580	-0.99082	0.85004	-0.30196
7870.785	0.95591	-0.97222	0.82972	-0.31982
7874.757	0.98611	-0.93917	0.77039	-0.32808
7878.747	1.20852	-0.79631	0.70791	-0.39447
7882.744	1.20817	-0.85423	0.72687	-0.38455
7886.756	1.08793	-0.78350	0.72141	-0.37660
7890.744	1.15404	-0.72658	0.59650	-0.38136
7894.748	1.19051	-0.68973	0.61885	-0.33832
7898.767	0.93989	-0.61007	0.62747	-0.25595
7902.749	1.04004	-0.65394	0.62134	-0.19013
7906.744	0.92430	-0.61536	0.60908	-0.11144
7910.740	0.91805	-0.55283	0.62084	-0.09842
7914.747	0.91185	-0.51678	0.61615	-0.09169
7918.749	0.76022	-0.50428	0.69124	-0.09459
7922.740	0.67660	-0.52042	0.72637	-0.07019
7926.741	0.70695	-0.50881	0.74553	-0.02433
7930.767	0.64188	-0.48516	0.80320	-0.10418
7934.761	0.56431	-0.57429	0.82109	-0.14831
7938.743	0.58133	-0.55861	0.84642	-0.20004
7942.742	0.57409	-0.57690	0.85486	-0.22960
7946.745	0.54257	-0.58860	0.86163	-0.25654
7950.742	0.54761	-0.62888	0.85984	-0.35592
7954.742	0.59672	-0.61464	0.86731	-0.37977
7958.747	0.59459	-0.66594	0.88138	-0.38024
7962.744	0.61049	-0.68562	0.85942	-0.43535
7966.741	0.62139	-0.68320	0.85391	-0.44695
7970.747	0.62600	-0.70417	0.81548	-0.48937
7974.748	0.65052	-0.74469	0.72124	-0.52443
7978.744	0.67367	-0.70973	0.63283	-0.56566
7982.743	0.58503	-0.70567	0.57975	-0.69819
7986.745	0.52629	-0.70667	0.63910	-0.66636
7990.743	0.57592	-0.75086	0.61573	-0.57670
7994.738	0.40509	-0.80164	0.58856	-0.68487
7998.744	0.01171	-1.72744	0.33923	-1.06683
8002.749	-1.08736	-2.54032	-0.20571	-1.25348
8006.743	-1.03965	-2.41999	-0.43254	-1.96650
8010.745	-0.81999	-2.80537	-0.45376	-2.10116
8014.749	-0.97566	-3.01592	-0.74873	-2.06278
8018.744	-1.20812	-3.09392	-0.89659	-2.25196
8022.743	-1.32034	-3.07219	-1.09070	-2.50238
8026.742	-1.26976	-3.08020	-1.04342	-2.56108
8030.744	-1.28571	-3.08127	-1.10604	-2.56202
8034.754	-1.29749	-3.09803	-1.10137	-2.65138
8038.742	-1.27815	-2.96504	-1.12417	-2.71829
8042.741	-1.32416	-3.03953	-1.15952	-2.80301
8046.743	-1.32949	-3.13259	-1.20534	-2.89795
8050.740	-1.28385	-3.18347	-1.25146	-3.04235
8054.744	-1.25729	-3.16941	-1.29296	-3.23351
8058.751	-1.27822	-3.13815	-1.34336	-3.07211
8062.740	-1.26232	-3.12334	-1.37394	-3.12743
8066.742	-1.23880	-3.07231	-1.36099	-3.08948
8070.743	-1.22871	-3.05097	-1.38471	-3.15466
8074.748	-1.28090	-2.96615	-1.40328	-3.19713
8078.741	-1.25954	-2.96710	-1.44091	-3.19614
8082.743	-1.27658	-2.98662	-1.45963	-3.20733
8086.739	-1.25659	-3.03724	-1.46494	-3.19613
8090.748	-1.23719	-2.94423	-1.49155	-3.19015
8094.746	-1.26656	-2.93773	-1.49078	-3.19808
8098.740	-1.30575	-2.92638	-1.47804	-3.17279
8102.738	-1.33927	-2.92887	-1.45264	-3.23035
8106.742	-1.34844	-2.91471	-1.46928	-3.30255
8110.739	-1.35975	-2.95427	-1.44329	-3.33418
8114.781	-1.37005	-2.97224	-1.45430	-3.36691
8118.756	-1.39574	-3.00414	-1.45336	-3.42380
8122.746	-1.38250	-3.00072	-1.45395	-3.45816
8126.739	-1.37134	-2.96094	-1.44031	-3.48711
8130.739	-1.37501	-2.94285	-1.47637	-3.50086
8134.753	-1.34673	-2.93615	-1.45167	-3.52585
8138.800	-1.29367	-2.87567	-1.45472	-3.52322
8142.740	-1.27564	-2.83002	-1.37335	-3.54416
8146.737	-1.26808	-2.80317	-1.38433	-3.54221
8150.738	-1.23878	-2.74964	-1.28363	-3.50439
8154.615	-1.23278	-2.73886	-1.23575	-3.45688
8158.619	-1.20296	-2.74025	-1.26344	-3.34532
8162.615	-1.17198	-2.70863	-1.21968	-3.22909
8166.613	-1.17994	-2.68758	-1.22223	-3.21250
8170.616	-1.18242	-2.72867	-1.15709	-3.14587
8174.616	-1.21891	-2.75719	-1.09490	-3.09880
8178.616	-1.20504	-2.80764	-1.10383	-3.03131
8182.619	-1.24039	-2.83831	-1.11179	-3.01876
8186.635	-1.24178	-2.90458	-1.17885	-2.97779
8190.621	-1.22318	-2.97075	-1.17113	-2.93528
8194.618	-1.21167	-3.03196	-1.18994	-2.92500
8198.614	-1.20616	-3.11515	-1.26187	-2.95753
8202.637	-1.25103	-3.10306	-1.25652	-3.00991
8206.635	-1.21618	-3.12292	-1.23258	-3.04918
8210.612	-1.18808	-3.13157	-1.21678	-3.09624
8214.618	-1.17237	-3.18150	-1.24625	-3.19152
8218.612	-1.13752	-3.18760	-1.24411	-3.25217
8222.615	-1.12941	-3.21255	-1.27770	-3.35092
8226.627	-1.10971	-3.18719	-1.33835	-3.35260
8230.618	-1.10043	-3.20786	-1.34177	-3.37945
8234.610	-1.06818	-3.22493	-1.46911	-3.41697
8238.618	-1.02183	-3.24122	-1.50361	-3.45335
8242.619	-1.00107	-3.21306	-1.56516	-3.44409
8246.611	-0.98095	-3.19185	-1.53838	-3.40392
8250.611	-0.96385	-3.20140	-1.60548	-3.37804
8254.617	-0.95055	-3.21204	-1.64560	-3.35077
8258.620	-0.92830	-3.14028	-1.64727	-3.26605
8262.618	-0.98923	-3.14486	-1.67395	-3.15674
8266.617	-1.01141	-3.12460	-1.57880	-3.11298
8270.646	-1.08090	-3.12881	-1.49927	-3.14321
8274.623	-1.12196	-3.09506	-1.45753	-3.11144
8278.613	-1.12789	-3.07216	-1.40867	-3.08877
8282.615	-1.17567	-2.95648	-1.35978	-3.03855
8286.616	-1.14712	-2.89214	-1.32131	-3.09091
8290.612	-1.16801	-2.92805	-1.30206	-3.13371
8294.634	-1.18535	-2.90471	-1.28182	-3.11234
8298.610	-1.19753	-2.90398	-1.22114	-3.10421
8302.613	-1.19132	-2.91504	-1.22529	-3.15704
8306.617	-1.11440	-2.88687	-1.21727	-3.16574
8310.616	-1.14005	-2.92347	-1.25694	-3.18925
8314.616	-1.12149	-2.92574	-1.29124	-3.17695
8318.611	-1.09532	-2.93833	-1.31513	-3.17083
8322.615	-1.10398	-3.01508	-1.33269	-3.15218
8326.615	-1.08321	-3.10684	-1.33096	-3.15651
8330.614	-1.10112	-3.15314	-1.37114	-3.11666
8334.610	-1.08909	-3.18322	-1.45686	-3.06988
8338.682	-1.11318	-3.11030	-1.48672	-3.04581
8342.622	-1.15684	-3.07651	-1.54009	-3.02436
8346.615	-1.17505	-3.12391	-1.55762	-3.00913
8350.618	-1.17069	-3.09238	-1.58324	-3.00196
8354.612	-1.12521	-3.03210	-1.59105	-2.98319
8358.609	-1.08852	-2.96975	-1.64466	-2.94752
8362.619	-1.07897	-2.97400	-1.69081	-2.93377
8366.611	-1.02523	-2.97735	-1.72339	-2.92379
8370.608	-1.02627	-2.94590	-1.75366	-2.89709
8374.617	-0.98574	-2.93652	-1.77030	-2.87105
8378.614	-0.96936	-2.88350	-1.77454	-2.87882
8382.610	-0.96199	-2.89910	-1.78473	-2.83416
8386.609	-0.96063	-2.90458	-1.77405	-2.77728
8390.618	-0.94792	-2.86060	-1.77786	-2.73830
8394.617	-1.00062	-2.86967	-1.77712	-2.70244
8398.614	-0.99846	-2.93061	-1.79066	-2.68996
8402.610	-1.07225	-2.93203	-1.77620	-2.60170
8406.626	-1.11112	-2.95905	-1.75971	-2.55304
8410.625	-1.12124	-2.94767	-1.76772	-2.50806
8414.612	-1.12802	-2.97147	-1.75557	-2.45691
8418.610	-1.14392	-2.97141	-1.75500	-2.43177
8422.608	-1.15672	-2.98686	-1.73819	-2.42641
8426.614	-1.16327	-2.98853	-1.76648	-2.43180
8430.618	-1.09490	-3.00798	-1.80861	-2.37988
8434.620	-1.07885	-3.02556	-1.80481	-2.41477
8438.612	-0.97824	-3.06891	-1.83030	-2.41979
8442.610	-0.95403	-3.07198	-1.84557	-2.38754
8446.611	-0.86940	-3.04832	-1.83563	-2.40456
8450.610	-0.88542	-3.02782	-1.83105	-2.41526
8454.612	-0.87026	-2.98752	-1.84042	-2.39739
8458.609	-0.86381	-2.93756	-1.83499	-2.47782
8462.611	-0.86595	-2.85283	-1.82507	-2.51257
8466.615	-0.84972	-2.85554	-1.84099	-2.51978
8470.612	-0.81436	-2.83470	-1.80229	-2.51810
8474.678	-0.81615	-2.78505	-1.74995	-2.55360
8478.616	-0.78774	-2.75381	-1.71702	-2.52682
8482.612	-0.82248	-2.74338	-1.65344	-2.53102
8486.611	-0.85312	-2.68031	-1.61860	-2.58515
8490.631	-0.87815	-2.65300	-1.56481	-2.60138
8494.610	-0.89168	-2.62636	-1.54078	-2.65270
8498.616	-0.90671	-2.66490	-1.50919	-2.69430
8502.610	-0.92745	-2.63276	-1.49996	-2.69008
8506.606	-0.94569	-2.64985	-1.46440	-2.70209
8510.613	-0.94770	-2.65555	-1.44215	-2.70343
8514.615	-1.01652	-2.66933	-1.41613	-2.68948
8518.616	-1.04042	-2.69008	-1.40482	-2.69245
8522.607	-1.08604	-2.66325	-1.39527	-2.72986
8526.609	-1.10747	-2.68137	-1.38937	-2.74342
8530.615	-1.10609	-2.68792	-1.37888	-2.71208
8534.625	-1.12335	-2.69075	-1.39649	-2.70063
8538.614	-1.16873	-2.68709	-1.40217	-2.67832
8542.640	-1.18301	-2.67815	-1.39453	-2.65533
8546.613	-1.18760	-2.73516	-1.41415	-2.68877
8550.606	-1.17098	-2.79529	-1.41226	-2.70500
8554.612	-1.15841	-2.80881	-1.41849	-2.71769
8558.613	-1.13169	-2.77892	-1.44220	-2.71607
8562.609	-1.16654	-2.74173	-1.46464	-2.71044
8566.609	-1.19105	-2.74696	-1.52652	-2.67155
8570.606	-1.15473	-2.74439	-1.58143	-2.64895
8574.608	-1.15101	-2.70687	-1.63358	-2.61059
8578.608	-1.11819	-2.68756	-1.74885	-2.63867
8582.608	-1.05200	-2.69649	-1.78734	-2.65227
8586.611	-1.03612	-2.65835	-1.84818	-2.64920
8590.607	-0.96725	-2.67485	-1.83600	-2.63111
8594.610	-0.89609	-2.62509	-1.84557	-2.60467
8598.619	-0.87895	-2.55893	-1.82703	-2.58269
8602.608	-0.83560	-2.51749	-1.85199	-2.62456
8606.606	-0.76915	-2.55627	-1.86045	-2.61788
8610.640	-0.67734	-2.60507	-1.84352	-2.64582
8614.617	-0.63153	-2.60376	-1.79872	-2.64680
8618.607	-0.62456	-2.47461	-1.77295	-2.61942
8622.610	-0.59995	-2.47167	-1.71766	-2.61068
8626.607	-0.59684	-2.44816	-1.71528	-2.60862
8630.617	-0.56568	-2.43569	-1.72297	-2.61506
8634.609	-0.56888	-2.34079	-1.73980	-2.62016
8638.608	-0.55955	-2.31926	-1.74866	-2.60721
8642.610	-0.53535	-2.29238	-1.77781	-2.60574
8646.614	-0.51721	-2.30079	-1.76814	-2.54856
8650.606	-0.49580	-2.27842	-1.79068	-2.53822
8654.611	-0.52123	-2.23976	-1.79515	-2.53405
8658.609	-0.52659	-2.24323	-1.84195	-2.51512
8662.608	-0.51900	-2.28303	-1.86756	-2.54339
8666.607	-0.48299	-2.29942	-1.89074	-2.54881
8670.634	-0.45750	-2.29538	-1.87433	-2.56852
8674.606	-0.44626	-2.30203	-1.86174	-2.58539
8678.606	-0.43648	-2.33659	-1.84810	-2.55876
8682.613	-0.43723	-2.33821	-1.84480	-2.57704
8686.610	-0.46587	-2.34276	-1.85237	-2.58719
8690.604	-0.49542	-2.33851	-1.86863	-2.59182
8694.608	-0.55607	-2.32618	-1.87332	-2.60760
8698.605	-0.58099	-2.26688	-1.89288	-2.59575
8702.610	-0.56659	-2.26798	-1.89684	-2.63325
8706.602	-0.60632	-2.23970	-1.86746	-2.65728
8710.608	-0.57756	-2.25492	-1.82641	-2.72532
8714.605	-0.63484	-2.35646	-1.80714	-2.76086
8718.611	-0.65608	-2.38071	-1.76056	-2.79064
8722.612	-0.71253	-2.35571	-1.71719	-2.83550
8726.611	-0.78925	-2.44357	-1.62527	-2.85327
8730.607	-0.85545	-2.57303	-1.60181	-2.84126
8734.606	-0.87756	-2.49284	-1.58319	-2.84610
8738.605	-0.88349	-2.51622	-1.53547	-2.79437
8742.607	-0.94103	-2.52288	-1.55514	-2.74337
8746.612	-0.96554	-2.48368	-1.50690	-2.73347
8750.615	-1.02327	-2.44371	-1.53327	-2.69588
8754.604	-1.04927	-2.37630	-1.53587	-2.63783
8758.604	-1.12286	-2.25364	-1.55730	-2.58352
8762.602	-1.12705	-2.15262	-1.55549	-2.52501
8766.614	-1.12147	-2.14704	-1.58562	-2.42533
8770.610	-1.14094	-2.25467	-1.62892	-2.37686
8774.606	-1.16689	-2.21131	-1.63767	-2.31163
8778.601	-1.22846	-2.14507	-1.64134	-2.28125
8782.606	-1.22687	-2.08432	-1.67174	-2.24032
8786.611	-1.21913	-2.06849	-1.66200	-2.19578
8790.609	-1.19264	-2.18088	-1.67987	-2.11818
8794.604	-1.18753	-2.15138	-1.70115	-2.04833
8798.605	-1.18430	-2.17205	-1.71816	-2.05416
8802.608	-1.14129	-2.23232	-1.71171	-2.03897
8806.609	-1.10527	-2.29282	-1.72418	-2.01506
8810.604	-1.11688	-2.31638	-1.74142	-2.02938
8814.612	-1.07195	-2.27151	-1.77355	-2.05470
8818.608	-1.05967	-2.27274	-1.81089	-2.07993
8822.602	-1.02804	-2.26554	-1.77700	-2.08235
8826.609	-0.98296	-2.29544	-1.78919	-2.00559
8830.630	-0.97584	-2.31564	-1.79363	-2.08367
8834.608	-0.96028	-2.30153	-1.82024	-2.08444
8838.603	-0.97849	-2.34468	-1.78300	-2.10963
8842.605	-0.98613	-2.31972	-1.81562	-2.10557
8846.609	-1.00144	-2.32668	-1.80957	-2.15553
8850.611	-1.03722	-2.25432	-1.77838	-2.18823
8854.605	-1.03714	-2.16313	-1.73378	-2.21420
8858.606	-1.03429	-2.15380	-1.67970	-2.22694
8862.603	-1.04374	-2.15335	-1.65897	-2.27485
8866.607	-1.04741	-2.16811	-1.67687	-2.35161
8870.606	-1.05949	-2.09962	-1.65257	-2.41883
8874.602	-1.06299	-2.12614	-1.63397	-2.46924
8878.629	-1.06074	-2.07171	-1.60620	-2.52379
8882.657	-0.99923	-2.06406	-1.59586	-2.53203
8886.609	-0.96410	-2.01787	-1.57047	-2.55611
8890.610	-0.93497	-1.95583	-1.56635	-2.55733
8894.601	-0.91034	-1.96532	-1.57952	-2.55994
8898.604	-0.86451	-1.98229	-1.59192	-2.52185
8902.599	-0.82444	-2.02564	-1.61493	-2.51193
8906.607	-0.79493	-1.99637	-1.61602	-2.51282
8910.603	-0.78980	-1.99084	-1.65570	-2.56713
8914.602	-0.73804	-1.97171	-1.65466	-2.51646
8918.601	-0.71464	-2.01937	-1.65012	-2.45032
8922.606	-0.70645	-2.01557	-1.69929	-2.50470
8926.603	-0.73866	-1.99809	-1.73772	-2.51281
8930.610	-0.80536	-1.98577	-1.76961	-2.55151
8934.606	-0.80739	-2.01352	-1.68183	-2.47131
8938.602	-0.79573	-2.09119	-1.66767	-2.44353
8942.604	-0.82932	-2.18454	-1.62683	-2.42062
8946.599	-0.85111	-2.24779	-1.60561	-2.42087
8950.608	-0.87902	-2.27110	-1.55435	-2.36633
8954.608	-0.90031	-2.38824	-1.53721	-2.28726
8958.607	-0.90495	-2.45451	-1.56052	-2.28461
8962.601	-0.87292	-2.50323	-1.57124	-2.24541
8966.604	-0.87863	-2.46861	-1.55779	-2.21016
8970.623	-0.91264	-2.54948	-1.52191	-2.18604
8974.613	-0.85453	-2.58456	-1.48044	-2.16566
8978.602	-0.91850	-2.60948	-1.51690	-2.16493
8982.602	-0.87547	-2.64360	-1.52560	-2.15175
8986.597	-0.90517	-2.65630	-1.54768	-2.15113
8990.605	-0.86927	-2.64180	-1.55695	-2.14009
8994.606	-0.84903	-2.64970	-1.57979	-2.13766
8998.599	-0.94916	-2.57715	-1.58088	-2.14287
9002.597	-0.98244	-2.52890	-1.57786	-2.12479
9006.480	-1.09209	-2.49047	-1.56494	-2.09461
9010.480	-1.02739	-2.51698	-1.55385	-2.08430
9014.476	-1.03915	-2.49967	-1.55531	-2.08155
9018.480	-1.05386	-2.47146	-1.56992	-2.07724
9022.480	-1.08832	-2.42431	-1.59529	-2.03906
9026.481	-1.11802	-2.38252	-1.55745	-2.06527
9030.478	-1.11730	-2.41449	-1.52541	-2.02186
9034.479	-1.14588	-2.38714	-1.51851	-1.98964
9038.476	-1.15305	-2.32748	-1.50467	-1.98390
9042.484	-1.17088	-2.39902	-1.48277	-1.96203
9046.475	-1.16173	-2.38861	-1.48570	-1.96642
9050.472	-1.13997	-2.41725	-1.46122	-2.02919
9054.475	-1.16099	-2.37765	-1.44267	-2.08255
9058.482	-1.18297	-2.37632	-1.42675	-2.08698
9062.480	-1.24396	-2.40741	-1.41152	-2.17545
9066.481	-1.23121	-2.48961	-1.36722	-2.20402
9070.506	-1.21757	-2.50469	-1.37501	-2.20158
9074.479	-1.18773	-2.49173	-1.37109	-2.29467
9078.474	-1.23052	-2.56436	-1.36414	-2.36489
9082.475	-1.24339	-2.60719	-1.32910	-2.38345
9086.482	-1.22335	-2.61911	-1.28375	-2.45291
9090.535	-1.20658	-2.71075	-1.24396	-2.47318
9094.476	-1.20772	-2.72716	-1.23461	-2.51489
9098.472	-1.19909	-2.72620	-1.21315	-2.52974
9102.477	-1.23280	-2.77706	-1.26130	-2.51851
9106.482	-1.18371	-2.88922	-1.22556	-2.50826
9110.476	-1.18778	-2.91715	-1.22516	-2.48155
9114.476	-1.21442	-3.02113	-1.21822	-2.48094
9118.473	-1.25448	-3.00882	-1.21539	-2.46215
9122.473	-1.25143	-3.07715	-1.18617	-2.42358
9126.476	-1.28234	-3.08586	-1.19475	-2.40136
9130.475	-1.30340	-3.11273	-1.21325	-2.36111
9134.472	-1.33165	-3.11282	-1.21854	-2.33338
9138.477	-1.37399	-3.13177	-1.22566	-2.30207
9142.480	-1.34519	-3.16167	-1.23417	-2.27262
9146.479	-1.31109	-3.17853	-1.20916	-2.26870
9150.474	-1.31823	-3.15908	-1.21055	-2.27076
9154.475	-1.31240	-3.08169	-1.21454	-2.29385
9158.483	-1.26200	-3.05816	-1.22283	-2.29243
9162.475	-1.19586	-3.05658	-1.23223	-2.31159
9166.471	-1.17813	-2.97189	-1.24431	-2.31277
9170.471	-1.21933	-2.94192	-1.22124	-2.32113
9174.479	-1.20750	-2.79951	-1.21283	-2.34313
9178.475	-1.16096	-2.68655	-1.21164	-2.35764
9182.475	-1.21075	-2.64917	-1.19175	-2.37750
9186.477	-1.16255	-2.53889	-1.21301	-2.32761
9190.475	-1.21323	-2.46936	-1.25270	-2.33216
9194.475	-1.28539	-2.41315	-1.30233	-2.28722
9198.471	-1.21097	-2.39941	-1.37367	-2.27203
9202.473	-1.22067	-2.32269	-1.40321	-2.19818
9206.471	-1.30213	-2.30960	-1.45328	-2.16403
9210.477	-1.36151	-2.28851	-1.52022	-2.13546
