time (ms)	lx (deg)	ly (deg)	rx (deg)	ry (deg)
0.000	-2.34483	-2.84428	-1.45319	-3.40628
4.005	-2.31795	-2.88040	-1.48285	-3.46742
7.999	-2.26562	-2.92595	-1.43205	-3.34880
11.993	-2.21199	-2.96040	-1.33222	-2.97908
16.017	-2.24929	-3.04603	-1.37935	-3.02002
20.000	-2.23447	-3.06901	-1.43667	-2.77970
23.993	-2.19487	-3.31745	-1.43506	-2.37638
28.407	-2.21412	-3.14449	-1.44329	-2.25303
32.011	-2.16040	-3.20689	-1.45906	-2.32621
35.999	-2.16823	-3.19029	-1.55303	-2.20877
40.001	-2.18473	-3.14772	-1.48716	-2.36978
43.994	-2.23771	-3.15669	-1.53359	-2.28513
47.998	-2.33953	-3.11362	-1.47409	-2.23485
51.999	-2.41363	-3.21546	-1.42747	-2.37143
55.998	-2.44616	-3.10632	-1.49748	-2.34985
59.995	-2.47338	-3.08992	-1.51586	-2.34973
64.003	-2.52750	-3.13022	-1.36662	-2.40514
67.992	-2.64426	-3.15198	-1.36648	-2.38721
71.998	-2.58175	-3.38351	-1.32902	-2.42588
76.000	-2.70867	-3.60803	-1.32240	-2.48691
80.010	-2.70248	-3.98222	-1.25530	-2.48465
83.986	-2.73209	-3.74441	-1.31268	-2.48752
88.007	-2.57511	-3.05122	-1.22600	-2.48790
91.993	-1.83863	-1.79277	-1.06696	-2.09140
96.258	-0.95825	-0.84223	-0.72039	0.31707
100.004	-0.56094	-0.33134	0.23897	0.29823
103.998	-0.32012	-0.37288	-0.22542	0.41395
107.992	-0.45105	-0.02075	0.02866	0.50783
111.996	-0.73543	-0.29272	0.02504	0.61467
115.998	-1.29596	-0.45523	0.05356	0.56182
120.006	-1.17823	-1.15233	0.07470	0.53347
123.998	-1.08001	-1.01401	0.17201	0.55335
127.995	-0.91274	-1.47565	0.24108	0.54301
132.012	-0.74221	-1.15573	0.16231	0.62495
135.993	-0.85548	-1.17271	0.19082	0.66436
140.006	-0.91103	-1.33933	0.22428	0.75832
143.995	-0.74858	-0.98332	0.19350	0.90426
147.991	-0.78099	-0.61923	0.19231	1.20925
151.995	-0.75761	-0.67941	0.17434	1.34890
156.007	-0.71030	-0.31747	0.22187	1.40033
160.003	-0.65149	0.17068	0.24361	1.42653
163.994	-0.58034	0.30523	0.31290	1.49153
167.998	-0.49272	0.30292	0.38432	1.49463
171.993	-0.50830	0.18770	0.36506	1.39885
176.005	-0.52776	0.22395	0.32632	1.26959
179.997	-0.50148	0.39694	0.34352	1.25183
183.999	-0.44587	0.26001	0.37586	0.91820
188.000	-0.42946	0.33853	0.36601	0.89570
192.000	-0.42231	0.39899	0.35784	0.74517
195.991	-0.41760	0.44003	0.33037	0.60480
199.997	-0.41073	0.50213	0.25336	0.67884
203.991	-0.40596	0.48257	0.25689	0.56052
208.007	-0.47778	0.50244	0.20100	0.77042
211.997	-0.50731	0.54878	0.17348	0.73614
215.994	-0.55376	0.56507	0.16457	0.72896
219.994	-0.47624	0.52195	0.16047	0.87204
223.997	-0.46428	0.49564	0.17561	0.82935
227.992	-0.40740	0.46530	0.15173	0.99282
232.009	-0.47135	0.46513	0.14965	1.04973
236.046	-0.46219	0.35540	0.14861	1.20252
239.993	-0.44815	0.18037	0.18943	1.20182
243.997	-0.40350	0.21834	0.22696	1.22611
247.989	-0.40060	0.25412	0.23512	1.39410
252.010	-0.42696	0.13244	0.25659	1.50311
256.001	-0.37546	0.01995	0.27133	1.58749
259.995	-0.35494	-0.03119	0.29741	1.68364
263.995	-0.36437	-0.04127	0.31540	1.57368
267.994	-0.32600	-0.10384	0.31553	1.53914
271.992	-0.34821	-0.04736	0.33469	1.05886
275.995	-0.32915	-0.10986	0.35782	0.94970
279.993	-0.23996	-0.09390	0.38923	0.81423
283.998	-0.22452	-0.07571	0.36918	0.40895
287.996	-0.21693	-0.04592	0.36062	0.18875
291.994	-0.21703	-0.08347	0.36432	0.28235
295.990	-0.14732	-0.08155	0.37013	0.19697
299.995	-0.14528	-0.05564	0.38482	0.23924
304.047	-0.07448	-0.06739	0.38871	0.17384
307.991	-0.04897	-0.04716	0.39862	0.12012
311.993	-0.07254	-0.05531	0.41561	0.10352
315.991	-0.05368	-0.10705	0.43812	0.06031
319.997	-0.07411	-0.07179	0.44951	0.07909
323.992	-0.15221	-0.06580	0.40152	0.04577
328.014	-0.14538	-0.04841	0.40775	0.08439
331.986	-0.18040	-0.03628	0.40390	0.12695
335.993	-0.18779	-0.05507	0.37434	0.12491
339.987	-0.24862	-0.03755	0.37090	0.19282
344.008	-0.24100	-0.04463	0.33079	0.20249
347.985	-0.28215	-0.03081	0.33615	0.27617
352.000	-0.30069	-0.05114	0.34752	0.31945
355.989	-0.32297	-0.02885	0.32910	0.29172
359.993	-0.39665	0.00330	0.30595	0.30750
363.987	-0.40571	0.00507	0.26920	0.35879
367.999	-0.38725	0.01136	0.21177	0.38645
371.997	-0.44440	0.05474	0.22244	0.35494
375.994	-0.48145	0.01941	0.20812	0.35675
380.001	-0.46254	0.08692	0.18288	0.35588
384.025	-0.47165	0.12615	0.13143	0.44556
387.987	-0.46309	0.19295	0.13362	0.46519
391.990	-0.44733	0.22572	0.09168	0.51170
395.992	-0.40973	0.23822	0.05904	0.53519
399.995	-0.42457	0.26208	0.05390	0.58575
403.994	-0.41792	0.30061	0.06217	0.64381
407.996	-0.44172	0.37933	0.10967	0.68973
411.994	-0.48761	0.45596	0.16042	0.68424
415.990	-0.49480	0.53626	0.15633	0.66031
419.986	-0.49659	0.57425	0.10813	0.77010
423.987	-0.50168	0.66314	0.13806	0.79370
427.986	-0.45817	0.70434	0.12769	0.79025
432.003	-0.56024	0.72818	0.11493	0.75711
435.989	-0.57151	0.74363	0.11245	0.68322
439.994	-0.60697	0.74124	0.12540	0.71949
443.993	-0.60377	0.73873	0.08227	0.70844
447.991	-0.54831	0.77235	0.02129	0.90488
451.990	-0.49924	0.76053	0.00821	0.90856
455.996	-0.44778	0.70971	-0.02504	0.98112
459.991	-0.42849	0.68417	-0.05433	1.05666
463.983	-0.38554	0.55080	0.00069	0.93519
467.995	-0.33977	0.36564	-0.00978	1.17485
471.994	-0.42815	0.49932	-0.00452	1.09827
475.995	-0.42318	0.42642	0.01978	1.10438
479.992	-0.36727	0.28894	0.04447	1.18620
483.985	-0.36003	0.24404	0.06363	1.19209
488.002	-0.35963	0.00492	0.05083	1.30371
491.995	-0.36812	-0.19494	0.08723	1.35621
495.993	-0.40502	-0.17319	0.07021	1.35728
499.991	-0.40561	-0.20222	0.06453	1.38845
503.993	-0.41256	-0.28794	0.03211	1.35283
508.048	-0.48664	-0.30151	0.04122	1.36500
511.986	-0.47825	-0.41481	0.00558	1.37439
515.988	-0.46651	-0.40269	0.00400	1.34658
520.004	-0.46023	-0.44249	-0.00635	1.35030
523.991	-0.58540	-0.51014	-0.04785	1.26385
527.994	-0.57836	-0.56542	-0.10855	1.26372
531.989	-0.70265	-0.68011	-0.10562	1.18640
535.991	-0.72558	-0.66652	-0.15819	1.08331
539.996	-0.74578	-0.68423	-0.21619	1.04985
543.986	-0.75603	-0.73459	-0.24013	0.97890
547.990	-0.87701	-0.67976	-0.16491	0.87989
551.987	-0.82588	-0.67734	-0.21949	0.80038
555.988	-0.81667	-0.64884	-0.15851	0.78940
559.990	-0.88175	-0.64441	-0.10071	0.73676
563.992	-0.85508	-0.61622	-0.09292	0.73616
567.988	-0.71203	-0.59405	-0.00953	0.73947
572.014	-0.77531	-0.56013	0.04758	0.71502
576.002	-0.63697	-0.44809	0.20152	0.69154
579.982	-0.57545	-0.40052	0.18899	0.70289
584.018	-0.48637	-0.29929	0.26207	0.69593
588.000	-0.39581	-0.25253	0.35404	0.71357
591.985	-0.44708	-0.05854	0.41328	0.80089
595.995	-0.36216	-0.12968	0.44929	0.89228
599.987	-0.41837	0.12623	0.47721	1.01592
603.985	-0.51096	0.34740	0.46877	1.05969
607.988	-0.46887	0.23067	0.48185	1.07685
611.990	-0.54786	0.18755	0.48532	1.17280
615.996	-0.54029	0.30381	0.44041	1.33400
619.991	-0.60327	0.48859	0.38241	1.36398
624.000	-0.63270	0.46539	0.36591	1.25212
627.991	-0.57769	0.49896	0.34290	1.33575
631.989	-0.60349	0.55463	0.27969	1.35046
635.988	-0.42534	0.49365	0.16032	1.34707
640.011	-0.48436	0.46567	0.09979	1.24527
643.992	-0.45897	0.46200	0.12213	1.11499
647.989	-0.38899	0.43621	0.18216	0.99654
651.984	-0.39020	0.41121	0.13518	1.03090
655.862	-0.44557	0.54143	0.12913	0.86747
659.855	-0.42867	0.49581	0.09160	0.86026
663.871	-0.46013	0.44572	0.07845	0.79241
667.858	-0.47547	0.42828	0.08450	0.74342
671.864	-0.47932	0.56021	0.05110	0.72382
675.855	-0.47681	0.55077	0.04651	0.75018
679.881	-0.53721	0.71258	0.11831	0.78320
683.860	-0.53902	0.70555	0.26877	0.75735
687.859	-0.56548	0.75673	0.30081	0.79506
691.860	-0.54235	0.85958	0.23170	0.81149
695.870	-0.53126	0.75218	0.25666	0.76498
699.866	-0.52783	0.74061	0.50049	0.79576
703.868	-0.53734	0.72639	0.59900	0.77575
707.873	-0.49726	0.74583	0.63409	0.79299
711.876	-0.50456	0.71971	0.65583	0.81609
715.862	-0.48895	0.77266	0.72533	0.71690
719.856	-0.43380	0.77016	0.69317	0.67266
723.863	-0.33633	0.69764	0.70963	0.57219
727.864	-0.33697	0.68761	0.66702	0.51197
731.869	-0.32027	0.64616	0.64943	0.41313
735.856	-0.32193	0.55513	0.64521	0.32485
739.861	-0.39117	0.53490	0.64580	0.21364
743.855	-0.31086	0.54502	0.49972	0.00070
747.871	-0.29282	0.52343	0.41949	-0.18626
751.857	-0.27895	0.49100	0.39224	-0.17063
755.861	-0.25736	0.48718	0.30235	-0.33608
759.853	-0.23036	0.46330	0.27118	-0.38458
763.869	-0.28468	0.41363	0.23095	-0.29878
767.875	-0.27840	0.47127	0.20132	-0.37526
771.858	-0.30046	0.38659	0.15916	-0.40918
775.870	-0.26252	0.42439	0.15851	-0.32311
779.861	-0.26838	0.42752	0.14618	-0.17921
783.855	-0.24150	0.43937	0.14322	-0.29940
787.887	-0.22783	0.42228	0.17993	-0.23154
791.863	-0.21043	0.44660	0.20618	-0.18458
795.876	-0.17050	0.45863	0.20398	-0.17499
799.857	-0.12138	0.43560	0.23309	-0.07485
803.861	-0.07485	0.41768	0.24180	-0.02960
807.857	-0.11582	0.38647	0.28945	-0.06379
811.860	-0.17194	0.28584	0.29965	-0.00253
815.857	-0.11826	0.30184	0.31516	0.04826
819.862	-0.10582	0.28840	0.33268	-0.07825
823.858	-0.24505	0.21996	0.30607	-0.27249
827.893	-0.25604	0.19867	0.30575	-0.48807
831.866	-0.28672	0.17543	0.25602	-0.69877
835.862	-0.31657	0.13038	0.20236	-0.76992
839.855	-0.37546	0.12280	0.21792	-0.84702
843.860	-0.40447	0.11870	0.20673	-0.95945
847.924	-0.44122	0.10777	0.20437	-0.96375
851.858	-0.42581	0.16748	0.19149	-0.98810
855.854	-0.42839	0.22214	0.18938	-1.05654
859.854	-0.43673	0.22157	0.21425	-1.05678
863.875	-0.47808	0.23134	0.19675	-1.08234
867.901	-0.45137	0.26975	0.22383	-1.09412
871.883	-0.42758	0.31319	0.20700	-1.06722
875.863	-0.43068	0.35073	0.24775	-1.06205
879.868	-0.40179	0.34415	0.25954	-1.06396
883.863	-0.36809	0.33205	0.24721	-1.04528
887.857	-0.33767	0.33558	0.22373	-1.03502
891.856	-0.33945	0.36701	0.25222	-1.01746
895.867	-0.31759	0.38788	0.24530	-1.01706
899.858	-0.32541	0.32817	0.23616	-1.00335
903.861	-0.33546	0.42523	0.21169	-1.00621
907.858	-0.33784	0.45743	0.18119	-0.99486
911.956	-0.33702	0.43606	0.17213	-0.99346
915.890	-0.33987	0.40282	0.16668	-0.97779
919.863	-0.40296	0.46386	0.15521	-1.00012
923.856	-0.45770	0.48471	0.12007	-0.99044
927.857	-0.48964	0.64292	0.11153	-0.99531
931.855	-0.55513	0.57802	0.12424	-1.02561
935.861	-0.63292	0.58174	0.11304	-1.04240
939.857	-0.61962	0.57287	0.12595	-1.01709
943.859	-0.62948	0.52430	0.11165	-0.98828
947.853	-0.67062	0.49105	0.12555	-0.98169
951.863	-0.68459	0.57425	0.12803	-1.03289
955.863	-0.68116	0.48121	0.13900	-0.96915
959.864	-0.69417	0.43569	0.15077	-0.95037
963.866	-0.62732	0.43865	0.21460	-0.94047
967.856	-0.60476	0.45160	0.32116	-0.86236
971.865	-0.53438	0.33189	0.32980	-0.83744
975.856	-0.48919	0.30210	0.38065	-0.78611
979.911	-0.43452	0.23847	0.44033	-0.66514
983.894	-0.35757	0.33279	0.43346	-0.67657
987.857	-0.32317	0.24178	0.53855	-0.61449
991.856	-0.24321	0.24118	0.52786	-0.59216
995.875	-0.17896	0.21482	0.56362	-0.56485
999.872	-0.13923	0.16540	0.56488	-0.46032
1003.864	-0.10652	0.17501	0.58248	-0.47098
1007.858	-0.07686	0.12931	0.55059	-0.43364
1011.852	-0.04624	0.10847	0.51078	-0.43297
1015.873	-0.07832	0.08630	0.50912	-0.40524
1019.853	-0.04978	0.11508	0.53508	-0.43257
1023.868	-0.03663	0.12854	0.51175	-0.47628
1027.853	-0.05207	0.05656	0.51684	-0.51076
1031.856	-0.07850	0.09450	0.51113	-0.55606
1035.848	-0.13183	0.05012	0.52560	-0.56826
1039.866	-0.12213	0.05193	0.52136	-0.14690
1043.857	-0.17983	0.01126	0.52069	0.29335
1047.856	-0.31384	-0.04532	0.55419	-0.61777
1051.855	-0.55793	-0.31196	0.65067	-0.87794
1055.852	-0.75154	-0.96954	0.65260	-1.92305
1059.860	-0.94435	-1.21652	0.63300	-2.91472
1063.852	-0.93078	-1.36021	0.57257	-3.09527
1067.871	-0.82488	-0.87523	0.51413	-2.90085
1071.851	-0.97293	-0.13161	0.53845	-1.92296
1075.853	-1.05615	-0.27993	0.46391	-1.85942
1079.872	-1.15657	-0.38371	0.43755	-1.94948
1083.849	-1.17721	-0.40333	0.38923	-2.11651
1087.862	-1.18019	-0.29338	0.42442	-1.84267
1091.849	-1.22357	-0.26384	0.39973	-1.79465
1095.857	-1.20308	-0.50213	0.36412	-1.77167
1099.852	-1.19862	-0.00313	0.33573	-1.68823
1103.862	-1.17686	-0.21227	0.33288	-1.46682
1107.849	-1.12678	-0.21632	0.35998	-1.33997
1111.854	-1.06691	-0.26788	0.41539	-1.39407
1115.882	-1.08190	-0.35577	0.45048	-1.17357
1119.877	-1.00328	-0.30092	0.47783	-0.99001
1123.856	-1.05940	-0.35341	0.51374	-0.89282
1127.850	-1.02223	-0.36929	0.55280	-0.91045
1131.856	-1.00700	-0.33176	0.57198	-0.85048
1135.853	-0.98378	-0.39779	0.60017	-0.86200
1139.860	-0.92455	-0.58545	0.60838	-0.82789
1143.857	-0.93249	-0.62311	0.65146	-0.85203
1147.852	-0.94326	-0.47899	0.61987	-0.88041
1151.867	-1.01744	-0.51160	0.59421	-0.92314
1155.861	-1.01164	-0.51980	0.54821	-0.92787
1159.853	-1.04220	-0.48442	0.55076	-0.97959
1163.862	-1.07919	-0.56413	0.52478	-0.98401
1167.848	-1.01705	-0.59659	0.53342	-1.02152
1171.889	-0.95976	-0.76478	0.52438	-1.03921
1175.863	-0.87342	-0.81662	0.51309	-1.02900
1179.855	-0.81620	-0.93947	0.52798	-1.03881
1183.926	-0.77280	-0.76571	0.52471	-1.08094
1187.860	-0.67012	-0.82803	0.54811	-1.09571
1191.853	-0.75439	-0.97550	0.52438	-1.20652
1195.852	-0.73858	-0.86891	0.54245	-1.14966
1199.848	-0.87543	-0.82755	0.33096	-1.05526
1203.865	-1.69557	-0.58917	0.04023	-1.15150
1207.855	-2.22131	-0.23187	-0.84126	-1.08651
1211.854	-1.69820	0.18256	-0.57034	-1.16141
1215.850	-1.67997	-0.19655	-0.46373	-1.21289
1219.856	-1.61369	-0.21399	-0.47850	-1.19115
1223.855	-1.72634	-0.26840	-0.57364	-1.19648
1227.854	-1.75535	-0.40420	-0.55863	-1.15249
1231.849	-1.86114	-0.23199	-0.55002	-1.16099
1235.849	-1.80995	-0.12503	-0.62933	-1.08229
1239.853	-1.82961	-0.28231	-0.69129	-1.04357
1243.853	-1.94350	-0.29809	-0.68930	-1.01873
1247.853	-1.92446	-0.37205	-0.70580	-0.97315
1251.857	-1.89508	-0.42890	-0.65727	-0.97823
1255.909	-1.91980	-0.45326	-0.64972	-0.88316
1259.849	-1.97594	-0.51853	-0.66422	-0.84806
1263.846	-1.99620	-0.61604	-0.73833	-0.81001
1267.849	-2.02381	-0.64525	-0.73441	-0.81930
1271.861	-1.98579	-0.70789	-0.77203	-0.78911
1275.851	-1.95376	-0.78845	-0.82947	-0.75800
1279.851	-1.96965	-0.85648	-0.83709	-0.70029
1283.859	-1.98422	-0.91578	-0.77493	-0.66902
1287.861	-1.97845	-0.96301	-0.72970	-0.67092
1291.855	-1.94659	-0.95958	-0.72082	-0.68304
1295.849	-1.93792	-0.99459	-0.67238	-0.63068
1299.848	-1.90904	-0.99575	-0.70556	-0.58113
1303.861	-1.87790	-1.00652	-0.67769	-0.56454
1307.857	-1.85901	-0.99153	-0.67352	-0.56084
1311.854	-1.87143	-0.99555	-0.58292	-0.52333
1315.848	-1.88732	-1.00107	-0.50644	-0.51626
1319.852	-1.93556	-1.02592	-0.40805	-0.49855
1323.850	-1.86898	-1.02003	-0.33283	-0.51950
1327.865	-1.87081	-1.00046	-0.31970	-0.52472
1331.853	-1.94030	-0.95750	-0.33628	-0.52171
1335.856	-1.88799	-0.89419	-0.40383	-0.49345
1339.849	-1.90468	-0.90545	-0.45269	-0.52588
1343.861	-1.87227	-0.88635	-0.44455	-0.56016
1347.853	-1.96266	-0.90532	-0.51932	-0.56570
1351.851	-1.98303	-0.89855	-0.57205	-0.56232
1355.844	-2.03952	-0.86694	-0.75163	-0.57059
1359.858	-2.04929	-0.82706	-0.75943	-0.60401
1363.846	-2.07898	-0.80798	-0.88004	-0.63601
1367.850	-2.10602	-0.77485	-0.78211	-0.63136
1371.849	-2.00797	-0.70924	-0.75062	-0.63521
1375.860	-1.97032	-0.67502	-0.67769	-0.67085
1379.855	-1.86516	-0.63285	-0.68657	-0.71018
1383.853	-1.99620	-0.55058	-0.74553	-0.69881
1387.861	-1.94967	-0.51546	-0.72471	-0.69099
1391.878	-1.89610	-0.47760	-0.69099	-0.69914
1395.846	-1.89791	-0.46531	-0.72982	-0.70637
1399.851	-1.91437	-0.41949	-0.61203	-0.71066
1403.846	-1.86920	-0.45141	-0.60218	-0.68296
1407.850	-1.80697	-0.40968	-0.54989	-0.64500
1411.868	-1.79765	-0.41800	-0.52734	-0.62202
1415.846	-1.82237	-0.44412	-0.51478	-0.64366
1419.850	-1.82611	-0.53457	-0.58595	-0.62413
1423.847	-1.87354	-0.61273	-0.52927	-0.60123
1427.853	-1.87545	-0.68807	-0.51525	-0.61094
1431.847	-1.89107	-0.82255	-0.49495	-0.64620
1435.847	-1.90869	-0.89244	-0.49453	-0.68836
1439.846	-1.93492	-1.01545	-0.44902	-0.74057
1443.851	-1.89627	-1.00641	-0.49570	-0.78841
1447.847	-1.93489	-1.02714	-0.48579	-0.91598
1451.846	-1.97870	-1.09757	-0.52334	-0.92648
1455.853	-1.98442	-1.10392	-0.53195	-0.99271
1459.854	-2.01181	-1.13585	-0.57674	-1.02020
1463.843	-2.04738	-1.14295	-0.55890	-1.02365
1467.866	-2.08961	-1.14592	-0.58724	-1.00936
1471.848	-2.12486	-1.17442	-0.62553	-0.98519
1475.845	-2.17519	-1.17525	-0.67868	-0.93093
1479.840	-2.21680	-1.15285	-0.67630	-0.89771
1483.859	-2.24829	-1.11455	-0.71034	-0.90004
1487.844	-2.26103	-1.08285	-0.71173	-0.82529
1491.847	-2.19514	-1.11958	-0.76910	-0.79232
1495.859	-2.13651	-1.10024	-0.77950	-0.75612
1499.850	-2.08151	-1.12910	-0.73677	-0.67514
1503.841	-2.08441	-1.17681	-0.73417	-0.60848
1507.856	-2.04812	-1.17609	-0.71992	-0.57693
1511.722	-2.05256	-1.16980	-0.71511	-0.57236
1515.728	-2.02708	-1.18335	-0.68427	-0.53013
1519.719	-1.96122	-1.19966	-0.66883	-0.48528
1523.853	-1.94816	-1.27987	-0.64285	-0.51465
1527.725	-1.94873	-1.33341	-0.61461	-0.43552
1531.725	-1.88303	-1.36350	-0.62238	-0.31318
1535.720	-1.91308	-1.35399	-0.54136	-0.32364
1539.723	-1.87877	-1.44749	-0.51657	-0.27040
1543.724	-1.86868	-1.49320	-0.50247	-0.24192
1547.727	-1.57240	-1.76106	0.08033	-0.43189
1551.722	-0.89835	-2.19780	1.09128	-1.26464
1555.721	-0.17511	-2.80057	1.17897	-2.16694
1559.719	0.13503	-2.27332	1.41648	-2.69513
1563.725	0.44368	-2.30578	1.49188	-2.91290
1567.720	1.18435	-2.45768	1.73911	-3.05886
1571.723	1.62770	-2.46922	1.73388	-2.97976
1575.716	1.48701	-2.42797	1.72716	-2.92879
1579.746	1.09386	-2.41126	1.66237	-2.91665
1583.728	1.12216	-2.43475	1.74367	-2.92158
1587.729	1.15295	-2.56458	1.75994	-2.87302
1591.743	1.31853	-2.60332	1.77345	-2.90483
1595.719	1.36734	-2.83705	1.80967	-2.90557
1599.724	1.33026	-2.87397	1.83707	-2.93884
1603.718	1.35239	-2.79928	1.82358	-2.86814
1607.721	1.38647	-2.82581	1.88980	-2.83771
1611.723	1.42097	-3.00324	1.96888	-2.86775
1615.728	1.34616	-3.18213	2.11217	-2.83752
1619.720	1.34678	-3.18537	2.29173	-2.87498
1623.722	1.37846	-3.33016	2.35169	-2.96230
1627.725	1.43533	-3.38640	2.43335	-3.01654
1631.727	1.42067	-3.43167	2.37736	-2.99512
1635.743	1.38669	-3.47333	2.43793	-3.09550
1639.723	1.35757	-3.48743	2.53558	-3.10725
1643.721	1.31801	-3.51622	2.51760	-3.15734
1647.730	1.28544	-3.55183	2.54026	-3.22534
1651.720	1.22660	-3.59893	2.53112	-3.26187
1655.720	1.17396	-3.64312	2.49800	-3.27964
1659.734	1.04801	-3.61286	2.45495	-3.31815
1663.725	1.06371	-3.61475	2.39490	-3.34505
1667.727	0.99241	-3.57355	2.33586	-3.34343
1671.719	0.98035	-3.55520	2.26108	-3.33947
1675.716	0.92974	-3.53740	2.18530	-3.38151
1679.726	0.95276	-3.51102	2.16877	-3.37108
1683.714	0.96102	-3.48178	2.08134	-3.35999
1687.730	1.01824	-3.44607	2.04265	-3.35980
1691.717	1.05709	-3.43375	1.98735	-3.34271
1695.721	1.10599	-3.38089	1.94605	-3.33487
1699.713	1.15010	-3.29009	1.85170	-3.30904
1703.732	1.14320	-3.24407	1.93849	-3.33764
1707.730	1.15979	-3.15320	1.98276	-3.35042
1711.718	1.18078	-3.13401	2.06676	-3.41169
1715.723	1.15697	-3.04156	2.16022	-3.44365
1719.721	1.21045	-2.97461	2.11799	-3.42284
1723.722	1.31890	-2.95826	2.11217	-3.41550
1727.719	1.39909	-3.01177	2.12003	-3.43793
1731.717	1.52796	-2.96790	2.19747	-3.41897
1735.725	1.59576	-3.01029	2.24180	-3.41528
1739.715	1.68778	-2.98127	2.26737	-3.39521
1743.715	1.60682	-3.02640	2.25149	-3.39398
1747.719	1.59720	-3.01638	2.23432	-3.35921
1751.721	1.78515	-3.09643	2.18597	-3.32017
1755.724	1.77576	-3.16239	2.17138	-3.31936
1759.716	1.76381	-3.29685	2.17658	-3.31858
1763.736	1.81681	-3.37774	2.21427	-3.38922
1767.712	1.79755	-3.48454	2.25380	-3.52626
1771.727	1.77308	-3.60662	2.27097	-3.60818
1775.717	1.72664	-3.55025	2.26353	-3.62225
1779.722	1.67747	-3.66023	2.23452	-3.65301
1783.719	1.64982	-3.58760	2.21670	-3.54344
1787.722	1.59621	-3.57354	2.25085	-3.59421
1791.744	1.63745	-3.55122	2.24064	-3.64991
1795.716	1.59147	-3.55133	2.28975	-3.65812
1799.775	1.56781	-3.53271	2.31158	-3.66521
1803.714	1.53914	-3.47401	2.31259	-3.66288
1807.716	1.53104	-3.38410	2.34483	-3.79074
1811.713	1.47714	-3.37364	2.29572	-3.81265
1815.729	1.47000	-3.34746	2.31101	-3.64456
1819.717	1.44974	-3.31644	2.32932	-3.59362
1823.726	1.41167	-3.31957	2.35194	-3.79408
1827.715	1.38009	-3.38014	2.39153	-3.76770
1831.725	1.34053	-3.45906	2.39398	-3.78831
1835.719	1.29665	-3.55426	2.43112	-3.83860
1839.717	1.27502	-3.60908	2.42525	-3.94473
1843.715	1.22491	-3.66633	2.40597	-3.97965
1847.724	1.17629	-3.68768	2.40308	-4.02006
1851.721	1.13953	-3.75638	2.38893	-3.99967
1855.717	1.11291	-3.79992	2.38697	-3.97052
1859.714	1.05669	-3.83554	2.39163	-4.01885
1863.715	0.99469	-3.86096	2.37528	-4.05850
1867.728	0.97710	-3.86266	2.42223	-4.07412
1871.714	0.95356	-3.83939	2.40820	-4.09860
1875.719	0.93907	-3.82279	2.43858	-4.13382
1879.739	0.92138	-3.80428	2.46840	-4.16095
1883.723	0.90927	-3.78863	2.46543	-4.17158
1887.712	0.89515	-3.74916	2.50774	-4.20117
1891.719	0.89242	-3.74964	2.53189	-4.22411
1895.723	0.88386	-3.71125	2.54080	-4.22107
1899.716	0.86925	-3.70517	2.57699	-4.27538
1903.717	0.89331	-3.67298	2.61989	-4.29741
1907.715	0.92487	-3.65128	2.63286	-4.32528
1911.709	0.94100	-3.63879	2.63128	-4.32824
1915.724	0.93495	-3.63132	2.64292	-4.36007
1919.729	0.94631	-3.62010	2.63353	-4.41360
1923.713	0.91823	-3.60394	2.62917	-4.40540
1927.712	0.91329	-3.61157	2.64941	-4.44920
1931.715	0.90329	-3.63511	2.64968	-4.43923
1935.715	0.90465	-3.61729	2.63405	-4.43524
1939.719	0.87731	-3.61962	2.66154	-4.46633
1943.715	0.87828	-3.57829	2.63913	-4.45348
1947.714	0.88029	-3.56329	2.61902	-4.46043
1951.715	0.86178	-3.57187	2.60810	-4.48596
1955.719	0.82664	-3.57354	2.61058	-4.49666
1959.719	0.80833	-3.57724	2.61538	-4.49861
1963.718	0.82922	-3.55517	2.63504	-4.52245
1967.726	0.83997	-3.56472	2.63720	-4.56203
1971.719	0.84049	-3.53053	2.64696	-4.53999
1975.712	0.84898	-3.50201	2.64842	-4.59452
1979.716	0.85148	-3.45817	2.57444	-4.57962
1983.716	0.66062	-3.33603	1.95091	-4.37874
1987.713	0.17822	-2.47531	0.17722	-3.38190
1991.714	-1.65500	-1.61471	0.41926	-2.42126
1995.730	-1.59286	-1.50295	0.02127	-1.39620
1999.719	-1.84971	-1.57812	-0.16978	-1.10570
2003.717	-2.22057	-1.81604	-0.29610	-1.11838
2007.710	-2.36839	-1.76131	-0.39916	-1.35399
2011.716	-2.35841	-1.75735	-0.42425	-1.37731
2015.746	-2.30603	-1.70753	-0.42713	-1.31021
2019.732	-2.29111	-1.59834	-0.44217	-1.30620
2023.716	-2.28670	-1.54637	-0.47510	-1.28998
2027.712	-2.31478	-1.50977	-0.51143	-1.28538
2031.711	-2.37255	-1.52866	-0.61094	-1.25280
2035.719	-2.35506	-1.56207	-0.62223	-1.19132
2039.716	-2.39319	-1.55977	-0.65888	-1.17515
2043.723	-2.42555	-1.56544	-0.64285	-1.14746
2047.711	-2.39644	-1.55143	-0.59925	-1.12628
2051.724	-2.31222	-1.60986	-0.59516	-1.09051
2055.719	-2.30801	-1.56575	-0.55632	-1.05150
2059.714	-2.26341	-1.55352	-0.55032	-0.99489
2063.708	-2.24212	-1.57411	-0.52009	-0.91545
2067.714	-2.18305	-1.59159	-0.52994	-0.87396
2071.720	-2.25060	-1.60732	-0.52190	-0.84316
2075.710	-2.21479	-1.55248	-0.49287	-0.75169
2079.717	-2.16813	-1.50962	-0.46105	-0.74909
2083.715	-2.16042	-1.51856	-0.45899	-0.71950
2087.711	-2.17504	-1.52301	-0.44051	-0.75508
2091.709	-2.16102	-1.52531	-0.43882	-0.74946
2095.710	-2.17447	-1.51560	-0.41946	-0.76693
2099.713	-2.17341	-1.50202	-0.40559	-0.77957
2103.712	-2.20557	-1.54010	-0.36365	-0.80487
2107.717	-2.20057	-1.57636	-0.37782	-0.84203
2111.710	-2.19465	-1.58292	-0.35059	-0.90854
2115.709	-2.14991	-1.61768	-0.33347	-0.95746
2119.712	-2.12540	-1.65877	-0.31662	-1.02080
2123.717	-2.08488	-1.68759	-0.33551	-1.05456
2127.722	-2.04408	-1.70892	-0.28955	-1.11580
2131.707	-2.02413	-1.71182	-0.28240	-1.16880
2135.736	-1.97111	-1.73287	-0.30918	-1.19056
2139.725	-1.93519	-1.76796	-0.28880	-1.20333
2143.713	-1.93068	-1.72926	-0.29044	-1.25963
2147.709	-1.87964	-1.69279	-0.29674	-1.30051
2151.714	-1.85978	-1.68256	-0.26609	-1.29510
2155.723	-1.86791	-1.71305	-0.21145	-1.30604
2159.716	-1.88586	-1.67551	-0.17303	-1.29702
2163.713	-1.89602	-1.68853	-0.13722	-1.29668
2167.715	-1.91489	-1.64372	-0.07959	-1.31245
2171.712	-1.92300	-1.63885	-0.05274	-1.36560
2175.713	-1.93130	-1.61633	-0.12970	-1.38874
2179.711	-1.93584	-1.60489	-0.18348	-1.41618
2183.721	-1.94377	-1.57188	-0.17988	-1.45552
2187.710	-1.87684	-1.61475	-0.14625	-1.48611
2191.717	-1.87081	-1.64483	-0.11228	-1.51472
2195.708	-1.84830	-1.63209	-0.19184	-1.53679
2199.708	-1.88368	-1.60464	-0.22899	-1.56879
2203.761	-1.85832	-1.54895	-0.29319	-1.48138
2207.726	-1.90502	-1.45489	-0.33754	-1.41609
2211.715	-1.92044	-1.48052	-0.38417	-1.33587
2215.712	-1.97860	-1.42105	-0.51185	-1.24390
2219.704	-2.03077	-1.36876	-0.50091	-1.07630
2223.717	-2.20017	-1.28384	-0.52255	-0.98106
2227.719	-2.23704	-1.20548	-0.51488	-0.76220
2231.712	-2.29917	-1.17497	-0.54247	-0.73864
2235.704	-2.36306	-1.19123	-0.57650	-0.65566
2239.717	-2.35729	-1.10226	-0.64662	-0.53692
2243.715	-2.38928	-1.06384	-0.70742	-0.54285
2247.711	-2.41853	-1.03982	-0.75737	-0.48326
2251.707	-2.41405	-1.06258	-0.80201	-0.45193
2255.722	-2.47120	-1.04211	-0.84506	-0.41398
2259.718	-2.55559	-1.00176	-0.83746	-0.36929
2263.708	-2.61503	-0.97179	-0.86146	-0.31135
2267.712	-2.66008	-0.93900	-0.88093	-0.28483
2271.713	-2.60624	-0.86439	-0.92291	-0.28476
2275.735	-2.56342	-0.90547	-0.93574	-0.25390
2279.719	-2.53434	-0.81207	-0.96948	-0.26267
2283.713	-2.53464	-0.77600	-0.97670	-0.23944
2287.706	-2.50093	-0.75393	-0.96214	-0.22880
2291.728	-2.48336	-0.72088	-0.96398	-0.22155
2295.713	-2.48904	-0.62933	-0.94008	-0.18689
2299.709	-2.47799	-0.69993	-0.89351	-0.14147
2303.709	-2.45284	-0.71352	-0.88289	-0.11824
2307.708	-2.42151	-0.75859	-0.86840	-0.06708
2311.709	-2.38938	-0.75697	-0.87684	-0.03874
2315.713	-2.38348	-0.78590	-0.78168	0.00370
2319.707	-2.30254	-0.82928	-0.76067	0.00412
2323.723	-2.28797	-0.82584	-0.71806	0.00102
2327.704	-2.28536	-0.82105	-0.67774	-0.01568
2331.720	-2.26688	-0.85465	-0.64933	-0.01451
2335.712	-2.25605	-0.82117	-0.62541	0.04806
2339.711	-2.24837	-0.83686	-0.60516	0.06001
2343.719	-2.17732	-0.97061	-0.47969	-0.04244
2347.706	-1.74541	-1.21306	-0.19924	-0.37387
2351.709	-1.08862	-1.39349	0.80687	-2.13798
2355.704	0.33198	-1.68451	1.15106	-2.75168
2359.721	0.75032	-1.84018	1.41826	-2.82996
2363.590	1.01518	-2.18835	1.67169	-3.04705
2367.583	1.23871	-2.26825	2.13058	-3.24717
2371.580	1.34834	-2.35057	2.57575	-3.41922
2375.591	1.40457	-2.50481	2.74316	-3.43399
2379.615	1.39435	-2.57223	2.64814	-3.34630
2383.593	1.34105	-2.60102	2.45981	-3.26155
2387.585	1.32327	-2.59417	2.57402	-3.32270
2391.575	1.30005	-2.70087	2.54866	-3.32667
2395.589	1.31709	-2.77317	2.59817	-3.47751
2399.582	1.38746	-2.84432	2.63296	-3.56958
2403.578	1.47796	-2.84676	2.64849	-3.59913
2407.579	1.49830	-2.83474	2.67392	-3.61883
2411.586	1.49584	-2.81392	2.65141	-3.64385
2415.586	1.47010	-2.83725	2.61431	-3.65773
2419.579	1.48203	-2.81570	2.58888	-3.73344
2423.588	1.46373	-2.76851	2.56015	-3.73867
2427.579	1.53766	-2.74332	2.55728	-3.86594
2431.586	1.58425	-2.70164	2.55837	-3.91283
2435.578	1.61319	-2.67335	2.56547	-4.01149
2439.583	1.64466	-2.60480	2.57070	-4.02812
2443.576	1.69559	-2.56768	2.55827	-4.08880
2447.585	1.68255	-2.59436	2.55425	-4.14312
2451.596	1.68228	-2.60373	2.53268	-4.18773
2455.592	1.69235	-2.63488	2.53362	-4.24408
2459.575	1.71739	-2.64944	2.51046	-4.31345
2463.587	1.70462	-2.63774	2.54581	-4.41196
2467.594	1.71823	-2.62394	2.56765	-4.44218
2471.577	1.69408	-2.61909	2.53521	-4.44049
2475.592	1.67124	-2.63756	2.53241	-4.47512
2479.586	1.63350	-2.66594	2.54722	-4.50209
2483.584	1.58894	-2.68483	2.53300	-4.50066
2487.578	1.55740	-2.67070	2.58046	-4.58587
2491.582	1.56258	-2.63237	2.59978	-4.59971
2495.575	1.56382	-2.62959	2.60191	-4.61213
2499.588	1.56427	-2.61695	2.60414	-4.62734
2503.585	1.58763	-2.60341	2.62449	-4.63881
2507.583	1.59978	-2.61760	2.60726	-4.63949
2511.581	1.63286	-2.64425	2.61010	-4.68643
2515.585	1.65808	-2.66311	2.64817	-4.71114
2519.582	1.66405	-2.68607	2.66459	-4.73319
2523.575	1.68290	-2.66773	2.67801	-4.76930
2527.598	1.69475	-2.73840	2.69227	-4.76636
2531.585	1.71789	-2.74927	2.69381	-4.78440
2535.585	1.73199	-2.80507	2.69037	-4.79087
2539.577	1.74184	-2.84931	2.69765	-4.81939
2543.583	1.72991	-2.88845	2.72273	-4.88950
2547.585	1.70732	-2.96687	2.74160	-4.94564
2551.590	1.69609	-3.02227	2.75913	-4.99612
2555.580	1.67008	-3.08559	2.76884	-4.99145
2559.580	1.69116	-3.20606	2.76636	-5.08330
2563.578	1.69639	-3.21484	2.76913	-5.20090
2567.583	1.68768	-3.26848	2.78025	-5.11291
2571.578	1.70720	-3.28095	2.77782	-5.16783
2575.582	1.70675	-3.30940	2.77220	-5.13937
2579.613	1.69126	-3.39393	2.76054	-5.14178
2583.585	1.64932	-3.42366	2.76633	-5.13585
2587.585	1.62053	-3.44672	2.75856	-5.10429
2591.580	1.61763	-3.45183	2.75049	-5.11462
2595.580	1.59016	-3.40680	2.74284	-5.10426
2599.584	1.57674	-3.43653	2.73521	-5.11158
2603.580	1.51005	-3.36280	2.74046	-5.07324
2607.580	1.47000	-3.31203	2.73070	-5.09783
2611.585	1.43632	-3.24548	2.70201	-5.10706
2615.584	1.39088	-3.23160	2.69658	-5.10874
2619.575	1.35886	-3.15081	2.68673	-5.12134
2623.574	1.33366	-3.11683	2.70461	-5.14879
2627.580	1.32503	-3.07151	2.69450	-5.16048
2631.583	1.29092	-3.08104	2.69255	-5.17408
2635.614	1.25813	-3.04051	2.68328	-5.16185
2639.583	1.24012	-3.04310	2.67977	-5.14818
2643.576	1.22204	-2.99142	2.67630	-5.13672
2647.577	1.21911	-2.97210	2.66716	-5.13338
2651.586	1.21325	-2.96009	2.68559	-5.11427
2655.576	1.21941	-2.96439	2.69408	-5.07220
2659.578	1.19614	-2.94697	2.69056	-5.00096
2663.572	1.19403	-2.94019	2.69817	-4.93843
2667.579	1.18979	-2.93595	2.71085	-4.94141
2671.581	1.17917	-2.92831	2.73573	-4.88077
2675.576	1.21164	-2.89484	2.77639	-4.90724
2679.611	1.23444	-2.88669	2.79379	-4.89315
2683.599	1.21846	-2.87244	2.81553	-4.90988
2687.585	1.18086	-2.88444	2.77037	-4.87176
2691.575	1.17180	-2.89402	2.71399	-4.87196
2695.579	1.17599	-2.92016	2.70839	-4.84187
2699.572	1.20874	-2.95457	2.77049	-4.88782
2703.575	1.24667	-2.96877	2.82816	-4.94964
2707.588	1.23109	-3.00523	2.84128	-4.98897
2711.581	1.23620	-3.01992	2.89171	-5.06037
2715.582	1.24131	-3.01436	2.94955	-5.14781
2719.608	1.19271	-2.96744	2.94567	-5.14554
2723.588	1.20871	-2.96740	2.96361	-5.19463
2727.574	1.25920	-2.95818	2.84712	-5.08214
2731.578	1.29375	-2.93433	2.84187	-5.12444
2735.581	1.35157	-2.93498	2.88364	-5.09123
2739.579	1.40648	-2.91459	2.84405	-5.07410
2743.578	1.42146	-2.92114	2.82088	-4.98953
2747.585	1.44334	-2.94438	2.70339	-4.87336
2751.575	1.47491	-2.95035	2.72038	-4.83014
2755.584	1.42174	-2.96405	2.67880	-4.68420
2759.573	1.43034	-3.00829	2.58308	-4.66350
2763.590	1.44235	-3.02576	2.55292	-4.61359
2767.569	1.45991	-3.06943	2.50023	-4.53055
2771.586	1.44612	-3.06053	2.48317	-4.48457
2775.570	1.48218	-3.07963	2.49060	-4.45920
2779.599	1.47107	-3.07494	2.47353	-4.37893
2783.577	1.41519	-3.02094	2.50516	-4.33385
2787.577	1.35586	-3.00273	2.47110	-4.34799
2791.572	1.31424	-2.93272	2.47464	-4.32223
2795.581	1.27413	-2.86630	2.46156	-4.25552
2799.570	1.25838	-2.80196	2.44266	-4.27041
2803.580	1.23516	-2.75021	2.41383	-4.21312
2807.575	1.19949	-2.74286	2.32124	-4.15235
2811.572	1.19420	-2.67770	2.19395	-4.12399
2815.675	1.18359	-2.61523	2.19626	-4.07867
2819.587	1.13990	-2.57231	2.07474	-4.03328
2823.574	1.09723	-2.55372	2.12245	-4.01601
2827.575	1.09028	-2.54433	2.08315	-4.03252
2831.579	1.09909	-2.52456	2.04790	-4.00948
2835.577	1.08487	-2.51344	2.01350	-3.98503
2839.586	1.11571	-2.50821	1.98393	-3.99231
2843.569	1.13925	-2.50315	1.97431	-3.98893
2847.576	1.14779	-2.50198	2.05526	-4.06598
2851.573	0.84044	-2.39708	2.02988	-3.97377
2855.571	0.28811	-2.17259	1.57488	-3.09859
2859.570	-2.38635	-1.58486	0.23368	-1.85929
2863.576	-2.74143	-1.88574	-0.54821	-0.95723
2867.581	-2.76884	-1.53860	-0.50307	-0.47668
2871.582	-2.76901	-1.45001	-0.49401	-0.56128
2875.576	-2.71612	-1.60442	-0.33092	-0.47463
2879.578	-2.69475	-1.56298	-0.31707	-0.53659
2883.588	-2.62392	-1.63361	-0.23207	-0.47304
2887.580	-2.61221	-1.50435	-0.27669	-0.83653
2891.575	-2.65562	-1.47212	-0.31930	-0.72189
2895.571	-2.63507	-1.43595	-0.37137	-0.71285
2899.575	-2.67001	-1.38960	-0.43294	-0.65975
2903.578	-2.70223	-1.37351	-0.40139	-0.68174
2907.575	-2.68866	-1.35866	-0.40661	-0.63018
2911.576	-2.66741	-1.34953	-0.38933	-0.63168
2915.573	-2.63034	-1.33863	-0.38636	-0.62330
2919.593	-2.61704	-1.34525	-0.43693	-0.71679
2923.581	-2.61488	-1.24970	-0.48758	-0.72516
2927.574	-2.60300	-1.16756	-0.53108	-0.75551
2931.573	-2.57491	-1.17975	-0.58009	-0.69911
2935.573	-2.51745	-1.15362	-0.59317	-0.68197
2939.575	-2.50747	-1.12827	-0.62047	-0.66027
2943.575	-2.47355	-1.11596	-0.62223	-0.64738
2947.572	-2.43303	-1.11696	-0.65516	-0.64174
2951.609	-2.40268	-1.11952	-0.69280	-0.66180
2955.588	-2.37082	-1.13888	-0.71441	-0.73574
2959.572	-2.33804	-1.13682	-0.73270	-0.75183
2963.581	-2.35771	-1.10355	-0.73240	-0.78728
2967.571	-2.34052	-1.16362	-0.71327	-0.67892
2971.573	-2.35162	-1.19208	-0.70387	-0.65967
2975.581	-2.40070	-1.19740	-0.71129	-0.65298
2979.573	-2.45911	-1.25655	-0.62848	-0.68522
2983.576	-2.47923	-1.26591	-0.62818	-0.66532
2987.597	-2.51945	-1.34024	-0.57538	-0.72105
2991.579	-2.52845	-1.38573	-0.53870	-0.61251
2995.567	-2.56275	-1.50763	-0.45760	-0.53104
2999.573	-2.63950	-1.50960	-0.39142	-0.46113
3003.571	-2.65503	-1.57762	-0.40919	-0.31100
3007.581	-2.65557	-1.64610	-0.42576	-0.28322
3011.570	-2.69267	-1.73540	-0.47383	-0.24518
3015.585	-2.67964	-1.74502	-0.46626	-0.21963
3019.600	-2.68512	-1.81266	-0.46073	-0.18564
3023.605	-2.67553	-1.88136	-0.52711	-0.17466
3027.572	-2.71263	-1.93741	-0.60774	-0.16606
3031.574	-2.80003	-1.98786	-0.68213	-0.23928
3035.570	-2.62306	-2.00358	-0.73109	-0.15415
3039.575	-2.63247	-2.00901	-0.77434	-0.27473
3043.574	-2.62903	-2.08629	-0.86309	-0.26061
3047.573	-2.65966	-2.10580	-0.87257	-0.50745
3051.569	-2.62051	-2.11484	-0.92316	-0.62264
3055.570	-2.72162	-2.10944	-0.93157	-0.74615
3059.567	-2.76713	-2.10254	-0.98030	-0.81302
3063.572	-2.65914	-2.04985	-1.03441	-0.89269
3067.570	-2.71208	-2.01317	-1.03000	-0.96879
3071.583	-2.74155	-1.98638	-0.98998	-0.92819
3075.572	-2.70146	-1.88781	-0.88319	-0.96215
3079.581	-2.80818	-1.79003	-0.76933	-0.99097
3083.567	-2.75024	-1.59438	-0.87399	-0.97013
3087.573	-2.79981	-1.33152	-0.80439	-0.98617
3091.580	-2.65587	-1.34828	-0.82225	-0.89311
3095.569	-2.57174	-1.27049	-0.81173	-0.79318
3099.572	-2.48448	-1.17678	-0.80930	-0.69329
3103.566	-2.35405	-1.10216	-0.78947	-0.61672
3107.581	-2.34188	-1.01130	-0.68635	-0.62322
3111.577	-2.28378	-0.84332	-0.64345	-0.53523
3115.568	-2.26881	-0.80473	-0.57898	-0.47483
3119.570	-2.19893	-0.78471	-0.63761	-0.43415
3123.575	-2.22654	-0.67863	-0.62826	-0.40742
3127.577	-2.24193	-0.65442	-0.62335	-0.37112
3131.577	-2.20052	-0.71027	-0.48778	-0.28819
3135.575	-2.26125	-0.70312	-0.49115	-0.24557
3139.565	-2.29894	-0.68625	-0.45366	-0.22470
3143.580	-2.28232	-0.75460	-0.43830	-0.23449
3147.572	-2.32570	-0.73184	-0.41199	-0.23377
3151.566	-2.34966	-0.80962	-0.42643	-0.20517
3155.590	-2.33445	-0.83977	-0.41504	-0.24138
3159.571	-2.37572	-0.88700	-0.49175	-0.26510
3163.569	-2.36366	-0.94120	-0.53446	-0.27400
3167.573	-2.35484	-0.93964	-0.54977	-0.31562
3171.574	-2.32342	-0.96371	-0.58389	-0.35328
3175.608	-2.31212	-0.96146	-0.68042	-0.40878
3179.565	-2.35377	-0.93534	-0.72871	-0.53360
3183.579	-2.28551	-0.92000	-0.75082	-0.54523
3187.565	-2.28472	-0.84473	-0.80302	-0.60937
3191.570	-2.25223	-0.68063	-0.87267	-0.62086
3195.577	-2.27369	-0.65555	-0.92512	-0.68907
3199.576	-2.24693	-0.67545	-0.96996	-0.78671
3203.566	-2.22681	-0.62950	-1.01099	-0.86542
3207.572	-2.25137	-0.47496	-1.05208	-0.88742
3211.580	-2.25573	-0.52049	-1.13878	-0.91551
3215.573	-2.25761	-0.43568	-1.17642	-0.95134
3219.444	-2.23628	-0.38479	-1.19644	-1.00199
3223.575	-2.22530	-0.34529	-1.25024	-1.06751
3227.445	-2.22892	-0.37657	-1.28281	-1.11963
3231.439	-2.24061	-0.38461	-1.32421	-1.17357
3235.444	-2.30846	-0.37764	-1.33078	-1.26596
3239.441	-2.35625	-0.36981	-1.35973	-1.34570
3243.450	-2.37919	-0.39205	-1.34532	-1.31797
3247.444	-2.41066	-0.39621	-1.35851	-1.37391
3251.444	-2.41489	-0.49206	-1.37563	-1.48147
3255.440	-2.43731	-0.46698	-1.33557	-1.50520
3259.449	-2.46216	-0.53851	-1.28891	-1.55937
3263.445	-2.49070	-0.58003	-1.26143	-1.60298
3267.451	-2.48029	-0.58748	-1.24771	-1.58328
3271.444	-2.48584	-0.60957	-1.23290	-1.58565
3275.437	-2.48470	-0.65671	-1.20993	-1.63295
3279.444	-2.46186	-0.71593	-1.17855	-1.67768
3283.447	-2.38933	-0.73026	-1.13161	-1.69272
3287.439	-2.36698	-0.76113	-1.12715	-1.71375
3291.469	-2.33593	-0.79292	-1.08860	-1.73288
3295.447	-2.32139	-0.77933	-1.02826	-1.73600
3299.447	-2.24024	-0.77344	-1.00201	-1.74346
3303.442	-2.23571	-0.75062	-0.98613	-1.78462
3307.443	-2.18738	-0.72937	-0.94765	-1.81254
3311.451	-2.18384	-0.75636	-0.90470	-1.85860
3315.450	-2.17294	-0.78452	-0.88691	-1.86718
3319.438	-2.14017	-0.75723	-0.86404	-1.88401
3323.444	-2.09219	-0.73165	-0.87317	-1.84685
3327.444	-2.04661	-0.63792	-0.85701	-1.66086
3331.449	-2.05031	-0.36445	-0.88277	-0.78559
3335.440	-2.07876	0.75371	-0.89379	0.64580
3339.444	-2.15633	1.70413	-0.92095	2.04552
3343.445	-2.27131	2.59669	-0.99700	2.74317
3347.451	-2.45976	3.07523	-1.09663	3.15438
3351.440	-2.51153	3.42600	-1.10777	3.79817
3355.443	-2.62420	3.47519	-1.09462	4.11169
3359.480	-2.68378	3.41794	-1.07215	4.12344
3363.443	-2.66278	3.10407	-0.96720	3.82916
3367.444	-2.70473	3.01140	-0.91361	3.83036
3371.440	-2.71790	2.91125	-0.86788	3.91685
3375.443	-2.71912	3.01121	-0.85166	4.09439
3379.454	-2.72538	3.22229	-0.85724	4.19266
3383.451	-2.67224	3.18042	-0.80012	4.19180
3387.449	-2.57952	3.27558	-0.74315	4.28270
3391.444	-2.54980	3.25002	-0.73811	4.34716
3395.441	-2.55116	3.28376	-0.73960	4.47192
3399.440	-2.55443	3.35805	-0.72518	4.53155
3403.443	-2.51021	3.33855	-0.73412	4.45365
3407.437	-2.49035	3.36534	-0.74690	4.54935
3411.435	-2.46394	3.44457	-0.77399	4.53999
3415.450	-2.47236	3.46756	-0.83625	4.56493
3419.439	-2.47774	3.48627	-0.87964	4.55745
3423.453	-2.48792	3.50897	-0.92594	4.57327
3427.699	-2.51098	3.52427	-0.97375	4.56466
3431.444	-2.53280	3.56091	-1.00268	4.51922
3435.444	-2.53065	3.61719	-1.03101	4.47369
3439.444	-2.50655	3.64621	-1.08319	4.42536
3443.438	-2.48054	3.61310	-1.09338	4.32835
3447.442	-2.46038	3.65210	-1.15473	4.28330
3451.453	-2.46687	3.61739	-1.16689	4.47478
3455.444	-2.47739	3.64615	-1.19941	4.63040
3459.439	-2.45750	3.62021	-1.16868	4.79036
3463.439	-2.45626	3.61722	-1.14211	4.89627
3467.445	-2.49183	3.60172	-1.10889	4.98229
3471.438	-2.48381	3.61727	-1.07634	4.93576
3475.440	-2.46674	3.62021	-1.02392	5.06874
3479.441	-2.47264	3.60726	-0.98526	5.06740
3483.443	-2.45607	3.61028	-0.93083	5.10458
3487.439	-2.45515	3.54536	-0.90155	5.19615
3491.438	-2.47333	3.25538	-0.87284	4.99083
3495.443	-2.53905	2.17261	-0.98199	3.34710
3499.440	-2.53952	1.04235	-0.90795	0.80026
3503.436	-2.64787	-0.28975	-0.82989	0.14041
3507.445	-2.67454	-0.82796	-0.85290	-0.81175
3511.441	-2.65384	-1.35481	-0.72786	-0.78547
3515.441	-2.61791	-1.25571	-0.74595	-0.28728
3519.440	-2.58432	-1.21190	-0.77471	0.09231
3523.439	-2.55103	-0.44219	-0.80707	0.54323
3527.434	-2.52686	-0.17055	-0.84716	0.11670
3531.455	-2.54846	-0.37857	-0.94393	0.19054
3535.439	-2.53043	-0.36544	-0.91937	0.13854
3539.449	-2.52555	-0.36264	-0.87217	0.07364
3543.432	-2.53761	-0.53707	-0.90917	-0.02291
3547.441	-2.52257	-0.58416	-0.91765	-0.14798
3551.448	-2.46919	-0.63187	-0.93743	-0.08415
3555.437	-2.46793	-0.59270	-0.98311	0.01724
3559.436	-2.47576	-0.58642	-1.00020	-0.04080
3563.440	-2.39544	-0.64407	-1.01246	-0.04127
3567.489	-2.22166	-0.64611	-1.01851	-0.08765
3571.440	-2.20337	-0.62606	-1.02226	-0.13228
3575.434	-2.20932	-0.70305	-1.01429	-0.16838
3579.479	-2.30992	-0.77201	-1.02094	-0.21307
3583.437	-2.29996	-0.80650	-1.08830	-0.24223
3587.448	-2.24641	-0.82773	-1.07532	-0.11665
3591.437	-2.20528	-0.86385	-1.05677	-0.09483
3595.439	-2.25308	-0.92598	-1.04024	-0.07784
3599.436	-2.15889	-0.95811	-1.07391	-0.14080
3603.439	-2.10907	-0.87537	-1.06215	-0.15019
3607.439	-2.03876	-0.60358	-1.09450	-0.13153
3611.435	-2.13465	-0.55984	-1.02506	-0.10321
3615.446	-2.17933	-0.63198	-1.01074	-0.05754
3619.440	-2.24770	-1.00474	-0.92882	-0.10085
3623.439	-2.22076	-0.79706	-0.96663	-0.19648
3627.434	-2.11636	-0.64472	-0.93708	-0.13938
3631.469	-2.18508	-0.49976	-0.93103	0.10945
3635.454	-2.07519	-0.57675	-0.98591	-0.08256
3639.433	-2.10253	-0.64969	-0.91460	-0.21688
3643.436	-2.12198	-0.60561	-0.88470	-0.30814
3647.436	-2.15462	-0.55815	-0.89220	-0.10264
3651.435	-2.11955	-0.49782	-0.93133	-0.24177
3655.436	-2.19155	-0.53847	-0.94160	-0.36461
3659.433	-2.27164	-0.60763	-0.84947	-0.04368
3663.438	-2.29357	-0.78652	-0.93477	-0.11004
3667.437	-2.29044	-0.47475	-1.08703	-0.22037
3671.437	-2.32312	-0.59450	-1.03151	-0.05831
3675.436	-2.25984	-0.44653	-0.99675	0.02333
3679.453	-2.21427	-0.38653	-0.80052	-0.03645
3683.429	-2.33566	-0.40865	-0.88944	-0.18240
3687.448	-2.33229	-0.58799	-1.04166	-0.39781
3691.434	-2.30392	-0.64588	-0.97876	-0.15514
3695.437	-2.33271	-0.95971	-0.94577	0.12883
3699.441	-2.31036	-0.74555	-0.82530	-0.02030
3703.438	-2.26661	-0.79999	-0.89609	-0.13916
3707.440	-2.09559	-0.63087	-1.12499	-0.35398
3711.434	-2.18040	-0.76312	-1.04895	-0.12708
3715.441	-2.14406	-0.59542	-0.90148	-0.13024
3719.442	-2.15812	-0.48309	-0.83121	0.08527
3723.441	-2.12193	-0.50296	-1.03491	0.11575
3727.436	-2.13076	-0.52183	-1.11038	-0.06502
3731.430	-2.10895	-0.54292	-0.97030	-0.13700
3735.450	-2.09725	-0.44082	-0.99447	-0.02701
3739.436	-2.11150	-0.49249	-0.90480	-0.32364
3743.444	-2.05831	-0.44056	-0.91220	-0.40354
3747.431	-1.93284	-0.51290	-0.91748	-0.74032
3751.436	-1.70450	-0.61033	-0.75580	-1.02903
3755.442	-1.92855	-1.05239	-0.72618	-1.09168
3759.439	-1.87297	-1.23713	-0.65667	-0.93163
3763.445	-1.91154	-0.97611	-0.62992	-1.03666
3767.466	-1.70631	-0.83825	-0.71369	-0.79998
3771.454	-1.67360	-0.71566	-0.74737	-0.88578
3775.435	-1.58743	-0.77396	-0.76059	-0.78936
3779.438	-1.60970	-0.89067	-0.69427	-0.69907
3783.437	-1.68327	-1.19925	-0.62789	-0.71324
3787.437	-1.62701	-1.18332	-0.72449	-0.88459
3791.437	-1.68647	-1.07940	-0.70171	-0.98232
3795.434	-1.65790	-0.87341	-0.82947	-1.11626
3799.438	-1.67635	-0.89647	-0.91225	-0.97894
3803.434	-1.67075	-0.87800	-0.85280	-0.84114
3807.436	-1.63174	-1.06952	-0.87146	-0.59872
3811.432	-1.63712	-1.09524	-0.75250	-0.67869
3815.434	-1.70792	-1.01093	-0.80106	-0.65376
3819.429	-1.71045	-0.89616	-0.79285	-0.56326
3823.439	-1.69807	-0.81226	-0.81521	-0.83253
3827.450	-1.72525	-1.01782	-0.81037	-1.32156
3831.433	-1.72173	-0.99848	-0.86483	-1.15115
3835.456	-1.72894	-1.19420	-0.87190	-0.74838
3839.444	-1.75124	-1.23384	-0.79518	-0.60440
3843.440	-1.75813	-1.15493	-0.76886	-0.59101
3847.430	-1.71816	-1.07024	-0.76059	-0.43039
3851.434	-1.72751	-0.94758	-0.64590	-0.54765
3855.436	-1.76770	-0.79286	-0.73124	-0.48727
3859.431	-1.75696	-0.94165	-0.68099	-0.42943
3863.442	-1.78022	-1.00630	-0.72290	-0.52834
3867.435	-1.77972	-1.09581	-0.66511	-0.65063
3871.432	-1.80928	-1.05830	-0.63652	-0.68780
3875.440	-1.73951	-1.10154	-0.58923	-0.64967
3879.433	-1.55016	-1.01392	-0.29009	-0.70508
3883.442	0.54215	-1.29136	0.78660	-1.50289
3887.432	1.21077	-1.57047	1.90239	-3.24312
3891.438	1.37268	-2.12071	1.83744	-4.14505
3895.434	1.77903	-2.21207	2.05948	-4.20515
3899.426	2.42852	-2.28103	1.99344	-3.45601
3903.433	2.46087	-2.33354	1.92612	-2.79843
3907.438	2.19742	-2.13365	1.77593	-2.25599
3911.432	1.84882	-2.18651	1.84880	-2.33190
3915.428	1.82864	-2.35476	1.76886	-2.66065
3919.428	2.32223	-2.43629	1.89637	-2.96993
3923.436	2.36138	-2.57106	1.89803	-3.18770
3927.439	2.10870	-2.66646	1.95596	-3.18143
3931.430	2.17170	-2.84281	1.97153	-3.56032
3935.429	2.27800	-2.93404	1.99612	-3.41001
3939.429	2.21938	-3.13557	1.97416	-3.34487
3943.447	2.27669	-2.95923	2.02582	-3.44078
3947.434	2.25598	-2.82244	2.01159	-3.44588
3951.432	2.29012	-2.86515	2.07174	-3.30561
3955.435	2.30192	-2.94108	2.23021	-2.97208
3959.435	2.27694	-2.95195	2.27322	-2.85743
3963.442	2.13643	-2.93271	2.31448	-2.90287
3967.434	1.90755	-2.94650	2.33053	-2.92680
3971.440	2.21660	-2.80505	2.31639	-2.98329
3975.505	2.18597	-2.76364	2.27766	-3.02789
3979.441	2.26217	-2.66631	2.27161	-3.00931
3983.432	2.24611	-2.63058	2.23075	-3.04488
3987.428	2.19606	-2.57992	2.18786	-3.09270
3991.429	2.08491	-2.65445	2.05494	-3.08106
3995.433	2.21990	-2.62875	2.01424	-3.13759
3999.430	2.29139	-2.62480	2.04433	-3.20433
4003.437	2.29329	-2.64150	1.96866	-3.27676
4007.432	2.32793	-2.62768	1.85767	-3.39068
4011.448	2.36074	-2.68044	1.83945	-3.49777
4015.436	2.35541	-2.69252	1.84423	-3.50504
4019.434	2.30761	-2.72355	1.79222	-3.51476
4023.429	2.29902	-2.79585	1.72170	-3.58014
4027.445	2.28544	-2.79120	1.77806	-3.60124
4031.428	2.28680	-2.82473	1.82229	-3.62124
4035.432	2.27463	-2.83731	1.88093	-3.63685
4039.487	2.16045	-2.83015	1.91640	-3.68884
4043.436	2.12292	-2.81486	1.95254	-3.70627
4047.427	2.04860	-2.84576	1.98306	-3.69347
4051.435	1.95715	-2.86992	2.06808	-3.67198
4055.426	1.91400	-2.89180	2.05826	-3.60738
4059.435	1.87138	-2.89038	2.04763	-3.58212
4063.434	1.85936	-2.87195	2.03615	-3.50073
4067.432	1.77095	-2.85427	2.09390	-3.43348
4071.426	1.71412	-2.88136	2.09343	-3.34415
4075.303	1.64970	-2.87963	2.08268	-3.19450
4079.437	1.63482	-2.79830	2.02438	-3.09949
4083.302	1.71533	-2.88944	2.00559	-3.03111
4087.302	1.72924	-2.89167	1.98105	-2.83136
4091.306	1.74947	-2.89308	1.90782	-2.93553
4095.310	1.73452	-2.87013	1.89669	-2.87944
4099.303	1.74692	-2.84586	1.87071	-2.82136
4103.304	1.76624	-2.80849	1.84917	-2.72627
4107.333	1.80196	-2.75117	1.86280	-2.73483
4111.305	1.81689	-2.86728	1.87763	-2.76677
4115.300	1.79105	-3.02019	1.87361	-2.78305
4119.301	1.81952	-3.00114	1.87389	-2.80612
4123.306	1.79780	-3.09027	1.86330	-2.95101
4127.312	1.77484	-3.15615	1.87123	-3.03623
4131.312	1.74387	-3.10910	1.93938	-3.01488
4135.299	1.72451	-3.05618	1.91506	-2.99888
4139.315	1.69780	-3.16571	1.91489	-2.95982
4143.314	1.65138	-3.17349	1.87765	-2.96270
4147.315	1.65138	-3.16353	1.89674	-2.95061
4151.305	1.61297	-3.13663	1.86565	-2.91432
4155.300	1.57024	-3.12082	1.84205	-2.82718
4159.328	1.59730	-3.08784	1.89057	-2.79113
4163.300	1.60707	-3.04334	1.96157	-2.75330
4167.309	1.62934	-2.98940	2.05031	-2.73777
4171.298	1.61818	-2.94768	2.07633	-2.67005
4175.301	1.68372	-2.91315	2.08258	-2.62046
4179.323	1.69180	-2.89983	2.29109	-2.66430
4183.308	1.72880	-2.86435	2.33631	-2.69082
4187.299	1.79150	-2.83876	2.42250	-2.70968
4191.304	1.88536	-2.91642	2.53409	-2.77184
4195.302	1.90968	-2.92661	2.57028	-2.86304
4199.305	1.94664	-2.98178	2.58024	-2.99041
4203.299	1.98514	-2.93549	2.62524	-3.04424
4207.309	2.03538	-2.91002	2.67335	-3.02608
4211.302	2.03866	-2.83240	2.70379	-2.96466
4215.304	2.10273	-2.83405	2.69916	-2.85720
4219.320	2.09465	-2.82286	2.69359	-2.82285
4223.309	2.15537	-2.85798	2.62724	-2.76624
4227.298	2.22391	-2.83456	2.60956	-2.81259
4231.303	2.20084	-2.83072	2.58177	-2.85286
4235.307	2.20632	-2.78830	2.55839	-2.93733
4239.299	2.20976	-2.70520	2.53585	-2.93943
4243.327	2.24230	-2.74929	2.47806	-2.84381
4247.298	2.27092	-2.69379	2.45443	-2.92402
4251.301	2.25803	-2.74941	2.33152	-2.80567
4255.299	2.27067	-2.81322	2.34141	-2.91415
4259.298	2.28249	-2.97143	2.26643	-2.94464
4263.315	2.28442	-3.03590	2.23496	-3.02499
4267.301	2.26661	-3.01348	2.23216	-3.05815
4271.299	2.24592	-3.12544	2.23405	-3.07092
4275.296	2.24658	-3.17957	2.17901	-3.09163
4279.360	2.23377	-3.31739	2.09926	-2.95834
4283.294	2.19100	-3.41966	2.05620	-2.92298
4287.304	2.13978	-3.54352	2.04798	-2.95017
4291.309	2.08057	-3.55180	1.99183	-2.81004
4295.303	1.99151	-3.63402	1.98363	-2.80240
4299.298	1.95807	-3.70404	1.95175	-2.74953
4303.311	1.91514	-3.75233	1.97808	-2.72850
4307.301	1.90510	-3.78843	1.99367	-2.69557
4311.297	1.89389	-3.80443	2.03090	-2.61948
4315.301	1.86258	-3.82037	2.04728	-2.61561
4319.306	1.86989	-3.81862	2.09187	-2.52114
4323.297	1.86558	-3.78490	2.16102	-2.55188
4327.300	1.91861	-3.70073	2.25429	-2.51936
4331.301	1.90083	-3.66820	2.48066	-2.66948
4335.307	1.92195	-3.50191	2.47843	-2.89172
4339.296	1.93187	-3.47388	2.51544	-3.20623
4343.302	1.86067	-3.27023	2.49946	-3.40240
4347.300	1.88298	-3.26150	2.52750	-3.59371
4351.307	1.87406	-3.16477	2.52106	-3.64496
4355.299	1.83682	-3.00258	2.51210	-3.61269
4359.298	1.82470	-2.94439	2.53124	-3.66607
4363.298	1.72255	-2.85811	2.57201	-3.79054
4367.324	1.66294	-2.78748	2.53115	-3.89653
4371.297	1.63226	-2.71377	2.50940	-4.00210
4375.299	1.63058	-2.69645	2.45748	-4.00406
4379.328	1.63075	-2.71524	2.44420	-4.07006
4383.325	1.59869	-2.71548	2.41757	-4.14411
4387.300	1.65413	-2.71327	2.41665	-4.20069
4391.302	1.64927	-2.69534	2.39366	-4.16777
4395.296	1.66743	-2.71157	2.39022	-4.18401
4399.314	1.64258	-2.73438	2.38975	-4.20505
4403.297	1.64067	-2.75356	2.35598	-4.21607
4407.305	1.66244	-2.77695	2.31596	-4.20710
4411.296	1.68290	-2.77516	2.28752	-4.15230
4415.296	1.68486	-2.77077	2.25481	-4.06073
4419.312	1.67943	-2.77601	2.18610	-4.05862
4423.296	1.68578	-2.78205	2.18411	-4.01879
4427.309	1.73132	-2.75517	2.15775	-3.92406
4431.307	1.74367	-2.75354	2.13175	-3.86961
4435.304	1.77955	-2.79195	2.08104	-3.81942
4439.298	1.74955	-2.90130	2.06300	-3.75244
4443.296	1.77595	-2.99049	2.02140	-3.70248
4447.303	1.75153	-3.01119	1.98403	-3.70581
4451.312	1.78315	-3.05525	1.93484	-3.66953
4455.300	1.77469	-3.14996	1.91142	-3.64883
4459.297	1.79321	-3.08549	1.88935	-3.66120
4463.292	1.81089	-3.17993	1.88378	-3.63865
4467.311	1.79286	-3.18398	1.85001	-3.63380
4471.297	1.78352	-3.19659	1.83295	-3.68264
4475.303	1.77390	-3.16898	1.84386	-3.73388
4479.300	1.76063	-3.17207	1.87356	-3.77942
4483.300	1.79891	-3.08613	1.90634	-3.81642
4487.301	1.85028	-3.03904	1.88950	-3.84931
4491.295	1.86253	-2.97779	1.94496	-3.84249
4495.294	1.89015	-2.97123	2.00849	-3.84813
4499.296	1.91338	-2.91033	2.03613	-3.81743
4503.300	1.93725	-2.88668	2.04066	-3.72744
4507.297	1.96858	-2.82316	2.01784	-3.69448
4511.297	1.81971	-2.80995	2.02138	-3.68208
4515.315	-0.58813	-2.79587	1.83199	-3.54086
4519.300	-0.99707	-2.79505	0.44053	-3.37419
4523.294	-1.16190	-2.83059	-0.39191	-3.40585
4527.295	-1.19281	-2.98984	-0.08773	-3.27906
4531.297	-1.11251	-2.95836	0.00841	-3.18120
4535.311	-1.09959	-2.93210	-0.03854	-3.12275
4539.294	-1.04146	-3.00464	0.05686	-3.00783
4543.305	-1.06076	-3.02226	-0.03618	-2.97406
4547.296	-1.00144	-3.10556	-0.00372	-2.92169
4551.297	-0.97690	-3.13053	-0.04080	-2.85675
4555.305	-0.96298	-3.19885	-0.04767	-2.79795
4559.310	-0.99204	-3.24559	0.03465	-2.81565
4563.298	-0.97636	-3.34045	0.02253	-2.82817
4567.296	-0.94671	-3.43691	0.10304	-2.84148
4571.314	-0.90726	-3.39726	0.14660	-2.85372
4575.299	-0.87562	-3.41348	0.16752	-2.92894
4579.294	-0.84277	-3.51929	0.19765	-2.99057
4583.352	-0.85441	-3.51468	0.24152	-3.07523
4587.328	-0.83607	-3.56576	0.27406	-3.17985
4591.293	-0.83099	-3.61638	0.27262	-3.34069
4595.297	-0.85411	-3.60554	0.27642	-3.35189
4599.296	-0.86543	-3.65245	0.28332	-3.49376
4603.294	-0.85503	-3.70548	0.25830	-3.52966
4607.297	-0.87359	-3.73503	0.24314	-3.61152
4611.293	-0.84046	-3.73776	0.18482	-3.61948
4615.296	-0.83838	-3.72700	0.13660	-3.69834
4619.291	-0.87131	-3.73162	0.07542	-3.68248
4623.298	-0.85873	-3.73354	0.06137	-3.72331
4627.292	-0.87662	-3.74418	-0.05356	-3.73955
4631.296	-0.92100	-3.72989	-0.05284	-3.70208
4635.292	-0.97589	-3.68579	-0.09376	-3.66461
4639.303	-0.94904	-3.57203	-0.11905	-3.60237
4643.295	-0.86758	-3.62077	-0.19268	-3.51505
4647.291	-0.83022	-3.47603	-0.22877	-3.51836
4651.355	-0.80163	-3.30269	-0.25939	-3.44655
4655.287	-0.71588	-3.20616	-0.25728	-3.46562
4659.306	-0.76838	-3.07798	-0.26535	-3.39758
4663.292	-0.77955	-2.94610	-0.28103	-3.33646
4667.295	-0.69886	-2.75768	-0.30277	-3.24184
4671.291	-0.67223	-2.59434	-0.34114	-3.15352
4675.302	-0.62776	-2.58499	-0.32702	-3.07694
4679.295	-0.58528	-2.36427	-0.35141	-3.00884
4683.297	-0.52937	-2.34939	-0.29806	-2.99441
4687.292	-0.55711	-2.33553	-0.21693	-2.94157
4691.296	-0.62357	-2.36599	-0.05433	-2.90146
4695.293	-0.58061	-2.30313	-0.03529	-2.86835
4699.295	-0.64124	-2.27906	0.07458	-2.84249
4703.293	-0.76456	-2.17753	0.10530	-2.76688
4707.301	-0.70486	-2.17424	0.15906	-2.75404
4711.307	-0.69896	-2.20225	0.21676	-2.75742
4715.295	-0.68414	-2.21446	0.16228	-2.75009
4719.318	-0.74692	-2.23245	0.22160	-2.78192
4723.293	-0.75923	-2.21931	0.23070	-2.82733
4727.300	-0.80181	-2.25651	0.19487	-2.88340
4731.291	-0.82798	-2.22168	0.15116	-2.91323
4735.291	-0.77488	-2.20502	0.14799	-2.97006
4739.294	-0.80009	-2.20917	0.09225	-3.00820
4743.301	-0.78062	-2.18938	0.05626	-3.03350
4747.290	-0.76935	-2.19616	0.03494	-3.13640
4751.289	-0.78144	-2.21092	-0.00325	-3.15885
4755.296	-0.77821	-2.18849	-0.02487	-3.20096
4759.302	-0.79774	-2.19699	-0.02943	-3.21484
4763.307	-0.77454	-2.23747	-0.03226	-3.21315
4767.294	-0.82746	-2.29326	-0.03837	-3.18793
4771.317	-0.83970	-2.30791	-0.03219	-3.17312
4775.297	-0.82930	-2.25185	-0.01685	-3.16717
4779.292	-0.83391	-2.43092	-0.01911	-3.11983
4783.295	-0.82588	-2.46686	-0.01333	-3.09020
4787.295	-0.84798	-2.54727	0.01179	-3.05417
4791.305	-0.75690	-2.56366	0.01531	-2.99349
4795.295	-0.75156	-2.53260	0.03474	-2.93785
4799.288	-0.70312	-2.50505	0.06088	-2.91517
4803.298	-0.71623	-2.57259	0.07001	-2.88441
4807.287	-0.75893	-2.58048	0.07418	-2.86773
4811.300	-0.70762	-2.57064	0.08895	-2.84713
4815.288	-0.69389	-2.59279	0.10016	-2.80724
4819.288	-0.71662	-2.62910	0.10637	-2.77841
4823.291	-0.65734	-2.58547	0.09446	-2.75174
4827.288	-0.68578	-2.55232	0.09815	-2.73158
4831.302	-0.63332	-2.53980	0.10709	-2.71727
4835.292	-0.69903	-2.52318	0.11716	-2.70760
4839.290	-0.70766	-2.52054	0.07907	-2.68423
4843.303	-0.68801	-2.53997	0.06190	-2.69370
4847.290	-0.62980	-2.55007	0.08341	-2.73044
4851.291	-0.62786	-2.37234	0.09344	-2.72169
4855.290	-0.59568	-2.47896	0.09192	-2.74289
4859.296	-0.57220	-2.46962	0.09451	-2.77055
4863.295	-0.54979	-2.46787	0.07892	-2.80174
4867.289	-0.57702	-2.53598	0.09582	-2.86564
4871.291	-0.61908	-2.49321	0.11754	-2.90872
4875.289	-0.72007	-2.45871	0.10962	-2.96753
4879.291	-0.67573	-2.42984	0.11230	-3.00887
4883.287	-0.78260	-2.41644	0.14024	-3.09254
4887.301	-0.85089	-2.47756	0.17226	-3.17368
4891.305	-0.93157	-2.36443	0.16834	-3.20712
4895.300	-0.92912	-2.42875	0.16789	-3.30865
4899.288	-0.94351	-2.41505	0.19047	-3.40364
4903.292	-0.95790	-2.43971	0.20025	-3.42060
4907.287	-1.00129	-2.33236	0.23969	-3.52410
4911.295	-0.98115	-2.34651	0.25038	-3.62001
4915.289	-0.94619	-2.35083	0.29044	-3.69172
4919.291	-0.92860	-2.37029	0.28116	-3.74680
4923.170	-0.91679	-2.36672	0.30980	-3.74548
4927.226	-0.94926	-2.41435	0.34648	-3.80260
4931.165	-0.85084	-2.42843	0.36276	-3.83448
4935.169	-0.88426	-2.43696	0.38390	-3.85225
4939.163	-0.83664	-2.43153	0.40539	-3.86159
4943.179	-0.86148	-2.44303	0.43661	-3.87946
4947.172	-0.85089	-2.41017	0.40122	-3.89845
4951.161	-0.83903	-2.47131	0.38162	-3.89937
4955.166	-0.88729	-2.45429	0.39415	-3.86029
4959.176	-0.88463	-2.43758	0.30498	-3.84150
4963.175	-0.90522	-2.32766	0.26212	-3.82118
4967.162	-0.94219	-2.36492	0.24418	-3.80035
4971.166	-0.93522	-2.39419	0.21311	-3.72522
4975.197	-0.92793	-2.38629	0.17340	-3.65859
4979.163	-0.94825	-2.37863	0.12796	-3.59744
4983.161	-0.97591	-2.40704	0.04703	-3.62920
4987.168	-0.97983	-2.41008	-0.00189	-3.63361
4991.168	-0.98196	-2.41492	-0.03345	-3.61141
4995.165	-1.01208	-2.36368	-0.06946	-3.59542
4999.162	-0.98817	-2.36940	-0.11022	-3.56093
5003.162	-1.01330	-2.38060	-0.12275	-3.53234
5007.159	-1.01806	-2.33463	-0.13605	-3.53791
5011.179	-1.00893	-2.31611	-0.16119	-3.50906
5015.211	-1.01198	-2.37953	-0.16881	-3.51854
5019.186	-1.03578	-2.27970	-0.20038	-3.51500
5023.162	-1.02533	-2.22908	-0.25468	-3.49008
5027.166	-1.03957	-2.18024	-0.31585	-3.45817
5031.166	-1.01211	-2.14158	-0.35452	-3.43315
5035.165	-1.00948	-2.15838	-0.35757	-3.38192
5039.162	-0.97685	-2.15295	-0.36303	-3.37387
5043.163	-0.99913	-2.16328	-0.38427	-3.35529
5047.164	-0.98286	-2.14292	-0.41720	-3.23640
5051.165	-0.97864	-2.13781	-0.40102	-3.17530
5055.161	-0.96001	-2.15323	-0.43204	-3.08565
5059.208	-0.89123	-2.13762	-0.43505	-2.99231
5063.167	-0.90063	-2.13404	-0.43512	-3.03272
5067.164	-0.82880	-2.17273	-0.39857	-2.90424
5071.161	-0.80057	-2.15972	-0.37477	-2.90453
5075.156	-0.76208	-2.16937	-0.40239	-2.73734
5079.164	-0.77861	-2.16973	-0.43715	-2.76393
5083.169	-0.71057	-2.16595	-0.52416	-2.73955
5087.158	-0.70814	-2.12587	-0.54478	-2.76699
5091.160	-0.71784	-2.15026	-0.55885	-2.82429
5095.163	-0.72278	-2.14140	-0.55515	-2.81730
5099.173	-0.75675	-2.11171	-0.57947	-2.91190
5103.158	-0.76409	-2.11508	-0.59357	-2.94691
5107.163	-0.78144	-2.12547	-0.55610	-2.97203
5111.162	-0.84061	-2.08152	-0.55357	-2.97942
5115.165	-0.84255	-2.03688	-0.57543	-3.00803
5119.164	-0.88173	-2.03872	-0.51905	-3.03938
5123.163	-0.97467	-2.10995	-0.43562	-3.14023
5127.180	-1.08053	-2.12536	-0.32608	-3.20698
5131.172	-1.08217	-2.12548	-0.25024	-3.24498
5135.162	-1.09160	-2.14967	-0.18988	-3.25584
5139.158	-1.10906	-2.16204	-0.13168	-3.35996
5143.168	-1.11085	-2.19691	-0.10883	-3.33146
5147.174	-1.12397	-2.17785	-0.04847	-3.38226
5151.177	-1.17203	-2.21083	0.01022	-3.42374
5155.166	-1.20202	-2.24162	-0.00082	-3.48034
5159.160	-1.23672	-2.25345	-0.12342	-3.46381
5163.164	-1.24258	-2.28395	-0.14863	-3.47834
5167.182	-1.24444	-2.24957	-0.13598	-3.41665
5171.158	-1.21695	-2.22784	-0.19214	-3.35968
5175.161	-1.23399	-2.19151	-0.24259	-3.33540
5179.168	-1.21427	-2.17285	-0.32737	-3.31443
5183.173	-1.18153	-2.16965	-0.28830	-3.24603
5187.158	-1.19874	-2.16239	-0.26602	-3.13095
5191.163	-1.19760	-2.14884	-0.26726	-3.06450
5195.193	-1.16200	-2.11875	-0.28922	-3.06077
5199.153	-1.15491	-2.07383	-0.23413	-2.96595
5203.159	-1.12901	-2.07171	-0.23430	-2.88379
5207.173	-1.13727	-2.05302	-0.20048	-2.70886
5211.157	-1.07431	-2.02927	-0.17772	-2.66587
5215.161	-1.04146	-2.01663	-0.18700	-2.73353
5219.170	-1.01918	-2.00414	-0.21678	-2.70040
5223.164	-1.05456	-1.98377	-0.20100	-2.66986
5227.166	-1.06270	-1.90359	-0.25498	-2.64163
5231.157	-1.13581	-1.85088	-0.23013	-2.66442
5235.158	-1.08455	-1.83013	-0.29198	-2.75389
5239.166	-1.09157	-1.88031	-0.29471	-2.78264
5243.161	-1.08185	-1.91660	-0.35802	-2.74762
5247.152	-1.07019	-1.78993	-0.39765	-2.64640
5251.166	-1.08363	-1.81011	-0.43740	-2.64758
5255.156	-1.09286	-1.82866	-0.45825	-2.72046
5259.160	-1.13218	-1.80635	-0.48257	-2.72070
5263.201	-1.12402	-1.87674	-0.44058	-2.69580
5267.159	-1.06614	-2.01930	-0.39760	-2.70256
5271.156	-1.11546	-2.06544	-0.40432	-2.66661
5275.173	-1.05342	-2.15587	-0.40492	-2.62210
5279.161	-1.03258	-2.19511	-0.36293	-2.61685
5283.165	-1.09252	-2.34958	-0.38095	-2.59230
5287.168	-1.16101	-2.31168	-0.34948	-2.64453
5291.160	-1.15367	-2.32332	-0.31873	-2.80542
5295.161	-1.17887	-2.33642	-0.27423	-2.85047
5299.151	-1.25428	-2.37767	-0.25282	-2.89821
5303.169	-1.24387	-2.40441	-0.23552	-2.94538
5307.161	-1.27440	-2.40416	-0.23664	-2.78994
5311.161	-1.30841	-2.38665	-0.25900	-2.93276
5315.152	-1.23913	-2.37984	-0.32067	-2.76246
5319.165	-1.28765	-2.32828	-0.35022	-2.69853
5323.155	-1.24441	-2.34633	-0.39139	-2.63128
5327.162	-1.23099	-2.30309	-0.43393	-2.78942
5331.165	-1.20477	-2.31263	-0.38191	-2.81041
5335.167	-1.21159	-2.37622	-0.41286	-2.74426
5339.158	-1.15042	-2.43450	-0.37846	-2.75632
5343.157	-1.13273	-2.51791	-0.38211	-2.70708
5347.154	-1.09668	-2.56999	-0.31913	-2.69058
5351.171	-1.06332	-2.61234	-0.35486	-2.76463
5355.157	-0.98985	-2.66900	-0.34357	-2.72978
5359.168	-0.97770	-2.66785	-0.31116	-2.68679
5363.155	-0.96517	-2.66010	-0.28242	-2.79103
5367.156	-1.00727	-2.66579	-0.31655	-2.95981
5371.155	-1.09358	-2.71944	-0.29337	-3.01751
5375.166	-1.14035	-2.74460	-0.30630	-3.00643
5379.159	-1.19358	-2.70742	-0.32379	-3.11926
5383.156	-1.09286	-2.72906	-0.33201	-3.12927
5387.154	-1.07240	-2.73012	-0.34079	-3.17168
5391.170	-1.26485	-2.72983	-0.38211	-3.14149
5395.160	-1.34118	-2.65727	-0.37720	-3.21058
5399.161	-1.39649	-2.57654	-0.39502	-3.28775
5403.161	-1.48647	-2.51081	-0.38348	-3.31886
5407.158	-1.50720	-2.47742	-0.35454	-3.36088
5411.157	-1.54810	-2.36222	-0.32747	-3.31883
5415.152	-1.53689	-2.31762	-0.33176	-3.27933
5419.167	-1.55003	-2.20945	-0.26882	-3.26261
5423.158	-1.53989	-2.16816	-0.21683	-3.20139
5427.166	-1.57617	-2.01109	-0.20800	-3.18581
5431.157	-1.54482	-1.97118	-0.12518	-3.14901
5435.155	-1.52751	-1.92554	-0.06103	-3.14262
5439.162	-1.50470	-1.90425	-0.02762	-3.10098
