time (ms)	lx (deg)	ly (deg)	rx (deg)	ry (deg)
0.000	NaN	NaN	-0.09500	-3.75432
4.009	NaN	NaN	-0.03886	-3.82678
7.996	NaN	NaN	-0.03713	-3.78413
12.013	NaN	NaN	0.02762	-3.83992
15.995	NaN	NaN	0.00678	-3.56710
20.000	NaN	NaN	0.02631	-3.64848
23.999	NaN	NaN	0.06361	-3.54056
28.000	NaN	NaN	0.07661	-3.63034
32.000	NaN	NaN	0.04122	-3.53160
36.007	NaN	NaN	-0.02194	-3.45538
40.004	NaN	NaN	0.01504	-3.51559
43.999	NaN	NaN	0.03852	-3.34885
47.993	NaN	NaN	0.05547	-3.26217
52.004	NaN	NaN	0.11156	-3.09505
56.055	NaN	NaN	0.10324	-3.15984
59.998	NaN	NaN	0.15245	-2.97771
63.996	NaN	NaN	0.13478	-3.00341
67.999	NaN	NaN	0.09088	-3.45027
71.998	NaN	NaN	0.06113	-3.37580
75.999	NaN	NaN	0.10955	-3.54524
79.997	NaN	NaN	0.17551	-3.60248
83.998	NaN	NaN	0.21614	-3.52047
87.994	NaN	NaN	0.22418	-3.79106
92.012	NaN	NaN	0.07435	-3.78299
96.001	NaN	NaN	0.09617	-3.56227
99.993	NaN	NaN	0.01695	-3.02414
104.007	-0.88217	-3.45928	0.09153	-1.92146
108.000	-0.84166	-1.80984	0.01400	-0.37482
111.999	-0.84833	0.28981	-0.00057	1.97974
115.995	-0.43562	0.31957	0.05974	2.87665
120.003	-0.31496	0.35995	0.12553	2.67113
124.049	-0.26021	0.38744	0.13260	1.29859
127.995	-0.55240	-0.80547	0.11342	1.29382
131.996	-0.56878	-1.74657	0.16020	-0.35663
135.996	-0.48820	-2.26706	0.24783	0.05099
140.016	-0.64305	-1.68508	0.25435	0.77206
144.001	-0.53508	-1.58354	0.26875	1.08917
148.007	-0.58186	-1.36203	0.20837	1.39745
151.994	-0.42616	-1.02340	0.25465	1.57257
156.022	-0.26515	-0.56281	0.24587	2.10428
159.997	-0.43879	-0.24046	0.22115	1.91517
163.995	-0.57846	-0.61240	0.21159	1.79306
167.991	-0.70744	-0.38883	0.17660	1.80526
172.000	-0.73248	-0.16374	0.15144	1.21705
176.006	-0.77166	-0.07735	0.15022	1.50513
179.995	-0.88267	0.24809	0.10910	1.62025
183.998	-0.76819	0.16526	0.08932	1.77411
187.995	-0.85788	0.01590	0.06937	1.83657
192.049	-0.73211	0.02748	0.08488	1.89200
195.999	-0.79781	-0.16747	0.03072	1.99478
199.995	-0.77846	-0.65096	0.04090	1.97609
203.991	-0.71183	-0.44640	0.06902	1.90960
208.012	-0.53684	-0.64473	0.06316	1.86886
212.002	-0.49202	-0.83191	0.06778	1.86119
216.017	-0.53183	-0.59211	0.10024	1.87648
220.006	-0.44847	-0.80685	0.06197	1.85717
223.992	-0.54950	-0.71417	0.07180	1.88209
227.995	-0.64930	-0.77954	0.09187	1.73319
232.033	-0.70054	-0.77673	0.15005	1.67614
235.993	-0.71250	-0.76050	0.13402	1.63271
239.991	-0.69149	-0.80522	0.14220	1.58755
243.990	-0.79429	-0.63419	0.12560	1.44757
248.003	-0.82446	-0.59493	0.13230	1.44482
251.997	-0.84233	-0.53642	0.12692	1.37019
255.996	-0.86667	-0.42367	0.13436	1.35027
260.057	-0.82518	-0.44758	0.06492	1.35050
263.993	-0.91182	-0.39738	0.08465	1.35132
267.994	-0.89562	-0.30829	0.06217	1.33853
271.989	-0.86133	-0.27346	0.08200	1.32104
276.008	-0.79377	-0.19420	0.09354	1.27716
279.993	-0.82724	-0.20536	0.10543	1.26730
284.001	-0.78838	-0.13651	0.13263	1.24902
287.995	-0.76873	-0.09901	0.20752	1.27126
291.990	-0.77176	-0.08990	0.27093	1.26930
295.997	-0.77689	0.05911	0.17797	1.34242
299.999	-0.79694	0.07201	0.18794	1.44829
303.999	-0.78258	0.08393	0.21748	1.59747
307.994	-0.75766	0.22402	0.24453	1.66190
311.995	-0.79848	0.23932	0.26383	1.50043
315.995	-0.76831	0.21087	0.30994	1.26698
319.992	-0.77218	0.17964	0.31230	1.26164
323.999	-0.75414	0.07275	0.22485	1.07509
328.042	-0.71565	0.05986	0.14436	1.26670
332.008	-0.71553	-0.70128	0.00447	1.17436
335.997	-0.67039	-0.58891	0.05299	1.15945
339.990	-0.65024	-0.94777	0.09897	0.72392
344.002	-0.62469	-0.82653	0.12828	0.73482
348.000	-0.56471	-0.63412	0.22420	0.74652
351.993	-0.51029	-0.56329	0.24882	0.76602
355.994	-0.44182	-0.39364	0.29937	0.70033
359.989	-0.39102	-0.47345	0.20112	0.76511
363.996	-0.33982	-0.54079	0.17283	0.80091
367.991	-0.34712	-0.33699	0.20246	0.84167
371.994	-0.39951	-0.34353	0.24393	0.87412
375.989	-0.37358	-0.21506	0.24507	0.88681
379.996	-0.42902	-0.08660	0.24125	0.96236
383.996	-0.47026	-0.04234	0.24368	0.97565
387.993	-0.39792	-0.13291	0.28600	1.05387
391.996	-0.42296	-0.10250	0.24167	1.09508
395.965	-0.40611	-0.12188	0.21390	1.14156
399.886	-0.46299	-0.28399	0.20283	1.15711
403.868	-0.46500	-0.22918	0.22559	1.16774
407.864	-0.50684	-0.24860	0.23078	1.19486
411.871	-0.56282	-0.29770	0.22373	1.23689
415.868	-0.56235	-0.33447	0.21264	1.22288
419.872	-0.56084	-0.29609	0.20236	1.23582
423.868	-0.57257	-0.17687	0.19437	1.23053
427.866	-0.58126	-0.14056	0.17213	1.26103
431.882	-0.64848	-0.16325	0.17938	1.24631
435.866	-0.72573	-0.18014	0.18588	1.27464
439.869	-0.85751	-0.11154	0.16241	1.27492
443.898	-0.76883	-0.20737	0.14729	1.28538
447.866	-0.61523	-0.22251	0.13454	1.28726
451.864	-0.72278	-0.24807	0.09518	1.25307
455.866	-0.69436	-0.23699	0.10220	1.18086
459.871	-0.73613	-0.25697	0.13032	1.14122
463.866	-0.76059	-0.21413	0.15953	1.04650
467.865	-0.87327	-0.30777	0.19457	0.96981
471.874	-0.75903	-0.27463	0.19598	0.95372
475.868	-0.64258	-0.26137	0.18971	0.86120
479.872	-0.59764	-0.33706	0.18928	0.80158
483.866	-0.50356	-0.37751	0.24773	0.67536
487.866	-0.55813	-0.37890	0.24371	0.70001
491.863	-0.67278	-0.43440	0.22388	0.64090
495.869	-0.69762	-0.32515	0.22693	0.65174
499.864	-0.75201	-0.27344	0.21063	0.64056
503.866	-0.79302	-0.27552	0.18152	0.62813
507.861	-0.77464	-0.35625	0.17496	0.52415
511.868	-0.76761	-0.33506	0.20030	0.49277
515.868	-0.68178	-0.38841	0.14804	0.47244
519.866	-0.75402	-0.35575	0.12620	0.56383
523.863	-0.78885	-0.37913	0.16340	0.43281
527.873	-0.81471	-0.36400	0.13742	0.55794
531.862	-0.90785	-0.35962	0.14915	0.54204
535.867	-0.84032	-0.36974	0.16216	0.59824
539.874	-0.84535	-0.48375	0.13193	0.56098
543.868	-0.81677	-0.54378	0.18678	0.67862
547.874	-0.84156	-0.62263	0.21822	0.64354
551.862	-0.83037	-0.66402	0.21971	0.78809
555.867	-0.83282	-0.53416	0.15930	1.00641
559.868	-0.86853	-0.40780	0.18363	1.12653
563.875	-0.92339	-0.47137	0.16635	1.15826
567.862	-0.84945	-0.66143	0.18013	1.09670
571.866	-0.80930	-0.49727	0.12530	1.07487
575.871	-0.81610	-0.50400	0.12932	0.92172
579.866	-0.88771	-0.46600	0.13965	0.88486
583.862	-0.71161	-0.36381	0.14556	0.70608
587.869	-0.55352	-0.37028	0.16067	1.03120
591.872	-0.66498	-0.25958	0.11669	0.91802
595.880	-0.69508	-0.25344	0.09580	1.05488
599.867	-0.72791	-0.28229	0.10957	0.91899
603.871	-0.75337	-0.29801	0.13330	0.86046
607.860	-0.74449	-0.32010	0.14548	0.79311
611.876	-0.78575	-0.31523	0.17844	0.91698
615.867	-0.84004	-0.28807	0.16499	1.04163
619.862	-0.86160	-0.30379	0.15198	1.02337
623.867	-0.87577	-0.31102	0.23904	0.97341
627.863	-0.87882	-0.32933	0.33129	0.99986
631.864	-0.89763	-0.43959	0.30516	0.93180
635.861	-0.91115	-0.61285	0.30910	0.97415
639.871	-0.91433	-0.55504	0.32446	0.90782
643.866	-0.94390	-0.63772	0.32491	0.92514
647.864	-0.95303	-0.63503	0.30496	0.95371
651.868	-0.93073	-0.69021	0.23358	0.97510
655.859	-0.93902	-0.77691	0.13203	0.95946
659.873	-0.96847	-0.75767	0.21700	0.89541
663.861	-0.98849	-0.76226	0.18539	0.89511
667.864	-1.01665	-0.87645	0.05085	0.86682
671.870	-1.02392	-0.88037	0.02271	0.85234
675.861	-1.06086	-0.86282	-0.00223	0.77607
679.868	-1.08671	-0.84207	-0.03474	0.74344
683.868	-1.12400	-0.77366	-0.04440	0.69077
687.867	-1.13603	-0.71212	-0.08609	0.54478
691.860	-1.14585	-0.76570	-0.07351	0.74821
695.863	-1.14893	-0.85572	-0.01089	0.64066
699.860	-1.19529	-0.70120	0.00856	0.72041
703.866	-1.17411	-0.64050	0.03512	0.75579
707.860	-1.15342	-0.77561	0.05460	0.74285
711.862	-1.05275	-0.62567	0.11123	0.69691
715.856	-1.00511	-0.68307	0.16196	0.69109
719.867	-0.99660	-0.58074	0.16055	0.91819
723.870	-0.97584	-0.47305	0.22090	0.93948
727.874	-0.96698	-0.39159	0.23693	0.93637
731.879	-0.76747	-0.27550	0.26371	0.98777
735.863	-0.80736	-0.14056	0.29242	0.89029
739.863	-0.75769	-0.07832	0.26237	0.89759
743.864	-0.74796	0.03431	0.33191	0.79722
747.860	-0.67896	0.09909	0.31950	0.76326
751.876	-0.64278	0.16002	0.30257	0.65581
755.869	-0.69032	0.10336	0.27763	0.64550
759.865	-0.70399	0.15502	0.28808	0.66840
763.868	-0.66476	0.13880	0.27609	0.65894
767.865	-0.65791	0.19197	0.26344	0.64063
771.856	-0.66665	0.16014	0.25148	0.59200
775.863	-0.68178	0.10409	0.23691	0.62488
779.861	-0.65526	0.09606	0.21981	0.58266
783.866	-0.65034	0.06806	0.18707	0.54105
787.865	-0.62017	0.04483	0.13809	0.58535
791.860	-0.66203	0.02400	0.12128	0.60744
795.856	-0.68168	-0.02487	0.13794	0.68876
799.862	-0.68665	-0.16171	0.15727	0.78613
803.922	-0.63153	-0.19160	0.13600	0.86622
807.864	-0.54659	-0.16477	0.13054	1.02119
811.863	-0.36166	-0.19442	0.09130	1.18712
815.860	-0.31501	-0.22376	0.04398	1.63865
819.863	-0.39447	-0.03581	0.01611	1.76018
823.859	-0.19626	0.00880	-0.00444	1.18956
827.861	-0.25681	0.13727	-0.01834	1.15908
831.856	-0.36697	0.29304	0.00179	1.02922
835.861	-0.42460	-0.02167	0.00918	1.15044
839.879	-0.19881	-0.03705	0.00511	1.08700
843.858	-0.23495	0.06346	-0.01144	1.02619
847.867	-0.27078	0.25880	-0.00196	1.02825
851.859	-0.00275	0.82265	-0.03956	1.00490
855.858	0.01005	0.42086	-0.00633	0.93275
859.862	-0.24463	1.04677	0.02487	0.93044
863.857	-0.20139	1.27641	0.04936	0.92446
867.886	-0.30724	1.38676	0.02727	0.94383
871.863	-0.19306	0.99036	0.10267	0.94274
875.863	-0.26066	0.06515	0.09510	0.97983
879.858	-0.44338	-0.22003	0.05170	1.04141
883.858	-0.09654	0.57014	0.01504	1.06655
887.862	-0.04815	0.16930	0.03256	1.11775
891.863	-0.19593	1.22234	0.07671	1.07554
895.860	-0.16181	0.98013	0.05170	0.95156
899.857	-0.22527	0.94534	0.01134	0.84173
903.876	-0.29210	0.70473	-0.06743	0.80496
907.863	-0.36477	0.57940	-0.01325	1.00753
911.856	-0.24105	-0.33946	0.09272	1.20679
915.862	-0.36082	0.70480	0.01256	1.07304
919.864	-0.27093	1.65669	0.04435	0.88603
923.858	-0.34169	2.00221	-0.03507	0.81741
927.852	-0.44788	0.74372	0.10009	0.93288
931.864	-0.38747	0.52141	0.10691	0.82168
935.855	-0.51949	0.49909	0.03189	0.66814
939.863	-0.52279	1.75425	0.04028	0.83594
943.861	-0.49041	0.72061	0.01732	0.90175
947.853	-0.65216	0.24482	0.07765	0.84483
951.866	-0.47971	0.75651	0.10972	0.98505
955.854	-0.28163	1.41932	0.06713	0.95072
959.859	-0.31496	1.05494	0.04834	0.85929
963.850	-0.19301	1.59879	0.00422	0.65823
967.864	-0.14429	0.74280	0.05780	0.71676
971.858	0.04060	1.54830	0.03810	0.74695
975.867	-0.12074	1.58502	0.08436	0.84650
979.853	-0.11260	-0.16455	0.08200	0.56416
983.859	-0.17419	1.55142	0.11272	0.91221
987.860	-0.04264	0.29031	0.12538	0.51568
991.855	0.03901	2.12460	0.09818	0.82839
995.851	-0.00710	1.31369	0.10984	0.73564
999.854	0.01037	0.99076	0.12049	0.70662
1003.862	0.10974	0.28867	0.14516	0.61062
1007.862	0.01643	0.90883	0.16238	0.83462
1011.857	-0.07242	1.34292	0.11711	0.88558
1015.855	-0.03914	0.15131	0.15027	0.79298
1019.873	-0.02105	0.64826	0.07681	0.82739
1023.858	0.08016	0.86364	0.07912	0.87067
1027.865	-0.00819	0.40300	0.08882	0.69256
1031.854	-0.24147	0.77492	0.07366	0.90026
1035.862	-0.22033	0.57712	0.07803	0.75159
1039.858	-0.02695	0.32147	0.04008	0.76349
1043.854	0.05338	0.46467	0.04931	0.88093
1047.865	0.08746	1.80189	0.04792	0.65803
1051.857	-0.13404	1.12162	0.01266	0.79296
1055.861	-0.18233	0.59931	0.06070	0.78777
1059.856	-0.09503	0.64950	0.05797	0.77492
1063.852	0.22184	1.54171	0.07711	0.65959
1067.856	0.88900	1.13959	0.02261	0.68051
1071.856	0.01804	0.69313	0.06964	0.51118
1075.859	0.17075	0.83156	0.00298	0.59556
1079.852	0.09863	1.17907	-0.00251	0.72590
1083.867	0.54409	0.57546	0.09247	0.65298
1087.852	0.34921	1.36471	0.10227	0.50470
1091.851	1.69044	0.21691	0.11510	0.61330
1095.872	2.68410	-0.09601	0.19698	0.66364
1099.856	2.92052	-0.69859	0.19799	0.54194
1103.871	1.36127	-0.35872	0.12265	0.68260
1107.855	1.99032	0.24288	0.05924	0.73597
1111.853	1.09584	1.13987	0.13133	0.65283
1115.858	0.73868	0.32611	0.06475	0.68633
1119.851	1.06473	-0.06870	0.08795	0.77087
1123.864	0.93584	0.89863	0.04425	0.64468
1127.852	1.03794	0.27359	0.03802	0.76655
1131.855	0.68511	-0.57463	0.05894	0.46089
1135.857	0.77340	0.69220	0.08165	0.75383
1139.890	0.30414	-0.33168	0.01814	0.49215
1143.878	0.50937	0.85355	0.01675	0.74347
1147.851	0.90731	-0.25534	-0.02780	0.60905
1151.870	0.68022	1.25256	0.01693	0.56339
1155.857	0.43589	0.75021	0.00146	0.73505
1159.868	1.03278	2.80335	0.03035	0.51267
1163.856	0.65496	1.16395	0.02062	1.17672
1167.860	0.63814	3.05014	0.05358	0.58433
1171.859	0.53935	2.17438	-0.08011	0.50616
1175.856	0.24597	1.49254	-0.00603	0.82044
1179.860	0.13962	2.24096	-0.00692	0.57551
1183.864	-0.05912	1.30503	0.02482	0.99891
1187.851	-0.19938	0.91250	-0.13553	0.70888
1191.856	-0.18889	1.19511	-0.02718	0.88416
1195.850	-0.05413	1.15515	-0.12709	0.71442
1199.856	0.41028	1.21426	-0.06222	0.98179
1203.847	0.10011	1.20890	-0.02139	1.10744
1207.852	-0.63498	0.28008	-0.20030	0.82908
1211.854	-0.41827	0.51472	-0.08860	1.17100
1215.859	-0.57535	0.46253	-0.12990	1.15811
1219.853	-0.44646	0.51865	-0.12841	0.81534
1223.857	-0.52835	0.77531	-0.06445	0.99647
1227.879	-0.71766	0.84323	-0.11290	1.11218
1231.854	-0.39579	1.01605	-0.03673	1.16062
1235.853	-0.30039	0.99142	0.03308	1.12244
1239.846	-0.23194	0.81092	0.02368	1.29119
1243.872	-0.61893	0.66373	0.05093	1.38318
1247.849	-0.21894	0.37169	0.05115	1.58594
1251.737	-0.54969	0.85391	0.08210	1.74193
1255.727	-0.54709	0.76791	0.10716	1.50327
1259.724	-0.21748	0.79969	0.13992	1.44184
1263.730	-0.44490	0.71768	0.16692	1.34252
1267.745	-0.34097	0.97912	0.10619	0.96468
1271.730	-0.42117	-0.00927	-0.03333	1.23302
1276.042	-0.49828	0.49163	0.10657	1.48301
1279.763	-0.09796	0.55357	0.03802	1.50931
1283.733	-0.31473	1.22471	0.06182	0.84657
1287.724	-0.34126	0.84745	0.03502	1.16966
1291.726	-0.06996	0.21867	0.09800	1.27246
1295.728	-0.32799	1.65519	0.11922	0.98214
1299.726	-0.19651	1.22328	0.04440	0.92771
1303.730	-0.35427	0.57826	0.04646	1.20704
1307.725	-0.43222	0.68032	-0.06711	0.68165
1311.732	-0.33982	0.17712	0.05162	1.11258
1315.732	-1.30613	-1.76787	0.22060	0.32234
1319.731	-3.84718	-1.92865	0.18176	-2.76373
1323.725	-0.76094	-5.09903	0.19144	-3.09970
1327.728	-0.92951	-4.68291	0.21499	-4.82070
1331.722	-1.07468	-4.95742	0.19430	-5.17532
1335.727	-0.72052	-5.17985	0.12039	-5.67308
1339.744	-0.94931	-5.24251	0.03785	-5.19172
1343.794	-1.24947	-5.54921	-0.17236	-5.60413
1347.737	-1.02757	-5.18305	-0.14950	-5.26819
1351.733	-1.02923	-5.34720	-0.37804	-4.25645
1355.735	-0.94909	-3.33936	-0.15588	-4.68893
1359.722	-1.04287	-5.18685	-0.20345	-5.14365
1363.729	-1.13072	-5.40371	-0.38420	-5.16166
1367.724	-0.61667	-4.83351	-0.49570	-5.31196
1371.727	-1.01079	-5.24446	-0.48780	-5.19293
1375.728	-0.91961	-5.02645	-0.49341	-5.44044
1379.723	-0.47706	-4.90136	-0.48289	-4.97079
1383.738	-0.90264	-5.17959	-0.54997	-4.77756
1387.723	-0.82111	-4.17905	-0.51860	-4.88384
1391.739	-0.50289	-5.22816	-0.54361	-4.90661
1395.733	-0.77513	-5.73459	-0.50920	-5.36208
1399.726	-0.95063	-5.61173	-0.58632	-5.13557
1403.723	-0.57719	-4.01601	-0.58955	-5.02589
1407.733	-0.79238	-5.65210	-0.60047	-5.27093
1411.729	-0.98137	-3.78984	-0.56205	-5.28299
1415.725	-0.47880	-4.77823	-0.54250	-5.14005
1419.728	-0.79501	-5.09603	-0.56528	-4.94924
1423.723	-0.87014	-5.65780	-0.73471	-5.16586
1427.726	-1.36325	-5.49326	-0.67896	-5.13082
1431.719	-0.83960	-4.10221	-0.66948	-5.52098
1435.761	-0.74429	-5.70177	-0.74218	-5.30706
1439.731	-0.54165	-5.62734	-0.74632	-5.09986
1443.728	-0.45572	-5.16274	-0.74099	-5.11693
1447.725	-0.84329	-4.08560	-0.70479	-5.40979
1451.723	-0.74037	-4.93810	-0.75980	-5.28687
1455.724	-0.81722	-5.30803	-0.82905	-5.01747
1459.730	-0.34255	-4.81668	-0.85682	-5.09923
1463.721	-0.64605	-5.70636	-0.86672	-5.31345
1467.722	-0.56910	-5.75513	-0.76392	-5.21487
1471.739	-0.81662	-5.19307	-0.75444	-5.37511
1475.723	-0.87801	-5.16733	-0.72377	-5.26188
1479.725	-0.43182	-5.42073	-0.74930	-5.11729
1483.735	-0.83528	-5.41630	-0.71424	-5.05565
1487.723	-0.86389	-4.94729	-0.65943	-5.20027
1491.726	-0.78479	-5.44038	-0.66774	-5.23550
1495.723	-0.82131	-5.69559	-0.63744	-4.99524
1499.721	-0.66838	-4.63248	-0.61119	-5.19179
1503.719	-0.80667	-5.39432	-0.62359	-5.17051
1507.722	-1.69217	-4.95557	-0.71948	-4.79484
1511.726	-1.77660	-2.23660	-0.98849	-2.34532
1515.720	-3.16013	-1.08805	-1.76871	-0.17317
1519.724	-3.75667	-0.26918	-2.03442	1.77212
1523.745	-4.09932	0.66789	-2.42337	2.20099
1527.732	-3.98247	1.12258	-2.88351	2.45220
1531.719	-4.45538	0.84937	-3.22032	2.67794
1535.725	-5.22581	1.16619	-3.23306	3.10642
1539.726	-5.30719	1.29558	-3.04853	3.40070
1543.724	-5.06907	1.26098	-2.91767	3.27413
1547.722	-4.88372	1.26965	-2.83519	3.44671
1551.730	-4.52466	1.31240	-2.95666	3.49735
1555.725	-4.36518	1.49285	-2.98834	3.36182
1559.733	-4.62101	1.55007	-3.12098	3.36591
1563.722	-4.61906	1.44988	-3.16701	3.56320
1567.718	-4.76835	1.43972	-3.23336	3.59218
1571.729	-4.69260	1.64034	-3.26586	3.79483
1575.727	-4.72588	1.78639	-3.24142	3.77587
1579.724	-4.68661	1.84379	-3.18546	3.67558
1583.719	-4.70182	1.63859	-3.17366	3.80594
1587.723	-4.68883	1.49813	-3.32001	3.88498
1591.730	-4.45747	1.83235	-3.38605	3.85257
1595.724	-4.67838	1.81796	-3.25894	3.73290
1599.729	-4.81779	1.68923	-3.35459	3.81906
1603.739	-4.76675	1.45831	-3.26107	3.93650
1607.728	-4.78496	1.77953	-3.17668	3.84313
1611.724	-4.67059	1.76446	-3.15681	3.81751
1616.058	-4.69739	1.57381	-3.12019	3.93497
1619.727	-4.75479	1.25908	-3.10871	3.74063
1623.719	-4.72844	1.64261	-3.14560	3.76783
1627.730	-4.67091	1.82797	-3.12190	3.83992
1631.720	-4.78013	1.78204	-3.05877	3.80927
1635.724	-4.83563	1.30627	-3.09035	3.67645
1639.719	-4.71232	1.88830	-3.11774	3.79016
1643.726	-4.69253	1.39290	-3.12289	3.83125
1647.717	-4.59867	1.56636	-3.00616	3.87084
1651.724	-4.59201	1.50605	-3.04447	3.73799
1655.728	-4.68274	1.41446	-3.09681	3.39897
1659.728	-4.68462	1.52469	-3.11834	3.54980
1663.718	-4.75038	1.52059	-3.09993	3.90457
1667.721	-4.84299	1.80261	-3.14637	3.87994
1671.718	-4.76781	1.81498	-3.26483	3.75469
1675.722	-4.67705	1.72760	-3.04212	3.84868
1679.718	-4.70927	1.69815	-3.00509	3.80625
1683.725	-4.78531	1.62151	-2.87457	3.83701
1687.720	-4.81574	1.59895	-2.85071	3.66946
1691.722	-4.78319	1.69983	-2.95958	3.62981
1695.721	-4.81135	1.69555	-3.05187	3.59379
1699.714	-4.76803	1.75204	-3.09703	3.60672
1703.734	-4.75563	1.84062	-3.12239	3.54454
1707.724	-4.75492	1.96608	-3.31917	3.50810
1711.721	-4.65676	1.95631	-2.85536	3.49544
1715.717	-4.71656	1.68428	-3.13143	4.16092
1719.725	-4.79578	2.38399	-3.26116	5.12304
1723.723	-4.90452	3.58619	-3.41187	5.95481
1727.729	-5.31905	4.08396	-3.65146	6.11728
1731.717	-5.25138	4.22717	-3.80184	6.93866
1735.725	-5.18547	4.30507	-3.77468	6.71818
1739.729	-5.28945	4.17046	-3.75264	6.69204
1743.728	-5.41787	4.10843	-3.75660	6.61353
1747.721	-5.53722	4.16984	-3.68967	6.71827
1751.745	-5.59120	4.29900	-3.67754	6.78925
1755.778	-5.49846	4.45799	-3.76176	7.17237
1759.718	-5.58931	4.30017	-3.83865	7.08407
1763.719	-5.60770	4.37619	-3.91417	7.06592
1767.719	-5.64452	4.32382	-3.76369	6.98621
1771.737	-5.59474	4.26590	-3.81219	7.11452
1775.721	-5.65363	4.33326	-3.72551	6.80067
1779.732	-5.72814	4.47261	-3.93317	6.92887
1783.721	-5.59681	4.60004	-3.84478	7.20539
1787.718	-5.60207	4.48081	-3.85508	7.19732
1791.720	-5.64968	4.50509	-3.85634	7.55500
1795.725	-5.50343	4.45242	-3.89792	7.61140
1799.717	-5.57021	4.39698	-3.88698	7.35159
1803.719	-5.71593	4.51903	-3.87287	7.28145
1807.725	-5.79509	4.67971	-3.91588	7.52200
1811.725	-5.44694	4.80165	-3.85162	7.43992
1815.717	-5.61539	4.70733	-3.89407	7.54895
1819.722	-5.67905	4.62531	-3.86773	7.12512
1823.720	-5.55123	4.48609	-3.83653	6.96252
1827.722	-5.47122	4.48089	-3.80055	6.51309
1831.717	-5.60047	4.50051	-3.75343	6.93061
1835.719	-5.64026	4.37976	-3.84510	6.95341
1839.717	-5.70529	4.31815	-3.80854	6.91634
1843.720	-5.72244	4.29614	-3.80858	7.31839
1847.722	-5.72057	4.27191	-3.86556	7.33778
1851.725	-5.63058	4.23212	-3.83821	7.31655
1855.719	-5.62466	4.18986	-3.81320	7.57010
1859.722	-5.54235	4.28495	-3.82175	7.17166
1863.714	-5.52650	4.30307	-3.87598	7.60445
1867.716	-5.53881	4.49776	-3.89165	7.86933
1871.717	-5.56023	4.62824	-3.88727	7.72798
1875.723	-5.52342	4.73899	-3.93354	7.33375
1879.715	-5.49996	4.67527	-3.92334	7.48638
1883.718	-5.50358	4.91661	-3.95157	11.63580
1888.099	-5.37106	5.14502	-2.19958	11.42653
1891.743	-1.13471	4.04618	-9.75398	12.89491
1895.718	-1.15459	4.34711	NaN	NaN
1899.719	-7.87367	4.64012	NaN	NaN
1903.759	-5.66224	4.61761	NaN	NaN
1907.714	NaN	NaN	NaN	NaN
1911.717	NaN	NaN	NaN	NaN
1915.717	NaN	NaN	NaN	NaN
1919.711	NaN	NaN	NaN	NaN
1923.724	NaN	NaN	NaN	NaN
1927.720	NaN	NaN	NaN	NaN
1931.861	NaN	NaN	NaN	NaN
1935.970	NaN	NaN	NaN	NaN
1940.005	NaN	NaN	NaN	NaN
1944.106	NaN	NaN	NaN	NaN
1948.239	NaN	NaN	NaN	NaN
1953.126	NaN	NaN	NaN	NaN
1956.199	NaN	NaN	NaN	NaN
1960.034	NaN	NaN	NaN	NaN
1963.711	NaN	NaN	NaN	NaN
1967.727	NaN	NaN	NaN	NaN
1971.719	NaN	NaN	NaN	NaN
1975.723	8.04742	10.60636	NaN	NaN
1979.717	2.21105	0.66131	NaN	NaN
1983.716	1.38009	-0.16468	NaN	NaN
1987.711	3.72400	-0.29332	NaN	NaN
1991.723	4.22935	-0.39392	-2.85319	13.30961
1995.717	4.25233	-0.28750	-2.09891	3.10497
1999.723	1.28561	-0.47362	-1.96070	-0.61344
2003.712	1.27326	-0.43303	-1.60035	-0.94478
2007.713	1.14315	-0.50641	-0.39132	-1.27388
2011.716	1.09058	-0.46285	-0.19474	-1.84750
2015.718	1.08651	-0.46180	-0.07547	-1.90478
2019.730	1.09319	-0.45519	2.61583	-1.88016
2023.718	0.94805	-0.50965	2.68363	-1.92191
2027.728	0.95832	-0.52214	2.37067	-1.85665
2031.712	1.04724	-0.51815	2.39086	-1.72477
2035.738	1.13444	-0.54181	2.28080	-1.68521
2039.711	1.20031	-0.56376	2.27345	-1.51182
2043.726	1.32404	-0.53035	2.24086	-1.52287
2047.719	1.44852	-0.55779	2.25954	-1.56121
2051.717	1.65552	-0.59723	2.25543	-1.42705
2055.713	1.72272	-0.62646	2.21960	-1.48299
2059.718	1.60593	-0.61902	2.21531	-1.47943
2063.713	1.74930	-0.63482	2.17527	-1.42854
2067.717	1.82485	-0.61652	2.14771	-1.51974
2071.712	1.85965	-0.64623	2.15675	-1.56303
2075.714	1.96618	-0.66092	2.15309	-1.71037
2079.709	1.98313	-0.65704	2.14649	-1.70010
2083.717	2.01645	-0.72056	2.13423	-1.88682
2087.711	2.04513	-0.82811	2.13311	-1.86253
2091.745	1.89657	-0.81577	2.11413	-1.87910
2095.721	1.83112	-0.83196	2.10136	-2.01008
2099.720	1.85217	-0.89180	2.08835	-2.03547
2103.717	1.84520	-0.94496	2.08947	-1.98614
2107.593	1.90088	-0.95429	2.07184	-2.05905
2111.588	1.86474	-0.98286	2.04200	-2.07268
2115.591	1.83851	-1.00368	2.03224	-2.09998
2119.587	1.85063	-1.01483	2.04488	-2.06328
2123.589	1.81793	-1.12096	2.07576	-2.06592
2127.584	1.80209	-1.12467	2.08538	-2.04604
2131.590	1.76569	-1.19937	2.05058	-2.04284
2135.587	1.81974	-1.23215	2.02054	-2.05537
2139.586	1.74174	-1.21716	1.99392	-1.96396
2143.604	1.73175	-1.24748	1.95847	-1.95747
2147.598	1.76529	-1.28514	1.91062	-2.01108
2151.598	1.77149	-1.39451	1.98531	-1.97689
2155.601	1.72225	-1.41302	1.98975	-1.99462
2159.589	1.72835	-1.41922	1.99828	-1.97598
2163.592	1.71072	-1.43896	2.01265	-1.97299
2167.585	1.64000	-1.35821	1.99221	-1.89470
2171.590	1.57887	-1.38368	1.97057	-1.90041
2175.586	1.63764	-1.27639	1.97399	-1.88386
2179.599	1.60484	-1.24900	2.02299	-1.88425
2183.591	1.63623	-1.21514	2.03015	-1.93407
2187.599	1.66653	-1.28585	2.04835	-1.94427
2191.600	1.66993	-1.26391	2.05918	-1.91355
2195.586	1.65448	-1.28790	2.05638	-1.97804
2199.591	1.66929	-1.33692	2.02388	-1.90327
2203.585	1.67576	-1.26979	2.00405	-1.92438
2207.588	1.67665	-1.20700	1.94156	-2.01688
2211.583	1.68816	-1.28577	1.90584	-2.00184
2215.605	1.69304	-1.17198	1.95026	-1.99836
2219.594	1.66162	-1.21674	1.95750	-2.04563
2223.581	1.67147	-1.23709	1.85028	-1.89605
2227.675	1.71506	-1.25603	1.82700	-1.91872
2231.598	1.75352	-1.25745	1.78887	-1.88939
2235.585	1.69029	-1.26101	1.78587	-1.93492
2239.586	1.65433	-1.24758	1.74873	-1.89075
2243.621	1.68136	-1.23753	1.78312	-1.95311
2247.585	1.68302	-1.26395	1.80511	-1.95023
2251.592	1.65376	-1.31292	1.81086	-1.95456
2255.584	1.56774	-1.32852	1.82797	-1.93120
2259.585	1.27326	-1.41005	1.68850	-1.89150
2263.585	0.38435	-1.43520	1.51325	-1.82260
2267.589	-0.34293	-1.41845	0.91368	-1.80064
2271.588	-0.68685	-1.38763	0.52247	-1.69854
2275.588	-0.48488	-1.34951	0.57292	-1.66037
2279.594	-0.13868	-1.30693	0.48696	-1.56937
2283.602	-0.10230	-1.31392	0.60444	-1.56927
2287.588	-0.00958	-1.24865	0.63382	-1.53080
2291.586	0.00007	-1.14890	0.58828	-1.43605
2295.588	-0.01554	-1.10344	0.50560	-1.41385
2299.596	-0.15471	-1.04131	0.42519	-1.33385
2303.587	-0.25175	-1.00829	0.37752	-1.28448
2307.584	-0.21966	-0.95342	0.28250	-1.22347
2311.580	-0.15310	-0.93121	0.30774	-1.20057
2315.597	-0.09287	-0.91820	0.26369	-1.11642
2319.587	-0.12039	-0.89529	0.30339	-1.14448
2323.593	-0.14538	-0.89745	0.27108	-1.17444
2327.580	-0.11895	-0.93966	0.23929	-1.18339
2331.584	-0.07162	-0.95524	0.19452	-1.14124
2335.591	-0.06907	-1.00870	0.12684	-1.14805
2339.595	-0.12483	-1.05997	0.09006	-1.12401
2343.579	-0.13406	-1.03488	0.09123	-1.15883
2347.580	-0.07867	-1.06561	0.14935	-1.17234
2351.598	-0.11592	-1.10803	0.16811	-1.23605
2355.592	-0.14640	-1.11814	0.22954	-1.27665
2359.585	-0.21969	-1.07993	0.25569	-1.30146
2363.589	-0.21217	-1.12323	0.31545	-1.36722
2367.643	-0.12315	-1.04996	0.35819	-1.32248
2371.582	-0.04961	-1.01578	0.40020	-1.32764
2375.584	0.02559	-0.93208	0.48192	-1.33056
2379.579	0.07440	-0.93116	0.53309	-1.37413
2383.596	0.09279	-0.85032	0.58280	-1.38992
2387.593	0.21341	-0.88527	0.61853	-1.38693
2391.582	0.11543	-0.85204	0.62464	-1.42648
2395.585	0.18179	-0.80848	0.69695	-1.42013
2399.596	0.14533	-0.77862	0.72000	-1.40274
2403.589	0.21683	-0.77810	0.75002	-1.43774
2407.588	0.21460	-0.79350	0.77064	-1.44856
2411.584	0.23103	-0.86162	0.77389	-1.44447
2415.581	0.21792	-0.86513	0.78362	-1.46381
2419.587	0.17568	-0.90068	0.78302	-1.45546
2423.585	0.10525	-0.89430	0.80610	-1.43912
2427.582	0.06825	-0.91797	0.80895	-1.42119
2431.586	0.03735	-0.95213	0.80124	-1.51830
2435.676	-0.00906	-0.96632	0.83870	-1.45343
2439.601	-0.03564	-1.01135	0.82692	-1.47198
2443.582	-0.07547	-1.02174	0.80019	-1.44418
2447.584	-0.11937	-1.05850	0.80339	-1.44560
2451.582	-0.13550	-1.08478	0.80727	-1.41625
2455.585	-0.20355	-1.02171	0.77198	-1.42746
2459.583	-0.20909	-1.10530	0.76012	-1.42105
2463.581	-0.20745	-1.09546	0.73178	-1.42285
2467.584	-0.23170	-1.13908	0.67533	-1.44321
2471.604	-0.24026	-1.11667	0.64471	-1.43527
2475.584	-0.24798	-1.12218	0.60322	-1.38152
2479.587	-0.21547	-1.12142	0.57927	-1.44385
2483.584	-0.22135	-1.11299	0.55156	-1.48466
2487.584	-0.23261	-1.10691	0.53977	-1.48337
2491.579	-0.23338	-1.08853	0.47319	-1.47397
2495.578	-0.21795	-1.05832	0.42946	-1.49708
2499.581	-0.19080	-1.10989	0.45128	-1.41595
2503.583	-0.20425	-1.08401	0.42946	-1.37771
2507.577	-0.20767	-1.09288	0.39579	-1.30591
2511.585	-0.14970	-1.12681	0.42368	-1.27581
2515.580	-0.11878	-1.15577	0.41425	-1.22032
2519.581	-0.12620	-1.17778	0.43142	-1.22668
2523.581	-0.17951	-1.21816	0.48207	-1.21517
2527.597	-0.20368	-1.21496	0.47681	-1.14717
2531.586	-0.12699	-1.24926	0.51595	-1.17972
2535.583	-0.06770	-1.25071	0.57195	-1.32215
2539.584	-0.17194	-1.25612	0.56478	-1.42213
2543.585	-0.28108	-1.22437	0.39268	-1.32563
2547.582	-0.55071	-0.78796	0.27925	-0.60813
2551.580	-1.08341	1.30474	-0.19167	1.43364
2555.582	-3.10339	1.45297	-1.08210	2.94553
2559.583	-2.98727	2.74863	-1.49674	4.28928
2563.584	-3.27141	3.32942	-1.70950	5.16037
2567.610	-3.26965	3.62151	-1.69483	6.19235
2571.582	-3.65967	3.71826	-2.14273	6.62180
2575.599	-4.08473	3.70722	-2.36158	6.10952
2579.580	-3.92381	3.73375	-2.20887	5.95339
2583.583	-3.92074	3.73171	-2.32008	5.95181
2587.575	-3.58994	3.79305	-2.21038	5.71236
2591.587	-3.32936	3.81891	-2.26571	5.81425
2595.583	-3.52020	3.88262	-2.29119	5.65307
2599.579	-3.62079	3.94297	-2.35115	5.71960
2603.591	-3.85610	4.00937	-2.48983	5.81127
2607.592	-3.76811	4.18500	-2.50328	6.04655
2611.578	-3.76626	4.19569	-2.54189	6.06901
2615.581	-3.80713	4.29117	-2.53352	5.96716
2619.577	-3.78654	4.30848	-2.48854	6.06393
2623.583	-3.71651	4.34689	-2.54105	6.08428
2627.578	-3.77802	4.39333	-2.53466	6.11210
2631.581	-3.72410	4.44011	-2.57796	6.19699
2635.614	-3.76957	4.46611	-2.57855	6.17032
2639.585	-3.80211	4.47087	-2.58081	6.24619
2643.593	-3.84075	4.48866	-2.58821	6.33486
2647.584	-3.78061	4.48786	-2.53179	6.39624
2651.578	-3.82726	4.45634	-2.51329	6.44311
2655.580	-3.89681	4.45714	-2.50412	6.46293
2659.583	-3.92262	4.44742	-2.51054	6.54400
2663.585	-3.71392	4.50163	-2.52557	6.53020
2667.579	-3.82981	4.53945	-2.56315	6.51403
2671.575	-3.79722	4.55250	-2.75291	6.54981
2675.585	-3.80216	4.57290	-2.80216	6.61501
2679.575	-3.88060	4.57332	-2.64678	6.65674
2683.581	-3.85059	4.60610	-2.56154	6.60486
2687.578	-3.87262	4.61068	-2.59616	6.62235
2691.586	-3.91785	4.62009	-2.58955	6.59433
2695.576	-3.92376	4.62843	-2.62085	6.57455
2699.579	-3.87994	4.60527	-2.59004	6.55567
2703.579	-3.83082	4.57992	-2.61110	6.50306
2707.587	-3.90163	4.49942	-2.64978	6.47806
2711.576	-3.93492	4.43133	-2.47982	6.33370
2715.577	-3.94890	4.33093	-2.45118	6.21670
2719.578	-3.94868	4.24667	-2.39884	6.33101
2723.586	-3.93944	4.21834	-2.38487	6.28459
2727.574	-3.94960	4.13006	-2.38640	6.26136
2731.590	-3.90076	4.03455	-2.36061	6.18654
2735.581	-3.85622	3.97779	-2.35504	6.15851
2739.577	-3.83930	3.95386	-2.32511	6.15940
2743.576	-3.82371	3.89024	-2.31668	6.10959
2747.574	-3.84915	3.76866	-2.29592	6.09011
2751.581	-3.80184	3.79607	-2.27535	5.45480
2755.578	-3.73381	3.25946	-2.22731	4.42142
2759.584	-3.69526	0.67253	-1.78919	1.33011
2763.573	-3.62029	0.15797	-1.61592	0.47430
2767.579	-2.83363	-0.40330	-1.31796	-0.88226
2771.583	-2.76641	-1.55314	-1.48332	-1.22002
2775.601	-3.15543	-1.43713	-1.40279	-1.24564
2779.590	-3.00225	-1.34294	-1.60201	-0.38471
2783.578	-2.76918	-1.16371	-1.44374	-0.01048
2787.577	-2.47660	-0.65428	-1.47134	0.21135
2791.574	-2.11314	-0.31380	-1.30248	0.29627
2795.580	-1.97701	-0.51522	-1.15565	0.07918
2799.577	-2.25162	-0.84935	-1.11641	-0.09781
2803.571	-2.17628	-0.85507	-1.10239	-0.27701
2807.591	-2.27585	-1.14330	-1.08401	-0.47877
2811.585	-2.22416	-0.99868	-1.06165	-0.39075
2815.580	-2.30179	-1.03439	-1.02030	-0.46276
2819.574	-2.30680	-0.91460	-0.98055	-0.43871
2823.581	-2.31034	-0.89077	-0.94666	-0.45516
2827.585	-2.22755	-0.87863	-0.98048	-0.36965
2831.577	-2.22312	-0.91890	-0.95370	-0.41049
2835.574	-2.20476	-0.92755	-0.93765	-0.50128
2839.611	-2.14349	-0.94389	-0.96328	-0.50040
2843.589	-2.08446	-0.94093	-0.97973	-0.50435
2847.575	-2.18895	-0.89995	-1.03201	-0.53353
2851.572	-2.11078	-0.82872	-1.05850	-0.47825
2855.575	-2.09710	-0.79424	-1.09254	-0.45164
2859.578	-2.07655	-0.75060	-1.10241	-0.45497
2863.580	-1.98569	-0.72390	-1.11827	-0.41196
2867.571	-2.01776	-0.70139	-1.12866	-0.41882
2871.573	-1.97518	-0.69826	-1.11794	-0.44789
2875.586	-1.96491	-0.69397	-1.10393	-0.47849
2879.581	-1.99696	-0.67675	-1.11132	-0.43932
2883.572	-2.02567	-0.67068	-1.12762	-0.44138
2887.576	-2.07179	-0.67334	-1.14300	-0.47041
2891.571	-2.04403	-0.70806	-1.12271	-0.47782
2895.593	-2.07058	-0.72416	-1.15017	-0.48823
2899.571	-2.06956	-0.76416	-1.17374	-0.50477
2903.607	-2.08845	-0.73712	-1.19557	-0.49383
2907.581	-2.12174	-0.75195	-1.20658	-0.53288
2911.579	-2.11648	-0.76918	-1.23052	-0.55451
2915.575	-2.11006	-0.81921	-1.23977	-0.58221
2919.573	-2.11802	-0.83770	-1.22821	-0.62451
2923.570	-2.14630	-0.81552	-1.21807	-0.64921
2927.587	-2.13658	-0.84204	-1.26778	-0.70928
2931.580	-2.11341	-0.85153	-1.28524	-0.74313
2935.575	-2.11492	-0.84324	-1.25123	-0.78910
2939.574	-2.11683	-0.84083	-1.25364	-0.80340
2943.596	-2.10486	-0.87229	-1.29171	-0.86350
2947.577	-2.21514	-0.69984	-1.35425	-0.84467
2951.576	-3.41684	0.46608	-1.77881	1.08823
2955.574	-3.95980	2.67721	-2.70201	3.75737
2959.450	-4.12132	3.90421	-3.17522	5.14978
2963.446	-5.04853	3.94270	-3.34573	5.74279
2967.450	-4.87759	4.13595	-3.57456	6.20960
2971.446	-5.21870	4.25168	-3.50600	5.95312
2975.444	-5.26792	4.24006	-3.31180	6.01240
2979.445	-5.12568	4.26397	-3.11876	5.92801
2983.455	-4.94709	4.16771	-2.83660	5.35138
2987.454	-4.84437	4.12285	-3.20157	5.20856
2991.459	-4.96283	4.15079	-3.24711	5.16086
2995.446	-5.06740	4.03944	-3.44661	5.57052
2999.445	-5.21220	4.18431	-3.49404	6.06391
3003.460	-5.33040	4.17131	-3.45752	5.90776
3007.447	-5.33783	4.15394	-3.49730	6.11538
3011.447	-5.29895	4.12813	-3.53266	6.36728
3015.450	-5.30636	4.11255	-3.61569	6.29836
3019.449	-5.25879	4.12146	-3.57394	6.31609
3023.447	-5.25704	4.06152	-3.66160	6.25727
3027.457	-5.25754	3.96795	-3.66562	6.26858
3031.472	-5.23236	3.88289	-3.69748	6.25273
3035.453	-5.27292	3.83397	-3.68127	6.35179
3039.448	-5.22099	3.81246	-3.63994	6.37454
3043.476	-5.23516	3.81688	-3.57656	6.30188
3047.500	-5.19305	3.84665	-3.59473	6.31759
3051.448	-5.15729	3.82974	-3.55204	6.30626
3055.441	-5.18185	3.75523	-3.55444	6.28750
3059.449	-5.12686	3.73530	-3.54576	6.36853
3063.450	-5.12070	3.66761	-3.52593	6.48045
3067.460	-5.12425	3.81439	-3.48190	6.68369
3071.443	-5.10477	3.82722	-3.45279	6.53249
3075.448	-5.07574	4.00429	-3.45274	6.50069
3079.440	-5.07161	4.11605	-3.42688	6.39148
3083.454	-5.03334	4.06105	-3.37348	6.44070
3087.442	-4.94130	4.07916	-3.39500	6.50766
3091.447	-4.90612	4.10115	-3.42460	6.52666
3095.451	-4.96073	4.02349	-3.44676	6.41525
3099.452	-4.92915	3.98059	-3.43637	6.30608
3103.445	-5.03693	3.95134	-3.39866	6.39122
3107.442	-5.07619	3.93134	-3.36606	6.28531
3111.453	-5.13794	3.91520	-3.34484	6.25571
3115.505	-5.13661	3.91597	-3.33280	6.26376
3119.444	-5.11430	3.89933	-3.34944	6.22267
3123.445	-5.10078	3.85477	-3.37301	6.25737
3127.442	-5.24494	3.86712	-3.38046	6.29581
3131.459	-5.23775	3.85667	-3.41889	6.36375
3135.453	-5.27410	3.87115	-3.39552	6.32406
3139.453	-5.23283	3.91949	-3.37549	6.29380
3143.444	-5.26226	3.50848	-3.33035	6.02458
3147.442	-5.13946	1.32110	-3.07204	2.13314
3151.454	-4.44891	0.37567	-2.23650	0.98340
3155.452	-3.99598	-1.42350	-1.65173	0.05740
3159.460	-3.71780	-1.83969	-1.49314	-0.79041
3163.447	-3.17626	-1.56905	-1.42456	-1.12813
3167.446	-3.00071	-1.82280	-1.44319	-1.27283
3171.454	-3.08186	-1.57579	-1.46854	-1.22420
3175.442	-2.95488	-0.96265	-1.39391	-0.81399
3179.452	-2.98851	-0.96552	-1.36288	-0.22636
3183.444	-3.01584	-1.03885	-1.51794	-0.20898
3187.450	-2.96346	-1.27426	-1.43944	-0.43419
3191.449	-2.90200	-1.29455	-1.48116	-0.58116
3195.447	-2.89933	-1.39032	-1.59844	-0.78128
3199.456	-2.88547	-1.24649	-1.57004	-0.96744
3203.448	-2.82684	-1.38708	-1.66438	-1.02737
3207.443	-2.71778	-1.39974	-1.69433	-1.00416
3211.443	-2.67756	-1.32035	-1.67050	-0.96608
3215.450	-2.58529	-1.35235	-1.71588	-0.96812
3219.450	-2.55344	-1.36561	-1.71585	-0.93939
3223.448	-2.47697	-1.45868	-1.73388	-1.03654
3227.447	-2.38786	-1.46359	-1.60526	-1.11805
3231.441	-2.44839	-1.48355	-1.49039	-1.15116
3235.452	-2.37183	-1.50174	-1.38679	-1.21084
3239.451	-2.31009	-1.49799	-1.34849	-1.23256
3243.445	-2.24723	-1.53502	-1.24374	-1.20763
3247.811	-2.21509	-1.53818	-1.30243	-1.17587
3251.449	-2.17908	-1.51219	-1.26564	-1.13218
3255.442	-2.16089	-1.54476	-1.21683	-1.11735
3259.446	-2.18860	-1.49923	-1.26145	-1.08852
3263.442	-2.19417	-1.54136	-1.27430	-1.11186
3267.447	-2.17675	-1.50686	-1.28301	-1.14545
3271.444	-2.17581	-1.48691	-1.36454	-1.18229
3275.451	-2.12679	-1.46264	-1.41179	-1.17874
3279.458	-2.11745	-1.39440	-1.49932	-1.15692
3283.455	-2.10104	-1.40121	-1.52094	-1.16366
3287.447	-2.08721	-1.34794	-1.55777	-1.15431
3291.446	-2.17646	-1.26204	-1.59407	-1.08824
3295.443	-2.19492	-1.21978	-1.63107	-1.08785
3299.445	-2.19127	-1.14180	-1.66991	-1.06024
3303.444	-2.24914	-1.17670	-1.66160	-1.06111
3307.443	-2.24891	-1.12118	-1.66663	-1.01790
3311.438	-2.22577	-1.06021	-1.69827	-0.85914
3315.441	-2.35182	-1.00328	-1.70985	-0.82578
3319.473	-2.42292	-1.02179	-1.73641	-0.78028
3323.442	-2.50135	-1.00873	-1.70646	-0.75111
3327.442	-2.49607	-0.98990	-1.73393	-0.73486
3331.442	-2.57650	-1.01502	-1.73239	-0.72654
3335.455	-2.72211	-1.02014	-1.73641	-0.62929
3339.439	-2.71020	-1.05385	-1.72465	-0.67174
3343.453	-2.81684	-1.10067	-1.70975	-0.68319
3347.440	-2.85527	-1.14625	-1.70933	-0.71051
3351.443	-2.88054	-1.13467	-1.68218	-0.71042
3355.444	-2.96136	-1.18698	-1.66512	-0.73742
3359.455	-2.97450	-1.30396	-1.66031	-0.79198
3363.439	-2.97997	-1.33808	-1.62887	-0.83796
3367.441	-2.97386	-1.38814	-1.59075	-0.88136
3371.451	-2.97844	-1.40728	-1.56335	-0.91679
3375.443	-3.00247	-1.45506	-1.54274	-0.97247
3379.438	-2.93559	-1.46086	-1.49242	-1.03530
3383.443	-2.90797	-1.46444	-1.44989	-1.09536
3387.450	-2.84856	-1.54460	-1.39820	-1.14746
3391.442	-2.80011	-1.58608	-1.36901	-1.17149
3395.442	-2.66459	-1.66746	-1.33391	-1.23050
3399.444	-2.64091	-1.68694	-1.32939	-1.22609
3403.453	-2.58591	-1.67379	-1.30241	-1.24539
3407.436	-2.52552	-1.66990	-1.26622	-1.28787
3411.453	-2.48933	-1.66965	-1.22273	-1.29552
3415.443	-2.45755	-1.56719	-1.25009	-1.27470
3419.440	-2.05209	-1.91986	-1.19467	-1.18500
3423.448	-1.12278	-2.16287	-0.85424	-1.13257
3427.466	-0.26190	-1.48131	0.32608	-1.15054
3431.443	-0.07279	-1.31342	0.98906	-1.10710
3435.436	0.09111	-1.24946	1.12035	-1.11572
3439.448	0.09267	-1.14870	0.85275	-1.00320
3443.449	-0.43621	-0.95598	0.59913	-0.95382
3447.457	-0.69176	-0.95330	0.68506	-0.92534
3451.444	-0.53860	-0.95115	0.64317	-0.86038
3455.441	-0.32645	-0.98143	0.60339	-0.77672
3459.444	-0.26589	-0.90271	0.29893	-0.79417
3463.439	-0.44435	-0.93086	0.40842	-0.77746
3467.441	-0.51905	-0.91381	0.43505	-0.73992
3471.439	-0.55113	-1.03558	0.44778	-0.71488
3475.442	-0.57081	-1.12716	0.43698	-0.69140
3479.436	-0.56905	-1.14434	0.36623	-0.64027
3483.446	-0.69034	-1.11392	0.34777	-0.64475
3487.448	-0.63605	-1.13596	0.33767	-0.67367
3491.446	-0.56054	-1.11784	0.35062	-0.68321
3495.436	-0.48510	-1.12638	0.32049	-0.69456
3499.443	-0.38286	-1.05262	0.33355	-0.76423
3503.434	-0.48994	-1.06487	0.34789	-0.77242
3507.446	-0.41882	-0.95787	0.37283	-0.79193
3511.436	-0.44331	-0.96726	0.45219	-0.85619
3515.441	-0.42070	-0.92868	0.49232	-0.91367
3519.439	-0.42772	-0.86039	0.50590	-0.98039
3523.448	-0.40628	-0.82084	0.55292	-1.09070
3527.445	-0.40564	-0.75895	0.59952	-1.12919
3531.439	-0.42691	-0.67724	0.65662	-1.21650
3535.441	-0.44663	-0.60292	0.67898	-1.25720
3539.445	-0.51949	-0.58163	0.74903	-1.32429
3543.434	-0.52925	-0.54883	0.81156	-1.41682
3547.449	-0.55726	-0.53958	0.84198	-1.50530
3551.436	-0.55759	-0.52915	0.87619	-1.56890
3555.442	-0.55997	-0.47864	0.89500	-1.63935
3559.440	-0.54940	-0.44383	0.91783	-1.65982
3563.440	-0.55300	-0.41441	0.93502	-1.66877
3567.451	-0.58019	-0.34953	0.94227	-1.67358
3571.441	-0.50793	-0.30439	0.94383	-1.65824
3575.437	-0.51277	-0.37615	0.91386	-1.65299
3579.448	-0.48572	-0.37491	0.91912	-1.63854
3583.436	-0.43256	-0.41921	0.89418	-1.52586
3587.443	-0.44269	-0.57256	0.86716	-1.43820
3591.444	-0.41904	-0.73391	0.83019	-1.26163
3595.435	-0.42688	-0.83373	0.80094	-1.15743
3599.441	-0.45487	-0.70742	0.76325	-1.03670
3603.437	-0.44209	-0.91198	0.72565	-0.87351
3607.446	-0.44760	-0.96845	0.67360	-0.75932
3611.447	-0.45991	-0.87976	0.66293	-0.82394
3615.438	-0.45547	-0.99659	0.62496	-0.91407
3619.438	-0.50460	-0.66764	0.34102	-0.57053
3623.437	-1.41826	0.30100	0.31121	-0.53182
3627.441	-2.83997	1.41857	-1.24377	2.86807
3631.438	-3.18168	3.40759	-2.34575	3.32557
3635.466	-3.56460	4.08388	-2.51321	4.90485
3639.433	-3.96923	3.78821	-2.90200	5.30709
3643.437	-4.59354	3.86952	-3.26314	5.37126
3647.431	-5.25069	4.02990	-3.59229	5.48428
3651.448	-5.24282	4.02402	-3.78506	5.56239
3655.446	-5.07560	4.08288	-3.39470	5.47063
3659.443	-4.67130	3.99308	-3.02856	5.39666
3663.436	-5.00351	4.01648	-3.00319	5.37000
3667.437	-4.46221	4.07636	-3.21495	5.41120
3671.432	-4.70582	4.08268	-3.32474	5.52615
3675.454	-4.58451	4.11076	-3.42257	5.52184
3679.442	-4.67369	4.15023	-3.62487	5.55344
3683.439	-4.71250	4.18710	-3.55105	5.54630
3687.432	-4.73702	4.25028	-3.61834	5.60809
3691.445	-4.69709	4.24267	-3.69523	5.59118
3695.448	-4.69048	4.25532	-3.76267	5.59451
3699.447	-4.66157	4.20197	-3.76196	5.58005
3703.431	-4.72110	4.23230	-3.61085	5.61774
3707.429	-4.76031	4.23588	-3.65942	5.70936
3711.436	-4.83467	4.21190	-3.64471	5.63241
3715.436	-4.89183	4.16714	-3.58331	5.56512
3719.450	-4.94617	4.16831	-3.52106	5.59529
3723.883	-4.94021	4.08786	-3.42079	5.74318
3727.493	-4.96714	4.07323	-3.43333	5.98407
3731.442	-4.97810	4.09745	-3.46417	5.85276
3735.438	-5.00334	4.05057	-3.38625	5.88846
3739.437	-4.93437	4.01131	-3.34504	5.85854
3743.450	-4.99199	4.04126	-3.31588	6.11113
3747.442	-4.94842	4.10623	-3.31709	6.11758
3751.432	-4.94452	4.12088	-3.31059	6.15460
3755.437	-4.90358	4.11141	-3.32253	6.23794
3759.435	-4.86308	4.13924	-3.33104	6.31281
3763.436	-4.84686	4.13555	-3.33775	6.41144
3767.440	-4.78639	4.11749	-3.36315	6.44336
3771.437	-4.73231	4.14957	-3.37781	6.40594
3775.444	-4.71777	4.10339	-3.40141	6.38983
3779.436	-4.69443	4.06767	-3.41978	6.32042
3783.437	-4.73283	4.04973	-3.37596	6.52121
3787.436	-4.74099	4.01610	-3.37796	6.49247
3791.435	-4.73717	3.97541	-3.39329	6.51710
3795.430	-4.68494	3.96621	-3.35825	6.57940
3799.439	-4.68745	3.98114	-3.39742	6.55546
3803.435	-4.60158	4.00787	-3.41446	6.56189
3807.436	-4.61736	4.06011	-3.45287	6.59917
3811.431	-4.65387	4.11618	-3.41911	6.58981
3815.313	-4.66280	4.17082	-3.40326	6.56412
3819.308	-4.68629	4.21689	-3.39416	6.53404
3823.314	-4.73451	4.22520	-3.28961	6.52459
3827.330	-4.71225	4.18410	-3.36171	6.51053
3831.312	-4.62498	4.32657	-3.37279	6.15198
3835.307	-4.46916	3.89558	-3.14894	5.66912
3839.310	-4.21323	1.89134	-2.82182	4.18206
3843.333	-3.92670	1.58170	-2.30526	1.44130
3847.313	-3.35842	0.68535	-2.10952	0.11587
3851.329	-3.84476	0.76220	-2.20359	0.70469
3855.312	-3.24145	0.40332	-1.69718	0.25933
3859.308	-3.21562	0.13740	-1.83791	0.54795
3863.314	-2.91381	-0.05137	-1.68751	0.52047
3867.311	-2.70877	-0.11867	-1.61664	0.50730
3871.311	-2.73784	-0.04190	-1.63348	0.67090
3875.307	-2.67296	0.16507	-1.59192	0.89847
3879.316	-2.77505	0.05535	-1.60164	0.99457
3883.309	-2.74200	0.03319	-1.58398	0.97347
3887.306	-2.55227	-0.06258	-1.56174	0.87656
3891.308	-2.52448	-0.19689	-1.59033	0.96582
3895.310	-2.37154	-0.27824	-1.47692	0.84885
3899.312	-2.37885	-0.34225	-1.44701	0.83284
3903.315	-2.32694	-0.40823	-1.40036	0.78532
3907.318	-2.39091	-0.49398	-1.39639	0.75783
3911.306	-2.47593	-0.62678	-1.37645	0.47243
3915.310	-2.40845	-0.50857	-1.38188	0.57462
3919.308	-2.45136	-0.63665	-1.36372	0.50033
3923.303	-2.51663	-0.58163	-1.36670	0.53163
3927.303	-2.54848	-0.66100	-1.30640	0.60368
3931.373	-2.50791	-0.58074	-0.56885	0.44989
3935.307	-2.42255	-0.41843	-0.29652	0.40175
3939.305	-2.51495	-0.15680	-0.28783	0.38207
3943.353	-2.36918	-0.23537	2.27097	-3.91346
3947.319	-2.32806	-0.49378	2.52602	-3.87026
3951.304	-2.33693	-0.42674	2.47843	-3.82250
3955.309	-2.28653	-0.42822	2.42505	-3.76256
3959.306	-2.21529	-0.35383	2.35476	-3.73158
3963.306	-2.21784	-0.38569	2.35548	-3.69761
3967.306	-2.18927	-0.36777	2.35784	-3.72742
3971.308	-2.15326	-0.38364	2.35107	-3.73211
3975.303	-2.19398	-0.42622	2.37206	-3.72822
3979.300	-2.20800	-0.47403	2.35628	-3.73657
3983.328	-2.24465	-0.51375	2.34000	-3.76351
3987.317	-2.27097	-0.53007	2.30358	-3.73003
3991.308	-2.33204	-0.53812	2.27236	-3.74065
3995.327	-2.36534	-0.53796	2.23727	-3.73876
3999.310	-2.42693	-0.55615	2.21402	-3.78011
4003.307	-2.44289	-0.60105	2.21764	-3.80430
4007.299	-2.43441	-0.57911	2.20612	-3.82458
4011.303	-2.43087	-0.58477	2.19212	-3.85492
4015.303	-2.45032	-0.54934	2.18924	-3.89867
4019.320	-2.47147	-0.51398	2.16243	-3.89837
4023.308	-2.43664	-0.42711	2.14097	-3.90384
4027.341	-2.33256	-0.43144	2.10761	-3.88798
4031.311	-2.30799	-0.38368	2.07851	-3.89774
4035.326	-2.23628	-0.37538	2.05053	-3.92671
4039.306	-2.22404	-0.32138	2.02951	-3.89880
4043.307	-2.17861	-0.25474	2.01010	-3.90186
4047.295	-2.07192	-0.23661	4.10379	-4.43155
4051.312	-2.08384	-0.20522	4.05219	-4.57720
4055.314	-1.99059	-0.18333	4.13717	-4.95468
4059.304	-2.00827	-0.19013	4.16774	-4.93525
4063.308	-1.96367	-0.21921	4.14764	-4.81826
4067.310	-1.88455	-0.21411	4.18272	-5.05172
4071.309	-1.90428	-0.22439	4.17847	-5.15744
4075.300	-1.90849	-0.18224	4.14613	-5.13417
4079.307	-1.91333	-0.15835	4.09876	-5.20565
4083.302	-1.90353	-0.17509	4.01342	-5.19548
4087.302	-1.89942	-0.17022	4.05964	-5.21814
4091.303	-1.92562	-0.19731	4.15887	-5.24640
4095.303	-1.84027	-0.18697	-0.83476	-0.75882
4099.319	-1.19381	-0.18327	0.72079	-0.73598
4103.300	0.91818	0.18841	1.54844	-0.81743
4107.313	0.23472	0.20620	1.23826	-0.81381
4111.302	0.73511	0.30236	1.50661	-0.80265
4115.307	0.74709	0.59728	2.18077	-0.75050
4119.308	0.94708	0.66487	1.77722	-0.59463
4123.307	0.99665	0.67003	1.72498	-0.49990
4127.307	0.83337	0.88553	1.70963	-0.51063
4131.309	0.66322	0.88105	1.58540	-0.50840
4135.310	0.63645	0.79733	1.50718	-0.42141
4139.300	0.64585	0.75232	1.51115	-0.40999
4143.316	0.81362	0.80143	1.59908	-0.37003
4147.303	0.89555	0.79001	1.54755	-0.27135
4151.305	0.97214	0.75176	1.56337	-0.25913
4155.318	1.00806	0.80153	1.56444	-0.19760
4159.314	1.05945	0.74846	1.58768	-0.22820
4163.306	0.91723	0.77318	1.62512	-0.26476
4167.304	0.85597	0.75700	1.70013	-0.35302
4171.307	0.85848	0.78949	1.70926	-0.38600
4175.305	1.02104	0.74676	1.76817	-0.36520
4179.302	0.91274	0.73118	1.85782	-0.39643
4183.301	1.00816	0.79557	1.91868	-0.36261
4187.306	0.94515	0.77097	1.93908	-0.28423
4191.306	0.88150	0.79868	1.92756	-0.45780
4195.307	0.77635	0.74787	1.98648	-0.37988
4199.308	0.71980	0.72411	1.99927	-0.38269
4203.313	0.78650	0.70442	1.97002	-0.31795
4207.301	0.76459	0.45052	1.92788	-0.27351
4211.334	0.80528	0.38484	1.92265	-0.29775
4215.301	0.86887	0.41351	1.93165	-0.37523
4219.304	0.85875	0.44002	1.89191	-0.36341
4223.304	0.90602	0.31226	1.87961	-0.45866
4227.302	0.92537	0.24431	1.84738	-0.54531
4231.297	0.93262	0.16960	1.82403	-0.56869
4235.317	0.96872	0.15521	1.80407	-0.56187
4239.314	1.00608	0.12857	1.76053	-0.57512
4243.311	1.06096	0.09404	1.74945	-0.63055
4247.304	1.10527	0.07831	1.71070	-0.67253
4251.304	1.13092	0.08315	1.68208	-0.69447
4255.308	1.16081	0.05766	1.65037	-0.70278
4259.299	1.17019	0.07167	1.60972	-0.67816
4263.303	1.18550	0.05083	1.56300	-0.68654
4267.304	1.17580	0.05985	1.52032	-0.67866
4271.306	1.17019	0.04663	1.50155	-0.63689
4275.305	1.23704	0.02524	1.47920	-0.60423
4279.317	1.25607	0.02251	1.45175	-0.53695
4283.305	1.28239	-0.01255	1.45051	-0.54214
4287.301	1.32121	-0.03791	1.46841	-0.49537
4291.297	1.33584	-0.06916	1.46596	-0.48049
4295.308	1.35147	-0.08528	1.47186	-0.43516
4299.303	1.32724	-0.07820	1.46884	-0.43185
4303.300	1.33354	-0.10394	1.47079	-0.46874
4307.304	1.32093	-0.14868	1.48277	-0.47485
4311.299	1.31220	-0.19303	1.51385	-0.45504
4315.303	1.29623	-0.20301	1.50708	-0.48185
4319.299	1.27567	-0.16883	1.51085	-0.48393
4323.309	1.27021	-0.16240	1.54115	-0.50312
4327.298	1.28070	-0.12931	1.55931	-0.50456
4331.302	1.23414	-0.12243	1.52575	-0.50333
4335.329	1.17932	-0.09570	1.54358	-0.50181
4339.304	1.14789	-0.05299	1.61535	-0.55772
4343.312	1.12817	-0.10042	1.63871	-0.57848
4347.306	1.12633	-0.06574	1.71417	-0.57545
4351.297	1.08661	-0.03585	1.77164	-0.57462
4355.302	1.10911	-0.02822	1.80481	-0.58283
4359.303	1.12040	-0.02966	1.86099	-0.61598
4363.302	1.14940	-0.09247	1.90579	-0.67721
4367.300	1.13553	-0.08914	1.93670	-0.54995
4371.300	1.12586	-0.07963	1.97247	-0.51384
4375.299	1.16054	-0.11222	2.00852	-0.45895
4379.304	1.19807	-0.07294	2.04359	-0.29614
4383.298	1.23878	-0.11505	2.05256	-0.20979
4387.311	1.22169	-0.07150	2.07063	-0.13390
4391.302	1.27954	-0.03307	2.07779	-0.05744
4395.296	1.27023	-0.01709	2.07150	0.04222
4399.300	1.20259	-0.01925	2.06956	0.16241
4403.315	1.18981	0.05220	2.08064	0.21160
4407.315	1.13122	0.07605	2.07150	0.28826
4411.316	1.13494	0.05486	2.06927	0.37999
4415.300	1.10174	0.01185	2.06305	0.45513
4419.296	1.10231	0.03332	2.05948	0.51865
4423.301	1.04466	0.01091	2.04349	0.49737
4427.301	1.04394	0.04467	2.03124	0.55841
4431.299	1.00866	0.05588	2.02574	0.61222
4435.294	0.95333	-0.00360	2.01788	0.58054
4439.300	0.91880	0.00569	2.01987	0.55916
4443.293	0.97797	0.03309	2.05100	0.49881
4447.317	0.95899	-0.03876	2.03672	0.47361
4451.299	0.97693	-0.02656	2.06904	0.37510
4455.298	0.97718	-0.00554	2.07412	0.26248
4459.301	0.98005	-0.00435	2.14587	0.19466
4463.297	0.99908	0.01811	2.18491	0.12905
4467.301	0.98936	0.21725	2.08248	0.19836
4471.327	1.19631	0.45090	2.13876	0.09722
4475.304	1.84887	0.16993	2.41876	-0.00385
4479.297	2.75180	0.13619	3.61799	-0.86190
4483.297	3.33275	-0.36292	4.14384	-3.17460
4487.298	4.05792	-0.87600	4.34860	-5.69744
4491.298	4.47190	-1.49440	4.36111	-3.27497
4495.302	4.31358	-1.74938	2.32721	-1.70160
4499.298	4.40700	-2.02103	2.71330	-2.35652
4503.290	4.58237	-1.99081	2.89685	-2.37295
4507.316	4.30176	-1.97273	3.11918	-2.29932
4511.288	4.21925	-1.89252	3.03747	-2.13160
4515.307	4.19924	-1.94685	3.10938	-2.05821
4519.293	4.20494	-1.98268	3.25335	-1.92176
4523.300	4.17257	-1.92900	3.18437	-2.03913
4527.302	4.24927	-2.06085	3.18262	-2.08012
4531.300	4.26121	-2.11640	3.19504	-2.14912
4535.299	4.26292	-2.04045	3.28204	-2.21151
4539.320	4.31013	-2.15541	3.27205	-2.14923
4543.298	4.36651	-2.14744	3.42379	-2.16277
4547.296	4.31696	-2.17853	3.46968	-2.11622
4551.297	4.40335	-2.15762	3.48185	-2.16876
4555.297	4.46514	-2.18552	3.57723	-2.19508
4559.306	4.49854	-2.24132	3.68826	-2.22975
4563.303	4.64243	-2.25277	3.74021	-2.25923
4567.292	4.66159	-2.27625	3.76337	-2.30140
4571.301	4.75967	-2.27897	3.84154	-2.27362
4575.296	4.78641	-2.19212	3.86516	-2.30120
4579.312	4.84652	-2.19695	3.89943	-2.23826
4583.294	4.89594	-2.18467	3.91427	-2.25409
4587.299	4.88774	-2.20195	3.93542	-2.24475
4591.299	4.96509	-2.12447	3.97550	-2.24249
4595.299	4.98049	-2.13930	3.98768	-2.20731
4599.308	4.99248	-2.10547	4.01455	-2.19360
4603.320	5.01206	-2.00699	4.00218	-2.15460
4607.306	4.98630	-1.90856	4.02369	-2.13595
4611.303	4.98751	-1.75671	4.02929	-2.06875
4615.303	4.96669	-1.77826	4.03752	-2.04145
4619.293	4.96731	-1.69825	4.06137	-2.01003
4623.296	4.95312	-1.64038	4.08715	-2.00590
4627.291	4.94546	-1.53907	4.11698	-5.40028
4631.300	4.98295	-1.45465	4.11873	-5.20493
4635.292	5.01154	-1.47826	4.11579	-5.18283
4639.296	5.03509	-1.40113	4.17092	-5.23460
4643.350	5.08217	-1.35014	4.20044	-5.22676
4647.294	5.15217	-1.29696	4.21629	-5.20058
4651.300	5.18030	-1.31523	4.26176	-5.22799
4655.298	5.26049	-1.30529	4.32192	-5.22707
4659.291	5.35901	-1.31001	4.35775	-5.20456
4663.292	5.40363	-1.26276	4.35205	-5.25738
4667.299	5.07776	-1.37813	5.15167	-5.20930
4671.166	3.26782	-1.80369	4.35499	-5.19401
4675.170	1.29405	-3.13058	2.41687	-5.33771
4679.172	0.10753	-3.90893	2.00866	-5.35254
4683.175	-0.29004	-4.15006	1.57322	-5.33876
4687.186	-0.90525	-5.04520	1.21606	-5.25437
4691.170	-1.22995	-4.68457	0.03576	-5.24216
4695.169	-2.32808	-4.92427	-1.13980	-5.27831
4699.169	-3.36339	-4.95390	-1.64813	-5.19291
4703.171	-3.84063	-4.75331	-3.24823	-5.06396
4707.168	-4.52007	-4.88764	-3.69773	-4.93770
4711.182	-4.98393	-4.77924	-3.80881	-4.84714
4715.179	-4.86850	-4.63834	-3.92887	-4.79749
4719.165	-5.11236	-4.72265	-4.04703	-4.69159
4723.165	-5.03659	-4.85301	-3.92322	-4.65292
4727.175	-4.68595	-4.90932	-3.64808	-4.59432
4731.175	-4.75221	-4.89398	-3.90350	-4.63185
4735.167	-4.75455	-4.90884	-3.78894	-4.65367
4739.165	-4.75396	-5.02780	-4.01312	-4.64168
4743.208	-4.87907	-4.91701	-4.17411	-4.62959
4747.187	-4.91930	-5.09335	-4.16509	-4.61734
4751.169	-5.09263	-5.14889	-4.23071	-4.60863
4755.167	-5.01627	-5.25035	-4.24055	-4.61893
4759.166	-5.02723	-5.31084	-4.33841	-4.63164
4763.169	-4.95650	-5.33985	-4.29766	-4.60961
4767.169	-5.00746	-5.33382	-4.22686	-4.59602
4771.167	-5.06538	-5.22237	-4.28424	-4.57088
4775.164	-5.16662	-5.28327	-4.26432	-4.55665
4779.192	-5.26211	-5.17933	-4.25771	-4.51958
4783.169	-5.34090	-5.02509	-4.22871	-4.45679
4787.179	-5.33913	-5.10212	-4.15204	-4.44456
4791.165	-5.40552	-4.97409	-4.00307	-4.42336
4795.172	-5.39197	-4.97874	-4.01332	-4.44595
4799.164	-5.36494	-4.75561	-3.93013	-4.44836
4803.201	-5.35967	-4.69346	-3.90121	-4.43526
4807.167	-5.41654	-4.60303	-3.85427	-4.45266
4811.167	-5.41876	-4.43842	-3.85471	-4.46029
4815.171	-5.43209	-4.45226	-3.82670	-4.46017
4819.170	-5.36078	-4.30836	-3.74333	-4.42905
4823.168	-5.27508	-4.14208	-3.70270	-4.38453
4827.166	-5.27474	-4.14993	-3.64518	-4.37473
4831.188	-5.26903	-4.33803	-3.59990	-4.33086
4835.163	-5.27336	-4.36951	-3.64766	-4.25638
4839.180	-5.23492	-4.40257	-3.58887	-4.17990
4843.168	-5.23179	-4.39824	-3.57777	-4.11612
4847.174	-5.26295	-4.57121	-3.60643	-4.04343
4851.167	-5.27543	-4.64089	-3.57641	-3.99025
4855.169	-5.30759	-4.81380	-3.54571	-3.91915
4859.166	-5.36366	-4.72584	-3.64585	-3.80050
4863.166	-5.38240	-5.03104	-3.73606	-3.69189
4867.171	-5.53707	-5.12410	-3.77374	-3.67013
4871.171	-5.58373	-5.26993	-3.94186	-3.52784
4875.164	-5.57517	-5.33884	-3.89609	-3.55384
4879.198	-5.58297	-5.44435	-3.95463	-3.54831
4883.191	-5.55285	-5.28505	-3.87171	-3.43598
4887.166	-5.51388	-5.34226	-3.99583	-3.37628
4891.161	-5.57903	-5.24840	-3.90239	-3.34649
4895.164	-5.62087	-5.34323	-3.91373	-3.29933
4899.177	-5.45371	-5.31616	-4.01816	-3.26353
4903.162	-5.32449	-5.36727	-4.04841	-3.25010
4907.191	-5.28771	-5.29226	-3.96017	-3.19546
4911.170	-5.19458	-5.25234	-3.93114	-3.15732
4915.170	-5.30532	-5.15399	-3.89713	-3.18804
4919.174	-5.27565	-5.00897	-3.92704	-3.16865
4923.163	-5.18158	-4.94721	-3.95629	-3.14096
4927.166	-5.17407	-4.77727	-3.97820	-3.27667
4931.163	-5.14636	-4.60077	-3.97857	-3.44532
4935.169	-5.01534	-4.47841	-4.02752	-3.56345
4939.164	-5.00509	-4.21870	-4.08619	-3.57159
4943.175	-4.99386	-4.02511	-4.11930	-3.72147
4947.167	-4.91043	-4.09742	-4.05401	-3.70176
4951.183	-4.94891	-4.11800	-4.07703	-3.72806
4955.163	-4.72416	-4.01982	-3.59745	-3.75697
4959.167	-3.63119	-3.94339	-2.28519	-3.87148
4963.164	0.04710	-3.74462	-0.07403	-3.90186
4967.166	1.85827	-3.60833	1.94248	-3.94995
4971.168	2.93700	-3.31236	2.98673	-3.95973
4975.167	3.95933	-3.33537	4.33705	-3.94658
4979.166	4.45619	-3.32189	5.04681	-4.50575
4983.163	6.43420	-3.29764	6.73725	-6.12883
4987.167	8.49326	-3.36213	8.33095	-6.96740
4991.170	9.23918	-3.36850	9.74441	-8.67642
4995.165	11.75648	-3.31685	12.86631	-5.84546
4999.179	12.02152	-3.09771	12.32648	-9.42007
5003.198	13.59767	-3.02104	12.71214	-10.36044
5007.162	15.06899	-3.08896	13.12237	-10.67966
5011.159	15.37506	-2.95684	13.62938	-10.84504
5015.197	15.19422	-3.09675	14.04510	-12.47501
5019.181	15.84488	-3.01691	14.28016	-12.27808
5023.166	14.97428	-2.99663	13.70893	-10.77874
5027.163	14.75293	-2.94029	13.05559	-10.48379
5031.167	14.83165	-2.76505	13.66423	-10.68144
5035.166	15.11727	-2.67542	13.97138	-10.61822
5039.164	15.33010	-2.76420	13.85573	-10.61183
5043.176	15.34356	-2.70399	13.88776	-10.86921
5047.162	15.20938	-2.67323	14.04715	-11.34551
5051.162	15.04399	-2.61248	13.97444	-10.74010
5055.166	15.10091	-2.54194	13.95799	-10.80152
5059.163	15.53958	-2.58827	13.77113	-10.50240
5063.159	15.52071	-2.62884	13.71657	-10.63177
5067.173	15.27483	-2.51319	13.77024	-10.64979
5071.165	15.43831	-2.47592	13.76708	-10.84554
5075.177	15.41155	-2.31355	13.80835	-10.99485
5079.160	15.39451	-2.54559	13.79211	-10.91635
5083.166	15.42147	-2.54739	13.75453	-10.63531
5087.163	15.29935	-2.43481	13.74210	-10.50872
5091.159	15.37831	-2.49414	13.72725	-10.47735
5095.164	15.34446	-2.37408	13.82777	-10.58771
5099.164	15.49089	-2.34331	13.82979	-10.89671
5103.163	15.50246	-2.34997	13.80030	-10.81431
5107.183	15.31909	-2.40312	13.75427	-10.43604
5111.167	15.39746	-2.39266	13.70067	-10.39835
5115.170	15.53631	-2.30389	13.77106	-10.20208
5119.173	15.67506	-2.33780	13.69148	-10.39713
5123.171	15.33530	-2.33519	13.63960	-10.29596
5127.159	15.48344	-2.27648	13.64234	-10.27920
5131.163	15.42673	-2.34452	13.67700	-10.27826
5135.156	15.70031	-2.35361	13.84673	-10.39827
5139.169	15.50843	-2.59629	13.77797	-10.86684
5143.157	15.30912	-2.64424	13.67138	-10.41300
5147.166	15.43139	-2.59080	13.58868	-10.24523
5151.170	15.47300	-2.57073	13.54108	-9.98762
5155.175	15.63746	-2.37836	13.71516	-10.44792
5159.205	15.69815	-2.50185	13.56629	-10.02123
5163.173	15.57988	-2.67349	13.49298	-9.68163
5167.160	15.37342	-2.51125	13.47775	-9.49304
5171.160	15.69397	-2.37563	13.54035	-9.35082
5175.167	15.64494	-2.34280	13.54192	-9.45894
5179.180	15.70774	-2.45002	13.42218	-9.70488
5183.162	15.66546	-2.41668	13.36652	-9.74844
5187.162	15.78127	-2.35976	13.39889	-9.67658
5191.165	15.84870	-2.26982	13.40189	-9.66702
5195.161	15.75916	-2.22385	13.47118	-9.89298
5199.163	15.65092	-2.36899	13.44658	-9.80757
5203.164	15.80813	-2.37127	13.29025	-9.28849
5207.164	15.66804	-2.40005	13.40241	-9.60657
5211.159	15.76575	-2.48205	13.42927	-9.58831
5215.163	15.74739	-2.45563	13.37930	-9.70399
5219.164	15.62588	-2.71244	13.37395	-9.72226
5223.167	15.60065	-2.82404	13.36779	-9.67828
5227.161	15.63870	-2.75460	13.41650	-9.66877
5231.156	15.75911	-2.81713	13.41765	-10.00106
5235.162	15.61598	-2.74807	13.35992	-9.75675
5239.158	15.73791	-2.78197	13.30806	-9.56516
5243.181	15.73313	-2.63116	13.33678	-9.68734
5247.163	15.75660	-2.53164	13.33448	-9.62037
5251.163	15.84325	-2.64841	13.35073	-9.58393
5255.164	15.83524	-2.57945	13.37869	-9.49258
5259.169	15.68120	-2.53788	13.28178	-9.29484
5263.162	14.48097	-2.46878	12.72985	-8.38151
5267.156	12.01625	-2.48292	10.09566	-6.38652
5271.159	9.48724	-2.27975	9.66754	-5.72949
5275.174	6.84898	-2.18615	7.56300	-3.88906
5279.159	5.09581	-1.43469	6.86055	-3.17711
5283.170	2.92161	-1.31496	6.09108	-3.08799
5287.184	2.20421	-1.68453	5.07104	-2.70821
5291.166	1.06503	-1.89031	3.02685	-1.15625
5295.159	0.39787	-1.62230	2.46169	-1.16508
5299.157	-0.95867	-1.57465	1.43959	-0.88783
5303.162	-1.33458	-1.53407	0.35089	-0.40090
5307.168	-2.05102	-1.39699	-0.23130	-0.37698
5311.169	-3.21837	-1.10594	-0.79106	-0.06833
5315.158	-2.95747	-1.22731	-1.05572	0.04316
5319.159	-2.37077	-1.11758	-0.79240	0.41548
5323.157	-1.95805	-1.01188	-0.37055	0.42605
5327.167	-1.93936	-1.06611	-0.64734	0.22937
5331.158	-1.96070	-1.11414	-0.79342	0.19939
5335.160	-2.60428	-1.32122	-0.97214	0.13069
5339.156	-2.48257	-1.22385	-1.02734	0.05719
5343.160	-2.62301	-1.01938	-1.04858	0.15675
5347.164	-2.52458	-0.93431	-1.14496	0.13048
5351.158	-2.60916	-0.92504	-1.13759	0.17833
5355.162	-2.74286	-0.90112	-1.17637	0.39377
5359.173	-2.65357	-0.98781	-1.17136	0.33338
5363.161	-2.70059	-1.00594	-1.18277	0.16447
5367.162	-2.75759	-1.21200	-1.18269	0.03205
5371.161	-2.74472	-1.23526	-1.24739	-0.12874
5375.156	-2.68472	-1.14468	-1.25309	-0.00835
5379.166	-2.71332	-1.12530	-1.21576	-0.00589
5383.159	-2.73432	-0.99824	-1.19510	0.32321
5387.184	-2.68472	-0.89654	-1.20941	0.15485
5391.157	-2.57563	-0.92040	-1.17937	0.16389
5395.165	-2.60144	-0.89752	-1.19373	0.03669
5399.161	-2.64782	-0.91739	-1.19279	-0.17376
5403.152	-2.75150	-0.98786	-1.17696	-0.26277
5407.164	-2.83435	-1.07247	-1.15461	-0.27477
5411.173	-2.78211	-1.00488	-1.21482	-0.26500
5415.158	-2.69980	-1.16839	-1.21412	0.23313
5419.169	-2.65399	-0.99255	-1.21410	0.11935
5423.154	-2.77087	-0.90042	-1.17227	-0.06979
5427.158	-2.71161	-0.91769	-1.17577	-0.13619
5431.161	-2.68873	-1.02729	-1.15873	-0.23664
5435.159	-2.81060	-1.04748	-1.20457	-0.33665
5439.152	-2.80102	-1.14415	-1.23632	-0.40303
5443.170	-2.72617	-1.10700	-1.27056	-0.47300
5447.162	-2.63056	-1.14022	-1.34311	-0.48779
5451.164	-2.68678	-1.05598	-1.35494	-0.57982
5455.156	-2.61434	-1.01159	-1.36692	-0.42790
5459.165	-2.56572	-0.90330	-1.37791	-0.41935
5463.150	-2.58620	-0.86187	-1.40209	-0.44727
5467.163	-2.53417	-1.00468	-1.46497	-0.48941
5471.154	-2.53724	-1.12191	-1.52484	-0.59627
5475.161	-2.49099	-1.18913	-1.57161	-0.59099
5479.163	-2.45190	-1.31788	-1.60003	-0.54899
5483.153	-2.47571	-1.24175	-1.62349	-0.56579
5487.157	-2.46773	-1.16294	-1.63192	-0.54664
5491.187	-2.51512	-1.12630	-1.62723	-0.50613
5495.158	-2.54147	-1.05702	-1.64087	-0.47528
5499.155	-2.55334	-1.08644	-1.61667	-0.49267
5503.157	-2.62950	-1.06339	-1.58492	-0.45158
5507.153	-2.77485	-0.96057	-1.55154	-0.42992
5511.168	-2.69064	-0.78948	-1.50294	-0.36649
5515.156	-2.72900	-0.75551	-1.39014	-0.29897
5519.167	-2.80375	-0.55442	-1.34924	-0.20415
5523.028	-2.85215	-0.24692	-1.41343	-0.06126
5527.030	-2.87705	-0.30613	-1.36218	0.09423
5531.025	-2.86502	-0.21185	-1.14933	0.28238
5535.027	-2.75893	-0.29367	0.58702	0.16077
5539.050	-2.75715	-0.22616	2.55767	0.33833
5543.033	-2.11988	-0.15120	-4.76051	1.11951
5547.026	2.93168	-0.21774	-4.80031	15.15985
5551.039	3.22146	0.00494	NaN	NaN
5555.030	2.57796	-0.07157	NaN	NaN
5559.038	4.26496	2.37052	NaN	NaN
5563.037	NaN	NaN	NaN	NaN
5567.031	NaN	NaN	NaN	NaN
5571.021	6.50151	8.94745	NaN	NaN
5575.032	NaN	NaN	NaN	NaN
5579.043	NaN	NaN	NaN	NaN
5583.037	NaN	NaN	NaN	NaN
5587.026	NaN	NaN	NaN	NaN
5591.158	NaN	NaN	NaN	NaN
5595.034	NaN	NaN	NaN	NaN
5599.075	NaN	NaN	NaN	NaN
5603.028	NaN	NaN	NaN	NaN
5607.030	NaN	NaN	NaN	NaN
5611.034	NaN	NaN	NaN	NaN
5615.030	NaN	NaN	NaN	NaN
5619.028	NaN	NaN	NaN	NaN
5623.033	NaN	NaN	NaN	NaN
5627.305	NaN	NaN	NaN	NaN
5631.060	NaN	NaN	NaN	NaN
5635.032	NaN	NaN	NaN	NaN
5639.023	NaN	NaN	NaN	NaN
5643.047	NaN	NaN	NaN	NaN
5647.031	NaN	NaN	NaN	NaN
5651.036	NaN	NaN	NaN	NaN
5655.025	NaN	NaN	NaN	NaN
5659.022	NaN	NaN	NaN	NaN
5663.037	NaN	NaN	NaN	NaN
5667.040	NaN	NaN	NaN	NaN
5671.031	NaN	NaN	NaN	NaN
5675.439	NaN	NaN	NaN	NaN
5679.469	NaN	NaN	NaN	NaN
5683.279	NaN	NaN	NaN	NaN
5687.200	NaN	NaN	NaN	NaN
5691.115	NaN	NaN	NaN	NaN
5695.857	NaN	NaN	NaN	NaN
5699.803	NaN	NaN	NaN	NaN
5703.660	NaN	NaN	NaN	NaN
5707.537	NaN	NaN	NaN	NaN
5711.316	NaN	NaN	NaN	NaN
5715.562	NaN	NaN	NaN	NaN
5719.364	NaN	NaN	NaN	NaN
5723.023	NaN	NaN	NaN	NaN
5727.022	NaN	NaN	NaN	NaN
5731.022	NaN	NaN	NaN	NaN
5735.019	NaN	NaN	NaN	NaN
5739.016	NaN	NaN	NaN	NaN
5743.029	NaN	NaN	NaN	NaN
5747.032	NaN	NaN	NaN	NaN
5751.029	NaN	NaN	NaN	NaN
5755.031	NaN	NaN	NaN	NaN
5759.028	NaN	NaN	NaN	NaN
5763.025	NaN	NaN	-3.85237	10.36420
5767.023	NaN	NaN	-3.27475	-1.41963
5771.024	-6.99666	1.18223	-2.71647	-2.31885
5775.025	-6.58266	0.75239	-2.57437	-2.39755
5779.041	1.55822	-0.76505	-2.11720	-2.59859
5783.024	2.17346	-1.48329	-1.59159	-2.72622
5787.053	2.35422	-1.76926	-0.80724	-2.64124
5791.035	2.60364	-1.79428	-0.38802	-2.57211
5795.023	2.61912	-1.91943	0.16372	-2.52162
5799.027	0.46004	-1.82981	0.43510	-2.41625
5803.028	-1.38818	-1.58011	0.36084	-2.32434
5807.029	-1.36960	-1.87354	0.43465	-2.50598
5811.038	-1.04347	-1.72534	0.37941	-2.63713
5815.027	-1.08371	-1.82418	0.31181	-2.63586
5819.025	-1.22127	-1.69242	0.33953	-2.75045
5823.024	-1.13881	-1.79669	0.30302	-3.00821
5827.024	-1.08847	-1.91000	0.22611	-2.66911
5831.063	-1.97840	-3.87166	0.25048	-2.61549
5835.071	-3.02888	-4.48222	0.30798	-2.67397
5839.028	-2.61266	-5.13866	0.23582	-2.63429
5843.029	-1.25346	-5.31619	0.17003	-2.64745
5847.022	-1.00730	-2.10164	0.14047	-2.83827
5851.027	-0.98184	-2.23233	0.08490	-2.65440
5855.036	-1.02670	-2.25902	0.04877	-2.66127
5859.023	-1.07235	-2.20813	0.08632	-2.59565
5863.024	-1.28105	-2.19147	0.07257	-2.44995
5867.023	-1.22137	-2.35672	0.06554	-2.33381
5871.032	-1.26994	-2.37344	0.07445	-2.38049
5875.025	-1.09542	-2.30540	0.09915	-2.51051
5879.033	-1.01901	-2.35611	0.08143	-2.39203
5883.030	-1.12826	-2.24781	0.05338	-2.38439
5887.026	-1.19639	-2.12379	0.07078	-2.38960
5891.022	-1.14707	-2.19083	0.09607	-2.36868
5895.027	-1.07587	-2.16057	0.11327	-2.27218
5899.024	-0.90790	-2.28966	0.10947	-2.20149
5903.036	-1.00303	-2.35935	0.05884	-2.20261
5907.035	-1.02588	-2.58341	0.03060	-2.33068
5911.025	-0.98832	-2.46233	0.04427	-2.37675
5915.029	-1.00824	-2.27766	0.04681	-2.26471
5919.034	-1.01191	-2.42189	0.04130	-2.29441
5923.023	-1.08259	-2.35254	0.04040	-2.32292
5927.025	-0.99477	-2.17360	0.03735	-2.33043
5931.024	-0.87952	-2.63884	0.06753	-2.39233
5935.026	-0.80171	-2.61802	0.09753	-2.46887
5939.024	-0.86806	-2.49143	-0.01266	-2.49864
5943.071	-0.84421	-2.41231	-0.02879	-2.45689
5947.035	-1.08339	-2.25186	-0.05778	-2.42214
5951.033	-1.11296	-2.54657	-0.08746	-2.40016
5955.032	-0.84510	-2.53415	-0.15116	-2.28215
5959.036	-0.97710	-2.54162	-0.13801	-2.33710
5963.018	-0.88150	-2.54442	-0.07741	-2.30533
5967.059	-1.00938	-2.30445	0.04658	-2.31366
5971.041	-0.91086	-2.39661	-0.18087	-2.34699
5975.020	-0.83942	-2.44835	-0.13506	-2.26764
5979.024	-0.74077	-2.49449	-0.18057	-2.20856
5983.024	-0.85161	-2.54597	-0.15643	-2.17211
5987.027	-0.99504	-2.60072	-0.10979	-2.16407
5991.024	-0.96269	-2.61701	-0.03996	-2.20891
5995.053	-0.73407	-2.53816	0.03234	-2.22487
5999.025	-0.92205	-2.50940	-0.03824	-2.30377
6003.020	-0.93611	-2.50711	-0.09423	-2.31681
6007.024	-0.94720	-2.60083	-0.05517	-2.33115
6011.021	-0.85570	-2.66355	-0.00253	-2.30007
6015.025	-0.75630	-2.64946	0.07959	-2.28727
6019.021	-0.74211	-2.53845	0.07200	-2.29592
6023.019	-0.96993	-2.24889	-0.00434	-2.34854
6027.019	-1.13653	-2.43804	-0.08847	-2.29079
6031.029	-1.09988	-2.52994	-0.04378	-2.27610
6035.024	-1.03166	-2.43616	0.01169	-2.21154
6039.027	-1.00854	-2.39598	-0.10570	-2.14512
6043.040	-0.89259	-2.31056	0.02450	-2.02024
6047.012	-0.66253	-2.31579	0.00946	-2.14068
6051.029	-0.83754	-2.29012	-0.00871	-2.12274
6055.016	-0.92264	-2.19404	0.01501	-2.07804
6059.025	-1.13928	-2.15365	-0.06932	-2.03270
6063.022	-1.13836	-2.20545	-0.05311	-1.99433
6067.028	-0.85396	-2.20539	-0.01144	-1.96996
6071.018	-0.85969	-2.15547	0.02536	-1.99250
6075.020	-0.84314	-2.07998	0.05792	-1.99031
6079.033	-0.72518	-2.06894	0.06123	-1.99890
6083.024	-0.55540	-2.08207	0.08123	-2.06372
6087.017	-0.55414	-1.98290	0.01546	-2.20981
6091.026	-0.62938	-1.91991	-0.01099	-2.11931
6095.016	-0.42969	-1.79819	-0.07505	-2.00406
6099.017	-0.54572	-1.47905	-0.11103	-1.92032
6103.037	-0.64858	-1.89277	-0.15265	-1.95871
6107.022	-0.53076	-1.70224	-0.14317	-1.98760
6111.021	-0.64861	-1.72405	-0.14603	-1.83654
6115.022	-0.51456	-1.81108	-0.16404	-1.77497
6119.014	-0.55451	-1.78406	-0.19636	-1.74279
6123.026	-0.55528	-1.76246	-0.20678	-1.79381
6127.027	-0.52577	-1.90552	-0.21715	-1.84343
6131.022	-0.61851	-1.82690	-0.22624	-1.74629
6135.016	-0.58342	-1.23157	-0.21465	-1.70280
6139.020	-0.67374	-2.10924	-0.17566	-1.64972
6143.025	-0.64925	-2.13478	-0.17261	-1.72140
6147.024	-0.65233	-2.24368	-0.16256	-1.75896
6151.057	-0.73454	-1.91421	-0.17159	-1.67559
6155.075	-0.67690	-1.99112	-0.17171	-1.58166
6159.021	-0.77077	-2.01952	-0.21261	-1.67668
6163.027	-0.80900	-2.09982	-0.20648	-1.62903
6167.013	-0.76412	-2.00562	-0.18665	-1.71767
6171.025	-0.72476	-1.87839	-0.15973	-1.86501
6175.025	-0.76791	-2.07384	-0.08917	-1.61675
6179.022	-0.84461	-2.13712	-0.08177	-1.69841
6183.020	-0.84664	-2.22368	-0.09307	-1.57467
6187.036	-0.86580	-2.14696	-0.08857	-1.44944
6191.037	-0.91728	-1.98433	-0.08284	-1.64550
6195.026	-0.84424	-1.97578	-0.05415	-1.59689
6199.021	-0.88339	-2.13948	-0.00946	-1.73680
6203.021	-0.83436	-2.15152	0.05073	-1.75904
6207.030	-0.79928	-2.12568	0.06331	-1.57603
6211.020	-0.82017	-2.11865	0.01859	-1.71974
6215.029	-0.87855	-2.28941	-0.01839	-1.68471
6219.021	-0.87535	-2.21449	0.00951	-1.54494
6223.017	-0.84334	-2.12154	0.02732	-1.71051
6227.027	-0.85848	-2.16058	0.09403	-1.59788
6231.018	-0.89222	-2.30329	0.03445	-1.68940
6235.022	-0.88049	-2.18337	0.00628	-1.69419
6239.029	-0.88604	-2.22316	0.00293	-1.65350
6243.018	-0.90259	-2.28743	0.01201	-1.67662
6247.026	-0.92053	-2.11651	0.03447	-1.69216
6251.025	-0.89426	-2.10027	-0.04331	-1.68334
6255.016	-0.95033	-2.23146	-0.03462	-1.69082
6259.032	-0.83104	-2.06125	0.01968	-1.68496
6263.015	-0.92609	-2.04529	0.05353	-1.67748
6267.022	-0.86788	-2.11210	-0.04968	-1.73153
6271.016	-0.90034	-2.18244	-0.06214	-1.69673
6275.017	-0.86317	-2.10136	-0.11900	-1.75745
6279.020	-0.80186	-2.09722	-0.05170	-1.57633
6283.029	-0.81610	-2.27463	-0.09061	-1.66629
6287.020	-0.74479	-2.05424	-0.10019	-1.50342
6291.026	-0.80362	-2.06744	-0.13622	-1.55976
6295.033	-0.82774	-2.04346	-0.13101	-1.54345
6299.020	-0.84957	-2.20850	-0.08205	-1.68985
6303.018	-0.85808	-2.11056	-0.08805	-1.57789
6307.046	-0.74881	-2.06414	-0.15332	-1.64111
6311.024	-0.77766	-2.11830	-0.12836	-1.69136
6315.019	-0.81660	-2.17495	-0.07758	-1.66974
6319.013	-0.95842	-2.13313	-0.02586	-1.54976
6323.018	-0.77588	-2.14919	-0.02827	-1.61621
6327.027	-0.83367	-2.08599	-0.08423	-1.71939
6331.021	-1.11373	-2.06403	-0.06557	-1.68707
6335.022	-1.11375	-2.17352	-0.11431	-1.68083
6339.019	-1.07130	-2.20994	-0.03733	-1.59900
6343.027	-0.94924	-2.20109	-0.10466	-1.68433
6347.023	-0.90882	-2.24818	-0.18092	-1.54903
6351.016	-0.98665	-2.26369	-0.14139	-1.60940
6355.019	-0.88418	-2.24869	-0.17365	-1.61183
6359.013	-0.85808	-2.21537	-0.11560	-1.57099
6363.027	-1.02161	-2.19405	-0.09984	-1.64523
6367.017	-1.21760	-2.24153	-0.14692	-1.67626
6371.034	-1.01365	-2.21348	-0.16201	-1.51770
6375.019	-1.08061	-2.24985	-0.06827	-1.58894
6378.903	-1.09003	-2.23044	-0.05658	-1.76405
6382.890	-1.09601	-2.24272	0.04482	-1.77957
6386.895	-0.97316	-2.19488	-0.02891	-1.71708
6390.892	-1.09857	-2.19169	-0.07175	-1.84099
6394.904	-0.93909	-2.17647	0.11200	-1.89376
6398.915	-0.87949	-2.14842	0.14997	-1.77463
6402.883	-1.07039	-2.13576	0.03926	-1.89436
6406.902	-1.22094	-2.18083	-0.09058	-1.81815
6410.888	-1.04352	-2.13402	-0.05614	-1.82368
6414.897	-1.04957	-2.07129	0.02042	-1.81500
6418.899	-1.08487	-2.02519	-0.01633	-1.79481
6422.884	-0.96152	-2.02760	-0.06070	-1.74459
6426.895	-1.03282	-2.00158	-0.18827	-1.77003
6430.897	-1.12397	-2.01167	-0.16940	-1.65516
6434.892	-1.03255	-1.95304	-0.13523	-1.63699
6438.886	-1.06768	-1.96657	-0.16395	-1.61124
6442.904	-1.12124	-2.02819	-0.20189	-1.56316
6446.903	-1.17823	-2.06262	-0.21410	-1.60890
6450.893	-1.12266	-1.99859	-0.22457	-1.61930
6454.889	-1.15558	-1.97135	-0.20780	-1.59683
6458.895	-1.18798	-2.00351	-0.19062	-1.52554
6462.888	-1.12181	-2.02370	-0.17419	-1.60081
6466.899	-1.24344	-2.04659	-0.23157	-1.55683
6470.891	-1.28271	-2.09819	-0.22723	-1.68904
6474.886	-1.32108	-2.00410	-0.16861	-1.69895
6478.890	-1.33373	-1.97422	-0.09225	-1.68722
6482.898	-1.39537	-1.98434	-0.07515	-1.83195
6486.897	-1.47466	-1.93576	-0.10947	-1.81882
6490.889	-1.51531	-1.92841	-0.18998	-1.86803
6494.890	-1.45063	-1.96538	-0.00921	-1.62274
6498.889	-1.44922	-2.02240	0.04767	-1.70559
6502.898	-1.46717	-2.09520	0.04318	-1.84590
6506.888	-1.54634	-2.16212	0.13143	-1.76919
6510.891	-1.49612	-2.02623	0.13732	-1.80099
6514.889	-1.31910	-1.96346	0.03904	-1.83654
6518.889	-1.25962	-1.99671	0.08105	-1.88083
6522.891	-0.88808	-2.02561	0.03239	-1.60868
6526.902	-0.84183	-2.01896	0.03623	-1.62413
6530.890	-1.10807	-1.98108	0.16457	-1.67336
6534.890	-1.32840	-2.09976	0.12054	-1.69250
6538.892	-1.18941	-2.10248	0.12841	-1.84332
6542.882	-0.16303	-2.08280	0.08158	-1.80397
6546.900	-0.09979	-2.07295	0.03678	-1.72272
6550.888	-0.08689	-2.00880	0.01626	-1.73752
6554.893	-0.28997	-1.96234	-0.01958	-1.71726
6558.888	-0.22095	-2.02542	-0.04410	-1.62269
6562.889	-1.86015	0.40939	-0.04663	-1.56310
6566.886	-1.04456	0.82572	-0.05428	-1.62356
6570.892	-2.23529	0.81540	-0.03864	-1.67386
6574.887	-1.09098	-2.03238	-0.15893	-1.65407
6578.890	-1.25488	-1.97621	-0.12354	-1.69898
6582.890	-1.70120	-1.91263	-0.13335	-1.61094
6586.895	-0.74791	-1.98935	-0.12669	-1.57419
6590.896	-1.13266	-1.97464	-0.09604	-1.55520
6594.905	-1.40291	-2.10516	-0.03115	-1.57839
6598.897	-1.19666	-2.06382	-0.05326	-1.50586
6602.898	-1.17986	-2.06024	-0.02871	-1.49424
6606.884	-0.86724	-2.13624	-0.08262	-1.45801
6610.889	-0.85982	-2.09729	-0.15305	-1.40565
6614.891	-0.96475	-2.05383	-0.03948	-1.32447
6618.893	-1.02305	-2.08223	-0.08634	-1.27085
6622.883	-1.07751	-2.15945	-0.02320	-1.26410
6626.894	-1.08058	-2.18391	0.09165	-1.30063
6630.882	-1.13129	-2.21890	0.05921	-1.29355
6634.892	-0.98194	-2.23747	0.04279	-1.34148
6638.883	-0.94827	-2.18586	-0.02948	-1.30915
6642.885	-1.02747	-2.31994	-0.06108	-1.39438
6646.888	-1.22546	-2.35545	-0.05616	-1.38999
6650.900	-1.29893	-2.27398	-0.04564	-1.39513
6654.900	-1.35147	-2.31488	-0.03514	-1.47894
6658.888	-1.20507	-2.30847	-0.01551	-1.52232
6662.889	-1.07763	-2.40552	-0.02588	-1.52985
6666.884	-1.09815	-2.36190	-0.00357	-1.52034
6670.885	-1.11360	-2.18940	-0.02995	-1.58112
6674.897	-1.31833	-2.19794	-0.03527	-1.58030
6678.883	-1.06570	-2.31073	-0.06147	-1.58758
6682.887	-1.04786	-2.26362	-0.04212	-1.62013
6686.885	-1.06041	-2.11910	-0.03608	-1.62001
6690.890	-1.01035	-1.98583	-0.07510	-1.60873
6694.883	-1.18559	-2.00267	-0.09185	-1.63590
6698.887	-0.93299	-2.21363	-0.07428	-1.64148
6702.883	-1.21196	-2.35829	-0.10500	-1.58835
6706.895	-1.24429	-2.13117	-0.10014	-1.52587
6710.891	-1.30035	-2.05771	-0.12151	-1.50397
6714.886	-1.22114	-2.06445	-0.07574	-1.41942
6718.888	-1.01538	-2.19527	-0.10535	-1.32795
6722.887	-1.21908	-2.13796	-0.34156	-1.32139
6726.885	-2.19398	-1.92764	-0.66975	-1.33501
6730.883	-3.95162	-2.04573	-1.38895	-1.31703
6734.898	-4.47765	-2.25155	-2.10233	-1.16801
6738.888	-3.99277	-2.30531	-2.15601	-1.01481
6742.884	-3.40937	-2.32357	-1.79120	-1.03159
6746.886	-3.24823	-2.23041	-1.79061	-0.94817
6750.890	-3.41763	-2.27456	-1.86137	-0.84332
6754.891	-3.37408	-2.31283	-1.84780	-0.88400
6758.885	-3.38380	-2.23216	-1.74367	-0.88221
6762.881	-3.45205	-2.28642	-1.80313	-1.04966
6766.887	-3.40150	-2.23594	-1.92773	-0.95236
6770.888	-3.48506	-2.29555	-2.03732	-0.94632
6774.888	-3.29377	-2.21595	-2.01637	-1.02634
6778.889	-3.24125	-2.09231	-1.92443	-0.96907
6782.880	-3.21023	-2.00935	-1.93906	-0.98453
6786.889	-3.18643	-2.03338	-1.98112	-1.07545
6790.888	-3.20365	-2.03664	-1.91380	-1.14632
6794.883	-3.16819	-2.01084	-1.94771	-1.19217
6798.908	-3.09401	-2.00776	-1.96836	-1.25675
6802.898	-3.10262	-2.04482	-2.04510	-1.24053
6806.890	-3.07830	-2.00499	-2.07539	-1.24584
6810.880	-3.09396	-2.00464	-2.04327	-1.13695
6814.889	-3.08691	-1.99942	-1.97929	-1.14136
