time (ms)	lx (deg)	ly (deg)	rx (deg)	ry (deg)
0.000	-0.07659	-2.17951	-1.03803	-1.45516
4.004	-0.06011	-2.05849	-1.05567	-1.46548
8.000	-0.00263	-2.13447	-1.03679	-1.43729
11.999	0.07043	-2.12862	-1.00548	-1.43814
16.000	0.03859	-2.00535	-0.97896	-1.52893
20.037	0.07708	-1.95236	-0.91631	-1.53472
24.009	0.09711	-1.69965	-0.94373	-1.59126
27.993	0.12523	-1.73992	-0.86699	-1.59504
31.992	0.15414	-1.65816	-0.88996	-1.56760
35.991	0.19976	-1.63569	-0.85791	-1.54755
39.999	0.21482	-1.59338	-0.81004	-1.67757
43.993	0.20105	-1.41191	-0.79915	-1.72734
47.995	0.21713	-1.35938	-0.78342	-1.74711
51.991	0.21130	-1.40063	-0.75335	-1.77162
56.016	0.22378	-1.36008	-0.74627	-1.77947
60.002	0.21375	-1.33057	-0.77789	-1.81821
63.992	0.17099	-1.32293	-0.78513	-1.79360
68.033	0.17040	-1.34741	-0.75588	-1.76053
72.007	0.07989	-1.27132	-0.78250	-1.75461
76.003	0.07083	-1.32440	-0.77697	-1.76871
79.998	0.01660	-1.33870	-0.75655	-1.79999
83.992	-0.06760	-1.32375	-0.78580	-1.78712
87.995	-0.00893	-1.21815	-0.77945	-1.71298
91.998	-0.05107	-1.05314	-0.76667	-1.62835
95.991	-0.11860	-0.74874	-0.75404	-1.61642
100.014	-0.18241	-0.79422	-0.69836	-1.26807
104.003	-0.12704	0.04175	-0.64305	-1.22771
107.997	-0.04135	-0.44357	-0.62843	-1.27673
111.989	-0.04559	-0.54922	-0.62838	-1.22264
115.996	0.04765	-0.47267	-0.63002	-0.95130
119.992	0.13300	-0.27995	-0.65245	-0.90907
124.001	0.13414	-0.32711	-0.69362	-0.86000
127.993	0.13707	-0.27992	-0.68963	-0.86549
131.994	0.08393	-0.23731	-0.71168	-0.68262
136.019	-0.01536	-0.31205	-0.75263	-0.60013
140.003	0.02713	-0.36399	-0.77858	-0.59054
143.866	0.01966	-0.34942	-0.87232	-0.58841
147.873	-0.07115	-0.40692	-0.95041	-0.56356
151.869	-0.18052	-0.45073	-1.02002	-0.55738
155.863	-0.17556	-0.50363	-0.99623	-0.60444
159.873	-0.26656	-0.56962	-0.98658	-0.59771
163.865	-0.34958	-0.63608	-0.89183	-0.64659
167.869	-0.45597	-0.70367	-0.82362	-0.62877
171.870	-0.44127	-0.77965	-0.76580	-0.67829
175.870	-0.53763	-0.83561	-0.70953	-0.74287
179.870	-0.46492	-0.66109	-0.72945	-0.76952
183.869	-0.46056	-0.68802	-0.59079	-0.89331
187.868	-0.51433	-0.79355	-0.47232	-0.90950
191.875	-0.49051	-0.78970	-0.41896	-0.92607
195.868	-0.37256	-0.66909	-0.36866	-0.92563
199.885	-0.32771	-0.48605	-0.31960	-0.91957
204.227	-0.25138	-0.27980	-0.30416	-0.93311
207.870	-0.10344	-0.11962	-0.31950	-0.89645
211.912	-0.16256	-0.45679	-0.33963	-0.90541
215.872	-0.14052	-0.58679	-0.28540	-0.83750
219.864	0.06095	-0.27041	-0.26552	-0.79877
223.879	0.13761	-0.30947	-0.28379	-0.72773
227.869	0.15950	-0.26660	-0.28108	-0.70518
231.879	0.12434	-0.32863	-0.37814	-0.64251
235.863	0.12714	-0.40096	-0.38861	-0.57818
239.868	0.10471	-0.37211	-0.45031	-0.55433
243.868	0.06574	-0.51074	-0.55868	-0.59874
247.868	-0.02315	-0.54261	-0.61002	-0.56837
251.863	-0.04956	-0.58048	-0.72007	-0.60707
255.873	-0.12930	-0.67748	-0.68940	-0.57299
259.869	-0.21772	-0.66766	-0.78615	-0.58117
263.867	-0.23616	-0.68282	-0.78583	-0.59481
267.863	-0.23038	-0.67360	-0.82133	-0.60936
271.944	-0.26125	-0.64182	-0.82573	-0.58392
275.880	-0.29240	-0.64632	-0.77010	-0.59924
279.867	-0.30257	-0.57496	-0.77707	-0.57628
283.862	-0.33159	-0.53356	-0.75761	-0.58053
287.870	-0.45840	-0.47181	-0.73094	-0.56386
291.863	-0.40631	-0.54533	-0.70779	-0.53264
295.869	-0.41842	-0.51139	-0.70551	-0.55152
299.882	-0.26726	0.27361	-0.70176	-0.53574
303.868	-0.26604	-0.28959	-0.69104	-0.55167
307.860	-0.27634	-0.14773	-0.68094	-0.56951
311.878	-0.33605	-0.05571	-0.66759	-0.54494
315.869	-0.27403	-0.00502	-0.66419	-0.54874
319.862	-0.39221	0.15421	-0.67047	-0.57284
323.870	-0.35191	0.17879	-0.69533	-0.68327
327.869	-0.45919	-0.06925	-0.70280	-0.64826
331.869	-0.39459	-0.06836	-0.71479	-0.65417
335.863	-0.29751	0.18855	-0.73072	-0.70905
339.869	-0.34126	0.40629	-0.71538	-0.66607
343.869	-0.31883	-0.00996	-0.72434	-0.71529
347.866	-0.38040	0.07522	-0.72781	-0.69340
351.864	-0.37635	-0.03598	-0.73104	-0.76107
355.874	-0.47259	-0.08125	-0.78302	-0.81606
359.866	-0.44554	-0.16805	-0.79158	-0.80963
363.866	-0.41450	0.14437	-0.80461	-0.82761
367.862	-0.35824	0.24115	-0.79359	-0.75560
371.863	-0.36690	-0.03526	-0.80761	-0.77110
375.874	-0.34603	-0.07984	-0.79446	-0.76889
379.863	-0.39102	-0.05902	-0.77419	-0.76919
383.871	-0.36702	-0.13118	-0.73310	-0.71390
387.865	-0.36174	0.34082	-0.65409	-0.67592
391.865	-0.35045	-0.03742	-0.61749	-0.65434
395.879	-0.34154	0.07161	-0.61233	-0.63508
399.869	-0.31526	-0.03727	-0.56506	-0.59024
403.874	-0.32980	-0.05506	-0.48778	-0.54381
407.908	-0.33173	0.00445	-0.41619	-0.51522
411.877	-0.33948	-0.05914	-0.42683	-0.51482
415.862	-0.31518	-0.07758	-0.32593	-0.49423
419.893	-0.32650	-0.04910	-0.30627	-0.49391
423.863	-0.27185	-0.11704	-0.26309	-0.48295
427.862	-0.26974	-0.07432	-0.26078	-0.48718
431.862	-0.28160	-0.10680	-0.19593	-0.47100
435.865	-0.26793	-0.12300	-0.16218	-0.47577
439.869	-0.25845	-0.17958	-0.12687	-0.46996
443.863	-0.23557	-0.20227	-0.09572	-0.45093
447.866	-0.20474	-0.18209	-0.15531	-0.45597
451.861	-0.18184	-0.20667	-0.21219	-0.46601
455.860	-0.19921	-0.21830	-0.17042	-0.48459
459.864	-0.18916	-0.22513	-0.22301	-0.53083
463.880	-0.14737	-0.26904	-0.20953	-0.56095
467.868	-0.15310	-0.28608	-0.21812	-0.59506
471.856	-0.14124	-0.30296	-0.22678	-0.63591
475.881	-0.10322	-0.32609	-0.22574	-0.73204
479.877	-0.11620	-0.36908	-0.28265	-0.77713
483.863	-0.08148	-0.35492	-0.34000	-0.81541
487.863	-0.04415	-0.33534	-0.43080	-0.94162
491.862	0.00141	-0.34773	-0.48150	-0.95672
495.879	-0.02368	-0.33618	-0.41350	-0.95280
499.873	0.01047	-0.33981	-0.55136	-0.98351
503.874	0.17042	-0.05753	-0.64297	-0.96501
507.867	0.09123	-0.27316	-0.68518	-0.97062
511.858	0.13124	-0.23308	-0.72469	-0.94878
515.870	0.12511	-0.20262	-0.77399	-0.94785
519.871	0.16806	-0.22995	-0.83382	-0.89659
523.859	0.23284	-0.12427	-0.88175	-0.84772
527.859	0.23850	-0.15968	-0.91679	-0.87824
531.866	0.28734	-0.15511	-0.90232	-0.80896
535.862	0.26205	-0.15329	-0.92753	-0.78143
539.855	0.30081	-0.11657	-0.95368	-0.76421
543.879	0.37132	-0.09323	-0.96085	-0.75787
547.906	0.37494	0.17595	-0.94006	-0.73110
551.862	0.34454	-0.11291	-0.96221	-0.72458
555.862	0.37122	-0.12196	-0.94653	-0.69577
559.855	0.36213	-0.13177	-0.95775	-0.68750
563.878	0.42202	-0.09616	-0.96854	-0.70173
567.860	0.40239	-0.11835	-0.95941	-0.73470
571.868	0.33742	-0.17961	-0.96063	-0.72374
575.862	0.39229	-0.13796	-1.01538	-0.76169
579.860	0.40306	0.68932	-1.07470	-0.78226
583.862	0.41120	-0.10051	-1.03461	-0.77785
587.864	0.33005	-0.13918	-0.99717	-0.79118
591.858	0.34722	-0.16176	-1.00392	-0.80337
595.860	0.42060	0.50190	-0.96795	-0.76145
599.862	0.44018	0.63622	-0.95892	-0.78366
603.862	0.39040	0.06664	-0.96090	-0.73544
607.888	0.35476	-0.13249	-0.91909	-0.66294
611.927	0.34615	-0.01394	-0.88798	-0.61112
615.892	0.44733	0.01720	-0.86019	-0.51070
619.858	0.33027	-0.01953	-0.83310	-0.49935
623.854	0.25758	-0.00147	-0.78600	-0.47807
627.857	0.21889	0.10809	-0.75637	-0.43737
631.856	0.20829	0.01588	-0.76982	-0.39198
635.859	0.21934	0.05243	-0.75690	-0.36497
639.877	0.17209	-0.08446	-0.76883	-0.35533
643.865	0.16598	-0.08633	-0.78501	-0.34445
647.863	0.15958	-0.06707	-0.79699	-0.32720
651.858	0.16650	-0.08764	-0.79702	-0.32956
655.858	0.15322	0.02868	-0.78744	-0.42997
659.857	0.13965	-0.02974	-0.79598	-0.56298
663.859	0.15255	-0.00726	-0.72843	-0.72537
667.858	0.17884	-0.01406	-0.69049	-0.77678
671.857	0.17119	-0.00768	-0.68883	-0.96401
675.858	0.18511	-0.00042	-0.62081	-0.92102
679.898	0.15613	-0.01921	-0.65893	-1.04485
683.852	0.10595	0.00584	-0.55379	-1.06422
687.869	0.12496	0.15946	-0.44579	-1.00757
691.863	0.08463	0.23940	-0.42981	-1.10336
695.860	0.08460	0.25537	-0.40311	-1.16787
699.866	0.05192	0.26186	-0.38315	-1.15955
703.864	0.00859	0.32241	-0.38710	-1.14122
707.862	-0.03735	0.53782	-0.42750	-1.09765
711.857	-0.07420	0.49285	-0.46746	-1.08219
715.862	-0.09468	0.53541	-0.47349	-1.03552
719.861	-0.13665	0.56500	-0.50294	-0.99291
723.857	-0.09108	0.61924	-0.53917	-0.87615
727.860	-0.00767	0.47478	-0.57607	-0.83411
731.858	-0.02757	0.61199	-0.58970	-0.77168
735.861	0.08646	0.55879	-0.59493	-0.66592
739.857	0.12138	0.51021	-0.62218	-0.61925
743.860	0.19340	0.39460	-0.66518	-0.57731
747.885	0.16995	0.40347	-0.66501	-0.55371
751.865	0.22003	0.25368	-0.67096	-0.53517
755.881	0.23222	0.04488	-0.69724	-0.50287
759.861	0.30709	0.19280	-0.71337	-0.50304
763.856	0.32551	0.11018	-0.75690	-0.50222
767.858	0.30932	0.06970	-0.67332	-0.43040
771.866	0.27503	0.02420	-0.67928	-0.36441
775.860	0.25515	0.07246	-0.64652	-0.37171
779.855	0.25875	0.20513	-0.68439	-0.32880
783.859	0.28999	0.20378	-0.64888	-0.17562
787.862	0.26567	0.24603	-0.61533	-0.28453
791.858	0.31771	0.36572	-0.59208	-0.20283
795.850	0.34305	1.70484	-0.57391	-0.16705
799.908	0.36303	0.81051	-0.53208	-0.06948
803.866	0.30590	0.63973	-0.48540	-0.03745
807.861	0.32831	1.00143	-0.42487	-0.00830
811.894	0.34911	1.01707	-0.44606	0.03146
815.862	0.31689	1.26470	-0.41422	0.03961
819.896	0.33154	1.42148	-0.48820	0.07047
823.854	0.32134	1.51070	-0.51369	0.11932
827.854	0.32585	1.14351	-0.54900	0.18276
831.852	0.33995	1.14103	-0.57337	0.24520
835.860	0.28153	1.06791	-0.64816	0.29809
839.859	0.25996	1.11202	-0.70533	0.43385
843.860	0.24564	1.35243	-0.73275	0.45693
847.853	0.25649	1.28537	-0.77950	0.54326
851.865	0.19035	0.49873	-0.77350	0.52905
855.863	0.22495	0.63591	-0.79970	0.45461
859.853	0.19916	0.25363	-0.79134	0.42703
863.855	0.25406	0.29013	-0.84262	0.36723
867.855	0.23239	0.16534	-0.82163	0.19688
871.870	0.26034	0.67496	-0.83039	0.09268
875.859	0.15980	0.10061	-0.83801	-0.00470
879.860	0.27145	-0.02057	-0.80536	-0.04694
883.858	0.17970	-0.12241	-0.74593	-0.10714
887.860	0.16484	0.01004	-0.74794	-0.06366
891.869	0.20747	0.02865	-0.73506	-0.08480
895.858	0.16045	0.04612	-0.73675	-0.09410
899.881	0.17256	-0.02433	-0.77744	-0.10488
903.869	0.22852	0.04431	-0.74389	-0.10848
907.856	0.14181	0.22205	-0.69712	-0.05352
911.849	0.13960	0.18060	-0.66672	-0.04768
915.860	0.04859	0.13558	-0.68476	-0.05794
919.864	0.12818	0.40531	-0.67121	-0.00581
923.861	0.11493	0.40958	-0.68084	0.05208
927.860	0.12022	0.60726	-0.68027	0.08826
931.858	0.10409	0.42546	-0.64216	0.01595
935.860	0.05730	1.13414	-0.65863	-0.02206
939.874	0.03365	0.46385	-0.63786	-0.07002
943.861	0.02333	0.92401	-0.63193	-0.10414
947.853	-0.00640	1.41671	-0.64950	-0.11253
951.885	-0.01926	1.63009	-0.66935	-0.12128
955.862	-0.11262	1.29670	-0.70412	-0.17092
959.855	-0.00342	1.14964	-0.70151	-0.10533
963.849	-0.03000	1.35418	-0.72672	-0.12279
967.851	-0.06641	1.10756	-0.74134	-0.13976
971.864	-0.00548	1.46521	-0.74369	-0.15778
975.852	0.01621	1.28605	-0.81506	-0.13566
979.861	0.03695	1.40591	-0.82560	-0.09101
983.857	0.10642	1.11295	-0.86210	-0.06415
987.853	0.11260	1.35705	-0.83863	-0.02636
991.860	0.17948	1.22596	-0.84367	-0.02104
995.848	0.23001	1.05529	-0.86106	-0.03210
999.736	0.30292	1.35195	-0.84409	-0.00678
1003.723	0.35300	1.37419	-0.82468	0.00514
1007.731	0.30287	1.12831	-0.79305	-0.01155
1011.740	0.25962	0.92067	-0.77206	-0.00166
1015.723	0.27597	0.90579	-0.79990	-0.01565
1019.791	0.27359	1.38143	-0.76221	-0.01158
1023.745	0.20197	0.69300	-0.73583	-0.04144
1027.736	0.14183	0.54224	-0.69950	-0.05804
1031.725	0.20221	0.98164	-0.69667	-0.04512
1035.721	0.07229	0.41246	-0.69690	-0.04289
1039.725	-0.04579	0.97345	-0.73114	-0.04636
1043.731	-0.36223	0.69389	-0.95045	-0.10398
1047.725	-1.28720	0.25255	-1.47947	-0.19512
1051.725	-3.19006	-0.09418	-2.35952	-0.27261
1055.760	-3.87845	-0.60798	-3.25787	-0.44762
1059.731	-4.71905	-1.36335	-3.45692	-0.51903
1063.729	-5.22224	-1.53554	-5.00374	-0.79061
1067.744	-5.62131	-1.79921	-5.12582	-1.37221
1071.728	-5.92911	-2.25422	-5.36380	-2.33751
1075.726	-6.07835	-3.23683	-5.80938	-2.41374
1079.730	-6.09270	-2.51734	-5.85330	-2.00392
1083.726	-5.92056	-2.60220	-5.71935	-2.08443
1087.733	-6.02924	-2.66181	-5.74396	-1.88228
1091.782	-5.95523	-2.87020	-5.86005	-2.14105
1095.726	-6.13247	-2.82788	-5.83969	-2.20968
1099.749	-6.09844	-2.74349	-5.90730	-2.29717
1103.728	-6.17597	-2.91146	-5.95314	-2.33836
1107.732	-6.23883	-3.15424	-6.01493	-2.34954
1111.728	-6.25674	-3.17768	-6.06313	-2.32805
1115.736	-6.26005	-3.24249	-6.11059	-2.30966
1119.725	-6.25608	-3.24000	-6.12607	-2.28668
1123.727	-6.27819	-3.32507	-6.08220	-2.26375
1127.730	-6.28219	-3.40930	-6.13279	-2.25835
1131.728	-6.27778	-3.35619	-6.16243	-2.27192
1135.728	-6.29097	-3.36103	-6.15455	-2.23090
1139.725	-6.26667	-3.41357	-6.16187	-2.21674
1143.729	-6.28219	-3.42097	-6.16086	-2.16975
1147.727	-6.27113	-3.39006	-6.15627	-2.11460
1151.734	-6.28918	-3.33121	-6.14396	-2.09210
1156.116	-6.34182	-3.20303	-6.14852	-2.13775
1159.749	-6.36655	-3.25325	-6.14224	-2.12149
1163.727	-6.35645	-3.28743	-6.12161	-2.14383
1167.727	-6.32716	-3.30187	-6.15880	-2.20486
1171.728	-6.35452	-3.28574	-6.17639	-2.23143
1175.736	-6.35238	-3.32544	-6.17712	-2.24339
1179.725	-6.35817	-3.37191	-6.20577	-2.28135
1183.733	-6.38498	-3.39148	-6.18873	-2.34240
1187.728	-6.41408	-3.38245	-6.20079	-2.36414
1191.731	-6.38570	-3.43522	-6.11547	-2.36913
1195.735	-6.35236	-3.47201	-6.09538	-2.38328
1199.730	-6.29742	-3.51507	-6.13368	-2.30951
1203.734	-6.24256	-3.52585	-6.19434	-2.28098
1207.721	-6.19140	-3.53205	-6.23798	-2.23253
1211.732	-6.21426	-3.54233	-6.21004	-2.18302
1215.722	-6.31936	-3.54989	-6.21674	-2.15420
1219.726	-6.40521	-3.53673	-6.20320	-2.14397
1223.728	-6.41822	-3.49858	-6.25620	-2.11995
1227.774	-6.36584	-3.52197	-6.21284	-2.15641
1231.735	-6.29874	-3.52181	-6.11000	-2.20721
1235.728	-6.39484	-3.58339	-6.20352	-2.21365
1239.725	-6.46326	-3.64995	-6.26716	-2.23215
1243.723	-6.54528	-3.74958	-6.14094	-2.24914
1247.738	-6.50089	-3.85446	-6.12703	-2.25813
1251.723	-6.53622	-3.76991	-6.14580	-2.26259
1255.726	-6.51425	-3.76609	-6.17528	-2.28296
1259.726	-6.49114	-3.75385	-6.16761	-2.28842
1263.724	-6.49906	-3.67583	-6.26216	-2.25950
1267.721	-6.55542	-4.01810	-6.39099	-2.33185
1271.727	-6.53933	-4.54229	-6.30742	-2.59081
1275.740	-6.69689	-5.75215	-6.24891	-3.49507
1279.730	-6.64792	-5.73674	-6.28327	-4.03324
1283.723	-6.76437	-5.74515	-6.09665	-4.07655
1287.725	-6.75279	-5.83556	-6.33794	-4.13054
1291.750	-6.74469	-5.78329	-6.42167	-4.22583
1295.729	-6.71258	-5.72027	-6.45444	-4.23582
1299.725	-6.71268	-5.71289	-6.42038	-4.24301
1303.727	-6.64770	-5.73860	-6.41859	-4.26191
1307.722	-6.61834	-5.70140	-6.41932	-4.26944
1311.737	-6.73644	-5.72493	-6.40381	-4.32806
1315.734	-6.74707	-5.69128	-6.41141	-4.39998
1319.727	-6.59199	-5.61123	-6.44523	-4.45705
1323.729	-6.65292	-5.54015	-6.46620	-4.46550
1327.721	-6.61611	-5.52949	-6.52209	-4.50972
1331.727	-6.57656	-5.49762	-6.52412	-4.51291
1335.726	-6.58092	-5.47015	-6.52706	-4.50300
1339.726	-6.59503	-5.48147	-6.53071	-4.50819
1343.726	-6.65723	-5.48430	-6.52750	-4.50726
1347.730	-6.73483	-5.45240	-6.53022	-4.50768
1351.725	-6.73094	-5.41165	-6.54168	-4.52546
1355.720	-6.68940	-5.32135	-6.53127	-4.49452
1360.135	-6.65953	-5.24999	-6.49648	-4.46713
1363.736	-6.66815	-5.29109	-6.48539	-4.43807
1367.716	-6.63994	-5.28948	-6.47225	-4.43924
1371.721	-6.61712	-5.26124	-6.45240	-4.41416
1375.724	-6.61660	-5.25757	-6.43854	-4.40215
1379.736	-6.62826	-5.24230	-6.42606	-4.41016
1383.727	-6.61533	-5.22195	-6.47713	-4.36907
1387.725	-6.59309	-5.20585	-6.52338	-4.34930
1391.719	-6.61489	-5.19150	-6.59767	-4.37494
1395.752	-6.63303	-5.22878	-6.60404	-4.35516
1399.729	-6.67654	-5.24360	-6.69373	-4.37851
1403.728	-6.72521	-5.29246	-6.73003	-4.38792
1407.720	-6.68421	-5.29339	-6.70756	-4.33081
1411.723	-6.55557	-5.28565	-6.57492	-4.14177
1415.716	-5.73102	-5.26235	-5.26467	-4.06662
1419.725	-3.73690	-3.14928	-4.42849	-3.97773
1423.721	-3.07058	-3.97785	-2.11321	-3.39882
1427.760	-2.46248	-3.95154	-2.08072	-3.32708
1431.739	-0.99489	-3.33548	-1.26242	-3.19018
1435.725	-1.20403	-3.28951	-0.60995	-2.83847
1439.725	-0.77965	-3.13047	-0.84342	-2.56629
1443.726	-0.61821	-2.91641	-0.81749	-2.15890
1447.721	-0.59461	-2.73719	-0.82223	-1.89148
1451.721	-0.62804	-2.78192	-0.88143	-1.86147
1455.721	-0.64801	-2.76260	-0.81669	-1.79558
1459.716	-0.58389	-2.65248	-0.77139	-1.67569
1463.723	-0.48202	-2.61238	-0.76414	-1.67173
1467.729	-0.39010	-2.49570	-0.66469	-1.57359
1471.719	-0.37211	-2.41540	-0.57118	-1.48748
1475.718	-0.26272	-2.37042	-0.49182	-1.40206
1479.731	-0.11218	-2.30217	-0.35174	-1.32105
1483.724	-0.07852	-2.27230	-0.27642	-1.23388
1487.732	0.00032	-2.26246	-0.14446	-1.23431
1491.720	0.06726	-2.24596	-0.25919	-1.22151
1495.719	0.10605	-2.29463	-0.23917	-1.33345
1499.742	0.09845	-2.29262	-0.15633	-1.31081
1503.726	0.13352	-2.32686	-0.11180	-1.35338
1507.717	0.14558	-2.39525	-0.07664	-1.33634
1511.718	0.18313	-2.40291	-0.07497	-1.40851
1515.723	0.21740	-2.48704	-0.03005	-1.53124
1519.726	0.19705	-2.51628	-0.04946	-1.56414
1523.729	0.16990	-2.54270	-0.06284	-1.65978
1527.719	0.16958	-2.61362	-0.09364	-1.72351
1531.720	0.17385	-2.62220	-0.12208	-1.77195
1535.719	0.18618	-2.63217	-0.08475	-1.81420
1539.715	0.19973	-2.61992	-0.05304	-1.81442
1543.724	0.19688	-2.59931	-0.02196	-1.86598
1547.717	0.20561	-2.56814	-0.03179	-1.91786
1551.732	0.22517	-2.52947	-0.06378	-2.00297
1555.716	0.23872	-2.54026	-0.07793	-1.87333
1559.730	0.25582	-2.51124	-0.12736	-1.86422
1563.757	0.27739	-2.49134	-0.14039	-1.86655
1567.725	0.30893	-2.49721	-0.24361	-1.88359
1571.730	0.32950	-2.50477	-0.28878	-1.88033
1575.714	0.33910	-2.53810	-0.29409	-1.85876
1579.722	0.32821	-2.54983	-0.32764	-1.86158
1583.717	0.34010	-2.56687	-0.36233	-1.84366
1587.735	0.37559	-2.62858	-0.36764	-1.81330
1591.717	0.35715	-2.67185	-0.33387	-1.78632
1595.724	-0.87637	-2.74807	-0.57007	-1.90362
1599.748	-3.11200	-2.90957	-2.28311	-2.93208
1603.725	-4.07068	-2.84540	-2.65233	-3.95311
1607.725	-4.54123	-4.43445	-2.91601	-4.12262
1611.717	-5.70731	-5.58417	-4.67177	-3.92052
1615.719	-6.58024	-5.97819	-5.73148	-4.00735
1619.719	-6.69833	-6.20033	-5.60910	-4.33844
1623.721	-7.61997	-6.46839	-6.54607	-4.67968
1627.717	-7.99868	-6.70736	-7.82618	-4.68230
1631.726	-8.67233	-6.59188	-7.70173	-4.90165
1635.724	-8.88542	-6.80204	-7.80828	-4.95372
1639.714	-8.85705	-6.78871	-7.70592	-4.85887
1643.715	-8.81414	-6.85493	-7.65780	-4.89145
1647.723	-8.74093	-6.91006	-7.59983	-4.93954
1651.727	-8.73509	-6.96416	-7.86040	-4.92876
1655.717	-8.78619	-6.99114	-7.87428	-4.99793
1659.716	-8.90853	-7.02257	-8.03830	-5.15265
1663.714	-8.98692	-7.07692	-8.11389	-5.16094
1667.732	-9.02033	-7.08998	-8.13651	-5.18227
1671.722	-8.99629	-7.08189	-8.17661	-5.26076
1675.716	-8.98826	-7.06626	-8.18395	-5.25456
1679.716	-8.97237	-7.01292	-8.22081	-5.28793
1683.719	-8.97944	-7.01085	-8.26184	-5.32210
1687.719	-9.01961	-6.94612	-8.33860	-5.37566
1691.720	-9.01820	-6.91483	-8.33664	-5.41692
1695.722	-8.99704	-6.88006	-8.32113	-5.38272
1699.716	-9.03658	-6.78919	-8.36829	-5.32218
1703.725	-9.00106	-6.76619	-8.41051	-5.29031
1707.721	-8.97937	-6.74221	-8.44392	-5.21485
1711.715	-8.97104	-6.69397	-8.43950	-5.16052
1715.716	-8.94997	-6.67828	-8.48078	-5.09761
1719.716	-8.97048	-6.65652	-8.49372	-5.04094
1723.719	-8.97060	-6.63088	-8.51646	-5.02418
1727.717	-8.95537	-6.60134	-8.59017	-5.04367
1731.718	-8.97220	-6.58929	-8.58648	-5.01439
1735.736	-8.97445	-6.56539	-8.63372	-4.99097
1739.719	-8.97830	-6.51180	-8.68732	-5.00262
1743.718	-8.96143	-6.51787	-8.68904	-5.04591
1747.714	-8.95973	-6.51174	-8.68701	-5.07579
1751.716	-8.92285	-6.49686	-8.67233	-5.10183
1755.720	-8.90066	-6.49180	-8.63670	-5.14815
1759.728	-8.87336	-6.50256	-8.60126	-5.18991
1763.720	-8.81016	-6.55078	-8.51525	-5.20865
1767.747	-8.78491	-6.61310	-8.45006	-5.23890
1771.726	-8.70764	-6.64204	-8.37526	-5.24613
1775.731	-8.69598	-6.71385	-8.31384	-5.25665
1779.718	-8.63474	-6.68389	-8.22285	-5.28059
1783.716	-8.64563	-6.70960	-8.12121	-5.28356
1787.718	-8.61824	-6.70851	-8.01066	-5.26682
1791.710	-8.59716	-6.73951	-7.96918	-5.24556
1795.719	-8.60065	-6.72203	-7.91631	-5.21914
1799.716	-8.58835	-6.70261	-7.86257	-5.19796
1803.756	-8.57012	-6.75625	-7.82129	-5.16634
1807.715	-8.56435	-6.74602	-7.79283	-5.11301
1811.715	-8.54719	-6.74938	-7.77529	-5.07033
1815.720	-8.55544	-6.72890	-7.76825	-5.00799
1819.734	-8.51802	-6.69630	-7.74839	-4.95850
1823.712	-8.52321	-6.69946	-7.73760	-4.92109
1827.722	-8.51413	-6.69770	-7.76947	-4.87147
1831.710	-8.52938	-6.71685	-7.79006	-4.81772
1835.728	-8.54125	-6.71427	-7.86717	-4.77687
1839.718	-8.54256	-6.72360	-7.90336	-4.72089
1843.717	-8.57838	-6.72343	-7.97500	-4.67847
1847.712	-8.61574	-6.68740	-8.04115	-4.60440
1851.590	-8.68827	-6.66051	-8.09885	-4.58014
1855.588	-8.77805	-6.61068	-8.17824	-4.54546
1859.593	-8.77856	-6.55524	-8.26318	-4.52210
1863.592	-8.77051	-6.52496	-8.29526	-4.50683
1867.593	-8.76714	-6.43676	-8.36618	-4.48483
1871.594	-8.64691	-6.35040	-8.39207	-4.47163
1875.595	-8.67517	-6.33845	-8.44234	-4.49529
1879.592	-8.62911	-6.26769	-8.43299	-4.50490
1883.588	-8.59395	-6.23091	-8.42857	-4.54528
1887.589	-8.51707	-6.17656	-8.42646	-4.57494
1891.603	-8.45434	-6.12634	-8.38998	-4.66349
1895.580	-8.43593	-6.09616	-8.32274	-4.69640
1899.585	-8.38668	-6.06229	-8.30080	-4.73210
1903.929	-8.33639	-6.03627	-8.30036	-4.77272
1907.598	-8.34052	-6.01622	-8.25795	-4.83237
1911.587	-8.23892	-6.04695	-8.22139	-4.87928
1915.587	-8.27523	-6.06072	-8.17731	-4.93737
1919.588	-8.26040	-6.10702	-8.07426	-4.95260
1923.585	-8.20576	-6.17458	-8.02973	-4.96509
1927.588	-8.19547	-6.22287	-7.98951	-4.98558
1931.588	-8.20797	-6.24598	-7.95575	-5.00206
1935.589	-8.21410	-6.32634	-7.85857	-4.98513
1939.587	-8.23391	-6.29952	-7.79191	-4.98482
1943.606	-8.24993	-6.31613	-7.74661	-4.98372
1947.598	-8.22389	-6.32414	-7.69534	-4.95101
1951.586	-8.23206	-6.33762	-7.60914	-4.94129
1955.587	-8.27163	-6.32620	-7.59761	-4.90703
1959.591	-8.33455	-6.30030	-7.58225	-4.85981
1963.586	-8.32512	-6.23947	-7.57161	-4.81706
1967.584	-8.37026	-6.19500	-7.57530	-4.76890
1971.607	-8.40016	-6.20320	-7.56205	-4.72504
1975.588	-8.43494	-6.18200	-7.55732	-4.68689
1979.588	-8.49306	-6.15139	-7.58642	-4.61987
1983.584	-8.53889	-6.13180	-7.60746	-4.57389
1987.588	-8.59699	-6.10343	-7.62309	-4.53679
1991.592	-8.63347	-6.11331	-7.63813	-4.52593
1995.593	-8.69932	-6.07861	-7.69149	-4.49992
1999.606	-8.72816	-6.07091	-7.70660	-4.44931
2003.590	-8.67420	-6.09711	-7.71876	-4.45513
2007.591	-8.70393	-6.14143	-7.73487	-4.41336
2011.597	-8.76903	-6.14175	-7.74172	-4.38665
2015.585	-8.82587	-6.10722	-7.74138	-4.34685
2019.585	-8.86466	-6.09799	-7.74369	-4.34218
2023.586	-8.87554	-6.07764	-7.74301	-4.37212
2027.594	-8.88637	-6.07719	-7.75334	-4.37368
2031.588	-8.86905	-6.10095	-7.75690	-4.39900
2035.595	-8.86868	-6.12249	-7.73996	-4.38246
2039.589	-8.84719	-6.14348	-7.72134	-4.43499
2043.582	-8.87166	-6.17877	-7.71184	-4.48859
2047.581	-8.89339	-6.26878	-7.71593	-4.50012
2051.594	-8.88857	-6.21015	-7.71547	-4.58059
2055.587	-8.86076	-6.24507	-7.72205	-4.62343
2059.583	-8.82184	-6.29299	-7.72559	-4.71455
2063.590	-8.76265	-6.37419	-7.71496	-4.76972
2067.592	-8.66307	-6.38716	-7.63918	-4.78566
2071.601	-8.17675	-6.35696	-7.68491	-4.82420
2075.592	-6.94477	-6.29905	-7.29838	-4.86752
2079.583	-5.10824	-6.24946	-4.90028	-4.93244
2083.591	-3.70495	-6.15778	-4.29117	-4.95752
2087.587	-3.23937	-5.95378	-3.58853	-4.96764
2091.582	-1.88274	-5.56381	-3.00259	-4.96659
2095.586	-2.12932	-5.44773	-1.56065	-4.93745
2099.582	-1.30675	-5.60827	-1.26852	-4.84679
2103.593	-0.13476	-5.26775	-1.14630	-4.54979
2107.585	0.07487	-4.82974	-0.78106	-4.29825
2111.591	-0.16633	-4.87746	-0.53687	-4.06653
2115.590	-0.11533	-4.90791	-0.43338	-3.98096
2119.584	-0.18072	-4.73679	-0.40626	-3.85610
2123.582	-0.24837	-4.80722	-0.27940	-3.69254
2127.582	-0.33407	-4.77019	-0.21887	-3.60871
2131.591	-0.15871	-4.79932	-0.05552	-3.62883
2135.580	-0.11838	-4.79087	0.01013	-3.64423
2139.589	-0.09396	-4.70514	0.03909	-3.64217
2143.583	0.00442	-4.66360	0.12637	-3.58652
2147.582	0.04467	-4.67256	0.14032	-3.56340
2151.583	0.08823	-4.75704	0.19961	-3.53938
2155.602	0.07105	-4.76901	0.19725	-3.50453
2159.584	0.14186	-4.77998	0.23403	-3.43611
2163.587	0.22524	-4.81687	0.26825	-3.40508
2167.582	0.28123	-4.82939	0.30138	-3.39861
2171.588	0.33543	-4.82226	0.30878	-3.39816
2175.610	0.36318	-4.77112	0.27967	-3.36652
2179.582	0.37797	-4.77372	0.26222	-3.32921
2183.578	0.41981	-4.79226	0.25403	-3.28555
2187.583	0.42661	-4.82327	0.24473	-3.25545
2191.597	0.43673	-4.83313	0.23470	-3.25823
2195.589	0.45113	-4.80351	0.20102	-3.29977
2199.594	0.51245	-4.81235	0.13836	-3.33235
2203.588	0.49810	-4.75484	0.14355	-3.43791
2207.585	0.50505	-4.73556	0.06028	-3.57638
2211.577	0.50828	-4.74037	0.03752	-3.67115
2215.586	0.49168	-4.69860	0.00752	-3.75924
2219.581	0.45041	-4.69698	0.01315	-3.84376
2223.598	0.43512	-4.68810	0.04065	-3.80808
2227.580	0.42368	-4.68818	-0.03234	-3.86268
2231.585	0.45192	-4.65998	-0.07170	-3.86844
2235.586	0.48532	-4.58241	-0.06058	-3.85721
2239.587	0.46818	-4.61993	-0.04219	-3.84071
2243.598	0.49450	-4.63531	0.00678	-3.91675
2247.585	0.50709	-4.63918	0.01328	-3.94757
2251.582	0.59367	-4.66703	0.04390	-3.78859
2255.585	0.54605	-4.70604	0.01784	-3.72950
2259.584	0.54873	-4.69422	0.05904	-3.71842
2263.576	0.60910	-4.71793	0.08309	-3.69894
2267.590	0.62521	-4.73559	0.11538	-3.69235
2271.589	0.58444	-4.77953	0.16794	-3.65218
2275.576	0.48510	-4.84926	0.14382	-3.67216
2279.590	0.39919	-4.87684	0.14474	-3.70762
2283.591	0.42504	-4.89242	0.15571	-3.77412
2287.582	0.46562	-4.85322	0.11883	-3.86121
2291.575	0.50771	-4.91431	0.07080	-3.98656
2295.585	0.54404	-4.89823	0.10605	-4.00009
2299.613	0.51972	-4.90039	0.15727	-4.13329
2303.586	0.55540	-4.96299	0.15521	-4.17279
2307.580	0.48986	-4.97027	0.19216	-4.16700
2311.618	0.46664	-5.00434	0.18946	-4.15627
2315.579	0.58277	-5.00378	0.27091	-4.09690
2319.595	0.59578	-5.03086	0.46837	-4.14699
2323.581	0.62498	-5.03653	0.73600	-4.10039
2327.586	0.59893	-5.09070	0.34933	-4.23906
2331.580	0.79915	-5.06489	0.80181	-4.21189
2335.579	2.85064	-5.03713	1.79527	-4.19587
2339.587	3.53903	-5.03052	2.74338	-4.09816
2343.578	4.49238	-4.80530	4.76847	-4.05925
2347.583	4.52328	-4.70746	5.39330	-3.99608
2351.579	5.25252	-4.12630	4.93726	-3.78576
2355.579	5.49414	-3.47106	5.06545	-3.52754
2359.579	5.28684	-3.69582	4.95435	-3.58510
2363.584	5.01285	-3.65688	4.92696	-3.61583
2367.578	5.00578	-3.62861	5.02351	-3.57511
2371.585	5.07116	-3.65934	5.15207	-3.55763
2375.578	5.21720	-3.98549	5.21877	-3.43796
2379.597	5.13577	-3.88287	5.29691	-3.36117
2383.581	5.26137	-3.83234	5.48728	-3.38859
2387.575	5.28802	-3.85287	5.84144	-3.35210
2391.582	5.37114	-3.93287	5.59354	-3.39158
2395.577	5.37350	-3.97607	5.46630	-3.40515
2399.596	5.36098	-4.01793	5.31672	-3.41062
2403.589	5.28426	-3.95948	5.24590	-3.42033
2407.581	5.37950	-3.95333	5.29046	-3.41641
2411.577	5.43312	-3.99062	5.20206	-3.43950
2415.580	5.46350	-4.05915	5.09406	-3.45225
2419.577	5.48737	-3.98642	5.20049	-3.44632
2423.577	5.54717	-4.02141	5.24016	-3.48333
2427.583	5.54739	-3.95560	5.32058	-3.45640
2431.578	5.53338	-3.85791	5.45012	-3.46412
2435.582	5.53857	-3.83399	5.51157	-3.42710
2439.576	5.56042	-3.80179	5.52566	-3.44099
2443.588	5.51858	-3.83203	5.77730	-3.45240
2447.583	5.55143	-3.85087	5.83149	-3.47306
2451.581	5.56979	-3.83642	5.93090	-3.47475
2455.574	5.55371	-3.87809	5.76065	-3.46921
2459.595	5.57535	-3.87231	5.77087	-3.41473
2463.586	5.54444	-3.93903	5.84569	-3.42435
2467.575	5.51484	-3.82277	5.54769	-3.36914
2471.581	5.50213	-3.84255	5.51718	-3.31388
2475.577	5.50191	-3.85996	5.35522	-3.29948
2479.591	5.53151	-3.82916	5.28788	-3.21090
2483.579	5.49728	-3.86383	5.20942	-3.15328
2487.580	5.54907	-3.88358	5.09852	-3.10198
2491.576	5.60472	-3.89193	5.09396	-3.12471
2495.581	5.61057	-3.86777	5.02711	-3.14485
2499.591	5.60354	-3.80722	5.01428	-3.15271
2503.582	5.60971	-3.79566	5.04028	-3.11571
2507.576	5.68342	-3.70253	5.01115	-3.05913
2511.597	5.73247	-3.71231	5.09505	-3.05792
2515.585	5.79398	-3.68359	5.17193	-3.08749
2519.579	5.85134	-3.57326	5.24535	-3.16331
2523.575	5.74028	-3.95163	5.40056	-3.83790
2527.582	5.67927	-5.03898	5.57690	-4.86811
2531.582	5.67492	-6.50559	5.66956	-5.31246
2535.575	5.66521	-6.63487	5.66519	-5.18602
2539.589	5.78428	-6.60205	5.68394	-4.83189
2543.593	5.83063	-6.38463	5.69544	-4.78958
2547.585	5.85207	-6.30371	5.72463	-4.76867
2551.579	5.88832	-6.12845	5.75136	-4.67670
2555.572	5.89824	-6.09911	5.77408	-4.69064
2559.580	5.95950	-5.75874	5.74045	-4.88976
2563.575	5.94745	-5.66576	5.80076	-5.00690
2567.594	5.99252	-5.76693	5.77499	-5.03669
2571.585	6.04814	-5.67304	5.78895	-5.09659
2575.576	6.10036	-5.70929	5.79958	-5.05875
2579.575	6.13351	-5.60916	5.78561	-5.10001
2583.584	6.14484	-5.38983	5.80133	-5.22309
2587.596	6.17727	-5.29612	5.76269	-5.33618
2591.575	6.20418	-5.33775	5.74116	-5.40660
2595.576	6.23589	-5.25367	5.77740	-5.42833
2599.592	6.27814	-5.21065	5.74939	-5.46569
2603.572	6.27738	-5.13182	5.79212	-5.50399
2607.577	6.28452	-5.13285	5.73849	-5.53883
2611.592	6.33025	-5.11530	5.75917	-5.55954
2615.578	6.35189	-5.09291	5.74957	-5.55231
2619.574	6.34601	-5.12676	5.74537	-5.57143
2623.583	6.42822	-5.13625	5.75276	-5.57533
2627.574	6.45167	-5.21762	5.74952	-5.55508
2631.574	6.44792	-5.25324	5.78082	-5.52453
2635.578	6.42236	-5.36484	5.79833	-5.48840
2639.585	6.41126	-5.36611	5.81953	-5.46994
2643.585	6.34841	-5.68147	5.82857	-5.46263
2647.571	6.30862	-5.83007	5.81575	-5.43164
2651.596	6.30286	-5.95622	5.83267	-5.39348
2655.635	6.11118	-5.95719	5.82270	-5.38889
2659.575	6.08909	-6.07862	5.81707	-5.36665
2663.571	6.00712	-6.15743	5.77494	-5.33609
2667.574	6.03083	-5.96125	5.76047	-5.31118
2671.580	6.03837	-5.88049	5.71210	-5.33234
2675.576	6.02875	-5.82746	5.68816	-5.32781
2679.573	6.07263	-5.71535	5.65297	-5.33512
2683.573	6.04411	-5.79031	5.64476	-5.30754
2687.579	6.06895	-5.59135	5.62436	-5.29730
2691.588	6.09400	-5.63806	5.66644	-5.26110
2695.583	6.07579	-5.56566	5.71809	-5.26607
2699.577	6.13235	-5.52970	5.76706	-5.25714
2703.576	6.14229	-5.40423	5.81538	-5.23318
2707.448	6.17462	-5.34003	5.87673	-5.22543
2711.448	6.16800	-5.29900	5.90472	-5.24228
2715.451	6.13998	-5.31096	5.91906	-5.17608
2719.481	6.10975	-5.38251	5.98083	-5.17099
2723.456	6.06595	-5.35150	6.09216	-5.14905
2727.451	6.00572	-5.36598	6.21323	-5.13838
2731.448	5.99848	-5.34249	6.23359	-5.13426
2735.447	5.95390	-5.35921	6.30544	-5.14470
2739.451	5.92532	-5.40170	6.24631	-5.16680
2743.461	5.92009	-5.50097	6.24423	-5.21787
2747.481	5.92618	-5.52584	6.18681	-5.29984
2751.476	5.92670	-5.60494	6.14945	-5.27672
2755.454	5.96237	-5.71137	6.08838	-5.34175
2759.448	5.97325	-5.75786	6.06411	-5.40362
2763.451	5.99367	-5.76729	5.83950	-5.41042
2767.449	6.00440	-5.74479	5.71288	-5.44284
2771.442	6.05017	-5.78797	5.51546	-5.46269
2775.452	6.07464	-5.82095	5.52086	-5.44041
2779.464	6.09781	-5.84843	5.22037	-5.47596
2783.452	6.14823	-5.84766	5.25601	-5.45068
2787.456	6.17052	-5.79693	5.20246	-5.37995
2791.449	6.18215	-5.81088	5.18348	-5.31456
2795.445	6.17521	-5.78888	5.23022	-5.24488
2799.460	6.19393	-5.70203	5.20824	-5.17447
2803.450	6.21267	-5.64767	5.19145	-5.10725
2807.449	6.20656	-5.61187	5.24528	-5.11197
2811.449	6.22616	-5.59801	5.27986	-5.15940
2815.479	6.23462	-5.58172	5.34582	-5.17544
2819.449	6.26569	-5.55095	5.39677	-5.13813
2823.456	6.25279	-5.58984	5.48787	-5.14496
2827.450	6.21872	-5.59079	5.64901	-4.97379
2831.455	6.28359	-4.76135	6.26002	-3.39367
2835.447	8.35218	-2.22312	7.72870	-2.56324
2839.447	7.85872	-1.68432	7.73460	-0.73060
2843.443	8.62071	1.06217	7.67535	0.78615
2847.445	8.29370	0.97944	7.61853	1.31365
2851.448	8.27061	0.70530	7.54074	1.25829
2855.480	7.61487	1.21176	7.82957	1.42454
2859.444	8.13524	1.14474	7.89252	1.64822
2863.444	7.81461	1.45395	7.72688	1.87053
2867.451	8.18234	1.48702	7.88093	1.89843
2871.444	8.21845	1.57765	7.99788	1.93879
2875.462	8.30342	1.58945	8.04998	1.97578
2879.454	8.31849	1.69851	8.03876	2.00554
2883.455	8.37927	1.75631	8.07046	2.02165
2887.450	8.39482	1.88181	8.10812	2.09960
2891.443	8.46257	1.94494	8.14682	2.17564
2895.448	8.50753	1.97145	8.19625	2.26457
2899.446	8.58078	2.02315	8.20870	2.29684
2903.447	8.63318	2.08261	8.18665	2.36186
2907.457	8.65004	2.10818	8.18585	2.38161
2911.446	8.65824	2.15467	8.14288	2.40441
2915.450	8.66447	2.20465	8.11338	2.43214
2919.450	8.68009	2.23422	7.98393	2.46298
2923.503	8.70146	2.23284	7.89746	2.49548
2927.443	8.70825	2.23979	7.85278	2.53796
2931.451	8.71506	2.20453	7.80616	2.57011
2935.443	8.69600	2.22326	7.74364	2.61590
2939.449	8.66404	2.29467	7.72018	2.65303
2943.466	8.60429	2.25265	7.69332	2.71588
2947.451	8.55641	2.23912	7.64557	2.64022
2951.443	8.50556	2.23399	7.63901	2.67455
2955.447	8.47566	2.21959	7.62060	2.67560
2959.444	8.42199	2.23659	7.59780	2.69486
2963.449	8.38291	2.26715	7.63555	2.69580
2967.438	8.35041	2.28347	7.67645	2.70287
2971.443	8.28641	2.30527	7.68905	2.71092
2975.456	8.26971	2.32310	7.71669	2.70543
2979.453	8.23228	2.37009	7.74198	2.74677
2983.441	8.22336	2.34701	7.74825	2.73737
2987.448	8.26235	2.36885	7.78299	2.73476
2991.485	8.22577	2.37526	7.82757	2.78582
2995.448	8.21641	2.43561	7.85275	2.81483
2999.459	8.20892	2.45493	7.91200	2.83991
3003.448	8.22980	2.43548	7.94124	2.79503
3007.443	8.21154	2.45265	7.96295	2.79520
3011.444	8.19905	2.46589	7.95378	2.78016
3015.455	8.21908	2.48444	7.93876	2.78345
3019.444	8.21558	2.50494	7.98053	2.76066
3023.447	8.21274	2.49590	7.99318	2.74982
3027.440	8.11099	2.50194	8.01345	2.70905
3031.464	8.06689	2.50909	8.04431	2.63180
3035.447	8.01715	2.52415	8.06421	2.61356
3039.442	7.98364	2.48924	8.11510	2.57603
3043.445	7.90387	2.47198	8.11907	2.53957
3047.452	7.82813	2.46319	8.17240	2.57824
3051.445	7.82918	2.41906	8.25438	2.59298
3055.442	7.80623	2.37581	8.29875	2.55853
3059.452	7.74727	2.29879	8.40883	2.52885
3063.444	7.72269	2.20269	8.39052	2.56053
3067.486	7.71935	2.15944	8.32811	2.55438
3071.452	7.69549	2.18658	8.41920	2.55136
3075.454	8.62120	2.12812	9.13236	2.63280
3079.446	11.26266	2.56468	11.15800	2.80700
3083.449	11.63832	3.31759	11.71806	2.83209
3087.440	12.56571	3.85014	12.95346	2.91191
3091.442	13.23960	3.63961	14.04316	2.77528
3095.457	13.36763	3.79749	15.70087	2.82934
3099.438	13.47451	3.84198	14.34832	3.00556
3103.451	13.19256	3.93365	13.49948	3.09685
3107.440	12.82196	3.88602	13.11479	3.16655
3111.442	12.67539	3.92789	13.04580	3.40913
3115.455	12.64416	3.88488	13.48080	3.36064
3119.442	12.70801	3.91312	13.57886	3.41469
3123.445	12.92420	3.94408	13.57283	3.34789
3127.473	13.05246	3.93559	13.69347	3.39784
3131.448	13.07278	3.92590	13.78326	3.43511
3135.442	13.13115	3.93745	13.84715	3.43953
3139.438	13.09883	3.97790	13.87311	3.49628
3143.442	12.94950	4.02285	13.85515	3.51556
3147.452	13.02257	3.97146	13.92087	3.52951
3151.452	13.08239	3.96653	14.01730	3.56680
3155.437	13.09334	3.96631	14.07109	3.52587
3159.454	13.16402	3.98154	14.22461	3.56702
3163.438	13.19517	3.99866	14.20793	3.68180
3167.442	13.21016	4.01122	14.23965	3.69206
3171.454	13.22740	4.11639	14.28042	3.71705
3175.441	13.25157	4.12763	14.29242	3.67647
3179.441	13.26413	4.12361	14.29492	3.71106
3183.447	13.24642	4.18255	14.30333	3.68011
3187.440	13.25961	4.21028	14.19732	3.65299
3191.442	13.29962	4.22038	14.17525	3.62311
3195.444	13.36528	4.26084	14.11024	3.58569
3199.445	13.42554	4.34219	14.07837	3.53140
3203.445	13.48094	4.32641	13.99017	3.51090
3207.439	13.53136	4.27010	14.00543	3.47754
3211.444	13.58871	4.33008	13.92903	3.41830
3215.450	13.58343	4.29477	13.90258	3.38540
3219.438	13.60732	4.31135	13.90403	3.44515
3223.449	13.61656	4.30222	13.88446	3.36396
3227.442	13.58683	4.24583	13.91640	3.36426
3231.443	13.61663	4.17924	14.02405	3.35304
3235.436	13.54190	4.18974	14.06868	3.35178
3239.444	13.47090	4.14194	14.12280	3.38663
3243.441	13.36429	4.12453	14.12303	3.38033
3247.440	13.29937	4.09224	14.14126	3.37286
3251.439	13.21512	4.13074	14.14077	3.42199
3255.445	13.05734	4.10454	14.21889	3.47631
3259.438	13.02518	4.04013	14.17150	3.57482
3263.473	13.00174	4.01288	14.05514	3.54254
3267.444	12.97356	3.99955	14.02674	3.64900
3271.446	12.93457	4.02748	13.86214	3.70395
3275.438	12.90642	4.01007	13.77099	3.76141
3279.441	12.92951	4.02604	13.68977	3.81394
3283.439	12.97512	4.06256	13.43376	3.68120
3287.485	12.99703	4.06470	13.37686	3.70549
3291.452	13.06709	4.08938	13.30891	3.59572
3295.438	13.14513	4.10664	13.24130	3.56311
3299.473	13.21564	4.12486	13.23993	3.56392
3303.452	13.24936	4.16012	13.19960	3.53434
3307.443	13.26641	4.25259	13.08383	3.60074
3311.443	12.86374	4.21493	13.08380	3.40308
3315.454	10.87228	2.73213	12.67357	3.16345
3319.451	10.06376	1.47835	10.08373	1.68417
3323.471	9.65182	0.71019	10.82308	0.66011
3327.441	9.61831	0.87889	10.75483	0.51587
3331.472	9.65064	0.55588	10.50064	0.50998
3335.438	9.57722	0.53282	9.54324	0.52469
3339.444	9.32006	0.67111	8.92529	0.48693
3343.436	8.66464	0.70175	8.65164	0.45258
3347.441	8.64235	0.72719	8.72803	0.51578
3351.433	8.85579	0.65134	8.84983	0.50684
3355.443	8.89674	0.62438	8.85141	0.45742
3359.436	8.76871	0.54740	8.62913	0.51503
3363.446	8.55270	0.49855	8.52945	0.45390
3367.444	8.46624	0.43601	8.44703	0.43205
3371.443	8.29783	0.40175	8.33836	0.39775
3375.435	8.27698	0.34025	7.99437	0.43626
3379.459	8.34132	0.34224	7.64937	0.41293
3383.444	8.22115	0.23076	7.67360	0.40264
3387.443	8.22523	0.13701	7.48468	0.41343
3391.440	8.20586	0.08566	7.51203	0.36749
3395.441	8.25090	-0.01348	7.51217	0.35571
3399.505	8.20321	-0.03500	7.49346	0.36694
3403.451	8.09139	-0.12992	7.42827	0.32621
3407.442	8.07976	-0.19940	7.42744	0.32915
3411.439	8.05100	-0.25660	7.39161	0.31444
3415.432	8.06942	-0.31169	7.39003	0.31574
3419.451	8.05869	-0.35987	7.44059	0.29144
3423.439	8.02698	-0.41170	7.48183	0.27350
3427.447	8.04857	-0.45803	7.54569	0.25523
3431.434	8.04003	-0.50434	7.58486	0.25272
3435.442	8.06966	-0.53439	7.66441	0.24196
3439.437	8.00839	-0.56973	7.68761	0.24246
3443.437	7.98277	-0.60040	7.74313	0.29441
3447.455	8.00043	-0.60706	7.77466	0.31295
3451.439	8.01781	-0.58984	7.83575	0.35214
3455.437	8.04190	-0.57359	7.89466	0.41274
3459.447	8.04995	-0.55734	7.90287	0.48753
3463.436	8.09299	-0.51123	7.93491	0.54178
3467.444	8.12057	-0.46284	7.97060	0.63742
3471.439	8.17665	-0.32204	8.03407	0.75177
3475.435	8.19190	-0.29522	8.02596	0.83262
3479.438	8.17943	-0.24424	8.06754	0.82900
3483.435	8.25491	-0.14411	8.04811	0.87782
3487.435	8.30874	-0.09206	8.06202	0.90347
3491.449	8.36637	-0.04270	8.07796	0.93518
3495.440	8.37346	0.01485	8.04971	0.95758
3499.449	8.41561	0.02736	8.06465	0.97563
3503.430	8.43528	0.01733	8.09114	0.98525
3507.436	8.43516	0.02864	8.10245	0.99718
3511.450	8.44815	0.00381	8.10172	0.98784
3515.437	8.43251	-0.03161	8.07660	0.99151
3519.436	8.43465	-0.05528	8.10151	0.99531
3523.435	8.44703	-0.11429	8.09637	1.02353
3527.450	8.45359	-0.17800	8.11629	1.03202
3531.474	8.43622	-0.23415	8.16399	1.01001
3535.465	8.42449	-0.32120	8.16566	0.99577
3539.437	8.40441	-0.36116	8.18750	0.97513
3543.442	8.40407	-0.49311	8.21509	0.95402
3547.432	8.38515	-0.50985	8.22022	0.91786
3551.437	8.35165	-0.51611	8.25608	0.86022
3555.436	8.36309	-0.57175	8.26437	0.80695
3559.317	8.32446	-0.54157	8.25943	0.77281
3563.308	8.29241	-0.53967	8.28106	0.74555
3567.308	8.29749	-0.52887	8.27316	0.69138
3571.439	8.27309	-0.53773	8.30126	0.63552
3575.326	8.26638	-0.58601	8.28094	0.63509
3579.316	8.24990	-0.57984	8.26198	0.62963
3583.322	8.24023	-0.52393	8.22477	0.63650
3587.316	8.10070	-0.49752	7.95076	0.67412
3591.318	7.80699	-0.38420	7.68384	0.83095
3595.306	7.83208	-0.27581	7.44628	1.13840
3599.311	7.78073	-0.15018	7.20607	1.32116
3603.312	7.77805	-0.11500	7.38817	1.48238
3607.357	7.80053	-0.05461	7.18516	1.50688
3611.313	7.70243	0.02627	7.16732	1.58479
3615.309	7.69851	0.08350	7.06897	1.47675
3619.313	7.59902	0.11264	7.02154	1.70941
3623.307	7.57837	0.17343	6.93699	1.62743
3627.322	7.57659	0.12442	6.91919	1.73705
3631.307	7.60965	0.17500	6.90659	1.77911
3635.306	7.62672	0.21262	6.90043	1.82177
3639.324	7.69303	0.22018	6.92559	1.76063
3643.318	7.70999	0.21261	6.90816	1.76341
3647.305	7.72853	0.24032	6.87134	1.77523
3651.311	7.73499	0.24128	6.85258	1.78747
3655.306	7.62270	0.26804	6.83702	1.75637
3659.314	7.79269	0.30265	6.83188	1.76983
3663.315	7.90993	0.41122	6.81422	1.72293
3667.307	7.98831	0.46518	6.91217	1.70328
3671.328	7.99788	0.55161	6.92956	1.61856
3675.318	8.06008	0.57726	6.93437	1.64383
3679.306	8.11727	0.65424	6.91836	1.59291
3683.308	8.15316	0.69966	6.90688	1.58213
3687.309	8.09873	0.74757	6.86709	1.59308
3691.328	8.19491	0.79787	6.84074	1.56679
3695.312	8.18903	0.78298	6.84416	1.55043
3699.311	8.21142	0.82054	6.80223	1.52626
3703.313	8.20155	0.78303	6.81265	1.50909
3707.306	8.18791	0.77157	6.80394	1.50155
3711.305	8.14502	0.70749	6.74295	1.49550
3715.314	8.14008	0.64650	6.69033	1.49662
3719.306	8.16121	0.52809	6.68401	1.49043
3723.323	8.11527	0.51487	6.65191	1.46295
3727.308	8.07312	0.42958	6.64917	1.45430
3731.344	8.06730	0.40639	6.67407	1.40835
3735.308	7.99927	0.31453	6.70291	1.38562
3739.338	7.88514	0.17449	6.74379	1.35539
3743.314	7.83670	0.13436	6.78223	1.32803
3747.308	7.81658	-0.01295	6.82398	1.29369
3751.313	7.73207	-0.08017	6.83790	1.26677
3755.309	7.67126	-0.10035	6.89766	1.26511
3759.307	7.68813	-0.18684	6.96844	1.27382
3763.301	7.64403	-0.25719	7.06220	1.27933
3767.309	7.63545	-0.25973	7.09866	1.30235
3771.303	7.62053	-0.30974	7.14274	1.35476
3775.303	7.63479	-0.27816	7.13541	1.36153
3779.305	7.66982	-0.26759	7.19725	1.43253
3783.307	7.69532	-0.28346	7.26114	1.55426
3787.313	7.71979	-0.27160	7.24109	1.63741
3791.303	7.73904	-0.22279	7.24503	1.62590
3795.305	7.78545	-0.16756	7.28827	1.69908
3799.311	7.79001	-0.09427	7.27233	1.75487
3803.311	7.80129	-0.09547	7.26588	1.78346
3807.336	7.80058	-0.08383	7.23570	1.85340
3811.307	7.80660	-0.01873	7.19224	1.90537
3815.351	7.80845	0.02917	7.23606	1.93390
3819.308	7.82236	-0.00611	7.23838	1.95415
3823.303	7.79310	0.00194	7.23977	1.95764
3827.321	7.81118	0.03717	7.18137	1.94021
3831.315	7.82611	0.06031	7.18921	1.92230
3835.304	7.81485	0.10793	7.16175	1.95601
3839.304	7.80073	0.13309	7.11474	1.95567
3843.307	7.96259	0.19690	7.11298	1.95097
3847.311	8.01170	0.40448	7.09187	1.92561
3851.299	8.14514	0.36624	7.05591	1.89724
3855.308	8.22951	0.52404	7.03780	1.85428
3859.305	8.21108	0.60217	6.98377	1.82729
3863.319	8.21349	0.70474	6.93966	1.80915
3867.303	8.33399	0.76740	6.94455	1.74375
3871.321	8.36302	0.86375	6.96105	1.68704
3875.375	8.38325	0.89767	6.99177	1.67431
3879.311	8.39100	0.89048	7.03584	1.63243
3883.307	8.44589	0.91279	7.08490	1.60005
3887.299	8.40679	0.96955	7.09030	1.54856
3891.310	8.36904	0.94342	7.16183	1.54058
3895.304	8.31576	0.93654	7.44101	1.51527
3899.318	8.27817	0.88955	7.58029	1.48970
3903.311	8.22540	0.92432	7.60409	1.48246
3907.299	8.24543	0.92926	7.69373	1.48291
3911.307	8.22190	0.92900	7.72205	1.51047
3915.314	8.19222	0.92073	7.65617	1.46448
3919.302	8.20588	0.92399	7.69866	1.42878
3923.325	8.17274	0.90319	7.67762	1.33670
3927.304	8.13935	0.90029	7.75346	1.32583
3931.308	8.12568	0.88840	7.68488	1.33557
3935.301	8.20316	0.80250	7.60100	1.40023
3939.302	8.15455	0.64950	7.68233	1.31087
3943.340	8.47961	0.65211	9.14808	1.43577
3947.305	11.25443	1.41464	11.23979	1.61949
3951.313	12.57202	2.28515	11.86003	2.03802
3955.306	12.91036	2.80992	12.33375	1.91839
3959.318	13.17259	3.05213	13.40699	1.65302
3963.299	13.22787	3.29050	13.91126	1.60151
3967.313	13.20773	3.19212	13.88530	1.91531
3971.301	13.16896	3.00571	13.75858	2.04272
3975.306	13.08962	3.07865	13.54938	2.21936
3979.299	12.92345	3.15433	13.74830	2.32234
3983.320	12.87138	3.01373	13.70800	2.32539
3987.305	12.95159	2.89070	13.79042	2.35835
3991.301	13.00137	2.95977	13.92709	2.39997
3995.308	13.00711	2.93432	13.92407	2.41043
3999.304	12.99960	2.93644	13.96435	2.39287
4003.300	12.90199	2.93747	13.74662	2.48874
4007.305	12.87381	2.92552	13.71275	2.61296
4011.329	12.80631	2.91874	13.63735	2.68244
4015.308	12.74102	2.93854	13.59077	2.73014
4019.305	12.77131	2.94851	13.51949	2.83720
4023.299	12.82248	2.89676	13.51729	2.86964
4027.301	12.88692	2.94025	13.42625	2.89776
4031.314	12.89711	2.94731	13.40683	2.92230
4035.314	12.89678	3.00391	13.42864	2.93905
4039.299	12.94200	3.03955	13.44284	2.97848
4043.299	12.94910	3.07179	13.42000	3.05115
4047.300	13.02632	3.10044	13.48972	3.06966
4051.305	13.04700	3.12617	13.57684	3.04633
4055.296	13.11759	3.16881	13.64223	3.04597
4059.305	13.14353	3.19969	13.71774	2.99654
4063.302	13.16480	3.18159	13.88305	3.00948
4067.323	13.17614	3.24654	13.84921	2.97546
4071.309	13.17466	3.26119	13.96157	2.98123
4075.300	13.18028	3.29982	14.04414	2.95398
4079.351	13.18866	3.34080	14.08762	2.95090
4083.338	13.13049	3.35707	14.08718	2.95256
4087.338	13.16155	3.37146	14.12539	2.93378
4091.310	13.17348	3.31168	14.13162	2.92334
4095.301	13.13218	3.33892	14.13783	2.94852
4099.335	13.13901	3.31029	14.18433	2.95531
4103.301	13.12552	3.33056	14.17719	2.95740
4107.318	13.08456	3.36443	14.14943	2.94097
4111.304	13.05175	3.31428	14.13342	2.96898
4115.299	12.98523	3.29838	14.11288	2.98910
4119.308	12.99432	3.32422	14.04442	3.00540
4123.296	13.01027	3.29018	13.99655	3.01940
4127.305	13.04443	3.36418	13.91958	3.02348
4131.300	13.00582	3.33756	13.95182	3.01289
4135.300	12.96651	3.35341	13.97816	2.97669
4139.302	12.96119	3.44766	13.97419	2.93417
4143.302	12.87621	3.46836	13.89353	2.86869
4147.322	12.85671	3.53857	13.84371	2.83005
4151.304	12.86945	3.51288	13.81083	2.72547
4155.303	12.84515	3.57856	13.83924	2.63692
4159.306	12.86301	3.67315	13.79948	2.52399
4163.300	12.83290	3.63508	13.79922	2.61443
4167.301	12.79411	3.66667	13.76989	2.56456
4171.299	12.74834	3.65968	13.79030	2.53447
4175.298	12.65989	3.66786	13.73177	2.57008
4179.297	12.69462	3.65809	13.66554	2.59584
4183.315	12.65387	3.65583	13.62683	2.57694
4187.303	12.69190	3.66383	13.62657	2.62095
4191.297	12.68397	3.56279	13.60979	2.61347
4195.302	12.67128	3.54032	13.62688	2.63381
4199.305	12.66493	3.51872	13.58681	2.63122
4203.299	12.70511	3.47317	13.54103	2.68175
4207.316	12.71606	3.52052	13.53974	2.67391
4211.301	12.74452	3.52153	13.52618	2.61931
4215.346	12.76404	3.51302	13.41974	2.58627
4219.304	12.81976	3.54438	13.35207	2.51644
4223.301	12.82944	3.56852	13.35741	2.43277
4227.293	12.87673	3.52808	13.32806	2.42215
4231.302	12.89473	3.57775	13.26636	2.39368
4235.300	12.84175	3.60539	13.29897	2.44610
4239.317	12.63783	3.57916	13.27732	2.43456
4243.303	12.60498	3.56686	13.27551	2.41910
4247.297	12.57193	3.58276	13.31826	2.38467
4251.301	12.52099	3.56909	13.35128	2.39320
4255.305	12.54315	3.52647	13.34056	2.34935
4259.299	12.38464	3.52708	13.51999	2.33621
4263.296	12.33726	3.53603	13.60327	2.29518
4267.297	12.30812	3.50806	13.71542	2.32626
4271.300	12.27917	3.58255	13.79098	2.31156
4275.300	12.28318	3.59183	13.88057	2.37502
4279.292	12.27794	3.87319	13.81923	2.31564
4283.833	12.34496	3.78946	13.87604	2.26582
4287.316	12.40479	3.80773	13.84432	2.30053
4291.303	12.42063	3.76423	13.91558	2.27030
4295.302	12.44685	3.78259	13.80208	2.22825
4299.298	12.48495	3.82175	13.72613	2.27306
4303.304	12.54145	3.80882	12.97818	2.31204
4307.300	12.58621	3.80234	12.64120	2.35493
4311.297	12.65061	3.81623	12.77745	2.39823
4315.297	12.70392	3.80580	12.78137	2.39684
4319.292	12.72197	3.72258	12.85940	2.40072
4323.314	12.85690	3.75249	12.80888	2.37950
4327.308	12.84494	3.76536	12.86558	2.40264
4331.294	12.83265	3.76323	12.83416	2.44243
4335.301	12.82476	3.71924	12.90947	2.44958
4339.289	12.67249	3.67587	12.91668	2.47195
4343.305	12.51700	3.69983	13.01022	2.46884
4347.293	12.49289	3.66949	13.00810	2.45352
4351.322	12.47070	3.68713	13.09395	2.47806
4355.299	12.41177	3.68552	13.23490	2.47620
4359.296	12.33473	3.63574	13.20813	2.53836
4363.298	12.29656	3.62466	13.41521	2.70704
4367.299	12.25652	3.58189	13.44493	2.98188
4371.315	12.22412	3.46274	13.46350	3.02377
4375.288	12.26813	3.45570	13.47986	3.01728
4379.306	12.26749	3.39905	13.52656	3.16250
4383.299	12.27285	3.43725	13.47007	3.02757
4387.295	12.30997	3.43249	13.44280	2.92827
4391.302	12.33224	3.43832	13.44132	3.01800
4395.295	12.40903	3.43586	12.94702	3.02417
4399.299	12.44545	3.42682	13.09972	3.08458
4403.300	12.54214	3.42117	13.17289	3.05514
4407.299	12.58382	3.37694	13.09466	3.01926
4411.303	12.78250	3.37714	13.05722	2.98916
4415.169	12.62736	3.43134	13.01286	2.98274
4419.298	12.55152	3.40076	13.06539	2.95244
4423.178	12.44929	3.37070	13.00711	2.82371
4427.174	12.40200	3.35735	13.12317	2.74692
4431.171	12.39260	3.29301	13.01937	2.75135
4435.174	12.36876	3.26651	13.10657	2.70209
4439.165	12.33918	3.24333	13.17663	2.64922
4443.204	12.30208	3.24490	13.25418	2.60013
4447.175	12.34503	3.29196	13.36842	2.61888
4451.166	12.32056	3.28954	13.43770	2.55863
4455.179	12.30102	3.30212	13.35856	2.56690
4459.169	12.28737	3.29271	13.39079	2.51927
4463.179	12.37380	3.31200	13.40563	2.50350
4467.168	12.40957	3.30622	13.42784	2.57675
4471.170	12.44529	3.38267	13.24224	2.65862
4475.178	12.42638	3.45258	13.19308	2.74640
4479.165	12.42252	3.40374	13.19569	2.72532
4483.172	12.44898	3.49099	13.14037	2.79904
4487.189	12.47364	3.46602	13.15376	2.82892
4491.205	12.42299	3.46297	13.04782	2.84452
4495.165	12.33795	3.42254	13.03578	2.93422
4499.181	12.10141	3.53555	13.04426	3.03666
4503.171	11.76145	3.56622	10.77385	2.98507
4507.176	8.71043	3.19747	9.99686	2.77309
4511.171	6.46167	1.12077	8.31299	1.64358
4515.172	5.60322	0.55412	7.75590	0.29189
4519.166	4.21849	0.60473	6.82200	0.18798
4523.170	3.83683	0.33072	5.72021	0.30367
4527.166	3.58507	-0.16383	3.73193	-0.02254
4531.173	2.94438	-0.76368	3.16513	-1.01584
4535.167	1.89483	-1.38896	2.15499	-1.33217
4539.175	1.46479	-1.54437	2.06790	-1.79794
4543.171	1.01308	-1.38230	1.15258	-1.07359
4547.173	0.18454	-1.43113	0.58114	-1.14389
4551.167	0.28064	-1.31723	0.22723	-1.17002
4555.196	0.27870	-1.41756	0.34414	-1.30153
4559.167	0.73305	-1.47152	0.64230	-1.46246
4563.166	0.83791	-1.17478	0.72226	-1.52419
4567.188	0.68900	-1.60124	0.66843	-1.52654
4571.169	0.50947	-1.70148	0.54826	-1.58718
4575.161	0.32047	-1.72133	0.45946	-1.62711
4579.160	0.24207	-1.76126	0.39209	-1.61940
4583.186	0.32273	-1.73195	0.32536	-1.65866
4587.166	0.27088	-1.67223	0.30446	-1.74114
4591.170	0.35526	-1.68195	0.34054	-1.79583
4595.180	0.29687	-1.81974	0.42795	-1.79884
4599.165	0.29972	-1.76761	0.42254	-1.84791
4603.171	0.45142	-1.84311	0.37715	-1.85750
4607.169	0.25639	-1.87542	0.30999	-1.87030
4611.168	0.25346	-1.85830	0.26954	-1.88386
4615.178	0.32895	-1.76969	0.21629	-1.88019
4619.165	0.29101	-1.81343	0.22822	-1.82312
4623.540	0.27820	-1.62317	0.20819	-1.79656
4627.173	0.41321	-1.82701	0.17941	-1.74123
4631.173	0.30009	-1.84642	0.19512	-1.66156
4635.171	0.33365	-1.66527	0.17040	-1.64567
4639.166	0.29818	-1.61884	0.13657	-1.63023
4643.169	0.35186	-1.63981	0.09277	-1.63175
4647.181	0.30945	-1.60134	0.05179	-1.56153
4651.170	0.33434	-1.61203	0.06656	-1.52721
4655.164	0.43251	-1.34815	0.07890	-1.46476
4659.169	0.32694	-1.66805	0.06376	-1.41497
4663.170	0.34518	-1.27068	0.07478	-1.35619
4667.174	0.45582	-1.59428	0.10560	-1.26233
4671.165	0.38695	-1.49296	0.14357	-1.09767
4675.165	0.36074	-1.60153	0.19380	-1.08570
4679.172	0.19958	-1.74570	0.20844	-1.01197
4683.169	0.36861	-1.75707	0.18909	-1.01875
4687.168	0.32419	-1.60136	0.16965	-0.92468
4691.200	0.29617	-1.64797	0.16474	-0.92567
4695.172	0.37057	-1.44164	0.11280	-0.88990
4699.164	0.29295	-1.48776	0.03273	-0.90250
4703.162	0.34821	-1.18693	-0.01792	-0.87368
4707.183	0.32320	-1.42891	-0.07180	-0.88829
4711.172	0.35720	-1.50985	-0.20747	-0.87265
4715.165	0.31265	-1.49653	-0.15615	-0.93394
4719.163	0.34402	-1.51815	-0.23480	-0.93583
4723.164	0.40234	-1.42283	-0.21425	-0.93742
4727.174	0.39139	-1.42378	-0.21966	-0.93126
4731.166	0.39646	-1.54185	-0.19378	-0.90393
4735.169	0.40410	-1.45613	-0.14258	-1.02469
4739.162	0.37717	-1.41710	-0.17911	-1.03853
4743.163	0.36355	-1.59428	-0.12305	-1.03980
4747.176	0.32049	-1.45652	-0.13176	-1.03768
4751.169	0.28550	-1.48379	-0.05514	-1.08563
4755.167	0.29213	-1.41048	-0.01325	-1.18096
4759.188	0.24726	-1.30834	-0.03631	-1.21812
4763.165	0.18958	-1.28016	-0.04686	-1.40588
4767.165	0.23805	-1.21275	-0.04700	-1.42004
4771.163	0.39953	-1.21317	-0.05857	-1.43809
4775.167	0.32622	-1.19157	-0.12769	-1.50933
4779.159	0.34233	-1.12821	-0.17087	-1.50806
4783.170	0.39715	-1.28346	-0.21405	-1.50376
4787.164	0.44753	-1.20152	-0.17772	-1.56155
4791.170	0.36663	-1.20652	-0.17278	-1.63405
4795.166	0.33603	-1.35048	-0.22405	-1.69679
4799.164	0.25979	-1.32170	-0.18633	-1.71588
4803.162	0.30059	-1.49839	-0.14779	-1.76040
4807.168	0.30714	-1.48662	-0.01501	-1.78779
4811.165	0.34471	-1.50437	0.02931	-1.80976
4815.204	0.34350	-1.55063	0.06775	-1.82681
4819.165	0.29672	-1.49501	0.03144	-1.85295
4823.163	0.28957	-1.54788	0.06554	-1.89622
4827.190	0.26848	-1.57090	0.09073	-1.87782
4831.177	0.21718	-1.53513	0.02139	-1.80194
4835.168	0.21393	-1.57091	0.06971	-1.75730
4839.161	0.22467	-1.50582	0.06708	-1.70261
4843.162	0.23706	-1.52775	-0.02397	-1.65107
4847.179	0.24698	-1.42713	-0.02482	-1.58557
4851.167	0.25138	-1.48012	-0.03105	-1.52771
4855.167	0.26848	-1.50118	-0.08738	-1.39982
4859.171	0.26803	-1.53857	-0.14461	-1.35703
4863.164	0.28605	-1.59657	-0.10778	-1.36716
4867.172	0.25905	-1.62178	-0.13312	-1.32047
4871.166	0.25872	-1.53500	-0.14305	-1.30239
4875.167	0.27808	-1.65313	-0.10543	-1.35529
4879.160	0.28935	-1.69301	-0.05785	-1.39245
4883.174	0.23269	-1.81722	-0.08919	-1.41492
4887.189	0.25014	-1.93934	-0.00583	-1.49183
4891.157	0.19958	-2.05093	0.01802	-1.53638
4895.185	0.17561	-1.92475	-0.02633	-1.58542
4899.167	0.14575	-1.99946	-0.05586	-1.59061
4903.165	0.14811	-1.84555	0.01387	-1.60178
4907.156	0.14632	-1.91974	-0.01904	-1.51577
4911.167	0.16660	-1.89651	-0.03035	-1.47216
4915.175	0.29463	-1.59091	-0.06634	-1.39108
4919.174	0.28126	-1.72409	-0.06649	-1.37166
4923.159	0.36817	-0.98890	-0.03380	-1.46449
4927.160	0.31603	-1.55992	-0.03095	-1.38368
4931.163	0.35998	-1.22595	-0.09582	-1.35219
4935.170	0.28131	-1.39032	-0.13493	-1.33314
4939.162	0.34404	-1.41703	-0.08664	-1.37928
4943.163	0.23400	-1.22534	-0.08947	-1.45373
4947.167	0.24989	-1.29043	-0.10006	-1.42480
4951.163	0.01643	-1.26034	-0.11131	-1.49461
4955.169	0.04812	-1.28645	-0.09158	-1.57747
4959.163	0.05867	-1.29248	-0.03278	-1.56806
4963.169	0.03827	-1.09869	-0.04135	-1.59647
4967.163	0.06899	-1.29668	-0.09051	-1.59197
4971.163	0.29133	-0.78038	-0.08917	-1.57928
4975.161	0.06577	-1.29020	-0.05716	-1.56409
4979.157	0.28687	-1.22275	-0.01449	-1.46173
4983.161	0.31287	-1.41202	-0.02901	-1.37317
4987.177	0.33022	-1.44723	-0.01752	-1.26554
4991.166	0.42862	-0.94021	-0.01166	-1.18665
4995.157	0.54610	-1.10674	-0.00315	-1.17259
4999.196	0.56014	-1.37857	0.02301	-1.05013
5003.169	0.51111	-1.41342	0.01166	-1.00860
5007.164	0.55386	-1.48160	0.00936	-0.94801
5011.163	0.51927	-1.52345	0.03259	-0.88535
5015.165	0.47180	-1.49344	0.01261	-0.87072
5019.161	0.42497	-1.47682	-0.00496	-0.85862
5023.164	0.41440	-1.50138	-0.02028	-0.86565
5027.160	0.42959	-1.55851	0.00385	-0.84049
5031.157	0.38229	-1.52356	0.04517	-0.82931
5035.165	0.39732	-1.52758	0.06448	-0.82240
5039.166	0.30317	-1.54058	0.07373	-0.78623
5043.162	0.24949	-1.54947	0.09277	-0.76695
5047.158	0.25004	-1.45129	0.07934	-0.75373
5051.161	0.20710	-1.40682	0.08334	-0.75117
5055.163	0.17027	-1.39202	0.04534	-0.74985
5059.157	0.06884	-1.31516	0.01938	-0.71090
5063.153	0.04025	-1.24870	0.00802	-0.66546
5067.184	-0.05619	-1.17165	-0.04581	-0.58826
5071.160	-0.08560	-1.13717	-0.11575	-0.55765
5075.165	-0.16278	-1.04034	-0.14201	-0.50497
5079.157	-0.15762	-1.00517	-0.21427	-0.47237
5083.166	-0.18487	-0.94234	-0.23981	-0.41504
5087.154	-0.14149	-0.86406	-0.26944	-0.41316
5091.164	-0.14084	-0.92883	-0.27873	-0.37467
5095.159	-0.07480	-0.77236	-0.30714	-0.40128
5099.178	-0.03551	-0.89291	-0.31516	-0.38508
5103.176	0.19417	-1.14360	-0.30421	-0.42943
5107.167	0.21430	-1.25284	-0.25108	-0.65951
5111.160	0.29009	-1.60477	-0.19122	-0.72928
5115.156	0.30970	-1.51003	-0.13890	-0.83164
5119.166	0.30153	-1.63297	-0.10691	-0.82978
5123.156	0.33402	-1.65260	-0.07043	-0.92389
5127.173	0.35834	-1.64498	-0.06137	-0.99243
5131.160	0.30446	-1.66450	-0.07160	-1.02474
5135.173	0.29836	-1.75884	-0.09438	-1.06898
5139.158	0.32419	-1.77195	-0.04276	-1.07649
5143.168	0.30466	-1.68568	-0.09652	-1.11663
5147.156	0.26810	-1.80497	-0.09314	-1.14239
5151.162	0.25123	-1.79586	-0.13153	-1.12351
5155.158	0.22634	-1.69830	-0.13943	-1.11759
5159.165	0.20462	-1.67159	-0.21499	-1.12226
5163.157	0.17300	-1.64478	-0.24043	-1.12593
5167.162	0.20130	-1.61232	-0.25731	-1.14503
5171.158	0.14005	-1.51802	-0.24760	-1.14101
5175.157	0.16159	-1.32640	-0.23520	-1.14203
5179.157	0.19144	-1.46500	-0.26932	-1.15986
5183.159	0.16407	-1.35546	-0.27828	-1.17779
5187.158	0.14764	-1.46856	-0.24885	-1.19782
5191.158	0.17218	-1.41275	-0.24795	-1.19650
5195.159	0.12409	-1.43377	-0.24535	-1.20410
5199.156	0.10485	-1.37009	-0.25490	-1.20336
5203.157	0.10664	-1.40176	-0.24138	-1.17728
5207.165	0.12416	-1.33252	-0.21589	-1.19183
5211.157	0.14057	-1.41094	-0.20514	-1.16633
5215.154	0.17809	-1.26424	-0.17995	-1.17125
5219.157	0.20896	-1.48350	-0.18315	-1.14996
5223.163	0.15437	-1.46573	-0.17638	-1.12425
5227.158	0.18112	-1.59082	-0.17268	-1.10999
5231.153	0.15980	-1.59753	-0.17960	-1.06968
5235.178	0.10510	-1.59624	-0.20507	-1.06491
5239.215	0.14727	-1.61769	-0.18779	-1.03100
5243.160	0.14722	-1.66442	-0.19010	-0.98633
5247.156	0.14945	-1.74200	-0.20723	-0.98102
5251.163	0.13905	-1.79828	-0.23281	-0.91146
5255.160	0.06212	-1.76418	-0.25699	-0.87568
5259.179	0.05244	-1.87122	-0.24264	-0.87683
5263.188	0.00442	-1.87497	-0.23204	-0.85658
5267.028	0.02909	-1.81569	-0.19812	-0.82177
5271.033	-0.01313	-1.83801	-0.13183	-0.76948
5275.038	-0.00442	-1.83329	-0.07733	-0.74819
5279.034	-0.01226	-1.84662	-0.06098	-0.71932
5283.041	-0.00983	-1.82920	-0.03033	-0.72228
5287.032	-0.03159	-1.85208	0.00819	-0.71090
5291.039	-0.04723	-1.86305	0.05696	-0.68956
5295.034	-0.04001	-1.38174	0.06850	-0.69425
5299.026	-0.02077	-1.71927	0.09406	-0.71865
5303.031	-0.05170	-1.57904	0.08234	-0.73115
5307.028	-0.03916	-1.57824	0.08989	-0.76496
5311.041	-0.06247	-1.50027	0.06874	-0.81097
5315.035	-0.02181	-1.27957	0.01747	-0.87914
5319.029	0.02531	-1.27060	0.01137	-0.85154
5323.029	0.05167	-1.16750	0.02626	-0.83152
5327.045	0.05172	-1.12701	0.05581	-0.77070
5331.032	0.09183	-1.16805	0.04959	-0.73234
5335.030	0.05527	-1.02874	0.04509	-0.74267
5339.029	0.05048	-0.99744	0.06309	-0.74687
5343.034	0.05539	-1.07045	0.08359	-0.71607
5347.031	0.06815	-1.02206	0.10540	-0.64247
5351.022	0.04152	-0.98120	0.12677	-0.63395
5355.043	0.13446	-0.68294	0.16501	-0.55658
5359.038	0.06155	-0.98259	0.20544	-0.53498
5363.033	0.04177	-0.74680	0.23214	-0.51692
5367.024	0.02948	-0.88021	0.23224	-0.52701
5371.033	0.00630	-0.92160	0.23358	-0.52102
5375.101	-0.01832	-0.71661	0.28739	-0.51580
5379.046	0.03507	-0.73882	0.30908	-0.52802
5383.037	0.07644	-0.98149	0.31910	-0.51865
5387.027	0.08051	-1.01404	0.33982	-0.58966
5391.034	0.08505	-0.99123	0.34528	-0.60576
5395.040	0.15898	-1.04876	0.33394	-0.70077
5399.037	0.10423	-1.11606	0.31486	-0.79009
5403.037	0.14441	-1.06543	0.30587	-0.80753
5407.029	0.17060	-1.17351	0.27485	-0.88428
5411.034	0.19288	-1.22020	0.26912	-0.92296
5415.032	0.21073	-1.26789	0.24475	-0.98124
5419.036	0.24063	-1.25410	0.20708	-1.02096
5423.027	0.27694	-1.34393	0.18685	-1.04508
5427.033	0.31019	-1.35155	0.17861	-1.06771
5431.029	0.38901	-1.38802	0.15141	-1.04596
5435.031	0.36531	-1.42490	0.14521	-1.03878
5439.035	0.34528	-1.41100	0.15223	-1.02842
5443.032	0.35007	-1.43143	0.17102	-0.99361
5447.031	0.38675	-1.45631	0.17027	-0.97381
5451.058	0.38412	-1.36512	0.19301	-0.95026
5455.025	0.39981	-1.41792	0.21120	-0.92291
5459.045	0.42030	-1.37992	0.22775	-0.90276
5463.031	0.45644	-1.41083	0.18750	-0.90356
5467.033	0.42653	-1.46805	0.12811	-0.90580
5471.029	0.43403	-1.45998	0.04045	-0.87251
5475.025	0.38618	-1.42783	0.08813	-0.88255
5479.035	0.36705	-1.45828	-0.04365	-0.88448
5483.024	0.38571	-1.46374	-0.09753	-0.90120
5487.029	0.36606	-1.36833	-0.14382	-0.92880
5491.027	0.35320	-1.39048	-0.21552	-0.98151
5495.036	0.34000	-1.39260	-0.23902	-1.00943
5499.024	0.33168	-1.33245	-0.31885	-1.07900
5503.028	0.33918	-1.40702	-0.36405	-1.09216
5507.027	0.31997	-1.33650	-0.37993	-1.11817
5511.031	0.27081	-1.30665	-0.40385	-1.12487
5515.042	0.25842	-1.21391	-0.38291	-1.17801
5519.026	0.26393	-1.22034	-0.39450	-1.17095
5523.026	0.30463	-1.23671	-0.38909	-1.19010
5527.024	0.35640	-1.25096	-0.37668	-1.17346
5531.033	0.33804	-1.22739	-0.38747	-1.22316
5535.026	0.36871	-1.26094	-0.39760	-1.21797
5539.029	0.40174	-1.27042	-0.40159	-1.23659
5543.039	0.40767	-1.25398	-0.41383	-1.23356
5547.032	0.37851	-1.19276	-0.41425	-1.23428
5551.035	0.41668	-1.12030	-0.41653	-1.22864
5555.035	0.42125	-1.22020	-0.41239	-1.25607
5559.023	0.42924	-1.24998	-0.40350	-1.18593
5563.033	0.48024	-1.18634	-0.37003	-1.12542
5567.030	0.37817	-1.33130	-0.38310	-1.10307
5571.020	0.38665	-1.23165	-0.40120	-1.10602
5575.029	0.34047	-1.36458	-0.41164	-1.05825
5579.051	0.34362	-1.47122	-0.40090	-1.04126
5583.028	0.28056	-1.47557	-0.40380	-0.95988
5587.029	0.21053	-1.56539	-0.37638	-0.87905
5591.025	0.22653	-1.61195	-0.35744	-0.83272
5595.029	0.17410	-1.67345	-0.25056	-0.83342
5599.029	0.17769	-1.71444	-0.21847	-0.77897
5603.038	0.13754	-1.70946	-0.17271	-0.81219
5607.020	0.13320	-1.73352	-0.11840	-0.81661
5611.030	0.17070	-1.72634	-0.10019	-0.81661
5615.030	0.14548	-1.76931	-0.05706	-0.80205
5619.028	0.18474	-1.76449	0.00201	-0.77803
5623.023	0.18209	-1.77388	0.05140	-0.77125
5627.030	0.22584	-1.80287	0.06872	-0.78412
5631.028	0.26982	-1.75068	0.08830	-0.81875
5635.033	0.28188	-1.79842	0.11945	-0.84781
5639.028	0.28394	-1.79112	0.09808	-0.87077
5643.050	0.30451	-1.75142	0.09733	-0.92326
5647.032	0.31357	-1.74779	0.10652	-0.89541
5651.028	0.31434	-1.69943	0.09984	-0.79825
5655.019	0.32764	-1.57787	0.11811	-0.75639
5659.053	0.34744	-1.55895	0.10394	-0.81323
5663.031	0.34997	-1.55058	0.09016	-0.85157
5667.038	0.33084	-1.50606	0.07887	-0.85512
5671.025	0.36037	-1.36150	0.06085	-0.73239
5675.035	0.33203	-1.54810	0.06274	-0.76421
5679.025	0.33129	-1.46715	-0.00596	-0.75559
5683.031	0.35809	-1.43444	-0.06577	-0.77241
5687.019	0.35821	-1.46545	-0.06629	-0.74389
5691.021	0.33012	-1.40976	-0.10786	-0.77117
5695.026	0.34278	-1.44964	-0.12292	-0.79996
5699.038	0.29637	-1.45349	-0.16082	-0.86456
5703.026	0.29510	-1.47244	-0.19586	-0.89000
5707.018	0.21080	-1.48087	-0.23604	-0.87606
5711.031	0.17484	-1.44270	-0.26915	-0.87687
5715.028	0.15151	-1.42403	-0.27403	-0.90810
5719.021	0.09237	-1.48192	-0.27088	-0.92450
5723.016	0.03901	-1.49600	-0.27719	-0.93401
5727.027	0.08905	-1.30959	-0.23239	-0.98365
5731.036	0.03261	-1.41197	-0.18829	-1.04879
5735.023	0.12384	-1.49717	-0.16032	-1.10709
5739.029	0.16754	-1.51134	-0.17898	-1.18960
5743.021	0.03872	-1.51867	-0.19179	-1.22549
5747.022	0.16236	-1.51787	-0.17114	-1.22087
5751.034	0.18923	-1.52095	-0.16586	-1.23165
5755.029	0.29396	-1.57683	-0.18360	-1.20135
5759.024	0.18608	-1.67790	-0.21564	-1.22673
5763.021	0.36506	-1.73748	-0.25671	-1.24749
5767.034	0.19179	-1.78830	-0.26582	-1.20656
5771.025	0.24393	-1.83015	-0.26902	-1.12491
5775.021	0.25927	-1.82722	-0.27245	-1.19849
5779.024	0.29560	-1.77371	-0.31101	-1.20412
5783.032	0.29436	-1.80388	-0.29972	-1.26979
5787.018	0.38243	-1.83591	-0.24904	-1.37766
5791.026	0.27719	-1.88073	-0.20633	-1.50180
5795.025	0.19425	-1.77695	-0.18658	-1.53111
5799.073	0.16260	-1.95097	-0.14094	-1.63202
5803.030	0.18690	-1.90447	-0.03924	-1.67952
5807.024	0.18298	-1.88541	0.05326	-1.59505
