time (ms)	lx (deg)	ly (deg)	rx (deg)	ry (deg)
0.000	-1.66085	-2.18115	-1.96087	-2.44842
3.990	-2.00505	-2.18383	-1.91258	-2.41839
7.994	-2.11725	-2.13317	-1.85861	-2.39995
11.987	-2.08637	-2.13066	-1.93534	-2.42421
15.991	-1.95111	-2.08535	-1.93532	-2.39005
19.994	-1.87423	-2.07567	-2.06005	-2.34926
23.995	-1.90663	-2.11462	-2.02267	-2.41322
27.989	-1.98916	-2.19742	-2.01360	-2.18811
31.983	-1.89107	-2.29262	-2.05006	-2.45208
35.991	-1.93737	-2.31698	-2.03169	-2.40206
39.990	-1.88596	-2.38781	-2.03080	-2.19054
43.987	-1.91947	-2.45787	-2.03563	-2.67793
48.023	-1.92064	-2.43658	-2.07321	-2.51054
51.994	-1.88489	-2.31425	-2.07365	-2.41677
55.988	-1.81433	-2.40925	-2.02676	-2.12620
59.989	-1.89563	-2.30809	-2.04969	-2.33599
63.989	-1.79914	-2.28396	-2.00809	-2.37105
68.000	-1.92508	-2.20073	-1.98021	-2.17561
71.988	-1.71627	-2.39455	-1.95701	-2.06158
75.987	-1.82941	-2.09532	-2.05514	-2.22520
79.983	-1.99580	-2.04777	-2.13068	-2.04948
84.007	-1.88164	-2.00752	-2.10798	-2.23504
87.984	-1.88938	-2.13143	-2.05990	-2.38984
91.989	-1.98194	-2.14282	-2.03110	-2.38612
95.984	-1.74769	-2.13571	-2.05732	-1.85290
99.985	-1.81456	-2.32503	-2.15239	-2.19132
103.994	-1.93172	-2.13361	-2.09251	-2.42484
107.991	-1.99714	-2.12080	-2.10875	-2.32504
111.979	-1.83752	-2.11292	-1.88923	-2.24050
115.981	-1.99711	-2.06589	-1.96613	-2.45664
119.987	-1.96001	-2.13742	-2.07968	-2.63219
123.987	-1.91985	-2.23659	-1.93665	-2.52703
127.981	-1.79296	-2.22829	-1.79867	-2.30665
131.988	-1.82304	-2.17883	-1.91900	-2.40100
136.010	-1.89962	-2.12651	-1.94694	-2.49454
139.992	-1.91117	-2.06828	-1.98492	-2.37954
143.986	-1.86280	-2.08240	-1.93028	-2.37478
147.989	-1.93440	-2.10806	-1.94000	-2.26384
151.976	-1.94714	-2.01836	-1.93861	-2.20210
155.990	-1.95817	-2.00619	-2.00966	-2.15015
159.985	-1.98616	-1.95940	-1.82928	-2.21089
163.984	-1.86766	-2.03874	-1.89186	-2.30435
167.988	-1.98350	-1.99974	-1.98988	-2.21331
171.989	-1.84230	-1.97490	-2.02839	-1.95533
175.991	-1.85780	-1.95469	-2.06409	-2.10658
179.987	-1.98385	-2.04163	-2.06446	-2.24465
183.994	-1.83563	-1.97624	-2.04530	-2.24996
188.043	-1.85670	-1.99579	-2.07784	-2.10128
191.986	-1.89677	-2.06034	-2.13480	-2.11065
195.982	-1.64464	-2.05236	-2.11851	-2.43953
199.985	-1.87986	-2.04803	-2.08461	-2.06387
203.998	-1.91960	-2.09960	-2.17276	-2.14879
207.994	-1.88514	-2.04068	-2.12528	-2.36981
211.981	-1.74806	-2.12450	-2.14047	-1.91432
215.990	-2.19965	-2.04175	-2.07888	-2.36034
219.989	-1.95592	-2.05287	-2.15913	-2.09824
223.986	-2.06877	-2.04837	-1.90120	-2.27547
227.984	-1.96427	-2.13719	-2.06649	-2.13133
231.981	-1.82812	-2.18324	-1.97220	-2.04990
235.986	-1.44880	-2.05753	-1.47754	-1.64727
239.985	-0.52644	-1.50108	-0.53620	-1.18305
243.981	0.73533	-1.44565	0.03303	-1.42709
247.983	0.51632	-1.24919	0.18164	-0.95901
252.010	0.24554	-0.41731	-0.62873	-0.89526
255.984	0.28391	-1.08862	-0.22845	-1.17251
259.997	-0.32176	-0.70256	-0.62541	-0.79162
263.982	-0.35896	-1.07172	-0.58029	-0.84350
268.017	-0.05318	-1.53799	-0.33781	-1.13683
272.001	-0.34893	-0.76102	-0.42956	-0.92225
275.991	0.05393	-0.54085	-0.12439	-0.78975
279.980	-0.21601	-0.87787	-0.15469	-0.80585
283.983	-0.38727	-1.03098	-0.35802	-0.94481
287.983	-0.48110	-1.06053	-0.21065	-0.86065
291.986	-0.22341	-1.23145	-0.28458	-0.85009
295.978	-0.27490	-1.26669	-0.28721	-0.84182
299.987	-0.33928	-1.19185	-0.33600	-0.84504
303.979	-0.39119	-0.96602	-0.25505	-0.93078
307.983	-0.14039	-1.10746	-0.28150	-0.92805
311.981	-0.25981	-0.89491	-0.39519	-0.81694
315.982	-0.23510	-0.90572	-0.30592	-0.94422
320.004	-0.32474	-1.13457	-0.35360	-0.85560
324.015	-0.31521	-1.06360	-0.32506	-0.87558
327.986	-0.27533	-0.96114	-0.28111	-0.81966
331.980	-0.08388	-0.90250	-0.31076	-0.58184
335.977	-0.18732	-0.77345	-0.29327	-0.67238
339.996	-0.31191	-0.86929	-0.32920	-0.87578
343.984	-0.20197	-0.98621	-0.37737	-0.83167
347.978	-0.19258	-0.81293	-0.45740	-0.53360
351.980	-0.24554	-0.72692	-0.36573	-0.52042
355.980	-0.27719	-0.73929	-0.33868	-0.74144
359.996	-0.29250	-0.76455	-0.30267	-0.88740
363.979	-0.23400	-0.69387	-0.29431	-0.77166
367.981	-0.22157	-1.12862	-0.22971	-0.52390
371.983	-0.32218	-1.13144	-0.22537	-0.98829
375.990	-0.32280	-0.97013	-0.25160	-0.89265
379.982	-0.24837	-0.94971	-0.27498	-0.92778
383.979	-0.19149	-0.83425	-0.24691	-1.17077
387.988	-0.18147	-0.84073	-0.26885	-0.75372
391.984	-0.30195	-1.04155	-0.32719	-0.69342
395.999	-0.27453	-0.92991	-0.37752	-0.89393
399.978	-0.17876	-1.10284	-0.23110	-0.85318
403.983	-0.30391	-0.93436	-0.34514	-0.78495
407.977	-0.07329	-0.97369	-0.37050	-0.64142
411.980	-0.27972	-0.87402	-0.25674	-0.73166
415.982	-0.36127	-0.83269	-0.61692	-0.79003
419.979	-0.31270	-0.81839	-0.45974	-0.60002
423.998	-0.13459	-0.81890	-0.12595	-0.52020
427.977	-0.24480	-1.03730	-0.68409	-0.48044
431.990	-0.32759	-1.00408	-0.25366	-0.36140
435.978	-0.26783	-0.91339	-0.39050	-0.77453
439.976	-0.28168	-0.84778	-0.21194	-0.37159
443.981	-0.15164	-0.73765	-0.47031	-0.42656
447.978	-0.25212	-0.74721	-0.40854	-0.47194
451.980	-0.20182	-0.79994	-0.20787	-0.89201
456.037	-0.14369	-0.66222	-0.70099	-0.57502
459.982	-0.21621	-0.84838	-0.24247	-0.37074
463.986	-0.19648	-0.79286	-0.46701	-0.69515
467.980	-0.14776	-0.87263	-0.33092	-0.92260
471.976	-0.33099	-0.83876	-0.20030	-0.99990
475.988	-0.25818	-0.75427	-0.69139	-0.72150
479.983	-0.14945	-0.67350	-0.37037	-0.02234
483.976	-0.30404	-0.71091	-0.41442	-0.54851
487.978	-0.28163	-0.73936	-0.61407	-0.82665
491.975	-0.40616	-0.84166	-0.28071	-0.43368
495.978	-0.27590	-0.81399	-0.43309	-0.87663
499.977	-0.17876	-0.80173	-0.38688	-0.78174
503.978	-0.41968	-0.80529	-0.47177	-0.84630
507.983	-0.36161	-0.79553	-0.54821	-0.77958
511.989	-0.24301	-0.74567	-0.32632	-0.77238
515.977	-0.27200	-0.63909	-0.03415	-0.65984
519.979	-0.27952	-0.66746	-0.44336	-0.65537
523.984	-0.16010	-0.74965	-0.35059	-0.57722
527.985	-0.13377	-0.73201	-0.18442	-0.48708
531.977	-0.26664	-0.73834	-0.31059	-0.90842
535.974	-0.34491	-0.78952	-0.35186	-0.70897
539.974	-0.43768	-0.83291	-0.39886	-0.41245
543.977	-0.28292	-0.97366	-0.46135	-0.71614
547.985	-0.35655	-0.91778	-0.41859	-0.77098
551.979	-0.21852	-0.93016	-0.29997	-0.79151
555.972	-0.31285	-0.95102	-0.31955	-0.79804
560.032	-0.39683	-0.98930	-0.43514	-0.73222
563.859	-0.39685	-1.00939	-0.39656	-0.81632
567.977	-0.48195	-0.86495	-0.42437	-0.84494
571.852	-0.42487	-0.77078	-0.43036	-0.86955
575.847	-0.38961	-0.75838	-0.47927	-0.78585
579.856	-0.40524	-0.79950	-0.49535	-0.74272
583.859	-0.34444	-0.84335	-0.55453	-0.83332
587.850	-0.39976	-0.92543	-0.52342	-0.89893
591.848	-0.39713	-0.73751	-0.54292	-0.87011
595.860	-0.47103	-0.72849	-0.61478	-0.78136
599.850	-0.36831	-0.67970	-0.64625	-0.64969
603.867	-0.31560	-0.74440	-0.62521	-0.69660
607.850	-0.29496	-0.68763	-0.65062	-0.72499
611.852	-0.31334	-0.75645	-0.48282	-0.65731
615.856	-0.25984	-0.62249	-0.27959	-0.58539
619.851	-0.05835	-0.62421	-0.24157	-0.42049
623.848	-0.24028	-0.53066	-0.33546	-0.27164
627.852	-0.16280	-0.63917	-0.14734	-0.51789
631.855	-0.17556	-0.58796	-0.27595	-0.43688
635.857	-0.13176	-0.57703	-0.22433	-0.48663
639.854	-0.05624	-0.40113	-0.28113	-0.50258
643.848	-0.03666	-0.59104	-0.30342	-0.55436
647.854	-0.01022	-0.52405	-0.20474	-0.66123
651.853	-0.03507	-0.54925	-0.24589	-0.79775
655.847	0.00352	-0.61499	-0.34581	-0.62181
659.885	-0.05328	-0.66227	-0.44887	-0.71199
663.864	-0.19286	-0.51876	-0.33618	-0.71064
667.846	-0.25287	-0.65591	-0.23490	-0.89258
671.854	-0.20708	-0.79837	-0.32243	-0.89806
675.849	-0.21517	-0.94813	-0.54821	-0.92292
679.870	-0.22179	-0.97987	-0.37338	-0.96401
683.849	-0.23328	-0.77231	-0.32687	-0.92072
687.856	-0.25267	-0.75725	-0.17161	-0.95315
691.849	-0.23927	-0.77673	-0.27756	-0.91684
695.850	-0.33307	-0.84236	-0.44820	-0.92495
699.850	-0.36933	-0.65747	-0.31905	-0.92196
703.853	-0.36613	-0.55388	-0.28180	-0.90410
707.862	-0.17809	-0.54430	-0.32575	-0.90723
711.843	-0.35774	-0.49679	-0.36380	-0.94471
715.844	-0.42502	-0.38361	-0.34188	-0.92081
719.867	-0.31047	-0.23820	-0.35772	-0.90968
723.845	-0.05954	-0.16388	-0.34670	-0.87068
727.851	-0.39842	-0.40361	-0.30684	-0.77712
731.856	-0.42137	-0.15659	-0.34146	-0.87406
735.846	-0.40192	-0.25661	-0.43815	-0.88687
739.866	-0.21705	-0.37807	-0.30210	-0.82786
743.846	-0.41331	-0.28123	-0.30178	-0.78043
747.845	-0.24924	-0.35474	-0.35690	-0.75255
751.862	-0.34978	-0.70311	-0.37454	-0.83590
755.851	-0.48063	-0.63219	-0.38948	-0.73978
759.854	-0.34494	-0.59195	-0.26867	-0.67670
763.850	-0.42291	-0.64087	-0.35017	-0.63106
767.854	-0.18566	-0.48733	-0.42705	-0.65443
771.859	-0.57704	-0.40894	-0.30908	-0.70281
775.853	-0.34429	-0.60082	-0.27029	-0.47401
779.847	-0.23745	-0.72605	-0.13044	-0.59931
783.851	-0.45438	-0.58598	-0.42517	-0.65975
787.850	-0.44150	-0.32427	-0.35213	-0.61386
791.845	-0.15166	-0.53275	-0.35357	-0.69558
795.848	-0.33134	-0.48253	-0.46281	-0.61299
799.852	-0.22790	-0.42834	-0.28096	-0.65432
803.855	-0.18107	-0.41110	-0.33377	-0.77193
807.844	-0.07028	-0.35338	-0.50433	-0.83566
811.846	-0.44036	-0.40241	-0.32997	-0.96171
815.857	-0.24569	-0.55399	-0.32627	-0.91371
819.846	-0.19891	-0.34413	-0.28265	-1.03323
823.852	-0.33454	-0.40356	-0.42137	-1.04032
827.845	-0.41045	-0.47698	-0.27815	-0.98789
831.846	-0.25197	-0.65482	-0.34700	-1.02425
835.850	-0.41728	-0.47303	-0.19407	-1.01028
839.860	-0.33811	-0.50138	-0.25855	-1.06068
843.851	-0.38273	-0.52243	-0.35653	-1.08119
847.851	-0.32310	-0.52462	-0.33722	-0.83772
851.856	-0.39435	-0.47547	-0.42378	-0.92006
855.874	-0.35318	-0.61247	-0.36325	-0.97601
859.850	-0.18693	-0.58033	-0.31888	-0.88725
863.850	-0.35645	-0.49711	-0.35908	-0.84904
867.846	-0.27887	-0.45930	-0.21929	-0.78975
871.857	-0.26036	-0.47590	-0.36841	-0.64646
875.844	-0.23274	-0.22304	-0.28960	-0.67245
879.847	-0.16059	-0.13913	-0.35002	-0.69551
883.855	-0.28575	-0.27609	-0.25565	-0.61255
887.856	-0.25272	-0.22043	-0.27066	-0.65735
891.849	-0.20147	0.05059	-0.23879	-0.56378
895.862	-0.27076	-0.06491	-0.13270	-0.44889
899.837	-0.37635	-0.18072	-0.23502	-0.43808
903.845	-0.28808	0.13334	-0.19455	-0.50209
907.856	-0.34077	0.20950	-0.19316	-0.44337
911.843	-0.32503	0.11187	-0.17375	-0.48740
915.849	-0.27406	0.06309	-0.25768	-0.68580
919.848	-0.37988	0.15018	-0.29374	-0.50091
923.844	-0.21919	-0.08113	-0.19951	-0.70327
927.848	-0.24267	0.05564	-0.31136	-0.51503
931.853	-0.18072	0.02532	-0.19216	-0.42645
935.889	-0.22376	-0.06983	-0.39884	-0.56606
939.843	-0.19819	-0.16776	-0.25028	-0.56085
943.845	-0.15442	-0.12265	-0.22125	-0.56472
947.843	-0.14057	-0.08931	-0.21889	-0.55471
951.843	-0.11404	-0.03178	-0.21318	-0.62006
955.875	-0.15216	-0.11873	-0.23768	-0.38940
959.841	-0.20494	0.03027	-0.12620	-0.46348
963.852	-0.02951	0.04291	-0.17715	-0.49732
967.843	-0.12295	0.09691	-0.20189	-0.44228
971.866	-0.20348	0.07132	-0.09805	-0.46556
975.844	-0.23944	0.14499	-0.17514	-0.53108
979.842	-0.08493	0.15486	-0.11483	-0.38841
983.845	-0.33223	0.13923	-0.13464	-0.46181
987.849	-0.23031	0.23328	-0.11034	-0.42208
991.838	-0.30565	0.03143	-0.06373	-0.47038
995.846	-0.41544	0.04463	-0.01457	-0.55506
999.864	-0.36871	0.18152	-0.02445	-0.49391
1003.853	-0.38392	0.15965	-0.07899	-0.53548
1007.845	-0.52555	-0.03332	-0.12717	-0.47257
1011.847	-0.42490	0.01923	-0.14724	-0.51670
1015.842	-0.34489	0.14288	-0.21522	-0.51752
1019.867	-0.38164	-0.13769	-0.16764	-0.51372
1023.867	-0.35310	0.05087	-0.19306	-0.39161
1027.846	-0.31044	0.08496	-0.28153	-0.41892
1031.851	-0.34494	-0.20540	-0.13228	-0.36679
1035.839	-0.33841	0.04858	-0.24674	-0.52743
1039.844	-0.29446	0.12663	-0.36447	-0.46702
1043.855	-0.14158	-0.05651	-0.35782	-0.41392
1047.845	-0.18817	-0.23336	-0.39415	-0.40271
1051.850	-0.08915	-0.16418	-0.44939	-0.31532
1055.847	-0.15243	-0.17143	-0.23460	-0.37807
1059.839	-0.08713	-0.27110	-0.40961	-0.58894
1063.867	-0.00062	-0.30577	-0.28168	-0.65099
1067.846	-0.03363	-0.20409	-0.42470	-0.56374
1071.845	-0.13821	-0.10931	-0.29568	-0.49706
1075.851	-0.14310	-0.22178	-0.33188	-0.67672
1079.839	-0.15461	-0.34237	-0.23194	-0.63690
1083.844	-0.30436	-0.37052	-0.29394	-0.52422
1087.843	-0.25989	-0.30770	-0.21075	-0.64453
1091.842	-0.22954	-0.32703	-0.28225	-0.58467
1095.844	-0.26910	-0.26305	-0.33843	-0.73444
1099.843	-0.28557	-0.33779	-0.31039	-0.56156
1103.844	-0.26475	-0.10412	-0.32144	-0.55063
1107.842	-0.35819	-0.38758	-0.34074	-0.57066
1111.845	-0.36231	-0.21966	-0.37323	-0.51651
1115.843	-0.34801	-0.40413	-0.28088	-0.62256
1119.841	-0.34099	-0.07301	-0.33042	-0.50126
1123.839	-0.36057	-0.34581	-0.32091	-0.52680
1127.840	-0.29046	-0.31791	-0.40246	-0.51149
1131.842	-0.25604	-0.47786	-0.39996	-0.38651
1135.897	-0.25713	-0.00467	-0.43465	-0.41504
1139.842	-0.30022	-0.59456	-0.43063	-0.54049
1143.844	-0.26974	-0.52862	-0.51637	-0.45074
1147.840	-0.31106	-0.45047	-0.51902	-0.45575
1151.838	-0.27391	-0.46223	-0.37161	-0.51184
1155.841	-0.23698	-0.30219	-0.36881	-0.52297
1159.861	-0.26686	-0.00375	-0.46683	-0.47673
1163.835	-0.16888	-0.30686	-0.42906	-0.59801
1167.851	-0.16390	-0.30651	-0.46721	-0.59035
1171.842	-0.21919	-0.27359	-0.50684	-0.64908
1175.842	-0.26550	-0.49749	-0.48775	-0.62285
1179.847	-0.24751	-0.65067	-0.53012	-0.63934
1183.840	-0.13280	-0.47948	-0.44038	-0.61642
1187.842	-0.16521	-0.46447	-0.40058	-0.59619
1191.846	-0.16059	-0.54887	-0.36236	-0.59548
1195.839	-0.20877	-0.54944	-0.37683	-0.50240
1199.843	-0.24830	-0.33404	-0.35308	-0.39183
1203.845	-0.22624	-0.55034	-0.31580	-0.46566
1207.852	-0.28592	-0.50186	-0.36303	-0.54178
1211.843	-0.35444	-0.52658	-0.37293	-0.46411
1215.843	-0.25619	-0.47155	-0.32642	-0.43805
1219.842	-0.22634	-0.52890	-0.31426	-0.45820
1223.863	-0.20770	-0.63961	-0.28078	-0.46422
1227.843	-0.19455	-0.56147	-0.26925	-0.85081
1231.848	-0.10418	-0.55201	-0.08949	-0.95086
1235.839	-0.12367	-0.62346	-0.24621	-0.73223
1239.841	-0.12213	-0.58172	-0.29113	-0.83186
1243.849	-0.20988	-0.57839	-0.32019	-0.84591
1247.836	-0.14856	-0.65072	-0.33270	-0.77054
1251.843	-0.18564	-0.70434	-0.25001	-0.67591
1255.840	-0.14749	-0.77750	-0.26776	-0.62331
1259.879	-0.21226	-0.75571	-0.23080	-0.84744
1263.847	-0.23023	-0.79099	-0.11850	-0.78508
1267.872	-0.23698	-0.77673	-0.11091	-0.80414
1271.854	-0.25756	-0.86237	-0.06554	-0.74280
1275.848	-0.32794	-0.86330	-0.12401	-0.70565
1279.842	-0.34233	-0.87051	-0.13957	-0.67852
1283.837	-0.39112	-0.91437	-0.08019	-0.67728
1287.835	-0.25857	-0.84612	-0.06051	-0.67281
1291.839	-0.29960	-0.75476	-0.04527	-0.67937
1295.843	-0.23423	-0.85536	-0.05055	-0.65244
1299.838	-0.28314	-0.79849	-0.02234	-0.66237
1303.849	-0.30051	-0.87560	-0.07736	-0.66046
1307.848	-0.36968	-0.94163	-0.13918	-0.70319
1311.844	-0.32034	-0.87496	-0.12096	-0.68111
1315.841	-0.25081	-0.90716	-0.25289	-0.74962
1319.833	-0.25636	-0.84806	-0.24289	-0.80172
1323.838	-0.26781	-0.83218	-0.21686	-0.79805
1327.842	-0.36491	-0.78718	-0.38782	-0.93961
1331.857	-0.29627	-0.76982	-0.26877	-0.94705
1335.845	-0.36859	-0.76363	-0.29684	-0.89014
1339.843	-0.34178	-0.77543	-0.40604	-0.83607
1343.851	-0.30843	-0.72271	-0.39844	-1.04221
1347.841	-0.29744	-0.69248	-0.35834	-1.01653
1351.837	-0.17819	-0.61603	-0.41780	-1.05934
1355.838	-0.24770	-0.65318	-0.39070	-1.05041
1359.852	-0.28297	-0.58423	-0.35973	-0.99723
1363.843	-0.17464	-0.55772	-0.33548	-1.03528
1367.839	-0.10406	-0.50743	-0.38633	-0.97685
1371.833	-0.07363	-0.49652	-0.28786	-0.91212
1375.840	-0.16422	-0.49752	-0.28920	-0.83643
1379.837	-0.16707	-0.51811	-0.27466	-0.87258
1383.836	-0.11840	-0.53287	-0.16370	-0.83820
1387.836	-0.16395	-0.52733	-0.24425	-0.84140
1391.843	-0.15305	-0.50830	-0.11225	-0.96495
1395.851	-0.24361	-0.65385	-0.14975	-0.82367
1399.851	-0.22631	-0.76043	-0.24763	-0.72793
1403.837	-0.16744	-0.73003	-0.18464	-0.84411
1407.843	-0.16069	-0.72950	-0.23959	-0.65810
1411.847	-0.10734	-0.77738	-0.10721	-0.71475
1415.713	-0.25041	-0.83178	-0.11252	-0.77773
1419.721	-0.26676	-0.83382	-0.16285	-0.80240
1423.707	-0.30347	-0.86234	-0.18005	-0.90041
1427.716	-0.32367	-0.95945	-0.27681	-0.78234
1431.722	-0.28200	-0.95898	-0.24770	-0.88855
1435.718	-0.25632	-0.89089	-0.33528	-0.80246
1439.706	-0.27376	-0.87789	-0.26428	-0.74431
1443.722	-0.30032	-0.81029	-0.24080	-0.85949
1447.722	-0.35514	-0.76654	-0.24512	-0.85099
1451.712	-0.32054	-0.77494	-0.24078	-0.82033
1455.709	-0.34387	-1.01005	-0.21849	-0.83395
1459.720	-0.37732	-0.91686	-0.28361	-0.75459
1463.707	-0.38440	-0.97390	-0.30116	-0.92621
1467.722	-0.38578	-0.98118	-0.27416	-0.72778
1471.711	-0.34546	-1.08561	-0.29153	-0.57878
1475.771	-0.39822	-0.92965	-0.25771	-0.84433
1479.722	-0.41522	-0.89795	-0.25158	-0.64177
1483.710	-0.36727	-0.95410	-0.23902	-0.75720
1487.710	-0.37581	-0.88871	-0.24780	-0.83775
1491.709	-0.34603	-0.99072	-0.27647	-0.68577
1495.708	-0.33776	-0.98014	-0.24989	-0.72391
1499.713	-0.26396	-0.92793	-0.26964	-0.74195
1503.704	-0.24346	-0.84992	-0.35980	-0.77769
1507.708	-0.32843	-0.82977	-0.28250	-0.66023
1511.725	-0.25892	-0.82100	-0.27155	-0.61444
1515.711	-0.24254	-0.87223	-0.31454	-0.71414
1519.722	-0.26810	-0.84338	-0.27111	-0.71919
1523.712	-0.34412	-0.85279	-0.32345	-0.81603
1527.706	-0.20599	-0.85787	-0.29513	-0.74035
1531.724	-0.14501	-0.90026	-0.32645	-0.82552
1535.711	-0.25341	-0.97142	-0.24885	-0.90363
1539.707	-0.19991	-0.95908	-0.37903	-0.81312
1543.732	-0.18060	-0.92468	-0.27632	-0.77713
1547.713	-0.26197	-0.89953	-0.26125	-0.73129
1551.709	-0.32310	-0.88159	-0.24793	-0.73275
1555.710	-0.25359	-0.88326	-0.30111	-0.77337
1559.741	-0.26128	-0.86368	-0.21847	-0.95031
1563.716	-0.14426	-0.89539	-0.22440	-0.82309
1567.706	-0.27828	-0.95095	-0.21455	-0.78607
1571.708	-0.26627	-0.87650	-0.24602	-0.95702
1575.708	-0.31536	-0.89960	-0.23222	-0.88023
1579.709	-0.34062	-0.86375	-0.21676	-0.87467
1583.711	-0.28337	-0.96506	-0.19348	-0.84632
1587.730	-0.30272	-0.94005	-0.18229	-0.87422
1591.713	-0.25507	-0.94114	-0.16749	-0.80911
1595.708	-0.24535	-0.93292	-0.21492	-0.71241
1599.714	-0.27366	-0.83571	-0.18750	-0.61260
1603.712	-0.26247	-0.89687	-0.22795	-0.39072
1607.707	-0.27505	-0.70085	-0.26115	-0.38806
1611.780	-0.29692	-0.74122	-0.27349	-0.80952
1615.718	-0.27905	-0.76103	-0.25565	-0.70068
1619.713	-0.23601	-0.67966	-0.26133	-0.72868
1623.708	-0.23502	-0.50127	-0.27103	-0.79549
1627.720	-0.27875	-0.57168	-0.29232	-0.88462
1631.709	-0.30714	-0.41768	-0.31486	-0.85786
1635.718	-0.28972	-0.53423	-0.31250	-0.76900
1639.712	-0.30399	-0.46153	-0.29972	-0.62358
1643.713	-0.31712	-0.39534	-0.29453	-0.80873
1647.713	-0.35216	-0.42893	-0.20224	-0.75812
1651.716	-0.31781	-0.33585	-0.18067	-0.80086
1655.707	-0.30595	-0.28996	-0.17179	-0.74858
1659.747	-0.25661	-0.21753	-0.20487	-0.68831
1663.712	-0.22820	-0.24926	-0.19626	-0.63415
1667.706	-0.18752	-0.41346	-0.19028	-0.54244
1671.704	-0.15203	-0.41139	-0.17524	-0.52462
1675.707	-0.25674	-0.50407	-0.16275	-0.53541
1679.709	-0.15449	-0.52728	-0.20489	-0.58341
1683.715	-0.08239	-0.55496	-0.20958	-0.63315
1687.703	-0.06314	-0.51384	-0.26850	-0.58736
1691.706	-0.08684	-0.63380	-0.27322	-0.54012
1695.711	-0.09557	-0.39432	-0.38812	-0.59058
1699.705	0.04594	-0.53340	-0.31605	-0.53575
1703.703	-0.02899	-0.68508	-0.28185	-0.45435
1707.737	-0.08785	-0.69885	-0.22869	-0.53217
1711.707	-0.17625	-0.60366	-0.24316	-0.51938
1715.720	0.01536	-0.59375	-0.28332	-0.62766
1719.705	-0.06314	-0.62558	-0.33253	-0.67106
1723.714	-0.05850	-0.56791	-0.31741	-0.72661
1727.711	-0.12803	-0.57325	-0.18196	-0.67231
1731.715	-0.03541	-0.57457	-0.19996	-0.69400
1735.712	-0.09575	-0.50020	-0.30580	-0.72140
1739.708	-0.13831	-0.67154	-0.22120	-0.67668
1743.704	-0.11200	-0.64737	-0.24569	-0.77154
1747.709	-0.10265	-0.58006	-0.31243	-0.80522
1751.712	-0.15273	-0.49866	-0.30372	-0.80758
1755.704	-0.05343	-0.59544	-0.27344	-0.81409
1759.754	-0.04395	-0.37358	-0.21713	-0.83964
1763.718	0.08825	-0.45801	-0.28878	-0.75961
1767.709	0.06892	-0.46216	-0.31163	-0.70853
1771.707	-0.12106	-0.45041	-0.23510	-0.72202
1775.707	-0.12034	-0.49630	-0.26369	-0.69233
1779.705	-0.10391	-0.63283	-0.27838	-0.71832
1783.722	-0.06904	-0.79057	-0.27103	-0.59648
1787.708	-0.12017	-0.53824	-0.27289	-0.64075
1791.706	-0.01851	-0.46119	-0.28399	-0.54303
1795.707	-0.02360	-0.61509	-0.29334	-0.52479
1799.709	-0.16362	-0.69002	-0.24954	-0.51647
1803.705	-0.15650	-0.84230	-0.39586	-0.51244
1807.713	-0.15511	-0.66647	-0.30910	-0.49483
1811.703	-0.25455	-0.62115	-0.16968	-0.54008
1815.704	-0.22944	-0.56415	-0.24597	-0.53160
1819.707	-0.17643	-0.55342	-0.25537	-0.45624
1823.700	-0.17367	-0.59914	-0.23592	-0.46782
1827.723	0.03532	-0.49543	-0.23041	-0.51535
1831.713	0.02869	-0.39254	-0.24917	-0.44787
1835.709	-0.13359	-0.32313	-0.16335	-0.43430
1839.709	-0.15131	0.00979	-0.23100	-0.36192
1843.712	-0.01794	0.05631	-0.06532	-0.37646
1847.715	0.16223	0.09781	-0.14960	-0.27003
1851.711	-0.01452	-0.06242	-0.14851	-0.25642
1855.702	0.12076	-0.39927	-0.04795	-0.35797
1859.719	0.34779	-0.53833	0.21437	-0.55019
1863.742	0.40546	0.14372	0.17720	-0.88597
1867.711	0.31491	0.33898	0.08793	-1.01091
1871.705	0.17124	0.26148	0.13270	-0.78441
1875.707	1.46494	0.64368	0.17633	-0.67904
1879.710	0.63419	0.93424	0.15724	-0.67897
1883.702	3.31247	1.28909	0.15245	-0.81363
1887.711	1.54011	1.67790	0.01194	-0.73107
1891.705	0.74682	2.05953	0.02598	-0.76879
1895.705	2.50328	2.50173	0.28083	-0.69874
1899.708	1.58011	2.61896	0.17017	-0.71075
1903.702	2.96401	2.97122	0.54250	-0.63683
1907.704	NaN	NaN	0.21743	-0.42715
1911.706	NaN	NaN	NaN	NaN
1915.700	1.99682	4.65254	0.47594	-0.30782
1919.711	1.44832	5.01785	-0.06817	-0.12489
1923.704	0.89823	5.40865	0.97861	0.15330
1927.705	2.12005	5.66726	-0.00452	0.41870
1931.712	NaN	NaN	NaN	NaN
1935.702	NaN	NaN	NaN	NaN
1939.714	NaN	NaN	NaN	NaN
1943.703	NaN	NaN	NaN	NaN
1947.712	NaN	NaN	NaN	NaN
1952.890	NaN	NaN	NaN	NaN
1957.323	NaN	NaN	NaN	NaN
1961.651	NaN	NaN	NaN	NaN
1965.961	NaN	NaN	NaN	NaN
1970.195	NaN	NaN	NaN	NaN
1974.430	NaN	NaN	NaN	NaN
1978.756	NaN	NaN	NaN	NaN
1983.102	NaN	NaN	NaN	NaN
1987.460	NaN	NaN	NaN	NaN
1991.759	NaN	NaN	NaN	NaN
1996.060	NaN	NaN	NaN	NaN
2000.318	NaN	NaN	NaN	NaN
2004.696	NaN	NaN	NaN	NaN
2009.076	NaN	NaN	NaN	NaN
2013.375	NaN	NaN	NaN	NaN
2017.597	NaN	NaN	NaN	NaN
2023.735	NaN	NaN	NaN	NaN
2028.112	NaN	NaN	NaN	NaN
2032.436	NaN	NaN	NaN	NaN
2036.718	NaN	NaN	NaN	NaN
2040.911	NaN	NaN	1.26460	-0.30837
2045.189	3.53582	10.62235	0.08632	0.20399
2047.890	2.29339	10.82224	-0.48676	0.26170
2051.717	3.62993	11.62818	-0.80394	0.41816
2055.705	1.58723	10.22866	-2.22993	0.65852
2059.706	1.75761	10.36762	-2.63695	0.63884
2063.703	NaN	NaN	-2.41957	0.54980
2067.709	1.21623	10.81673	-2.45768	0.72050
2071.723	1.40450	11.19360	-2.34431	0.60311
2075.699	2.43736	9.65571	-2.15973	0.25273
2079.702	1.65627	9.36241	-2.12959	0.03129
2083.704	-0.36660	9.42169	-2.27862	-0.38366
2087.701	-0.38216	9.65589	-2.36802	0.09204
2091.729	-0.18586	9.70529	-2.49000	-0.16700
2095.696	-0.58081	9.89483	-2.46164	-0.22415
2099.708	-0.44408	10.10892	-2.49736	-0.16007
2103.701	-0.02308	10.40478	-2.50147	0.08838
2107.696	0.55654	10.46285	-2.63002	0.06047
2111.717	-1.13858	8.52900	-2.68353	-0.06253
2115.703	-1.96159	8.11995	-2.63326	-0.28874
2119.702	-1.71293	10.32395	-2.61588	-0.18213
2123.696	-1.00035	10.25077	-2.63316	-0.19076
2127.700	-0.77228	10.27340	-2.67987	-0.06364
2131.704	-3.12249	10.23154	-2.68160	-0.02460
2135.702	-2.90455	10.10640	-2.69891	-0.08273
2139.702	-2.61298	9.99353	-2.65221	-0.13330
2143.707	-2.71632	-1.02796	-2.69750	-0.03279
2147.692	-2.96582	-1.46580	-2.67590	-0.05836
2151.705	-2.93562	-1.74587	-2.67987	-0.17874
2155.713	-2.86267	-1.57851	-2.61984	-0.20812
2159.704	-2.92775	-1.48401	-2.67217	-0.09929
2163.703	-2.98235	-1.43466	-2.61704	-0.11347
2167.706	-2.94396	-1.58444	-2.62482	-0.10093
2171.706	-2.93384	-1.64000	-2.67903	-0.11063
2175.700	-2.94252	-1.56939	-2.69423	-0.08040
2179.698	-2.93767	-1.49835	-2.65156	-0.02371
2183.711	-2.93953	-1.54874	-2.66662	-0.07864
2187.701	-2.97849	-1.51665	-2.65765	-0.09249
2191.700	-2.95040	-1.42376	-2.63821	-0.14288
2195.699	-2.94958	-1.40950	-2.68935	-0.06263
2199.705	-2.96475	-1.39515	-2.63628	-0.04148
2203.703	-2.93842	-1.43060	-2.57630	-0.08008
2207.696	-2.96836	-1.46689	-2.62018	-0.11322
2211.702	-2.99826	-1.36182	-2.64634	-0.16624
2215.705	-3.00891	-1.38068	-2.64067	-0.14933
2219.708	-3.00247	-1.32337	-2.59990	-0.17111
2223.707	-3.01841	-1.37110	-2.58469	-0.24337
2227.696	-3.01304	-1.40657	-2.56959	-0.27788
3272.914	NaN	NaN	NaN	NaN
3278.072	NaN	NaN	NaN	NaN
3279.438	NaN	NaN	NaN	NaN
3283.432	NaN	NaN	NaN	NaN
3287.429	NaN	NaN	NaN	NaN
3291.425	NaN	NaN	NaN	NaN
3295.433	NaN	NaN	NaN	NaN
3299.428	-0.46976	1.34631	NaN	NaN
3303.431	-0.17529	0.63690	-8.33231	-0.35631
3307.454	1.26892	1.22343	NaN	NaN
3311.430	1.08932	1.07895	NaN	NaN
3315.441	1.05074	0.86591	-8.55231	0.46341
3319.434	-1.34184	0.94445	-7.32175	0.08644
3323.429	-2.48344	0.95454	-7.79183	0.19745
3327.432	-3.32192	1.12966	-7.02113	0.23114
3331.433	-3.81375	1.15691	-5.20211	2.10100
3335.429	-3.30225	1.01791	-5.04708	1.68023
3339.431	-2.97779	1.15652	-4.66383	1.40776
3343.436	-2.86490	1.09167	-3.25622	1.69597
3347.441	-3.01848	1.14450	-3.01116	1.53133
3351.428	-2.99128	1.24677	-2.92960	0.98644
3355.435	-2.74336	1.14093	-2.86438	1.16450
3359.428	-2.83358	1.29899	-2.83402	1.13087
3363.479	-2.84937	1.29875	-2.80300	0.99481
3367.436	-3.06167	1.39688	-2.91686	1.15825
3371.432	-2.94356	1.22964	-2.86009	1.24047
3375.426	-2.85975	1.26399	-2.88854	1.27159
3379.436	-2.88760	1.43929	-2.87975	1.21569
3383.425	-2.89520	1.32638	-2.94921	1.11106
3387.439	-2.96742	1.41233	-2.89918	1.11483
3391.426	-3.01537	1.34258	-2.90562	1.11018
3395.431	-2.92148	1.21460	-2.90841	1.18296
3399.428	-3.04581	1.17339	-2.99787	1.11081
3403.435	-3.08545	1.25237	-2.97960	1.14848
3407.426	-3.12227	1.03506	-3.06521	1.14202
3411.720	-3.08973	0.83817	-3.12786	1.10013
3415.439	-3.13417	0.96718	-3.09587	1.20020
3419.436	-3.19905	0.86116	-3.13541	1.23177
3423.434	-3.21673	0.80029	-3.15137	1.23084
3427.426	-3.24969	0.77313	-3.20355	1.21967
3431.433	-3.24679	0.70308	-3.19006	1.32165
3435.430	-3.07580	0.67690	-3.19647	1.32286
3439.442	-3.17576	0.58656	-3.25033	1.32934
3443.426	-3.15543	0.67573	-3.29740	1.34080
3447.428	-3.25958	0.69484	-3.28808	1.32160
3451.431	-3.14825	0.64552	-3.31541	1.37120
3455.428	-3.19905	0.57318	-3.37227	1.43702
3459.439	-3.19459	0.64289	-3.31289	1.41134
3463.423	-3.24328	0.61512	-3.30069	1.43184
3467.433	-3.13714	0.51702	-3.29773	1.43787
3471.430	-3.14016	0.62089	-3.27875	1.42991
3475.427	-3.15936	0.64388	-3.27992	1.42555
3479.463	-3.16127	0.59811	-3.27982	1.45173
3483.438	-3.25021	0.57149	-3.22468	1.36126
3487.449	-3.22651	0.57859	-3.21960	1.40758
3491.432	-3.23996	0.45892	-3.17465	1.45384
3495.424	-3.24758	0.50875	-3.15911	1.51649
3499.430	-3.29575	0.50213	-3.10591	1.45978
3503.428	-3.27890	0.47192	-3.09953	1.47427
3507.420	-3.29572	0.38735	-3.09720	1.44549
3511.436	-3.34254	0.41422	-3.09621	1.50282
3515.428	-3.30767	0.39598	-3.12306	1.49505
3519.425	-3.30322	0.34941	-3.11547	1.45360
3523.440	-3.29562	0.39320	-3.00212	1.45670
3527.425	-3.32409	0.45163	-3.07444	1.50196
3531.428	-3.26332	0.43680	-3.16884	1.52726
3535.431	-3.22210	0.46064	-3.01957	1.54384
3539.431	-3.31403	0.46853	-3.12856	1.51120
3543.429	-3.27818	0.49400	-3.26238	1.50734
3547.431	-3.29171	0.58205	-3.01277	1.51863
3551.438	-3.23774	0.63631	-3.23442	1.55654
3555.429	-3.18336	0.64865	-3.07233	1.52457
3559.429	-3.15026	0.60831	-3.19694	1.55362
3563.428	-3.18037	0.75577	-3.07790	1.59027
3567.446	-3.19209	0.64076	-3.20362	1.63619
3571.428	-3.17245	0.61234	-3.31417	1.57689
3575.437	-3.22957	0.64820	-3.19392	1.59615
3579.453	-3.20137	0.61780	-3.32966	1.60622
3583.425	-3.18531	0.69618	-3.10544	1.66404
3587.429	-3.20164	0.62515	-3.43786	1.61556
3591.430	-3.14798	0.70548	-3.25535	1.59793
3595.424	-3.03180	0.76285	-2.98119	1.66579
3599.433	-1.08344	0.78723	0.00283	1.75547
3603.426	0.75965	0.99120	1.04332	2.12965
3607.430	2.47474	1.40226	2.88438	2.08047
3611.432	2.72191	1.38976	3.19996	2.02691
3615.431	3.43254	1.64769	4.19721	2.17719
3619.472	4.74405	1.59320	4.99093	2.12829
3623.429	5.08842	1.83421	5.26526	2.00730
3627.423	4.72006	1.60962	4.87020	2.22112
3631.427	4.57852	1.88354	3.91726	2.13338
3635.420	4.09019	1.74250	4.27869	2.14647
3639.427	3.83643	1.82406	4.11584	2.28093
3643.424	4.44210	1.82435	4.53761	2.23702
3647.432	4.53532	1.87264	4.60927	2.22997
3651.423	4.78508	1.91635	4.60994	2.19342
3655.425	4.29959	1.90992	4.80068	2.11930
3659.427	4.89111	1.94469	4.48831	2.08509
3663.424	4.63035	1.78015	4.66669	2.18238
3667.423	4.83834	1.80443	4.49437	2.17583
3671.422	4.33621	1.79923	4.57968	2.18770
3675.427	4.67651	1.86205	4.55741	2.18185
3679.424	4.42743	1.84183	4.62757	2.19779
3683.429	4.77860	1.93692	4.61990	2.20221
3687.510	4.67798	1.89223	4.62781	2.17038
3691.429	4.67961	1.88864	4.63395	2.19102
3695.449	4.66549	1.90686	4.59502	2.16890
3699.428	4.63043	1.89647	4.53687	2.34688
3703.425	4.73660	1.94187	4.57364	2.25716
3707.423	4.63543	1.90286	4.53862	2.21070
3711.437	4.61669	1.98619	4.50971	2.12181
3715.423	4.68602	2.10073	4.50367	2.15287
3719.426	4.62656	2.03774	4.49094	2.22302
3723.436	4.78641	2.08334	4.44060	1.99741
3727.425	4.69973	2.00121	4.51112	2.04922
3731.426	4.56249	1.89647	4.54104	2.02155
3735.433	4.59189	1.98002	4.46117	2.03993
3739.425	4.73310	1.99647	4.41739	2.03377
3743.432	4.82008	2.06902	4.46110	2.00356
3747.422	4.54557	1.99786	4.41240	2.02520
3751.427	4.58806	2.04512	4.44057	2.07349
3755.432	4.69869	2.02177	4.52469	2.11764
3759.422	4.63812	1.97514	4.61953	2.16994
3763.425	4.65355	1.92968	4.51396	2.03293
3767.420	4.59911	1.86102	4.49196	2.03176
3771.437	4.46857	1.81010	4.48500	1.90620
3775.429	4.48488	1.86225	4.44371	1.85912
3779.430	4.43939	1.91298	4.45367	1.69804
3783.421	4.50478	1.91093	4.52079	1.74491
3787.420	4.52878	1.98737	4.52957	1.77275
3791.429	4.56619	1.93232	4.58668	1.89750
3795.417	4.68218	1.95478	4.57278	1.68101
3799.420	4.56185	1.92090	4.55115	1.68262
3803.422	4.65185	1.83208	4.56341	1.64321
3807.415	4.62128	2.07426	4.61539	1.67655
3811.429	4.75524	1.83221	4.63094	1.68023
3815.423	4.67843	1.89978	4.72472	1.71949
3819.431	4.67978	1.93913	4.76672	1.77859
3823.426	4.78254	1.89232	4.68405	1.87757
3827.421	4.70350	1.75151	4.76798	1.94927
3831.422	4.76988	1.73667	4.78363	1.91688
3835.417	4.69384	1.77675	4.85352	1.91618
3839.426	4.81798	1.88497	4.85031	1.95403
3843.437	4.53781	1.85687	4.63072	1.89820
3847.426	2.75715	1.81823	3.45170	1.86664
3851.422	1.14436	1.68351	2.21051	1.41568
3855.424	0.17591	1.62894	1.65163	1.11358
3859.426	-0.70972	1.42765	0.58012	1.31867
3863.431	-1.11013	1.54570	0.00293	0.97919
3867.420	-1.91501	1.43272	-0.80173	1.15628
3871.419	-1.91796	1.50437	-1.36811	1.10444
3875.425	-2.09621	1.59885	-1.85410	1.40971
3879.419	-2.39369	1.70450	-2.51633	1.44328
3883.421	-2.30573	1.58354	-2.48193	1.14395
3887.431	-2.27399	1.55827	-2.37679	1.07916
3891.483	-2.36153	1.59025	-2.30026	1.01891
3895.420	-2.41425	1.63839	-2.47199	1.11951
3899.429	-2.32317	1.67720	-2.49882	1.15237
3903.423	-2.54180	1.64237	-2.55292	1.18044
3907.421	-2.52010	1.64850	-2.62098	1.19395
3911.423	-2.54474	1.71051	-2.53521	1.16450
3915.420	-2.67838	1.71695	-2.68591	1.17947
3919.421	-2.62489	1.79033	-2.66914	1.11810
3923.416	-2.70064	1.78104	-2.65850	1.08875
3927.435	-2.73058	1.69922	-2.70857	1.03318
3931.423	-2.72731	1.57851	-2.59581	1.04615
3935.428	-2.61491	1.68906	-2.76081	1.03556
3939.422	-2.74415	1.58102	-2.75703	1.03309
3943.427	-2.78944	1.61829	-2.76448	1.01660
3947.426	-2.70092	1.65893	-2.76042	1.01142
3951.422	-2.66439	1.66131	-2.66815	0.99190
3955.850	-2.74487	1.73230	-2.81211	0.97850
3959.435	-2.71857	1.77554	-2.81169	0.93689
3963.418	-2.74843	1.81192	-2.84521	0.94744
3967.431	-2.66233	1.66871	-2.81335	0.90704
3971.418	-2.82680	1.71388	-2.85735	0.91619
3975.298	-2.67922	1.89673	-2.88111	0.88639
3979.300	-2.75477	1.90576	-2.87173	0.80782
3983.295	-2.66370	1.85289	-2.81397	0.84359
3987.331	-2.75950	1.83655	-2.85262	0.85937
3991.295	-2.62298	1.83132	-2.75487	0.88915
3995.290	-2.76460	1.76848	-2.75747	0.88716
3999.300	-2.69606	1.71603	-2.74180	0.88973
4003.294	-2.75551	1.67877	-2.68353	0.96129
4007.308	-2.64247	1.70524	-2.62303	0.91374
4011.301	-2.69220	1.71760	-2.68690	1.00888
4015.302	-2.70312	1.72862	-2.60847	1.02182
4019.288	-2.75910	1.70537	-2.67170	1.02383
4023.290	-2.72721	1.70391	-2.60292	1.01597
4027.294	-2.76807	1.68356	-2.61082	1.02448
4031.291	-2.78696	1.65951	-2.62610	1.01126
4035.304	-2.80271	1.71193	-2.64037	1.02405
4039.294	-2.81647	1.72324	-2.64730	0.96673
4043.294	-2.91198	1.73545	-2.68395	0.95992
4047.307	-2.85643	1.74248	-2.69772	0.90308
4051.296	-2.88262	1.71211	-2.69215	0.93081
4055.292	-2.82865	1.71822	-2.69000	0.82909
4059.294	-2.82291	1.72725	-2.70423	0.81523
4063.297	-2.88215	1.71935	-2.69985	0.81938
4067.292	-3.07028	1.83783	-2.72276	0.78383
4071.298	-3.47386	1.82269	-2.99698	0.93314
4075.300	-4.34593	2.06519	-4.34364	1.32280
4079.296	-4.81961	2.19743	-4.53566	1.54107
4083.298	-4.81123	2.38077	-4.70863	1.73982
4087.295	-4.60160	2.49640	-4.13347	1.53100
4091.302	-3.80261	2.70396	-3.75437	1.33851
4095.301	-4.25425	2.64925	-4.02319	1.40512
4099.292	-4.54321	2.46249	-3.80930	1.47957
4103.291	-4.63011	2.57995	-4.09671	1.45934
4107.311	-4.47106	2.70363	-4.13804	1.52173
4111.298	-4.51645	2.76365	-4.14525	1.42105
4115.300	-4.45224	2.80049	-4.21355	1.57175
4119.297	-4.46944	2.78021	-4.16954	1.54527
4123.293	-4.42123	2.81339	-4.15097	1.49874
4127.296	-4.43159	2.86448	-4.14236	1.41955
4131.295	-4.37542	2.85951	-4.16477	1.39962
4135.295	-4.44684	2.79918	-4.10298	1.46071
4139.290	-4.46993	2.76573	-4.21612	1.50919
4143.290	-4.39326	2.89641	-4.18887	1.54354
4147.286	-4.37418	2.90786	-4.17544	1.61908
4151.302	-4.40167	2.89277	-4.22602	1.59896
4155.298	-4.40678	2.91349	-4.24909	1.64876
4159.300	-4.39074	2.89049	-4.24125	1.55914
4163.304	-4.35163	2.93589	-4.24152	1.60856
4167.292	-4.41817	2.96217	-4.29154	1.58484
4171.286	-4.48591	2.88024	-4.28377	1.58936
4175.317	-4.42345	2.79583	-4.35410	1.66420
4179.298	-4.40907	2.86052	-4.29712	1.62249
4183.298	-4.41795	2.89736	-4.34660	1.55860
4187.287	-4.42271	2.90562	-4.33160	1.59723
4191.292	-4.42424	2.75334	-4.38566	1.59722
4195.293	-4.25228	2.66651	-4.26615	1.66081
4199.297	-3.27739	1.86643	-2.70020	1.23806
4203.293	-1.55092	0.59671	-0.32434	0.21487
4207.291	0.18603	-1.80747	0.66015	-1.51564
4211.291	0.42432	-1.44923	1.62735	-2.26502
4215.287	0.82627	-1.60832	1.76217	-2.12094
4219.289	0.92430	-1.54266	1.24927	-1.91805
4223.290	1.26029	-1.20581	1.13117	-1.38152
4227.300	1.34073	-0.81025	1.26364	-1.27163
4231.341	1.29911	-0.80215	1.46693	-1.24203
4235.290	1.30595	-0.95874	1.39391	-1.22531
4239.288	1.06857	-1.01071	1.31912	-1.58475
4243.287	1.24391	-1.06208	1.26634	-1.65948
4247.303	1.34309	-1.01912	1.41028	-1.68862
4251.294	1.38319	-1.02564	1.46526	-1.58810
4255.287	1.39140	-1.16852	1.55717	-1.56331
4259.290	1.41214	-1.14820	1.50876	-1.60572
4263.290	1.52025	-1.04773	1.42712	-1.59739
4267.296	1.48848	-1.18461	1.56258	-1.64904
4271.306	1.42992	-1.15470	1.56546	-1.61749
4275.294	1.36429	-1.26560	1.56201	-1.61067
4279.292	1.34780	-1.27301	1.41750	-1.61477
4283.299	1.44617	-1.38244	1.51844	-1.61455
4287.287	1.56806	-1.27849	1.59226	-1.64264
4291.289	1.45480	-1.30835	1.57753	-1.58350
4295.659	1.50222	-1.19600	1.51363	-1.63577
4299.293	1.62775	-1.21976	1.53148	-1.61156
4303.290	1.82904	-1.18818	1.50279	-1.59123
4307.304	1.64129	-1.10381	1.50502	-1.59981
4311.292	1.61386	-1.09223	1.55517	-1.57098
4315.290	1.85318	-1.10006	1.49540	-1.63609
4319.304	1.59735	-1.07376	1.38163	-1.60837
4323.287	1.69912	-1.08518	1.54854	-1.69080
4327.291	1.88217	-1.05051	1.41883	-1.69206
4331.285	1.42399	-1.01785	1.47642	-1.67077
4335.306	1.60724	-0.95911	1.45854	-1.63331
4339.291	1.65964	-1.10387	1.40904	-1.59144
4343.287	1.47704	-1.07961	1.37798	-1.64066
4347.288	1.47365	-0.99806	1.41375	-1.60286
4351.289	1.52719	-0.95666	1.42265	-1.66302
4355.293	1.69126	-1.03013	1.32242	-1.60232
4359.291	1.40457	-0.94539	1.44976	-1.62043
4363.377	1.51432	-0.97090	1.30186	-1.65032
4367.290	1.59822	-0.98832	1.27006	-1.55909
4371.287	1.50569	-0.87402	1.34170	-1.59002
4375.291	1.57493	-0.83553	1.31592	-1.57219
4379.288	1.49599	-1.09529	1.32483	-1.51981
4383.286	1.57280	-0.83667	1.40098	-1.49814
4387.284	1.50909	-0.88805	1.33093	-1.55880
4391.285	1.46717	-0.97718	1.37699	-1.54045
4395.304	1.43067	-0.97818	1.30131	-1.53203
4399.284	1.41437	-1.04604	1.41628	-1.48862
4403.354	1.41816	-1.06836	1.44242	-1.51678
4407.289	1.37848	-1.17610	1.37253	-1.53772
4411.290	1.30236	-1.11356	1.46893	-1.53913
4415.290	1.38044	-1.09900	1.49971	-1.49345
4419.297	1.29923	-1.28157	1.48129	-1.50963
4423.287	1.18177	-1.23065	1.40184	-1.50293
4427.281	1.15818	-1.31459	1.49004	-1.56532
4431.311	1.27105	-1.25569	1.42895	-1.65726
4435.287	1.31151	-1.37398	1.46750	-1.65688
4439.289	1.33180	-1.33521	1.47769	-1.64967
4443.292	1.25188	-1.27102	1.34886	-1.70623
4447.285	1.25282	-1.28684	1.22476	-1.67395
4451.287	1.14255	-1.34345	1.27619	-1.69457
4455.288	1.17074	-1.29874	1.31823	-1.68960
4459.288	1.16868	-1.24908	1.30600	-1.81256
4463.281	1.15655	-1.28030	1.29754	-1.72218
4467.302	1.15374	-1.23091	1.31275	-1.77754
4471.290	1.18319	-1.34435	1.26788	-1.71947
4475.290	1.11569	-1.25144	1.24764	-1.70012
4479.289	1.10281	-1.19448	1.19118	-1.61727
4483.284	1.04104	-1.20722	1.17567	-1.52319
4487.294	1.17820	-1.20937	1.13670	-1.57853
4491.281	1.12983	-1.19578	1.18899	-1.49029
4495.283	1.17088	-1.06680	1.22335	-1.42739
4499.288	1.17500	-1.07306	1.22586	-1.49702
4503.291	1.14317	-1.05824	1.23982	-1.45901
4507.297	1.13079	-1.05487	1.20695	-1.52712
4511.288	1.12923	-1.00592	1.18924	-1.46534
4515.282	1.08391	-1.02409	1.21087	-1.43194
4519.316	1.15005	-1.01450	1.17815	-1.50169
4523.293	1.17532	-0.95168	1.26587	-1.39640
4527.285	1.21244	-0.91297	1.26346	-1.29766
4531.292	1.19825	-1.01707	1.33073	-1.45238
4535.294	1.16014	-1.08066	1.36087	-1.43396
4539.281	1.09753	-1.04664	1.27971	-1.32856
4543.297	1.05696	-1.02651	1.33594	-1.47042
4547.285	0.84555	-1.03710	1.17118	-1.30992
4551.287	0.15506	-1.03594	0.47885	-1.18316
4555.285	-0.24018	-0.96710	0.55672	-0.94796
4559.288	0.23450	-0.80754	0.73305	-0.67355
4563.286	0.27046	-0.76455	0.81404	-0.46957
4567.292	0.84952	-0.94378	0.70536	-0.67994
4571.324	0.39494	-0.85594	0.55007	-0.57357
4575.282	0.16918	-0.79668	0.62193	-0.59694
4579.286	0.44827	-0.80899	0.46718	-0.49690
4583.283	0.26292	-0.71298	0.50478	-0.33512
4587.280	0.25661	-0.78205	0.50175	-0.42820
4591.288	0.16945	-0.69711	0.48865	-0.34983
4595.281	0.29836	-0.76689	0.52337	-0.29489
4599.280	0.24363	-0.72714	0.54406	-0.20743
4603.284	0.40978	-0.83353	0.52830	-0.24913
4607.304	0.37742	-0.86126	0.47324	-0.34310
4611.296	0.31518	-0.80008	0.45329	-0.24510
4615.281	0.35077	-0.92916	0.48423	-0.20766
4619.286	0.36057	-0.86690	0.42068	-0.11634
4623.280	0.39373	-0.87972	0.43512	-0.13674
4627.281	0.26207	-0.92723	0.40035	-0.11664
4631.283	0.31612	-0.89277	0.38459	-0.13483
4635.315	0.37899	-0.97807	0.35104	-0.01133
4639.288	0.37854	-0.93909	0.33620	-0.04229
4643.279	0.41522	-1.00326	0.27555	-0.01004
4647.285	0.33662	-0.98983	0.29960	-0.09527
4651.287	0.38804	-0.98796	0.30002	0.02418
4655.284	0.35402	-0.99961	0.42601	0.02241
4659.284	0.29590	-0.99162	0.35479	0.11791
4663.280	0.34558	-1.02751	0.39380	0.02380
4667.284	0.31228	-1.04974	0.43713	0.10061
4671.291	0.33476	-0.99487	0.40410	0.04145
4675.282	0.40216	-1.03394	0.34265	0.10839
4679.279	0.38085	-0.97588	0.31871	0.00666
4683.296	0.43286	-1.00844	0.36283	0.00460
4687.273	0.43529	-0.96723	0.36521	0.04038
4691.289	0.50438	-0.92584	0.32707	0.11269
4695.292	0.47701	-0.85266	0.32970	0.07224
4699.286	0.51024	-0.86741	0.35198	0.03720
4703.286	0.51949	-0.91702	0.30994	-0.00832
4707.284	0.54051	-0.86470	0.31774	0.05119
4711.281	0.53314	-0.84557	0.30550	-0.05710
4715.287	0.52629	-0.80848	0.43296	-0.06545
4719.282	0.51180	-0.76881	0.42519	-0.08931
4723.292	0.58811	-0.81866	0.39829	-0.10978
4727.291	0.47123	-0.71378	0.49145	-0.00706
4731.281	0.46934	-0.69823	0.52220	0.02149
4735.287	0.52761	-0.78649	0.50577	-0.03581
4739.280	0.41762	-0.73538	0.52900	-0.05643
4743.283	0.46842	-0.70238	0.48163	-0.03126
4747.282	0.54133	-0.75082	0.46922	0.03849
4751.280	0.31727	-0.69104	0.51379	-0.07753
4755.279	0.47614	-0.61698	0.45879	-0.04547
4759.287	0.58826	-0.73178	0.44872	-0.03153
4763.281	0.37941	-0.69804	0.43162	0.03106
4767.284	0.40393	-0.65876	0.44931	0.06560
4771.285	0.38809	-0.68949	0.50495	0.01864
4775.290	0.50431	-0.69067	0.45187	0.00417
4779.287	0.40613	-0.65933	0.46224	-0.00012
4783.275	0.47818	-0.69053	0.36010	0.02286
4787.282	0.43279	-0.71932	0.40400	0.00216
4791.289	0.33796	-0.68559	0.50436	0.02120
4795.288	0.45986	-0.61684	0.44738	0.05740
4799.276	0.43259	-0.63386	0.52552	0.01396
4803.282	0.34777	-0.57590	0.55501	0.08560
4807.283	0.42365	-0.61796	0.55540	0.08446
4811.284	0.38767	-0.62497	0.58471	0.01387
4815.278	0.44003	-0.58379	0.55451	0.04955
4819.288	0.35471	-0.57374	0.50830	0.05385
4823.277	0.45346	-0.56809	0.44860	0.01936
4827.167	0.33173	-0.57751	0.44778	0.08488
4831.156	0.39291	-0.45758	0.48130	0.09263
4835.157	0.46490	-0.51457	0.51503	0.10344
4839.154	0.40889	-0.46920	0.55612	0.06572
4843.150	0.47701	-0.50617	0.59548	0.13472
4847.152	0.52267	-0.41657	0.59754	0.11025
4851.171	0.42311	-0.43482	0.60287	0.10620
4855.150	0.52473	-0.47973	0.52237	0.15344
4859.157	0.46604	-0.51012	0.57962	0.16549
4863.158	0.43706	-0.51266	0.54193	0.20795
4867.157	0.43686	-0.43705	0.66198	0.26803
4871.151	0.42286	-0.47693	0.68243	0.29163
4875.152	0.52384	-0.45205	0.71109	0.24986
4879.159	0.43671	-0.43104	0.66613	0.21068
4883.154	0.41720	-0.42808	0.59560	0.20072
4887.150	0.43326	-0.44103	0.58744	0.18412
4891.169	0.52245	-0.46192	0.56952	0.22266
4895.153	0.51322	-0.44358	0.56384	0.19237
4899.161	0.28699	-0.39208	0.47788	0.23032
4903.152	0.46855	-0.46130	0.60300	0.27571
4907.207	0.41795	-0.46707	0.59086	0.16882
4911.156	0.47336	-0.53340	0.53203	0.10098
4915.157	0.40911	-0.43834	0.53031	0.19078
4919.153	0.48746	-0.43136	0.55962	0.17267
4923.155	0.27972	-0.43507	0.65121	0.17341
4927.154	0.44182	-0.44080	0.62977	0.13897
4931.157	0.32168	-0.39889	0.55669	0.23953
4935.153	0.41611	-0.41822	0.66297	0.26418
4939.154	0.26637	-0.45761	0.60012	0.12083
4943.151	0.33737	-0.41012	0.70245	0.19667
4947.161	0.30131	-0.34604	0.66000	0.29248
4951.157	-0.04780	-0.24066	0.17695	0.00241
4955.154	-1.85566	-0.19809	-0.83205	0.01732
4959.154	-2.56637	-0.19460	-1.18043	-0.04166
4963.159	-2.81766	-0.22660	-1.54812	-0.05415
4967.172	-2.72276	-0.17819	-1.89238	-0.16677
4971.153	-1.87151	-0.15706	-1.91454	0.04537
4975.154	-1.54329	-0.12075	-1.79348	0.07727
4979.152	-1.18711	-0.01267	-1.36670	-0.08821
4983.217	-2.01397	0.01746	-1.68330	-0.06547
4987.156	-1.92153	0.02389	-1.70998	-0.13134
4991.153	-2.02495	0.07016	-1.84865	-0.17986
4995.159	-1.75674	0.08864	-1.88036	-0.10227
4999.168	-1.66919	0.12494	-1.87195	-0.06596
5003.155	-1.69579	0.15315	-1.93911	0.01113
5007.149	-1.71305	0.17714	-1.93856	0.02814
5011.148	-1.70564	0.23216	-1.89902	0.08511
5015.154	-1.78855	0.29948	-1.87815	0.06827
5019.185	-1.78319	0.30217	-1.97463	0.06422
5023.155	-1.91791	0.29976	-2.04726	0.11987
5027.151	-1.80848	0.25341	-2.09851	0.13708
5031.162	-1.77533	0.28741	-2.14563	0.17650
5035.157	-1.82564	0.27079	-2.12186	0.19481
5039.146	-1.75017	0.28975	-2.14052	0.19081
5043.175	-1.70226	0.26316	-2.13537	0.20712
5047.152	-1.66019	0.27670	-2.09133	0.19526
5051.151	-1.80015	0.28346	-2.11903	0.19218
5055.150	-1.74315	0.26971	-2.16634	0.15954
5059.147	-1.69956	0.23755	-2.21915	0.18938
5063.166	-1.81515	0.24064	-2.13457	0.13444
5067.146	-1.65902	0.21990	-2.12734	0.07000
5071.167	-1.64803	0.27737	-2.12092	0.01728
5075.159	-1.80191	0.31808	-2.04284	0.02796
5079.148	-1.79889	0.36676	-2.09831	-0.04659
5083.149	-1.82130	0.34917	-1.99731	-0.05764
5087.162	-1.75190	0.34596	-2.03640	-0.09260
5091.149	-1.82854	0.40754	-2.07289	-0.17934
5095.150	-1.78773	0.40278	-2.06067	-0.14142
5099.149	-1.77762	0.42794	-2.04230	-0.15851
5103.148	-1.84433	0.39909	-2.01409	-0.10398
5107.144	-1.83558	0.40500	-1.99659	-0.17496
5111.154	-1.83722	0.40204	-2.07234	-0.13261
5115.217	-1.92634	0.48360	-2.05444	-0.09807
5119.158	-1.86620	0.44508	-2.06379	-0.14967
5123.148	-1.89999	0.49652	-2.02138	-0.05180
5127.153	-1.82145	0.50151	-2.05690	-0.03069
5131.150	-1.88988	0.49397	-2.09737	-0.00906
5135.155	-1.88212	0.63743	-2.15066	0.03154
5139.148	-1.90750	0.65277	-2.15019	0.06429
5143.152	-1.97071	0.77086	-2.17564	0.20893
5147.188	-1.91382	0.88916	-2.16736	0.15597
5151.172	-1.86444	1.10109	-2.20191	0.20130
5155.153	-1.94915	1.32624	-2.20230	0.51083
5159.155	-1.97510	1.79504	-2.20847	0.58084
5163.149	-2.16473	2.95988	-2.22864	1.39311
5167.148	-1.71992	3.72659	-0.01509	3.84462
5171.146	0.68446	4.01895	-0.07860	4.62212
5175.155	0.34198	3.99522	-8.19243	11.94622
5179.147	-2.04289	4.72915	NaN	NaN
5183.150	-2.93567	9.08922	NaN	NaN
5187.178	NaN	NaN	NaN	NaN
5191.152	NaN	NaN	NaN	NaN
5195.148	NaN	NaN	NaN	NaN
5199.165	NaN	NaN	NaN	NaN
5203.159	NaN	NaN	NaN	NaN
5207.154	NaN	NaN	NaN	NaN
5211.145	NaN	NaN	NaN	NaN
5215.147	NaN	NaN	NaN	NaN
5219.137	NaN	NaN	NaN	NaN
5223.150	NaN	NaN	NaN	NaN
5227.156	NaN	NaN	NaN	NaN
5231.149	NaN	NaN	NaN	NaN
5235.156	NaN	NaN	NaN	NaN
5239.152	NaN	NaN	NaN	NaN
5243.157	NaN	NaN	NaN	NaN
5247.868	NaN	NaN	NaN	NaN
5251.922	NaN	NaN	NaN	NaN
5255.727	NaN	NaN	NaN	NaN
5259.454	NaN	NaN	NaN	NaN
5263.140	NaN	NaN	NaN	NaN
5267.167	NaN	NaN	NaN	NaN
5271.160	NaN	NaN	NaN	NaN
5275.270	NaN	NaN	NaN	NaN
5279.185	NaN	NaN	NaN	NaN
5283.144	NaN	NaN	NaN	NaN
5287.183	NaN	NaN	NaN	NaN
5291.147	NaN	NaN	NaN	NaN
5295.234	NaN	NaN	NaN	NaN
5299.340	NaN	NaN	NaN	NaN
5303.453	NaN	NaN	NaN	NaN
5307.367	NaN	NaN	NaN	NaN
5311.372	NaN	NaN	NaN	NaN
5316.385	NaN	NaN	NaN	NaN
5320.416	NaN	NaN	NaN	NaN
5324.438	NaN	NaN	NaN	NaN
5328.379	NaN	NaN	NaN	NaN
5332.301	NaN	NaN	NaN	NaN
5336.320	NaN	NaN	NaN	NaN
5340.240	NaN	NaN	NaN	NaN
5344.162	NaN	NaN	NaN	NaN
5348.133	NaN	NaN	NaN	NaN
5352.122	NaN	NaN	NaN	NaN
5356.144	NaN	NaN	NaN	NaN
5360.007	NaN	NaN	NaN	NaN
5364.025	NaN	NaN	NaN	NaN
5367.933	NaN	NaN	NaN	NaN
5371.977	NaN	NaN	NaN	NaN
5375.930	NaN	NaN	NaN	NaN
5379.878	NaN	NaN	NaN	NaN
5384.724	NaN	NaN	NaN	NaN
5388.741	NaN	NaN	NaN	NaN
5392.511	NaN	NaN	NaN	NaN
5396.068	NaN	NaN	NaN	NaN
5399.785	NaN	NaN	NaN	NaN
5403.922	NaN	NaN	NaN	NaN
5407.799	NaN	NaN	NaN	NaN
5411.146	NaN	NaN	NaN	NaN
5415.167	NaN	NaN	NaN	NaN
5419.149	NaN	NaN	NaN	NaN
5423.149	NaN	NaN	NaN	NaN
5427.147	NaN	NaN	NaN	NaN
5431.340	NaN	NaN	NaN	NaN
5435.513	NaN	NaN	NaN	NaN
5439.798	NaN	NaN	NaN	NaN
5444.090	-1.61426	10.20487	NaN	NaN
5448.182	-2.90507	7.93236	NaN	NaN
5453.252	-1.17274	4.54595	NaN	NaN
5457.532	-3.51659	2.08308	-0.15196	11.24141
5461.757	-0.49880	1.63164	NaN	NaN
5465.965	1.80023	0.72885	1.67283	2.28937
5470.220	0.21413	0.39035	1.54926	0.28817
5474.476	1.93142	0.52505	1.74514	1.10293
5478.812	0.92912	0.78031	0.83654	0.83844
5483.215	1.36280	0.55786	-6.23834	0.71363
5487.640	2.01109	0.40397	-5.52984	-0.28006
5491.950	1.10924	0.62404	-5.89267	0.15743
5496.292	1.67975	0.15790	-6.32461	0.14606
5500.623	1.95611	0.23133	-5.55025	0.05157
5504.963	2.43783	0.19630	-4.66181	0.49696
5509.303	2.01568	0.17987	-3.73099	0.95009
5513.626	1.95450	0.07592	-4.25963	0.51611
5517.854	1.78183	0.29946	-3.37373	0.48753
5523.089	1.64290	0.25788	-2.45983	0.54993
5527.696	1.23201	0.10201	-1.32890	0.55645
5532.255	1.56632	0.13858	-1.65634	0.27442
5536.680	0.63662	0.23193	-1.32949	0.28094
5540.977	0.36509	0.36698	-1.10360	0.38459
5545.350	-0.09396	0.32453	-0.81622	0.35406
5549.827	-0.49714	0.40840	-1.04287	0.13267
5554.130	-0.58575	0.73884	-1.12817	0.11627
5558.336	-0.51403	0.62416	-1.50470	-0.10749
5562.604	-0.83992	0.70511	-1.23957	-0.08735
5566.955	-0.75156	0.76708	NaN	NaN
5571.230	-0.79002	0.51655	NaN	NaN
5575.142	NaN	NaN	NaN	NaN
5579.145	NaN	NaN	NaN	NaN
5583.184	NaN	NaN	NaN	NaN
5587.146	NaN	NaN	NaN	NaN
5592.091	NaN	NaN	NaN	NaN
5720.042	NaN	NaN	NaN	NaN
5787.545	2.27498	0.67876	1.49751	0.18489
5791.762	2.00366	0.52485	1.79976	0.33686
5795.283	1.88380	0.36915	1.74908	0.62519
5799.266	1.91028	0.25511	1.68697	0.69375
5803.265	1.96898	0.15752	1.70345	0.67929
5807.139	1.95391	0.17533	1.70231	0.72325
5811.151	2.03999	0.29263	1.70871	0.68614
5815.139	2.00849	0.37042	1.70715	0.68436
5819.137	2.01270	0.26485	1.71476	0.54587
5823.147	2.05625	0.30408	1.75634	0.58369
5827.146	1.99230	0.33173	1.92815	0.63041
5831.143	2.00512	0.31459	1.90378	0.56447
5835.137	1.99468	0.24807	1.86779	0.61012
5839.137	2.00537	0.10763	1.85197	0.46343
5843.153	1.94179	0.17496	1.90058	0.51321
5847.140	2.01821	0.15591	1.79472	0.51366
5851.138	1.98762	0.21514	1.94684	0.53820
5855.139	2.01741	0.16149	1.85604	0.54968
5859.140	2.01268	0.15228	2.02619	0.48665
5863.140	1.96531	0.11262	2.02884	0.55963
5867.142	1.91920	0.09087	1.97257	0.53976
5871.142	1.93130	0.06047	1.91313	0.57022
5875.143	1.96362	0.04299	1.92882	0.53717
5879.134	2.01191	0.03879	1.93209	0.55981
5883.139	2.01952	0.03633	1.99401	0.53372
5887.157	2.03459	0.02300	2.08627	0.53652
5891.144	2.06652	0.07346	2.00809	0.54131
5895.138	2.07236	0.03290	1.90728	0.55550
5899.138	2.04133	0.00263	2.02894	0.55720
5903.137	2.02180	-0.05019	1.88715	0.48843
5907.149	2.03913	-0.00512	1.93189	0.55442
5911.136	2.11207	0.07353	2.11651	0.46770
5915.140	2.03831	-0.04527	1.93170	0.49512
5919.133	2.06669	-0.02816	1.94935	0.45126
5923.140	2.08173	0.03325	2.01055	0.54352
5927.137	2.06946	-0.03372	1.84478	0.53245
5931.140	2.05390	0.03012	1.88732	0.53765
5935.135	2.05221	-0.04765	2.04855	0.49410
5939.138	1.99620	0.01418	1.90760	0.47844
5943.136	1.96972	-0.02700	1.96583	0.43241
5947.144	2.02530	0.04619	1.96159	0.46790
5951.147	2.07048	0.03012	2.06897	0.46151
5955.143	2.04698	-0.02920	1.85750	0.49721
5959.141	2.02088	-0.05968	2.02562	0.43095
5963.138	2.00752	0.00631	1.91216	0.47367
5967.136	1.92488	-0.01205	1.92453	0.44529
5971.145	1.92282	-0.03395	1.92461	0.40538
5975.141	1.95344	-0.10018	2.02626	0.35993
5979.135	1.89858	-0.01229	1.83838	0.36571
5983.139	1.91154	-0.09870	1.88514	0.34064
5987.148	1.89466	-0.06457	1.91375	0.33132
5991.137	1.93690	-0.16403	2.08154	0.33385
5995.133	1.86794	-0.07299	1.91662	0.25635
5999.137	1.87101	-0.18083	2.09365	0.15736
6003.137	1.85234	-0.02774	1.92431	0.11749
6007.143	1.84131	-0.12239	2.17668	0.07285
6011.138	1.79906	-0.12468	2.10952	0.10705
6015.134	1.80038	-0.24715	1.98222	0.10930
6019.135	1.77967	-0.17244	1.88945	0.11698
6023.138	1.77831	-0.10635	2.07873	0.06466
6027.131	1.77881	-0.17321	2.15554	0.06697
6031.142	1.74521	-0.15928	2.05187	0.08513
6035.149	1.74905	-0.11492	1.99141	-0.03375
6039.134	1.74871	-0.14590	2.06121	0.03251
6043.137	1.69435	-0.20554	1.97622	0.13316
6047.127	1.81126	-0.12408	2.03008	0.11160
6051.143	1.68486	-0.16073	1.97282	0.15097
6055.132	1.61156	-0.15284	1.98073	0.19867
6059.138	1.75979	-0.13745	2.04599	0.27520
6063.136	1.72991	-0.12588	2.01226	0.25358
6067.139	1.69547	-0.16746	2.03060	0.21898
6071.136	1.75847	-0.12657	2.02507	0.22094
6075.136	1.70653	-0.12782	2.01037	0.27320
6079.132	1.65022	-0.08520	2.07653	0.32141
6083.141	1.61937	-0.12273	2.07006	0.29404
6087.141	1.61952	-0.08393	2.08238	0.38833
6091.134	1.60065	-0.11970	2.08510	0.31393
6095.131	1.52000	-0.10547	2.06912	0.28501
6099.133	1.53292	-0.07258	2.16275	0.34662
6103.134	1.49148	-0.09616	2.11162	0.24959
6107.149	1.48111	-0.05388	2.13148	0.23573
6111.137	1.46772	-0.01736	2.15418	0.27019
6115.138	1.41211	0.03480	2.16362	0.26984
6119.137	1.45150	0.01374	2.08399	0.22627
6123.134	1.42543	-0.03192	2.02688	0.20123
6127.129	1.39941	-0.00311	2.14580	0.15420
6131.139	1.41864	-0.00390	2.09678	0.13581
6135.136	1.40715	0.00492	2.09762	0.14393
6139.130	1.50517	0.10853	2.04589	0.19047
6143.129	1.49450	0.15600	1.98179	0.14637
6147.131	1.48984	0.18524	1.98497	0.08357
6151.133	1.51886	0.03555	2.00341	0.04768
6155.143	1.52238	-0.00909	2.07521	-0.00760
6159.131	1.55509	0.00045	2.00004	0.06593
6163.129	1.64593	0.12742	1.97708	0.12926
6167.131	1.60501	0.09414	1.93720	0.04125
6171.137	1.60737	0.08488	1.93410	0.05007
6175.130	1.59182	0.00181	1.96809	0.01974
6179.132	1.71015	0.22036	1.97282	0.02034
6183.126	1.66291	0.10027	1.97547	-0.00636
6187.137	1.76326	-0.04406	1.96181	0.07721
6191.128	1.76227	-0.08157	1.95207	-0.02757
6195.137	1.69902	-0.03502	1.97699	0.07522
6199.161	1.71439	0.02784	1.94997	0.13676
6203.142	1.71285	0.04732	1.99530	0.08568
6207.134	1.66614	0.06125	1.98730	0.07463
6211.133	1.63970	0.04372	1.99290	0.09755
6215.129	1.65349	0.10162	1.94474	0.15020
6219.130	1.62381	0.09526	1.86900	0.18848
6223.139	1.63159	0.07496	1.89882	0.15602
6227.132	1.63308	0.01237	1.94555	0.10590
6231.127	1.59283	0.05216	1.93973	0.10758
6235.147	1.52620	0.08977	1.92991	0.05836
6239.144	1.52704	0.13563	1.92818	0.03743
6243.131	1.45408	-0.06523	1.75057	-0.16144
6247.128	0.79863	-1.43870	1.69440	-0.92641
6251.139	0.27071	-2.61941	1.19755	-2.52951
6255.133	-0.62002	-3.62679	0.51004	-3.08703
6259.139	-0.58151	-3.93354	0.78109	-3.27339
6263.129	-0.83962	-4.03982	0.41740	-3.41035
6267.134	-1.08180	-4.23362	-0.15106	-3.67045
6271.139	-1.22008	-4.37517	-0.11615	-3.72019
6275.142	-1.09311	-4.43671	-0.12473	-3.71645
6279.131	-0.48919	-4.23019	-0.17320	-3.58800
6283.134	-0.66888	-3.91742	-0.27423	-3.52817
6287.128	-0.87327	-4.01345	-0.40790	-3.56612
6291.134	-0.94311	-4.12598	-0.34598	-3.64362
6295.123	-0.89026	-4.24936	-0.39896	-3.67104
6299.134	-0.85337	-4.32943	-0.42909	-3.70485
6303.129	-0.95624	-4.36122	-0.46440	-3.75650
6307.149	-0.94189	-4.40014	-0.44852	-3.75032
6311.132	-0.91495	-4.34922	-0.35672	-3.69051
6315.130	-0.84317	-4.39628	-0.46770	-3.65185
6319.131	-0.80019	-4.40554	-0.43852	-3.59846
6323.139	-0.82458	-4.32469	-0.46535	-3.68595
6327.127	-0.88731	-4.30006	-0.43343	-3.69562
6331.145	-0.83235	-4.35228	-0.41132	-3.69036
6335.138	-0.83922	-4.38236	-0.46438	-3.70751
6339.142	-0.83446	-4.41022	-0.38762	-3.68099
6343.128	-0.88346	-4.35004	-0.42457	-3.66989
6347.128	-0.90292	-4.27450	-0.44418	-3.65837
6351.129	-0.81588	-4.23572	-0.46530	-3.57491
6355.133	-0.90391	-4.19769	-0.55046	-3.56681
6359.134	-0.83379	-4.19061	-0.48197	-3.59747
6363.133	-0.82200	-4.23021	-0.51627	-3.61139
6367.132	-0.83987	-4.25638	-0.45108	-3.57915
6371.125	-0.87394	-4.31329	-0.49125	-3.56205
6375.135	-0.85508	-4.21186	-0.49560	-3.60165
6379.132	-0.86567	-4.16549	-0.55553	-3.60480
6383.127	-0.89210	-4.14729	-0.51339	-3.59943
6387.129	-0.82210	-4.31385	-0.51086	-3.62911
6391.129	-0.82868	-4.32481	-0.49818	-3.63352
6395.134	-0.82766	-4.21196	-0.53376	-3.59450
6399.127	-0.79099	-4.34419	-0.45845	-3.64854
6403.230	-0.71623	-4.43423	-0.49026	-3.71816
6407.144	-0.73402	-4.25451	-0.48046	-3.66392
6411.128	-0.81439	-4.21549	-0.48897	-3.67763
6415.136	-0.78181	-4.31065	-0.46989	-3.68588
6419.125	-0.82982	-4.42139	-0.45341	-3.66025
6423.132	-0.74774	-4.32657	-0.40844	-3.79087
6427.136	-0.70377	-4.25271	-0.42192	-3.70453
6431.130	-0.74915	-4.21533	-0.44001	-3.68268
6435.122	-0.71171	-4.32861	-0.40623	-3.72562
6439.133	-0.65154	-4.39991	-0.36762	-3.73675
6443.131	-0.72561	-4.34658	-0.39144	-3.68898
6447.141	-0.66449	-4.16773	-0.43964	-3.63167
6451.126	-0.67568	-4.19607	-0.45443	-3.64995
6455.128	-0.64709	-4.21896	-0.43929	-3.58324
6459.126	-0.59198	-4.21250	-0.50977	-3.63663
6463.133	-0.56997	-4.20090	-0.52064	-3.68367
6467.131	-0.62831	-4.28011	-0.57019	-3.57710
6471.174	-0.67134	-4.30211	-0.58329	-3.57627
6475.141	-0.57781	-4.40706	-0.55148	-3.59815
6479.162	-0.51547	-4.46480	-0.62823	-3.59342
6483.129	-0.52098	-4.29548	-0.63238	-3.53394
6487.130	-0.55036	-4.35789	-0.64394	-3.56119
6491.128	-0.63833	-4.35350	-0.58101	-3.68740
6495.124	-0.68543	-4.34294	-0.57218	-3.63717
6499.124	-0.62739	-4.35008	-0.56751	-3.63219
6503.138	-0.64238	-4.24513	-0.54180	-3.63805
6507.120	-0.67754	-4.15289	-0.54746	-3.61387
6511.122	-0.57672	-4.13972	-0.51776	-3.64007
6515.141	-0.66876	-4.08460	-0.51408	-3.58144
6519.126	-0.69275	-4.07056	-0.59029	-3.60550
6523.126	-0.69518	-4.00754	-0.56171	-3.58896
6527.125	-0.65330	-4.02199	-0.55940	-3.62698
6531.142	-0.73126	-4.03396	-0.50830	-3.62508
6535.129	-0.76335	-4.08380	-0.53096	-3.55794
6539.126	-0.65178	-4.13255	-0.53577	-3.55989
6543.126	-0.67923	-4.18280	-0.52225	-3.55304
6547.130	-0.58724	-4.28464	-0.53215	-3.50363
6551.126	-0.56064	-4.35245	-0.67474	-3.45373
6555.122	-0.55992	-4.35517	-0.60518	-3.45244
6559.132	-0.51446	-4.42000	-0.57697	-3.43574
6563.130	-0.46666	-4.46355	-0.51761	-3.38061
6567.127	-0.39581	-4.51434	-0.50480	-3.32594
6571.126	-0.44078	-4.51841	-0.47897	-3.25812
6575.131	-0.40742	-4.51905	-0.42941	-3.23211
6579.129	-0.38435	-4.57887	-0.35856	-3.26359
6583.129	-0.39636	-4.56812	-0.30359	-3.20097
6587.131	-0.37457	-4.55317	-0.25964	-3.23705
6591.118	-0.36936	-4.34377	-0.32029	-3.25739
6595.131	-0.38844	-4.22600	-0.25522	-3.28458
6599.123	-0.35923	-4.14647	-0.35290	-3.26622
6603.125	-0.37420	-4.10818	-0.39169	-3.32897
6607.177	-0.35261	-4.08104	-0.33531	-3.39751
6611.154	-0.35772	-4.09419	-0.32595	-3.46359
6615.129	-0.34357	-4.03820	-0.33077	-3.48803
6619.118	-0.32024	-4.07475	-0.37715	-3.51237
6623.129	-0.31136	-4.04469	-0.41261	-3.53543
6627.134	-0.29359	-4.08312	-0.49324	-3.55747
6631.132	-0.24346	-4.08880	-0.53379	-3.54051
6635.121	-0.22115	-4.13837	-0.57761	-3.50318
6639.127	-0.18794	-4.09954	-0.60116	-3.50636
6643.124	-0.14637	-4.17734	-0.54821	-3.51214
6647.129	-0.14819	-4.30600	-0.48465	-3.49294
6651.129	-0.16434	-4.46607	-0.46522	-3.44343
6655.138	-0.14697	-4.28759	-0.51468	-3.39879
6659.126	-0.18085	-4.30861	-0.50602	-3.37383
6662.996	-0.22348	-4.34319	-0.48485	-3.37976
6667.006	-0.19115	-4.27382	-0.45187	-3.35056
6671.002	-0.19589	-4.29334	-0.46649	-3.35303
6675.030	-0.21626	-4.43998	-0.46666	-3.32544
6679.000	-0.22435	-4.39428	-0.47105	-3.40919
6683.035	-0.24763	-4.40124	-0.49887	-3.43977
6686.999	-0.24919	-4.40553	-0.49331	-3.40984
6691.000	-0.23604	-4.22954	-0.53550	-3.40311
6695.000	-0.23410	-4.22082	-0.52910	-3.35411
6699.008	-0.24961	-4.17128	-0.50485	-3.32877
6703.002	-0.22376	-4.07120	-0.52009	-3.33386
6707.012	-0.16851	-4.07848	-0.55900	-3.30736
6710.993	-0.13856	-4.17027	-0.56233	-3.28366
6714.998	-0.14565	-4.19284	-0.49560	-3.30180
6719.008	-0.14928	-4.11488	-0.46810	-3.34374
6722.993	-0.12642	-4.20021	-0.42718	-3.33507
6727.002	-0.15826	-4.14726	-0.43142	-3.30210
6730.996	-0.18246	-4.13583	-0.41254	-3.35513
6734.995	-0.20142	-4.16074	-0.45520	-3.34533
6738.990	-0.17948	-4.19110	-0.48262	-3.31166
6743.021	-0.17218	-4.16688	-0.47038	-3.32078
6747.058	-0.16494	-4.13161	-0.44922	-3.31648
6750.997	-0.14456	-4.06768	-0.50783	-3.38379
6754.994	-0.12406	-4.04471	-0.52652	-3.34019
6758.994	-0.09473	-3.98794	-0.64756	-3.31246
6762.997	-0.06942	-3.95095	-0.63779	-3.21655
6767.000	0.01554	-3.89216	-0.65111	-3.18736
6770.993	0.01923	-3.94252	-0.69243	-3.16375
6774.999	0.04946	-3.94660	-0.68841	-3.15748
6778.994	0.07210	-3.89550	-0.68250	-3.11661
6783.006	0.09061	-3.94331	-0.69196	-3.13675
6787.004	0.09331	-4.08027	-0.70181	-3.13585
6791.000	0.11883	-4.12766	-0.68625	-3.15858
6795.012	0.11930	-4.20167	-0.64129	-3.15848
6798.996	0.14161	-4.17116	-0.65895	-3.17019
6803.005	0.16449	-4.16893	-0.64439	-3.16480
6806.999	0.20805	-4.09721	-0.65694	-3.20549
6811.001	0.23046	-4.12640	-0.67409	-3.22410
6815.000	0.23872	-4.13055	-0.66650	-3.24028
6818.995	0.22403	-4.10435	-0.68340	-3.20391
6822.995	0.17022	-4.09717	-0.67213	-3.22217
6827.001	0.10476	-4.09464	-0.68724	-3.23162
6831.014	0.02100	-3.98812	-0.67677	-3.28079
6834.995	-0.03298	-3.96898	-0.71982	-3.25379
6839.002	0.02911	-3.90817	-0.76461	-3.28452
6842.997	-0.03373	-3.89615	-0.86461	-3.34912
6846.993	-0.03666	-3.88103	-0.83213	-3.33327
6851.007	-0.12101	-3.90257	-0.85821	-3.32902
6854.999	-0.12424	-3.91152	-0.82655	-3.30777
6858.990	-0.12483	-3.89760	-0.81811	-3.28700
6863.001	-0.14933	-3.88478	-0.82863	-3.29814
6866.995	-0.14074	-3.84958	-0.79970	-3.19089
6871.006	-0.10103	-3.84622	-0.80245	-3.24620
6874.993	-0.04395	-3.85583	-0.78982	-3.17681
6879.000	0.01591	-3.84893	-0.78153	-3.13641
6883.050	0.06984	-3.85263	-0.76528	-3.10575
6886.999	0.10289	-3.85993	-0.75518	-3.05539
6891.026	0.16841	-3.89509	-0.71662	-3.05958
6895.009	0.19345	-3.88739	-0.68273	-3.08604
6898.995	0.28543	-3.92462	-0.70781	-3.08263
6902.996	0.25659	-3.95247	-0.70764	-3.09056
6907.013	0.29255	-3.99707	-0.69923	-3.05578
6911.003	0.28615	-4.00684	-0.71766	-3.10346
6914.989	0.34283	-3.99154	-0.70211	-3.11838
6918.998	0.35883	-3.92590	-0.69389	-3.08504
6922.995	0.35605	-3.96094	-0.67486	-3.04764
6926.999	0.36370	-3.95790	-0.64749	-3.02610
6930.998	0.34747	-3.85274	-0.62930	-3.04410
6934.996	0.31503	-3.81886	-0.70918	-3.04338
6938.994	0.31081	-3.80629	-0.71456	-3.05403
6942.992	0.21075	-3.70102	-0.69749	-3.01381
6947.001	0.24708	-3.78699	-0.66384	-3.01955
6951.059	0.20358	-3.68222	-0.67255	-3.01694
6954.993	0.21750	-3.73225	-0.68310	-3.00279
6959.020	0.23348	-3.75214	-0.71074	-3.02542
6963.000	0.14992	-3.77902	-0.75037	-3.04506
6966.990	0.16906	-3.75124	-0.75464	-3.07908
6970.998	0.16092	-3.74005	-0.78647	-3.16014
6974.992	0.18536	-3.76432	-0.84324	-3.19631
6978.993	0.20187	-3.78117	-0.77637	-3.19656
6982.993	0.31593	-3.77453	-0.75732	-3.20502
6986.993	0.32315	-3.77480	-0.74528	-3.19775
6991.004	0.37936	-3.76886	-0.77600	-3.23396
6994.996	0.42653	-3.77814	-0.80263	-3.24816
6998.991	0.51902	-3.79093	-0.80684	-3.26618
7002.989	0.55126	-3.75199	-0.80942	-3.22314
7007.012	0.41693	-3.73848	-0.83426	-3.20818
7010.993	0.49307	-3.70366	-0.88359	-3.16192
7015.016	0.50197	-3.68655	-0.93872	-3.16806
7018.997	0.44857	-3.57281	-1.02446	-3.17933
7022.995	0.31536	-3.52180	-0.99333	-3.12949
7026.992	0.31945	-3.63259	-1.07458	-3.11626
7030.993	0.26381	-3.60734	-1.03119	-3.07741
7034.997	0.18211	-3.61369	-1.00732	-3.04637
7039.003	0.21311	-3.63762	-1.03444	-3.14417
7042.991	0.18958	-3.56481	-1.00923	-3.10429
7046.990	0.17372	-3.54761	-1.07867	-3.03619
7050.993	0.10873	-3.52509	-0.99866	-2.97029
7054.998	0.15531	-3.53214	-0.88051	-3.22003
7058.989	0.15536	-3.38247	-0.94703	-3.10298
7062.991	0.17856	-3.48401	-0.93470	-3.17183
7066.990	0.19281	-3.56453	-0.92403	-3.18103
7071.001	0.20807	-3.50811	-0.86637	-3.32557
7075.016	0.25996	-3.56051	-0.91567	-3.27114
7078.992	0.31133	-3.56735	-0.91234	-3.27979
7082.994	0.33372	-3.48253	-0.86188	-3.31611
7087.003	0.30578	-3.55955	-0.92058	-3.29818
7090.994	0.32297	-3.58029	-0.87356	-3.36149
7094.987	0.35328	-3.50918	-0.91190	-3.33855
7098.994	0.38683	-3.50259	-0.90855	-3.35896
7102.999	0.44172	-3.68624	-0.87552	-3.35522
7106.987	0.42467	-3.63663	-0.83414	-3.37465
7111.000	0.37903	-3.69849	-0.88542	-3.41907
7114.993	0.37003	-3.67845	-0.92098	-3.30514
7118.994	0.42559	-3.66442	-0.86093	-3.31440
7122.995	0.39266	-3.70497	-0.76087	-3.38776
7126.989	0.20326	-3.66801	-0.83533	-3.34436
7130.992	0.25708	-3.60291	-0.80555	-3.37720
7134.989	0.33074	-3.68225	-0.83004	-3.42427
7138.994	0.27103	-3.72491	-0.77704	-3.44167
7142.991	0.20333	-3.63532	-0.81945	-3.44941
7146.993	0.29443	-3.70736	-0.82483	-3.45747
7150.993	0.37432	-3.63316	-0.91706	-3.50049
7154.992	0.28888	-3.59973	-0.89036	-3.43523
7158.996	0.29347	-3.61129	-0.78883	-3.47387
7162.988	0.20973	-3.63480	-0.78861	-3.54892
7166.988	0.12597	-3.59400	-0.80349	-3.60776
7170.989	0.16072	-3.49139	-0.84327	-3.48095
7174.989	0.28662	-3.51171	-0.86714	-3.51444
7178.986	0.13332	-3.52518	-0.79079	-3.51808
7182.987	0.16648	-3.52057	-0.84570	-3.48345
7186.989	0.08592	-3.55977	-0.85845	-3.42590
7190.993	0.10446	-3.55732	-0.80928	-3.35731
7194.987	0.11793	-3.48993	-0.94018	-3.41214
7198.991	0.07830	-3.52903	-0.80714	-3.41971
7202.992	0.19601	-3.56609	-0.85342	-3.43895
7207.015	0.07396	-3.55378	-0.93842	-3.30549
7210.996	0.07041	-3.47102	-0.96946	-3.36061
7214.988	0.03867	-3.53302	-0.90153	-3.20738
7218.993	0.00730	-3.58936	-0.89212	-3.37915
7223.006	0.13694	-3.49632	-0.93165	-3.27004
7226.993	0.06212	-3.42619	-0.97383	-3.18032
7230.986	0.09247	-3.45666	-0.93587	-3.20782
7234.983	-0.04073	-3.49836	-0.97802	-3.16238
7238.994	-0.04609	-3.34950	-0.95286	-3.23005
7243.002	0.01032	-3.49078	-0.94832	-3.06597
7246.995	-0.01487	-3.49007	-0.91867	-3.11123
7250.982	-0.07760	-3.46399	-0.93874	-3.20878
7254.997	-0.04303	-3.44067	-0.90664	-3.17852
7258.986	-0.01685	-3.51123	-0.93443	-3.15947
7262.998	0.00668	-3.49073	-0.99246	-3.10688
7266.984	0.03805	-3.50603	-1.00390	-3.11420
7271.018	0.02286	-3.49125	-0.99231	-3.16244
7274.993	0.12146	-3.46693	-1.01595	-3.11652
7278.994	0.21646	-3.55371	-1.10269	-3.14244
7282.992	0.11682	-3.59821	-1.10579	-3.10347
7286.992	0.19459	-3.61255	-1.08822	-3.14805
7290.989	0.24157	-3.61868	-1.17661	-3.00579
7294.986	0.32704	-3.62924	-1.19839	-2.98773
7298.991	0.29180	-3.70585	-1.24821	-2.95566
7302.985	0.33201	-3.65342	-1.29504	-2.94354
7307.007	0.25195	-3.54340	-1.28589	-2.88478
7310.991	0.20663	-3.55121	-1.29742	-2.85698
7314.986	0.08753	-3.50709	-1.29494	-2.78824
7318.986	-0.04460	-3.31782	-1.25230	-2.78271
7322.990	-0.14163	-3.30174	-1.20422	-2.70205
7326.991	-0.14963	-3.21099	-1.15136	-2.62776
7331.002	-0.10376	-3.18974	-1.14543	-2.71024
7334.984	-0.10165	-3.09879	-1.08614	-2.73434
7338.992	-0.15146	-2.99994	-1.13610	-2.74761
7342.989	-0.15722	-2.98649	-1.06741	-2.72600
7346.989	-0.18573	-2.95478	-1.01672	-2.70094
7350.988	-0.16861	-2.94170	-0.94180	-2.66996
7354.992	-0.16742	-2.99261	-0.88721	-2.63807
7358.990	-0.11096	-3.10315	-0.90024	-2.66020
7362.992	-0.16328	-3.26719	-0.94817	-2.69745
7366.993	-0.14052	-3.20152	-0.94507	-2.68471
7370.981	-0.11520	-3.18699	-1.00022	-2.67393
7375.003	-0.12543	-3.19836	-0.93403	-2.72131
7378.992	-0.19459	-3.23813	-1.03960	-2.66148
7382.989	-0.17730	-3.19708	-0.98720	-2.62311
7386.981	-0.17586	-3.35753	-1.02799	-2.60905
7390.997	-0.10565	-3.37599	-1.17297	-2.58304
7394.993	-0.10503	-3.37770	-1.05721	-2.62504
7398.985	-0.07023	-3.26536	-1.08448	-2.63459
7402.983	0.02000	-3.32617	-1.15414	-2.64499
7407.002	0.08560	-3.28699	-1.23920	-2.57316
7410.993	0.10925	-3.23229	-1.19993	-2.58016
7414.998	0.17410	-3.21289	-1.24893	-2.59358
7418.984	0.19462	-3.39836	-1.20752	-2.59302
7422.993	0.28627	-3.34824	-1.24421	-2.52133
7426.992	0.28632	-3.23280	-1.22248	-2.57481
7430.987	0.35045	-3.32212	-1.20616	-2.51733
7434.979	0.26999	-3.40382	-1.15793	-2.49533
7438.983	0.29210	-3.28546	-1.27768	-2.55743
7442.994	0.34518	-3.39250	-1.19696	-2.48783
7446.984	0.22668	-3.48343	-1.19589	-2.57627
7450.995	0.23520	-3.29682	-1.14680	-2.47882
7454.993	0.07899	-3.44671	-1.13213	-2.52979
7459.002	0.02199	-3.49846	-1.12464	-2.55452
7462.994	0.00707	-3.45419	-1.09956	-2.64804
7466.990	-0.07681	-3.42871	-1.04354	-2.52545
7470.984	-0.03671	-3.44377	-1.10509	-2.60145
7474.992	-0.04924	-3.50982	-1.14831	-2.62918
