time (ms)	lx (deg)	ly (deg)	rx (deg)	ry (deg)
0.000	-1.56253	-3.21788	-2.68858	-3.60658
4.021	-1.58599	-3.25724	-2.69752	-3.60203
8.014	-1.62778	-3.24130	-2.67288	-3.66096
12.017	-1.65203	-3.18857	-2.72565	-3.65458
15.996	-1.64528	-3.23402	-2.68564	-3.77003
20.000	-1.63772	-3.27426	-2.61900	-3.78454
24.003	-1.63762	-3.34843	-2.64188	-3.83128
27.996	-1.58587	-3.34507	-2.58311	-3.89605
32.385	-1.73323	-3.33812	-2.62509	-3.97298
36.023	-1.69713	-3.34006	-2.62737	-3.95037
40.002	-1.73418	-3.32678	-2.56218	-3.98924
44.002	-1.77467	-3.35762	-2.55621	-3.99509
48.004	-1.78543	-3.38703	-2.50110	-4.04009
52.057	-1.68560	-3.40050	-2.48735	-4.03811
55.996	-1.81798	-3.46292	-2.45881	-4.08051
59.990	-1.79519	-3.50971	-2.42877	-4.07892
63.999	-1.91672	-3.48819	-2.41222	-4.09325
67.996	-1.97664	-3.38651	-2.33095	-4.09514
71.993	-1.92230	-3.50035	-2.38041	-4.08396
76.001	-1.71060	-3.51398	-2.30377	-3.62259
79.996	-0.94172	-3.01266	-1.92674	-1.86610
83.992	0.20045	-1.68703	-0.95775	-1.71488
87.997	-0.25095	-0.49600	-0.92693	-0.45186
91.996	-0.00318	0.93569	-0.76799	0.18521
95.996	-0.46852	0.72429	-0.79823	0.15631
100.028	-0.87103	0.20145	-0.68350	0.15470
103.999	-0.52922	-0.79747	-0.64359	-0.13415
107.996	-0.50056	-1.28642	-0.63603	-0.38834
111.995	-0.58798	-1.05470	-0.62960	-0.28997
115.997	-0.54788	-1.01369	-0.67094	-0.41472
119.999	-0.41097	-0.81734	-0.65838	-0.27784
123.997	-0.36663	-0.77463	-0.63915	-0.26167
127.993	-0.52677	-0.55852	-0.67635	-0.22807
132.000	-0.57240	-0.63899	-0.67955	-0.30830
136.017	-0.59377	-0.54045	-0.69345	-0.36182
140.000	-0.56756	-0.68686	-0.71652	-0.41367
143.993	-0.53193	-0.68555	-0.78732	-0.47471
147.998	-0.54778	-0.67251	-0.75181	-0.48339
151.997	-0.46616	-0.67624	-0.79737	-0.45523
155.993	-0.45800	-0.68784	-0.79920	-0.47026
159.990	-0.44606	-0.65132	-0.85927	-0.46496
163.997	-0.37134	-0.58079	-0.84657	-0.52608
168.119	-0.33667	-0.63593	-0.83114	-0.56648
172.004	-0.32387	-0.58152	-0.88031	-0.59134
176.002	-0.31200	-0.61016	-0.88480	-0.56647
180.001	-0.28639	-0.62338	-0.88237	-0.52233
184.001	-0.24733	-0.58249	-0.79238	-0.52301
187.996	-0.27098	-0.62714	-0.74876	-0.51884
192.006	-0.22634	-0.54395	-0.81290	-0.49565
196.011	-0.20864	-0.51570	-0.84580	-0.48961
199.998	-0.19742	-0.51148	-0.85563	-0.36971
204.016	-0.20216	-0.46750	-0.82987	-0.32243
208.007	-0.25994	-0.50929	-0.82225	-0.25309
212.002	-0.24038	-0.55575	-0.77764	-0.18277
215.998	-0.25907	-0.64532	-0.75367	-0.12210
220.009	-0.24691	-0.76113	-0.74121	-0.12535
223.994	-0.48552	-0.77500	-0.76141	-0.11025
228.000	-0.35779	-0.89992	-0.80947	-0.10873
231.998	-0.38834	-0.86966	-0.84644	-0.11293
235.998	-0.38646	-0.85095	-0.83094	-0.14351
240.033	-0.45609	-0.92018	-0.79709	-0.11499
244.002	-0.52203	-0.92330	-0.77240	-0.13934
247.998	-0.60935	-0.97953	-0.69551	-0.13512
252.043	-0.59523	-0.97896	-0.64890	-0.09283
255.994	-0.65141	-0.98613	-0.60362	-0.04120
259.994	-0.62332	-0.91894	-0.62491	-0.06776
263.995	-0.62367	-0.87763	-0.60012	-0.02766
267.997	-0.58729	-0.83371	-0.55704	-0.07425
271.988	-0.52379	-0.74731	-0.47090	-0.07390
275.997	-0.36948	-0.63928	-0.22026	-0.06488
279.992	-0.36040	-0.43944	-0.37362	-0.02646
283.988	-0.32201	-0.58996	-0.27297	-0.02843
287.992	-0.42408	-0.52861	-0.33499	-0.04145
291.994	-0.35891	-0.35707	-0.36819	-0.02209
295.992	-0.23817	-0.56751	-0.24651	-0.02313
299.987	-0.28863	-0.52079	-0.26041	-0.04587
303.996	-0.28823	-0.46514	-0.23860	-0.03966
308.068	-0.15015	-0.54003	-0.17323	-0.06232
312.021	-0.15459	-0.54236	-0.15816	-0.06225
315.996	-0.13143	-0.65142	-0.13471	-0.04523
319.999	-0.14531	-0.75987	-0.14270	-0.03668
324.028	-0.23606	-0.73350	-0.14871	-0.03128
328.014	-0.26942	-0.69238	-0.09272	-0.01230
331.997	-0.24770	-0.73994	-0.04502	-0.00490
335.997	-0.17494	-0.78200	-0.07344	-0.06011
340.002	-0.24929	-0.73812	-0.11649	-0.04282
343.994	-0.22013	-0.75283	-0.13243	-0.07502
347.992	-0.23420	-0.68006	-0.15705	-0.08620
351.993	-0.22807	-0.69601	-0.21581	-0.08046
355.994	-0.29699	-0.68681	-0.26627	-0.08215
359.998	-0.25175	-0.61849	-0.29908	-0.08995
363.986	-0.30508	-0.64003	-0.31116	-0.06453
367.993	-0.26316	-0.64850	-0.33851	-0.08220
371.999	-0.23768	-0.63762	-0.36521	-0.10235
376.017	-0.19256	-0.67927	-0.36603	-0.11565
379.996	-0.15238	-0.58142	-0.42939	-0.02761
383.993	-0.10858	-0.54681	-0.40092	0.01879
387.996	-0.05346	-0.52010	-0.40082	0.04629
392.007	0.00710	-0.64831	-0.44284	0.06287
395.999	0.05572	-0.70026	-0.45137	0.11304
399.993	0.08048	-0.62955	-0.39321	0.11997
403.992	0.10299	-0.62488	-0.40963	0.14643
408.009	0.14699	-0.59188	-0.44207	0.10471
412.003	0.14377	-0.53926	-0.37047	0.11244
415.992	0.20616	-0.47197	-0.38492	0.16867
419.991	0.18618	-0.40091	-0.46202	0.19938
423.986	0.16705	-0.43450	-0.45195	0.18872
427.995	0.19633	-0.40570	-0.46448	0.18124
431.989	0.15069	-0.43450	-0.50416	0.17361
435.990	0.17191	-0.38940	-0.49649	0.12687
439.999	0.18030	-0.38292	-0.50046	0.12168
444.033	0.21547	-0.38061	-0.50699	0.12971
448.021	0.27676	-0.37685	-0.49907	0.13279
452.000	0.24440	-0.39174	-0.49006	0.14059
455.986	0.26634	-0.40563	-0.49014	0.19677
460.007	0.28262	-0.50084	-0.46914	0.17945
463.994	0.31880	-0.51910	-0.36802	0.17990
467.998	0.38306	-0.54039	-0.29736	0.16842
471.991	0.38983	-0.61128	-0.24192	0.15548
476.008	0.45018	-0.65311	-0.16399	0.17263
480.005	0.48972	-0.68083	-0.11697	0.21638
483.996	0.45793	-0.66658	-0.12004	0.21775
487.991	0.41775	-0.65065	-0.06309	0.21549
492.006	0.40628	-0.65038	-0.04132	0.23102
495.994	0.41703	-0.66601	-0.00094	0.25475
499.990	0.41695	-0.62817	-0.03050	0.25184
503.985	0.44636	-0.61401	-0.04087	0.23038
508.054	0.43676	-0.57902	-0.03934	0.21589
512.007	0.40117	-0.47800	-0.03896	0.24752
515.985	0.35062	-0.42351	-0.03025	0.24432
519.991	0.34623	-0.39467	-0.05653	0.22801
523.989	0.33126	-0.38311	-0.07502	0.19740
527.988	0.36926	-0.31316	-0.05038	0.17382
532.011	0.42271	-0.28956	-0.07857	0.15334
535.986	0.47150	-0.24016	-0.09669	0.11783
539.987	0.49522	-0.17883	-0.10895	0.09490
543.983	0.56108	-0.19804	-0.07205	0.05653
547.991	0.54247	-0.25417	-0.01953	0.00442
551.990	0.39338	-0.20015	-0.01139	-0.06235
555.995	0.36804	-0.39265	0.04100	-0.12372
559.987	0.17581	-0.34281	0.03998	-0.18088
563.993	0.25986	-0.33749	0.03383	-0.20359
567.986	0.11597	-0.41321	0.03899	-0.24938
571.990	0.08249	-0.41887	0.05167	-0.27038
576.020	-0.07299	-0.43326	0.09168	-0.26618
579.988	-0.26503	-0.46951	0.12270	-0.26365
583.993	-0.13146	-0.51178	0.12784	-0.17230
587.988	-0.18735	-0.53111	0.14273	-0.19007
591.982	-0.25550	-0.48484	0.11932	-0.09833
595.988	-0.18665	-0.50939	0.04897	-0.04525
599.996	-0.14687	-0.42680	-0.04360	-0.05353
603.989	-0.09426	-0.47207	-0.03504	0.03561
607.990	-0.12493	-0.36100	-0.03479	0.05810
611.989	-0.07572	-0.32910	0.00598	0.08133
615.989	-0.05832	-0.26372	0.01745	0.10479
619.987	-0.02613	-0.33310	-0.05522	0.13632
623.982	0.07626	-0.12685	-0.09530	0.15188
627.988	0.15670	-0.25922	-0.10128	0.14875
631.987	0.20067	-0.25343	-0.10999	0.13399
635.989	0.27612	-0.29475	-0.13734	0.12519
639.989	0.33831	-0.36413	-0.08897	0.13093
644.041	0.30749	-0.15545	-0.10071	0.11505
647.996	0.26634	0.34035	-0.06400	0.04013
651.993	0.27456	-0.20237	-0.05145	0.06739
655.992	0.29317	-0.24570	-0.07659	0.13719
659.990	0.25986	-0.26183	-0.09818	0.22193
663.987	0.29317	-0.28812	-0.07547	0.28579
667.996	0.28515	-0.19631	-0.04755	0.26603
671.991	0.29076	-0.29018	-0.03792	0.19236
675.990	0.24150	-0.22583	-0.03589	0.16738
679.987	0.21236	-0.28141	-0.02909	0.28715
683.996	0.21008	-0.19077	-0.02375	0.30462
687.992	0.27791	-0.22933	-0.03576	0.31392
691.867	0.31910	-0.33352	-0.03929	0.33278
695.871	0.39117	-0.38122	-0.11285	0.23177
699.992	0.40388	-0.32579	-0.13506	0.10650
703.859	0.49594	-0.32827	-0.11327	0.02810
707.868	0.50287	-0.25226	-0.07475	-0.01426
711.904	0.53486	-0.28138	-0.08115	0.03737
715.870	0.56302	-0.25727	-0.08014	0.08454
719.866	0.60384	-0.21940	-0.06639	0.02582
723.864	0.56602	-0.31256	-0.07138	-0.08466
727.893	0.25507	-0.44543	-0.05691	-0.07209
731.863	0.21043	-0.54269	-0.07448	-0.06533
735.872	-0.02283	-0.39634	-0.09088	-0.04898
739.863	-0.08852	-0.41331	-0.04688	-0.06006
743.865	0.00985	-0.48179	-0.05559	-0.04294
747.859	-0.20117	-0.43559	-0.07552	-0.04356
751.865	-0.18410	-0.45850	-0.10299	0.00027
755.859	-0.21830	-0.48049	-0.12709	0.00753
759.869	-0.29637	-0.49001	-0.11384	0.00922
763.864	-0.29173	-0.53684	-0.13650	0.03720
767.860	-0.32300	-0.49172	-0.15226	0.08039
771.866	-0.36903	-0.40796	-0.13957	0.10720
775.865	-0.39601	-0.37449	-0.14168	0.10119
779.866	-0.37859	-0.41767	-0.14292	0.10250
783.863	-0.36821	-0.40821	-0.15218	0.10427
787.864	-0.40695	-0.43256	-0.11798	0.12785
791.863	-0.35047	-0.51423	-0.11855	0.15710
795.868	-0.35251	-0.40003	-0.12992	0.17720
799.863	-0.29602	-0.38843	-0.13888	0.15101
803.864	-0.31764	-0.51841	-0.17161	0.14407
807.862	-0.27642	-0.53853	-0.15573	0.15605
811.867	-0.18765	-0.54102	-0.16037	0.15782
815.863	-0.10835	-0.60637	-0.18080	0.16206
819.874	-0.06939	-0.51528	-0.15047	0.18234
823.863	-0.06053	-0.58361	-0.13476	0.23597
827.901	0.01052	-0.47302	-0.08912	0.26737
831.865	0.05802	-0.46676	-0.14034	0.25661
835.862	0.11118	-0.38655	-0.12704	0.26288
839.867	0.16238	-0.41254	-0.13454	0.28151
843.868	0.09731	-0.10770	-0.13037	0.27379
847.886	0.16223	-0.24764	-0.11945	0.30094
851.863	0.16397	-0.18465	-0.09309	0.29796
855.867	0.15715	-0.13282	-0.09068	0.27632
859.866	0.05763	-0.14982	-0.03206	0.26449
863.863	0.02596	-0.16542	-0.02946	0.22861
867.858	0.03033	-0.14251	-0.00544	0.17752
871.867	0.03832	-0.17449	-0.08190	0.16830
875.864	0.04807	-0.23967	-0.08309	0.15700
879.863	0.04472	-0.16803	-0.09411	0.19636
883.860	0.01705	-0.23052	-0.09602	0.17648
887.864	0.02199	-0.29483	-0.10247	0.25617
891.860	-0.02765	-0.33765	-0.05331	0.24158
895.866	-0.03393	-0.43341	-0.02092	0.20428
899.862	-0.01961	-0.44569	-0.00256	0.16269
903.869	-0.03080	-0.53136	-0.08386	0.00465
907.862	-0.00082	-0.48547	-0.08624	-0.08469
911.865	0.00531	-0.52902	-0.13094	-0.07818
915.876	-0.03834	-0.46069	-0.09644	-0.08434
919.866	-0.03507	-0.30350	-0.06500	-0.14169
923.862	-0.07425	-0.27095	-0.00789	-0.17046
927.858	-0.06331	-0.29053	0.05951	-0.16028
931.886	-0.06175	-0.35770	0.10088	-0.20505
935.861	-0.04035	-0.10225	0.08083	-0.21937
939.863	-0.00439	-0.20284	0.07681	-0.19593
943.923	-0.02397	-0.15531	0.11451	-0.19082
947.870	0.02330	-0.15118	0.10483	-0.12971
951.859	0.03559	-0.02614	0.13769	-0.04783
955.866	0.02519	-0.05772	0.16193	-0.04856
959.861	0.05591	-0.00795	0.15030	-0.02604
963.863	0.07291	-0.03148	0.14459	-0.01059
967.876	0.14878	-0.05832	0.13253	-0.01754
971.874	0.17159	0.01913	0.11553	-0.03203
975.860	0.14764	0.00365	0.08046	-0.04088
979.863	0.18807	-0.03288	0.06155	-0.05541
983.955	0.25694	-0.05397	0.01596	-0.06893
987.884	0.21767	-0.13200	-0.00273	-0.09559
991.861	0.25024	-0.18274	-0.00481	-0.13078
995.855	0.17898	-0.20828	-0.02373	-0.16403
999.870	0.17722	-0.25962	-0.01869	-0.19653
1003.855	0.20569	-0.31675	-0.01067	-0.26894
1007.856	0.29637	-0.33183	0.00204	-0.32251
1011.855	0.28488	-0.24265	-0.01231	-0.35094
1015.854	0.28597	-0.33819	-0.02909	-0.38359
1019.861	0.34042	-0.42416	-0.06698	-0.40526
1023.854	0.25100	-0.50385	-0.05058	-0.42347
1027.859	0.13431	-0.56517	-0.04286	-0.45945
1031.849	0.16958	-0.58674	-0.04820	-0.44539
1035.857	0.13354	-0.65330	0.00154	-0.44996
1039.854	0.17767	-0.71055	-0.03398	-0.42292
1043.858	0.16072	-0.75641	-0.11850	-0.41080
1047.849	0.16067	-0.68376	-0.14886	-0.31347
1051.894	-0.05152	-0.74812	-0.11352	-0.28363
1055.866	-0.03606	-0.75614	-0.13106	-0.24354
1059.852	-0.08364	-0.72235	-0.13359	-0.24561
1063.857	-0.08349	-0.72859	-0.11635	-0.20893
1067.861	-0.14206	-0.70031	-0.11079	-0.20140
1071.856	-0.15625	-0.68645	-0.04184	-0.17250
1075.858	-0.22021	-0.63668	-0.11118	-0.13759
1079.854	-0.14858	-0.61800	-0.13071	-0.14321
1083.854	-0.17149	-0.56309	-0.04373	-0.16271
1087.860	-0.13655	-0.54403	-0.02591	-0.16149
1091.854	-0.13543	-0.56306	0.02829	-0.19024
1095.853	-0.13166	-0.58788	0.04460	-0.19293
1099.858	-0.04887	-0.63035	-0.00846	-0.18490
1103.859	-0.04939	-0.64165	0.05110	-0.15702
1107.855	-0.01214	-0.67323	0.12319	-0.14157
1111.860	0.06083	-0.71184	0.02777	-0.11147
1115.856	0.07733	-0.70501	-0.04544	-0.09475
1119.857	0.11376	-0.73450	-0.06410	-0.08257
1123.855	0.11297	-0.76707	-0.08733	-0.01744
1127.851	0.14541	-0.82367	-0.05641	-0.03854
1131.856	0.11034	-0.81897	-0.09081	0.00092
1135.854	0.13166	-0.79380	-0.13533	0.01342
1139.854	0.05187	-0.90461	-0.13523	0.02723
1143.885	-0.01618	-0.91432	-0.13148	0.03963
1147.867	-0.09840	-0.89238	-0.18673	-0.00176
1151.863	-0.10935	-0.79751	-0.20755	-0.06918
1155.851	-0.17536	-0.90786	-0.18149	-0.20187
1159.846	-0.26701	-0.90885	-0.16119	-0.12355
1163.855	-0.23537	-0.73939	-0.16330	-0.24496
1167.851	-0.16854	-0.83783	-0.14881	-0.28477
1171.853	-0.19713	-0.63116	-0.13794	-0.26723
1175.845	-0.13605	-0.79882	-0.14449	-0.24024
1179.859	-0.19924	-0.77606	-0.12262	-0.25505
1183.852	-0.16593	-0.67815	-0.08468	-0.29364
1187.862	-0.15389	-0.48343	-0.05003	-0.30907
1191.852	-0.07847	-0.56967	-0.04887	-0.33829
1195.859	0.00012	-0.64277	-0.02919	-0.30104
1199.858	0.05093	-0.40479	-0.01174	-0.29123
1203.849	0.05569	-0.59554	-0.00817	-0.30984
1207.884	0.09458	-0.61176	0.02258	-0.30728
1211.859	0.05760	-0.18932	0.03978	-0.30358
1215.871	0.07475	-0.47505	0.02643	-0.29565
1219.856	0.06919	-0.45987	0.04442	-0.31926
1223.862	0.12396	-0.45508	-0.00169	-0.34187
1227.860	0.12312	-0.67470	-0.01554	-0.30388
1231.856	0.15298	-0.72411	-0.02628	-0.30743
1235.863	0.13945	-0.78555	0.02457	-0.28072
1239.864	0.15489	-0.58286	0.03256	-0.27379
1243.855	0.16218	-0.72096	-0.00037	-0.28460
1247.858	0.19105	-0.73581	-0.00866	-0.27448
1251.856	0.19231	-0.80051	-0.02839	-0.25013
1255.892	0.24448	-0.80990	-0.05308	-0.24350
1259.868	0.25066	-0.86639	-0.01886	-0.24774
1263.856	0.26736	-0.81059	-0.06731	-0.25545
1267.859	0.25071	-0.90534	-0.04204	-0.27311
1271.855	0.24522	-0.86202	-0.08488	-0.31764
1275.859	0.26314	-0.86614	-0.09163	-0.30837
1279.862	0.29094	-0.87980	-0.09962	-0.29563
1283.856	0.29515	-0.94874	-0.12679	-0.28611
1287.855	0.30185	-0.92454	-0.07674	-0.26101
1291.852	0.22383	-0.94018	-0.05666	-0.26022
1295.860	0.18171	-0.90152	-0.01405	-0.31225
1299.855	0.09274	-0.82906	0.02273	-0.26817
1303.857	0.01906	-0.79989	0.02849	-0.22978
1307.854	0.01526	-0.84290	0.06249	-0.19770
1311.861	-0.02164	-0.86593	0.06348	-0.14216
1315.859	0.05574	-0.75870	0.11160	-0.11386
1319.873	0.08344	-0.70633	0.09562	-0.05782
1323.867	0.19047	-0.70160	0.06368	-0.03534
1327.856	0.05770	-0.68841	0.06659	-0.02192
1331.856	0.12295	-0.62928	0.04509	0.01578
1335.848	0.13131	-0.62816	0.01387	-0.01866
1339.857	0.25086	-0.62736	0.01412	0.02838
1343.854	0.40847	-0.70934	-0.05661	-0.00313
1347.860	0.43147	-0.70255	-0.02380	-0.01449
1351.856	0.42380	-0.68656	-0.05629	-0.02907
1355.853	0.45229	-0.75830	-0.09657	-0.02989
1359.856	0.36491	-1.01896	-0.14178	-0.01270
1363.859	0.16797	-1.07758	-0.16720	-0.02194
1367.854	0.15710	-0.98435	-0.17027	-0.03797
1371.854	0.09674	-0.78079	-0.18147	-0.03939
1375.849	0.03268	-1.21430	-0.14501	-0.02917
1379.858	-0.02891	-1.21343	-0.13089	0.03464
1383.854	0.00087	-1.29969	-0.18916	0.04254
1387.855	-0.01402	-1.35110	-0.14052	0.04860
1391.919	-0.08609	-1.24492	-0.15419	0.03268
1395.858	-0.06376	-1.24281	-0.16881	-0.08590
1399.852	-0.09969	-1.28694	-0.08999	-0.29603
1403.851	0.38293	-1.37724	0.15618	-0.37427
1407.848	1.66420	-1.62461	0.48426	-0.70039
1411.843	1.81733	-2.34508	1.34065	-1.45607
1415.852	1.79569	-2.62536	1.22868	-1.83870
1419.848	1.92024	-2.75909	0.90572	-1.72516
1423.848	1.58830	-2.40465	0.60067	-1.58161
1427.870	1.48171	-2.01510	0.95098	-1.80105
1431.870	1.63199	-2.32143	1.07758	-1.67855
1435.848	1.75190	-2.38873	0.97966	-1.63598
1439.849	1.76869	-2.22721	1.06719	-1.28950
1443.849	1.74010	-2.33345	1.13831	-1.61596
1447.855	1.82398	-2.47182	1.17287	-1.75413
1451.847	1.76919	-2.42382	1.23166	-1.87890
1455.852	1.72210	-2.38123	1.23583	-1.91521
1459.855	1.66676	-2.29751	1.27249	-1.88029
1463.916	1.64293	-2.26557	1.28316	-1.92493
1467.875	1.60407	-2.21075	1.35774	-1.96045
1471.849	1.58294	-2.15025	1.38917	-2.10753
1475.857	1.59236	-2.14623	1.42298	-2.09876
1479.854	1.51888	-2.11073	1.45467	-2.15237
1483.855	1.56273	-2.09416	1.48751	-2.18989
1487.849	1.57262	-2.03164	1.49634	-2.23145
1491.867	1.55891	-1.97236	1.49113	-2.24569
1495.851	1.53411	-1.98645	1.46430	-2.23781
1499.850	1.50899	-1.97856	1.41122	-2.24466
1503.843	1.49485	-2.00219	1.36819	-2.18209
1507.849	1.51169	-1.99927	1.36997	-2.10685
1511.848	1.52697	-2.02171	1.37161	-1.93523
1515.842	1.58785	-2.07224	1.39301	-1.83856
1519.868	1.62787	-2.05910	1.37000	-1.76144
1523.846	1.66462	-2.11075	1.33998	-1.77296
1527.851	1.61781	-2.12149	1.35524	-1.74897
1531.848	1.59169	-2.14032	1.35157	-1.76012
1535.850	1.53116	-2.17365	1.35507	-1.77853
1539.846	1.48781	-2.20770	1.35707	-1.74068
1543.750	1.43979	-2.22791	1.37722	-1.71371
1547.722	1.34480	-2.28361	1.39738	-1.75904
1551.735	1.30446	-2.29590	1.38570	-1.85159
1555.842	1.22685	-2.32234	1.36628	-1.85990
1559.726	1.23632	-2.31528	1.32959	-1.91112
1563.721	1.16059	-2.34419	1.30055	-1.92526
1567.721	1.15359	-2.35105	1.27763	-1.95029
1571.724	1.14002	-2.34766	1.27611	-1.95009
1575.725	1.13764	-2.37395	1.21755	-1.98061
1579.717	1.16525	-2.42224	1.20080	-1.99357
1583.723	1.22174	-2.43895	1.15652	-2.00420
1587.721	1.30585	-2.42186	1.17599	-1.98163
1591.722	1.36437	-2.36112	1.14833	-1.99234
1595.747	1.39418	-2.34289	1.13392	-1.98369
1599.729	1.42166	-2.30703	1.15186	-1.98959
1603.725	1.41717	-2.27419	1.16096	-1.98070
1607.729	1.42131	-2.24445	1.17751	-1.98696
1611.725	1.42464	-2.27590	1.23198	-2.01037
1615.733	1.42459	-2.22341	1.21199	-1.97969
1619.722	1.39279	-2.25430	1.24826	-1.92396
1623.720	1.44324	-2.24584	1.26411	-1.86950
1627.723	1.41732	-2.23436	1.30146	-1.84451
1631.719	1.39058	-2.28647	1.30980	-1.75863
1635.720	1.37141	-2.34929	1.35628	-1.69690
1639.722	1.38612	-2.38156	1.41549	-1.61897
1643.721	1.39435	-2.41282	1.42784	-1.59764
1647.715	1.40467	-2.45107	1.43704	-1.54990
1651.721	1.41010	-2.46805	1.45257	-1.54591
1655.715	1.40683	-2.53624	1.46507	-1.55412
1659.723	1.41035	-2.54385	1.49046	-1.53876
1663.725	1.41241	-2.56296	1.50229	-1.54809
1667.717	1.37548	-2.61263	1.52332	-1.53869
1671.722	1.29583	-2.61726	1.54649	-1.54545
1675.721	1.27343	-2.58525	1.58805	-1.57570
1679.722	1.31327	-2.67723	1.56734	-1.60935
1683.716	1.30017	-2.67623	1.57200	-1.60880
1687.721	1.31344	-2.69302	1.56930	-1.63635
1691.718	1.30248	-2.71831	1.59316	-1.62720
1695.722	1.31401	-2.73387	1.59288	-1.63030
1699.725	1.32919	-2.66065	1.60412	-1.62870
1703.718	1.34299	-2.66728	1.61295	-1.65702
1707.748	1.36127	-2.65313	1.61939	-1.68441
1711.729	1.36494	-2.62355	1.62624	-1.69316
1715.724	1.42536	-2.56510	1.61850	-1.65172
1719.725	1.46588	-2.53603	1.58931	-1.66632
1723.750	1.49746	-2.54244	1.62651	-1.68413
1727.723	1.52657	-2.53586	1.63169	-1.69596
1731.737	1.55717	-2.50709	1.62857	-1.67383
1735.722	1.58530	-2.47502	1.64122	-1.68836
1739.728	1.63504	-2.44005	1.63397	-1.67569
1743.721	1.67613	-2.46088	1.62314	-1.64142
1747.717	1.68825	-2.45122	1.61773	-1.59586
1751.725	1.68657	-2.44225	1.61029	-1.58241
1755.741	1.71997	-2.37744	1.58383	-1.57215
1759.734	1.71070	-2.37780	1.53800	-1.58398
1763.722	1.72671	-2.37175	1.51112	-1.57717
1767.716	1.70246	-2.33357	1.46953	-1.55069
1771.719	1.69418	-2.31982	1.45820	-1.54574
1775.711	1.64221	-2.32226	1.41705	-1.55899
1779.722	1.40790	-2.30882	1.32448	-1.58234
1783.719	1.04218	-2.31026	1.16146	-1.63156
1787.711	0.76908	-2.29592	1.05257	-1.64059
1791.718	0.70213	-2.26402	1.02007	-1.65572
1795.717	0.94949	-2.27778	1.02503	-1.63303
1799.718	0.94110	-2.30651	0.93445	-1.62354
1803.718	0.82987	-2.30725	0.93634	-1.65601
1807.711	0.70575	-2.34194	0.84406	-1.69540
1811.722	0.72623	-2.34947	0.88582	-1.78688
1815.720	0.68608	-2.35056	0.85168	-1.83185
1819.718	0.62945	-2.36857	0.83741	-1.85995
1823.724	0.64615	-2.36767	0.85188	-1.86491
1827.715	0.66665	-2.36178	0.89116	-1.86856
1831.712	0.70781	-2.38463	0.94271	-1.85240
1835.719	0.73007	-2.40565	0.97658	-1.81851
1839.715	0.73221	-2.41971	1.05297	-1.83805
1843.718	0.71139	-2.44671	1.08966	-1.88262
1847.710	0.74032	-2.49568	1.11159	-1.87241
1851.721	0.72687	-2.52634	1.17962	-1.71729
1855.710	0.70799	-2.53433	1.20827	-1.61942
1859.728	0.70774	-2.56476	1.25364	-1.58246
1863.715	0.69476	-2.55175	1.29511	-1.59643
1867.742	0.71764	-2.58722	1.33785	-1.55259
1871.725	0.71384	-2.62930	1.35544	-1.54645
1875.722	0.71451	-2.69042	1.36772	-1.51645
1879.711	0.74958	-2.70411	1.40130	-1.61126
1883.721	0.73851	-2.72047	1.36395	-1.72347
1887.717	0.79330	-2.71965	1.34472	-1.70594
1891.709	0.77933	-2.69181	1.32845	-1.80317
1895.720	0.81424	-2.66933	1.27733	-1.84162
1899.718	0.80461	-2.65305	1.26765	-1.93439
1903.716	0.83037	-2.66577	1.21219	-1.92282
1907.741	0.85394	-2.67498	1.21876	-1.92872
1911.725	0.82865	-2.71910	1.16339	-1.95685
1915.723	0.83089	-2.73660	1.14933	-1.91954
1919.717	0.84242	-2.70794	1.12119	-1.90459
1923.734	0.88602	-2.72563	1.08745	-1.92732
1927.741	0.88413	-2.73949	1.10011	-1.86308
1931.715	0.87190	-2.78481	1.08683	-1.90431
1935.736	0.91564	-2.80833	1.07726	-1.86873
1939.716	1.00169	-2.69998	1.07034	-1.85273
1943.755	1.08425	-2.71555	1.05508	-1.84199
1947.735	1.11519	-2.72970	1.06622	-1.84913
1951.719	1.15263	-2.71710	1.05099	-1.83544
1955.713	1.25612	-2.60946	1.06180	-1.85015
1959.727	1.30136	-2.62198	1.05069	-1.87957
1963.728	1.37823	-2.49189	1.10239	-1.88567
1967.714	1.35583	-2.44393	1.17446	-1.72281
1971.714	1.39044	-2.24180	1.20837	-1.61461
1975.732	1.40219	-2.09665	1.25800	-1.41322
1979.720	1.38029	-2.01569	1.30898	-1.40048
1983.721	1.30752	-2.01657	1.35918	-1.32981
1987.715	1.21502	-1.98086	1.44331	-1.28358
1991.728	1.14764	-1.91492	1.43704	-1.26889
1995.713	1.17108	-1.80581	1.45961	-1.24673
1999.709	1.04989	-1.81479	1.47089	-1.16843
2003.725	1.00045	-1.75875	1.50028	-1.09896
2007.714	0.95021	-1.76024	1.46866	-1.04432
2011.712	0.90063	-1.72889	1.45557	-0.99898
2015.716	0.83290	-1.81083	1.43654	-0.99788
2019.711	0.78270	-1.83985	1.45195	-1.01220
2023.714	0.74042	-1.85962	1.43064	-1.00595
2027.723	0.66819	-1.85568	1.43868	-0.97309
2031.717	0.62672	-1.85612	1.45026	-0.94905
2035.717	0.59990	-1.85476	1.47389	-0.91136
2039.708	0.53339	-1.82366	1.50995	-0.85646
2043.717	0.53178	-1.82078	1.52818	-0.81592
2047.715	0.47366	-1.82529	1.58671	-0.78377
2051.718	0.42611	-1.79620	1.61186	-0.75659
2055.710	0.42869	-1.80633	1.60675	-0.70319
2059.719	0.41926	-1.80321	1.60189	-0.66184
2063.709	0.40688	-1.85727	1.60980	-0.64113
2067.715	0.40541	-1.84705	1.64861	-0.68150
2071.746	0.46497	-1.89112	1.65389	-0.65204
2075.713	0.48500	-1.91002	1.64791	-0.66031
2079.710	0.56317	-1.90313	1.64077	-0.64497
2083.711	0.67945	-1.93657	1.63149	-0.71496
2087.711	0.82116	-1.95713	1.66053	-0.76484
2091.716	0.90053	-1.96036	1.61768	-0.80851
2095.740	1.13643	-1.93823	1.64813	-0.86197
2099.717	1.35060	-1.88467	1.63447	-0.92376
2103.721	1.29330	-1.82940	1.65810	-0.99551
2107.719	1.39773	-1.65877	1.64127	-1.03346
2111.729	1.48463	-1.64687	1.62678	-1.10794
2115.712	1.49188	-1.62529	1.61823	-1.15653
2119.714	1.55703	-1.57853	1.58058	-1.24000
2123.714	1.58016	-1.56441	1.54408	-1.30815
2127.710	1.63526	-1.51560	1.49493	-1.36571
2131.742	1.66480	-1.51466	1.42647	-1.39673
2135.714	1.66554	-1.49981	1.33120	-1.41308
2139.711	1.63388	-1.48201	1.31456	-1.46994
2143.714	1.59373	-1.48182	1.38131	-1.43219
2147.720	1.52191	-1.48693	1.38924	-1.43593
2151.711	1.50450	-1.49678	1.37029	-1.42408
2155.720	1.48935	-1.52298	1.38719	-1.45222
2159.731	1.48419	-1.51928	1.39354	-1.46867
2163.714	1.44113	-1.48940	1.33795	-1.45481
2167.711	1.40142	-1.44553	1.37000	-1.42025
2171.719	1.32123	-1.40253	1.33073	-1.40453
2175.725	1.23573	-1.42172	1.35889	-1.32303
2179.711	1.18497	-1.39483	1.41303	-1.22743
2183.705	1.09862	-1.41672	1.41911	-1.09796
2187.714	1.09212	-1.45638	1.41320	-1.17425
2191.708	1.06136	-1.56032	1.44126	-1.17113
2195.719	1.02233	-1.62039	1.52531	-1.16567
2199.745	0.93768	-1.55822	1.52965	-1.08000
2203.716	0.91234	-1.70840	1.60434	-1.03827
2207.737	0.83850	-1.69061	1.62549	-0.99751
2211.716	0.79389	-1.68507	1.60129	-1.01799
2215.715	0.74846	-1.75112	1.63655	-0.99858
2219.710	0.77238	-1.76320	1.61647	-1.03057
2223.716	0.75498	-1.76537	1.60124	-1.07443
2227.714	0.77533	-1.79458	1.56107	-1.12242
2231.722	0.84699	-1.74887	1.52094	-1.16893
2235.710	1.08631	-1.65663	1.46330	-1.28506
2239.725	0.99750	-1.75803	1.47389	-1.34772
2243.715	0.96713	-1.80511	1.47928	-1.62833
2247.714	1.02479	-2.11582	1.45485	-2.04611
2251.716	0.95606	-2.43748	1.45519	-2.17072
2255.709	1.02719	-2.32455	1.38404	-2.14841
2259.727	1.09185	-2.65875	1.36511	-2.31770
2263.718	1.07634	-2.31886	1.34452	-2.18385
2267.712	1.09162	-2.40539	1.36037	-2.19683
2271.713	1.09584	-2.51946	1.41568	-2.24205
2275.715	1.06833	-2.58752	1.49108	-2.31752
2279.732	0.99896	-2.67291	1.51735	-2.33731
2283.708	0.96363	-2.65011	1.49326	-2.37431
2287.717	0.93525	-2.74012	1.49842	-2.41083
2291.715	0.90455	-2.68662	1.52980	-2.40415
2295.715	0.90168	-2.66272	1.51117	-2.40876
2299.714	0.87875	-2.65751	1.57198	-2.42493
2303.715	0.83962	-2.66931	1.58542	-2.44577
2307.713	0.81999	-2.76363	1.60623	-2.49138
2311.713	0.77702	-2.76658	1.64337	-2.52473
2315.710	0.75734	-2.76407	1.66505	-2.55406
2319.746	0.76580	-2.74307	1.65317	-2.55722
2323.718	0.76489	-2.73315	1.63236	-2.56166
2327.708	0.73697	-2.79611	1.69071	-2.57571
2331.714	0.78550	-2.78396	1.67873	-2.55515
2335.713	0.82454	-2.81846	1.66048	-2.50790
2339.707	0.92654	-2.79169	1.64159	-2.47404
2343.723	0.95968	-2.80584	1.63028	-2.37705
2347.749	1.03689	-2.75454	1.58713	-2.22114
2351.712	1.01079	-2.71792	1.48729	-2.30294
2355.705	1.09837	-2.77238	1.48682	-2.34121
2359.712	1.05478	-2.77785	1.37052	-2.39380
2363.728	1.12874	-2.78435	1.27594	-2.38945
2367.713	1.14945	-2.82792	1.24776	-2.39642
2371.719	1.18034	-2.87059	1.24605	-2.38722
2375.711	1.18497	-2.88204	1.32143	-2.38128
2379.708	1.19949	-2.92410	1.31042	-2.40668
2383.717	1.17545	-2.94286	1.32924	-2.42323
2387.711	1.20966	-2.95236	1.27371	-2.42824
2391.706	1.18115	-2.94540	1.29171	-2.53926
2395.706	1.20936	-2.99329	1.32686	-2.55690
2399.590	1.21948	-3.03096	1.37223	-2.59816
2403.581	1.22181	-3.04159	1.38676	-2.50267
2407.582	1.15570	-3.08246	1.45450	-2.43580
2411.587	1.14593	-3.09741	1.48882	-2.43149
2415.586	1.10162	-3.09679	1.50564	-2.41077
2419.585	1.09817	-2.98575	1.51060	-2.34503
2423.577	1.08778	-2.92595	1.50108	-2.29291
2427.586	1.11045	-2.70906	1.48339	-2.22757
2431.608	1.06488	-2.69038	1.50755	-2.13654
2435.586	1.04965	-2.70909	1.48776	-2.10882
2439.582	1.00472	-2.62221	1.45554	-2.08415
2443.589	1.03766	-2.62112	1.39778	-2.05041
2447.598	1.04138	-2.59848	1.35065	-2.06022
2451.645	1.02967	-2.53736	1.34527	-2.03351
2455.580	1.03077	-2.54272	1.30558	-2.00384
2459.584	1.01330	-2.52724	1.29105	-1.96035
2463.602	1.01268	-2.56160	1.25952	-1.96291
2467.591	1.00782	-2.54254	1.25123	-1.99530
2471.584	1.02459	-2.60625	1.24840	-2.02470
2475.588	1.06766	-2.56111	1.23608	-2.01682
2479.638	1.08969	-2.53878	1.26795	-2.02985
2483.660	1.13127	-2.49832	1.32230	-2.03685
2487.608	1.16987	-2.51168	1.35784	-2.06840
2491.587	1.29640	-2.50301	1.43935	-2.07451
2495.592	1.41621	-2.56482	1.49279	-2.10572
2499.583	1.49855	-2.47716	1.48434	-2.10493
2503.584	1.57386	-2.53645	1.52496	-2.12447
2507.580	1.46407	-2.66013	1.50351	-2.14309
2511.583	1.57486	-2.64842	1.48158	-2.13324
2515.609	1.54413	-2.80095	1.50524	-2.13915
2519.582	1.44500	-2.89710	1.51144	-2.18935
2523.577	1.44069	-2.90441	1.48647	-2.19880
2527.586	1.40249	-2.92805	1.49262	-2.24820
2531.579	1.27155	-2.98101	1.43701	-2.26929
2535.583	1.26016	-2.97862	1.40636	-2.25932
2539.577	1.23536	-2.90949	1.39269	-2.29101
2543.581	1.18852	-2.83804	1.40827	-2.29355
2547.585	1.17949	-2.75728	1.36340	-2.34344
2551.586	1.16158	-2.69151	1.40179	-2.36503
2555.579	1.17949	-2.61856	1.46006	-2.39542
2559.577	1.20713	-2.60014	1.42970	-2.39414
2563.574	1.21737	-2.61515	1.43091	-2.41073
2567.581	1.23459	-2.64154	1.38108	-2.42343
2571.580	1.31965	-2.65960	1.35387	-2.37968
2575.611	1.34802	-2.54880	1.35968	-2.33412
2579.584	1.38113	-2.58166	1.38352	-2.34173
2583.585	1.40502	-2.68080	1.35698	-2.33015
2587.580	1.39564	-2.60894	1.30169	-2.31513
2591.597	1.35732	-2.72980	1.35923	-2.25433
2595.582	1.34978	-2.69575	1.34705	-2.20426
2599.581	1.28018	-2.72238	1.33793	-2.18120
2603.574	1.26773	-2.73516	1.33639	-2.19031
2607.579	1.27701	-2.77743	1.35025	-2.17474
2611.586	1.25051	-2.77322	1.38054	-2.13276
2615.582	1.21968	-2.74514	1.40874	-2.11284
2619.588	1.18877	-2.80615	1.46087	-2.12304
2623.571	1.18604	-2.82694	1.46653	-2.11614
2627.581	1.17136	-2.80716	1.41288	-2.07932
2631.577	1.21048	-2.87549	1.51253	-2.13663
2635.582	1.23630	-3.32896	1.62827	-2.46019
2639.580	1.23794	-5.21227	1.62631	-4.20458
2643.584	1.33619	-5.75666	1.71590	-5.59797
2647.579	1.32915	-6.19928	1.68228	-6.17901
2651.580	1.33790	-6.75183	1.62743	-6.40474
2655.579	1.36293	-7.56322	1.77871	-6.75107
2659.613	1.49113	-8.37630	1.68193	-7.81890
2663.584	1.41062	-9.79318	1.54768	-8.53461
2667.582	1.40996	-9.76011	1.58988	-8.85592
2671.583	1.40862	-9.40392	1.52067	-8.63388
2675.588	1.43912	-9.12534	1.48205	-8.34613
2679.577	1.48265	-8.84270	1.46211	-8.10225
2683.622	1.55705	-9.00386	1.45244	-8.19291
2687.587	1.54078	-8.94879	1.41159	-8.18280
2691.584	1.56687	-9.12198	1.39683	-8.19473
2695.579	1.60464	-9.08881	1.36409	-8.40185
2699.572	1.64821	-9.19198	1.34502	-8.43979
2703.579	1.62835	-9.24775	1.31875	-8.58751
2707.577	1.67541	-9.24984	1.36551	-8.49637
2711.575	1.72503	-9.31666	1.41826	-8.46818
2715.579	1.73294	-9.36487	1.51777	-8.43070
2719.606	1.74231	-9.28303	1.53890	-8.47840
2723.576	1.76839	-9.36607	1.55179	-8.47167
2727.579	1.74018	-9.38420	1.62101	-8.48201
2731.579	1.74474	-9.37639	1.55643	-8.45670
2735.575	1.77164	-9.39128	1.55095	-8.47094
2739.575	1.76854	-9.48200	1.57205	-8.50317
2743.585	1.76190	-9.39601	1.49140	-8.46174
2747.579	1.78131	-9.43273	1.39411	-8.40111
2751.636	1.79631	-9.41209	1.31570	-8.35878
2755.583	1.75954	-9.33928	1.26029	-8.35059
2759.580	1.80499	-9.26179	1.14350	-8.35068
2763.575	1.82046	-9.32398	1.19510	-8.34705
2767.574	1.86856	-9.27906	1.17374	-8.36620
2771.569	1.85286	-9.30860	1.17359	-8.41070
2775.576	1.90936	-9.27292	1.18339	-8.41429
2779.574	1.88921	-9.31789	1.18822	-8.39918
2783.570	1.96499	-9.27446	1.15362	-8.38564
2787.576	1.94749	-9.25002	1.22615	-8.40529
2791.581	1.93871	-9.29061	1.26282	-8.40381
2795.577	1.93564	-9.24629	1.31325	-8.43547
2799.573	1.95926	-9.22327	1.36137	-8.43460
2803.578	1.93368	-9.18416	1.42233	-8.41958
2807.575	1.93036	-9.15927	1.45435	-8.40505
2811.578	1.91462	-9.15335	1.51754	-8.41162
2815.574	1.92485	-9.06821	1.58202	-8.41088
2819.661	1.91390	-8.95714	1.57967	-8.42312
2823.649	1.88013	-8.91451	1.63549	-8.42287
2827.595	1.85675	-8.78151	1.66430	-8.38859
2831.580	1.85780	-8.64566	1.67484	-8.38286
2835.579	1.86583	-8.67747	1.67100	-8.36155
2839.579	1.89702	-8.67695	1.66723	-8.39164
2843.581	1.91330	-8.65175	1.66812	-8.38009
2847.580	1.94404	-8.57594	1.64863	-8.39860
2851.596	1.97981	-8.66219	1.65518	-8.40271
2855.573	2.01811	-8.76458	1.58403	-8.39821
2859.579	2.09123	-8.74943	1.59256	-8.37637
2863.579	2.08580	-8.72511	1.58864	-8.36559
2867.580	2.13646	-8.78489	1.60124	-8.33371
2871.574	2.15685	-8.82304	1.60734	-8.33427
2875.577	2.19633	-8.86575	1.60357	-8.33793
2879.577	2.21551	-8.81739	1.62564	-8.34066
2883.574	2.19742	-8.72761	1.64724	-8.26078
2887.582	2.15440	-8.70651	1.66284	-8.27805
2891.578	2.12146	-8.69859	1.73229	-8.24307
2895.578	2.06580	-8.73769	1.75218	-8.22849
2899.573	2.03263	-8.68494	1.78711	-8.18498
2903.574	1.92684	-8.74494	1.75146	-8.17562
2907.567	1.94384	-8.78100	1.74290	-8.22357
2911.585	1.94394	-9.10656	1.67772	-8.61645
2915.575	1.79026	-9.89539	1.62810	-9.60225
2919.577	1.98831	-10.65042	1.61210	-9.62215
2923.582	2.05192	-10.59179	1.58852	-9.36656
2927.574	1.96330	-10.30585	1.58926	-9.57014
2931.572	1.95039	-10.39843	1.53220	-9.49343
2935.572	1.97937	-10.32068	1.41893	-9.52369
2939.569	1.96831	-10.38119	1.40661	-9.44783
2943.575	2.07586	-10.36749	1.37126	-9.39022
2947.585	2.17774	-10.42064	1.36042	-9.44780
2951.581	2.13499	-10.45467	1.29695	-9.59565
2955.665	2.20446	-10.50910	1.28105	-9.66129
2959.579	2.20104	-10.40638	1.29152	-9.65302
2963.575	2.18456	-10.33662	1.27408	-9.64707
2967.580	2.18674	-10.26375	1.28653	-9.72094
2971.578	2.23283	-10.28664	1.29201	-9.74455
2975.592	2.29555	-10.23030	1.33941	-9.78365
2979.571	2.33938	-10.16898	1.41583	-9.76474
2983.578	2.44915	-10.08265	1.42444	-9.76712
2987.571	2.39056	-10.05961	1.49192	-9.80087
2991.572	2.39710	-9.97797	1.58239	-9.82607
2995.566	2.44303	-9.90179	1.65409	-9.78946
2999.572	2.43424	-9.84819	1.63685	-9.77198
3003.565	2.39091	-9.85833	1.69797	-9.71974
3007.572	2.35598	-9.91154	1.78922	-9.66189
3011.573	2.38563	-9.90762	1.76638	-9.62345
3015.572	2.35766	-9.85553	1.79638	-9.60925
3019.575	2.22287	-9.85774	1.80742	-9.56884
3023.689	2.26517	-9.78203	1.80179	-9.53464
3027.588	2.14243	-9.72327	1.81994	-9.52295
3031.577	2.21923	-9.57451	1.79844	-9.49304
3035.575	2.17024	-9.63671	1.75751	-9.48469
3039.571	2.19745	-9.57955	1.74186	-9.49284
3043.566	2.17497	-9.61986	1.72540	-9.46936
3047.574	2.16907	-9.54319	1.70107	-9.48825
3051.570	2.19462	-9.47924	1.64960	-9.52667
3055.577	2.17073	-9.51596	1.60392	-9.55312
3059.570	2.23989	-9.46362	1.55199	-9.59086
3063.574	2.26294	-9.45663	1.47067	-9.61222
3067.566	2.32818	-9.46411	1.41566	-9.68889
3071.575	2.42198	-9.50497	1.34098	-9.75343
3075.647	2.45406	-9.53337	1.32845	-9.75901
3079.581	2.43387	-9.57600	1.29715	-9.74436
3083.580	2.42631	-9.58899	1.24630	-9.74764
3087.575	2.38494	-9.62685	1.27227	-9.74240
3091.640	2.42948	-9.64949	1.25173	-9.74185
3095.581	2.50816	-9.65880	1.26956	-9.69545
3099.574	2.46674	-9.66448	1.28976	-9.67444
3103.568	2.41430	-9.68454	1.31702	-9.61004
3107.579	2.41400	-9.74573	1.34227	-9.59707
3111.576	2.29260	-9.73682	1.39445	-9.56476
3115.578	2.28090	-9.79292	1.43228	-9.50740
3119.570	2.26140	-9.87100	1.44937	-9.49083
3123.579	2.26609	-9.84627	1.46970	-9.45316
3127.577	2.25246	-9.91256	1.47578	-9.43636
3131.599	2.30779	-9.95150	1.48505	-9.41998
3135.574	2.30479	-9.96303	1.52084	-9.40651
3139.574	2.25109	-9.95632	1.53428	-9.39663
3143.569	2.24564	-9.97345	1.53865	-9.37843
3147.574	2.25717	-9.97193	1.52298	-9.35715
3151.576	2.24777	-9.96723	1.53190	-9.30615
3155.574	2.27523	-9.94134	1.48401	-9.29183
3159.586	2.25159	-9.94369	1.47632	-9.29702
3163.575	2.25632	-9.89299	1.48257	-9.27633
3167.572	2.24688	-9.91566	1.48024	-9.28744
3171.567	2.23957	-9.90118	1.49629	-9.27717
3175.576	2.18451	-9.90896	1.49773	-9.28123
3179.578	2.14620	-9.92988	1.48079	-9.24631
3183.576	2.15836	-9.98865	1.47615	-9.25446
3187.570	2.11866	-9.98861	1.46921	-9.25652
3191.576	2.12902	-10.04292	1.49664	-9.27090
3195.584	2.13695	-10.05597	1.50137	-9.29495
3199.586	2.15279	-10.11799	1.52652	-9.32126
3203.573	2.23127	-10.16564	1.53218	-9.33251
3207.573	2.23999	-10.18295	1.52030	-9.32891
3211.589	2.34807	-10.20713	1.48067	-9.32267
3215.570	2.36371	-10.27196	1.47729	-9.33056
3219.589	2.29580	-10.26793	1.39594	-9.32216
3223.575	2.34696	-10.20409	1.38996	-9.33882
3227.635	2.41460	-10.15612	1.35633	-9.35779
3231.580	2.53337	-10.21898	1.36003	-9.34866
3235.575	2.58296	-10.18969	1.31059	-9.34674
3239.573	2.51410	-10.16423	1.34601	-9.36325
3243.578	2.47628	-10.12701	1.34576	-9.35135
3247.580	2.48208	-10.12192	1.34931	-9.33039
3251.443	2.50687	-10.04595	1.45820	-9.26213
3255.439	2.47036	-9.74892	1.46392	-9.03223
3259.443	2.50353	-8.76305	1.55839	-8.61003
3263.565	2.50848	-8.34501	1.67601	-8.38944
3267.568	2.46952	-8.33558	1.66867	-8.14369
3271.437	2.43877	-8.49740	1.78478	-8.28069
3275.445	2.32196	-8.48883	1.83204	-8.12927
3279.440	2.25052	-8.58427	1.87198	-8.13724
3283.447	2.24849	-8.38914	1.90049	-8.02295
3287.440	2.24862	-8.62338	1.94580	-7.96524
3291.451	2.25927	-8.54146	1.95388	-7.95432
3295.477	2.21680	-8.50280	1.95443	-7.89948
3299.447	2.26797	-8.40174	2.00048	-7.84494
3303.450	2.25640	-8.48424	1.99865	-7.86091
3307.465	2.27882	-8.43044	1.98370	-7.82538
3311.447	2.32047	-8.41378	1.99478	-7.81670
3315.468	2.39356	-8.39405	1.96196	-7.81085
3319.448	2.41214	-8.38891	1.96432	-7.83202
3323.449	2.52547	-8.27694	1.91776	-7.85917
3327.444	2.55824	-8.31120	1.92009	-7.89744
3331.451	2.57942	-8.28783	1.89627	-7.93207
3335.450	2.58576	-8.24296	1.87825	-8.02902
3339.445	2.63722	-8.21843	1.85175	-8.09583
3343.445	2.62130	-8.22216	1.81019	-8.14416
3347.441	2.63626	-8.16516	1.79219	-8.21802
3351.449	2.60736	-8.19480	1.74727	-8.32553
3355.442	2.60728	-8.21551	1.71119	-8.36425
3359.450	2.52037	-8.25354	1.71136	-8.42053
3363.515	2.48614	-8.30587	1.65877	-8.44997
3367.462	2.48170	-8.36428	1.61081	-8.46793
3371.447	2.42864	-8.45846	1.58182	-8.48778
3375.440	2.37813	-8.52589	1.53490	-8.51236
3379.448	2.42309	-8.66778	1.48910	-8.52430
3383.452	2.42374	-8.63917	1.44716	-8.56794
3387.442	2.41365	-8.68427	1.40832	-8.61852
3391.445	2.41281	-8.75896	1.37054	-8.65603
3395.440	2.42844	-8.79957	1.33495	-8.63185
3399.439	2.44824	-8.84616	1.30881	-8.67576
3403.445	2.48909	-8.87604	1.26574	-8.70718
3407.438	2.50184	-8.89755	1.25218	-8.72945
3411.440	2.49127	-8.94511	1.23774	-8.77770
3415.435	2.48113	-8.95760	1.23598	-8.81553
3419.443	2.51844	-8.91280	1.21871	-8.83159
3423.439	2.50127	-8.83284	1.21943	-8.85056
3427.439	2.49880	-8.87719	1.21035	-8.85127
3431.457	2.44886	-8.78319	1.20487	-8.83011
3435.449	2.39019	-8.57460	1.26758	-8.71074
3439.439	2.37377	-7.62678	1.32232	-8.31921
3443.433	2.30647	-5.88652	1.30791	-6.34047
3447.440	2.19135	-5.18225	1.39078	-5.17650
3451.440	2.22349	-4.30444	1.44470	-4.39751
3455.443	2.20825	-3.53990	1.45356	-3.87588
3459.432	2.13893	-3.58936	1.54591	-3.66725
3463.443	2.06481	-3.63707	1.58916	-3.81723
3467.437	1.93160	-3.88840	1.69892	-4.11024
3471.468	1.83967	-3.77831	1.79787	-4.10284
3475.441	1.82844	-3.83075	1.89283	-4.11497
3479.446	1.76460	-3.81432	1.88752	-4.14046
3483.452	1.79519	-3.80864	1.87817	-4.10157
3487.442	1.75185	-3.82819	1.91680	-3.99737
3491.440	1.70006	-3.80275	1.95601	-3.99147
3495.443	1.68208	-3.78308	1.99320	-3.96785
3499.454	1.64803	-3.80169	2.05524	-4.04324
3503.442	1.61689	-3.83041	2.04562	-4.06817
3507.448	1.58014	-3.83654	2.05563	-4.08485
3511.438	1.57788	-3.80793	2.04374	-4.04935
3515.432	1.60159	-3.78607	2.02421	-4.02815
3519.439	1.58413	-3.78195	1.97889	-4.03189
3523.438	1.54118	-3.73988	1.98425	-4.03450
3527.434	1.49428	-3.72490	1.99706	-4.04719
3531.440	1.43067	-3.71946	2.00795	-4.06995
3535.436	1.43768	-3.67680	1.99035	-4.10051
3539.451	1.38637	-3.66570	1.98700	-4.18041
3543.432	1.35660	-3.66894	1.95971	-4.20802
3547.444	1.37920	-3.61776	1.96762	-4.20165
3551.438	1.41777	-3.61001	1.96762	-4.21704
3555.442	1.42365	-3.57818	1.96923	-4.26898
3559.437	1.45438	-3.55665	1.97381	-4.30211
3563.438	1.43900	-3.58060	1.98469	-4.32865
3567.521	1.45286	-3.61240	1.98693	-4.34319
3571.446	1.47337	-3.68842	1.97000	-4.36173
3575.443	1.52697	-3.68254	1.94218	-4.36992
3579.446	1.58068	-3.69645	1.95706	-4.38331
3583.443	1.64702	-3.70155	1.95777	-4.34620
3587.443	1.64107	-3.74994	2.00086	-4.33688
3591.446	1.65099	-3.72732	2.03315	-4.32665
3595.441	1.64957	-3.73751	2.01843	-4.32740
3599.442	1.65805	-3.80585	1.98668	-4.29560
3603.451	1.63142	-3.87442	1.98918	-4.29372
3607.442	1.62693	-3.92069	2.03082	-4.27376
3611.435	1.66552	-3.89441	2.02468	-4.25379
3615.436	1.74377	-3.94962	2.00324	-4.22162
3619.452	1.74531	-3.95106	2.02611	-4.21635
3623.447	1.76443	-3.97215	2.09735	-4.23370
3627.441	1.75317	-4.01399	2.14540	-4.25051
3631.441	1.77558	-4.03612	2.17804	-4.24859
3635.494	1.79182	-4.06465	2.20609	-4.27162
3639.499	1.83231	-4.11472	2.25630	-4.26108
3643.443	1.90475	-4.11495	2.28237	-4.25876
3647.436	1.90520	-4.10842	2.30578	-4.24155
3651.439	1.97280	-4.09190	2.33864	-4.23434
3655.433	2.01662	-4.08715	2.34131	-4.21364
3659.438	1.96090	-3.99751	2.31210	-4.15179
3663.436	1.92721	-3.70205	2.18000	-3.53630
3667.439	1.71012	-2.80627	2.10315	-3.06720
3671.435	1.58078	-2.69176	2.06966	-2.49156
3675.444	1.64677	-2.67368	2.04287	-2.67601
3679.432	1.74318	-2.82109	1.97899	-2.88108
3683.438	1.72820	-2.75190	1.89424	-3.35436
3687.461	1.58745	-2.77341	1.88690	-2.84502
3691.439	1.54646	-2.76041	1.87453	-2.70928
3695.455	1.51472	-2.59220	1.88197	-2.76656
3699.437	1.48101	-2.57875	1.88873	-2.74133
3703.472	1.46368	-2.54461	1.87522	-2.70212
3707.447	1.45586	-2.51288	1.91234	-2.71205
3711.438	1.46308	-2.53437	1.91375	-2.68769
3715.460	1.50462	-2.54493	1.93861	-2.71944
3719.439	1.48590	-2.57304	1.93182	-2.75652
3723.457	1.44798	-2.54406	1.96385	-2.72203
3727.441	1.40958	-2.52349	1.96390	-2.71135
3731.435	1.37873	-2.50250	1.93928	-2.72517
3735.443	1.33470	-2.49836	1.90663	-2.74197
3739.452	1.33014	-2.54386	1.90812	-2.73565
3743.436	1.30268	-2.57694	1.88697	-2.74014
3747.434	1.28068	-2.57969	1.90465	-2.72899
3751.434	1.24578	-2.60025	1.86618	-2.71183
3755.430	1.22288	-2.60766	1.85373	-2.70971
3759.439	1.17083	-2.69282	1.85286	-2.70731
3763.436	1.12477	-2.64650	1.82839	-2.65650
3767.434	1.12102	-2.68557	1.80891	-2.68941
3771.442	1.14394	-2.77449	1.76844	-2.70424
3775.435	1.15054	-2.81288	1.75632	-2.67791
3779.438	1.15893	-2.83299	1.73576	-2.70451
3783.432	1.13134	-2.81064	1.67613	-2.68844
3787.439	1.09626	-2.83692	1.63569	-2.69699
3791.428	1.09271	-2.87968	1.58371	-2.69153
3795.437	1.08547	-2.92924	1.54673	-2.67076
3799.431	1.07713	-2.94343	1.49922	-2.67439
3803.433	1.08262	-2.91968	1.47097	-2.67170
3807.427	1.07173	-2.93456	1.45078	-2.70089
3811.445	1.06078	-2.92302	1.42603	-2.68085
3815.433	1.03287	-2.90151	1.41435	-2.65409
3819.433	0.98708	-2.87377	1.41482	-2.65394
3823.441	0.98755	-2.89239	1.38290	-2.62633
3827.432	0.97767	-2.86454	1.37486	-2.63227
3831.430	0.97916	-2.86816	1.38657	-2.61696
3835.435	0.97060	-2.87974	1.39346	-2.63669
3839.447	0.94899	-2.86337	1.37255	-2.67925
3843.436	0.92646	-2.86463	1.40752	-2.71537
3847.432	0.91006	-2.88353	1.41754	-2.72651
3851.435	0.94909	-2.85056	1.41350	-2.71819
3855.432	0.98809	-2.87231	1.41164	-2.76238
3859.462	1.04977	-2.86026	1.41402	-2.77202
3863.441	1.06746	-2.82550	1.42546	-2.78638
3867.440	1.04533	-2.69142	1.37612	-2.84051
3871.436	0.38648	-2.49112	1.19185	-2.88773
3875.432	-2.93688	-2.69846	-0.55597	-2.92629
3879.427	-3.80300	-2.68815	-1.55926	-3.00313
3883.436	-5.19756	-2.97871	-2.90658	-3.26644
3887.433	-5.91356	-4.02514	-3.55654	-4.21983
3891.426	-7.11960	-4.40089	-4.39498	-4.01618
3895.438	-7.49129	-4.92192	-5.59029	-4.52470
3899.433	-7.41619	-4.88705	-6.10112	-4.72988
3903.427	-8.21701	-5.04982	-7.43500	-4.87224
3907.466	-9.39844	-5.18932	-7.52464	-5.15483
3911.479	-9.46539	-5.25556	-7.72905	-5.14075
3915.456	-9.48244	-5.22676	-8.15173	-5.04927
3919.436	-9.42458	-5.25887	-8.26378	-5.06662
3923.455	-9.33862	-5.40147	-8.06119	-5.13413
3927.425	-9.19759	-5.47668	-8.14424	-5.06350
3931.434	-9.21503	-5.47527	-8.01255	-5.12686
3935.430	-9.28197	-5.53260	-8.10710	-5.14170
3939.430	-9.30111	-5.54350	-8.18067	-5.14098
3943.424	-9.30322	-5.55073	-8.23097	-5.16843
3947.442	-9.31032	-5.55958	-8.29858	-5.15294
3951.425	-9.30288	-5.54636	-8.36197	-5.12633
3955.437	-9.28040	-5.52366	-8.41548	-5.10778
3959.428	-9.25727	-5.49741	-8.43897	-5.08794
3963.432	-9.26029	-5.50949	-8.42556	-5.09482
3967.425	-9.30409	-5.44393	-8.49236	-5.08456
3971.431	-9.32412	-5.40721	-8.52877	-5.09561
3975.433	-9.34560	-5.35718	-8.59982	-5.09583
3979.439	-9.37701	-5.28799	-8.62874	-5.07909
3983.424	-9.44385	-5.21723	-8.67185	-5.08809
3987.433	-9.42564	-5.06022	-8.70102	-5.09037
3991.429	-9.43716	-4.99477	-8.71901	-5.07629
3995.429	-9.53429	-4.75830	-8.75732	-5.06597
3999.435	-9.49844	-4.68947	-8.82870	-5.07382
4003.429	-9.51020	-4.54331	-8.82761	-5.10163
4007.422	-9.47959	-4.50087	-8.83978	-5.13591
4011.430	-9.26481	-4.62430	-8.83619	-5.09182
4015.429	-9.18746	-4.71803	-8.78934	-5.08944
4019.432	-9.10110	-4.67934	-8.73877	-5.06160
4023.429	-9.12210	-4.73578	-8.69964	-5.04723
4027.428	-9.00680	-4.66769	-8.67170	-5.03071
4031.435	-9.03735	-4.73599	-8.64480	-4.97748
4035.433	-8.97298	-4.66957	-8.62265	-4.94100
4039.430	-8.93043	-4.73948	-8.51105	-4.97886
4043.490	-8.93033	-4.77300	-8.49816	-4.94366
4047.475	-8.86112	-4.78238	-8.44776	-4.92586
4051.437	-8.87391	-4.81557	-8.42894	-4.89831
4055.425	-8.91057	-4.78730	-8.40813	-4.92895
4059.436	-8.92200	-4.77311	-8.38430	-4.92461
4063.431	-8.94975	-4.75551	-8.37405	-4.91920
4067.437	-8.93973	-4.67043	-8.38962	-4.87127
4071.433	-8.97477	-4.62541	-8.37453	-4.85645
4075.429	-8.96605	-4.61157	-8.36112	-4.87368
4079.460	-9.00007	-4.55717	-8.34558	-4.88405
4083.439	-9.02140	-4.57283	-8.35899	-4.86172
4087.432	-9.00254	-4.57441	-8.35894	-4.85425
4091.433	-9.00043	-4.55580	-8.36761	-4.79883
4095.428	-8.96850	-4.57001	-8.37079	-4.76998
4099.438	-8.78413	-4.53000	-8.32305	-4.76094
4103.433	-7.00538	-4.51045	-6.55388	-4.77129
4107.310	-5.34877	-4.51754	-5.33295	-4.74933
4111.312	-4.80771	-4.55164	-3.78291	-4.77714
4115.386	-4.01495	-4.56465	-3.27289	-4.77822
4119.448	-3.85701	-4.59663	-3.31450	-4.81980
4123.307	-2.83638	-4.63281	-3.07535	-4.80138
4127.312	-2.58256	-4.57903	-2.92507	-4.78866
4131.339	-2.63019	-4.57094	-2.89136	-4.79250
4135.308	-2.80709	-4.55614	-2.97138	-4.81549
4139.303	-3.30428	-4.51467	-3.06098	-4.82697
4143.302	-3.32098	-4.50697	-2.95483	-4.78005
4147.296	-3.05152	-4.54294	-2.89770	-4.80223
4151.299	-2.99962	-4.52654	-2.78966	-4.82577
4155.308	-2.90225	-4.55495	-2.73348	-4.83642
4159.300	-2.83133	-4.54223	-2.61342	-4.87433
4163.304	-2.78790	-4.52092	-2.60515	-4.83734
4167.296	-2.79503	-4.48562	-2.58576	-4.82788
4171.305	-2.83719	-4.53715	-2.61275	-4.89042
4175.300	-2.77755	-4.49969	-2.66399	-4.92659
4179.344	-2.74811	-4.57496	-2.65055	-4.93229
4183.309	-2.73578	-4.58056	-2.58281	-4.92883
4187.307	-2.73321	-4.58760	-2.63915	-4.95820
4191.300	-2.66288	-4.59592	-2.63517	-4.95102
4195.321	-2.74031	-4.62530	-2.72224	-4.96304
4199.320	-2.77092	-4.64730	-2.74781	-4.99511
4203.319	-2.80706	-4.70394	-2.77718	-4.97254
4207.323	-2.85274	-4.69835	-2.80231	-4.95157
4211.302	-2.83600	-4.71952	-2.86037	-4.95182
4215.300	-2.86962	-4.74103	-2.86066	-4.98145
4219.295	-2.92785	-4.73374	-2.82999	-4.97498
4223.301	-3.00715	-4.68622	-2.78079	-5.00768
4227.300	-2.97270	-4.71962	-2.82028	-5.01441
4231.301	-2.93153	-4.75289	-2.80833	-5.02820
4235.327	-2.99252	-4.75096	-2.88987	-5.06818
4239.309	-2.94302	-4.72007	-2.87497	-5.06832
4243.307	-2.95973	-4.69118	-2.92510	-5.06207
4247.321	-2.93495	-4.66498	-2.95703	-5.04112
4251.320	-2.92804	-4.63833	-2.92490	-5.05621
4255.310	-2.93502	-4.61429	-2.91376	-5.05737
4259.303	-2.94225	-4.58085	-2.89406	-4.98904
4263.305	-2.94809	-4.60923	-2.93735	-4.94464
4267.300	-2.89569	-4.61946	-2.96690	-4.92325
4271.295	-2.94812	-4.60368	-2.97797	-4.89758
4275.304	-3.00467	-4.59277	-2.97039	-4.82560
4279.300	-3.05157	-4.59758	-2.92671	-4.79535
4283.296	-3.08337	-4.64643	-2.92463	-4.73735
4287.301	-3.11732	-4.69289	-2.91512	-4.71360
4291.301	-3.14907	-4.71867	-2.92044	-4.71804
4295.295	-3.14746	-4.72632	-2.95384	-4.70060
4299.304	-3.12754	-4.73750	-2.98294	-4.70945
4303.298	-3.14214	-4.73948	-3.04041	-4.76901
4307.300	-3.14518	-4.73215	-3.05818	-4.77963
4311.295	-3.14234	-4.75818	-3.11566	-4.81056
4315.320	-3.10728	-4.78936	-3.04932	-4.76942
4319.322	-2.33653	-4.73807	-2.66880	-4.77991
4323.300	-0.17494	-4.54211	-1.45222	-4.78999
4327.298	0.46366	-4.47363	0.13146	-4.76545
4331.295	0.93299	-4.33647	0.37725	-4.71916
4335.304	1.04138	-4.16102	0.46855	-4.63745
4339.303	0.89455	-4.02260	0.30583	-4.64635
4343.303	0.71655	-3.90858	0.17037	-4.55026
4347.302	0.56935	-3.93179	-0.10307	-4.53257
4351.299	0.36844	-3.94469	-0.05204	-4.43739
4355.332	0.30811	-3.94907	0.01447	-4.38809
4359.304	0.45413	-3.97111	0.01238	-4.35478
4363.306	0.54379	-3.99049	-0.00814	-4.27811
4367.300	0.63404	-4.02640	0.07423	-4.24386
4371.315	0.59523	-4.08253	0.03718	-4.18692
4375.300	0.51828	-4.11311	0.00663	-4.17800
4379.298	0.48468	-4.19317	-0.02849	-4.20106
4383.307	0.49403	-4.23800	0.02288	-4.23022
4387.297	0.52016	-4.18173	0.05400	-4.27228
4391.308	0.55843	-4.11106	0.10188	-4.28955
4395.298	0.58203	-4.09441	0.11255	-4.30190
4399.300	0.70608	-3.93075	0.16352	-4.31168
4403.291	0.71141	-3.88578	0.16146	-4.35516
4407.300	0.72980	-3.77611	0.19780	-4.37808
4411.297	0.74012	-3.75280	0.17628	-4.36551
4415.299	0.72441	-3.74662	0.18015	-4.34681
4419.291	0.72089	-3.63191	0.16846	-4.29705
4423.300	0.68283	-3.65149	0.14374	-4.26204
4427.297	0.68943	-3.62907	0.09939	-4.15350
4431.297	0.69548	-3.58060	0.04830	-4.06584
4435.291	0.64764	-3.58173	0.04507	-4.02029
4439.307	0.65168	-3.60618	-0.03251	-4.02247
4443.297	0.59712	-3.65358	-0.06182	-3.97229
4447.296	0.56146	-3.70087	-0.07031	-3.95323
4451.325	0.49848	-3.74317	-0.12141	-3.92515
4455.360	0.46088	-3.78493	-0.18668	-3.88863
4459.325	0.44425	-3.78726	-0.20202	-3.86191
4463.300	0.34796	-3.79604	-0.25202	-3.86925
4467.306	0.28567	-3.76645	-0.27178	-3.86177
4471.309	0.24242	-3.76245	-0.26421	-3.85918
4475.301	0.19755	-3.77810	-0.28024	-3.85266
4479.313	0.23046	-3.78269	-0.29158	-3.85946
4483.309	0.16479	-3.74035	-0.25344	-3.84122
4487.309	0.17710	-3.73550	-0.08500	-3.76931
4491.298	0.16988	-2.73723	-0.22537	-3.70112
4495.293	0.12076	-2.01806	-3.54823	-3.57577
4499.301	1.13712	-2.99547	-3.86259	-2.66129
4503.299	1.43548	-2.45541	-4.39247	-1.44570
4507.296	2.00742	-2.55758	-0.16923	13.87566
4511.292	2.22262	-0.72082	NaN	NaN
4515.320	-3.57567	-1.01040	NaN	NaN
4519.353	2.11423	12.00245	NaN	NaN
4523.320	1.23439	7.75957	NaN	NaN
4527.297	7.32404	5.97838	NaN	NaN
4531.304	NaN	NaN	NaN	NaN
4535.299	NaN	NaN	NaN	NaN
4539.307	NaN	NaN	NaN	NaN
4543.298	NaN	NaN	NaN	NaN
4547.297	NaN	NaN	NaN	NaN
4551.288	NaN	NaN	NaN	NaN
4555.297	NaN	NaN	NaN	NaN
4559.297	NaN	NaN	NaN	NaN
4563.296	NaN	NaN	NaN	NaN
4567.296	NaN	NaN	NaN	NaN
4571.324	NaN	NaN	NaN	NaN
4575.300	NaN	NaN	NaN	NaN
4579.289	4.55228	10.73703	NaN	NaN
4583.297	4.48332	9.36048	NaN	NaN
4587.309	2.57984	3.35682	NaN	NaN
4591.296	2.76938	5.74942	-3.34855	12.74857
4595.289	2.10907	1.11888	NaN	NaN
4599.307	2.10969	-1.54000	NaN	NaN
4603.295	1.85289	-1.78886	NaN	NaN
4607.295	1.74377	-1.50616	-6.23015	12.75545
4611.288	1.58180	-1.83607	3.78442	-0.89376
4615.296	1.36251	-2.10395	-3.76314	-2.92895
4619.297	1.93931	-2.11435	0.48257	-2.14944
4623.296	2.31534	-2.02931	-3.20761	-1.37120
4627.289	1.94084	-1.95953	-3.09060	-2.45177
4631.296	1.81738	-1.82515	-0.08679	-2.42487
4635.301	1.57788	-1.87453	-0.59682	-2.64397
4639.290	1.59164	-1.89005	0.80074	-2.55335
4643.295	1.49666	-1.85391	1.21720	-2.74217
4647.298	1.48235	-1.89826	1.35172	-2.76614
4651.299	1.49507	-1.86979	1.40948	-2.90316
4655.301	1.46440	-1.88907	1.47536	-2.90296
4659.293	1.51467	-1.88273	1.70355	-2.94039
4663.292	1.36194	-1.89851	1.49083	-2.98526
4667.298	1.29933	-1.97576	1.56645	-3.00228
4671.297	1.21100	-2.01515	1.52144	-3.04879
4675.293	1.25602	-2.11816	1.53235	-3.13600
4679.293	1.25600	-2.13230	1.58316	-3.18204
4683.288	1.22566	-2.12987	1.67281	-3.23645
4687.300	1.25302	-2.17869	1.61128	-3.26980
4691.293	1.20425	-2.22559	1.63283	-3.32123
4695.296	1.19849	-2.24274	1.62547	-3.34635
4699.299	1.14588	-2.26823	1.56744	-3.34981
4703.294	1.11732	-2.27939	1.54594	-3.36175
4707.293	1.07699	-2.27565	1.56429	-3.40083
4711.297	1.10150	-2.25214	1.55360	-3.41921
4715.293	1.13278	-2.25500	1.55893	-3.44358
4719.318	1.06230	-2.23816	1.58998	-3.43794
4723.338	1.01799	-2.25518	1.58718	-3.45641
4727.295	0.99018	-2.29199	1.55507	-3.47789
4731.295	0.99417	-2.34296	1.59112	-3.49758
4735.291	0.99209	-2.39643	1.59390	-3.51631
4739.287	0.96353	-2.46424	1.60097	-3.50425
4743.327	0.98224	-2.50397	1.62733	-3.50631
4747.298	0.96770	-2.50282	1.66033	-3.54537
4751.315	0.97670	-2.53589	1.66874	-3.52311
4755.291	0.96063	-2.56462	1.65820	-3.45446
4759.292	0.95708	-2.61739	1.65019	-3.40499
4763.289	0.98271	-2.65580	1.61954	-3.32093
4767.299	0.99755	-2.66644	1.59311	-3.20055
4771.292	1.01161	-2.66948	1.56680	-3.13831
4775.312	1.03483	-2.65112	1.53441	-3.03031
4779.298	1.08195	-2.63650	1.48627	-2.87004
4783.297	1.20576	-2.65401	1.46149	-2.78983
4787.295	1.21804	-2.68489	1.42580	-2.69396
4791.355	1.29206	-2.73119	1.42848	-2.62113
4795.375	1.38605	-2.76343	1.42332	-2.52705
4799.313	1.47739	-2.78483	1.42940	-2.44894
4803.294	1.59308	-2.82990	1.44822	-2.38308
4807.301	1.60050	-2.82593	1.44669	-2.35925
4811.297	1.64347	-2.83028	1.43875	-2.31537
4815.297	1.56603	-2.86314	1.42846	-2.29643
4819.292	1.63457	-2.88943	1.39867	-2.28309
4823.313	1.68369	-2.88555	1.35144	-2.34142
4827.290	1.67169	-2.84689	1.33984	-2.35539
4831.296	1.61932	-2.81019	1.32275	-2.40908
4835.289	1.66301	-2.73309	1.27691	-2.37966
4839.289	1.58713	-2.72427	1.28338	-2.39314
4843.285	1.60866	-2.60886	1.25366	-2.40247
4847.294	1.57327	-2.49861	1.20730	-2.32307
4851.290	1.53453	-2.47119	1.18230	-2.19612
4855.293	1.52813	-2.41060	1.19123	-2.11397
4859.298	1.58284	-2.40067	1.24453	-2.17681
4863.363	1.57178	-2.39599	1.38681	-2.12360
4867.321	1.58827	-2.34749	1.45552	-2.04656
4871.293	1.57171	-2.29422	1.44294	-1.93021
4875.304	1.57362	-2.29303	1.53228	-1.88117
4879.302	1.54453	-2.28222	1.54381	-1.79310
4883.292	1.52962	-2.20277	1.45824	-1.75815
4887.297	1.47484	-2.12347	1.53089	-1.73590
4891.290	1.43863	-2.06995	1.55827	-1.72228
4895.289	1.45080	-2.04480	1.58569	-1.73767
4899.296	1.40770	-2.01666	1.60690	-1.72045
4903.292	1.40720	-1.99306	1.54324	-1.71341
4907.289	1.38292	-1.90986	1.52121	-1.64185
4911.286	1.38054	-1.87041	1.48711	-1.62467
4915.296	1.39086	-1.83315	1.48806	-1.63522
4919.295	1.41866	-1.84219	1.46132	-1.67490
4923.310	1.39656	-1.82074	1.45986	-1.67498
4927.290	1.42394	-1.82878	1.47940	-1.65747
4931.317	1.42320	-1.85380	1.46278	-1.68478
4935.298	1.41464	-1.89137	1.47404	-1.69222
4939.294	1.37895	-1.89291	1.46541	-1.68753
4943.295	1.29757	-1.90551	1.44426	-1.72825
4947.341	1.27192	-1.90843	1.46613	-1.74760
4951.288	1.15387	-1.89142	1.47873	-1.76630
4955.289	1.06376	-1.87502	1.50509	-1.77963
4959.165	0.98333	-1.88596	1.48873	-1.76835
4963.164	1.00623	-1.84172	1.47119	-1.71612
4967.165	0.98271	-1.84724	1.43515	-1.71126
4971.164	0.95172	-1.81839	1.44403	-1.69857
4975.163	1.01417	-1.79607	1.44346	-1.70249
4979.158	1.01067	-1.78659	1.41834	-1.70333
4983.165	1.10931	-1.83558	1.41608	-1.72185
4987.166	1.08083	-1.81783	1.39140	-1.73244
4991.163	1.25659	-1.83896	1.35886	-1.77001
4995.189	1.33046	-1.86131	1.26944	-1.75853
4999.172	1.42233	-1.89789	1.25949	-1.74112
5003.182	1.41253	-1.91361	1.26619	-1.77482
5007.182	1.42491	-1.93898	1.29958	-1.77686
5011.162	1.47655	-1.90715	1.33396	-1.78117
5015.160	1.53056	-1.91440	1.35774	-1.85365
5019.162	1.64228	-1.89251	1.33287	-1.84076
5023.166	1.58559	-1.93239	1.32910	-1.86700
5027.162	1.40519	-1.89872	1.33076	-1.85816
5031.162	1.53307	-1.85311	1.40408	-1.83540
5035.167	1.30809	-1.89414	1.41206	-1.71229
5039.168	1.36345	-1.91256	1.44036	-1.69331
5043.171	1.48034	-1.92055	1.39507	-1.68096
5047.169	1.43949	-1.92830	1.37846	-1.65625
5051.167	1.34323	-1.93833	1.31002	-1.67715
5055.161	1.25533	-2.02596	1.29199	-1.63332
5059.157	1.16652	-2.04762	1.28561	-1.67019
5063.182	1.16277	-2.08193	1.30960	-1.64197
5067.163	1.22390	-2.05931	1.24525	-1.67064
5071.168	1.36935	-2.00252	1.22968	-1.63125
5075.157	1.28135	-2.01656	1.20494	-1.64924
5079.168	1.28172	-2.01239	1.24399	-1.68575
5083.160	1.21120	-2.09711	1.19921	-1.84083
5087.163	1.17384	-3.85965	1.24168	-3.55053
5091.165	1.02603	-5.62046	1.20197	-5.36760
5095.160	0.96365	-6.63233	1.15947	-5.88330
5099.161	0.93376	-6.68614	1.19681	-6.54459
5103.159	1.14484	-6.72574	1.18383	-6.40634
5107.163	1.26111	-6.97476	1.23990	-6.93073
5111.160	1.15186	-7.22570	1.33083	-7.22314
5115.161	1.23201	-7.39443	1.42962	-7.21683
5119.156	1.47365	-7.14783	1.50899	-7.26869
5123.188	1.62485	-7.10810	1.44408	-7.32521
5127.160	1.42640	-7.07822	1.47489	-7.26839
5131.182	1.41834	-7.04626	1.29975	-7.36580
5135.165	1.59422	-7.07486	1.21159	-7.48748
5139.160	1.68989	-7.13254	1.32195	-7.60838
5143.155	1.67085	-7.11935	1.24146	-7.63056
5147.162	1.70281	-7.11831	1.21283	-7.63842
5151.161	1.73470	-7.06348	1.17106	-7.67370
5155.161	1.76859	-7.01454	1.12871	-7.71820
5159.162	1.81369	-6.96693	1.06071	-7.73647
5163.160	1.81934	-6.93233	1.03945	-7.76426
5167.160	1.79237	-6.92154	1.03702	-7.76265
5171.186	1.79695	-6.92619	0.97427	-7.80034
5175.169	1.83439	-6.96697	1.01429	-7.81575
5179.177	1.85284	-6.94294	1.04081	-7.76996
5183.166	1.88916	-6.90800	1.05158	-7.70202
5187.156	1.91913	-6.90682	1.10988	-7.65166
5191.167	1.91412	-6.89620	1.08805	-7.65996
5195.207	1.89808	-6.91604	1.11782	-7.63987
5199.176	1.82574	-6.93460	1.10708	-7.60751
5203.221	1.82224	-6.97154	1.06081	-7.57670
5207.187	1.79103	-7.01695	1.12380	-7.56963
5211.164	1.79130	-7.03677	1.12201	-7.56829
5215.170	1.78825	-7.03639	1.16709	-7.56754
5219.165	1.80256	-7.11021	1.17351	-7.54450
5223.163	1.79162	-7.12651	1.23198	-7.57435
5227.162	1.77965	-7.14360	1.22658	-7.60744
5231.160	1.75721	-7.15110	1.18205	-7.61600
5235.153	1.74154	-7.13345	1.20881	-7.62079
5239.161	1.71546	-7.16267	1.17408	-7.60780
5243.158	1.76361	-7.18917	1.21564	-7.60510
5247.159	1.79430	-7.24158	1.25964	-7.58791
5251.163	1.82633	-7.26387	1.25299	-7.57526
5255.164	1.84808	-7.26857	1.27527	-7.58462
5259.157	1.76024	-7.26073	1.29975	-7.56539
5263.157	1.71494	-7.26286	1.32622	-7.58423
5267.184	1.72498	-7.23581	1.29067	-7.55926
5271.160	1.69403	-7.26912	1.27425	-7.55584
5275.154	1.65778	-7.35573	1.23898	-7.49087
5279.165	1.61441	-7.39735	1.16823	-7.42238
5283.159	1.63110	-7.39059	1.12742	-7.36785
5287.158	1.76619	-7.41390	1.10432	-7.35347
5291.153	1.65456	-7.39192	1.05071	-7.26848
5295.164	1.61431	-7.51313	0.99879	-7.23672
5299.159	1.63963	-7.89578	1.01258	-7.20705
5303.158	1.60526	-8.42255	0.99583	-7.76507
5307.163	1.61808	-9.39534	1.12325	-8.25211
5311.162	1.72468	-9.74610	1.07825	-8.76831
5315.187	1.81922	-9.53895	1.08877	-8.99041
5319.151	2.13418	-9.65820	1.14719	-9.08616
5323.162	2.32156	-9.66266	1.21720	-8.98867
5327.163	2.03524	-8.91659	1.20403	-8.89751
5331.155	2.11752	-9.02397	1.22913	-8.81693
5335.166	2.22381	-9.04476	1.32582	-8.81697
5339.170	2.42205	-9.23343	1.33331	-8.84542
5343.156	2.36103	-9.31263	1.34589	-8.82900
5347.155	2.30962	-9.26271	1.34921	-8.83530
5351.161	2.35246	-9.39250	1.32934	-8.90325
5355.158	2.20396	-9.48322	1.32093	-8.91325
5359.152	2.28643	-9.55232	1.32629	-8.91955
5363.164	2.27223	-9.45899	1.32359	-8.91236
5367.156	2.23043	-9.41687	1.30707	-8.92357
5371.156	2.13259	-9.55464	1.29318	-9.00214
5375.155	2.17038	-9.60154	1.28894	-9.05182
5379.160	1.98583	-9.70741	1.23074	-9.15484
5383.159	2.03888	-9.72279	1.22084	-9.17509
5387.152	1.94419	-9.74883	1.22613	-9.17529
5391.160	1.89325	-9.84170	1.18545	-9.22414
5395.157	1.84329	-9.81748	1.15478	-9.22922
5399.155	1.88407	-9.86806	1.16188	-9.24854
5403.161	1.76961	-9.82802	1.07892	-9.27309
5407.245	1.77918	-9.71713	1.11077	-9.28522
5411.186	1.75384	-9.74590	1.11502	-9.29609
5415.160	1.83397	-9.87349	1.12983	-9.28816
5419.165	1.72123	-9.90330	1.16540	-9.30474
5423.170	1.75976	-9.88020	1.14531	-9.29607
5427.157	1.78426	-9.98311	1.21030	-9.32092
5431.155	1.84746	-10.06613	1.20003	-9.34024
5435.159	2.02346	-10.27149	1.19574	-9.31676
5439.155	1.95443	-10.40013	1.18324	-9.31787
5443.157	1.89335	-10.41638	1.12400	-9.29123
5447.159	2.01092	-10.35836	1.17036	-9.27796
5451.155	2.03761	-10.46721	1.12417	-9.26483
5455.149	1.96045	-10.37066	1.07857	-9.23369
5459.162	1.83290	-10.42764	1.05121	-9.16502
5463.167	1.93698	-10.27040	1.03717	-9.16731
5467.156	2.00899	-10.25773	0.99159	-9.13184
5471.158	2.02096	-10.22391	0.93837	-9.10148
5475.185	2.05159	-10.10807	0.86954	-9.11873
5479.162	1.90596	-10.02920	0.95899	-9.15411
5483.163	1.93881	-9.87681	0.94748	-9.18049
5487.156	2.01598	-9.78576	0.97797	-9.23645
5491.174	1.94888	-9.68265	0.90877	-9.26050
5495.158	2.01875	-9.66338	0.89307	-9.30528
5499.155	2.04696	-9.54351	1.00695	-9.24225
5503.149	2.18005	-9.53117	1.03233	-9.27962
5507.157	2.16436	-9.46769	1.12127	-9.23659
5511.157	2.12540	-9.46333	1.10326	-9.23485
5515.176	2.12419	-9.43092	1.17379	-9.21251
5519.156	2.12999	-9.43554	1.20068	-9.17226
5523.153	2.12823	-9.45346	1.21946	-9.15578
5527.151	2.20337	-9.48953	1.24803	-9.12817
5531.156	2.20416	-9.54254	1.34755	-9.05251
5535.152	2.19549	-9.55266	1.38384	-8.98244
5539.155	2.19767	-9.60031	1.42181	-8.92046
5543.229	2.24874	-8.17025	1.46395	-8.52689
5547.186	2.14340	-6.53755	1.47206	-6.95905
5551.167	2.01384	-4.01797	1.53540	-4.95077
5555.155	1.92694	-3.34867	1.43483	-2.97828
5559.148	1.81857	-1.65885	1.31716	-1.85184
5563.158	1.56548	-0.78022	1.13786	-0.91007
5567.156	1.48255	-0.84420	1.16431	-0.26424
5571.155	1.52156	-0.97961	1.19294	-0.93377
5575.157	1.27954	-1.41512	1.03007	-1.78082
5579.159	1.25346	-1.49996	1.20688	-1.91575
5583.152	1.27418	-1.48021	1.24255	-1.76786
5587.155	1.20663	-1.49550	1.14303	-1.46469
5591.151	1.16022	-1.41140	1.15354	-1.26074
5595.152	1.12601	-1.37512	1.07579	-1.20186
5599.147	1.06399	-1.25327	0.89088	-0.78839
5603.157	1.00213	-1.04952	1.03109	-1.08697
5607.157	0.97561	-1.20081	1.20457	-0.86815
5611.237	0.99387	-1.09754	1.23327	-0.97382
5615.183	0.97375	-1.01600	1.17198	-1.05476
5619.155	1.03322	-1.17493	1.22194	-0.92092
5623.160	1.07500	-1.13116	1.10547	-0.90223
5627.168	1.05649	-1.24056	1.11851	-0.83384
5631.168	1.01940	-0.94577	1.18110	-0.87938
5635.159	1.08445	-0.96205	1.23498	-0.92094
5639.152	1.04979	-0.88441	1.22955	-0.86233
5643.150	1.11415	-0.97776	1.23747	-0.91850
5647.163	1.18210	-0.99485	1.28524	-0.92323
5651.152	1.28390	-0.80153	1.23657	-0.90234
5655.154	1.28353	-0.85895	1.17416	-0.95449
5659.151	1.22625	-0.77815	1.18371	-0.97336
5663.155	1.13960	-0.64620	1.22583	-1.01569
5667.148	1.17585	-0.66812	1.23171	-1.12131
5671.159	1.16386	-0.60615	1.23166	-1.13788
5675.156	1.10767	-0.58889	1.19462	-1.19096
5679.160	1.05927	-0.64842	1.14357	-1.17539
5683.154	1.02498	-0.70477	1.10192	-1.18201
5687.148	1.03813	-0.61571	1.12819	-1.15366
5691.155	0.89689	-0.73704	1.10120	-1.13249
5695.151	0.94522	-1.08364	1.09212	-1.19766
5699.152	0.96864	-1.00607	1.17483	-1.18851
5703.179	0.94328	-0.78317	1.18741	-1.16119
5707.149	0.96676	-0.81257	1.26185	-1.12264
5711.150	0.95539	-0.77839	1.28527	-1.06358
5715.157	1.02183	-0.83017	1.25815	-1.08937
5719.153	0.95693	-1.15760	1.27415	-1.06972
5723.150	0.93869	-1.07379	1.28698	-1.08766
5727.173	0.85466	-1.04699	1.30372	-1.05135
5731.157	0.91805	-0.92682	1.32981	-0.99844
5735.155	0.81947	-1.32709	1.26612	-1.04123
5739.158	1.04349	-0.99586	1.32230	-0.89356
5743.169	1.05141	-0.93496	1.28611	-0.97924
5747.154	1.09914	-1.10418	1.22288	-0.91329
5751.166	1.15362	-1.06291	1.22851	-1.00322
5755.156	0.99469	-1.11875	1.22474	-1.04167
5759.156	1.05213	-1.01163	1.19100	-1.00351
5763.148	1.07795	-0.93279	1.15828	-1.11841
5767.157	1.11519	-0.87242	1.19348	-0.97845
5771.153	1.03843	-0.87284	1.18830	-1.06905
5775.152	0.87468	-0.99087	1.22013	-1.06979
5779.145	0.97594	-0.98036	1.25629	-1.02107
5783.152	1.06982	-1.03823	1.28378	-1.06273
5787.149	1.10561	-1.11476	1.39483	-1.09591
5791.149	1.14997	-1.08476	1.31865	-1.03098
5795.143	1.16654	-1.10927	1.30476	-1.15928
5799.155	1.12298	-1.14418	1.25880	-1.16036
5803.149	1.15746	-1.19448	1.26733	-1.11531
5807.149	1.11747	-1.26800	1.27497	-1.10751
5811.149	1.13739	-1.29918	1.30248	-1.16529
5815.034	1.07133	-1.35382	1.32091	-1.19316
5819.151	1.16007	-1.39085	1.29797	-1.07358
5823.028	1.08051	-1.36891	1.28073	-1.03023
5827.147	1.11775	-1.31508	1.28598	-1.08310
5831.024	1.16190	-1.41461	1.25054	-1.26735
5835.027	1.18150	-1.50465	1.26867	-1.46681
5839.021	1.20862	-1.53120	1.31074	-1.79070
5843.029	1.21363	-1.76118	1.32096	-1.76282
5847.050	1.20666	-1.80985	1.33368	-1.67596
5851.039	1.20643	-1.79702	1.34385	-1.71599
5855.018	1.22204	-1.65146	1.35893	-1.65011
5859.032	1.30585	-1.59208	1.44865	-1.69529
5863.023	1.44954	-1.70847	1.51883	-1.71765
5867.024	1.43389	-1.63678	1.45619	-1.79352
5871.018	1.44999	-1.60886	1.42027	-1.82695
5875.027	1.47481	-1.69098	1.43684	-1.81646
5879.039	1.49976	-1.58289	1.46259	-1.86175
5883.032	1.50936	-1.53624	1.46737	-1.82388
5887.028	1.43488	-1.72084	1.48443	-1.79061
5891.025	1.50259	-1.70374	1.48590	-1.82344
5895.025	1.49949	-1.69734	1.45088	-1.82258
5899.024	1.51043	-1.68219	1.47853	-1.83487
5903.019	1.52022	-1.65314	1.42940	-1.89806
5907.027	1.55958	-1.68634	1.42290	-1.92412
5911.046	1.50185	-1.74442	1.41075	-1.92470
5915.025	1.53163	-1.74898	1.40041	-1.86875
5919.017	1.53604	-1.77514	1.36216	-1.81766
5923.025	1.55645	-1.69126	1.38257	-1.72306
5927.024	1.55068	-1.73403	1.41623	-1.79131
5931.022	1.53389	-1.78144	1.47318	-1.70436
5935.016	1.54118	-1.79096	1.45443	-1.66481
5939.028	1.45192	-1.72291	1.47920	-1.70835
5943.021	1.46695	-1.73315	1.38696	-1.66498
5947.021	1.49827	-1.79370	1.36037	-1.64653
5951.026	1.40132	-1.78415	1.37149	-1.69897
5955.021	1.40909	-1.82738	1.37161	-1.75002
5959.016	1.46653	-1.86885	1.36615	-1.78850
5963.024	1.41286	-1.85393	1.38815	-1.88603
5967.026	1.38996	-1.92169	1.38897	-1.94122
5971.022	1.35747	-1.89976	1.35159	-1.83355
5975.015	1.43912	-1.90944	1.28378	-1.85527
5979.024	1.45815	-1.91972	1.29112	-1.87162
5983.020	1.44884	-1.95430	1.24421	-1.64537
5987.025	1.47861	-2.01498	1.27023	-1.60973
5991.048	1.47541	-2.03044	1.28497	-1.65438
5995.031	1.47092	-2.07599	1.26537	-1.53208
5999.026	1.48310	-2.13852	1.24898	-1.49746
6003.023	1.44443	-2.12335	1.33207	-1.46916
6007.043	1.49321	-2.17133	1.31488	-1.36812
6011.031	1.49036	-2.16235	1.31838	-1.31908
6015.045	1.47928	-2.19273	1.29412	-1.33496
6019.026	1.44284	-2.18348	1.16793	-1.37051
6023.019	1.44865	-2.19903	1.15079	-1.35246
6027.027	1.50948	-2.22420	1.08420	-1.36441
6031.024	1.51179	-2.21087	1.13866	-1.44568
6035.024	1.50981	-2.19505	1.14543	-1.56554
6039.042	1.53711	-2.16263	1.17758	-1.64496
6043.038	1.53624	-2.08501	1.22558	-1.62252
6047.020	1.53659	-2.01337	1.15245	-1.72525
6051.028	1.50247	-1.99983	1.11303	-1.74694
6055.019	1.51251	-1.94846	1.05111	-1.84998
6059.029	1.58148	-1.98425	1.05659	-1.84626
6063.018	1.64466	-1.98565	1.05391	-1.79625
6067.023	1.62867	-1.95515	1.06977	-1.81709
6071.018	1.59591	-1.80685	1.17220	-1.80064
6075.019	1.51826	-1.87114	1.19978	-1.79896
6079.023	1.45403	-1.90973	1.27083	-1.75111
6083.227	1.28512	-1.93855	1.32972	-1.74943
6087.030	1.19688	-1.99779	1.37888	-1.86450
6091.024	1.28256	-2.01691	1.34802	-1.82397
6095.015	1.27475	-1.98654	1.30662	-1.76625
6099.023	1.11340	-2.06711	1.44051	-1.78923
6103.018	1.13526	-2.03684	1.39202	-1.75170
6107.046	1.15545	-2.04145	1.45698	-1.82352
6111.014	1.17071	-2.05223	1.46142	-1.81741
6115.021	1.13494	-2.07193	1.43243	-1.85270
6119.017	1.14119	-2.05121	1.45088	-1.86625
6123.019	1.14285	-2.02937	1.33738	-1.93471
6127.021	1.19058	-2.05854	1.31992	-1.86678
6131.019	1.16711	-2.06513	1.20586	-1.79906
6135.024	1.20162	-2.11746	1.22392	-1.75013
6139.023	1.13129	-2.13736	1.25242	-1.78612
6143.020	1.02843	-2.14152	1.24687	-1.83077
6147.015	1.25148	-2.10561	1.22863	-1.86853
6151.035	1.27192	-2.02682	1.25907	-1.75604
6155.036	1.30107	-1.84453	1.26894	-1.78983
6159.018	1.38294	-1.90765	1.24260	-1.87123
6163.018	1.32503	-1.95244	1.18609	-1.81302
6167.044	1.52446	-1.88632	1.23345	-1.71579
6171.029	1.53535	-1.82283	1.23987	-1.69303
6175.025	1.54512	-1.78843	1.24709	-1.77781
6179.026	1.55673	-1.88070	1.23660	-1.78638
6183.019	1.46918	-1.85798	1.27822	-1.80660
6187.038	1.34522	-1.82725	1.30776	-1.81117
6191.019	1.44793	-1.92502	1.26624	-1.79184
6195.018	1.32314	-2.03983	1.26795	-1.83058
6199.053	1.57724	-1.96140	1.24813	-1.83747
6203.028	1.55333	-2.02727	1.20286	-1.86972
6207.022	1.52362	-2.04769	1.30881	-1.89850
6211.026	1.50499	-2.06353	1.32736	-1.96239
6215.022	1.36739	-2.06378	1.34681	-1.96398
6219.038	1.35139	-2.15499	1.36184	-1.88883
6223.023	1.30223	-2.21844	1.28847	-1.81739
6227.021	1.22526	-2.28536	1.27180	-1.83877
6231.015	1.27720	-2.32552	1.19837	-1.76923
6235.025	1.29310	-2.28113	1.23880	-1.78737
6239.025	1.37965	-2.29677	1.27648	-1.75071
6243.024	1.34829	-2.23269	1.28184	-1.69844
6247.018	1.20132	-2.32444	1.31749	-1.72854
6251.021	0.80930	-2.70600	1.06833	-2.39697
6255.021	0.07698	-4.44057	0.94708	-3.87793
6259.033	-0.30287	-4.98601	0.88379	-4.83719
6263.025	-0.10585	-6.02080	0.57086	-5.51157
6267.026	-0.30491	-6.94872	0.44544	-5.91869
6271.022	-0.18839	-6.40449	-0.05703	-6.32375
6275.021	-0.48086	-6.73754	-0.12722	-6.37518
6279.025	-0.53582	-6.94739	-0.74531	-6.64165
6283.021	-0.62057	-7.16539	-0.58992	-6.68696
6287.052	-0.60084	-6.99774	-0.75206	-6.75181
6291.025	-0.63302	-7.02529	-0.46192	-6.66658
6295.041	-0.60789	-6.98101	-0.55173	-6.44536
6299.024	-0.63699	-6.89947	-0.74625	-6.27724
6303.019	-0.64223	-6.89091	-0.92552	-6.44803
6307.025	-0.66657	-6.99051	-1.14476	-6.58319
6311.023	-0.72119	-7.01003	-1.11482	-6.67324
6315.023	-0.71533	-7.00968	-1.17351	-6.72038
6319.020	-0.67171	-7.00710	-1.19423	-6.65374
6323.028	-0.64573	-6.96366	-1.14637	-6.70280
6327.022	-0.61890	-6.86050	-1.09356	-6.64429
6331.016	-0.61235	-6.85656	-1.14950	-6.63841
6335.022	-0.60841	-6.80699	-1.22672	-6.66278
6339.021	-0.64645	-6.82637	-1.20050	-6.73391
6343.027	-0.71876	-6.98916	-1.23253	-6.81382
6347.022	-0.72913	-6.96674	-1.28063	-6.93899
6351.018	-0.69109	-6.98577	-1.13980	-6.83957
6355.037	-0.69958	-7.08566	-1.07550	-6.80726
6359.023	-0.66417	-6.73598	-1.08356	-6.81694
6363.022	-0.68737	-6.57521	-1.11459	-6.81192
6367.015	-0.74312	-6.65715	-1.11281	-6.77866
6371.024	-0.72965	-6.73689	-1.08224	-6.68118
6375.019	-0.72831	-6.82924	-1.14067	-6.69642
6379.022	-0.69992	-6.92142	-1.09415	-6.73431
6383.015	-0.69454	-6.91520	-1.16590	-6.79960
6387.019	-0.67186	-7.00435	-1.26207	-6.78714
6391.021	-0.66211	-7.02623	-1.23221	-6.73530
6395.024	-0.65283	-7.10518	-1.31791	-6.74755
6399.014	-0.65920	-6.96447	-1.26706	-6.71417
6403.019	-0.67260	-6.94148	-1.37764	-6.75795
6407.018	-0.72300	-7.06270	-1.33192	-6.68589
6411.023	-0.72111	-7.06334	-1.39143	-6.67073
6415.019	-0.68461	-6.95204	-1.35526	-6.76097
6419.020	-0.68357	-7.06036	-1.36206	-6.79050
6423.059	-0.71290	-7.06930	-1.37459	-6.79683
6427.043	-0.70838	-7.06297	-1.30962	-6.77264
6431.024	-0.70441	-7.00022	-1.25384	-6.70418
6435.022	-0.69655	-6.82292	-1.23776	-6.69665
6439.018	-0.70072	-6.91684	-1.20266	-6.63634
6443.022	-0.62424	-6.91129	-1.16773	-6.56523
6447.017	-0.58937	-6.85018	-1.12844	-6.55500
6451.020	-0.57851	-6.90057	-1.04061	-6.56644
6455.013	-0.51068	-6.80994	-1.13375	-6.56570
6459.024	-0.52391	-6.81745	-1.08731	-6.55607
6463.020	-0.51205	-6.82729	-1.04057	-6.57419
6467.023	-0.53371	-6.94675	-1.00839	-6.55302
6471.012	-0.53905	-6.86280	-1.16203	-6.54078
6475.025	-0.54252	-6.65895	-1.03268	-6.53735
6479.018	-0.49043	-6.89827	-1.04260	-6.53027
6483.020	-0.41318	-6.84548	-1.00883	-6.47677
6487.011	-0.43281	-6.73166	-0.96343	-6.49997
6491.057	-0.39420	-6.67845	-0.95137	-6.48478
6495.020	-0.44435	-6.66603	-0.96929	-6.53829
6499.016	-0.50458	-6.80902	-0.91252	-6.48966
6503.025	-0.48666	-6.86273	-0.89833	-6.41491
6507.018	-0.53404	-6.61096	-0.91244	-6.35322
6511.020	-0.46011	-6.69416	-1.01290	-6.39171
6515.017	-0.48887	-6.65457	-1.00906	-6.41206
6519.017	-0.47689	-6.76453	-1.03322	-6.35645
6523.012	-0.58898	-6.81316	-0.96147	-6.34785
6527.020	-0.60037	-6.83907	-0.96169	-6.33509
6531.020	-0.63883	-7.05859	-1.03248	-6.28886
6535.016	-0.65387	-6.95662	-1.01060	-6.38457
6539.011	-0.63166	-6.93295	-1.09172	-6.46134
6543.021	-0.62684	-6.88111	-1.11489	-6.43723
6547.017	-0.62814	-6.77700	-1.11271	-6.50778
6551.024	-0.54848	-6.84968	-1.12797	-6.48207
6555.018	-0.45865	-7.10121	-1.08897	-6.55901
6559.049	-0.59523	-6.75491	-1.03997	-6.49481
6563.114	-0.52873	-7.06543	-1.02590	-6.53528
6567.031	-0.45688	-7.09003	-1.07130	-6.52126
6571.015	-0.14044	-6.90210	-1.11866	-6.48753
6575.017	-0.27622	-6.92719	-1.12901	-6.58685
6579.017	-0.42606	-7.18958	-1.10452	-6.57197
6583.021	-0.50957	-6.82138	-1.09991	-6.51774
6587.016	-0.61828	-6.70090	-1.01975	-6.50967
6591.027	-0.52168	-7.02053	-0.98087	-6.44683
6595.024	-0.34777	-6.95219	-0.98549	-6.47064
6599.023	-0.54297	-6.87200	-1.20931	-6.47749
6603.012	-0.43723	-6.72271	-1.06384	-6.49121
6607.011	-0.58434	-6.70621	-0.98330	-6.44623
6611.007	-0.44314	-6.68908	-0.84309	-6.39564
6615.021	-0.03184	-6.38794	-0.76702	-6.25254
6619.011	1.18408	-5.28992	-0.49066	-5.10265
6623.013	0.85175	-3.94701	-0.15131	-4.44029
6627.016	0.79496	-4.02320	-0.21100	-3.89422
6631.078	0.29771	-4.04455	-0.37727	-4.03544
6635.029	0.49872	-4.08428	-0.16918	-4.07336
6639.015	0.25604	-4.02846	-0.03335	-4.16593
6643.010	0.49200	-4.25191	0.03293	-4.48284
6647.009	0.69451	-4.69167	-0.02675	-4.55142
6651.012	0.68672	-4.66665	0.05475	-4.24045
6655.006	0.72863	-4.40287	0.12014	-4.24460
6659.014	0.63920	-4.33112	0.15491	-4.28282
6663.009	0.59846	-4.11961	0.08728	-4.27418
6667.010	0.56280	-4.10945	0.07294	-4.26442
6670.881	0.56977	-4.00071	0.09130	-4.31683
6674.891	0.59228	-4.14695	0.13545	-4.38296
6679.009	0.54850	-4.16322	0.12178	-4.31801
6682.895	0.59151	-4.16248	0.13002	-4.29253
6686.881	0.63528	-4.15577	0.11850	-4.29375
6690.887	0.57461	-4.14299	0.13124	-4.20453
6694.902	0.52098	-4.23217	0.12297	-4.20115
6698.889	0.51118	-4.27602	0.13637	-4.19314
6702.909	0.53726	-4.31338	0.10396	-4.18274
6706.884	0.56359	-4.32041	0.12736	-4.14761
6710.885	0.59191	-4.23296	0.14801	-4.17119
6714.886	0.60823	-4.34948	0.12275	-4.12951
6718.879	0.59838	-4.37130	0.08016	-4.15374
6722.886	0.63116	-4.34926	0.09882	-4.17952
6726.882	0.63394	-4.45518	0.08093	-4.27717
6730.885	0.65188	-4.52883	0.04095	-4.17365
6734.884	0.72173	-4.45833	0.03063	-4.19389
6738.890	0.74357	-4.19925	-0.00958	-4.26173
6742.882	0.74680	-3.99187	-0.00928	-4.22533
6746.885	0.77280	-4.00836	0.05964	-4.06354
6750.888	0.76163	-3.99843	-0.02323	-3.95019
6754.882	0.77044	-3.88462	0.08934	-3.15362
6758.887	0.68762	-3.79665	-2.13472	-3.65800
6762.909	0.59466	-3.32198	-5.15130	-3.31420
6766.885	2.80971	-3.16917	-1.96110	-1.72201
6770.878	3.18883	-2.98351	-7.32841	12.08057
6774.884	0.96512	-3.04063	2.75363	-1.89921
6778.885	-0.72642	-1.77811	NaN	NaN
6782.883	3.20981	13.90827	NaN	NaN
6786.884	NaN	NaN	NaN	NaN
6790.881	NaN	NaN	NaN	NaN
6794.889	NaN	NaN	NaN	NaN
6798.883	NaN	NaN	NaN	NaN
6802.886	NaN	NaN	NaN	NaN
6806.938	NaN	NaN	NaN	NaN
6810.886	NaN	NaN	NaN	NaN
6814.894	NaN	NaN	NaN	NaN
6819.029	NaN	NaN	NaN	NaN
6823.227	NaN	NaN	NaN	NaN
6827.363	NaN	NaN	NaN	NaN
6832.336	NaN	NaN	NaN	NaN
6836.505	NaN	NaN	NaN	NaN
6840.594	NaN	NaN	NaN	NaN
6844.687	NaN	NaN	NaN	NaN
6848.799	NaN	NaN	NaN	NaN
6852.894	NaN	NaN	NaN	NaN
6856.549	NaN	NaN	NaN	NaN
6860.121	NaN	NaN	NaN	NaN
6864.157	NaN	NaN	NaN	NaN
6866.890	NaN	NaN	NaN	NaN
6870.883	NaN	NaN	NaN	NaN
6874.886	8.02964	14.62956	NaN	NaN
6878.877	-3.45655	7.02078	NaN	NaN
6882.890	2.52312	13.06387	NaN	NaN
6886.882	3.19778	8.23194	NaN	NaN
6890.876	1.21474	0.64879	NaN	NaN
6894.882	-0.88813	-1.59911	NaN	NaN
6898.915	-2.58432	12.62630	NaN	NaN
6902.887	3.23803	-1.06981	NaN	NaN
6906.880	1.73651	-1.68024	-6.22194	8.08580
6910.890	-0.33781	-1.96223	NaN	NaN
6914.887	0.16846	-2.29378	NaN	NaN
6918.886	0.31168	-2.56122	-4.50976	2.92363
6922.881	0.53359	-2.63856	-2.11856	-0.72389
6926.889	0.93443	-2.46111	-2.21829	-3.29884
6930.887	0.30017	-2.70157	-2.02542	-2.65537
6934.885	0.57081	-2.86494	-3.43284	-3.53282
6938.880	0.47192	-2.63522	-4.60362	-2.89083
6942.889	0.81714	-2.91398	-4.77195	-3.45241
6946.898	0.50996	-2.91895	-4.96186	-3.62407
6950.889	0.44663	-2.84305	-4.67207	-3.67828
6954.887	0.18186	-2.81556	-2.45976	-3.11374
6958.886	0.13952	-2.87387	-2.56012	-2.99516
6962.882	-0.05517	-2.83000	-1.98442	-2.91907
6966.888	0.19641	-2.70834	-2.55168	-2.69557
6970.893	-0.10729	-2.75632	-2.47987	-2.84608
6974.886	-0.14290	-2.62999	-2.61310	-3.13954
6978.883	-0.29590	-2.59979	-1.18148	-3.09244
6982.879	-0.28776	-2.66523	-0.77312	-3.19688
6986.889	-0.42889	-2.62417	-0.26505	-3.03206
6990.884	-0.43517	-2.53029	-0.59188	-3.09643
6994.883	-0.51093	-2.49822	-0.80846	-3.05005
6998.879	-0.53324	-2.46378	-0.57225	-2.90729
7002.887	-0.58746	-2.45801	-0.63742	-2.90396
7006.885	-0.46257	-2.44131	-0.72193	-2.86076
7010.887	-0.50111	-2.45442	-0.60732	-3.10023
7014.886	-0.58793	-2.45094	-0.63677	-3.18036
7018.885	-0.59801	-2.56856	-0.63843	-3.15838
7022.889	-0.58218	-2.69083	-0.65196	-3.12513
7026.884	-0.55930	-2.65886	-0.71856	-3.05175
7030.881	-0.41738	-2.75249	-0.83550	-3.03953
7034.906	-0.45093	-2.77803	-0.83064	-3.05328
7038.889	-0.44026	-2.79204	-0.85471	-3.03168
7042.883	-0.43182	-2.89942	-0.93321	-3.08429
7046.885	-0.41792	-2.93105	-1.04711	-3.04965
7050.921	-0.44242	-2.96215	-0.97693	-3.09404
7054.893	-0.48110	-2.98907	-0.95904	-3.02322
7058.878	-0.50490	-3.02610	-0.95859	-2.94279
7062.902	-0.52220	-3.03737	-0.95832	-2.74211
7066.883	-0.57602	-2.99190	-0.96465	-2.57984
7070.887	-0.76905	-3.00689	-0.94252	-2.54192
7074.887	-0.68139	-2.98401	-0.89006	-2.56985
7078.881	-0.77461	-2.93240	-0.77779	-2.69234
7082.884	-0.60707	-2.96190	-0.78250	-2.76095
7086.885	-0.53289	-2.91068	-0.82875	-2.72091
7090.886	-0.65970	-2.89840	-0.86915	-2.71739
7094.883	-0.50468	-2.70438	-0.93619	-2.79683
7098.882	-0.52967	-2.58503	-0.99425	-2.87642
7102.891	-0.62992	-2.54444	-0.89545	-2.72981
7106.882	-0.60362	-2.49542	-0.86096	-2.69885
7110.882	-0.77620	-2.55507	-0.79198	-2.77205
7114.879	-0.68781	-2.65185	-0.96313	-2.74416
7118.886	-0.52260	-2.49834	-0.87158	-2.77125
7122.881	-0.45403	-2.51793	-0.89850	-2.77907
7126.878	-0.40278	-2.60730	-0.97529	-2.77665
7130.885	-0.43318	-2.60719	-1.04436	-2.84002
7134.888	-0.31424	-2.81244	-0.99268	-2.82363
7138.880	-0.66665	-2.84387	-0.98263	-2.74107
7142.884	-0.69876	-2.81911	-0.98824	-2.72776
7146.881	-0.61593	-2.80490	-1.02134	-2.68212
7150.882	-0.62759	-2.94397	-0.95869	-2.70297
7154.883	-0.48684	-2.92235	-0.97340	-2.66423
7158.875	-0.38415	-3.02754	-0.98650	-2.71589
7162.884	-0.32081	-3.03331	-0.95770	-2.79032
7166.883	-0.34816	-3.05018	-0.99206	-2.76330
7170.884	-0.40000	-2.97924	-0.97566	-2.76555
7174.885	-0.51287	-2.96777	-0.96668	-2.70480
7178.885	-0.55540	-2.98133	-0.92215	-2.70704
7182.883	-0.45480	-2.95696	-0.89756	-2.76397
7186.876	-0.27309	-2.93851	-0.89428	-2.77126
7190.884	-0.29173	-2.91208	-0.89671	-2.83452
7194.881	-0.43723	-3.00467	-0.96030	-2.89127
7198.905	-0.55801	-3.07263	-1.02345	-2.98235
7202.882	-0.52681	-2.92880	-1.15287	-2.98391
7206.876	-0.61503	-2.94088	-1.04327	-2.95847
7210.871	-0.63352	-2.92057	-1.04898	-2.95346
7214.881	-0.41244	-2.97584	-1.13538	-2.92290
7218.880	-0.27999	-3.04031	-0.96934	-2.93666
7222.882	-0.12339	-3.10451	-0.94485	-2.92895
7226.870	-0.20534	-3.06632	-0.95559	-2.89249
7230.882	-0.23420	-3.08517	-0.89510	-2.84153
7234.875	-0.25624	-3.05417	-0.76144	-2.77168
7238.902	-0.24291	-3.03160	-0.81349	-2.75769
7242.884	-0.19335	-2.97434	-0.82605	-2.70006
7246.878	-0.22768	-2.98642	-0.75017	-2.63925
7250.908	-0.29156	-2.97025	-0.72491	-2.65354
7254.871	-0.28168	-2.96698	-0.74645	-2.69603
7258.878	-0.20869	-2.99141	-0.73995	-2.77687
7262.936	-0.18400	-2.95132	-0.79548	-2.77693
7266.878	-0.24468	-2.91482	-0.86654	-2.80943
7270.872	-0.22706	-2.87757	-0.83019	-2.75857
7274.873	-0.23425	-2.84770	-0.84850	-2.82905
7278.878	-0.26465	-2.87732	-0.86850	-2.81540
7282.873	-0.27746	-2.90111	-0.86359	-2.83471
7286.874	-0.26046	-2.92545	-0.89753	-2.91097
7290.894	-0.33878	-2.93638	-0.92991	-3.02047
7294.886	-0.36119	-2.97786	-0.91728	-3.04256
7298.883	-0.25892	-2.91346	-0.90775	-3.12343
7302.881	-0.33258	-2.87085	-0.93882	-3.13386
7306.945	-0.35541	-2.83270	-0.95844	-3.20755
7310.898	-0.40566	-2.77480	-0.88934	-3.17888
7314.875	-0.40407	-2.74766	-0.91301	-3.17074
7318.868	-0.45080	-2.78867	-0.92790	-3.17506
7322.877	-0.35702	-2.79941	-0.94490	-3.14472
7326.871	-0.49426	-2.79557	-0.97700	-3.03324
7330.877	-0.54409	-2.76406	-0.96800	-2.94548
7334.873	-0.54446	-2.70786	-0.86337	-2.90500
7338.901	-0.48053	-2.71118	-0.87917	-2.91091
7342.885	-0.52240	-2.71612	-0.86523	-2.93087
7346.877	-0.57707	-2.71037	-0.82553	-2.93474
7350.872	-0.72074	-2.72036	-0.83153	-2.88733
7354.876	-0.76992	-2.76894	-0.87538	-2.82296
7358.895	-0.78972	-2.84007	-0.88743	-2.83541
7362.877	-0.85848	-2.82213	-0.79603	-2.84790
7366.880	-0.86190	-2.86106	-0.79781	-2.90527
7370.887	-0.74250	-2.90871	-0.78935	-2.93420
7374.876	-0.61322	-2.92489	-0.78305	-2.97576
7378.871	-0.55759	-2.92814	-0.87627	-3.00763
7382.878	-0.34819	-2.94315	-0.88451	-3.03753
7386.878	-0.33930	-2.92030	-0.91115	-3.02953
7390.880	-0.13272	-2.90631	-0.96229	-3.06895
7394.876	-0.09845	-2.91207	-0.93353	-3.12881
7398.872	-0.14429	-2.98579	-0.90304	-3.11110
7402.867	-0.10361	-2.99844	-0.85679	-3.13336
7406.875	-0.11858	-2.97521	-0.91430	-3.12189
7410.872	-0.10592	-3.00852	-0.94467	-3.10375
7414.874	-0.11577	-2.95130	-0.95326	-3.02637
7418.866	-0.31670	-2.88757	-0.92755	-3.01403
7422.875	-0.33573	-2.89440	-0.91502	-2.95450
7426.877	-0.38807	-2.86809	-0.93445	-3.00657
7430.879	-0.49805	-2.96460	-0.96931	-2.96984
7434.869	-0.49716	-3.01897	-1.01052	-2.94012
7438.874	-0.43951	-3.01724	-1.02017	-2.85389
7442.922	-0.56848	-2.94625	-1.01739	-2.85333
