time (ms)	lx (deg)	ly (deg)	rx (deg)	ry (deg)
0.000	5.40206	-6.15167	-1.08877	-0.13667
3.992	7.75992	-7.88209	-1.12544	-0.30546
7.999	5.82046	-6.40635	-1.04984	-0.23588
11.998	4.84938	-6.35181	-1.11402	-0.42401
16.000	6.00332	-7.05529	-1.11564	-0.39500
19.998	5.88906	-7.41992	-1.08611	-0.51976
24.043	1.12132	-5.38164	-1.13744	-0.36973
28.002	-2.01662	-5.70742	-1.15220	-0.50432
31.999	-3.58623	-6.92527	-1.18133	-0.48521
35.996	-1.01603	-7.19724	-1.31984	-0.44197
40.005	0.05519	-7.83045	-1.17374	-0.41193
44.006	4.51013	-8.42101	-1.18748	-0.50064
48.002	1.00524	-7.03817	-1.16014	0.15801
51.995	NaN	NaN	-0.52523	-0.23248
56.004	0.77283	-7.42732	-1.21586	0.33906
60.002	NaN	NaN	NaN	NaN
64.003	NaN	NaN	NaN	NaN
67.993	NaN	NaN	NaN	NaN
72.002	NaN	NaN	NaN	NaN
76.003	NaN	NaN	NaN	NaN
80.152	NaN	NaN	NaN	NaN
84.367	NaN	NaN	NaN	NaN
88.566	NaN	NaN	NaN	NaN
93.623	NaN	NaN	NaN	NaN
97.780	NaN	NaN	NaN	NaN
101.906	NaN	NaN	NaN	NaN
105.995	NaN	NaN	NaN	NaN
110.003	NaN	NaN	NaN	NaN
114.088	NaN	NaN	NaN	NaN
118.196	NaN	NaN	NaN	NaN
122.304	NaN	NaN	NaN	NaN
126.433	NaN	NaN	NaN	NaN
130.592	NaN	NaN	NaN	NaN
134.658	NaN	NaN	NaN	NaN
138.844	NaN	NaN	NaN	NaN
142.793	NaN	NaN	NaN	NaN
146.852	NaN	NaN	NaN	NaN
150.855	NaN	NaN	NaN	NaN
154.822	NaN	NaN	NaN	NaN
159.725	NaN	NaN	NaN	NaN
163.967	NaN	NaN	NaN	NaN
168.242	NaN	NaN	NaN	NaN
172.479	NaN	NaN	NaN	NaN
176.606	NaN	NaN	NaN	NaN
180.731	NaN	NaN	NaN	NaN
184.807	NaN	NaN	NaN	NaN
188.926	NaN	NaN	NaN	NaN
193.010	NaN	NaN	NaN	NaN
197.146	NaN	NaN	NaN	NaN
201.258	NaN	NaN	NaN	NaN
205.370	NaN	NaN	NaN	NaN
209.563	NaN	NaN	NaN	NaN
213.733	NaN	NaN	NaN	NaN
217.848	NaN	NaN	NaN	NaN
221.962	NaN	NaN	NaN	NaN
226.992	NaN	NaN	NaN	NaN
231.247	NaN	NaN	NaN	NaN
235.424	NaN	NaN	NaN	NaN
239.557	NaN	NaN	NaN	NaN
243.792	NaN	NaN	NaN	NaN
247.998	NaN	NaN	NaN	NaN
252.113	NaN	NaN	NaN	NaN
256.215	NaN	NaN	NaN	NaN
260.341	NaN	NaN	NaN	NaN
264.487	NaN	NaN	NaN	NaN
268.681	NaN	NaN	NaN	NaN
272.861	NaN	NaN	NaN	NaN
276.962	NaN	NaN	NaN	NaN
281.099	NaN	NaN	NaN	NaN
285.195	NaN	NaN	NaN	NaN
289.308	NaN	NaN	NaN	NaN
294.290	NaN	NaN	NaN	NaN
298.433	NaN	NaN	NaN	NaN
302.518	NaN	NaN	NaN	NaN
306.615	NaN	NaN	NaN	NaN
310.684	NaN	NaN	NaN	NaN
314.767	NaN	NaN	NaN	NaN
318.838	NaN	NaN	NaN	NaN
322.907	NaN	NaN	NaN	NaN
327.148	NaN	NaN	NaN	NaN
331.337	NaN	NaN	NaN	NaN
335.576	NaN	NaN	NaN	NaN
339.883	NaN	NaN	NaN	NaN
344.094	NaN	NaN	NaN	NaN
348.430	NaN	NaN	NaN	NaN
352.597	NaN	NaN	NaN	NaN
356.766	NaN	NaN	NaN	NaN
361.828	NaN	NaN	NaN	NaN
366.155	NaN	NaN	NaN	NaN
370.346	NaN	NaN	NaN	NaN
374.493	NaN	NaN	NaN	NaN
378.625	NaN	NaN	NaN	NaN
382.816	NaN	NaN	NaN	NaN
386.988	NaN	NaN	NaN	NaN
391.251	NaN	NaN	NaN	NaN
395.422	NaN	NaN	NaN	NaN
399.669	NaN	NaN	NaN	NaN
403.873	NaN	NaN	NaN	NaN
408.109	NaN	NaN	NaN	NaN
412.396	NaN	NaN	NaN	NaN
416.613	NaN	NaN	-0.74198	0.17187
420.942	NaN	NaN	-0.65072	0.00616
424.011	NaN	NaN	-0.65374	-0.02119
427.992	NaN	NaN	-0.64779	0.05730
431.993	NaN	NaN	-0.58724	0.09579
436.052	NaN	NaN	-0.50160	0.21543
440.012	NaN	NaN	-0.64474	0.33345
443.990	NaN	NaN	-0.59620	0.34332
448.028	NaN	NaN	-0.53441	0.34290
451.985	NaN	NaN	-0.50011	0.32342
455.998	NaN	NaN	-0.49411	0.26970
459.994	NaN	NaN	-0.42892	0.31296
463.983	NaN	NaN	-0.41517	0.31642
467.991	NaN	NaN	-0.38976	0.31381
471.993	NaN	NaN	-0.32642	0.23681
475.985	NaN	NaN	-0.29153	0.35268
479.992	NaN	NaN	-0.28786	0.34485
484.016	NaN	NaN	-0.25160	0.31558
487.996	NaN	NaN	-0.25304	0.29207
491.990	NaN	NaN	-0.24368	0.23624
495.997	NaN	NaN	-0.27510	0.21325
500.056	NaN	NaN	-0.27403	0.17372
503.997	NaN	NaN	-0.24180	0.12405
507.986	NaN	NaN	-0.21691	0.05338
511.992	NaN	NaN	-0.19790	0.03461
515.986	NaN	NaN	-0.30225	0.12419
519.992	NaN	NaN	-0.36782	0.10056
523.991	NaN	NaN	-0.39539	0.12991
527.987	NaN	NaN	-0.38296	0.15737
531.986	NaN	NaN	-0.44269	0.07773
535.982	NaN	NaN	-0.44393	0.05193
539.995	NaN	NaN	-0.45552	0.07546
543.986	NaN	NaN	-0.40551	0.04714
547.985	NaN	NaN	-0.48614	0.04189
551.980	NaN	NaN	-0.54749	0.02152
555.995	NaN	NaN	-0.56667	0.03506
559.988	NaN	NaN	-0.56051	0.03630
563.988	NaN	NaN	-0.52768	0.01792
567.990	NaN	NaN	-0.49225	-0.01893
572.056	NaN	NaN	-0.49369	-0.00900
576.018	NaN	NaN	-0.50044	0.03176
579.990	NaN	NaN	-0.50987	0.13912
584.007	NaN	NaN	-0.58352	0.21729
587.998	NaN	NaN	-0.65891	0.35504
592.011	NaN	NaN	-0.64245	0.47334
595.992	NaN	NaN	-0.65379	0.42908
599.992	NaN	NaN	-0.62980	0.47530
603.996	NaN	NaN	-0.63439	0.54852
607.991	NaN	NaN	-0.65918	0.54029
611.986	NaN	NaN	-0.59918	0.55180
615.987	NaN	NaN	-0.56342	0.60376
619.979	NaN	NaN	-0.52143	0.62958
623.990	NaN	NaN	-0.52907	0.64486
627.987	NaN	NaN	-0.50714	0.61778
631.986	NaN	NaN	-0.47123	0.57413
635.990	NaN	NaN	-0.46602	0.56011
640.055	NaN	NaN	-0.43708	0.51490
644.013	NaN	NaN	-0.45254	0.44311
647.995	NaN	NaN	-0.47224	0.40562
651.868	NaN	NaN	-0.46135	0.40569
655.868	NaN	NaN	-0.49297	0.40847
659.863	NaN	NaN	-0.52922	0.41930
663.861	NaN	NaN	-0.55151	0.37952
667.866	NaN	NaN	-0.54860	0.37147
671.883	NaN	NaN	-0.54307	0.41235
675.875	NaN	NaN	-0.54615	0.42407
679.864	NaN	NaN	-0.53153	0.46033
683.880	NaN	NaN	-0.52257	0.50473
687.862	NaN	NaN	-0.50753	0.53531
691.861	NaN	NaN	-0.49974	0.59194
695.864	NaN	NaN	-0.49684	0.60409
699.858	NaN	NaN	-0.46316	0.64827
703.865	NaN	NaN	-0.46880	0.65554
707.882	NaN	NaN	-0.44882	0.66307
711.870	NaN	NaN	-0.45286	0.66613
715.863	NaN	NaN	-0.47200	0.67224
719.858	NaN	NaN	-0.46770	0.66717
723.858	NaN	NaN	-0.51570	0.65360
727.867	NaN	NaN	-0.52215	0.62262
731.858	NaN	NaN	-0.53682	0.57521
735.859	NaN	NaN	-0.59171	0.49511
739.854	NaN	NaN	-0.67630	0.47572
743.862	NaN	NaN	-0.60454	0.50020
747.856	NaN	NaN	-0.58816	0.48194
751.863	NaN	NaN	-0.60940	0.45622
755.863	NaN	NaN	-0.55997	0.49734
759.859	NaN	NaN	-0.48637	0.46448
763.854	NaN	NaN	-0.49843	0.45727
767.861	NaN	NaN	-0.56927	0.43766
771.899	NaN	NaN	-0.56458	0.41088
775.866	NaN	NaN	-0.61307	0.42176
779.863	NaN	NaN	-0.55935	0.39132
783.857	NaN	NaN	-0.55893	0.30983
787.867	NaN	NaN	-0.52158	0.29907
791.872	NaN	NaN	-0.48515	0.28406
795.865	NaN	NaN	-0.55007	0.27171
799.859	NaN	NaN	-0.59084	0.22321
803.867	NaN	NaN	-0.56064	0.20229
807.875	NaN	NaN	-0.59642	0.15351
811.859	NaN	NaN	-0.49061	0.11984
815.854	NaN	NaN	-0.50004	0.15140
819.861	NaN	NaN	-0.46966	0.15659
823.857	NaN	NaN	-0.49051	0.19439
827.861	NaN	NaN	-0.49959	0.21598
831.857	NaN	NaN	-0.55223	0.22284
835.859	NaN	NaN	-0.56640	0.29750
839.900	NaN	NaN	-0.59186	0.36066
843.863	NaN	NaN	-0.63330	0.36816
847.866	NaN	NaN	-0.66263	0.41582
851.862	NaN	NaN	-0.70365	0.50396
855.861	NaN	NaN	-0.75533	0.49129
859.858	NaN	NaN	-0.75397	0.45151
863.888	NaN	NaN	-0.74660	0.50299
867.861	NaN	NaN	-0.71037	0.48794
871.862	NaN	NaN	-0.65258	0.50906
875.856	NaN	NaN	-0.64086	0.55615
879.868	NaN	NaN	-0.64543	0.53833
883.861	NaN	NaN	-0.64345	0.51632
887.860	NaN	NaN	-0.65511	0.53296
891.857	NaN	NaN	-0.68484	0.51304
895.865	NaN	NaN	-0.59915	0.42104
899.861	NaN	NaN	-0.62965	0.35743
903.858	NaN	NaN	-0.66824	0.36995
907.928	NaN	NaN	-0.64640	0.42133
911.859	NaN	NaN	-0.69218	0.47760
915.859	NaN	NaN	-0.72402	0.31956
919.854	NaN	NaN	-0.73285	0.32380
923.860	NaN	NaN	-0.71176	0.26176
927.849	NaN	NaN	-0.70533	0.28194
931.860	NaN	NaN	-0.69613	0.25786
935.860	NaN	NaN	-0.67332	0.28383
939.856	NaN	NaN	-0.66575	0.27059
943.851	NaN	NaN	-0.66397	0.28038
947.856	NaN	NaN	-0.68327	0.35519
951.853	NaN	NaN	-0.65034	0.29663
955.860	NaN	NaN	-0.61369	0.26955
959.856	NaN	NaN	-0.62789	0.29019
963.863	NaN	NaN	-0.60335	0.37562
967.854	NaN	NaN	-0.59764	0.42991
971.854	NaN	NaN	-0.61429	0.41532
975.875	NaN	NaN	-0.56962	0.45600
979.852	NaN	NaN	-0.56012	0.50075
983.858	NaN	NaN	-0.57873	0.59061
987.854	NaN	NaN	-0.57037	0.62038
991.855	NaN	NaN	-0.57193	0.68433
995.849	NaN	NaN	-0.58873	0.72512
999.884	NaN	NaN	-0.59612	0.76827
1003.861	NaN	NaN	-0.62171	0.84215
1007.861	NaN	NaN	-0.56401	0.88872
1011.863	NaN	NaN	-0.60444	0.90150
1015.861	NaN	NaN	-0.54478	0.98793
1019.855	NaN	NaN	-0.51470	1.02565
1023.858	NaN	NaN	-0.49364	1.10191
1027.857	NaN	NaN	-0.45472	1.12623
1031.884	NaN	NaN	-0.53495	1.07349
1035.864	NaN	NaN	-0.40288	1.04159
1039.859	NaN	NaN	-0.55649	0.84949
1043.875	NaN	NaN	-0.49629	0.70429
1047.872	NaN	NaN	-0.59019	0.64378
1051.876	NaN	NaN	-0.58334	0.62808
1055.859	NaN	NaN	-0.62550	0.59861
1059.860	NaN	NaN	-0.64799	0.54333
1063.861	NaN	NaN	-0.66079	0.42521
1067.881	NaN	NaN	-0.61992	0.42824
1071.861	NaN	NaN	-0.64799	0.37820
1075.854	NaN	NaN	-0.58518	0.39329
1079.854	NaN	NaN	-0.56883	0.39505
1083.856	NaN	NaN	-0.49756	0.43086
1087.850	NaN	NaN	-0.51905	0.45653
1091.856	NaN	NaN	-0.47324	0.48249
1095.853	NaN	NaN	-0.42209	0.51870
1099.850	NaN	NaN	-0.37807	0.50590
1103.855	NaN	NaN	-0.37442	0.50181
1107.852	NaN	NaN	-0.37377	0.50620
1111.856	NaN	NaN	-0.40651	0.50707
1115.880	NaN	NaN	-0.42601	0.51987
1119.856	NaN	NaN	-0.46135	0.46828
1123.854	NaN	NaN	-0.49173	0.42375
1127.862	NaN	NaN	-0.55126	0.44119
1131.869	NaN	NaN	-0.53756	0.42320
1135.857	NaN	NaN	-0.54602	0.41143
1139.847	NaN	NaN	-0.64012	0.36389
1143.855	NaN	NaN	-0.69302	0.40066
1147.856	NaN	NaN	-0.73518	0.43313
1151.877	NaN	NaN	-0.74307	0.47787
1155.854	NaN	NaN	-0.71781	0.47489
1159.853	NaN	NaN	-0.77627	0.49456
1163.860	NaN	NaN	-0.78997	0.48676
1167.868	NaN	NaN	-0.79419	0.55185
1171.857	NaN	NaN	-0.74052	0.57569
1175.847	NaN	NaN	-0.72360	0.61457
1179.854	NaN	NaN	-0.80841	0.59121
1183.847	NaN	NaN	-0.74958	0.63844
1187.863	NaN	NaN	-0.71546	0.64548
1191.850	NaN	NaN	-0.69662	0.64538
1195.853	NaN	NaN	-0.66422	0.66186
1199.847	NaN	NaN	-0.66454	0.63043
1203.854	NaN	NaN	-0.55200	0.38790
1207.851	NaN	NaN	-0.45691	-1.22931
1211.875	NaN	NaN	-0.21549	-3.44775
1215.864	NaN	NaN	-0.32873	-4.93135
1219.850	NaN	NaN	0.04080	-5.63246
1223.854	NaN	NaN	0.22152	-5.72983
1227.851	NaN	NaN	-0.03725	-5.94594
1231.850	NaN	NaN	-0.02921	-5.88664
1235.858	NaN	NaN	-0.17424	-5.63263
1239.854	NaN	NaN	-0.01467	-5.34537
1243.851	NaN	NaN	-0.06773	-5.35135
1247.872	NaN	NaN	0.01365	-5.52930
1251.877	NaN	NaN	-0.20807	-5.64970
1255.866	NaN	NaN	-0.29548	-5.84171
1259.857	NaN	NaN	-0.42013	-5.92395
1263.858	NaN	NaN	-0.49339	-5.86110
1267.863	NaN	NaN	-0.41939	-5.74977
1271.889	NaN	NaN	-0.49361	-5.79482
1275.870	NaN	NaN	-0.55275	-5.91715
1279.859	NaN	NaN	-0.48341	-5.97712
1283.862	NaN	NaN	-0.54366	-5.93252
1287.851	NaN	NaN	-0.58759	-5.99884
1291.848	NaN	NaN	-0.59119	-5.97490
1295.853	NaN	NaN	-0.58870	-5.93508
1299.847	NaN	NaN	-0.56071	-5.88422
1303.850	NaN	NaN	-0.51242	-5.76649
1307.844	NaN	NaN	-0.47870	-5.77742
1311.852	NaN	NaN	-0.48428	-5.84465
1315.855	NaN	NaN	-0.40492	-5.81801
1319.876	NaN	NaN	-0.49115	-5.73946
1323.851	NaN	NaN	-0.51399	-5.57467
1327.857	NaN	NaN	-0.48634	-5.50303
1331.853	NaN	NaN	-0.43609	-5.38785
1335.865	NaN	NaN	-0.36690	-5.36509
1339.853	NaN	NaN	-0.36653	-5.46343
1343.850	NaN	NaN	-0.35342	-5.38800
1347.844	NaN	NaN	-0.42202	-5.41761
1351.854	NaN	NaN	-0.48522	-5.48363
1355.851	NaN	NaN	-0.48319	-5.42271
1359.845	NaN	NaN	-0.48386	-5.38981
1363.851	NaN	NaN	-0.46599	-5.40736
1367.848	NaN	NaN	-0.37698	-5.45037
1371.848	NaN	NaN	-0.37511	-5.40540
1375.855	NaN	NaN	-0.39673	-5.38475
1379.856	NaN	NaN	-0.41418	-5.39794
1383.852	NaN	NaN	-0.38077	-5.32306
1387.850	NaN	NaN	-0.39383	-5.44307
1391.854	NaN	NaN	-0.37814	-5.42129
1395.852	NaN	NaN	-0.35412	-5.39975
1399.849	NaN	NaN	-0.33206	-5.35708
1403.842	NaN	NaN	-0.31938	-5.30092
1407.851	NaN	NaN	-0.34896	-5.28928
1411.848	NaN	NaN	-0.31806	-5.24055
1415.846	NaN	NaN	-0.32491	-5.29114
1419.850	NaN	NaN	-0.28719	-5.26886
1423.854	NaN	NaN	-0.34010	-5.28849
1427.849	NaN	NaN	-0.33201	-5.32459
1431.843	NaN	NaN	-0.39080	-5.27612
1435.850	NaN	NaN	-0.42782	-5.30519
1439.849	NaN	NaN	-0.38933	-5.31827
1443.848	NaN	NaN	-0.39536	-5.36231
1447.851	NaN	NaN	-0.31759	-5.39073
1451.850	NaN	NaN	-0.37246	-5.40405
1455.933	NaN	NaN	-0.39333	-5.42093
1459.872	NaN	NaN	-0.46746	-5.42896
1463.858	NaN	NaN	-0.47636	-5.42255
1467.851	NaN	NaN	-0.56416	-5.39883
1471.852	NaN	NaN	-0.60384	-5.37259
1475.851	NaN	NaN	-0.59846	-5.40417
1479.847	NaN	NaN	-0.62555	-5.37230
1483.841	NaN	NaN	-0.63826	-5.32955
1487.850	NaN	NaN	-0.66526	-5.27263
1491.854	NaN	NaN	-0.68082	-5.23317
1495.851	NaN	NaN	-0.76221	-5.15429
1499.845	NaN	NaN	-0.85257	-5.14378
1503.848	NaN	NaN	-0.87351	-5.11822
1507.847	NaN	NaN	-0.92448	-5.10047
1511.724	NaN	NaN	-0.88036	-5.09393
1515.715	NaN	NaN	-0.87600	-5.05900
1519.724	NaN	NaN	-0.87210	-5.04182
1523.734	NaN	NaN	-0.83257	-5.07348
1527.726	NaN	NaN	-0.83975	-5.08491
1531.716	NaN	NaN	-0.77426	-5.07826
1535.724	NaN	NaN	-0.82444	-5.09711
1539.743	NaN	NaN	-0.78923	-5.16927
1543.724	NaN	NaN	-0.77146	-5.20293
1547.742	NaN	NaN	-0.75940	-5.17638
1551.726	NaN	NaN	-0.75032	-5.21404
1555.715	NaN	NaN	-0.75972	-5.18436
1559.726	NaN	NaN	-0.78332	-5.22083
1563.722	NaN	NaN	-0.77260	-5.19253
1567.716	NaN	NaN	-0.78585	-5.14906
1571.722	NaN	NaN	-0.85411	-5.15336
1575.729	NaN	NaN	-0.88768	-5.16465
1579.722	NaN	NaN	-0.91701	-5.16540
1583.715	NaN	NaN	-0.95785	-5.15203
1587.730	NaN	NaN	-0.94271	-5.14116
1591.730	1.14193	-6.97851	-0.91493	-5.13568
1595.716	1.48057	-7.21371	-0.88212	-5.13837
1599.724	1.25262	-6.99001	-0.82972	-5.16173
1603.719	1.03746	-6.98578	-0.75747	-5.16709
1607.720	1.11249	-6.93878	-0.69699	-5.18365
1611.725	1.11407	-7.00374	-0.68104	-5.21797
1615.724	1.15766	-7.02216	-0.66551	-5.23922
1619.722	1.14417	-6.98490	-0.62764	-5.24961
1623.720	1.11082	-7.10243	-0.58071	-5.25180
1627.744	1.00201	-6.95819	-0.53478	-5.26911
1631.729	0.97070	-7.01145	-0.52987	-5.27235
1635.753	0.94405	-7.00235	-0.55131	-5.26836
1639.724	0.85034	-6.95357	-0.59660	-5.24089
1643.725	0.83210	-6.98070	-0.62920	-5.20856
1647.720	0.79888	-6.93088	-0.63387	-5.18995
1651.713	0.77384	-6.98229	-0.69211	-5.16100
1655.726	0.80153	-6.93046	-0.72915	-5.14977
1659.743	0.66563	-6.88383	-0.72913	-5.10245
1663.723	0.58454	-6.86245	-0.74020	-5.09277
1667.750	0.57042	-6.84508	-0.75295	-5.10116
1671.723	0.56791	-6.87217	-0.77881	-5.09236
1675.728	0.57687	-6.86714	-0.82106	-5.11390
1679.723	0.57295	-6.91669	-0.80548	-5.15249
1683.727	0.51470	-6.95632	-0.80255	-5.18564
1687.723	0.58521	-6.99159	-0.78320	-5.19959
1691.738	0.46339	-7.11260	-0.78868	-5.20764
1695.723	0.47396	-7.01517	-0.77188	-5.23304
1699.722	0.43557	-7.02203	-0.76037	-5.24779
1703.717	0.49833	-6.99248	-0.73585	-5.27076
1707.717	0.45932	-7.02678	-0.71930	-5.29120
1711.725	0.49681	-6.97137	-0.71186	-5.29414
1715.716	0.59838	-6.91570	-0.68327	-5.29255
1719.721	0.48403	-6.87858	-0.64799	-5.29421
1723.794	0.41197	-6.87870	-0.61439	-5.29373
1727.729	0.54982	-6.78131	-0.57287	-5.29990
1731.713	0.54163	-6.87147	-0.52265	-5.31832
1735.719	0.60446	-6.91063	-0.53329	-5.36332
1739.720	0.67072	-6.73418	-0.56416	-5.41767
1743.718	0.68628	-6.64701	-0.53533	-5.44668
1747.734	0.78397	-6.78849	-0.55635	-5.48027
1751.717	0.90438	-6.54037	-0.54565	-5.51655
1755.713	0.80059	-6.64252	-0.56153	-5.57896
1759.746	0.93336	-6.82521	-0.58642	-5.59023
1763.722	0.87255	-6.65968	-0.60528	-5.63348
1767.723	0.93743	-6.51780	-0.62791	-5.65176
1771.730	0.95859	-6.53470	-0.64841	-5.67922
1775.721	0.88448	-6.41704	-0.68513	-5.69903
1779.728	0.90319	-6.68078	-0.69057	-5.70776
1783.714	0.79920	-6.42015	-0.67392	-5.71091
1787.723	0.85133	-6.40203	-0.67838	-5.73963
1791.725	0.79220	-6.39361	-0.67332	-5.76800
1795.728	0.66265	-6.66268	-0.66516	-5.76661
1799.718	0.66104	-6.51433	-0.65757	-5.76736
1803.711	0.60940	-6.47341	-0.66364	-5.78710
1807.720	0.61223	-6.46840	-0.65201	-5.81662
1811.741	0.55788	-6.48615	-0.64372	-5.83159
1815.726	0.55156	-6.39807	-0.65223	-5.83268
1819.717	0.56664	-6.40903	-0.61486	-5.82921
1823.724	0.61724	-6.28576	-0.61233	-5.86900
1827.731	0.61454	-6.23319	-0.59151	-5.90659
1831.723	0.66893	-6.15444	-0.59781	-5.92937
1835.720	0.64285	-6.16789	-0.60156	-5.92093
1839.715	0.69967	-6.15325	-0.60672	-5.91316
1843.720	0.73089	-6.12420	-0.58736	-5.91694
1847.718	0.75625	-6.05670	-0.56061	-5.88904
1851.710	0.81168	-6.01362	-0.61476	-5.91662
1855.721	0.79942	-5.98172	-0.58431	-5.90423
1859.739	0.81878	-5.99764	-0.59166	-5.90580
1863.744	0.80620	-6.00373	-0.60665	-5.91640
1867.722	0.80875	-6.02365	-0.61791	-5.86754
1871.762	0.78481	-5.99417	-0.61600	-5.85013
1875.723	0.75970	-6.00482	-0.60900	-5.82152
1879.737	0.73975	-5.97278	-0.58260	-5.79552
1883.731	0.71275	-6.03113	-0.61377	-5.77921
1887.717	0.70260	-6.08835	-0.62851	-5.80371
1891.722	0.70260	-6.12397	-0.60947	-5.83939
1895.731	0.62923	-6.09549	-0.59900	-5.83053
1899.716	0.66139	-6.03395	-0.61210	-5.84060
1903.719	0.73364	-6.01784	-0.60106	-5.80598
1907.714	0.68697	-6.05525	-0.59369	-5.79802
1911.714	0.69084	-6.18823	-0.58622	-5.78293
1915.722	0.81451	-6.06256	-0.58530	-5.77619
1919.714	0.81682	-6.16939	-0.62645	-5.75854
1923.714	0.85421	-6.27450	-0.64322	-5.75443
1927.728	0.86724	-6.14483	-0.65101	-5.76510
1931.744	0.89848	-6.30899	-0.68886	-5.76188
1935.717	0.90120	-6.32911	-0.69948	-5.72229
1939.723	0.92961	-6.47131	-0.70667	-5.69493
1943.720	0.93929	-6.30178	-0.70692	-5.69274
1947.745	0.89039	-6.30564	-0.77211	-5.71406
1951.714	0.03172	-6.43385	-0.81200	-5.68699
1955.713	-0.48311	-6.34047	-0.96145	-5.71633
1959.717	-1.72612	-6.40959	-1.69185	-5.74377
1963.716	-1.99446	-6.69388	-2.18887	-5.76070
1967.717	-2.45701	-7.18800	-2.43538	-5.81888
1971.718	-2.93438	-7.58601	-2.59049	-6.03979
1975.712	-3.26527	-8.25723	-3.05469	-6.09871
1979.712	-3.61967	-8.48408	-3.44795	-6.18237
1983.707	-4.30598	-8.78257	-3.68641	-6.40674
1987.730	-4.09584	-9.04245	-4.06293	-6.40607
1991.713	-3.26406	-8.89280	-3.97795	-6.54589
1995.737	-3.28031	-8.84586	-4.19598	-6.60952
1999.720	-3.42947	-8.78674	-4.24221	-6.67546
2003.715	-3.57696	-8.93942	-4.40278	-6.68342
2007.714	-3.65139	-9.02906	-4.34514	-6.75222
2011.721	-4.01808	-9.12027	-4.35299	-6.80582
2015.727	-3.86378	-9.10808	-4.34334	-6.85550
2019.719	-3.89891	-9.27972	-4.37858	-6.93835
2023.723	-3.91966	-9.28647	-4.39548	-7.03093
2027.712	-3.96965	-9.32448	-4.38975	-7.05121
2031.712	-3.87329	-9.18391	-4.36839	-7.02835
2035.718	-3.92840	-9.14853	-4.36811	-7.03043
2039.712	-3.99484	-9.15986	-4.35743	-7.04788
2043.713	-4.03216	-9.15481	-4.36960	-7.04298
2047.714	-4.02747	-9.11497	-4.31578	-7.03518
2051.717	-4.02280	-9.03915	-4.28873	-7.00921
2055.713	-4.09120	-9.06520	-4.26334	-6.92228
2059.716	-4.01939	-9.12166	-4.25512	-6.91751
2064.072	-4.03149	-9.09806	-4.23421	-6.86888
2067.741	-4.05196	-9.03076	-4.28081	-6.80827
2071.721	-4.04584	-8.97180	-4.30043	-6.76446
2075.743	-4.04243	-8.91526	-4.28757	-6.67828
2079.712	-4.02263	-8.88264	-4.29243	-6.63870
2083.726	-4.04181	-8.76822	-4.25497	-6.56349
2087.706	-4.01016	-8.88319	-4.19691	-6.49446
2091.719	-4.01497	-8.90249	-4.23962	-6.45126
2095.714	-4.01179	-8.91842	-4.22816	-6.43530
2099.711	-4.08350	-8.83071	-4.19763	-6.41341
2103.705	-4.10360	-8.83160	-4.16734	-6.38051
2107.714	-4.07483	-8.79408	-4.11406	-6.35161
2111.714	-4.09411	-8.77734	-4.05132	-6.35514
2115.711	-4.07340	-8.74476	-4.02033	-6.35401
2119.730	-4.05856	-8.77063	-3.99870	-6.35565
2123.718	-4.04396	-8.80819	-3.94873	-6.35838
2127.716	-4.03828	-8.85261	-3.93915	-6.37011
2131.769	-4.06147	-8.84592	-3.91558	-6.37298
2135.734	-4.02557	-8.85986	-3.85911	-6.40278
2139.715	-4.00650	-8.85155	-3.81496	-6.41021
2143.736	-3.99418	-8.87423	-3.86459	-6.43112
2147.706	-3.91538	-8.89612	-3.93440	-6.44564
2151.712	-3.90242	-8.85586	-4.05201	-6.42233
2155.709	-3.85061	-8.79485	-4.03290	-6.43323
2159.705	-3.92603	-8.76807	-4.18205	-6.40849
2163.712	-3.87665	-8.75810	-4.09411	-6.42511
2167.709	-3.86798	-8.69693	-4.15724	-6.46079
2171.710	-3.86324	-8.67188	-4.22347	-6.49277
2175.709	-3.84147	-8.58235	-4.20355	-6.54438
2179.712	-3.85568	-8.50734	-4.31405	-6.48120
2183.732	-3.88231	-8.39758	-4.37571	-6.53279
2187.719	-3.84703	-8.30888	-4.37803	-6.50907
2191.721	-3.81970	-8.30101	-4.30097	-6.64000
2195.715	-3.59246	-8.32317	-4.18581	-6.62298
2199.733	-2.40523	-8.26219	-3.52578	-6.58332
2203.733	-1.85053	-7.87080	-2.80097	-6.60615
2207.726	-0.62434	-7.13485	-1.30370	-6.51782
2211.720	-0.10515	-7.49032	-1.19785	-6.43143
2215.711	-0.11419	-6.70809	-1.37332	-6.32998
2219.708	-0.03517	-7.30502	-1.53674	-6.21031
2223.716	-0.42882	-7.31389	-1.47313	-6.12426
2227.709	-0.28421	-7.25841	-1.42997	-6.06223
2231.710	-0.15702	-7.10835	-1.33247	-6.07555
2235.703	-0.48589	-7.13051	-1.31558	-6.06748
2239.713	-0.27480	-7.10585	-1.41310	-5.96739
2243.708	-0.30406	-7.12719	-1.37282	-5.91320
2247.713	-0.32819	-7.12640	-1.27152	-5.88935
2251.707	-0.36655	-7.17674	-1.32123	-5.84133
2255.707	-0.32863	-7.19154	-1.28040	-5.88061
2259.709	-0.33970	-7.16734	-1.27073	-5.88894
2263.712	-0.32238	-7.18951	-1.22925	-5.90680
2267.714	-0.29630	-7.16485	-1.14374	-5.93850
2271.722	-0.24247	-7.14636	-1.22134	-5.94032
2275.715	-0.27148	-7.15628	-1.31401	-5.95377
2279.706	-0.22775	-7.15892	-1.27319	-5.95040
2283.708	-0.16273	-7.19742	-1.24997	-5.96906
2287.732	-0.18889	-7.20174	-1.24833	-5.93638
2291.722	-0.16074	-7.23411	-1.24893	-5.87635
2295.712	-0.18837	-7.25921	-1.28904	-5.90898
2299.704	-0.16787	-7.25908	-1.27214	-5.84705
2303.710	-0.21189	-7.30610	-1.32136	-5.82557
2307.709	-0.25885	-7.35614	-1.36873	-5.85533
2311.707	-0.30109	-7.40445	-1.40544	-5.85745
2315.702	-0.42495	-7.48590	-1.38476	-5.83419
2319.709	-0.37700	-7.63092	-1.31808	-5.84588
2323.715	-0.41492	-7.61851	-1.28611	-5.81871
2327.709	-0.41844	-7.66198	-1.19289	-5.80891
2331.702	-0.38315	-7.71689	-1.15084	-5.81928
2335.711	-0.31642	-7.75833	-1.26631	-5.84229
2339.752	-0.39539	-7.81688	-1.18954	-5.82738
2343.720	-0.42703	-7.86318	-1.23367	-5.86355
2347.711	-0.37201	-7.85350	-1.19614	-5.91216
2351.716	-0.30344	-7.83702	-1.20519	-5.91057
2355.724	-0.29642	-7.84317	-1.19547	-5.93362
2359.711	-0.29386	-7.77022	-1.21802	-5.99331
2363.582	-0.30471	-7.70009	-1.24937	-6.00177
2367.585	-0.26701	-7.63718	-1.33336	-6.01076
2371.581	-0.29277	-7.69149	-1.36638	-6.01894
2375.582	-0.40683	-7.58243	-1.38086	-6.02851
2379.576	-0.40604	-7.53460	-1.33994	-6.03507
2383.589	-0.46373	-7.50863	-1.32624	-6.04021
2387.581	-0.52977	-7.50833	-1.31649	-6.01869
2391.582	-0.51394	-7.48202	-1.34755	-6.01075
2395.581	-0.48366	-7.45728	-1.33009	-6.00777
2399.580	-0.52356	-7.42340	-1.31029	-5.98531
2403.589	-0.52138	-7.40615	-1.28752	-5.95735
2407.590	-0.51647	-7.40198	-1.22913	-5.93367
2411.581	-0.51600	-7.38632	-1.18572	-5.91039
2415.585	-0.48671	-7.36269	-1.11144	-5.88512
2419.580	-0.46515	-7.37550	-1.09641	-5.84687
2423.605	-0.54902	-7.36944	-1.07552	-5.83887
2427.584	-0.39085	-7.36335	-1.08118	-5.80166
2431.591	-0.37015	-7.35985	-1.05868	-5.81176
2435.586	-0.38556	-7.34294	-0.99000	-5.79996
2439.598	-0.33896	-7.34865	-0.97417	-5.79770
2443.594	-0.33377	-7.36760	-0.97298	-5.79106
2447.595	-0.34501	-7.41678	-0.93842	-5.78543
2451.578	-0.40638	-7.44055	-0.97876	-5.78133
2455.584	-0.40179	-7.46308	-0.98065	-5.80336
2459.604	-0.50510	-7.44966	-1.00417	-5.79430
2463.582	-0.56111	-7.46367	-1.02317	-5.77953
2467.588	-0.55726	-7.48419	-1.02322	-5.75870
2471.608	-0.70362	-7.48699	-1.03942	-5.77599
2475.591	-0.77724	-7.41705	-1.10591	-5.76605
2479.576	-0.85044	-7.44677	-1.14337	-5.75720
2483.583	-0.88607	-7.45256	-1.18324	-5.74403
2487.580	-0.90431	-7.46381	-1.20318	-5.73915
2491.580	-0.99164	-7.43316	-1.22114	-5.75327
2495.604	-1.02186	-7.43500	-1.23900	-5.76657
2499.588	-1.01729	-7.46076	-1.26006	-5.75860
2503.585	-0.85813	-7.39032	-1.18016	-5.74512
2507.595	0.04941	-7.21853	-1.07165	-5.72233
2511.586	0.36759	-6.87102	-0.94676	-5.69407
2515.586	0.32322	-6.86914	-0.98792	-5.58923
2519.582	0.45912	-6.71254	-0.88714	-5.62209
2523.575	0.00382	-6.62691	-0.73511	-5.58487
2527.579	0.25056	-6.65886	-0.72168	-5.57622
2531.578	0.13689	-6.45464	-0.62823	-5.56523
2535.579	0.06105	-6.39947	-0.54002	-5.53991
2539.658	0.18966	-6.34419	-0.53605	-5.49088
2543.585	0.30689	-6.32003	-0.45899	-5.45566
2547.599	0.26249	-6.25735	-0.43835	-5.46510
2551.579	0.21365	-6.20099	-0.40566	-5.48241
2555.586	0.12496	-6.21011	-0.44408	-5.51067
2559.595	0.03641	-6.15879	-0.38494	-5.55586
2563.580	0.00886	-6.14105	-0.38569	-5.56475
2567.579	0.00849	-6.12639	-0.38678	-5.59140
2571.586	-0.06043	-6.10079	-0.39340	-5.61276
2575.584	-0.03400	-6.14255	-0.40214	-5.64116
2579.587	-0.07068	-6.17902	-0.42924	-5.63501
2583.579	-0.09776	-6.18676	-0.41492	-5.63778
2587.584	-0.12178	-6.19154	-0.41820	-5.63846
2591.592	-0.16491	-6.22633	-0.43033	-5.64552
2595.597	-0.19268	-6.28780	-0.43641	-5.67671
2599.583	-0.24061	-6.34923	-0.42574	-5.68484
2603.579	-0.21375	-6.37793	-0.44326	-5.68992
2607.599	-0.21224	-6.39000	-0.47552	-5.69307
2611.586	-0.21380	-6.39813	-0.48185	-5.68987
2615.583	-0.17496	-6.40747	-0.55208	-5.68663
2619.579	-0.19368	-6.37693	-0.70355	-5.65783
2623.583	-0.15379	-6.32461	-0.76114	-5.67756
2627.573	-0.13141	-6.32869	-0.92490	-5.66800
2631.580	-0.09994	-6.33248	-0.94150	-5.68086
2635.577	-0.06207	-6.32390	-0.97095	-5.66701
2639.583	0.03800	-6.28951	-0.94626	-5.63534
2643.571	0.04792	-6.25923	-0.98293	-5.64345
2647.581	0.05800	-6.25118	-0.96102	-5.64464
2651.573	0.07731	-6.27975	-1.00419	-5.67830
2655.584	0.06589	-6.26441	-0.99340	-5.69158
2659.576	0.05380	-6.31342	-0.95212	-5.69155
2663.579	0.02750	-6.35512	-0.87719	-5.73481
2667.595	0.00936	-6.40877	-0.86031	-5.75986
2671.582	-0.01760	-6.48653	-0.82076	-5.79528
2675.584	-0.08403	-6.52162	-0.79054	-5.83319
2679.612	-0.10590	-6.56581	-0.76280	-5.89748
2683.581	-0.09369	-6.53278	-0.83848	-5.92916
2687.582	-0.08406	-6.56094	-0.85791	-5.93392
2691.577	-0.12878	-6.56677	-0.85327	-5.93629
2695.593	-0.15528	-6.56688	-0.81794	-5.91658
2699.577	-0.16412	-6.51574	-0.83590	-5.92385
2703.577	-0.21969	-6.39466	-0.87312	-5.95277
2707.571	-0.20720	-6.44551	-0.86314	-5.90311
2711.579	-0.15940	-6.45323	-0.77878	-5.89387
2715.579	-0.13111	-6.52350	-0.75297	-5.85029
2719.583	-0.06135	-6.57031	-0.82004	-5.81919
2723.578	-0.05792	-6.61810	-0.82642	-5.80295
2727.576	-0.09485	-6.63269	-0.84379	-5.77299
2731.569	-0.03916	-6.59003	-0.86165	-5.77358
2735.579	0.01680	-6.60626	-0.90999	-5.75771
2739.574	0.01832	-6.63549	-0.99330	-5.74808
2743.575	-0.01375	-6.69695	-1.01275	-5.72891
2747.580	0.06974	-6.72334	-0.89245	-5.71329
2751.580	0.12694	-6.73813	-0.69002	-5.69015
2755.579	0.03194	-6.70425	-0.80848	-5.66746
2759.577	0.01261	-6.64628	-0.88860	-5.64790
2763.580	-0.10818	-6.60576	-0.87763	-5.64022
2767.578	-0.13240	-6.58442	-0.86458	-5.62213
2771.575	-0.19244	-6.52108	-0.74404	-5.63307
2775.575	-0.07624	-6.45568	-0.78094	-5.63228
2779.581	-0.10302	-6.41671	-0.62804	-5.63916
2783.575	-0.10438	-6.38545	-0.57754	-5.65511
2787.575	-0.07525	-6.40307	-0.57126	-5.68452
2791.577	-0.09158	-6.33882	-0.48088	-5.75103
2795.578	-0.05147	-6.28322	-0.55915	-5.77513
2799.580	0.08778	-6.27929	-0.52056	-5.79475
2803.585	0.12545	-6.20564	-0.48545	-5.86147
2807.571	0.12786	-6.19404	-0.46453	-5.90358
2811.578	0.19410	-6.17244	-0.43356	-5.95732
2815.575	0.26679	-6.14408	-0.40015	-5.98751
2819.575	0.19648	-6.15502	-0.34015	-6.00709
2823.570	0.13553	-6.16454	-0.40462	-6.06125
2827.581	0.11004	-6.17000	-0.39092	-6.07075
2831.573	0.03944	-6.12651	-0.42812	-6.11413
2835.576	0.06088	-6.11626	-0.49403	-6.09216
2839.580	-0.07217	-6.15183	-0.47671	-6.09031
2843.574	-0.07016	-6.13899	-0.47522	-6.06417
2847.573	-0.08696	-6.15667	-0.56769	-6.10327
2851.577	-0.10485	-6.13485	-0.71049	-6.08128
2855.572	-0.13982	-6.14396	-0.68384	-6.01846
2859.573	-0.15476	-6.13860	-0.74675	-5.94394
2863.600	-0.17025	-6.08703	-0.72012	-5.97927
2867.594	-0.18176	-6.11692	-0.72317	-5.94422
2871.601	-0.16169	-6.13093	-0.78615	-6.01307
2875.573	-0.11637	-6.14568	-0.83578	-6.01887
2879.597	-0.07291	-6.17667	-0.79166	-6.01611
2883.668	-0.01626	-6.11140	-0.81022	-6.10623
2887.596	0.02464	-6.07666	-0.70888	-6.12118
2891.574	0.06485	-6.04953	-0.72642	-6.22205
2895.591	-0.02909	-6.22630	-0.65116	-6.20412
2899.574	-0.05170	-6.29130	-0.72332	-6.22171
2903.571	-0.08048	-6.31849	-0.71235	-6.20110
2907.575	-0.12198	-6.38439	-0.84228	-6.15430
2911.572	-0.13543	-6.41229	-0.89051	-6.19121
2915.595	-0.13670	-6.45658	-0.92043	-6.07905
2919.582	-0.16032	-6.57532	-0.78997	-6.06803
2923.577	-0.14915	-6.67842	-0.74682	-5.97805
2927.577	-0.15948	-6.62247	-0.70432	-5.92932
2931.587	-0.16452	-6.64010	-0.69149	-5.86018
2935.576	-0.23554	-6.68924	-0.67064	-5.82799
2939.571	-0.27339	-6.72908	-0.75662	-5.88384
2943.572	-0.30483	-6.71046	-0.85352	-5.87812
2947.580	-0.26666	-6.73293	-0.84682	-5.92570
2951.600	-0.25470	-6.75648	-0.81151	-5.98755
2955.574	-0.20467	-6.74972	-0.69476	-6.03981
2959.581	-0.28684	-6.68721	-0.71933	-6.07233
2963.578	-0.35695	-6.62744	-0.70655	-6.06512
2967.585	-0.29615	-6.58712	-0.71258	-6.02639
2971.585	-0.37668	-6.62959	-0.69037	-6.02175
2975.571	-0.40197	-6.62356	-0.72632	-6.10809
2979.565	-0.34017	-6.61068	-0.82270	-6.14983
2983.596	-0.28021	-6.60756	-0.81779	-6.04713
2987.594	-0.22594	-6.64412	-0.78863	-6.03769
2991.576	-0.16350	-6.67030	-0.73997	-5.99451
2995.568	-0.12999	-6.69808	-0.80488	-5.96050
2999.574	-0.17936	-6.68559	-0.79543	-5.91398
3003.592	-0.18894	-6.74485	-0.78019	-5.95259
3007.579	-0.10999	-6.74698	-0.85468	-5.99680
3011.572	-0.12970	-6.70141	-0.87575	-6.02512
3015.603	-0.06266	-6.71275	-1.05607	-6.06795
3019.589	-0.06981	-6.64791	-1.02206	-6.01214
3023.579	-0.06753	-6.62506	-1.09748	-6.01725
3027.575	-0.09590	-6.60390	-1.14280	-6.05320
3031.577	-0.05480	-6.54027	-1.16555	-6.02891
3035.581	-0.07038	-6.42435	-1.12950	-6.00893
3039.588	-0.06396	-6.41772	-1.04332	-6.00918
3043.587	-0.04430	-6.33094	-1.01829	-5.95110
3047.578	-0.01698	-6.23345	-0.94616	-5.83977
3051.571	-0.02253	-6.15702	-0.88267	-5.77091
3055.591	0.02308	-6.07207	-0.87967	-5.68239
3059.578	0.01204	-5.93483	-0.76692	-5.60868
3063.577	0.03134	-5.90498	-0.73838	-5.50689
3067.585	0.04147	-5.89433	-0.69114	-5.43239
3071.582	0.05016	-5.91272	-0.57771	-5.37781
3075.580	0.06718	-5.88858	-0.51443	-5.31976
3079.571	0.06113	-5.81343	-0.45740	-5.23793
3083.582	0.08540	-5.72049	-0.44735	-5.19580
3087.586	0.11975	-5.70609	-0.39467	-5.13717
3091.572	0.15446	-5.72387	-0.37025	-5.10206
3095.583	0.24046	-5.74013	-0.38328	-5.08009
3099.574	0.22981	-5.81127	-0.39388	-5.03521
3103.591	0.24133	-5.88265	-0.46929	-5.01398
3107.575	0.21750	-5.88736	-0.48572	-5.00585
3111.574	0.19589	-5.86386	-0.47723	-4.99925
3115.568	0.18909	-5.85238	-0.59692	-4.98650
3119.568	0.10212	-5.92085	-0.62873	-4.99607
3123.571	0.03991	-5.94360	-0.69427	-5.01647
3127.572	-0.09163	-5.97504	-0.78836	-5.02731
3131.568	-0.17462	-6.03083	-0.81027	-5.09032
3135.569	-0.26748	-6.08193	-0.92688	-5.11964
3139.595	-0.23929	-6.08189	-0.96539	-5.14537
3143.577	-0.25986	-6.11967	-1.03106	-5.21362
3147.582	-0.30734	-6.08461	-1.01484	-5.29875
3151.579	-0.33099	-6.19108	-1.01950	-5.30973
3155.591	-0.32270	-6.25837	-1.05404	-5.40313
3159.574	-0.35653	-6.33377	-1.03975	-5.43214
3163.577	-0.36392	-6.29309	-1.00119	-5.44769
3167.572	-0.40683	-6.30418	-0.93691	-5.46584
3171.583	-0.36821	-6.37421	-0.95011	-5.47658
3175.582	-0.29706	-6.38964	-0.84823	-5.51061
3179.606	-0.26453	-6.33581	-0.71910	-5.49593
3183.578	-0.21209	-6.39172	-0.71059	-5.50766
3187.569	-0.21085	-6.38065	-0.63501	-5.44890
3191.588	-0.20038	-6.48197	-0.65501	-5.41536
3195.577	-0.20246	-6.52600	-0.69020	-5.38486
3199.573	-0.28840	-6.55306	-0.67940	-5.36480
3203.576	-0.31220	-6.56433	-0.76876	-5.33157
3207.591	-0.31290	-6.58228	-0.85974	-5.31930
3211.569	-0.30034	-6.65996	-0.94152	-5.32485
3215.568	-0.27890	-6.73567	-0.90679	-5.36421
3219.595	-0.28438	-6.82069	-0.82414	-5.37622
3223.447	-0.26786	-6.85805	-0.89872	-5.42271
3227.444	-0.33590	-6.86894	-0.95299	-5.45917
3231.452	-0.37429	-6.85254	-0.86592	-5.42800
3235.447	-0.36784	-6.84412	-0.85314	-5.43758
3239.460	-0.37921	-6.74074	-0.84074	-5.47920
3243.456	-0.27647	-6.76975	-0.78615	-5.49449
3247.457	-0.09562	-6.76990	-0.76585	-5.51611
3251.439	-0.15546	-6.75626	-0.66752	-5.54527
3255.446	-0.16551	-6.69653	-0.62506	-5.58958
3259.444	-0.09751	-6.68684	-0.59466	-5.56906
3263.445	0.12297	-6.62049	-0.16799	-5.51904
3267.442	1.36060	-6.51873	0.82920	-5.48412
3271.514	2.83063	-6.51443	3.16243	-5.54202
3275.448	3.26332	-6.51538	4.10732	-6.01149
3279.450	4.22330	-6.54160	4.55645	-5.85976
3283.446	5.07813	-6.57707	6.16712	-6.09245
3287.486	6.70847	-6.74886	7.42776	-6.59080
3291.460	8.48207	-6.75498	8.83522	-8.24831
3295.446	8.87551	-6.85336	9.48782	-8.49818
3299.448	10.33250	-7.01509	11.03358	-8.64670
3303.441	10.33305	-7.28290	11.11602	-8.66561
3307.458	10.58481	-6.88518	11.23697	-8.60185
3311.445	10.10398	-7.04743	10.98908	-8.49050
3315.444	9.56108	-7.01425	10.46184	-8.51346
3319.438	9.53921	-6.97546	10.39931	-8.38264
3323.446	10.08977	-6.99357	10.66915	-8.06142
3327.443	10.17685	-7.03431	10.69450	-8.07467
3331.441	10.03688	-6.80332	10.68391	-8.11183
3335.445	10.26831	-6.83362	10.56606	-8.08757
3339.438	10.15271	-6.71936	10.52170	-8.09809
3343.464	10.15947	-6.64684	10.49335	-8.11352
3347.454	10.17077	-6.53292	10.43131	-8.00727
3351.449	10.19894	-6.40952	10.40644	-8.00301
3355.469	10.18707	-6.41282	10.42147	-7.98238
3359.461	10.16413	-6.48728	10.42240	-7.96802
3363.448	10.24048	-6.39058	10.38809	-7.92268
3367.445	10.21839	-6.43606	10.41205	-7.95768
3371.445	10.21017	-6.44487	10.43551	-7.95803
3375.442	10.20601	-6.60218	10.41076	-7.95556
3379.445	10.21623	-6.58826	10.39040	-7.97103
3383.446	10.21654	-6.56762	10.42365	-7.94749
3387.447	10.05830	-6.97098	10.43128	-7.90031
3391.455	10.03537	-7.24908	10.42545	-7.88796
3395.446	9.86565	-7.55026	10.42087	-7.86487
3399.443	9.98299	-7.48163	10.42442	-7.84353
3403.436	10.02126	-7.44833	10.39643	-7.81110
3407.442	9.86567	-7.67415	10.41664	-7.78838
3411.441	9.81532	-7.80215	10.41952	-7.76082
3415.435	9.67536	-7.83892	10.38663	-7.73518
3419.446	9.73971	-7.85217	10.39155	-7.71463
3423.474	9.72575	-7.86872	10.36744	-7.61467
3427.451	9.67787	-7.85839	10.26590	-7.59889
3431.439	9.86425	-7.84789	10.21685	-7.57725
3435.449	9.95230	-7.89144	10.13119	-7.59676
3439.444	9.97378	-7.82054	10.04660	-7.55519
3443.445	10.07615	-7.76476	10.01147	-7.53724
3447.453	10.00658	-7.76874	9.94486	-7.51846
3451.443	10.02928	-7.67795	9.96234	-7.50596
3455.438	10.11459	-7.46890	9.94342	-7.49689
3459.445	10.13075	-7.51838	9.88266	-7.47487
3463.451	10.28645	-7.38801	9.88458	-7.48735
3467.444	10.19310	-6.96035	9.88531	-7.46947
3471.449	10.19969	-6.90868	9.90474	-7.43768
3475.448	10.19589	-6.71381	9.93915	-7.33024
3479.441	10.23776	-6.81351	9.91035	-7.32368
3483.447	10.19868	-6.86818	9.96104	-7.25303
3487.447	10.18947	-6.92109	9.94859	-7.20646
3491.457	10.19539	-6.98297	9.98976	-7.15762
3495.450	10.30031	-6.97842	10.03359	-7.13910
3499.442	10.37614	-7.02378	10.00004	-7.16513
3503.435	10.31946	-7.14195	9.92158	-7.11883
3507.445	10.36247	-7.08557	9.96210	-7.07141
3511.442	10.32022	-7.09162	9.98511	-7.07707
3515.443	10.36718	-7.21606	10.06484	-7.12673
3519.436	10.40817	-7.32385	10.09357	-7.30970
3523.442	10.37470	-7.62022	10.07921	-7.40238
3527.442	10.36900	-7.84423	10.12320	-7.53779
3531.446	10.32573	-7.67588	10.05118	-7.51519
3535.441	10.20986	-7.69657	10.01229	-7.48857
3539.441	9.98259	-7.78977	10.01222	-7.52662
3543.437	9.98721	-7.77590	9.91984	-7.59521
3547.443	10.04136	-7.89749	9.97204	-7.59752
3551.436	9.94457	-7.99328	10.06621	-7.70203
3555.445	10.07803	-7.91917	10.04189	-7.64338
3559.450	9.93771	-8.05826	10.02326	-7.67062
3563.507	10.01272	-8.03722	10.00008	-7.59000
3567.452	9.92791	-7.98352	9.89523	-7.52628
3571.442	9.88439	-7.96517	9.91741	-7.46105
3575.437	9.86233	-7.96892	9.95695	-7.43150
3579.450	9.85175	-8.00958	9.94318	-7.50553
3583.439	10.01055	-7.96727	9.93347	-7.48771
3587.436	10.04237	-8.00182	9.90997	-7.40815
3591.440	10.15475	-7.96435	9.99623	-7.35466
3595.438	10.03277	-7.94748	9.96754	-7.36444
3599.435	9.95690	-7.94262	9.88743	-7.27744
3603.439	9.89966	-7.92029	9.79383	-7.26885
3607.437	9.89147	-7.90189	9.84879	-7.28693
3611.435	10.08488	-7.89997	9.88711	-7.26239
3615.459	9.99874	-7.87014	9.86772	-7.37244
3619.446	10.07718	-7.87409	9.86495	-7.39357
3623.442	9.93034	-7.85397	9.86086	-7.32099
3627.500	9.72313	-7.86308	9.83520	-7.23263
3631.449	9.68539	-7.86244	9.89598	-7.25198
3635.434	9.67427	-7.91428	9.86912	-7.19744
3639.430	9.75261	-7.97808	9.83161	-7.20435
3643.442	9.95630	-7.90446	9.85026	-7.17490
3647.433	10.13549	-7.81746	9.85132	-7.22828
3651.440	10.07394	-7.78650	9.82722	-7.20615
3655.437	9.93641	-7.86545	9.81262	-7.28545
3659.435	10.04463	-7.78640	9.81407	-7.30583
3663.430	9.93058	-7.86900	9.79985	-7.35954
3667.462	10.06956	-7.83182	9.74550	-7.24502
3671.460	10.10090	-7.83827	9.74637	-7.28939
3675.441	10.05462	-7.83448	9.65729	-7.23811
3679.446	10.04309	-7.91917	9.64704	-7.24469
3683.462	10.02644	-7.84868	9.69190	-7.20307
3687.440	9.97098	-7.85610	9.70041	-7.18531
3691.440	9.90496	-7.93085	9.74487	-7.20903
3695.462	9.85765	-7.95834	9.76136	-7.14462
3699.455	9.83527	-7.90873	9.79850	-7.10793
3703.440	9.83272	-7.92111	9.83486	-7.03347
3707.435	9.79780	-7.87506	9.85975	-7.00297
3711.463	9.79428	-7.83612	9.84072	-7.00559
3715.429	9.74555	-7.87366	9.84922	-6.99588
3719.437	9.62437	-7.93380	9.91946	-6.96320
3723.432	9.65561	-7.96762	9.91093	-6.95226
3727.436	9.58270	-7.97977	9.88201	-7.00416
3731.427	9.54906	-7.96123	9.85536	-7.02793
3735.436	9.59124	-7.98659	9.79619	-7.04859
3739.433	9.44373	-7.98560	9.76122	-7.06941
3743.434	9.56586	-7.99860	9.75020	-7.10170
3747.446	9.64948	-8.08618	9.71823	-7.14363
3751.437	9.68315	-8.18102	9.69699	-7.09124
3755.432	9.63640	-8.24072	9.72795	-7.07899
3759.435	9.65387	-8.34299	9.77782	-7.04721
3763.443	9.94460	-8.35112	9.75714	-7.06627
3767.469	9.97045	-8.43028	9.76201	-7.05811
3771.462	10.17678	-8.51965	9.77585	-7.02361
3775.439	10.15687	-8.55285	9.78402	-6.99758
3779.436	10.29284	-8.58928	9.77977	-6.98455
3783.443	10.27482	-8.61991	9.75174	-6.96575
3787.443	10.17271	-8.69294	9.70121	-6.90204
3791.436	10.06722	-8.66663	9.67512	-6.89593
3795.441	10.16723	-8.53193	9.66318	-6.89772
3799.454	10.29957	-8.37895	9.63286	-6.90623
3803.435	10.28318	-8.40869	9.60000	-6.89902
3807.428	10.20844	-8.34963	9.56800	-6.89930
3811.435	10.11680	-8.29820	9.52191	-6.89825
3815.432	10.01092	-8.15711	9.51322	-6.89238
3819.433	9.99019	-8.09179	9.57761	-6.86682
3823.426	10.07774	-8.13450	9.59522	-6.85751
3827.435	9.98295	-8.12577	9.67560	-6.84565
3831.454	10.05635	-8.09820	9.70504	-6.85044
3835.435	10.18103	-8.06076	9.75087	-6.80368
3839.428	10.25365	-8.11300	9.73082	-6.79537
3843.434	10.27395	-8.09662	9.86396	-6.79004
3847.431	10.18216	-8.10355	9.89713	-6.83128
3851.430	10.23197	-8.06138	9.91772	-6.83745
3855.435	10.11695	-8.06063	9.94098	-6.83035
3859.440	10.11012	-7.98248	9.92343	-6.86923
3863.432	9.93814	-7.92566	9.88576	-6.88391
3867.427	9.96123	-7.85112	9.79881	-6.89473
3871.441	9.85488	-7.90771	9.68165	-6.90080
3875.432	10.03113	-7.79508	9.63095	-6.91952
3879.455	10.13352	-7.80795	9.57660	-6.93554
3883.455	9.94693	-7.84452	9.54626	-6.96163
3887.441	9.93846	-7.83775	9.56535	-6.93234
3891.442	9.97854	-7.81713	9.54450	-6.91100
3895.440	9.94679	-7.82610	9.54650	-6.90312
3899.466	10.03464	-7.79651	9.54093	-6.89074
3903.438	9.96429	-7.81869	9.59978	-6.83988
3907.431	9.89427	-7.83459	9.65693	-6.80077
3911.438	9.91346	-7.91275	9.60630	-6.77767
3915.435	9.94416	-7.83466	9.73002	-6.75179
3919.436	9.94903	-7.82285	9.78334	-6.72848
3923.434	9.88213	-7.91621	9.79344	-6.71318
3927.438	9.84214	-7.83894	9.79402	-6.70416
3931.433	9.87374	-7.80211	9.84893	-6.72876
3935.440	9.83192	-7.78922	9.88986	-6.75007
3939.432	9.75965	-7.78099	9.88569	-6.77811
3943.438	9.77129	-7.80575	9.82233	-6.82427
3947.432	9.76305	-7.71638	9.77071	-6.86315
3951.439	9.80884	-7.71891	9.71850	-6.89089
3955.435	9.82930	-7.67501	9.70061	-6.90379
3959.437	9.87928	-7.75045	9.65155	-6.90822
3963.437	9.88150	-7.68771	9.63889	-6.93867
3967.505	9.88186	-7.69210	9.63585	-6.94463
3971.439	9.84382	-7.72789	9.60087	-6.94744
3975.433	9.82142	-7.68991	9.55879	-6.96061
3979.428	9.81751	-7.70032	9.54102	-6.97736
3983.424	9.79462	-7.62339	9.52121	-6.97349
3987.428	9.81443	-7.59894	9.51790	-6.94851
3991.431	9.79134	-7.61555	9.55500	-6.94632
3995.432	9.77081	-7.68583	9.57790	-6.93520
3999.425	9.68250	-7.67289	9.63640	-6.92547
4003.431	9.64673	-7.61070	9.65302	-6.91956
4007.430	9.65073	-7.64189	9.71924	-6.91343
4011.432	9.62635	-7.68823	9.78406	-6.91383
4015.424	9.64432	-7.64091	9.84672	-6.93548
4019.432	9.62181	-7.65058	9.89947	-6.94526
4023.455	9.61795	-7.63745	9.94041	-6.91939
4027.441	9.63903	-7.65188	9.89891	-6.93254
4031.434	9.62280	-7.66815	9.96273	-6.92210
4035.437	9.63674	-7.66606	9.92408	-6.96640
4039.437	9.60811	-7.65919	9.84794	-6.96675
4043.431	9.62577	-7.70672	9.85715	-7.00235
4047.433	9.66897	-7.66218	9.87733	-7.01656
4051.430	9.68698	-7.67849	9.85100	-7.03332
4055.423	9.71281	-7.75947	9.86165	-7.05456
4059.441	9.71722	-7.77680	9.93275	-7.04319
4063.430	9.76295	-7.85221	9.93429	-7.03334
4067.429	9.78320	-7.89888	9.89381	-7.02422
4071.344	9.83055	-7.81629	9.92003	-6.99859
4075.314	9.85850	-7.85478	9.94823	-6.98164
4079.303	9.91380	-7.83627	9.94289	-6.94244
4083.298	10.02302	-7.93351	9.99416	-6.90651
4087.303	10.07788	-7.90972	10.00767	-6.83469
4091.302	10.15413	-8.02203	10.06840	-6.76348
4095.304	10.12695	-8.02335	10.05522	-6.72435
4099.302	10.04819	-7.95630	10.06694	-6.69971
4103.307	9.99171	-7.94051	10.05216	-6.67501
4107.377	9.84628	-7.95722	10.03628	-6.66351
4111.333	9.98085	-7.91338	10.04682	-6.64717
4115.303	9.88249	-7.96803	10.06530	-6.64947
4119.310	9.76587	-8.01837	10.08471	-6.67463
4123.314	9.74147	-8.03701	10.05103	-6.66439
4127.304	9.75656	-8.07067	10.01609	-6.64782
4131.297	9.76177	-8.07777	10.01662	-6.65993
4135.304	9.76811	-8.06809	9.95545	-6.66109
4139.302	9.83161	-8.11502	9.94664	-6.67750
4143.303	9.86926	-8.11723	9.88916	-6.66946
4147.309	9.88983	-8.16809	9.89374	-6.67166
4151.296	9.99318	-8.16156	9.81298	-6.66125
4155.303	10.07201	-8.16689	9.78782	-6.68653
4159.305	10.04316	-8.16691	9.73646	-6.66460
4163.297	10.12902	-8.13427	9.69848	-6.63623
4167.305	10.16692	-8.11626	9.67924	-6.63917
4171.350	10.19721	-8.15828	9.65915	-6.62533
4175.310	10.13590	-8.12446	9.60417	-6.62379
4179.302	10.10725	-8.03019	9.58827	-6.61392
4183.311	10.11615	-7.96597	9.58738	-6.59080
4187.308	10.04831	-8.02742	9.68611	-6.56387
4191.309	9.95560	-7.93218	9.69241	-6.53998
4195.307	9.87654	-7.92931	9.71604	-6.52052
4199.301	9.87767	-7.82672	9.69610	-6.51803
4203.301	9.74938	-7.82322	9.73357	-6.50756
4207.295	9.66361	-7.88417	9.73371	-6.52760
4211.310	9.60816	-7.89194	9.71729	-6.54680
4215.301	9.59937	-7.89577	9.76355	-6.58353
4219.296	9.63489	-7.88007	9.80580	-6.61965
4223.326	9.59312	-7.90928	9.83077	-6.62741
4227.317	9.60813	-7.92735	9.82677	-6.64894
4231.297	9.56948	-7.92187	9.78807	-6.69428
4235.304	9.61812	-7.97011	9.77047	-6.75033
4239.327	9.60220	-7.99169	9.77025	-6.77777
4243.322	9.60483	-8.02486	9.77794	-6.79213
4247.305	9.63706	-8.05487	9.77527	-6.81389
4251.301	9.64748	-8.04497	9.78129	-6.80283
4255.300	9.69161	-8.05824	9.78992	-6.80490
4259.295	9.76592	-8.11296	9.77165	-6.79257
4263.304	9.74249	-8.13676	9.76821	-6.79071
4267.300	9.71963	-8.14321	9.77963	-6.79885
4271.370	9.72650	-8.17525	9.77951	-6.79673
4275.308	9.72850	-8.21007	9.77373	-6.78098
4279.305	9.73723	-8.22195	9.75059	-6.76805
4283.304	9.77522	-8.26722	9.74089	-6.75844
4287.301	9.76454	-8.27928	9.74362	-6.71879
4291.305	9.74183	-8.29859	9.76078	-6.67876
4295.304	9.76334	-8.32894	9.73378	-6.67645
4299.298	9.68445	-8.35507	9.72120	-6.62856
4303.308	9.66721	-8.36089	9.73641	-6.61538
4307.314	9.60955	-8.36739	9.74478	-6.59064
4311.309	9.65491	-8.40931	9.69441	-6.61004
4315.306	9.67353	-8.41636	9.69455	-6.61120
4319.319	9.69885	-8.41755	9.69149	-6.63664
4323.313	9.64593	-8.43643	9.70832	-6.63056
4327.307	9.58811	-8.40254	9.72233	-6.64657
4331.303	9.62866	-8.40917	9.69467	-6.66598
4335.321	9.62386	-8.39104	9.71529	-6.69061
4339.300	9.59368	-8.42005	9.71818	-6.70679
4343.299	9.67128	-8.38331	9.75087	-6.72585
4347.302	9.67873	-8.42711	9.76608	-6.71455
4351.294	9.75230	-8.37656	9.78693	-6.74510
4355.304	9.75885	-8.36417	9.81416	-6.73639
4359.325	9.74883	-8.35641	9.83173	-6.73707
4363.306	9.76273	-8.37580	9.82840	-6.72504
4367.299	9.77230	-8.37074	9.81816	-6.71537
4371.314	9.76172	-8.37558	9.81549	-6.70337
4375.321	9.70003	-8.37049	9.85864	-6.67840
4379.303	9.68491	-8.39769	9.81016	-6.66522
4383.297	9.66340	-8.35578	9.81961	-6.63517
4387.308	9.70143	-8.32572	9.79539	-6.63367
4391.306	9.64140	-8.27880	9.79293	-6.62229
4395.303	9.60582	-8.25629	9.76495	-6.61062
4399.306	9.57710	-8.14094	9.72298	-6.58058
4403.302	9.56817	-8.12701	9.72472	-6.53005
4407.300	9.62579	-7.94102	9.67878	-6.51534
4411.306	9.69658	-7.97738	9.58444	-6.48933
4415.299	9.79607	-8.01312	9.66311	-6.45886
4419.306	9.83269	-8.08665	9.60697	-6.45598
4423.303	9.95018	-7.98551	9.60632	-6.43228
4427.305	10.06802	-7.96177	9.60982	-6.42728
4431.302	10.17204	-7.96081	9.57737	-6.42499
4435.301	10.18029	-8.09089	9.51085	-6.41757
4439.301	10.16120	-8.02397	9.48627	-6.43591
4443.345	10.17029	-8.05288	9.47633	-6.46567
4447.310	10.12373	-8.08399	9.45981	-6.50000
4451.325	10.06653	-8.12437	9.43685	-6.51744
4455.292	9.98531	-8.21345	9.46580	-6.52420
4459.305	10.06698	-8.18418	9.39557	-6.52518
4463.298	9.99087	-8.17152	9.40977	-6.58141
4467.290	10.00834	-8.24387	9.37916	-6.63959
4471.297	9.93653	-8.25611	9.35012	-6.67326
4475.295	9.90455	-8.29015	9.36759	-6.67508
4479.295	9.92276	-8.32426	9.36078	-6.67083
4483.297	9.94977	-8.40039	9.40185	-6.66161
4487.306	9.96429	-8.42397	9.38035	-6.63884
4491.298	9.98297	-8.41646	9.35143	-6.60961
4495.291	10.03253	-8.39677	9.38272	-6.63727
4499.297	10.07983	-8.38158	9.37842	-6.72012
4503.296	10.03527	-8.36667	9.40112	-6.78486
4507.295	10.06001	-8.26174	9.38136	-6.80229
4511.295	10.03520	-8.12637	9.42066	-6.83326
4515.321	10.07180	-8.01646	9.43793	-6.83026
4519.304	10.05729	-7.95836	9.41405	-6.90752
4523.295	9.98745	-7.73375	9.44518	-6.93323
4527.296	9.98646	-7.57124	9.45880	-6.93922
4531.317	9.92292	-7.41055	9.47905	-6.95770
4535.309	9.90881	-7.45294	9.46111	-6.99291
4539.296	9.86143	-7.33827	9.43641	-7.00113
4543.290	9.82385	-7.22109	9.42392	-6.96984
4547.303	9.77348	-7.16570	9.44506	-6.92884
4551.315	9.69098	-7.13936	9.45889	-6.86568
4555.304	9.62808	-7.11142	9.40001	-6.82085
4559.300	9.62731	-7.04033	9.39363	-6.79146
4563.324	9.56482	-7.00577	9.42045	-6.76730
4567.300	9.51423	-6.98275	9.39545	-6.74610
4571.299	9.45114	-7.00132	9.39905	-6.71977
4575.294	9.42482	-6.96939	9.37629	-6.71411
4579.299	9.37856	-6.94726	9.33860	-6.70494
4583.321	9.33294	-6.96827	9.39830	-6.66961
4587.309	9.25816	-7.00043	9.36370	-6.65926
4591.296	9.23720	-7.02314	9.37213	-6.64238
4595.294	9.20661	-7.04247	9.35901	-6.64232
4599.322	9.14905	-7.05687	9.36733	-6.63955
4603.300	9.08832	-7.07850	9.41047	-6.62361
4607.301	9.04323	-7.17422	9.41337	-6.60588
4611.305	9.04466	-7.17743	9.42035	-6.56278
4615.299	9.06768	-7.10826	9.38900	-6.52439
4619.294	9.31658	-6.99058	9.42395	-6.45374
4623.294	9.40153	-6.65336	9.48367	-6.35872
4627.288	9.75015	-6.03206	9.52179	-6.19944
4631.297	9.90366	-6.02043	9.55801	-6.03996
4635.294	9.95247	-6.26811	9.59445	-5.84602
4639.289	10.02377	-6.20006	9.61050	-5.93362
4643.322	9.99472	-6.13873	9.64506	-5.84483
4647.321	9.90795	-6.31353	9.66827	-5.82952
4651.292	10.07394	-6.13117	9.69229	-5.78656
4655.296	10.13393	-6.10027	9.72141	-5.75224
4659.310	10.15418	-6.09122	9.75772	-5.69537
4663.297	10.19250	-6.10000	9.79879	-5.66768
4667.295	10.19923	-6.03666	9.72804	-5.61911
4671.301	10.12907	-5.91963	9.72491	-5.62544
4675.310	10.11603	-5.89772	9.72930	-5.63577
4679.295	9.91016	-5.96280	9.71201	-5.66718
4683.288	10.08346	-5.89042	9.75664	-5.64470
4687.300	10.07620	-5.75469	9.67406	-5.61059
4691.291	10.04011	-5.81227	9.68549	-5.59602
4695.302	10.03720	-5.57021	9.69875	-5.57923
4699.288	9.83212	-5.71010	9.63394	-5.54753
4703.295	9.77076	-5.68967	9.63071	-5.53125
4707.292	9.51812	-5.66888	9.57317	-5.50771
4711.297	9.72028	-5.63939	9.55700	-5.46976
4715.643	9.49912	-5.73906	9.48700	-5.40551
4719.297	9.49376	-5.73044	9.42185	-5.30762
4723.295	9.47447	-5.76017	9.39719	-5.25715
4727.298	9.47565	-5.72290	9.34906	-5.16403
4731.291	9.49238	-5.70464	9.32052	-5.11498
4735.296	9.48461	-5.70101	9.30667	-5.06579
4739.291	9.47082	-5.70580	9.24767	-5.01339
4743.293	9.57742	-5.63315	9.26270	-4.92808
4747.296	9.60159	-5.62215	9.19556	-5.02413
4751.287	9.62753	-5.59411	9.14418	-5.06162
4755.294	9.64487	-5.56936	9.12493	-5.14584
4759.295	9.68503	-5.50724	9.13081	-5.14337
4763.293	9.69479	-5.50885	9.13238	-5.17318
4767.287	9.77859	-5.42732	9.14970	-5.23568
4771.297	9.80019	-5.44435	9.15384	-5.28885
4775.292	9.83898	-5.46395	9.16593	-5.32656
4779.295	9.83390	-5.49547	9.15986	-5.41480
4783.297	9.83554	-5.52184	9.19145	-5.44719
4787.320	9.80014	-5.55944	9.16842	-5.46074
4791.297	9.85674	-5.55687	9.21174	-5.44027
4795.297	9.89925	-5.55378	9.23696	-5.42228
4799.292	9.89480	-5.55563	9.21655	-5.38078
4803.310	9.92485	-5.53723	9.21798	-5.35783
4807.299	10.03551	-5.52464	9.25190	-5.33607
4811.293	10.01130	-5.60791	9.28647	-5.34296
4815.286	10.06085	-5.58558	9.27051	-5.34695
4819.293	10.00355	-5.54162	9.27777	-5.33976
4823.291	9.98584	-5.52927	9.33222	-5.34100
4827.291	9.88535	-5.50719	9.31346	-5.36056
4831.285	10.02526	-5.43581	9.32697	-5.37147
4835.297	9.67012	-5.51422	9.32091	-5.43278
4839.300	9.77394	-5.47499	9.37863	-5.44510
4843.291	9.77712	-5.49811	9.33287	-5.49205
4847.293	9.67910	-5.54762	9.34515	-5.53656
4851.393	9.53603	-5.56891	9.28456	-5.58175
4855.321	9.35984	-5.58298	9.20838	-5.62270
4859.288	9.51278	-5.55010	9.21962	-5.68461
4863.291	9.44448	-5.61637	9.20564	-5.71293
4867.285	9.38479	-5.65812	9.20547	-5.74849
4871.293	9.37482	-5.71434	9.20332	-5.76858
4875.299	9.46331	-5.70427	9.13901	-5.79827
4879.291	9.53878	-5.70676	9.14213	-5.78715
4883.285	9.69812	-5.70198	9.09829	-5.78271
4887.291	9.46739	-5.77705	9.11484	-5.75793
4891.292	9.67748	-5.67989	9.12144	-5.75741
4895.295	9.56448	-5.74325	9.09248	-5.76640
4899.293	9.70545	-5.73011	9.14738	-5.73779
4903.287	9.62024	-5.82402	9.13231	-5.72943
4907.286	9.51575	-5.93099	9.14493	-5.72141
4911.294	9.62483	-5.86082	9.08302	-5.73352
4915.288	9.72028	-5.87366	9.04902	-5.73593
4919.311	9.59493	-5.89935	9.03006	-5.74167
4923.307	9.49960	-5.87678	9.00053	-5.78504
4927.166	9.55582	-5.89660	9.00256	-5.83785
4931.162	9.56009	-5.90967	8.98537	-5.82568
4935.165	9.40755	-5.98986	8.98121	-5.86993
4939.158	9.24900	-6.06164	8.97358	-5.90743
4943.165	9.21372	-6.14526	8.94089	-5.91632
4947.161	9.31987	-5.96965	8.99348	-5.88550
4951.167	9.34244	-5.95493	8.97646	-5.88599
4955.161	9.29432	-5.88299	9.02648	-5.85344
4959.170	9.22808	-5.95279	9.04831	-5.79764
4963.167	9.33401	-5.86061	9.05071	-5.74309
4967.164	9.38745	-5.85108	9.07031	-5.72983
4971.163	9.28741	-5.84714	9.06884	-5.68996
4975.157	9.36943	-5.85126	9.10431	-5.68868
4979.167	9.34544	-5.79240	9.11726	-5.66882
4983.169	9.46606	-5.75769	9.14844	-5.63552
4987.178	9.48917	-5.74468	9.17916	-5.60173
4991.194	9.57635	-5.64572	9.19343	-5.59514
4995.167	9.58642	-5.54034	9.11893	-5.23044
4999.171	9.34386	-3.88198	8.59548	-3.26815
5003.169	6.85038	-2.44179	6.42131	-1.68022
5007.183	4.86372	0.10765	4.55080	0.36856
5011.158	3.96666	1.22623	3.19632	1.59909
5015.174	3.07946	2.54791	2.17712	3.99630
5019.163	1.96464	3.46951	1.35769	4.16769
5023.167	0.94929	4.73579	-0.35978	5.94268
5027.168	-0.63717	5.79357	-0.72774	6.69570
5031.163	-0.82592	7.28621	-1.06959	6.94438
5035.160	-1.43349	7.45226	-1.61327	8.17407
5039.165	-1.82135	7.67594	-2.14592	9.06781
5043.161	-1.78684	8.34768	-2.50955	8.89151
5047.183	-1.77491	8.78144	-2.39535	9.03216
5051.162	-1.77189	8.85142	-2.19938	9.05512
5055.165	-1.73961	8.56846	-2.13341	8.99898
5059.161	-1.74280	8.69729	-2.17906	8.97471
5063.160	-1.61686	8.79900	-2.44794	9.15768
5067.168	-1.62805	8.77790	-2.51128	9.23626
5071.169	-1.74365	8.82267	-2.61947	9.32101
5075.168	-1.78421	8.80204	-2.71302	9.27907
5079.159	-1.83402	8.82297	-2.83279	9.33541
5083.158	-1.80400	8.84172	-2.93693	9.60612
5087.159	-1.85958	8.83138	-3.02571	9.70347
5091.156	-1.89882	8.80199	-3.14053	9.83279
5095.155	-2.00043	8.75101	-3.15533	9.89351
5099.156	-2.09504	8.73930	-3.17077	9.96722
5103.155	-2.13209	8.71735	-3.21332	10.10254
5107.165	-2.09955	8.65738	-3.22520	10.11246
5111.163	-2.15162	8.64069	-3.19573	10.13469
5115.162	-2.18580	8.59702	-3.13479	10.23606
5119.161	-2.20929	8.58145	-3.16171	10.27837
8203.179	-0.62590	-3.72310	-0.66900	-2.74206
8210.024	-0.56580	-3.88431	-0.89384	-2.59298
8212.723	-0.40886	-3.94927	-0.91140	-2.55689
8215.335	-0.16978	-3.98494	-0.81372	-2.48879
8218.747	-0.10533	-3.96371	-0.79933	-2.52989
8222.734	0.06805	-3.94924	-0.78684	-2.51212
8226.740	0.13766	-3.99417	-0.76766	-2.51277
8230.736	-0.02375	-3.94848	-0.80114	-2.55724
8234.728	0.17941	-4.01953	-0.84520	-2.52493
8238.735	0.06363	-4.00308	-0.82930	-2.60934
8242.739	-0.00702	-3.92214	-0.81007	-2.68004
8246.734	0.01420	-3.86048	-0.82317	-2.74167
8250.729	-0.00444	-3.85654	-0.81416	-2.84117
8254.736	-0.03842	-3.79443	-0.77620	-2.87998
8258.735	0.03000	-3.67486	-0.75811	-2.80611
8262.733	-0.01688	-3.56250	-0.74625	-2.76219
8266.727	-0.00817	-3.60203	-0.74831	-2.81417
8270.736	-0.07649	-3.48603	-0.72288	-2.91058
8274.766	-0.10485	-3.49442	-0.71325	-2.91970
8278.739	-0.17261	-3.39252	-0.69558	-2.94041
8282.739	-0.25024	-3.32797	-0.66096	-2.97148
8286.747	-0.29292	-3.30230	-0.62948	-3.00304
8290.739	-0.28423	-3.37365	-0.60640	-3.05271
8294.731	-0.27684	-3.41988	-0.59761	-3.05745
8298.731	-0.29471	-3.38638	-0.62593	-3.13919
8302.726	-0.12136	-3.50360	-0.62555	-3.09539
8306.753	-0.16653	-3.52706	-0.65352	-3.14586
8310.737	-0.16164	-3.67096	-0.65563	-3.14247
8314.739	-0.14288	-3.72222	-0.70881	-3.13022
8318.741	-0.11771	-3.63301	-0.76178	-3.10853
8322.737	0.02665	-3.72784	-0.80193	-3.09708
8326.733	0.06383	-3.79660	-0.82396	-3.06292
8330.735	0.09413	-3.72309	-0.82756	-3.03978
8334.730	0.13876	-3.66161	-0.84506	-3.01321
8338.734	0.19241	-3.59112	-0.85431	-3.01151
8342.737	0.21291	-3.48692	-0.87180	-2.99272
8346.611	0.17779	-3.41332	-0.88654	-2.98208
8350.606	0.19117	-3.37283	-0.84307	-2.95968
8354.611	0.19996	-3.33511	-0.84406	-2.93027
8358.605	0.19090	-3.28182	-0.82354	-2.93918
8362.605	0.18310	-3.27399	-0.77523	-3.02324
8366.600	0.16466	-3.31001	-0.71588	-3.05730
8370.609	0.16253	-3.26340	-0.67883	-3.09246
8374.611	0.12225	-3.22011	-0.66605	-3.13273
8378.605	0.10101	-3.21805	-0.70851	-3.15836
8382.599	0.13156	-3.31356	-0.74082	-3.18527
8386.618	0.18390	-3.50723	-0.70742	-3.18762
8390.610	0.14558	-3.55989	-0.68635	-3.23801
8394.603	0.19549	-3.74245	-0.72513	-3.31667
8398.610	0.16352	-4.03670	-0.70985	-3.36229
8402.605	0.17067	-4.25027	-0.67541	-3.39010
8406.601	0.19261	-4.31399	-0.73000	-3.39702
8410.608	0.17422	-4.41116	-0.79761	-3.41863
8414.610	0.18765	-4.37084	-0.86627	-3.42080
8418.606	0.26460	-4.40844	-0.94036	-3.46841
8422.605	0.50359	-4.40921	-0.90617	-3.45468
8426.608	0.32245	-4.48314	-0.82481	-3.46777
8430.603	0.28808	-4.48658	-0.80104	-3.50582
8434.632	0.23765	-4.54135	-0.82372	-3.52840
8438.614	0.20435	-4.50904	-0.76957	-3.60957
8442.610	0.09433	-4.21998	-0.81573	-3.64049
8446.619	0.15322	-4.07067	-0.84163	-3.63275
8450.606	0.18338	-3.91599	-0.88773	-3.65780
8454.608	0.23455	-4.09199	-0.81220	-3.69971
8458.640	0.30327	-4.39558	-0.82253	-3.73731
8462.609	0.13106	-4.15727	-0.83481	-3.71632
8466.606	0.07205	-4.01512	-0.78823	-3.73224
8470.638	0.13305	-4.29577	-0.87557	-3.70497
8474.598	0.11890	-4.14969	-0.85917	-3.68452
8478.607	0.02417	-4.07170	-0.88088	-3.63410
8482.677	0.06837	-3.91405	-0.91247	-3.62479
8486.630	0.13682	-4.02550	-0.90922	-3.56717
8490.605	0.27098	-4.31273	-0.83419	-3.62860
8494.611	0.15283	-4.34002	-0.80823	-3.61976
8498.618	0.20584	-4.19038	-0.86773	-3.62570
8502.606	0.25376	-4.20408	-0.89334	-3.60936
8506.599	0.21656	-4.05656	-0.81034	-3.64315
8510.606	0.27130	-3.79510	-0.87503	-3.61017
8514.602	0.14610	-3.70779	-0.80456	-3.63370
8518.604	0.30828	-3.83450	-0.81741	-3.68904
8522.599	0.27225	-3.73342	-0.88215	-3.73008
8526.610	0.30009	-4.05206	-0.87235	-3.73961
8530.598	0.32436	-4.49121	-0.86026	-3.79400
8534.635	0.29376	-4.28008	-0.94011	-3.77051
8538.608	0.16345	-3.82444	-0.91316	-3.73566
8542.614	0.23902	-4.12620	-0.93165	-3.72862
8546.644	0.20105	-3.93978	-0.92527	-3.78013
8550.607	0.19797	-4.40165	-0.87768	-3.77647
8554.602	0.15248	-4.32119	-0.88257	-3.82388
8558.597	0.21666	-4.34885	-0.81171	-3.74801
8562.604	0.21418	-4.31668	-0.82776	-3.79423
8566.602	0.18271	-4.40447	-0.78794	-3.75478
8570.603	0.18899	-4.34760	-0.81491	-3.79548
8574.596	0.22894	-4.40114	-0.78426	-3.81742
8578.604	0.19415	-4.29756	-0.70655	-3.80784
8582.605	0.27312	-4.38962	-0.80459	-3.78448
8586.609	0.26845	-4.36914	-0.77367	-3.81041
8590.608	0.28175	-4.38882	-0.74139	-3.76774
8594.600	0.26701	-4.24597	-0.83421	-3.77540
8598.602	0.26120	-4.01632	-0.85086	-3.73320
8602.607	0.36998	-2.69654	-0.78789	-3.79241
8606.602	0.30781	-4.17581	-0.89567	-3.76608
8610.601	0.32330	-4.01348	-0.85438	-3.85307
8614.641	0.24048	-3.99392	-0.85801	-3.83897
8618.659	0.39402	-3.88896	-0.88304	-3.83640
8622.619	0.06289	-3.63895	-0.84955	-3.84150
8626.608	0.26599	-3.87283	-0.87473	-3.84507
8630.605	0.13665	-3.94718	-0.82578	-3.88439
8634.601	0.43155	-4.00950	-0.94083	-3.89510
8638.602	0.31759	-4.22180	-0.85282	-3.89861
8642.596	0.32178	-4.05267	-0.81880	-3.92553
8646.601	0.33871	-3.97861	-0.89545	-3.94241
8650.600	0.33474	-3.76250	-0.79995	-3.91135
8654.610	0.36074	-3.44677	-0.84870	-3.91051
8658.600	0.36561	-3.65502	-0.88438	-3.89979
8662.604	0.39077	-3.83051	-0.81240	-3.92996
8666.602	0.41221	-3.82446	-0.81739	-3.95599
8670.630	0.42284	-3.89184	-0.84471	-3.92948
8674.607	0.41442	-3.72886	-0.86352	-3.91754
8678.608	0.40680	-3.60887	-0.84600	-3.95426
8682.715	0.41132	-3.55102	-0.86615	-4.01086
8686.620	0.40224	-3.21875	-0.89508	-4.01568
8690.600	0.41033	-3.00892	-0.85168	-3.89898
8694.607	0.42105	-2.82004	-0.89106	-3.98468
8698.605	0.39581	-2.87316	-0.92006	-3.97802
8702.613	0.44855	-3.04612	-0.84448	-4.00950
8706.598	0.47110	-3.15486	-0.85443	-4.02378
8710.600	0.58932	-2.70610	-0.86051	-3.99860
8714.598	0.57736	-2.82822	-0.83327	-3.95937
8718.593	0.54002	-2.95343	-0.88118	-3.98216
8722.605	0.53776	-3.10089	-0.90019	-3.95353
8726.604	0.49058	-2.94079	-0.85161	-3.84600
8730.600	0.50805	-2.75372	-0.82550	-3.81184
8734.597	0.51441	-2.97143	-0.87441	-3.88439
8738.598	0.57386	-2.92764	-0.83645	-3.86939
8742.602	0.55508	-2.94787	-0.79610	-3.84175
8746.600	0.54381	-3.08273	-0.77273	-3.83386
8750.649	0.50207	-2.91650	-0.80491	-3.76328
8754.625	0.47078	-2.94174	-0.71781	-3.79665
8758.598	0.52366	-2.85678	-0.83453	-3.81023
8762.607	0.51895	-3.16702	-0.81332	-3.82964
8766.605	0.46713	-2.91260	-0.76965	-3.82471
8770.608	0.51932	-2.90947	-0.71990	-3.79522
8774.611	0.56808	-2.81916	-0.73302	-3.82865
8778.599	0.50781	-2.77211	-0.82935	-3.79668
8782.602	0.54208	-2.63477	-0.81612	-3.89546
8786.594	0.58374	-2.58947	-0.78813	-3.86496
8790.610	0.54225	-2.60985	-0.76707	-3.81994
8794.598	0.55692	-2.57498	-0.73747	-3.86102
8798.593	0.49312	-2.68448	-0.85265	-3.83638
8802.599	0.53982	-2.71341	-0.87476	-3.93806
8806.602	0.52180	-2.64274	-0.89895	-3.91733
8810.600	0.62580	-2.52378	-0.87947	-3.89401
8814.594	0.55984	-2.42964	-0.92299	-3.82389
8818.618	0.56848	-2.34974	-0.94636	-3.76680
8822.644	0.53158	-2.53109	-0.90582	-3.85676
8826.612	0.54366	-2.49602	-0.93247	-3.80686
8830.597	0.51267	-2.67299	-0.97445	-3.76311
8834.600	0.48043	-2.92597	-0.98209	-3.75926
8838.597	0.47200	-2.75594	-1.02298	-3.76765
8842.625	0.48572	-3.04487	-1.00315	-3.71998
8846.603	0.46172	-3.26610	-0.95968	-3.66745
8850.604	0.45646	-2.87371	-0.91234	-3.64540
8854.607	0.43492	-2.59320	-0.87820	-3.63791
8858.601	0.43795	-2.47133	-0.80228	-3.60625
8862.598	0.37273	-2.67626	-0.74159	-3.64773
8866.598	0.46294	-2.76454	-0.75015	-3.58479
8870.591	0.55493	-2.83453	-0.72270	-3.57157
8874.610	0.51416	-2.39040	-0.67039	-3.56196
8878.597	0.51041	-2.67892	-0.65389	-3.59259
8882.598	0.48478	-2.79267	-0.63024	-3.55706
8886.602	0.48557	-2.91053	-0.72414	-3.55882
8890.725	0.52021	-2.62193	-0.73551	-3.60685
8894.615	0.54595	-2.56504	-0.70327	-3.58891
8898.606	0.55362	-2.81264	-0.72561	-3.66598
8902.600	0.51540	-2.64199	-0.75796	-3.71391
8906.604	0.52163	-2.74590	-0.78178	-3.68447
8910.605	0.53768	-2.77140	-0.82550	-3.63031
8914.601	0.48247	-2.76991	-0.82384	-3.66031
8918.601	0.59674	-2.60985	-0.85046	-3.73003
8922.600	0.55863	-2.69603	-0.90833	-3.70390
8926.602	0.60454	-2.67200	-0.88537	-3.73856
8930.596	0.58776	-2.61838	-0.88069	-3.72468
8934.604	0.54615	-2.59298	-0.85751	-3.69737
8938.605	0.52669	-2.75824	-0.80009	-3.59633
8942.604	0.49669	-2.72992	-0.69389	-3.57981
8946.598	0.53401	-2.89309	-0.61838	-3.48281
8950.604	0.54205	-2.88461	-0.41323	-3.43880
8954.613	0.45539	-2.74464	-0.52610	-3.49786
8958.616	0.34906	-2.81947	-0.45269	-3.52432
8962.603	0.39688	-2.68221	-0.51982	-3.53327
8966.600	0.31439	-2.84734	-0.56039	-3.53777
8970.600	0.29458	-2.68452	-0.48981	-3.54692
8974.596	0.34129	-2.89279	-0.46147	-3.53506
8978.604	0.32588	-2.71855	-0.51235	-3.58431
8982.600	0.26376	-2.83072	-0.52947	-3.60942
8986.596	0.27602	-3.13664	-0.54190	-3.69615
8990.603	0.23515	-3.17106	-0.64548	-3.76069
8994.602	0.23100	-3.26564	-0.64957	-3.79151
8998.605	0.23090	-3.31596	-0.69412	-3.81510
9002.597	0.32923	-3.28711	-0.70523	-3.81240
9006.603	0.39646	-3.22457	-0.69183	-3.80837
9010.600	0.45832	-3.10187	-0.66134	-3.80075
9014.599	0.47929	-3.26188	-0.67518	-3.81331
9018.596	0.43383	-3.33942	-0.68506	-3.77290
9022.610	0.41504	-3.26107	-0.67116	-3.73694
9026.603	0.44296	-3.17637	-0.66637	-3.69335
9030.599	0.37226	-3.24125	-0.67233	-3.61180
9034.604	0.36586	-3.15353	-0.68593	-3.66248
9038.596	0.50185	-3.11181	-0.69811	-3.66883
9042.603	0.51830	-3.08536	-0.69752	-3.68796
9046.601	0.41599	-3.02535	-0.72598	-3.69397
9050.601	0.44740	-2.98554	-0.73208	-3.62678
9054.596	0.41149	-2.93666	-0.75781	-3.62208
9058.602	0.39154	-2.91989	-0.76831	-3.59294
9062.601	0.36246	-2.78897	-0.75786	-3.62384
9066.600	0.29662	-2.86459	-0.73682	-3.61982
9070.597	0.24832	-2.84537	-0.67409	-3.60396
9074.603	0.36407	-2.98245	-0.63275	-3.59428
9078.622	0.39338	-2.94073	-0.60660	-3.56430
9082.598	0.43256	-3.05706	-0.56379	-3.51280
9086.604	0.38176	-3.19569	-0.54999	-3.55120
9090.612	0.53121	-3.16060	-0.53423	-3.58596
9094.599	0.63635	-2.98867	-0.57828	-3.60494
9098.602	0.61992	-3.08784	-0.53203	-3.57678
9102.597	0.78459	-3.14260	-0.53602	-3.58511
9106.599	0.85203	-3.29019	-0.46894	-3.55540
9110.594	0.86200	-3.15574	-0.47813	-3.53987
9114.602	0.85984	-3.24838	-0.46373	-3.62545
9118.598	0.81352	-3.31729	-0.44577	-3.61162
9122.602	0.76198	-3.27263	-0.41326	-3.56307
9126.603	0.49781	-3.23059	-0.39301	-3.53541
9130.597	0.35779	-3.20449	-0.39316	-3.49984
9134.592	0.42792	-3.32288	-0.35141	-3.48532
9138.600	0.65938	-3.36859	-0.35608	-3.43974
9142.598	0.45616	-3.43702	-0.31270	-3.37027
9146.599	0.44783	-3.43898	-0.33322	-3.37841
9150.600	0.39785	-3.37304	-0.36792	-3.39120
9154.596	0.34474	-3.41607	-0.37705	-3.32877
9158.610	0.33335	-3.55813	-0.41018	-3.24294
9162.593	0.33762	-3.44247	-0.43363	-3.20977
9166.600	0.35692	-3.40626	-0.47148	-3.18721
9170.595	0.37104	-3.47608	-0.50500	-3.14728
9174.589	0.41785	-3.49361	-0.52667	-3.12914
9178.598	0.43671	-3.48593	-0.55123	-3.06245
9182.598	0.39082	-3.43918	-0.55826	-3.04493
9186.598	0.43497	-3.48276	-0.59947	-3.01037
9190.591	0.45760	-3.49770	-0.59669	-2.99300
9194.599	0.47741	-3.48678	-0.61593	-2.97941
9198.473	0.47339	-3.50591	-0.63603	-2.94679
9202.472	0.48718	-3.48811	-0.65474	-2.98127
9206.471	0.46458	-3.37158	-0.66121	-2.97041
9210.472	0.49242	-3.47511	-0.67935	-2.93908
9214.478	0.48530	-3.67058	-0.70245	-2.92982
9218.471	0.47805	-3.88745	-0.73245	-2.90014
9222.467	0.48289	-4.05756	-0.74650	-2.88979
9226.535	0.47346	-4.08286	-0.74372	-2.92479
9230.497	0.44592	-3.93444	-0.76302	-2.97208
9234.477	0.45919	-4.15680	-0.76990	-3.05608
9238.484	0.44080	-4.30092	-0.76332	-3.05150
9242.468	0.43651	-4.23361	-0.78947	-3.14002
9246.486	0.44130	-4.32943	-0.80995	-3.22606
9250.470	0.41891	-4.25233	-0.83042	-3.35975
9254.466	0.46708	-4.33391	-0.84131	-3.44478
9258.465	0.43782	-4.32167	-0.86438	-3.51029
9262.459	0.51302	-4.08588	-0.85339	-3.51963
9266.468	0.51220	-4.21649	-0.81431	-3.58941
9270.506	0.52093	-4.19802	-0.82754	-3.59957
9274.474	0.55483	-4.16730	-0.80461	-3.59930
9278.470	0.46805	-4.23685	-0.77588	-3.58185
9282.472	0.51726	-4.17469	-0.74786	-3.60754
9286.465	0.55826	-4.17654	-0.74742	-3.60269
9290.473	0.55749	-4.26064	-0.72034	-3.57576
9294.617	0.58230	-4.23052	-0.72878	-3.52847
9298.507	0.54091	-4.30659	-0.70995	-3.47754
9302.485	0.54031	-4.26026	-0.66250	-3.45554
9306.474	0.45195	-4.25441	-0.62218	-3.43287
9310.469	0.43703	-4.28056	-0.60741	-3.40411
9314.476	0.48418	-4.31923	-0.57017	-3.37083
9318.461	0.49354	-4.36572	-0.55739	-3.37019
9322.466	0.50071	-4.34439	-0.57394	-3.39445
9326.463	0.41398	-4.22378	-0.57195	-3.40854
9330.466	0.46125	-4.15139	-0.56027	-3.42521
9334.474	0.38449	-3.84642	-0.54692	-3.54511
9338.463	0.36447	-3.70867	-0.48463	-3.56985
9342.471	0.42849	-3.84276	-0.47820	-3.59309
9346.464	0.25890	-3.74810	-0.53590	-3.57940
9350.466	0.33335	-3.68339	-0.55148	-3.58728
9354.462	0.32106	-3.55041	-0.56984	-3.58814
9358.464	0.19866	-3.46440	-0.61702	-3.65634
9362.464	0.15841	-3.47421	-0.59848	-3.70560
9366.473	0.16246	-3.50934	-0.62531	-3.72797
9370.472	0.15953	-3.50300	-0.61930	-3.72510
9374.461	0.21830	-3.55015	-0.63029	-3.75214
9378.471	0.30496	-3.57982	-0.65660	-3.71892
9382.463	0.27237	-3.67227	-0.65930	-3.71844
9386.471	0.26441	-3.69633	-0.67719	-3.68871
9390.460	0.37859	-3.72536	-0.64729	-3.66033
9394.468	0.40708	-3.79651	-0.63325	-3.62641
9398.462	0.50289	-3.83206	-0.61786	-3.55219
9402.472	0.50165	-3.92620	-0.56446	-3.50052
9406.463	0.52731	-4.03031	-0.53019	-3.44322
9410.466	0.53272	-4.03100	-0.48056	-3.34641
9414.486	0.56587	-4.19141	-0.44065	-3.26653
9418.473	0.58957	-4.29355	-0.42368	-3.14259
9422.468	0.52399	-4.23350	-0.35804	-3.18074
9426.483	0.55635	-4.32110	-0.29121	-3.12036
9430.486	0.56565	-4.43809	-0.26130	-3.11413
9434.550	0.54739	-4.36842	-0.24110	-3.09931
9438.488	0.53282	-4.44560	-0.22574	-3.08770
9442.464	0.56014	-4.25100	-0.21946	-3.08631
9446.471	0.53555	-4.28546	-0.20507	-3.07834
9450.474	0.58813	-4.21749	-0.13853	-3.11650
9454.465	0.65015	-4.21747	-0.13402	-3.16739
9458.459	0.65481	-4.09430	-0.11627	-3.18379
9462.466	0.63598	-3.97984	-0.09130	-3.20178
9466.461	0.68139	-3.90037	-0.11414	-3.19838
9470.472	0.63781	-3.77180	-0.11148	-3.22236
9474.460	0.66769	-3.75194	-0.06718	-3.18580
9478.462	0.64186	-3.68926	-0.09046	-3.17706
9482.456	0.56806	-3.54648	-0.11344	-3.19184
9486.465	0.64265	-3.72427	-0.15466	-3.16062
9490.461	0.56836	-3.53331	-0.17181	-3.15088
9494.463	0.64240	-3.59955	-0.31734	-3.15459
9498.463	0.60818	-3.54787	-0.43524	-3.24769
9502.548	0.57875	-3.56212	-0.37271	-3.23414
9506.474	0.57553	-3.53742	-0.44075	-3.35656
9510.467	0.60751	-3.40847	-0.39611	-3.44210
9514.466	0.67397	-3.56319	-0.48773	-3.51494
9518.461	0.61352	-3.44855	-0.60650	-3.59608
9522.463	0.62550	-3.63255	-0.58228	-3.63936
9526.464	0.63598	-3.95088	-0.56617	-3.67830
9530.460	0.62754	-3.96625	-0.52835	-3.66491
9534.490	0.66742	-4.04712	-0.58190	-3.68499
9538.486	0.55295	-3.85414	-0.51237	-3.67875
9542.460	0.57141	-3.75327	-0.51039	-3.70936
9546.466	0.50994	-3.80939	-0.51922	-3.66937
9550.454	0.53756	-3.62724	-0.49813	-3.60432
9554.464	0.57342	-3.73172	-0.56677	-3.64618
9558.461	0.57908	-3.66871	-0.61176	-3.61764
9562.461	0.58483	-3.67616	-0.46872	-3.60963
9566.462	0.53535	-3.66404	-0.51135	-3.58988
9570.532	0.60801	-3.71029	-0.47202	-3.56386
9574.487	0.58885	-3.57340	-0.56051	-3.56508
9578.463	0.60017	-3.53406	-0.53009	-3.55349
9582.470	0.65990	-4.03956	-0.53647	-3.54935
9586.478	0.65543	-4.01598	-0.55312	-3.55912
9590.468	0.63637	-3.89880	-0.56153	-3.56720
9594.460	0.57027	-3.57987	-0.64238	-3.56619
9598.460	0.58793	-3.62171	-0.58937	-3.56070
9602.455	0.54260	-3.70219	-0.52577	-3.56661
9606.463	0.49527	-3.72827	-0.61853	-3.58724
9610.463	0.54952	-3.69234	-0.62898	-3.56689
9614.461	0.59218	-3.65626	-0.63871	-3.57965
9618.454	0.57999	-3.60157	-0.63084	-3.56817
9622.466	0.58580	-3.67549	-0.63948	-3.57443
9626.459	0.64434	-3.59920	-0.63975	-3.60713
9630.464	0.62436	-3.51263	-0.68007	-3.63764
9634.539	0.72369	-3.48028	-0.60270	-3.66286
9638.471	0.67124	-3.43890	-0.55468	-3.71250
9642.462	0.66506	-3.42611	-0.56647	-3.74887
9646.521	0.66841	-3.72705	-0.56386	-3.71636
9650.460	0.74749	-3.90556	-0.56895	-3.71663
9654.454	0.69752	-3.92178	-0.59759	-3.74269
9658.467	0.64357	-3.86704	-0.58900	-3.78121
9662.459	0.71151	-3.63986	-0.64062	-3.82333
9666.454	0.65340	-3.71098	-0.67660	-3.86674
9670.483	0.59506	-3.53231	-0.74541	-3.89525
9674.465	0.51781	-3.56381	-0.67183	-3.92111
9678.465	0.52342	-3.42337	-0.73302	-3.89457
9682.459	0.56364	-3.48616	-0.74764	-3.88669
9686.477	0.56945	-3.42872	-0.78407	-3.87981
9690.462	0.63553	-3.46906	-0.83932	-3.86988
9694.459	0.57255	-3.36102	-0.87019	-3.85348
9698.453	0.69417	-3.31144	-0.88565	-3.83719
9702.464	0.84466	-3.30573	-0.89267	-3.73811
9706.466	0.81972	-3.26860	-0.91473	-3.71695
