time (ms)	lx (deg)	ly (deg)	rx (deg)	ry (deg)
0.000	-0.75508	-0.30616	-0.94815	0.17079
4.006	-0.75335	-0.37896	-0.98797	0.15901
8.052	-0.67541	-0.39457	-0.97030	0.09725
11.996	-0.62037	-0.38628	-0.92215	0.10080
15.992	-0.66144	-0.40108	-0.92202	0.04589
19.997	-0.64082	-0.47473	-0.90282	0.05093
24.005	-0.62019	-0.50688	-0.88049	0.06020
27.992	-0.60426	-0.52000	-0.88833	0.02398
32.001	-0.63121	-0.53155	-0.83930	0.00624
35.997	-0.64067	-0.56519	-0.85897	-0.04085
39.986	-0.68397	-0.55656	-0.83535	-0.03054
44.002	-0.73201	-0.58938	-0.88354	-0.04659
47.995	-0.76069	-0.56937	-0.93902	-0.05692
52.001	-0.78950	-0.54393	-0.93949	-0.07643
55.988	-0.83203	-0.51622	-0.99792	-0.02025
60.001	-0.87761	-0.42444	-1.01241	-0.06524
63.989	-0.88341	-0.43458	-1.05982	-0.12370
67.990	-0.95735	-0.40821	-1.04863	-0.24293
71.996	-0.96152	-0.36182	-1.07912	-0.28740
75.998	-0.98774	-0.33143	-1.07378	-0.13684
79.996	-1.00087	-0.20515	-1.05441	0.19257
83.994	-0.94204	-0.06380	-0.92626	0.62572
88.015	-0.90718	-0.00708	-0.91748	0.67742
91.988	-0.93683	0.04385	-0.86555	0.68473
96.006	-1.00223	0.08360	-0.76230	0.61024
99.991	-1.01598	0.11772	-0.73784	0.69881
103.986	-0.95889	0.20530	-0.66945	0.59527
107.993	-1.01002	0.21506	-0.69863	0.52163
111.996	-0.96261	0.27285	-0.68665	0.67920
115.991	-1.01040	0.30520	-0.66816	0.69055
119.996	-0.94390	0.33683	-0.64399	0.70310
123.992	-0.97256	0.34649	-0.62320	0.69342
128.016	-1.03091	0.33580	-0.62397	0.62914
131.997	-0.99630	0.31844	-0.61320	0.59131
135.994	-1.00742	0.39382	-0.61225	0.54803
139.997	-0.93492	0.38995	-0.65439	0.56598
143.998	-0.93336	0.36650	-0.66444	0.57040
147.998	-0.96981	0.36036	-0.67727	0.57932
151.993	-0.93649	0.41102	-0.64392	0.63972
155.994	-0.94234	0.35211	-0.60538	0.68763
159.990	-0.89091	0.33187	-0.59910	0.72591
163.999	-0.89498	0.34561	-0.58761	0.77516
168.017	-0.87036	0.28968	-0.59188	0.81021
171.997	-0.87257	0.26580	-0.61039	0.91196
175.989	-0.85203	0.23221	-0.62627	0.94435
179.993	-0.81511	0.21944	-0.63089	1.00464
183.991	-0.80335	0.20133	-0.60756	1.03119
187.992	-0.77020	0.20700	-0.59647	1.06235
191.987	-0.73551	0.18104	-0.57272	1.06921
195.996	-0.68025	0.10729	-0.55850	1.09390
200.008	-0.65570	0.08878	-0.57498	1.08719
203.994	-0.55089	0.08063	-0.53979	1.05148
207.998	-0.56582	0.04455	-0.57605	1.04747
212.015	-0.49071	0.08896	-0.58578	1.01873
215.997	-0.46914	0.10434	-0.58635	0.98090
219.989	-0.43887	0.12136	-0.55540	0.93770
223.993	-0.38745	0.09373	-0.54225	0.88348
227.998	-0.35824	0.07365	-0.51121	0.85943
231.990	-0.30597	0.07358	-0.51113	0.81084
235.985	-0.23403	0.07020	-0.51508	0.77800
240.004	-0.23865	0.07748	-0.51190	0.78098
243.990	-0.23984	0.10265	-0.49709	0.73251
247.997	-0.25897	0.07967	-0.47681	0.73507
251.992	-0.20666	0.07626	-0.47185	0.72305
255.998	-0.24880	0.06873	-0.41748	0.71704
259.997	-0.19211	0.04542	-0.38318	0.70373
263.993	-0.24641	0.01605	-0.35256	0.72639
267.994	-0.32022	-0.02885	-0.31471	0.74097
271.988	-0.33963	-0.04910	-0.32650	0.69553
276.005	-0.38015	-0.07338	-0.30081	0.70416
279.994	-0.45470	-0.14146	-0.27550	0.70858
283.988	-0.47882	-0.20388	-0.26138	0.69631
287.992	-0.52198	-0.30444	-0.28766	0.78396
291.983	-0.60183	-0.30170	-0.34610	0.86248
296.003	-0.66789	-0.34381	-0.36052	0.87724
299.995	-0.65379	-0.35300	-0.43289	0.88975
303.993	-0.74074	-0.40922	-0.50855	0.93498
307.987	-0.73843	-0.43002	-0.56381	1.00475
311.998	-0.78590	-0.41379	-0.55141	1.00458
315.992	-0.84749	-0.40725	-0.61739	1.01674
319.988	-0.90644	-0.37164	-0.63379	1.03705
323.986	-0.92862	-0.34446	-0.63603	1.07799
327.997	-0.96204	-0.31141	-0.66037	1.05083
331.991	-0.97539	-0.28952	-0.66866	1.00530
335.990	-0.98502	-0.02641	-0.62243	0.97538
339.991	-0.98891	-0.05305	-0.61692	0.96527
343.915	-0.99725	-0.02646	-0.59061	0.89182
347.919	-0.97452	0.27459	-0.54505	0.85051
351.863	-0.93634	0.26341	-0.51984	0.82458
355.865	-0.90316	0.53281	-0.52073	0.80468
359.858	-0.88525	0.38605	-0.57022	0.82641
363.877	-0.82228	0.42273	-0.57674	0.78676
367.857	-0.79471	0.64067	-0.61151	0.75187
371.874	-0.73360	0.52314	-0.64171	0.72539
375.892	-0.69000	0.62332	-0.59928	0.71064
379.865	-0.62389	0.59811	-0.62052	0.71769
383.869	-0.57821	0.69270	-0.63275	0.69185
387.888	-0.59885	0.64614	-0.60555	0.71175
391.869	-0.50495	0.50860	-0.64823	0.75127
395.864	-0.46031	0.45235	-0.66248	0.75939
399.859	-0.50359	0.34317	-0.63729	0.78248
403.867	-0.51153	0.40296	-0.56982	0.79237
407.863	-0.47423	0.37841	-0.53664	0.83379
411.908	-0.45175	0.42120	-0.49408	0.86609
415.872	-0.44428	0.41248	-0.45671	0.91948
419.862	-0.39057	0.36701	-0.46676	0.95039
423.858	-0.37722	0.37357	-0.47947	0.99977
427.869	-0.39043	0.36204	-0.50044	1.01482
431.874	-0.32548	0.33096	-0.50922	1.03228
435.861	-0.30148	0.39534	-0.50681	1.03439
439.867	-0.32220	0.39238	-0.45661	1.01818
443.863	-0.28078	0.43296	-0.49066	1.03621
447.857	-0.18638	0.41770	-0.47443	1.02737
451.860	-0.17544	0.43880	-0.49153	1.04510
455.876	-0.19095	0.43987	-0.50264	1.03350
459.861	-0.13925	0.45580	-0.52220	1.01770
463.862	-0.14526	0.47749	-0.51183	1.05719
467.863	-0.13603	0.56321	-0.50324	1.08139
471.869	-0.10495	0.51170	-0.50786	1.14259
475.864	-0.20045	0.49841	-0.49063	1.14051
479.886	-0.25083	0.50025	-0.47969	1.18790
483.874	-0.39040	0.51810	-0.53019	1.29158
487.862	-0.44520	0.50841	-0.56863	1.30727
491.860	-0.48919	0.52858	-0.58114	1.23048
495.863	-0.61434	0.50474	-0.53798	1.23625
499.862	-0.55863	0.43893	-0.52585	1.22562
503.860	-0.72878	0.20394	-0.46525	1.15879
507.875	-0.78707	-0.00258	-0.38370	1.03570
511.867	-0.84677	-0.05767	-0.32851	0.90248
515.868	-0.89433	0.06187	-0.31476	0.98424
519.871	-0.94738	0.06562	-0.33149	0.92146
523.862	-0.84885	0.16540	-0.31374	0.88661
527.872	-0.89520	0.14388	-0.34236	0.85036
531.865	-0.88490	0.09201	-0.35720	0.79349
535.877	-0.89118	-0.01573	-0.39554	0.81326
539.861	-0.87699	-0.10172	-0.37623	0.79123
543.859	-0.93502	-0.01468	-0.35246	0.75175
547.887	-0.95961	-0.16679	-0.35650	0.73657
551.908	-0.92882	-0.17226	-0.37288	0.77039
555.875	-0.86488	-0.10063	-0.41246	0.79309
559.860	-0.85885	-0.26640	-0.39899	0.80705
563.892	-0.87121	-0.34364	-0.37707	0.80325
567.860	-0.90448	-0.40305	-0.35660	0.81101
571.865	-0.86597	-0.47592	-0.30605	0.84035
575.861	-0.79206	-0.39091	-0.25783	0.90457
579.856	-0.64585	-0.40893	-0.21919	0.85742
583.875	-0.55630	-0.30421	-0.20559	0.87603
587.861	-0.49289	-0.36514	-0.20283	0.89531
591.868	-0.45758	-0.17073	-0.22073	0.90964
595.864	-0.46517	-0.16127	-0.28749	0.91356
599.856	-0.44649	-0.08014	-0.26334	0.91073
603.868	-0.31875	-0.08260	-0.27972	0.87026
607.856	-0.35640	0.06689	-0.37787	0.78122
611.862	-1.56320	-0.26226	-0.53423	-1.16340
616.375	-2.21744	-2.62072	-0.80091	-1.40001
619.865	-2.39723	-3.26922	-1.04391	-2.42028
623.859	-2.44021	-3.27877	-1.17989	-3.83100
627.861	-1.65123	-3.31333	-1.41251	-3.83784
631.854	-2.17594	-3.36105	-1.91935	-3.70706
635.866	-2.26187	-3.45499	-2.14340	-3.83964
639.860	-2.34057	-3.52946	-2.26116	-3.87802
643.864	-2.35467	-3.54926	-2.44036	-3.84211
647.860	-2.46563	-3.44445	-2.43184	-3.66454
651.856	-2.34015	-3.40528	-2.41851	-3.73608
655.871	-2.37951	-3.42782	-2.53840	-3.68593
659.861	-2.34887	-3.39249	-2.48896	-3.74288
663.857	-2.34176	-3.36316	-2.58866	-3.80413
667.859	-2.30142	-3.33453	-2.57555	-3.81309
671.861	-2.30526	-3.37414	-2.62038	-3.83676
675.862	-2.31807	-3.40310	-2.61786	-3.86793
679.858	-2.34431	-3.39629	-2.59039	-3.89322
683.866	-2.41326	-3.24966	-2.60577	-3.97929
687.919	-2.46605	-3.21454	-2.58596	-3.99178
691.858	-2.39847	-3.27825	-2.55844	-4.04481
695.857	-2.41950	-3.35859	-2.58707	-4.08502
699.898	-2.47744	-3.39459	-2.56275	-4.21208
703.869	-2.47499	-3.54378	-2.55121	-4.18323
707.862	-2.41705	-3.64997	-2.52619	-4.12407
711.860	-2.40194	-3.66618	-2.52835	-4.10571
715.859	-2.36584	-3.78070	-2.49644	-4.09247
719.859	-2.52329	-3.82064	-2.47160	-4.08032
723.867	-2.47085	-3.83829	-2.46057	-4.10780
727.869	-2.49025	-3.88178	-2.46657	-4.01100
731.859	-2.46142	-3.96056	-2.45017	-3.98152
735.859	-2.45916	-4.04862	-2.45210	-3.90823
739.866	-2.42332	-4.12110	-2.42550	-3.84504
743.860	-2.51987	-4.13160	-2.42421	-3.84171
747.855	-2.52503	-4.16062	-2.41903	-3.82544
751.866	-2.60557	-4.13384	-2.42349	-3.83630
755.913	-2.59946	-4.18090	-2.39782	-3.82367
759.860	-2.66105	-4.16314	-2.40283	-3.81752
763.869	-2.62640	-4.15518	-2.39985	-3.81489
767.862	-2.63373	-4.13945	-2.37738	-3.80650
771.857	-2.57298	-4.17454	-2.38814	-3.90239
775.856	-2.55366	-4.11109	-2.39666	-3.94867
779.858	-2.51210	-4.05794	-2.40622	-3.92912
783.850	-2.54380	-4.00014	-2.39609	-3.98801
787.865	-2.46102	-3.82739	-2.35358	-3.99223
791.856	-2.41177	-3.84698	-2.32981	-3.94718
795.869	-2.35055	-3.82662	-2.31941	-3.96535
799.860	-2.31480	-3.78424	-2.32469	-3.91670
803.869	-2.25142	-3.71360	-2.33705	-3.96507
807.859	-2.24587	-3.67163	-2.32397	-3.98125
811.867	-2.13351	-3.63918	-2.32652	-3.96345
815.859	-2.12337	-3.61710	-2.23395	-3.93521
819.860	-2.10910	-3.51141	-2.13772	-3.87582
823.859	-2.13735	-3.54214	-2.12027	-3.88014
827.857	-2.16186	-3.52022	-2.07021	-3.83611
831.856	-2.15861	-3.54684	-2.06525	-3.84268
835.852	-2.24899	-3.52590	-2.05873	-3.85152
839.859	-2.25489	-3.50953	-2.05717	-3.84158
843.860	-2.29225	-3.49886	-2.04118	-3.84226
847.854	-2.28846	-3.49288	-2.02453	-3.83128
851.858	-2.31946	-3.51455	-2.01037	-3.80785
855.865	-2.37122	-3.50838	-1.99823	-3.79017
859.864	-2.45812	-3.51798	-2.03127	-3.76698
863.852	-2.50742	-3.55148	-2.04624	-3.75846
867.853	-2.55487	-3.55773	-2.05702	-3.76328
871.857	-2.55723	-3.58994	-2.08612	-3.77664
875.862	-2.58373	-3.61675	-2.07038	-3.77084
879.851	-2.58724	-3.62163	-2.08082	-3.77769
883.861	-2.61719	-3.62506	-2.08012	-3.81658
887.894	-2.62836	-3.63163	-2.07541	-3.85590
891.877	-2.66139	-3.64651	-2.07841	-3.87221
895.858	-2.67219	-3.68250	-2.08954	-3.96059
899.853	-2.71513	-3.67760	-2.18287	-4.00328
903.854	-2.76856	-3.64218	-2.45916	-4.01853
907.854	-3.52368	-3.65749	-3.21819	-3.99625
911.874	-4.35926	-3.69437	-3.67900	-4.05097
915.858	-5.46042	-3.71080	-3.89039	-4.21163
919.848	-6.24980	-3.69097	-4.49760	-4.09502
923.862	-6.41202	-3.89417	-6.10897	-4.11363
927.869	-6.52672	-3.83487	-5.38117	-4.13762
931.857	-7.02008	-3.84628	-5.57370	-4.12067
935.855	-6.97898	-4.01235	-6.21659	-4.14894
939.862	-7.10714	-4.01179	-6.25983	-4.14165
943.859	-6.86430	-3.96459	-6.39021	-4.13243
947.855	-6.97242	-4.01692	-6.19442	-4.09645
951.857	-6.99365	-4.03682	-6.48335	-4.10669
955.881	-7.05880	-4.02315	-6.35616	-4.09251
959.860	-7.03807	-3.98546	-6.42577	-4.11089
963.854	-7.12498	-3.99382	-6.39722	-4.12822
967.853	-7.19955	-3.93772	-6.43133	-4.16226
971.860	-7.21330	-3.89861	-6.39834	-4.12762
975.860	-7.18909	-3.91437	-6.49411	-4.18405
979.861	-7.18594	-3.84561	-6.50383	-4.18998
983.847	-7.17761	-3.82742	-6.50381	-4.20558
987.855	-7.23384	-3.87718	-6.50310	-4.20669
991.852	-7.28937	-3.89069	-6.52561	-4.20905
995.852	-7.28205	-3.93778	-6.49117	-4.24887
999.850	-7.31777	-3.98999	-6.47948	-4.32290
1003.855	-7.34870	-3.99098	-6.46760	-4.34021
1007.867	-7.36816	-4.01847	-6.45287	-4.34353
1011.851	-7.42144	-4.20962	-6.43675	-4.36723
1015.866	-7.38595	-4.20976	-6.44858	-4.41728
1019.849	-7.40416	-4.27894	-6.32211	-4.42070
1023.908	-7.37668	-4.35313	-6.30021	-4.46741
1027.855	-7.40160	-4.36766	-6.28454	-4.47692
1031.858	-7.36708	-4.46935	-6.26382	-4.48719
1035.851	-7.35710	-4.51831	-6.20769	-4.53854
1039.853	-7.32646	-4.58908	-6.15254	-4.56805
1043.850	-7.27377	-4.64901	-6.10355	-4.56290
1047.855	-7.24544	-4.68495	-6.03267	-4.56089
1051.856	-7.22204	-4.74017	-6.01692	-4.55449
1055.850	-7.20954	-4.71828	-6.03405	-4.51962
1059.849	-7.20038	-4.71701	-6.01900	-4.46997
1063.852	-7.19334	-4.71461	-6.07987	-4.37146
1067.851	-7.27939	-4.67461	-6.14653	-4.21985
1071.853	-7.32187	-4.59618	-6.23673	-4.15844
1075.851	-7.30358	-4.50474	-6.18738	-4.14524
1079.856	-7.33169	-4.41740	-6.16807	-4.15852
1083.854	-7.34812	-4.22178	-6.17474	-4.20162
1087.849	-7.41348	-4.09093	-6.27216	-4.12868
1091.879	-7.34963	-4.05736	-6.28072	-4.11084
1095.861	-7.36086	-3.99855	-6.31514	-4.14617
1099.854	-7.31252	-4.21386	-6.22282	-4.14811
1103.853	-7.29118	-4.10174	-6.20182	-4.23219
1107.850	-7.29313	-4.26258	-6.02062	-4.26033
1111.855	-7.22903	-4.34145	-6.02786	-4.27922
1115.858	-7.18530	-4.24994	-6.03773	-4.22141
1119.853	-7.16830	-4.20390	-6.06941	-4.14495
1123.853	-7.18562	-4.14981	-6.13009	-4.06538
1127.850	-7.22019	-4.15737	-6.06841	-3.95717
1131.854	-7.18183	-4.07580	-6.12242	-4.15388
1135.855	-7.17876	-4.04494	-6.21200	-4.23601
1139.860	-7.14761	-3.93490	-6.22723	-4.22481
1143.850	-7.17314	-3.87456	-6.05869	-4.21513
1147.851	-7.16256	-3.79421	-6.19113	-4.22711
1151.855	-7.20226	-4.09411	-6.26378	-4.35806
1155.852	-7.19520	-4.21495	-6.25500	-4.43887
1159.851	-7.26847	-4.25541	-6.31872	-4.50621
1163.852	-7.21875	-4.52796	-6.37864	-4.50235
1167.873	-7.15535	-4.44003	-6.39489	-4.46048
1171.849	-7.00991	-4.43086	-6.34049	-4.51724
1175.853	-6.85136	-4.20329	-6.19979	-4.48499
1179.869	-6.21713	-4.30530	-5.76522	-4.44694
1183.857	-5.40336	-4.54062	-5.19999	-4.45145
1187.848	-5.13843	-4.54351	-5.52937	-4.39846
1191.849	-5.23401	-4.58922	-5.50043	-4.34270
1195.857	-5.25818	-4.59954	-5.23608	-4.21263
1199.723	-5.29954	-4.50939	-5.12619	-4.17122
1203.731	-5.64916	-4.42755	-5.17949	-4.11868
1207.727	-5.54186	-4.36237	-4.88052	-4.09953
1211.727	-5.49886	-4.31898	-4.86337	-4.14106
1215.720	-5.53768	-4.25945	-4.81542	-4.10298
1219.719	-5.50845	-4.23292	-4.69980	-4.07656
1223.741	-5.44891	-4.34952	-4.76909	-4.02335
1227.752	-5.34206	-4.27948	-4.91661	-3.95250
1231.724	-5.31369	-4.27537	-4.84228	-3.90799
1235.722	-5.36260	-4.26945	-4.76596	-3.83785
1239.724	-5.46298	-4.25425	-4.69120	-3.93502
1243.724	-5.55322	-4.25213	-4.82121	-3.87437
1247.721	-5.48730	-4.28109	-4.69504	-3.92803
1251.727	-5.42869	-4.31653	-4.63459	-3.93255
1255.723	-5.30857	-4.37450	-4.64303	-3.99706
1259.740	-5.23996	-4.44485	-4.68449	-3.94199
1263.722	-5.24619	-4.52741	-4.78185	-3.98109
1267.734	-5.22495	-4.56325	-4.84198	-4.01871
1271.722	-5.18589	-4.60012	-4.74210	-4.11953
1275.723	-5.21966	-4.72261	-4.80438	-4.13435
1279.718	-5.18557	-4.72869	-4.75543	-4.23391
1283.731	-5.14067	-4.80955	-4.73724	-4.28700
1287.720	-5.08106	-4.86263	-4.74664	-4.36522
1291.725	-5.03472	-4.88532	-4.72894	-4.43288
1295.756	-4.97440	-4.89768	-4.77064	-4.45580
1299.737	-5.00578	-4.92654	-4.82170	-4.46696
1303.727	-4.97711	-4.91501	-4.89094	-4.49943
1307.737	-5.01965	-4.89592	-4.87983	-4.51338
1311.759	-5.04807	-4.88050	-4.83952	-4.51695
1315.723	-5.09662	-4.88217	-4.85549	-4.50710
1319.730	-5.14645	-4.81410	-4.85630	-4.50269
1323.724	-5.20265	-4.71805	-4.86246	-4.44105
1327.722	-5.22640	-4.63223	-4.82375	-4.41354
1331.722	-5.23733	-4.54331	-4.72167	-4.39147
1335.723	-5.24181	-4.53241	-4.72428	-4.27824
1339.719	-5.32483	-4.38056	-4.64961	-4.34787
1343.725	-5.31728	-4.29552	-4.69248	-4.39079
1347.732	-5.39492	-4.17941	-4.76739	-4.30181
1351.731	-5.34658	-4.23034	-4.80088	-4.31361
1355.719	-5.35441	-4.17344	-4.83701	-4.31732
1359.728	-5.33586	-4.18649	-4.79452	-4.36501
1363.741	-5.29285	-4.16864	-4.75975	-4.36115
1367.732	-5.33106	-4.16159	-4.54306	-4.38583
1371.722	-5.30331	-4.06789	-4.67986	-4.42793
1375.720	-4.42377	-4.09621	-4.45587	-4.32335
1379.752	-3.49794	-4.07946	-3.00688	-4.42156
1383.726	-1.96536	-4.06627	-2.20810	-4.40106
1387.735	-1.38681	-4.10768	-1.36928	-4.36925
1391.720	-1.20961	-4.14719	-0.49369	-4.48635
1395.719	-0.35558	-4.19183	-0.63285	-4.44411
1399.722	0.10446	-4.20851	0.32067	-4.44819
1403.731	0.47535	-4.18903	0.95646	-4.55155
1407.720	0.71250	-4.27588	1.23816	-4.57494
1411.735	1.27515	-4.25406	1.57548	-4.68521
1415.722	0.99660	-4.24710	1.57074	-4.88757
1419.721	1.11375	-4.26837	1.44664	-4.93620
1423.721	0.91617	-4.28935	1.48781	-4.96508
1427.721	1.13117	-4.33764	1.45033	-5.08716
1431.720	1.10963	-4.39897	1.58807	-5.21434
1435.740	1.25828	-4.47225	1.64360	-5.29305
1439.716	1.30784	-4.49738	1.58237	-5.23330
1443.730	1.35311	-4.49184	1.67650	-5.29180
1447.718	1.34688	-4.44778	1.77169	-5.37695
1451.722	1.37632	-4.46770	1.75704	-5.32307
1455.717	1.34566	-4.47904	1.74191	-5.29133
1459.724	1.42131	-4.46317	1.72758	-5.29999
1463.719	1.45787	-4.45058	1.76557	-5.28114
1467.722	1.56360	-4.49127	1.74092	-5.28308
1471.720	1.56605	-4.43046	1.76604	-5.32679
1475.741	1.61877	-4.32497	1.76901	-5.30172
1479.722	1.64831	-4.23982	1.77977	-5.25723
1483.719	1.68109	-4.19130	1.79886	-5.26006
1487.720	1.68667	-4.14654	1.82011	-5.30354
1491.721	1.67343	-4.15606	1.81424	-5.30250
1495.720	1.66207	-4.12636	1.81312	-5.39123
1499.727	1.69175	-4.08416	1.82750	-5.47791
1503.731	1.67154	-4.05448	1.83814	-5.49667
1507.723	1.68635	-4.00756	1.81500	-5.54224
1511.728	1.63534	-3.97639	1.79909	-5.56820
1515.723	1.66996	-3.98243	1.80013	-5.52283
1519.720	1.73249	-4.05148	1.78069	-5.54082
1523.724	1.73128	-4.07217	1.77553	-5.53781
1527.719	1.77623	-4.13694	1.72619	-5.51630
1531.716	1.81776	-4.16301	1.69805	-5.42108
1535.718	1.82209	-4.17779	1.68000	-5.28812
1539.734	1.86474	-4.18256	1.71791	-5.44298
1543.723	1.83677	-4.27706	1.79475	-5.54550
1547.716	1.88197	-4.34956	1.82105	-5.55027
1551.721	1.88147	-4.40133	1.82619	-5.52063
1555.733	1.83650	-4.41799	1.90631	-5.47451
1559.723	1.79051	-4.45565	1.92850	-5.45138
1563.717	1.71970	-4.42032	1.94017	-5.37667
1567.719	1.76948	-4.41909	1.94853	-5.45203
1571.751	1.75902	-4.38995	1.95091	-5.38759
1575.720	1.71893	-4.32179	1.97793	-5.36776
1579.723	1.72470	-4.27880	1.93839	-5.34125
1583.716	1.74065	-4.24942	1.89414	-5.21247
1587.717	1.77144	-4.18134	1.86238	-5.17505
1591.716	1.77110	-4.17648	1.87882	-5.09439
1595.722	1.92619	-4.14289	1.97703	-5.15731
1599.720	3.08213	-4.09296	2.98916	-5.24063
1603.715	4.92398	-4.04931	4.20620	-5.70473
1607.721	4.98041	-4.05938	5.05543	-7.01426
1611.717	5.93588	-4.09182	5.84601	-7.01440
1615.722	5.88132	-4.32551	6.10497	-7.20835
1619.720	7.00551	-4.41114	6.36067	-7.46764
1623.719	6.69843	-4.50365	6.46096	-7.68146
1627.714	6.96665	-4.51633	6.52429	-7.58738
1631.717	6.69527	-4.50182	6.46539	-7.53498
1635.716	6.58411	-4.50123	6.35854	-7.38496
1639.728	6.77910	-4.52838	6.37194	-7.42428
1643.725	6.85253	-4.66847	6.39354	-7.35993
1647.715	7.08040	-4.63581	6.40422	-7.29657
1651.716	7.09952	-4.63065	6.43403	-7.16902
1655.718	7.28727	-4.62428	6.47676	-7.07631
1659.716	7.37685	-4.54304	6.50298	-6.91281
1663.732	7.37741	-4.42907	6.53179	-7.13416
1667.715	7.36010	-4.33364	6.55937	-7.27642
1671.724	7.29741	-4.33633	6.56801	-7.13099
1675.716	7.33464	-4.30255	6.64724	-7.23873
1679.722	7.39825	-4.37360	6.61805	-7.22437
1683.718	7.45187	-4.47427	6.68034	-7.36041
1687.715	7.41128	-4.64772	6.68386	-7.21811
1691.717	7.35942	-4.87309	6.69799	-7.24190
1695.730	7.27465	-4.81285	6.73370	-7.15602
1699.713	7.22395	-4.78353	6.77298	-7.27367
1703.916	7.17228	-4.71970	6.75022	-7.29737
1707.718	7.19791	-4.71290	6.74616	-7.23427
1711.723	7.16351	-4.71178	6.72866	-7.20893
1715.720	7.16593	-4.79116	6.71295	-7.24154
1719.721	7.21379	-4.60951	6.70443	-7.38309
1723.716	7.26657	-4.63936	6.74379	-7.34847
1727.719	7.27365	-4.51739	6.73331	-7.30199
1731.722	7.36850	-4.44545	6.73830	-7.34775
1735.717	7.37570	-4.43240	6.75558	-7.37837
1739.710	7.42085	-4.48392	6.72283	-7.33327
1743.715	7.43425	-4.43923	6.63044	-7.31303
1747.720	7.49549	-4.39911	6.64175	-7.39075
1751.714	7.46609	-4.47628	6.59684	-7.41935
1755.712	7.49649	-4.51691	6.61264	-7.48353
1759.731	7.48297	-4.49695	6.64141	-7.53191
1763.746	7.47988	-4.63442	6.67657	-7.59342
1767.718	7.49512	-4.71172	6.66719	-7.75893
1771.759	7.34741	-4.84697	6.61464	-7.38287
1775.718	7.28998	-4.89726	6.67689	-7.52509
1779.714	7.45760	-4.74643	6.67461	-7.53187
1783.715	7.51225	-4.78278	6.60473	-7.23964
1787.712	7.36179	-4.65782	6.63404	-7.43793
1791.717	7.39320	-4.71643	6.66442	-7.53248
1795.731	7.29492	-4.94529	6.70435	-7.40940
1799.717	7.55023	-4.67518	6.72325	-7.34387
1803.717	7.44301	-4.53431	6.77271	-7.43683
1807.723	7.39601	-4.73140	6.57857	-7.26529
1811.715	7.14277	-4.76246	6.67165	-7.29062
1815.727	7.18687	-4.78127	6.63837	-7.28868
1819.710	7.50603	-4.53055	6.76934	-7.28987
1823.717	7.23328	-4.60284	6.78818	-7.31479
1827.714	7.37965	-4.67785	6.82366	-7.35530
1831.720	7.45338	-4.38011	6.81649	-7.27649
1835.713	7.18748	-4.66454	6.78197	-7.20047
1839.746	7.49112	-4.68494	6.79980	-7.45524
1843.713	7.46485	-4.52911	6.80653	-7.24027
1847.730	7.37792	-4.66504	6.69353	-7.13882
1851.712	7.42561	-4.61834	6.71796	-7.30006
1855.716	7.48110	-4.44341	6.75776	-7.19942
1859.708	7.41404	-4.45494	6.85569	-7.09039
1863.716	7.43491	-4.56870	6.83971	-7.11533
1867.713	7.50047	-4.32837	6.82863	-7.12924
1871.710	7.53171	-4.36889	6.77426	-6.87129
1875.713	7.54230	-4.45153	6.83607	-6.98846
1879.717	7.59412	-4.02184	6.83347	-6.95322
1883.714	7.49568	-4.20741	6.73001	-6.59760
1887.716	7.55413	-4.08253	6.81767	-6.50955
1891.714	7.58407	-3.96882	7.32834	-6.50811
1895.712	7.47966	-3.83097	4.70914	-5.93667
1899.707	7.36672	-2.30108	9.49837	-6.47970
1903.717	2.00755	-2.09606	7.57244	-6.23460
1907.764	2.11170	-2.64678	9.40593	-6.12734
1911.720	5.03730	-2.51845	NaN	NaN
1915.710	14.17838	-0.41640	NaN	NaN
1919.732	13.78057	-1.80225	NaN	NaN
1923.712	13.95589	11.83029	NaN	NaN
1927.709	NaN	NaN	NaN	NaN
1931.728	NaN	NaN	NaN	NaN
1935.713	NaN	NaN	NaN	NaN
1939.711	NaN	NaN	NaN	NaN
1943.714	NaN	NaN	NaN	NaN
1947.723	NaN	NaN	NaN	NaN
1951.743	NaN	NaN	NaN	NaN
1956.027	NaN	NaN	NaN	NaN
1960.064	NaN	NaN	NaN	NaN
1964.181	NaN	NaN	NaN	NaN
1968.208	NaN	NaN	NaN	NaN
1973.123	7.17492	14.26131	NaN	NaN
1975.822	7.25675	12.65844	NaN	NaN
1979.726	6.57784	12.75022	NaN	NaN
1983.708	7.06928	14.20698	NaN	NaN
1987.713	16.96080	-2.63884	NaN	NaN
1991.705	4.48584	4.49423	NaN	NaN
1995.714	3.97486	1.40585	NaN	NaN
1999.709	4.20578	-2.77812	12.27495	3.23800
2003.712	4.16779	-3.21685	8.94954	-9.94254
2007.705	7.70292	-3.00874	7.00952	-8.85643
2011.743	10.62013	-3.67467	6.83856	-8.48890
2015.718	10.54037	-4.33602	6.76782	-8.09648
2019.708	9.03619	-4.36819	9.98492	-8.80025
2023.716	9.10531	-4.60170	8.39394	-8.78639
2027.720	8.77414	-4.65667	8.61428	-9.24841
2031.706	8.89439	-4.54058	8.42780	-8.97637
2035.708	9.14619	-4.61719	8.22042	-8.83580
2039.707	9.13378	-4.44542	8.28043	-8.81402
2043.711	9.29374	-4.32088	8.27895	-8.86927
2047.711	9.42895	-4.55040	8.12162	-8.78589
2051.707	9.61310	-4.61368	8.13911	-8.65136
2055.587	9.45899	-4.58629	8.10486	-8.49602
2059.608	9.46268	-4.48051	8.10209	-8.63637
2063.590	9.47852	-4.34871	8.11967	-8.89400
2067.581	9.33379	-4.35727	8.10158	-8.87172
2071.593	9.46382	-4.34962	8.04334	-8.75611
2075.583	9.35372	-4.34900	8.01207	-8.73980
2079.592	9.35633	-4.29741	8.00418	-8.60369
2083.583	9.27428	-4.26093	7.97549	-8.55708
2087.584	9.01404	-4.48995	7.94913	-8.50453
2091.588	8.89807	-4.55527	7.93812	-8.43197
2095.582	8.64524	-4.47882	7.93143	-8.32165
2099.590	8.76052	-4.52848	7.89201	-8.33709
2103.594	8.72675	-4.57614	7.88449	-8.37666
2107.587	8.66983	-4.65464	7.83015	-8.33041
2111.964	8.69149	-4.55502	7.81093	-8.25582
2115.585	8.73800	-4.53647	7.79961	-8.29230
2119.585	8.81406	-4.62802	7.77649	-8.28246
2123.585	8.86161	-4.60627	7.75263	-8.25432
2127.583	8.82291	-4.64222	7.76976	-8.25802
2131.580	8.93096	-4.56965	7.75982	-8.28138
2135.599	8.91914	-4.47887	7.80762	-8.39768
2139.581	8.97596	-4.44553	7.84620	-8.45641
2143.601	8.97223	-4.44065	7.84693	-8.42465
2147.584	8.98816	-4.40293	7.83631	-8.45075
2151.587	8.97075	-4.38035	7.86072	-8.46765
2155.590	8.99411	-4.37585	7.87226	-8.50558
2159.586	8.96012	-4.43755	7.85748	-8.51876
2163.579	9.00506	-4.37891	7.86819	-8.51600
2167.588	9.02379	-4.39001	7.87540	-8.54130
2171.584	9.01886	-4.33497	7.86176	-8.52024
2175.586	8.97993	-4.35808	7.84735	-8.53864
2179.618	8.96167	-4.40942	7.82584	-8.53768
2183.586	8.94256	-4.46216	7.78014	-8.53802
2187.587	8.94336	-4.50080	7.77546	-8.54013
2191.583	8.97690	-4.49094	7.78650	-8.54795
2195.585	9.06794	-4.52966	7.79442	-8.58316
2199.577	9.03161	-4.56646	7.81498	-8.57887
2203.600	9.11511	-4.49040	7.81237	-8.54560
2207.588	9.26885	-4.52992	7.78168	-8.53406
2211.577	9.12440	-4.56894	7.77505	-8.55168
2215.572	9.13131	-4.60156	7.74296	-8.57038
2219.599	9.07411	-4.66665	7.70755	-8.53913
2223.580	9.08408	-4.72709	7.74622	-8.59287
2227.584	9.02561	-4.71316	7.79741	-8.60243
2231.589	8.93517	-4.78839	7.84552	-8.69499
2235.582	9.08788	-4.71861	7.80528	-8.63447
2239.586	9.09568	-4.74195	7.78440	-8.48007
2243.584	9.12294	-4.75265	7.73080	-8.53342
2247.629	9.03822	-4.70098	7.77912	-8.52971
2251.595	9.03411	-4.69282	7.75497	-8.50751
2255.584	8.98370	-4.68445	7.77775	-8.46312
2259.585	8.85909	-4.74586	7.79001	-8.48458
2263.598	8.95128	-4.72916	7.86917	-8.60511
2267.581	8.99571	-4.67500	7.92948	-8.65523
2271.591	9.13301	-4.72511	7.88604	-8.63975
2275.584	9.18956	-4.85120	7.83946	-8.48294
2279.577	9.01627	-4.89947	7.83354	-8.60781
2283.583	8.89472	-4.89249	7.90927	-8.58653
2287.581	8.92912	-4.83249	7.88675	-8.50994
2291.579	8.93680	-4.88447	7.90703	-8.62120
2295.583	9.12471	-4.99394	7.94435	-8.67659
2299.586	8.92391	-5.05507	7.91117	-8.62742
2303.582	8.77504	-5.06742	7.91300	-8.60421
2307.584	8.70420	-5.13432	7.85005	-8.48877
2311.605	6.96071	-4.95370	7.64408	-8.24123
2315.619	5.65344	-4.65686	6.18900	-6.80156
2319.598	3.85555	-4.37109	4.15574	-5.63807
2323.588	0.66074	-4.16937	3.11111	-5.05463
2327.572	-4.41013	-2.38849	2.12131	-4.51771
2331.580	-2.17755	-3.90041	0.96616	-4.39611
2335.592	-2.87061	-3.65610	-0.30808	-4.05930
2339.579	-3.66703	-3.47809	-1.04950	-3.79733
2343.588	-4.58459	-3.94723	-2.06572	-3.53189
2347.582	-5.63906	-3.82718	-2.94228	-3.16593
2351.587	-6.26098	-3.71772	-4.86495	-3.37072
2355.583	-8.64352	-3.50207	-5.16910	-3.14003
2359.581	-7.91767	-3.49145	-5.35598	-2.64268
2363.585	-8.54974	-3.09069	-5.84841	-2.63074
2367.598	-8.36934	-3.27010	-6.65904	-2.88116
2371.582	-7.57927	-3.31524	-5.65233	-2.60891
2375.578	-7.57698	-3.65849	-5.81086	-2.58162
2379.583	-7.92780	-3.75015	-5.84635	-2.61072
2383.623	-7.31120	-3.59040	-6.00256	-2.48752
2387.598	-7.85068	-3.49626	-5.98103	-2.43266
2391.587	-8.14385	-3.38784	-6.36839	-2.47192
2395.584	-7.72897	-3.21893	-6.14543	-2.30097
2399.580	-8.03192	-3.18987	-6.36716	-2.33945
2403.580	-7.79093	-3.22844	-6.45738	-2.43068
2407.578	-7.67567	-3.37100	-6.31674	-2.30959
2411.580	-7.83212	-3.65024	-6.29278	-2.34395
2415.576	-7.61607	-3.41533	-6.36457	-2.41165
2419.582	-7.80075	-3.38536	-6.40479	-2.33533
2423.579	-7.86683	-3.20818	-6.33687	-2.36160
2427.590	-7.66180	-3.19604	-6.40839	-2.41879
2431.582	-7.77044	-3.14070	-6.33535	-2.31306
2435.587	-7.77013	-3.25287	-6.41288	-2.38423
2439.581	-7.66158	-3.40191	-6.33427	-2.35101
2443.579	-7.88943	-3.25084	-6.29693	-2.26019
2447.578	-7.64193	-3.11973	-6.32434	-2.29149
2451.576	-7.70699	-3.11935	-6.38163	-2.37639
2455.576	-7.72846	-3.05789	-6.46304	-2.40867
2459.582	-7.67940	-3.18015	-6.28795	-2.24215
2463.587	-7.72288	-3.20989	-6.36216	-2.26005
2467.584	-7.90153	-3.02192	-6.36883	-2.32909
2471.582	-7.71106	-3.06007	-6.35743	-2.32024
2475.583	-7.68167	-3.09734	-6.41481	-2.23327
2479.580	-7.75729	-3.16395	-6.38972	-2.18068
2483.579	-7.68744	-3.12946	-6.34998	-2.29438
2487.583	-7.67204	-3.07730	-6.45838	-2.33972
2491.580	-7.73960	-3.07126	-6.45199	-2.35676
2495.576	-7.82830	-3.09437	-6.41533	-2.45306
2499.580	-7.68696	-3.29797	-6.38344	-2.27584
2503.586	-7.73989	-3.38980	-6.39768	-2.36103
2507.585	-7.92532	-3.25814	-6.37212	-2.45717
2511.582	-7.82762	-3.20988	-6.37288	-2.46747
2515.585	-7.68554	-3.05510	-6.42486	-2.47621
2519.593	-7.82270	-3.15668	-6.48911	-2.51570
2523.632	-7.82735	-3.13800	-6.39481	-2.47264
2527.578	-7.86961	-3.27222	-6.47211	-2.37833
2531.577	-7.72127	-3.49510	-6.38236	-2.41573
2535.577	-7.78526	-3.45165	-6.40356	-2.40256
2539.580	-7.82747	-3.43560	-6.46615	-2.38023
2543.578	-7.93218	-3.36847	-6.43160	-2.48202
2547.580	-7.91994	-3.19523	-6.45846	-2.45249
2551.574	-7.90087	-3.02727	-6.48242	-2.40034
2555.582	-7.76796	-2.76780	-6.43405	-2.38420
2559.609	-7.83887	-2.79722	-6.45949	-2.33962
2563.578	-7.85042	-2.88161	-6.43047	-2.37806
2567.573	-7.78803	-2.98206	-6.51180	-2.43231
2571.592	-7.86043	-2.81694	-6.49068	-2.43084
2575.577	-7.82255	-2.99666	-6.54046	-2.44514
2579.582	-7.86659	-2.99399	-6.58993	-2.50795
2583.578	-7.74406	-3.19640	-6.53879	-2.48783
2587.604	-7.67250	-3.35387	-6.49874	-2.39294
2591.581	-7.72000	-3.27037	-6.46522	-2.37915
2595.577	-7.64939	-3.45231	-6.47933	-2.33031
2599.577	-7.70611	-3.41581	-6.47686	-2.33414
2603.571	-7.74279	-3.44802	-6.49827	-2.30485
2607.581	-7.70889	-3.53352	-6.49457	-2.29013
2611.569	-7.74937	-3.54430	-6.48416	-2.27793
2615.586	-7.72885	-3.58153	-6.49629	-2.32631
2619.577	-7.76160	-3.61409	-6.49538	-2.30797
2623.576	-7.82623	-3.61449	-6.44388	-2.25562
2627.579	-7.87645	-3.60305	-6.45826	-2.23419
2631.577	-7.89186	-3.59713	-6.46184	-2.25357
2635.574	-7.93771	-3.61551	-6.47090	-2.26820
2639.578	-7.95981	-3.61259	-6.50469	-2.27882
2643.578	-7.98498	-3.61467	-6.58065	-2.28510
2647.594	-7.97831	-3.60613	-6.56204	-2.29838
2651.580	-7.93206	-3.55826	-6.58031	-2.29016
2655.591	-7.90119	-3.54198	-6.55922	-2.21747
2659.582	-7.82677	-3.52645	-6.51942	-2.14640
2663.572	-7.80706	-3.49626	-6.57700	-2.22136
2667.576	-7.74735	-3.52447	-6.61033	-2.31769
2671.574	-7.71391	-3.46072	-6.62564	-2.39815
2675.577	-7.71715	-3.39440	-6.61947	-2.49774
2679.571	-7.68837	-3.32682	-6.68563	-2.41003
2683.581	-7.70935	-3.24809	-6.68790	-2.43081
2687.575	-7.63328	-3.22896	-6.58898	-2.41819
2691.575	-7.45687	-3.22165	-6.32880	-2.61969
2695.577	-7.12114	-3.24623	-5.57525	-2.78910
2699.577	-7.36794	-3.28796	-5.47862	-2.78334
2703.576	-7.32590	-3.40897	-6.20477	-2.94193
2707.572	-7.35065	-3.46460	-6.15944	-3.10979
2711.586	-7.32343	-3.49278	-6.34481	-3.01232
2715.582	-7.13116	-3.65570	-6.01888	-2.97935
2719.573	-7.10751	-3.76636	-5.96520	-3.03303
2723.605	-6.93447	-3.85722	-5.80423	-3.00748
2727.575	-6.92804	-3.85654	-5.70067	-3.05280
2731.576	-6.69740	-3.94596	-5.56143	-3.06811
2735.584	-6.91334	-3.93761	-5.72247	-3.11228
2739.573	-6.95866	-3.94742	-5.83311	-3.17476
2743.576	-6.96614	-3.98207	-5.91771	-3.15033
2747.573	-7.04775	-3.95038	-5.78573	-3.12613
2751.581	-6.99697	-3.91504	-5.83810	-3.07817
2755.573	-6.99771	-3.94850	-5.71384	-3.04610
2759.577	-6.98135	-3.90030	-5.71168	-3.02802
2763.572	-6.94213	-3.85036	-5.71615	-3.03065
2767.585	-6.90622	-3.83181	-5.81643	-3.10772
2771.588	-6.96277	-3.77735	-5.80749	-3.13020
2775.575	-7.04352	-3.69775	-5.88307	-3.12840
2779.574	-7.08493	-3.66876	-5.87850	-3.10102
2783.567	-7.09487	-3.59685	-5.82837	-3.06969
2787.572	-7.09480	-3.52343	-5.80720	-3.00009
2791.587	-7.04477	-3.47000	-5.76114	-2.94594
2795.579	-6.94604	-3.35961	-5.83039	-3.00880
2799.573	-6.83768	-3.27598	-5.85131	-3.11051
2803.575	-6.65982	-3.25401	-5.87626	-3.05425
2807.579	-6.91938	-3.21555	-5.90919	-3.05387
2811.571	-6.91104	-3.30614	-5.82395	-3.00153
2815.568	-7.06393	-3.25116	-5.76359	-2.96765
2819.575	-7.08754	-3.25782	-5.76600	-2.87221
2823.573	-6.94880	-3.25151	-5.86838	-3.02439
2827.573	-6.88548	-3.27762	-5.88282	-3.06148
2831.570	-6.83149	-3.27052	-5.80248	-3.07592
2835.572	-6.74308	-3.24674	-5.85632	-3.08411
2839.571	-6.69397	-3.18837	-5.87282	-3.05003
2843.567	-6.81130	-3.27314	-5.85983	-3.01073
2847.582	-6.92985	-3.31523	-5.79919	-2.94947
2851.582	-6.87340	-3.39083	-5.73478	-2.89348
2855.577	-6.89808	-3.27407	-5.80275	-2.84902
2859.598	-6.93132	-3.26690	-5.86128	-2.92158
2863.573	-6.91388	-3.23988	-5.83024	-3.04225
2867.572	-6.92432	-3.19375	-5.89453	-3.00845
2871.573	-6.90644	-3.22353	-5.87228	-2.92833
2875.567	-6.92917	-3.21477	-5.90381	-2.86813
2879.580	-6.95071	-3.27112	-5.86101	-2.89725
2883.573	-6.93675	-3.30394	-5.80617	-2.88887
2887.573	-6.85865	-3.35201	-5.82370	-2.89490
2891.579	-6.78632	-3.32879	-5.81061	-2.85830
2895.569	-6.79393	-3.32178	-5.81331	-2.82018
2899.574	-6.93628	-3.36988	-5.74851	-2.75709
2903.579	-6.88756	-3.50230	-5.77563	-2.84486
2907.448	-6.88291	-3.66661	-5.83486	-2.82984
2911.452	-6.88450	-3.79495	-5.82309	-2.82218
2915.437	-6.93330	-3.83354	-5.77603	-2.85906
2919.457	-6.90517	-3.83875	-5.74993	-2.77556
2923.443	-6.65764	-3.70300	-5.70401	-2.60651
2927.445	-6.60646	-2.90835	-5.48211	-1.47960
2931.447	-5.78801	-1.23166	-5.02836	0.00780
2935.447	-4.87313	-0.52902	-4.40680	0.94015
2939.455	-4.65856	0.09085	-4.21646	1.87517
2943.446	-4.74769	0.61662	-4.06767	1.86753
2947.447	-4.72381	1.34478	-3.85148	2.41774
2951.457	-5.29167	1.19297	-3.85582	2.81614
2955.449	-5.51853	1.26692	-3.84678	2.86407
2959.454	-5.63980	1.07904	-3.89362	2.48758
2963.467	-5.36363	1.01588	-3.81597	2.27940
2967.442	-5.25574	1.08495	-3.86445	2.46371
2971.449	-5.07006	1.09497	-3.83176	2.60013
2975.454	-4.94511	1.12336	-3.79430	2.52561
2979.453	-4.93681	1.28049	-3.79890	2.50137
2983.441	-4.95662	1.28916	-3.77535	2.58709
2987.451	-4.93534	1.40515	-3.76754	2.67787
2991.448	-5.05782	1.42653	-3.82380	2.65045
2995.444	-4.99935	1.45528	-3.82971	2.57972
2999.445	-4.92863	1.47842	-3.82608	2.55417
3003.439	-4.92142	1.52651	-3.81674	2.56556
3007.449	-4.92282	1.49914	-3.83465	2.63036
3011.446	-4.88695	1.54633	-3.80849	2.63338
3015.446	-4.89695	1.56895	-3.72961	2.63008
3019.463	-4.92482	1.58165	-3.61691	2.64929
3023.458	-4.96502	1.55441	-3.51443	2.65263
3027.442	-5.01411	1.53812	-3.49901	2.66094
3031.445	-5.05531	1.51888	-3.41867	2.66293
3035.441	-5.06018	1.46653	-3.35451	2.64686
3039.447	-5.06703	1.40044	-3.39861	2.63848
3043.441	-5.08052	1.37624	-3.37865	2.59845
3047.447	-5.06668	1.32573	-3.32206	2.54560
3051.443	-5.08020	1.30878	-3.32061	2.50973
3055.446	-5.12464	1.31126	-3.28739	2.47111
3059.443	-5.14301	1.29666	-3.34690	2.56596
3063.448	-5.17887	1.28446	-3.43234	2.64445
3067.443	-5.19086	1.27598	-3.50655	2.66592
3071.455	-5.22495	1.26938	-3.53063	2.60932
3075.440	-5.32114	1.24322	-3.59327	2.64095
3079.451	-5.33027	1.21196	-3.65302	2.57465
3083.445	-5.30547	1.25109	-3.63777	2.61917
3087.441	-5.27958	1.28725	-3.66960	2.59831
3091.444	-5.28802	1.29965	-3.73623	2.54256
3095.444	-5.18939	1.29273	-3.75687	2.58254
3099.438	-5.11763	1.29540	-3.76611	2.43603
3103.448	-5.13427	1.30595	-3.77451	2.50926
3107.451	-5.10874	1.30652	-3.76710	2.51918
3111.445	-5.15475	1.30836	-3.77384	2.50874
3115.447	-5.13117	1.35169	-3.78776	2.57693
3119.441	-5.10364	1.36437	-3.78958	2.64806
3123.444	-5.07722	1.38966	-3.73085	2.74050
3127.443	-5.09453	1.42131	-3.68550	2.75915
3131.484	-5.14604	1.40697	-3.66347	2.87054
3135.439	-5.20334	1.40541	-3.63527	2.85737
3139.437	-5.24983	1.41159	-3.61676	2.87516
3143.451	-5.28288	1.43357	-3.64232	2.90308
3147.449	-5.25857	1.43244	-3.64049	2.90307
3151.438	-5.28869	1.45039	-3.62702	2.94694
3155.445	-5.21725	1.47880	-3.56208	3.04878
3159.453	-4.69921	1.53901	-3.22322	3.58446
3163.442	-3.13365	3.72273	-1.01409	5.34134
3167.441	-1.04414	4.85623	-0.73250	5.71979
3171.474	-0.67526	4.85186	0.13019	6.45692
3175.439	-0.82215	5.06324	0.27014	7.65831
3179.442	0.25927	5.50871	0.89793	7.49880
3183.438	0.68146	6.02967	1.58557	7.69585
3187.452	1.06163	6.24948	2.01608	7.71690
3191.446	1.13119	6.45402	2.12838	7.70851
3195.439	1.36325	6.32740	2.08895	7.68124
3199.462	0.86498	6.27036	2.06701	7.90720
3203.448	-0.15025	6.34813	2.00891	7.97220
3207.443	0.33141	6.32262	2.10136	8.44897
3211.442	0.60883	6.40284	2.13524	8.36485
3215.441	1.08924	6.42951	2.19754	8.54140
3219.440	0.84158	6.43512	2.34594	8.42993
3223.442	0.83262	6.42407	2.36118	8.33402
3227.437	0.95366	6.37273	2.36056	8.47162
3231.441	0.83208	6.27122	2.24631	8.54921
3235.439	0.81935	6.30559	2.14364	8.84535
3239.443	0.71253	6.28289	2.22790	8.77466
3243.438	0.76930	6.26744	2.33031	8.71865
3247.438	0.81826	6.37728	2.39579	8.77325
3251.455	0.86999	6.43007	2.48269	8.78031
3255.441	0.96326	6.47048	2.56612	8.68752
3259.450	0.97107	6.47741	2.71976	8.53704
3263.440	1.35765	6.50743	2.63517	8.53301
3267.455	1.42903	6.63349	2.36715	8.83611
3271.452	1.37411	6.77268	2.20493	9.17397
3275.442	1.05009	6.76400	2.30142	9.18235
3279.437	1.11130	6.75387	2.35699	8.95506
3283.437	1.13744	6.78889	2.43751	8.77298
3287.438	1.31047	6.86372	2.51153	8.97646
3291.443	1.39222	6.84701	2.37927	9.18071
3295.440	1.43820	6.85611	2.39881	8.86637
3299.436	1.26865	6.90989	2.54187	8.82137
3303.453	1.24925	6.98774	2.55653	8.92383
3307.447	1.28080	6.99583	2.42349	8.91776
3311.440	1.37883	6.96396	2.35870	8.69458
3315.446	1.55182	6.99534	2.29961	8.85473
3319.444	1.59588	7.02039	2.27815	8.89401
3323.447	1.63370	7.04385	2.31470	8.94586
3327.442	1.79762	7.04350	2.38058	8.95411
3331.436	1.39356	7.01019	2.43959	8.86548
3335.502	1.53679	7.02756	2.48596	8.89748
3339.439	1.62316	6.98007	2.53974	8.76055
3343.440	1.66232	6.93375	2.57655	8.70969
3347.434	1.64570	6.93513	2.46664	8.81212
3351.441	1.59539	6.90840	2.52968	8.76649
3355.440	1.49359	6.91032	2.23516	8.92936
3359.461	1.32451	6.93525	2.29679	9.00028
3363.435	1.34460	6.88748	2.53003	8.89101
3367.441	1.42694	6.84667	2.57806	8.86073
3371.437	1.43183	6.79125	2.57925	8.89436
3375.438	1.55028	6.72100	2.63177	8.84623
3379.471	1.91586	6.69735	2.64876	8.77807
3383.440	1.71650	6.70967	2.73429	8.69545
3387.446	1.77015	6.70162	2.63566	8.65959
3391.449	1.77762	6.63215	2.71169	8.75883
3395.449	1.62465	6.53899	2.59361	8.87083
3399.442	1.63199	6.58677	2.47938	8.87472
3403.439	1.44034	6.55053	2.42616	8.83539
3407.434	1.29581	6.51262	2.45824	8.81249
3411.430	1.35742	6.52754	2.46649	8.83877
3415.445	1.32974	6.52599	2.43615	8.86756
3419.437	1.50135	6.57614	2.47843	8.95372
3423.436	1.52469	6.60936	2.40446	9.00030
3427.441	1.52947	6.67429	2.40139	9.00855
3431.435	1.52270	6.68963	2.53798	9.01728
3435.435	1.60677	6.80741	2.41499	9.00757
3439.439	1.09765	7.05894	2.51968	8.93786
3443.435	1.21244	7.22505	2.65971	8.81729
3447.453	1.26607	7.38041	2.60617	8.59423
3451.437	1.40212	7.41961	2.57172	8.59630
3455.439	1.40847	7.42244	2.60163	8.51318
3459.432	0.89793	7.45518	2.64146	8.47358
3463.436	-1.07336	7.46158	2.51324	8.88574
3467.448	-1.61359	7.27205	2.56902	8.51221
3471.432	1.13037	5.80560	2.40825	7.74446
3475.435	1.29960	3.60895	2.56966	4.77368
3479.454	1.02938	1.12914	2.65082	1.64747
3483.438	0.83307	-0.24255	2.65188	-0.12247
3487.436	0.90175	-2.40285	2.45978	-1.80130
3491.435	0.73856	-2.48591	1.90552	-1.49175
3495.440	0.14833	-4.27397	1.70036	-2.75170
3499.435	0.35466	-3.59562	1.18205	-3.38172
3503.433	-0.64394	-4.26416	1.00635	-3.76760
3507.434	-0.75384	-4.14140	0.89155	-3.24702
3511.451	-0.67412	-4.27732	0.87850	-3.18947
3515.432	-0.49366	-4.10606	0.71759	-3.00480
3519.448	-0.37717	-3.90168	0.73836	-3.01873
3523.445	-0.10478	-3.90425	0.74372	-3.06278
3527.442	-0.27230	-4.01303	0.76300	-3.13878
3531.433	-0.35253	-3.95657	0.68352	-3.67042
3535.437	-0.41107	-4.24736	0.60315	-3.78083
3539.434	-0.42351	-4.21797	0.55034	-3.94447
3543.442	-0.35553	-4.35574	0.50195	-3.89798
3547.434	-0.21293	-4.25377	0.47567	-3.87944
3551.432	-0.19450	-4.32738	0.44959	-3.96782
3555.432	-0.12756	-4.33943	0.44780	-3.95338
3559.435	-0.08805	-4.37232	0.45031	-3.94603
3563.444	-0.08279	-4.33959	0.42249	-4.07562
3567.435	-0.00241	-4.40903	0.43368	-4.05502
3571.431	-0.00978	-4.37756	0.41321	-4.07837
3575.478	-0.11689	-4.37896	0.43738	-4.05190
3579.434	-0.11491	-4.36278	0.45008	-3.98887
3583.441	-0.17390	-4.32662	0.49009	-3.93204
3587.431	-0.05944	-4.30223	0.43969	-3.87602
3591.434	-0.18065	-4.36709	0.48165	-3.94997
3595.437	-0.20407	-4.37156	0.45448	-4.05876
3599.437	-0.32891	-4.50531	0.45259	-4.11728
3603.437	-0.49723	-4.60564	0.36955	-4.15018
3607.441	-0.42892	-4.55566	0.36539	-4.10803
3611.497	-0.49897	-4.70978	0.26594	-4.19726
3615.430	-0.46267	-4.73986	0.25823	-4.23354
3619.433	-0.47790	-4.75098	0.19124	-4.26079
3623.432	-0.49555	-4.77883	0.15015	-4.30387
3627.434	-0.42259	-4.84056	0.12257	-4.39289
3631.439	-0.46073	-4.89674	0.11848	-4.38956
3635.448	-0.44909	-4.95890	0.13399	-4.36495
3639.435	-0.49078	-5.02932	0.25771	-4.34977
3643.435	-0.46634	-4.91780	0.24249	-4.26219
3647.436	-0.44470	-4.88917	0.27118	-4.17830
3651.429	-0.35864	-4.85220	0.32474	-4.20168
3655.442	-0.29940	-4.79570	0.29572	-4.13644
3659.428	-0.22676	-4.71671	0.36397	-4.00609
3663.441	-0.07425	-4.65125	0.34856	-3.87569
3667.427	0.00132	-4.64005	0.36491	-3.92251
3671.436	0.01519	-4.57253	0.34010	-3.83256
3675.456	0.11994	-4.49258	0.29672	-3.78168
3679.434	0.09582	-4.48562	0.25572	-3.75938
3683.433	0.13066	-4.41083	0.17330	-3.71348
3687.433	0.21897	-4.35826	0.09255	-3.72593
3691.432	0.25500	-4.31696	0.04926	-3.73410
3695.446	0.24676	-4.29117	-0.02119	-3.69281
3699.447	0.22085	-4.24905	-0.00799	-3.66187
3703.436	0.21909	-4.27418	0.00223	-3.70914
3707.430	0.20857	-4.24512	0.00745	-3.72913
3711.432	0.18147	-4.33648	0.04547	-3.78295
3715.435	0.14558	-4.40440	0.05482	-3.85202
3719.432	0.10207	-4.44284	0.06991	-3.86102
3723.433	0.04758	-4.44774	0.07676	-3.91707
3727.435	0.04132	-4.54638	0.08642	-3.93841
3731.442	-0.02201	-4.60440	0.13650	-3.99486
3735.433	-0.08403	-4.64370	0.17561	-4.03239
3739.433	-0.10029	-4.65399	0.23321	-4.06949
3743.452	-0.12791	-4.72416	0.22182	-4.12136
3747.453	-0.22676	-4.75617	0.20919	-4.15122
3751.432	-0.27262	-4.78021	0.26428	-4.16011
3755.429	-0.40844	-4.75971	0.25614	-4.12456
3759.434	-0.45768	-4.73306	0.25483	-4.11957
3763.474	-0.59595	-4.72454	0.27456	-4.14080
3767.315	-0.65067	-4.74796	0.31069	-4.13117
3771.331	-0.74523	-4.74413	0.28548	-4.15199
3775.314	-0.85220	-4.73397	0.30153	-4.15599
3779.305	-1.01069	-4.74217	0.29421	-4.13533
3783.310	-1.00816	-4.73339	0.35000	-4.08782
3787.311	-0.61099	-4.72753	0.40601	-3.97499
3791.304	0.41517	-4.73306	0.40693	-3.90181
3795.301	0.07751	-4.74623	0.39536	-3.83617
3799.305	0.56257	-4.81434	0.38315	-3.85250
3803.319	0.51483	-4.82515	0.37211	-3.85260
3807.308	0.77255	-4.91779	0.34863	-3.88762
3811.706	0.66694	-4.91410	0.31307	-3.95522
3815.313	0.53200	-4.97107	0.35876	-3.96797
3819.317	0.36812	-4.80366	0.40596	-3.94413
3823.308	0.60086	-4.83814	0.42053	-4.00441
3827.311	0.54768	-4.87294	0.41901	-4.00068
3831.306	0.66590	-4.71699	0.37886	-4.17771
3835.303	0.64263	-4.79823	0.38683	-3.99938
3839.316	0.70704	-4.77850	0.37159	-4.07611
3843.307	0.69139	-4.70150	0.40246	-3.99866
3847.303	0.70268	-4.75921	0.36660	-3.97573
3851.302	0.68163	-4.72720	0.35588	-3.98486
3855.305	0.66446	-4.59832	0.34846	-3.93716
3859.311	0.68340	-4.65174	0.31871	-3.84454
3863.307	0.71461	-4.66600	0.31741	-3.87645
3867.305	0.68320	-4.65014	0.30233	-3.80902
3871.311	0.63789	-3.44407	0.26967	-3.74374
3875.302	0.55468	-2.94559	0.25746	-3.71271
3879.333	-0.73896	-2.73039	0.24185	-3.70421
3883.308	-1.21226	-2.50579	0.25517	-3.68950
3887.311	0.40847	-4.78930	0.25646	-3.69423
3891.301	-1.23283	-2.34768	0.25937	-3.69497
3895.308	0.36710	-4.76936	0.24284	-3.64741
3899.320	0.15474	-4.76520	0.24200	-3.60786
3903.313	0.04576	-4.88249	0.17544	-3.63780
3907.303	0.11523	-4.88097	0.18129	-3.63161
3911.307	0.15000	-4.94934	0.20368	-3.61817
3915.305	0.16020	-4.94603	0.15099	-3.64290
3919.304	0.20819	-4.90256	0.12555	-3.65414
3923.305	0.22157	-4.90302	0.10108	-3.64506
3927.300	0.24959	-4.95128	0.06904	-3.66429
3931.316	0.21725	-4.92819	0.01655	-3.64108
3935.308	0.23135	-4.94318	0.00779	-3.57940
3939.306	0.18206	-4.92980	-0.00072	-3.60619
3943.305	-1.63249	-1.64509	-0.03169	-3.60500
3947.331	0.18712	-4.94694	-0.02018	-3.58928
3951.309	-1.93435	-1.76461	-0.01871	-3.55750
3955.303	-2.04857	-1.87878	-0.05063	-3.58450
3959.306	-2.17286	-1.94491	-0.04172	-3.57888
3963.304	-2.17073	-1.97229	-0.01971	-3.60255
3967.303	-2.24492	-2.05909	0.02214	-3.64247
3971.305	-2.25372	-2.11542	0.00881	-3.63242
3975.327	-2.30496	-2.24960	0.02668	-3.61262
3979.299	-2.33289	-2.29579	0.04653	-3.62408
3983.313	-2.37855	-2.30835	0.08666	-3.50643
3987.308	-2.42250	-2.36719	0.09902	-3.52927
3991.305	-2.45981	-2.39454	0.13210	-3.49617
3995.300	-2.53169	-2.45200	0.16702	-3.50827
3999.305	-2.54363	-2.47165	0.19981	-3.49613
4003.308	-2.57313	-2.48866	0.24306	-3.42707
4007.304	-2.57523	-2.53601	0.27349	-3.42647
4011.303	-2.55837	-2.54875	0.28421	-3.44246
4015.337	-2.54583	-2.57551	0.29165	-3.48680
4019.310	-2.50457	-2.53840	0.28610	-3.58300
4023.304	-2.46243	-2.50729	0.25751	-3.66416
4027.309	-2.41437	-2.44961	0.24433	-3.74325
4031.302	-2.38613	-2.41526	0.20264	-3.77854
4035.311	-2.36703	-2.35618	0.20991	-3.88410
4039.305	-2.34731	-2.20890	0.18551	-3.89059
4043.310	-2.32848	-2.18835	0.14357	-3.96420
4047.300	-2.31460	-2.10372	0.13426	-3.97098
4051.301	-2.31413	-1.98666	0.10766	-4.02125
4055.307	-2.33846	-1.96123	0.11203	-4.03127
4059.300	-2.36470	-1.87196	0.10240	-4.00221
4063.302	-2.39906	-1.81561	0.11515	-3.96022
4067.305	-2.45733	-1.73044	0.13940	-3.90279
4071.309	-2.54534	-1.68077	0.13379	-3.83130
4075.307	-0.32600	-1.63170	0.13250	-3.79419
4079.305	-0.24222	-1.55936	0.11952	-3.75669
4083.308	0.70980	-5.21833	0.12717	-3.66001
4087.308	0.72789	-5.05605	0.16948	-3.62424
4091.299	0.75449	-5.05479	0.18583	-3.59716
4095.301	0.64022	-5.08129	0.23860	-3.53843
4099.294	0.61198	-5.13718	0.24460	-3.48280
4103.314	0.59771	-5.20911	0.27537	-3.47334
4107.312	0.48239	-5.30126	0.28483	-3.47138
4111.299	0.53334	-5.40558	0.34201	-3.47730
4115.302	0.52917	-5.56771	0.34769	-3.48733
4119.302	0.46661	-5.70292	0.41018	-3.46074
4123.304	0.52833	-5.83638	0.44323	-3.44738
4127.298	0.46944	-5.85222	0.47155	-3.42669
4131.302	0.08592	-2.91076	0.46480	-3.41929
4135.312	-0.14695	-3.10823	0.47619	-3.41624
4139.296	0.46306	-3.18141	0.43745	-3.45048
4143.310	0.44150	-3.22445	0.42001	-3.48556
4147.302	0.47458	-3.27935	0.39802	-3.56568
4151.309	0.50838	-3.36524	0.37405	-3.63051
4155.297	0.55166	-3.33305	0.33414	-3.74231
4159.313	0.57257	-3.41064	0.39142	-3.64543
4163.299	-0.42050	-1.01158	0.42504	-3.77562
4167.303	-0.45398	-0.85912	0.44430	-3.69952
4171.300	-0.68543	-0.84261	0.47411	-3.72591
4175.297	-0.59610	-0.96535	0.50902	-3.71926
4179.307	-0.60178	-0.93402	0.47138	-3.69263
4183.326	-0.67948	-0.92178	0.48649	-3.58794
4187.298	-0.67692	-0.92347	0.48331	-3.49571
4191.307	-0.69960	-0.95599	0.47574	-3.41322
4195.298	-0.76737	-0.98091	0.53284	-3.37402
4199.294	-0.80669	-0.97114	0.51557	-3.29404
4203.301	-0.84471	-0.99431	0.51848	-3.22934
4207.299	-0.88205	-0.99812	0.46321	-3.11522
4211.300	-0.85811	-0.99999	0.48242	-3.17217
4215.296	-0.82620	-0.98894	0.50624	-3.13289
4219.354	-0.82635	-0.94463	0.48934	-3.14945
4223.317	-0.82240	-0.89341	0.51528	-3.20487
4227.310	-0.04378	-3.15333	0.53905	-3.26220
4231.296	0.09053	-2.97348	0.51920	-3.32849
4235.306	0.43984	-3.11028	0.56620	-3.40772
4239.297	0.54066	-3.01005	0.54920	-3.37911
4243.304	0.63419	-2.73300	0.55260	-3.37495
4247.295	0.57843	-2.75582	0.50009	-3.36207
4251.301	0.56702	-2.55176	0.48361	-3.31127
4255.294	0.53064	-2.38404	0.47433	-3.24906
4259.304	0.65642	-5.44654	0.39670	-3.12434
4263.301	-0.52036	-5.37092	0.21122	-2.91176
4267.296	-0.99042	-4.85078	0.09485	-2.88466
4271.299	-3.13729	-2.99829	-1.05019	-1.59548
4275.311	-4.61058	-2.70007	-2.63239	-1.01922
4279.301	-4.18563	-2.80499	-2.69334	-0.76186
4283.300	-3.93295	-2.71648	-2.50571	-0.68167
4287.373	-4.16939	-2.82569	-2.48909	-0.75337
4291.299	-4.18630	-2.71647	-2.54759	-0.76460
4295.299	-4.35642	-2.83096	-2.50858	-0.67254
4299.294	-4.26854	-2.81769	-2.46798	-0.62058
4303.300	-4.12989	-2.71666	-2.49060	-0.62407
4307.297	-4.00040	-2.46774	-2.48118	-0.62047
4311.310	-4.01448	-2.49056	-2.54241	-0.44428
4315.303	-4.11337	-2.30736	-2.58648	-0.42187
4319.302	-4.08636	-2.41562	-2.65287	-0.40413
4323.296	-4.14542	-2.30960	-2.61340	-0.15043
4327.300	-4.14196	-2.28152	-2.61439	0.01147
4331.299	-4.26640	-2.20936	-2.65604	-0.00223
4335.300	-4.21933	-2.17792	-2.66543	0.08474
4339.302	-4.12957	-2.13409	-2.67796	0.13888
4343.300	-4.13461	-2.08791	-2.68645	0.24933
4347.299	-4.08806	-2.07355	-2.69884	0.18857
4351.296	-4.15297	-2.07712	-2.73046	0.20068
4355.308	-4.20768	-2.06398	-2.74422	0.21661
4359.313	-4.18514	-2.01377	-2.75958	0.24910
4363.295	-4.23359	-1.96112	-2.71424	0.17273
4367.294	-4.20353	-1.87174	-2.69663	0.13079
4371.297	-4.16050	-1.84230	-2.71258	-0.08874
4375.299	-4.15258	-1.81449	-2.65057	-0.23532
4379.299	-4.08824	-1.84262	-2.64805	-0.42756
4383.301	-4.05940	-1.80639	-2.61352	-0.52192
4387.303	-4.05256	-1.84240	-2.59319	-0.50624
4391.300	-4.05893	-1.86911	-2.59264	-0.53479
4395.296	-3.98143	-1.84900	-2.57414	-0.50148
4399.304	-3.93947	-1.96962	-2.55158	-0.58288
4403.293	-3.90822	-2.05234	-2.53548	-0.57165
4407.296	-3.85758	-2.11595	-2.52783	-0.55432
4411.301	-3.87023	-2.33931	-2.54568	-0.58584
4415.298	-3.84377	-2.41383	-2.52669	-0.43001
4419.294	-3.80577	-2.52162	-2.57323	-0.33430
4423.316	-3.80285	-2.61647	-2.58061	-0.27448
4427.295	-3.71463	-2.69990	-2.60406	-0.23299
4431.298	-3.75610	-2.71326	-2.66684	-0.17433
4435.299	-3.76962	-2.72657	-2.72521	-0.11619
4439.297	-3.82109	-2.70796	-2.80201	-0.03688
4443.295	-3.89187	-2.71491	-2.83672	-0.00479
4447.295	-3.88290	-2.72181	-2.93807	0.07403
4451.301	-3.99390	-2.65808	-2.97161	0.12058
4455.295	-3.97597	-2.64921	-3.04855	0.17022
4459.309	-3.94821	-2.63547	-3.08305	0.23696
4463.293	-4.01813	-2.59020	-3.08857	0.28572
4467.299	-3.99279	-2.61586	-3.12262	0.31429
4471.292	-3.99761	-2.64422	-3.14808	0.31945
4475.293	-4.05426	-2.62674	-3.13019	0.34722
4479.294	-4.13577	-2.63073	-3.10126	0.39171
4483.301	-4.08930	-2.61614	-3.06897	0.37862
4487.292	-4.12631	-2.61780	-2.98656	0.41113
4491.313	-4.13211	-2.55379	-2.89015	0.36896
4495.287	-4.10014	-2.60319	-2.79758	0.38179
4499.296	-4.16332	-2.54907	-2.75868	0.37863
4503.300	-4.18440	-2.50228	-2.72635	0.38040
4507.296	-4.19889	-2.46814	-2.63329	0.34258
4511.296	-4.21901	-2.40223	-2.57764	0.33596
4515.301	-4.27738	-2.33489	-2.52691	0.33533
4519.292	-4.27365	-2.32255	-2.59007	0.45992
4523.296	-3.16550	-2.27147	-2.48349	0.58306
4527.300	-2.12369	-2.21506	-2.23251	0.54205
4531.298	-1.84619	-2.08924	-0.65573	0.52645
4535.296	-1.53662	-2.10612	-0.22505	0.52159
4539.295	-1.33909	-2.05413	-0.18425	0.54443
4543.293	-1.48550	-1.97019	-0.50170	0.52861
4547.296	-1.67752	-1.92024	-0.57637	0.44845
4551.294	-1.85051	-1.85107	-0.69131	0.49368
4555.295	-1.78800	-1.73915	-0.87503	0.44655
4559.314	-1.97257	-1.71870	-0.69156	0.46799
4563.286	-1.82279	-1.73212	-0.75516	0.42070
4567.305	-1.82326	-1.67822	-0.70866	0.36135
4571.293	-1.90931	-1.62568	-0.67910	0.27295
4575.296	-1.81612	-1.62130	-0.80138	0.18108
4579.294	-1.89692	-1.59438	-0.89736	0.05426
4583.301	-1.89627	-1.56720	-0.96467	0.01021
4587.290	-1.95862	-1.54471	-0.99248	-0.05464
4591.292	-1.95440	-1.47170	-1.06560	-0.06698
4595.295	-1.94895	-1.44935	-1.10279	-0.06738
4599.297	-1.96134	-1.45102	-1.11847	-0.09406
4603.293	-1.94632	-1.41346	-1.17629	-0.12469
4607.295	-1.91434	-1.38095	-1.21206	-0.15249
4611.308	-1.93965	-1.32642	-1.22794	-0.19967
4615.300	-1.92885	-1.33437	-1.24394	-0.22940
4619.160	-1.97656	-1.36139	-1.27936	-0.21005
4623.170	-2.01583	-1.33209	-1.20777	-0.18439
4627.182	-2.02101	-1.29776	-1.07388	-0.19379
4631.179	-2.04081	-1.28658	-1.00147	-0.22284
4635.169	-2.03647	-1.32912	-0.92946	-0.19795
4639.171	-2.05489	-1.35201	-0.90252	-0.19258
4643.166	-2.03080	-1.40090	-0.90314	-0.20620
4647.163	-2.02378	-1.49765	-0.75632	-0.18158
4651.169	-1.98393	-1.51362	-0.70593	-0.14961
4655.172	-1.89451	-1.58316	-0.69444	-0.12694
4659.161	-1.86798	-1.63709	-0.71506	-0.03439
4663.182	-1.83866	-1.75111	-0.68905	0.02154
4667.171	-1.80529	-1.80062	-0.71928	0.05625
4671.168	-1.79653	-1.85507	-0.72533	0.02333
4675.163	-1.70355	-1.89089	-0.75883	0.09427
4679.167	-1.68176	-1.90689	-0.78290	0.10826
4683.172	-1.68265	-1.92607	-0.79823	0.09576
4687.168	-1.63442	-1.96028	-0.78689	0.12100
4691.160	-1.62733	-1.90386	-0.81937	0.12155
4695.208	-1.62418	-1.91096	-0.85319	0.09360
4699.174	-1.65247	-1.88459	-0.86540	0.10753
4703.171	-1.59457	-1.81360	-0.86572	0.09198
4707.164	-1.60216	-1.76912	-0.85605	0.03270
4711.164	-1.61275	-1.73608	-0.82754	0.00867
4715.168	-1.61758	-1.60554	-0.83900	0.03128
4719.165	-1.67050	-1.56884	-0.84520	0.02360
4723.167	-1.63998	-1.50889	-0.83607	0.01781
4727.163	-1.63831	-1.46128	-0.83240	0.05108
4731.178	-1.65471	-1.44563	-0.84101	0.10346
4735.176	-1.67070	-1.30822	-0.84471	0.08778
4739.173	-1.59844	-1.31018	-0.82104	0.12962
4743.166	-1.58257	-1.24549	-0.81506	0.05456
4747.174	-1.55579	-1.15714	-0.78950	0.03153
4751.172	-1.55551	-1.10922	-0.79126	-0.00639
4755.167	-1.56876	-1.05801	-0.76553	-0.19808
4759.161	-1.47786	-1.03682	-0.71119	-0.28353
4763.167	-1.49321	-0.99589	-0.62997	-0.33971
4767.176	-1.47551	-0.94586	-0.57171	-0.46040
4771.164	-1.40524	-0.93307	-0.53359	-0.51755
4775.165	-1.44061	-0.88329	-0.47751	-0.40333
4779.166	-1.36434	-0.86906	-0.40978	-0.45720
4783.208	-1.39634	-0.86145	-0.42199	-0.40251
4787.165	-1.40876	-0.85983	-0.36556	-0.37248
4791.173	-1.41759	-0.88953	-0.41564	-0.38241
4795.161	-1.47876	-0.91737	-0.39792	-0.16288
4799.163	-1.48461	-0.91327	-0.42437	0.04510
4803.173	-1.54941	-0.92871	-0.44589	0.06622
4807.166	-1.55633	-0.92869	-0.50145	0.12519
4811.169	-1.60206	-0.96673	-0.55533	0.23645
4815.171	-1.65404	-0.93197	-0.57518	0.19791
4819.171	-1.63395	-0.92714	-0.57384	0.25347
4823.170	-1.65381	-0.92372	-0.60322	0.27862
4827.170	-1.66517	-0.99928	-0.62610	0.26167
4831.166	-1.67058	-1.09197	-0.65253	0.29340
4835.165	-1.68679	-1.08710	-0.63166	0.32697
4839.175	-1.68915	-1.10875	-0.61320	0.32120
4843.161	-1.70214	-1.10963	-0.62243	0.27071
4847.164	-1.73405	-1.00540	-0.72620	0.19510
4851.163	-2.11452	-0.80558	-1.62693	0.26724
4855.168	-4.43088	-0.69210	-2.30427	0.27756
4859.162	-5.35433	-0.51175	-3.13100	0.22956
4863.169	-5.36626	-0.59793	-3.02710	0.16767
4867.160	-4.87389	-0.55929	-2.52493	0.23266
4871.165	-4.26881	-0.42800	-2.24502	0.27949
4875.169	-3.54905	-0.57944	-2.04594	0.39949
4879.167	-3.75279	-0.39514	-2.20196	0.44491
4883.163	-4.22861	-0.76987	-2.27996	0.56602
4887.166	-4.24485	-0.70246	-2.47343	0.61442
4891.163	-4.16379	-0.92090	-2.46662	0.73660
4895.160	-4.24463	-1.05498	-2.69056	0.94294
4899.164	-4.26420	-0.96904	-2.58071	1.06361
4903.169	-4.12256	-0.91505	-2.53843	1.14318
4907.167	-4.06819	-0.93075	-2.48487	1.24149
4911.162	-4.07789	-0.90128	-2.43659	1.32171
4915.165	-4.12927	-1.01492	-2.49701	1.38892
4919.172	-4.13145	-1.03350	-2.57070	1.48118
4923.161	-4.16939	-1.01220	-2.56107	1.58188
4927.169	-4.15621	-1.05161	-2.62075	1.59527
4931.163	-4.19299	-1.02265	-2.76705	1.67789
4935.161	-4.16860	-0.99272	-2.81310	1.67090
4939.161	-4.12174	-0.97051	-2.81674	1.66762
4943.158	-4.14317	-0.94789	-2.87906	1.67688
4947.169	-4.15621	-1.01050	-2.98490	1.68738
4951.172	-4.13285	-1.01294	-3.05801	1.64790
4955.159	-4.08829	-1.05826	-3.16421	1.58558
4959.173	-3.97647	-0.84141	-3.16211	1.51676
4963.162	-4.05335	-0.69527	-3.23074	1.38642
4967.194	-4.04426	-0.34655	-3.29510	1.34014
4971.157	-3.98536	-0.43489	-3.34502	1.23868
4975.168	-3.96306	-0.32122	-3.27860	1.16242
4979.163	-3.90452	-0.42765	-3.29580	0.98798
4983.157	-3.90494	-0.20257	-3.17819	0.81821
4987.192	-3.84518	-0.16413	-3.14130	0.80879
4991.165	-3.85943	-0.18694	-2.87829	0.73831
4995.168	-3.87149	-0.19355	-2.81041	0.74868
4999.158	-3.90022	-0.11302	-2.84776	0.64622
5003.165	-3.95081	-0.12093	-2.84061	0.58121
5007.159	-3.99949	-0.13931	-2.72122	0.42585
5011.153	-4.07318	-0.12867	-2.72177	0.37576
5015.159	-4.09587	-0.10531	-2.64859	0.27158
5019.159	-4.11394	-0.13979	-2.60342	0.28368
5023.173	-4.11745	-0.18371	-2.63811	0.27980
5027.160	-4.06530	-0.44231	-2.70713	0.31463
5031.162	-4.12451	-0.76271	-2.76611	0.29417
5035.213	-4.16818	-0.46983	-2.74905	0.41000
5039.173	-4.21382	-0.34709	-2.90423	0.51008
5043.164	-4.23999	-0.57669	-2.92827	0.72426
5047.159	-4.21214	-0.59856	-3.01838	0.90030
5051.161	-4.11172	-0.53453	-3.11165	1.19745
5055.157	-4.10123	-0.35455	-2.98807	0.97733
5059.163	-3.98264	-0.41496	-3.03754	0.80180
5063.158	-3.86968	-0.73369	-3.09030	0.83837
5067.159	-3.87813	-0.57573	-3.14382	1.00150
5071.166	-3.86420	-0.49121	-3.16928	0.80514
5075.163	-4.01539	-0.43455	-3.12841	0.76563
5079.161	-3.94048	-0.47051	-3.02650	0.67723
5083.156	-3.93119	-0.49635	-2.98354	0.57600
5087.172	-3.85795	-0.54642	-2.97280	0.49164
5091.167	-3.88779	-0.60220	-2.81697	0.52223
5095.158	-3.88006	-0.69526	-2.69413	0.47848
5099.160	-3.88955	-0.79007	-2.64252	0.44005
5103.184	-3.94058	-0.81639	-2.54742	0.40858
5107.173	-3.97842	-0.81301	-2.58895	0.41780
5111.167	-4.03549	-0.91272	-2.52879	0.34784
5115.161	-4.01324	-0.90593	-2.56391	0.36615
5119.159	-4.01090	-0.96933	-2.48643	0.37116
5123.159	-4.03831	-1.00716	-2.54083	0.39550
5127.161	-4.08616	-1.03626	-2.55951	0.44790
5131.158	-4.07216	-1.07461	-2.57253	0.44367
5135.167	-4.03863	-1.05424	-2.65218	0.44948
5139.153	-4.08910	-0.99419	-2.77312	0.47586
5143.161	-4.13922	-0.98315	-2.92559	0.46151
5147.170	-4.16761	-0.89248	-2.96760	0.48965
5151.158	-4.21755	-0.88269	-3.06380	0.54903
5155.172	-4.22424	-0.84175	-3.10817	0.60771
5159.171	-4.26975	-0.79628	-3.16473	0.63355
5163.161	-4.33288	-0.75970	-3.21025	0.67354
5167.158	-4.35139	-0.69029	-3.19474	0.65767
5171.249	-4.37162	-0.68544	-3.22136	0.66339
5175.163	-4.42725	-0.62899	-3.27682	0.70827
5179.169	-4.48453	-0.58185	-3.24766	0.72551
5183.155	-4.44867	-0.59013	-3.21275	0.70894
5187.161	-4.43073	-0.55056	-3.17275	0.73571
5191.163	-4.39718	-0.55992	-3.11193	0.74602
5195.182	-4.34633	-0.51489	-3.10710	0.71032
5199.171	-4.37194	-0.45073	-3.07825	0.73510
5203.157	-4.27750	-0.44145	-3.07931	0.73815
5207.155	-4.21289	-0.40758	-3.06360	0.80207
5211.177	-4.11851	-0.36015	-3.05271	0.86395
5215.157	-4.00475	-0.35960	-3.06132	0.91639
5219.157	-3.91536	-0.24657	-3.04021	0.89502
5223.159	-3.80681	-0.20827	-3.03667	0.93236
5227.152	-3.84547	-0.21077	-3.03029	1.00118
5231.165	-3.85059	-0.19634	-3.06174	1.04283
5235.155	-3.83692	-0.15260	-3.11938	0.82247
5239.193	-3.80120	-0.14170	-3.12890	0.76682
5243.171	-3.67895	-0.14207	-3.13986	0.77180
5247.153	-3.70285	-0.09631	-3.12378	0.74378
5251.153	-3.68774	-0.05805	-3.11989	0.93986
5255.159	-3.67588	-0.02162	-3.08201	0.59321
5259.164	-3.71038	0.09916	-3.06699	0.59407
5263.155	-3.71066	0.00273	-3.01482	0.53886
5267.167	-3.79816	-0.31481	-3.02051	0.42700
5271.153	-3.87092	-0.13366	-3.00695	0.35564
5275.157	-4.00087	-0.13906	-2.91908	0.29934
5279.171	-4.10473	-0.25055	-2.94344	0.31323
5283.154	-4.18287	-0.34103	-2.91205	0.34148
5287.157	-4.06278	-0.33325	-2.90480	0.39404
5291.154	-3.83589	-0.43608	-2.86581	0.40202
5295.166	-3.92077	-0.39601	-2.78872	0.33489
5299.158	-3.78872	-0.37110	-2.72516	0.36141
5303.157	-3.64966	-0.42688	-2.67048	0.38876
5307.161	-3.63844	-0.53245	-2.66342	0.42885
5311.200	-3.63159	-0.45302	-2.61692	0.51296
5315.154	-3.56040	-0.42655	-2.62132	0.61035
5319.162	-3.54336	-0.44880	-2.63618	0.69444
5323.175	-3.55812	-0.41502	-2.58202	0.77577
5327.149	-3.54717	-0.38432	-2.53345	0.85155
5331.165	-3.51661	-0.33394	-2.51158	0.84544
5335.155	-3.60551	-0.28485	-2.48240	0.79599
5339.157	-3.68601	-0.28413	-2.43427	0.68216
5343.153	-3.84871	-0.35900	-2.47378	0.49038
5347.162	-3.96382	-0.38756	-2.52617	0.80713
5351.151	-3.96750	-0.13515	-2.49959	0.73440
5355.156	-4.00954	-0.21048	-2.47819	0.26904
5359.149	-4.12332	-0.36750	-2.57969	1.21738
5363.167	-4.22268	-0.02084	-2.62732	0.64021
5367.151	-4.21217	-0.12406	-2.65800	0.58293
5371.157	-4.19252	-0.18461	-2.83056	0.83696
