time (ms)	lx (deg)	ly (deg)	rx (deg)	ry (deg)
0.000	-0.64851	2.05357	1.24503	-2.01870
3.899	-1.81267	1.29990	1.53285	5.25651
8.007	NaN	NaN	5.38651	3.49446
12.006	NaN	NaN	NaN	NaN
16.005	NaN	NaN	NaN	NaN
19.999	NaN	NaN	1.87545	14.14202
24.006	NaN	NaN	0.19134	7.34754
28.007	-3.10059	6.86760	1.97748	-0.46042
32.006	-1.61478	6.43836	0.15901	-3.51256
35.903	-1.67424	3.88942	-1.26465	-6.08133
39.962	-1.22474	1.80917	-0.41286	-3.76370
43.962	-1.55115	1.57004	-1.03228	-3.62406
48.008	-1.00697	0.34236	-1.20884	-2.19612
52.009	-0.45383	0.47549	-1.43659	-1.40971
56.008	-2.31304	-0.14289	-1.41494	-1.46568
60.009	-0.94202	-0.23186	-3.26178	-2.31487
64.008	-2.80233	0.48471	-1.45748	-2.89899
67.871	-3.81605	1.58641	-1.08681	-1.58856
72.011	-2.41539	1.59227	-0.69327	-2.44565
76.008	-1.44173	1.32773	-0.74481	-2.04936
80.013	-1.34725	1.02513	-0.76796	-2.08806
83.978	-0.67374	1.40136	-0.66255	-1.80847
88.004	-0.66627	1.83414	-0.95683	-2.12619
92.008	-0.28667	1.74631	-0.73005	-1.99839
96.007	-0.29769	1.79978	-0.62302	-2.01010
100.009	-0.27964	1.81684	-0.58610	-2.13292
104.009	-0.25743	1.92971	-0.64456	-1.96822
108.009	-0.13876	1.94208	-0.57024	-1.90891
112.008	-0.28768	2.00935	-0.55022	-1.93128
116.008	-0.20125	2.06123	-0.55684	-1.87220
120.009	-0.11853	1.74057	-0.53709	-1.90902
124.011	-0.17653	1.76782	-0.49781	-1.79792
127.973	-0.14573	1.66894	-0.49597	-1.89627
131.886	-0.09272	1.73267	-0.43827	-1.82932
136.009	-0.22145	1.71201	-0.42594	-1.83118
140.009	-0.24956	1.32779	-0.35392	-1.84232
144.008	-0.36149	1.29554	0.51029	-1.96249
148.009	-0.54525	1.35926	0.57463	-2.02739
152.011	-0.86108	1.48411	0.13637	-1.91359
156.011	-0.72119	1.36423	0.25406	-1.77896
160.010	-0.57692	1.12713	0.51671	-2.02115
164.012	-0.59880	0.83378	0.37189	-1.90400
167.988	-0.82054	1.01828	0.16720	-1.98708
172.012	-0.66833	1.01196	0.24016	-1.97307
176.011	-0.84607	0.98139	-0.07319	-2.17070
180.023	-0.89125	0.72656	-0.24949	-2.45491
183.886	-0.92398	0.68229	-0.51627	-2.33701
187.885	-1.07374	0.71731	-0.03192	-2.48120
191.881	-1.12573	0.77261	-0.23415	-2.30563
195.876	-0.96832	0.82646	-0.39941	-2.57523
199.881	-0.65893	0.71771	-0.25991	-2.60185
203.886	-0.80727	0.77708	-0.29823	-2.72547
207.888	-0.72583	0.83890	-0.48895	-2.61408
211.907	-0.74945	0.82419	-0.50314	-2.66424
215.855	-0.70831	0.85252	-0.54406	-2.66834
219.884	-0.91299	0.87451	-0.55528	-2.61339
223.842	-0.73285	0.93926	-0.54036	-2.56985
228.013	-0.58640	0.97240	-0.54525	-2.60285
231.886	-0.63377	1.00511	-0.59511	-2.57915
235.887	-0.47924	0.86401	-0.59404	-2.57350
239.887	-0.56523	0.73789	-0.61081	-2.57079
243.907	-0.57731	0.92784	-0.62833	-2.49192
247.887	-0.68518	0.92226	-0.74987	-2.50398
251.883	-0.71332	0.77779	-0.69461	-2.54009
255.870	-0.84577	0.63656	-0.68404	-2.50387
259.908	-0.75605	0.83003	-0.64744	-2.51150
263.886	-0.84912	0.87137	-0.60833	-2.47786
267.885	-0.94730	0.74918	-0.56461	-2.46241
271.887	-1.01032	0.96403	-0.49726	-2.39752
275.909	-1.02471	0.95501	-0.39596	-2.39101
279.887	-0.96658	0.84315	-0.45351	-2.17155
283.890	-1.01633	0.81735	-0.37769	-2.04742
287.843	-1.09648	1.04582	-0.33382	-2.09538
291.843	-1.18495	1.10032	-0.29334	-2.08943
295.886	-1.12740	1.21997	-0.24110	-2.02167
299.882	-1.17088	1.28444	-0.22527	-2.15026
303.887	-0.81704	1.42223	-0.35154	-1.99075
307.906	-1.01114	1.42054	-0.59334	-1.91751
311.888	-0.80238	1.43135	-0.83540	-1.86909
315.887	-1.37297	1.52385	-1.10231	-1.76969
319.887	-1.40956	1.59750	-1.07550	-1.60435
323.908	-1.34447	1.70711	-1.19698	-1.59503
327.888	-1.49852	1.73953	-0.94636	-1.53160
331.888	-1.36241	1.77805	-1.35038	-1.66880
335.889	-1.25716	1.85744	-1.34718	-1.67203
339.878	-1.32704	1.86211	-1.28244	-1.60098
343.888	-1.18428	1.92073	-1.32523	-1.61761
347.889	-0.93713	1.95994	-1.26649	-1.56743
351.891	-0.70087	1.94030	-1.29296	-1.58690
355.849	-0.83945	2.00035	-1.31840	-1.53550
359.888	-0.76776	2.00902	-1.22913	-1.65027
363.889	-0.39338	1.99200	-1.12253	-1.85498
367.889	-0.58009	1.91498	-0.75806	-1.96252
371.880	-0.59612	1.83525	-0.75096	-2.19783
375.890	-0.12372	1.67098	-0.68692	-2.45679
379.879	-1.04612	1.42484	-0.67471	-2.14179
383.882	-0.85615	1.28248	-0.72231	-2.14031
387.910	-1.18130	0.94259	-0.73188	-2.36971
391.889	-1.35762	1.06938	-0.73106	-2.43884
395.900	-1.32746	1.05420	-0.76176	-2.52508
399.890	-1.65845	0.82447	-0.64166	-2.30809
403.914	-1.45738	0.87280	-0.84297	-1.55528
407.889	-1.37697	0.79576	-0.85342	-1.22526
411.889	-1.25324	0.81798	-0.82091	-2.06786
415.892	-1.39681	0.83681	-0.92899	-1.99052
419.880	-1.36045	0.94896	-1.13804	-2.14522
423.859	-1.17446	0.99723	-1.10083	-2.21029
427.889	-1.32565	1.60254	-1.04689	-1.99522
431.889	-1.29008	1.69158	-0.99911	-2.36964
435.912	-1.15803	1.94613	-0.87902	-2.31560
439.891	-1.06661	2.18082	-0.76938	-2.36805
443.888	-1.36293	1.53654	-0.61622	-2.40092
447.890	-1.46457	1.15130	-0.50890	-2.40359
451.914	-1.46685	1.15175	-0.35221	-2.45509
455.893	-1.77238	1.26759	-0.14563	-2.46448
459.896	-1.62001	0.92021	-0.15320	-2.50528
463.871	-1.81699	0.87083	0.00191	-2.57363
467.866	-1.77729	0.89059	-0.19469	-2.62344
471.852	-1.76207	0.77145	-0.25852	-2.80432
475.891	-1.90453	0.62630	-0.26178	-3.09393
479.892	-1.90996	0.57827	-1.10594	-2.97796
483.891	-1.94687	0.48258	-1.26964	-3.13398
487.894	-1.88752	0.32452	-1.12606	-2.41989
491.893	-1.87165	0.14608	-1.27115	-1.85711
495.892	-1.91447	0.29271	-1.15059	-2.08467
499.915	-1.89372	0.40824	-1.03980	-1.53677
503.891	-1.85341	0.44394	-0.92396	-1.42085
507.887	-1.84443	0.31922	-0.82228	-1.33688
511.892	-1.88489	0.20554	-1.18058	-1.42339
515.915	-2.12845	0.29453	-1.24449	-1.48711
519.892	-2.35246	0.09214	-1.29933	-1.52752
523.893	-2.49426	0.07646	-1.24999	-1.49468
527.893	-2.59859	0.09187	-1.22201	-1.49134
531.883	-2.64619	0.14995	-1.07041	-1.47049
535.894	-2.72189	0.18862	-1.10026	-1.50447
539.848	-2.70153	0.23893	-1.09063	-1.44233
543.849	-2.59314	0.22138	-1.08644	-1.55559
547.892	-2.56097	0.20011	-1.04766	-1.62279
551.893	-2.66209	0.25227	-1.14501	-1.55869
555.894	-5.47914	-1.35165	-1.04726	-1.57205
559.893	-2.59584	0.20504	-1.07780	-1.60624
563.913	-2.53583	0.27908	-1.03776	-1.62153
567.894	-5.63690	-1.39832	-1.00422	-1.54136
571.893	-5.69600	-1.61317	-0.98296	-1.54070
575.894	-5.69327	-1.71813	-0.98861	-1.65720
579.883	-5.63638	-1.80549	-0.95633	-1.57353
583.899	-2.34166	0.12106	-0.91986	-1.44702
587.885	-2.27739	-0.02520	-0.72801	-1.51046
591.896	-2.06453	-0.36934	-0.80240	-1.49161
595.895	-1.75076	-0.74245	-0.62131	-1.56747
600.302	-1.69644	-0.14987	-0.73518	-1.72618
603.898	-1.18401	0.24613	-0.47939	-1.75126
607.894	-1.13863	0.00912	-0.44185	-1.42966
611.916	-1.07793	0.59148	-0.35280	-1.76943
615.894	-1.06418	0.84755	-0.26803	-1.34395
619.894	-0.84692	0.48035	0.49118	-1.00265
623.897	-1.27348	0.57130	1.23077	-1.59337
627.916	-1.84835	2.74853	-0.14216	-1.70196
631.865	-1.79091	3.47015	-0.02137	3.46083
635.894	NaN	NaN	NaN	NaN
639.894	NaN	NaN	NaN	NaN
643.894	NaN	NaN	NaN	NaN
647.917	NaN	NaN	NaN	NaN
651.895	NaN	NaN	NaN	NaN
655.850	NaN	NaN	NaN	NaN
659.895	NaN	NaN	NaN	NaN
663.852	NaN	NaN	NaN	NaN
667.894	NaN	NaN	NaN	NaN
671.859	NaN	NaN	NaN	NaN
675.895	NaN	NaN	NaN	NaN
679.896	NaN	NaN	NaN	NaN
683.903	NaN	NaN	NaN	NaN
687.884	NaN	NaN	NaN	NaN
691.897	NaN	NaN	NaN	NaN
695.899	NaN	NaN	NaN	NaN
699.898	NaN	NaN	NaN	NaN
703.859	NaN	NaN	NaN	NaN
707.898	8.44742	7.27158	12.07144	6.61376
711.896	10.00374	7.87700	12.03838	2.95661
715.894	9.10664	3.10549	12.17115	4.94590
719.920	9.63399	3.20708	12.42399	3.83410
723.855	9.72074	3.79400	11.99073	3.58117
727.902	10.81839	2.85210	9.42185	0.41048
731.897	8.40040	0.65881	2.53573	-0.53868
735.897	10.17137	0.57879	2.49889	-0.90653
739.899	10.49243	0.34104	6.26812	-0.83499
743.896	9.39250	0.13903	8.81326	-0.91823
747.897	10.57191	-0.13521	6.26512	-1.64921
751.900	10.12909	-0.29569	9.09055	-4.04812
755.890	10.19226	-0.27421	8.58279	-2.78419
759.898	9.99026	-0.46359	8.24011	-2.74803
763.897	9.93756	-0.90090	8.69903	-3.19402
767.897	9.66135	-0.98903	8.64342	-3.44181
771.854	9.66969	-1.00429	8.60550	-3.20218
775.898	9.53767	-1.13214	8.29117	-2.28808
779.899	9.53062	-1.07378	8.24422	-3.05840
783.898	9.40448	-0.97571	8.32410	-2.99219
787.889	9.41798	-0.92830	8.57027	-2.84890
791.899	9.41779	-1.00148	8.54646	-2.98319
795.899	9.28038	-0.86060	8.58301	-2.86893
799.888	9.10932	-0.67348	8.55695	-2.75425
803.897	9.00782	-0.88653	8.67971	-2.80742
807.899	8.96765	-0.74022	8.71295	-2.84282
811.899	8.83406	-0.59739	8.68756	-2.74676
815.900	8.82766	-0.55337	8.65907	-2.72236
819.926	8.74282	-0.47882	8.59354	-2.80375
823.901	8.71560	-0.36565	8.75713	-2.75769
827.900	8.75720	-0.36043	8.83948	-2.73775
831.901	8.72447	-0.29115	8.89056	-2.74371
835.897	8.76084	-0.25303	9.01094	-2.68335
839.864	8.70444	-0.17867	9.02341	-2.60800
843.897	8.77381	-0.16412	9.05001	-2.58822
847.901	8.82007	-0.11077	9.06211	-2.42590
851.856	8.81712	0.05397	9.05209	-2.28241
855.857	8.86207	0.21623	9.16823	-2.10868
859.900	8.86183	0.29134	8.68630	-1.95455
863.899	8.78568	0.21026	8.16112	-1.70329
867.901	8.74898	0.26714	7.98569	-1.70794
871.900	8.71773	0.36550	8.66981	-1.91810
875.901	8.79674	0.25524	9.03667	-1.85944
879.881	8.78290	0.11537	9.01409	-2.08931
883.788	9.36733	-0.85590	9.19186	-2.57079
887.902	9.25961	-1.32060	9.24888	-2.48372
891.900	9.01433	-1.14703	9.48705	-2.74602
895.901	8.98487	-1.13912	9.70287	-2.74729
899.892	8.81472	-0.93716	9.81701	-2.79554
903.900	8.82402	-0.57663	9.65671	-2.61997
907.901	8.86296	-0.42249	9.38032	-2.65766
911.902	8.60599	-0.68359	9.11898	-2.79872
915.906	8.70701	-0.74016	9.30285	-2.80997
919.858	8.41998	-0.66094	9.48726	-2.83510
923.896	8.50013	-0.75622	9.48724	-2.79165
927.899	8.70793	-0.66319	9.53221	-2.76886
931.892	8.30447	-0.56073	8.99445	-2.53693
935.904	7.90097	-0.56838	8.81649	-2.30433
939.899	7.13654	-0.45047	5.14801	-0.21965
943.915	4.02282	-0.24498	3.06437	-1.11407
947.891	3.17500	-0.37859	2.24034	-2.26137
951.902	1.58713	-0.54760	-0.32273	-2.21838
955.902	-0.04020	-0.76831	-0.40154	-2.65991
959.901	-1.63512	-1.31793	-2.01625	-2.46299
963.879	-3.47814	-1.07470	-2.81268	-2.22489
967.900	-2.52332	-1.00412	-2.94374	-2.32912
971.857	-2.77460	-1.09798	-2.88262	-2.37578
975.901	-2.39881	-1.32748	-2.17395	-2.52507
979.799	-2.68207	-1.38775	-1.80886	-2.59360
983.902	-2.92391	-1.39044	-1.87597	-2.96486
987.864	-3.42238	-1.30441	-1.99582	-3.11457
991.903	-3.30364	-1.30633	-1.99793	-3.31752
995.904	-2.92406	-1.63818	-1.83965	-3.67664
999.905	-2.86153	-1.79506	-2.04780	-3.54328
1003.890	-2.73605	-1.21904	-1.68496	-3.32716
1007.892	-2.75631	-1.32956	-1.87743	-3.43593
1011.905	-2.96393	-1.28500	-1.80774	-3.59984
1015.904	-3.32471	-1.67575	-1.71548	-3.79859
1019.893	-3.03016	-1.42212	-1.76195	-3.90408
1023.906	-3.02776	-1.60438	-1.72515	-3.73447
1027.906	-2.89042	-1.40692	-1.68709	-3.84202
1031.905	-2.89245	-1.66905	-1.75743	-3.98507
1035.904	-2.88094	-1.30474	-1.70254	-3.55709
1039.903	-2.98322	-1.82617	-1.45981	-3.91395
1043.917	-2.95272	-1.57193	-1.59512	-3.85730
1047.873	-2.98564	-1.48328	-1.61228	-3.84036
1051.860	-3.13402	-1.70906	-1.60538	-3.69027
1055.904	-3.02358	-1.72751	-1.63013	-3.92355
1059.906	-2.99918	-1.58330	-1.62502	-3.71012
1063.904	-2.91020	-1.79627	-1.55269	-3.73954
1067.904	-2.95106	-1.70261	-1.41913	-3.78938
1071.905	-2.95960	-1.68747	-1.51293	-3.61817
1075.906	-2.93752	-1.60518	-1.52922	-3.44925
1079.905	-3.03843	-1.71775	-1.41075	-3.66166
1083.905	-3.05754	-1.54458	-1.58721	-3.63818
1087.887	-2.98477	-1.64107	-1.54914	-3.58978
1091.906	-2.76926	-1.56122	-1.51318	-3.64825
1095.905	-2.74972	-1.90462	-1.48233	-3.66441
1099.905	-2.89294	-2.00679	-1.44939	-3.68238
1103.907	-2.95911	-1.82438	-1.50671	-3.55130
1107.910	-3.19434	-1.88666	-1.48161	-3.57133
1111.907	-2.87747	-1.71544	-1.42278	-3.54759
1115.906	-2.96049	-1.70981	-1.52409	-3.61140
1119.910	-3.15387	-1.84521	-1.50616	-3.60853
1123.908	-2.93015	-2.01780	-1.59140	-3.22271
1127.904	-2.63239	-2.00465	-1.53614	-3.47676
1131.901	-2.46112	-2.10427	-1.34393	-3.55402
1135.908	-2.52466	-2.12839	-1.26770	-3.53339
1139.808	-2.74053	-2.10593	-1.46323	-3.51209
1143.907	-2.96052	-2.07113	-1.51633	-3.24036
1147.907	-3.10599	-2.05864	-1.42064	-3.40949
1151.907	-3.18566	-2.17644	-1.32634	-3.48309
1155.906	-2.90445	-2.17320	-1.51596	-3.53785
1159.906	-2.99005	-2.21089	-1.20757	-3.56790
1163.862	-2.83034	-2.26141	-1.30633	-3.22396
1167.909	-3.01247	-2.35378	-1.28732	-3.08657
1171.907	-2.56124	-2.36407	-1.36146	-3.10132
1175.908	-2.67848	-2.32333	-1.41236	-3.18623
1179.909	-2.83957	-2.32916	-1.45775	-3.16875
1183.908	-2.73779	-2.38291	-1.38585	-3.24755
1187.908	-3.12138	-2.33263	-1.43223	-3.18721
1191.908	-2.96428	-2.41348	-1.53441	-3.04183
1195.908	-3.09228	-2.25530	-1.86469	-2.86178
1199.908	-5.07284	-2.02507	-5.10736	-2.76315
1203.804	-5.04686	-0.50027	-5.10578	-2.92308
1207.908	-6.64290	0.50778	-7.17411	-2.99365
1211.786	-7.37380	0.63970	-7.25421	-2.12592
1215.783	-8.10345	1.12430	-8.81540	-1.71286
1219.798	-9.23551	1.49010	-9.00193	0.13884
1223.736	-9.35580	2.14433	-9.82686	0.75254
1227.784	-9.26967	2.43484	-9.93836	0.61399
1231.785	-9.35416	2.24939	-9.55630	0.71169
1235.806	-9.33727	2.78144	-9.86045	0.62297
1239.784	-9.47874	2.69963	-9.84204	0.13828
1243.783	-9.48190	2.48081	-9.16196	1.13829
1247.784	-9.51689	2.70383	-9.39880	1.06341
1251.774	-9.60818	2.71239	-9.69072	1.09967
1255.785	-9.60446	2.57142	-9.71042	0.66709
1259.784	-9.62765	2.49005	-9.56757	0.89467
1263.787	-9.60118	2.40555	-9.51126	1.26730
1267.781	-9.54843	2.30065	-9.28731	1.32949
1271.785	-9.63612	2.40024	-9.24206	1.28194
1275.782	-9.52772	2.47874	-9.32328	0.94211
1279.783	-9.66043	2.63784	-9.21904	0.58794
1283.807	-9.60560	2.54706	-9.11549	0.68090
1287.743	-9.60924	2.85100	-9.02212	0.38564
1291.783	-9.48147	3.07954	-8.95172	0.19365
1295.786	-9.48557	2.78000	-8.80241	1.20368
1299.774	-9.41071	2.92354	-8.68623	1.02134
1303.776	-9.36849	2.90475	-8.60691	0.86293
1307.784	-9.33294	2.93097	-8.63527	0.66995
1311.780	-9.37361	3.04801	-8.57236	0.51073
1315.776	-9.40132	3.03525	-8.55986	0.41878
1319.788	-9.44764	3.05895	-8.55229	0.42166
1323.788	-9.43875	2.99004	-8.54163	0.67414
1327.786	-9.46602	2.83596	-8.87009	0.63378
1331.775	-9.47855	2.88964	-8.73577	0.69457
1335.788	-9.50728	2.75902	-9.56479	1.00622
1339.789	-9.60466	2.74095	-9.54650	1.06450
1343.757	-9.62089	2.67041	-9.41984	1.26073
1347.804	-9.65609	2.57646	-9.51466	1.53235
1351.788	-9.68930	2.59070	-9.45650	1.36354
1355.788	-9.73463	2.55652	-9.52973	1.41762
1359.786	-9.72850	2.53961	-9.57092	1.45300
1363.777	-9.73590	2.49533	-9.61904	1.38940
1367.786	-9.73971	2.47550	-9.64005	1.35509
1371.785	-9.75153	2.53611	-9.66301	1.35110
1375.785	-9.77165	2.54072	-9.66149	1.34678
1379.775	-9.76500	2.55522	-9.63040	1.28231
1383.787	-9.72896	2.52335	-9.61276	1.26286
1387.786	-9.73988	2.49865	-9.60099	1.09203
1391.788	-9.54336	2.51304	-9.59457	1.09560
1395.779	-9.50110	2.46749	-9.49306	0.96727
1399.787	-9.06806	2.62651	-8.95624	0.74312
1403.787	-7.34018	3.11876	-8.30959	0.77736
1407.789	-4.21439	3.17629	-7.28163	0.68939
1411.776	-4.28718	3.07070	-4.86581	0.70539
1415.786	-4.11135	2.44865	-6.37067	0.66890
1419.743	-3.92561	2.17175	-2.97379	0.69937
1423.791	-3.09599	2.22192	-2.71654	0.50716
1427.807	-2.82439	2.15692	-2.57731	0.45501
1431.789	-2.66999	1.97645	-2.40679	0.41334
1435.788	-2.82915	1.76285	-2.33408	0.18279
1439.788	-3.17307	1.51347	-2.27416	-0.38192
1443.807	-3.17755	1.40246	-2.14459	-0.66626
1447.788	-2.96611	1.38411	-2.18159	-0.78047
1451.788	-3.04321	1.26968	-2.02507	-0.87614
1455.769	-2.87923	1.31402	-1.85509	-1.09343
1459.814	-2.77022	1.07774	-1.74657	-1.31214
1463.789	-2.66880	0.99609	-1.77176	-1.38883
1467.766	-2.55217	0.92838	-1.51826	-1.44449
1471.749	-2.71330	0.84803	-1.43079	-1.18283
1475.812	-2.98473	0.98269	-1.76492	-1.07384
1479.789	-3.00381	1.01949	-1.64355	-1.06778
1483.789	-2.93738	1.09122	-1.61069	-1.07316
1487.790	-2.80523	1.44232	-1.58088	-0.83552
1491.812	-2.66394	1.47030	-1.41338	-1.10521
1495.789	-2.65265	1.28914	-1.34291	-0.89418
1499.789	-2.56166	1.24130	-1.25513	-0.88090
1503.790	-3.38882	1.09008	-0.94867	-0.84919
1507.803	-3.27277	1.27830	-0.72784	-0.68943
1511.780	-2.94418	1.32005	-1.41437	-0.71888
1515.790	-2.76881	1.32791	-1.32572	-0.83671
1519.777	-2.58821	1.37364	-1.68245	-0.79364
1523.779	-2.71414	1.40386	-1.98821	-0.79467
1527.790	-3.29463	1.26476	-2.50883	-0.73961
1531.790	-3.10787	1.41939	-1.70147	-0.72101
1535.789	-2.75673	1.26067	-1.69373	-0.54677
1539.789	-2.79283	1.28261	-0.82297	-0.53056
1543.792	-2.56077	1.32198	-0.88860	-0.59827
1547.791	-2.42450	1.71627	-1.09609	-0.59257
1551.760	-3.51619	1.40378	-1.93846	-1.07605
1555.785	-3.01937	1.42595	-1.63410	-1.24019
1559.792	-2.96898	1.21212	-1.77739	-1.24296
1563.792	-2.50893	1.00709	-1.42625	-0.99999
1567.792	-3.23267	0.88184	-0.88987	-1.03908
1571.813	-2.63390	1.17572	-1.19276	-0.97187
1575.793	-2.46025	0.68661	-0.43217	-1.34371
1579.791	-2.17636	0.32993	-0.42351	-1.38819
1583.793	-1.85378	0.18674	-0.21859	-1.50684
1587.814	-1.79770	0.44706	0.36730	-1.63226
1591.779	-1.99250	0.37186	0.52565	-1.63002
1595.779	-1.97079	0.46367	0.30384	-1.38145
1600.276	-1.93755	0.30102	0.30905	-0.90425
1605.125	-2.20850	0.37769	-0.63387	-1.17667
1607.792	-1.93217	0.38163	-0.41638	-1.37063
1611.791	-1.89431	0.43201	-0.21926	-1.84934
1615.791	-1.78848	0.27775	-0.15203	-1.61109
1619.802	-1.79334	0.19842	-0.07061	-1.21906
1623.791	-1.89047	0.18724	0.06326	-1.79712
1627.793	-1.81619	0.23349	0.34489	-1.70067
1631.793	-2.07487	0.13752	0.25428	-1.73675
1635.814	-2.10867	0.17281	-0.10163	-1.71974
1639.794	-2.16880	-0.03146	-0.01876	-1.41671
1643.793	-2.21539	0.06828	-0.44070	-1.58284
1647.794	-2.06676	0.04810	-0.25088	-1.38548
1651.816	-2.06032	0.01006	-0.22653	-1.49075
1655.795	-1.96838	0.10915	-0.28711	-1.51324
1659.795	-1.92686	-0.15783	-0.21341	-1.42224
1663.795	-1.95269	-0.00574	-0.05398	-1.57164
1667.784	-1.87944	-0.03417	-0.00191	-1.57603
1671.795	-2.15413	-0.02103	0.17144	-1.79471
1675.770	-2.32843	-0.01279	0.34648	-1.80461
1679.795	-2.14907	-0.06931	0.14374	-1.68719
1683.792	-2.16206	-0.04892	0.21897	-1.49557
1687.794	-2.21692	0.04167	0.31913	-1.12009
1691.796	-2.06689	-0.00417	0.04174	-0.63206
1695.793	-2.01888	0.23766	-0.55711	-0.69084
1699.794	-1.99796	0.02034	-0.32637	-1.54643
1703.795	-2.08466	0.04537	-0.37035	-1.68842
1707.795	-2.10287	0.21209	-0.32578	-1.18214
1711.795	-2.12404	0.28882	-0.69357	-1.37230
1715.749	-2.11281	0.25813	-0.47582	-1.08428
1719.749	-2.05705	0.17780	-0.35007	-1.32606
1723.749	-1.97453	0.27693	0.17194	-1.45298
1727.795	-1.95376	0.20953	0.69307	-1.50453
1731.793	-1.95839	0.24010	1.04401	-1.63779
1735.794	-1.91375	0.12587	0.03231	-1.27964
1739.795	-1.87993	0.06641	0.15521	-1.68416
1743.795	-1.91328	0.13828	-0.32359	-1.46173
1747.796	-1.85512	0.30759	-0.44386	-1.39027
1751.797	-1.78543	0.14415	-0.47220	-1.58450
1755.752	-1.83090	-0.04530	-0.50828	-1.68839
1759.796	-1.86511	-0.07053	-0.54741	-1.50678
1763.796	-1.83253	0.20850	-0.47914	-1.47725
1767.795	-1.84959	0.42869	-0.57994	-1.46225
1771.796	-1.79815	0.38626	-0.52103	-1.42780
1775.797	-1.76705	-0.02081	-0.51262	-1.44675
1779.798	-1.72257	-0.07869	-0.46765	-1.50854
1783.802	-1.92503	0.09852	-0.42705	-1.42256
1787.751	-1.97401	-0.05645	-0.27071	-1.33126
1791.767	-1.93950	0.08210	0.31652	-1.41259
1795.787	-2.00222	0.00646	0.32059	-1.32716
1799.796	-1.99186	0.24506	0.67863	-1.27056
1803.793	-1.88978	0.29048	0.52404	-1.17346
1807.798	-1.89037	-0.35885	0.66394	-1.34885
1811.793	-1.88209	-0.31963	0.42499	-1.30181
1815.794	-1.83494	-0.26289	0.65868	-1.20269
1819.818	-1.81453	-0.29108	0.71213	-1.23126
1823.797	-1.80930	-0.30477	0.91354	-1.22298
1827.787	-1.72275	-0.38640	0.92093	-1.22335
1831.796	-1.73752	-0.25061	0.84066	-1.23910
1835.798	-1.67464	-0.40071	0.85689	-1.22842
1839.800	-1.69175	-0.45764	0.73896	-1.29044
1843.789	-1.65116	-0.57299	0.77285	-1.28693
1847.797	-1.65287	-0.56360	0.25242	-1.35829
1851.798	-1.61210	-0.53259	0.24542	-1.34915
1855.798	-1.58068	-0.51968	0.30362	-1.36022
1859.800	-1.60449	-0.52725	-0.19656	-1.42559
1863.799	-1.61146	-0.64391	-0.36414	-1.37836
1867.797	-1.64037	-0.63476	0.13818	-1.34645
1871.800	-1.63497	-0.66340	0.16891	-1.45284
1875.799	-1.63075	-0.66447	0.48033	-1.60803
1879.796	-1.65830	-0.65770	0.34697	-1.60875
1883.799	-1.60275	-0.66510	0.44899	-1.64757
1887.796	-1.58051	-0.59002	0.23961	-1.68338
1891.800	-1.55782	-0.55729	0.14414	-1.62551
1895.800	-1.59405	-0.43183	0.34439	-1.73098
1899.798	-1.61463	-0.58010	0.11118	-1.58335
1903.796	-1.61729	-0.50358	0.40589	-1.10187
1907.799	-1.65907	-0.47220	0.45877	-1.46829
1911.800	-1.69740	-0.38864	0.41112	-1.45685
1915.799	-1.74422	-0.32987	0.29545	-1.37711
1919.757	-1.94226	-0.34816	0.26371	-1.37997
1923.791	-1.73889	-0.24835	0.46532	-1.28030
1927.789	-1.60459	-0.15925	0.19723	-1.26518
1931.798	-0.24368	-0.05116	0.65154	-1.11045
1935.799	3.96839	0.02464	1.94860	-0.88442
1939.696	4.09890	1.21079	5.36265	0.17499
1943.799	14.03386	1.62092	10.02288	-1.45760
1947.799	14.30783	0.96598	15.85543	-1.74957
1951.800	8.96821	2.10801	9.63708	-3.83626
1955.801	NaN	NaN	16.36130	-2.15859
1959.802	NaN	NaN	15.90275	-1.61819
1963.800	NaN	NaN	NaN	NaN
1967.770	NaN	NaN	NaN	NaN
1971.760	NaN	NaN	NaN	NaN
1975.800	NaN	NaN	NaN	NaN
1979.697	NaN	NaN	NaN	NaN
1983.804	NaN	NaN	NaN	NaN
1987.757	NaN	NaN	NaN	NaN
1991.807	NaN	NaN	NaN	NaN
1995.810	NaN	NaN	NaN	NaN
1999.802	NaN	NaN	NaN	NaN
2003.756	NaN	NaN	NaN	NaN
2007.781	NaN	NaN	NaN	NaN
2011.799	NaN	NaN	21.64068	4.31453
2015.800	NaN	NaN	14.22039	0.38728
2019.698	NaN	NaN	16.62049	0.45633
2023.801	21.62264	4.88108	17.17583	0.98836
2027.801	23.13509	1.62291	21.81629	0.75170
2031.800	21.63120	2.55474	21.53981	-1.81449
2035.801	20.14931	1.41588	17.03634	-1.57438
2039.804	20.84630	0.01523	14.54063	-2.44079
2043.804	17.08039	-1.41144	16.37051	-3.47532
2047.803	16.86675	-1.30740	15.66259	-3.77305
2051.700	16.70693	-1.52093	14.52019	-3.55894
2055.801	14.72671	-3.47504	14.47215	-3.73879
2059.803	13.58528	-4.11127	14.50437	-3.69910
2063.803	13.50319	-3.97858	14.35389	-3.71555
2067.699	13.28340	-4.00456	14.23823	-3.77576
2071.802	13.95346	-3.87244	14.25289	-3.79532
2075.803	13.39969	-3.83545	14.16480	-3.75577
2079.803	13.40683	-3.50284	14.13904	-3.71997
2083.700	13.49976	-3.16187	14.07552	-3.73929
2087.805	13.40225	-3.32050	14.08827	-3.75648
2091.787	13.12969	-3.52884	13.96699	-3.70487
2095.764	13.30169	-3.62827	13.91979	-3.73207
2099.701	13.18734	-3.41698	13.93520	-3.72531
2103.804	13.13599	-3.45365	13.82972	-3.84745
2107.807	13.06678	-3.44892	13.84668	-3.85272
2111.803	13.05781	-3.58241	13.70291	-3.75132
2115.699	13.03298	-3.48668	13.67454	-3.71795
2119.803	12.84008	-3.44102	13.75870	-3.64297
2123.805	12.81721	-3.36489	13.66993	-3.74476
2127.806	12.91399	-3.37929	13.84219	-3.61370
2131.706	12.94426	-3.36826	13.85845	-3.45691
2135.804	12.99237	-3.26563	13.90567	-3.26395
2139.805	12.82800	-2.68415	14.15465	-3.14890
2143.803	12.67804	-2.87265	13.87980	-3.44520
2147.701	12.34062	-2.94911	14.00071	-3.37063
2151.805	11.90412	-2.68680	13.91643	-3.87915
2155.805	12.17943	-2.54019	13.89601	-3.78875
2159.804	12.09159	-2.52226	13.60022	-3.25446
2163.698	12.05207	-2.41261	13.81748	-3.33025
2167.807	12.15811	-2.32398	13.80828	-3.12158
2171.806	12.81787	-2.48155	13.76029	-2.83109
2175.775	12.73599	-2.37319	13.18146	-2.67259
2179.689	12.55235	-2.38541	12.94580	-2.31674
2183.805	12.85857	-2.38704	12.74508	-1.53465
2187.806	12.75863	-2.38445	13.54945	-2.48442
2191.805	12.99159	-2.37100	13.41507	-2.54758
2195.705	13.09423	-2.38871	13.39072	-2.44903
2199.807	13.10714	-2.45452	13.16172	-2.47160
2203.806	13.18195	-2.53276	13.03456	-2.20226
2207.808	13.19073	-2.60535	12.76621	-1.64067
2211.701	13.01418	-2.66039	12.68971	-2.00825
2215.787	12.99573	-2.58419	12.75660	-2.18566
2219.806	12.64085	-2.02115	12.74544	-2.38034
2223.762	12.42962	-1.86671	13.10125	-2.52656
2227.701	12.07279	-0.55311	13.16798	-2.85566
2231.805	11.18131	-0.26259	13.42488	-3.11064
2235.680	10.84056	-0.32039	13.60125	-3.74834
2239.682	11.86281	-1.76068	13.59839	-2.01654
2243.679	11.81867	-2.66786	13.52071	-2.43283
2247.680	12.64019	-3.24104	13.44296	-2.81234
2251.681	12.51019	-3.85826	13.71299	-3.03685
2255.682	12.89187	-2.01172	13.62106	-3.20210
2259.671	12.50683	-1.67949	13.86249	-3.40476
2263.659	12.06309	-1.09589	13.68181	-3.35496
2267.682	14.28781	-0.44902	13.75252	-3.32371
2271.682	18.45634	0.25016	14.03797	-1.15594
2275.679	18.83776	1.29749	16.84691	-1.77788
2279.681	14.45048	4.22542	16.95613	0.02277
2283.643	NaN	NaN	21.41084	4.39211
2287.680	NaN	NaN	NaN	NaN
2291.684	NaN	NaN	NaN	NaN
2295.683	NaN	NaN	NaN	NaN
2299.670	NaN	NaN	NaN	NaN
2303.668	NaN	NaN	NaN	NaN
2307.673	NaN	NaN	NaN	NaN
2311.682	NaN	NaN	NaN	NaN
2315.639	NaN	NaN	NaN	NaN
2319.682	NaN	NaN	NaN	NaN
2323.683	NaN	NaN	NaN	NaN
2327.681	NaN	NaN	NaN	NaN
2331.682	NaN	NaN	NaN	NaN
2335.681	NaN	NaN	NaN	NaN
2339.687	NaN	NaN	NaN	NaN
2343.683	NaN	NaN	NaN	NaN
2347.683	NaN	NaN	NaN	NaN
2351.683	NaN	NaN	NaN	NaN
2355.680	NaN	NaN	NaN	NaN
2359.682	NaN	NaN	NaN	NaN
2363.684	NaN	NaN	NaN	NaN
2367.682	NaN	NaN	20.29650	9.80386
2371.681	23.42677	4.87634	NaN	NaN
2375.684	21.33558	4.18583	20.08372	-1.43066
2379.701	20.97043	1.40319	NaN	NaN
2383.685	20.96262	-2.78652	22.72780	-2.84492
2387.664	19.24168	-4.37740	21.63601	-4.59307
2391.684	18.39797	-6.18202	20.14414	-6.71417
2395.678	17.70192	-6.43055	16.02953	-6.15227
2399.685	14.64252	-6.96257	12.65411	-5.53657
2403.683	13.74676	-6.85440	12.71826	-5.70479
2407.685	14.02646	-6.75498	12.99946	-5.80585
2411.707	13.60167	-6.56256	13.23452	-5.62251
2415.686	13.60538	-6.70082	13.31579	-5.63166
2419.640	13.54019	-6.73607	13.57935	-5.73218
2423.690	13.37223	-6.83467	13.91112	-5.89085
2427.671	13.48650	-6.90024	14.27061	-5.95603
2431.682	13.49971	-7.00471	14.83759	-6.08329
2435.685	13.42493	-6.96652	14.51235	-6.08030
2439.685	13.42956	-6.67520	14.07377	-5.98904
2443.684	13.34204	-6.36954	14.22881	-6.11344
2447.686	13.28820	-6.07126	14.00494	-5.91264
2451.686	13.29081	-6.04059	14.22729	-6.02972
2455.730	13.35987	-6.52806	14.23296	-6.20145
2459.684	13.30505	-6.24154	14.33840	-6.16787
2463.685	13.34573	-5.89388	14.63711	-6.27971
2467.686	13.05795	-5.70305	14.62647	-6.17264
2471.686	13.03131	-5.75095	14.07352	-5.34879
2475.681	12.85895	-5.60838	14.22342	-5.52281
2479.687	12.89815	-5.68897	14.10753	-6.01323
2483.685	12.81002	-5.72097	14.34811	-6.09609
2487.687	12.59748	-5.72615	14.15864	-6.16994
2491.679	12.65713	-5.78732	14.22393	-6.27455
2495.690	12.67350	-5.80243	14.37922	-6.33099
2499.687	12.60682	-5.81611	14.25086	-6.25266
2503.688	12.59001	-5.82748	14.53446	-6.33119
2507.676	12.60968	-5.86010	14.40849	-6.26380
2511.672	12.78297	-5.92143	14.58991	-6.36755
2515.674	13.07909	-5.85729	14.57192	-6.28282
2519.715	12.82174	-5.95078	14.71038	-6.35895
2523.709	13.11919	-6.01034	14.52526	-6.35567
2527.687	12.97349	-6.08727	14.64180	-6.36098
2531.688	12.95947	-6.09640	14.13706	-5.99158
2535.648	12.95690	-6.08102	13.88530	-5.81805
2539.685	12.91696	-6.13649	13.78120	-5.83012
2543.689	12.93389	-6.15709	13.86703	-5.97290
2547.691	12.80412	-6.03302	14.12340	-6.02376
2551.689	12.80862	-6.10881	13.90270	-5.75198
2555.680	12.67456	-6.12626	14.05563	-5.81691
2559.688	12.68399	-5.98644	14.37068	-5.99850
2563.689	12.77105	-6.03545	13.83287	-5.59312
2567.689	12.31552	-5.67109	13.40246	-5.48104
2571.678	11.39859	-4.61340	12.06339	-5.03905
2575.688	10.17077	-4.16094	9.21043	-3.34298
2579.688	7.56959	-2.06086	5.18057	-3.26597
2583.688	6.71055	-1.49251	4.96228	-2.85112
2587.679	3.53624	0.26709	3.77876	-3.16297
2591.689	2.02096	0.12891	3.14338	-3.16754
2595.670	1.78116	0.37881	2.67630	-3.51520
2599.687	2.01880	0.38921	2.93893	-3.38425
2603.646	2.56535	-0.31517	3.03068	-3.49602
2607.690	2.84395	-0.37984	2.95480	-3.43322
2611.690	3.14308	-0.79214	2.91082	-3.49195
2615.689	2.72890	-1.09053	3.05457	-3.60886
2619.714	2.37944	-0.71927	3.02915	-3.64031
2623.690	2.07338	-0.66904	3.25911	-3.59355
2627.689	1.97815	-0.75537	3.32214	-3.46118
2631.693	1.81376	-0.66649	3.38212	-3.41907
2635.693	1.82413	-0.71021	3.57911	-3.42281
2639.687	1.96201	-0.88618	3.42757	-3.26401
2643.692	1.97694	-0.97135	3.36975	-3.16725
2647.690	2.02844	-1.20380	3.80752	-3.03570
2651.680	1.96058	-1.15771	3.79178	-2.84704
2655.692	1.92131	-1.53338	3.69459	-2.87078
2659.691	1.78143	-1.46564	3.67929	-2.87855
2663.691	1.67655	-1.70513	3.51357	-2.73371
2667.680	1.71268	-1.12321	3.57367	-2.81800
2671.691	1.70355	-0.75268	3.75368	-2.88152
2675.690	1.78503	-0.86340	3.40526	-2.85312
2679.668	1.82614	-1.19258	3.41372	-2.88732
2683.658	1.83957	-0.98375	3.41634	-2.93330
2687.692	1.92986	-0.98044	2.99455	-3.06330
2691.691	2.03831	-1.68471	3.42220	-3.24059
2695.697	2.47613	-1.98436	3.19427	-3.22904
2699.687	2.02428	-1.39153	3.32491	-3.25840
2703.692	2.07425	-1.36361	3.48118	-3.50504
2707.691	1.78617	-1.10655	3.48296	-3.46535
2711.692	1.82879	-1.40842	3.17522	-3.42247
2715.682	1.88075	-1.05123	3.23850	-3.58477
2719.679	1.80834	-1.44112	3.24531	-3.53107
2723.647	1.88487	-1.55520	3.29283	-3.63420
2727.691	1.82445	-1.21691	3.09032	-3.50100
2731.681	1.78771	-1.34359	3.43904	-3.47218
2735.692	1.57553	-1.17431	3.28944	-2.97834
2739.649	1.83630	-1.19692	3.37012	-2.95833
2743.693	1.75825	-1.45700	3.33067	-3.00667
2747.691	1.61746	-1.49861	3.61325	-3.46071
2751.693	1.78714	-1.22736	3.35726	-3.27068
2755.695	0.36903	-1.35479	2.73501	-2.74636
2759.693	-1.41650	-1.40369	-1.91467	-2.91486
2763.684	-2.91824	-1.28185	-3.40017	-2.72156
2767.696	-3.96923	-1.62088	-5.04038	-3.26061
2771.693	-4.10727	-2.41425	-7.53049	-3.60552
2775.706	-6.93359	-2.31188	-7.44911	-4.29147
2779.685	-8.63648	-2.18887	-8.38092	-4.11864
2783.693	-9.14738	-2.94907	-9.82737	-4.29938
2787.649	-9.76890	-3.12015	-9.44068	-5.12076
2791.693	-9.60437	-3.08933	-9.17302	-4.95738
2795.682	-9.39414	-3.02307	-9.45266	-5.27648
2799.694	-9.50573	-3.33910	-9.20105	-5.41150
2803.674	-9.79857	-4.17370	-8.92905	-5.56330
2807.691	-9.86849	-4.95303	-9.26360	-5.71297
2811.693	-9.90178	-5.01626	-9.37576	-5.83722
2815.693	-9.91144	-4.82965	-8.94932	-5.99201
2819.722	-9.92882	-4.80018	-8.99692	-6.32072
2823.692	-9.97187	-4.53465	-9.16746	-6.17060
2827.684	-9.97931	-4.50186	-9.18112	-6.23599
2831.695	-9.88239	-4.70426	-9.07431	-6.07627
2835.693	-9.86151	-4.55055	-8.98794	-6.04037
2839.698	-9.88232	-4.42866	-8.73846	-6.15284
2843.680	-9.92976	-4.62369	-8.59672	-6.31372
2847.689	-9.78380	-4.49260	-8.47027	-6.48437
2851.693	-9.73921	-4.46377	-8.49423	-6.41580
2855.697	-9.63633	-4.34667	-8.61137	-6.38711
2859.693	-9.62068	-4.28719	-8.65805	-6.29882
2863.696	-9.57558	-4.28932	-8.68800	-6.30024
2867.696	-9.39446	-4.33855	-8.60405	-6.15585
2871.697	-9.41330	-4.41421	-8.52870	-6.19269
2875.689	-9.37873	-4.38104	-8.46548	-6.28042
2879.697	-9.34877	-4.39845	-8.40881	-6.33945
2883.697	-9.42286	-4.52894	-8.33416	-6.36851
2887.674	-9.45365	-4.48004	-8.46131	-6.16095
2891.689	-9.54875	-4.63277	-8.50777	-6.16259
2895.695	-9.56253	-4.50426	-8.39477	-5.87602
2899.697	-9.61940	-4.56640	-8.42262	-5.99208
2903.694	-9.68201	-4.70555	-8.53496	-6.00517
2907.686	-9.65269	-4.46119	-8.53202	-6.09180
2911.694	-9.62796	-4.38207	-8.52423	-6.05956
2915.696	-9.57691	-4.23328	-8.50387	-6.18107
2919.651	-9.62456	-4.22301	-8.37993	-6.12868
2923.588	-9.77351	-4.28264	-8.47204	-5.95660
2927.683	-9.81171	-4.08139	-8.38141	-5.63738
2931.686	-9.92155	-4.13903	-8.29285	-5.71510
2935.695	-9.94517	-4.31559	-8.34072	-5.61683
2939.693	-9.85414	-4.16416	-8.40186	-6.01210
2943.696	-9.80515	-4.55619	-8.36448	-6.17541
2947.697	-9.80501	-4.47309	-8.41597	-6.03685
2951.697	-9.85963	-4.37513	-8.31392	-6.11974
2955.593	-9.74251	-4.21484	-8.38685	-5.83860
2959.698	-9.37728	-4.18896	-8.27380	-5.94239
2963.698	-9.89501	-4.06699	-8.21996	-5.51088
2967.699	-9.94325	-4.12978	-8.14519	-5.78000
2971.655	-9.83291	-4.35610	-8.31766	-5.99271
2975.695	-9.67442	-4.55470	-8.31491	-6.05141
2979.706	-9.70128	-4.49614	-8.51792	-5.97306
2983.698	-9.71946	-4.64287	-8.15146	-5.91236
2987.659	-9.61867	-4.40550	-8.16557	-5.86160
2991.698	-9.71483	-4.13130	-8.18694	-5.80123
2995.698	-9.63291	-4.20805	-8.15467	-5.79050
2999.699	-9.67239	-4.40505	-8.17639	-5.78142
3003.595	-9.67295	-4.69911	-8.50173	-5.85913
3007.698	-9.66176	-4.66118	-8.08058	-5.78913
3011.679	-9.61752	-4.52864	-7.91490	-5.61515
3015.694	-9.59004	-4.46645	-7.90900	-5.60565
3019.595	-9.65331	-4.25879	-7.99983	-5.51122
3023.698	-9.63947	-4.09635	-8.32507	-5.70176
3027.698	-9.67427	-4.14111	-8.49450	-5.59283
3031.698	-9.66207	-4.27724	-8.41320	-5.72394
3035.596	-9.68218	-4.34219	-7.86980	-5.48289
3039.714	-9.65758	-4.34338	-7.98184	-5.64936
3043.698	-9.64984	-4.02649	-7.79476	-5.40975
3047.700	-9.55743	-4.23126	-8.31890	-5.26468
3051.595	-9.60958	-3.94746	-8.54032	-5.19291
3055.691	-6.79332	-3.93860	-12.69408	-3.21902
3059.701	-6.27322	-3.91840	-11.99286	-2.79425
3063.699	-16.95917	-3.70268	NaN	NaN
3067.701	-4.06377	-3.47079	NaN	NaN
3071.700	-19.99361	-12.07743	NaN	NaN
3075.700	-19.99368	-12.07743	NaN	NaN
3079.700	-19.99368	-12.07743	NaN	NaN
3083.703	-19.99370	-12.07743	NaN	NaN
3087.701	-19.99370	-12.07743	NaN	NaN
3091.655	-19.99370	-12.07743	NaN	NaN
3095.595	-19.99370	-12.07743	NaN	NaN
3099.653	-19.99370	-12.07743	NaN	NaN
3103.701	NaN	NaN	NaN	NaN
3107.699	NaN	NaN	NaN	NaN
3111.654	NaN	NaN	NaN	NaN
3115.701	NaN	NaN	NaN	NaN
3119.700	NaN	NaN	NaN	NaN
3123.702	NaN	NaN	NaN	NaN
3127.703	NaN	NaN	NaN	NaN
3131.702	NaN	NaN	NaN	NaN
3135.702	NaN	NaN	NaN	NaN
3139.691	NaN	NaN	NaN	NaN
3143.659	NaN	NaN	NaN	NaN
3147.702	NaN	NaN	NaN	NaN
3151.701	NaN	NaN	NaN	NaN
3155.702	NaN	NaN	NaN	NaN
3159.656	NaN	NaN	NaN	NaN
3163.656	NaN	NaN	NaN	NaN
3167.673	NaN	NaN	NaN	NaN
3171.706	-5.61276	2.74150	NaN	NaN
3175.702	-5.70352	5.36835	-4.05752	9.29491
3179.668	-5.31893	4.02545	-5.63980	7.12008
3183.703	-5.46027	4.61095	-6.05898	13.88614
3187.704	-5.27754	4.82074	-3.99279	7.75525
3191.598	-4.92824	4.90102	-5.70396	6.53169
3195.704	-2.90891	3.65744	-3.54512	5.39467
3199.706	-4.09577	3.48866	-4.12088	5.48057
3203.702	-4.36207	4.09845	-4.19931	5.84323
3207.704	-5.53326	5.42691	-4.69522	7.60448
3211.704	-5.57350	5.22868	-4.32432	7.44308
3215.705	-6.02018	5.16616	-4.09253	7.22208
3219.683	-5.19487	5.18889	-3.71500	7.49732
3223.665	-5.01672	5.40665	-4.66899	7.22160
3227.658	-3.97257	5.48518	-4.87342	5.71746
3231.703	-4.46038	5.58582	-4.72339	5.21215
3235.704	-4.00897	5.76171	-4.11977	3.79928
3239.704	-5.01100	5.78526	-4.71055	3.89671
3243.704	-4.67387	6.34926	-4.51847	4.18324
3247.703	-4.89717	6.85327	-4.13915	4.14954
3251.704	-4.63348	7.16640	-3.89654	3.51200
3255.708	-4.68030	5.70928	-4.46507	3.73393
3259.700	-4.79245	5.63134	-4.28730	3.76329
3263.580	-4.27074	5.72881	-4.59448	3.82274
3267.549	-4.34823	5.66427	-4.30709	3.76521
3271.601	-4.51734	5.92557	-4.41689	3.88333
3275.579	-4.54942	6.14710	-4.43320	4.06631
3279.581	-4.78868	6.38739	-4.45609	3.82788
3283.579	-4.76413	6.03800	-4.10611	3.68323
3287.569	-4.82801	5.82831	-4.28703	4.03820
3291.581	-4.80334	5.55943	-4.34433	4.86191
3295.581	-4.98916	5.76901	-4.19965	3.85841
3299.583	-4.33123	5.65702	-4.24697	4.46661
3303.607	-4.35119	5.96981	-4.38519	4.56713
3307.563	-4.24036	6.03435	-3.92771	4.34886
3311.580	-4.84462	6.06373	-4.14475	3.95940
3315.579	-5.13395	6.16500	-4.22698	4.15112
3319.601	-5.31256	5.95517	-3.96691	4.59177
3323.581	-5.33185	6.07161	-4.00331	4.73183
3327.582	-5.26831	6.11445	-3.94708	4.90574
3331.581	-4.88466	5.90414	-4.07619	4.73465
3335.607	-5.01950	5.96926	-4.20242	5.12882
3339.579	-4.76566	5.95380	-3.43227	5.02666
3343.582	-4.93526	5.86578	-3.42396	5.15790
3347.582	-4.99608	5.72290	-3.19269	4.96934
3351.602	-5.10401	5.87943	-3.75405	5.34842
3355.562	-5.26969	5.80367	-3.76127	5.26565
3359.582	-5.36125	5.70103	-3.67776	5.14165
3363.577	-5.36317	5.58174	-3.57963	5.20090
3367.578	-5.49937	5.66598	-3.79964	5.20894
3371.580	-5.59248	5.87771	-3.92611	5.10327
3375.582	-5.50016	5.88724	-3.98207	4.55836
3379.582	-4.95891	6.10703	-4.14678	4.53248
3383.604	-5.56301	5.86249	-4.14006	4.57488
3387.581	-5.28817	5.72449	-4.31000	4.65493
3391.560	-5.39455	5.58513	-4.10090	5.49677
3395.582	-5.25446	6.04562	-4.11125	5.00650
3399.582	-5.56271	5.90507	-3.93270	4.47868
3403.580	-5.21397	6.04591	-4.00954	3.44408
3407.583	-5.08653	5.49748	-3.92623	3.48735
3411.583	-5.14714	5.13800	-3.95286	5.82742
3415.605	-5.17979	5.99351	-4.08806	5.52745
3419.538	-5.12270	5.86552	-3.86524	4.55283
3423.585	-5.17341	5.81766	-3.84755	4.56424
3427.584	-5.15086	5.51535	-3.85382	3.85451
3431.582	-5.04570	5.66228	-3.80127	3.94308
3435.583	-5.09539	5.44456	-3.81246	3.54424
3439.584	-4.97398	5.34933	-3.72459	4.19663
3443.540	-5.03509	5.46360	-3.77861	4.38595
3447.581	-4.72879	5.73122	-4.00838	4.48416
3451.583	-5.61546	5.11481	-4.51171	4.31962
3455.584	-5.60059	4.44985	-5.87260	3.91456
3459.584	-7.68623	4.00622	-7.06129	3.29650
3463.608	-8.04261	4.36055	-7.80009	2.26323
3467.584	-8.02908	3.54252	-7.66529	0.83386
3471.584	-8.20272	3.06088	-7.94759	0.61684
3475.553	-8.39635	2.62663	-8.03628	0.79952
3479.577	-9.04497	2.64975	-7.49937	0.66366
3483.584	-8.81743	3.06418	-7.73075	0.80577
3487.584	-9.24257	2.96594	-7.86150	0.64003
3491.584	-8.91296	2.83105	-7.70421	1.29391
3495.582	-8.98872	2.53889	-7.77580	1.01582
3499.584	-9.07895	2.56103	-7.70792	0.94055
3503.586	-8.85865	2.41230	-7.76221	1.06549
3507.584	-8.98622	2.45154	-7.83943	0.95121
3511.605	-9.06852	2.64154	-7.98685	1.05867
3515.566	-9.10027	2.71743	-7.98413	1.10650
3519.581	-9.07414	2.54752	-7.82662	1.17211
3523.585	-9.02421	2.47399	-7.80275	0.77915
3527.605	-9.01104	2.44175	-8.36385	0.61647
3531.585	-8.92382	2.47318	-8.12936	0.81143
3535.586	-8.94799	2.36616	-7.81931	0.71763
3539.540	-8.99334	2.38620	-7.91928	0.59746
3543.604	-8.98976	2.44677	-8.04825	0.87703
3547.586	-9.07837	2.45062	-8.14380	0.68339
3551.589	-9.09582	2.57459	-8.04329	0.66307
3555.585	-9.07632	2.58247	-7.92352	0.61919
3559.552	-9.19948	2.41360	-7.81334	0.62713
3563.586	-9.14402	2.28170	-8.03331	0.56477
3567.585	-9.00682	2.34846	-8.17157	0.69529
3571.585	-9.06497	2.46007	-8.07253	0.76572
3575.608	-8.99956	2.48171	-7.95081	0.70515
3579.587	-9.03805	2.43970	-7.94864	0.75594
3583.587	-8.95092	2.59167	-7.86123	0.82329
3587.586	-9.16433	2.50763	-7.84815	0.77463
3591.589	-8.96542	2.59906	-7.89255	0.77775
3595.588	-9.03551	2.58411	-7.79137	0.80388
3599.564	-8.99966	2.47764	-7.88697	0.80724
3603.589	-9.13078	2.55505	-8.06499	0.79995
3607.579	-9.18564	2.51330	-8.16124	0.92717
3611.588	-9.13707	2.48375	-8.10924	0.90270
3615.588	-9.21387	2.49484	-8.17853	0.87293
3619.589	-9.23379	2.45173	-8.06842	0.86636
3623.589	-9.28236	2.46344	-8.14074	0.85233
3627.587	-9.20738	2.42486	-7.87321	0.78972
3631.587	-9.25821	2.42299	-8.00820	0.92570
3635.590	-9.46029	2.41006	-7.95319	0.82241
3639.606	-9.43998	2.45119	-8.08808	0.57845
3643.577	-9.35012	2.57759	-8.21966	0.61086
3647.589	-9.32654	3.00487	-8.08912	0.61751
3651.589	-7.92812	3.26560	-7.37445	0.96670
3655.606	-5.83075	3.40508	-6.34062	1.00658
3659.587	-2.07618	2.68465	-4.63775	1.29112
3663.586	0.69786	2.65158	-3.55758	0.51900
3667.588	1.13181	2.57623	0.40648	0.44138
3671.586	3.30710	2.17873	0.07403	0.12087
3675.588	4.31770	2.06240	2.60961	-0.93973
3679.589	7.24349	1.05336	4.66406	-0.95544
3683.557	7.60882	1.09412	6.63453	-1.62894
3687.577	10.15338	-0.69505	8.59563	-1.77393
3691.588	11.44425	-0.88853	9.63117	-1.93483
3695.588	12.37780	-1.12145	11.02550	-2.33595
3699.588	13.45684	-1.15903	12.55306	-2.73431
3703.589	14.14086	-1.55777	12.30163	-2.94519
3707.589	15.38069	-2.18254	13.74694	-3.30079
3711.591	14.74606	-2.96037	13.80884	-3.02042
3715.589	14.70159	-3.05254	14.00693	-3.22544
3719.582	14.41089	-3.24508	13.61860	-2.94909
3723.579	14.57450	-3.07212	13.75872	-2.62299
3727.586	14.90667	-3.17442	13.89697	-3.38764
3731.591	14.83529	-3.25164	13.80847	-3.45857
3735.580	13.90391	-2.99181	13.80924	-3.70361
3739.591	13.83278	-3.17937	13.85943	-3.61538
3743.592	14.04423	-3.23818	13.70144	-3.11648
3747.590	14.01854	-3.09226	13.81230	-3.56373
3751.587	13.67885	-3.12622	14.16735	-3.79308
3755.591	13.52487	-3.03825	13.79185	-3.64479
3759.594	13.95965	-3.09589	13.67358	-3.46303
3763.592	13.89522	-2.86080	13.73388	-3.77566
3767.580	13.54115	-2.45364	13.96634	-4.02124
3771.590	13.62770	-2.59120	13.52400	-3.22311
3775.590	13.51034	-2.60699	13.32693	-3.77074
3779.591	13.60121	-2.71315	13.69097	-4.08361
3783.587	13.46831	-2.28786	13.57079	-3.91408
3787.589	13.44174	-2.53019	13.30552	-3.49045
3791.588	13.31163	-2.44643	13.59724	-4.02551
3795.591	13.36908	-2.35180	13.88729	-4.21215
3799.581	13.09091	-2.23796	13.29072	-3.88491
3803.595	13.27473	-2.31537	13.32442	-3.06067
3807.567	13.24118	-2.31252	13.71987	-3.46663
3811.592	13.25999	-2.32666	13.95666	-3.40381
3815.589	13.26192	-2.42858	14.03129	-3.90737
3819.591	13.11420	-2.28765	13.90897	-3.80290
3823.591	13.08387	-2.20286	14.08935	-3.93797
3827.591	13.21291	-2.25089	13.49352	-3.40674
3831.580	13.14435	-2.23738	13.92802	-3.62277
3835.591	13.18943	-2.20223	13.89793	-3.62485
3839.594	13.27384	-2.21934	13.70331	-3.40999
3843.594	13.32019	-2.31998	14.06917	-3.59575
3847.578	13.41941	-2.33729	13.91486	-3.70995
3851.583	13.15640	-2.21420	14.10160	-3.61703
3855.550	13.21512	-2.06454	13.68377	-3.58336
3859.594	13.31969	-2.17056	13.35555	-3.41619
3863.589	12.88239	-2.04429	13.30522	-3.12433
3867.595	13.09546	-2.08032	13.27967	-3.24265
3871.594	13.20809	-1.96252	13.38400	-3.08320
3875.593	13.24134	-2.06553	13.64935	-3.39888
3879.582	13.27668	-2.06569	13.84476	-3.48337
3883.594	12.98256	-2.02214	13.83411	-3.64756
3887.594	12.92057	-1.83549	13.43031	-3.44636
3891.594	12.92314	-1.77818	13.66494	-3.32659
3895.584	13.08668	-1.94468	13.72521	-3.15995
3899.593	13.16859	-2.02132	13.26594	-3.14285
3903.593	13.03576	-2.00207	13.07799	-2.85309
3907.593	13.03692	-1.99174	13.16068	-2.83762
3911.550	13.10417	-2.04670	13.18066	-3.25378
3915.594	12.99927	-1.94764	12.96840	-3.07866
3919.594	13.06744	-1.91057	13.23826	-2.97297
3923.596	12.96163	-1.97307	13.10026	-2.89766
3927.597	12.93457	-1.98027	13.21314	-2.79382
3931.573	13.02827	-1.90792	13.03317	-2.79796
3935.590	13.05637	-2.00897	13.14009	-2.73994
3939.594	12.95885	-1.85725	13.07497	-2.91068
3943.492	13.03112	-1.78198	13.17489	-2.78537
3947.596	12.92378	-1.72653	13.36201	-2.87208
3951.596	13.09737	-1.71034	13.32190	-2.96213
3955.595	13.12936	-1.64154	13.36344	-2.90281
3959.490	13.11279	-1.63556	13.43395	-3.01585
3963.597	13.05536	-1.60464	13.48566	-3.25785
3967.597	12.90548	-1.56132	13.65784	-3.36858
3971.600	12.85492	-1.39519	13.64471	-3.53847
3975.593	12.73342	-1.34007	13.69322	-3.40534
3979.593	12.61575	-1.18889	13.76540	-3.43400
3983.595	12.75009	-1.25430	13.85973	-3.29651
3987.556	12.90906	-1.25479	13.81219	-3.19322
3991.494	13.04996	-1.40578	13.84916	-3.15633
3995.596	12.92465	-1.30538	13.60901	-3.14260
3999.595	12.86209	-1.27820	13.37681	-3.31677
4003.597	12.83425	-1.27224	13.34007	-2.92528
4007.490	12.62847	-1.05942	13.46054	-2.44716
4011.597	12.57708	-0.77777	9.94681	0.50039
4015.573	12.87846	-1.05196	13.17273	-3.30405
4019.596	12.85336	-1.08188	13.54642	-3.16313
4023.599	12.78786	-1.21347	13.65085	-2.94720
4027.598	12.83222	-1.21512	13.67354	-2.58669
4031.596	12.85338	-0.90110	13.26725	-2.65237
4035.597	12.75125	-0.48925	13.11608	-2.91208
4039.493	12.68588	-0.99460	13.03633	-2.60616
4043.552	12.49171	-0.75234	13.05536	-2.24327
4047.597	12.47236	-0.46331	11.50584	-2.26146
4051.599	12.37489	-0.73743	10.80558	-2.03343
4055.495	12.55855	-0.73735	11.30796	-1.98137
4059.587	12.63230	-0.78747	11.11521	-2.08656
4063.598	12.47700	-0.61277	11.02074	-2.03827
4067.597	12.40169	-0.45072	11.23158	-1.79623
4071.495	12.42245	-0.41113	11.09014	-1.90234
4075.597	12.39388	-0.45568	11.13360	-1.88554
4079.597	12.35955	-0.35572	11.60732	-1.95275
4083.597	12.20117	-0.19309	11.71154	-2.06255
4087.498	12.26197	-0.19426	13.09506	-1.78809
4091.599	12.23625	-0.29986	13.30306	-1.67229
4095.598	12.27597	-0.41073	13.58730	-1.78827
4099.569	12.35590	-0.42296	13.70687	-2.01344
4103.485	12.39535	-0.53269	13.37606	-1.72584
4107.599	12.17717	-0.11562	8.46932	2.47206
4111.598	12.32712	-0.32705	8.51659	2.18164
4115.598	12.39364	-0.40542	8.45631	1.69538
4119.494	12.62133	-0.46472	8.50095	0.58556
4123.599	12.60734	-0.42524	13.33198	1.73229
4127.599	12.80459	-0.29588	13.52522	-1.48792
4131.598	12.84463	-0.47417	13.67393	-1.69614
4135.495	12.95280	-0.65574	13.88373	-1.97204
4139.581	12.94488	-0.51311	8.29528	-1.84689
4143.594	12.16726	-0.09170	8.75133	1.81469
4147.554	12.35412	-0.43054	8.75015	1.46453
4151.495	12.85933	-0.35314	7.53893	1.00188
4155.602	12.09712	0.45868	13.34841	-1.96003
4159.600	11.98821	0.93516	13.74139	-2.07961
4163.600	11.40968	1.15554	12.76735	-2.11945
4167.497	10.76748	0.46376	11.27729	-1.55789
4171.601	8.14448	0.39195	7.92059	-1.35201
4175.603	7.72736	1.16008	6.11135	-1.60540
4179.602	4.60483	1.18998	2.51774	-1.65828
4183.507	2.72221	1.61381	1.61069	-1.90872
4187.600	0.80049	2.12928	-0.50242	-2.10965
4191.599	-0.28699	1.88751	-2.62712	-2.23926
4195.599	-2.34416	1.86038	-2.84578	-1.87995
4199.602	-3.53355	1.76048	-4.53080	-2.36112
4203.601	-4.49445	1.67676	-5.75986	-2.06810
4207.601	-6.43295	1.37971	-6.22647	-2.03597
4211.599	-6.30850	1.47503	-6.76520	-2.23903
4215.601	-6.24833	1.67296	-6.46490	-2.42387
4219.599	-5.99343	1.75459	-6.26169	-2.50251
4223.555	-6.09933	1.83272	-6.18456	-2.38774
4227.602	-6.13809	1.64294	-6.23131	-2.57477
4231.602	-6.08735	1.51150	-6.40682	-2.63883
4235.601	-6.29766	1.41327	-6.47882	-2.63954
4239.601	-6.23957	1.32381	-6.44665	-2.71264
4243.600	-6.21855	1.39764	-6.36528	-2.71329
4247.601	-6.26338	1.41672	-6.29705	-2.74152
4251.600	-6.39248	1.38125	-6.29342	-2.81941
4255.602	-6.19888	1.27444	-6.01706	-2.64949
4259.603	-6.24607	1.09793	-5.93551	-2.56304
4263.498	-6.31899	0.95292	-6.08485	-2.62009
4267.589	-6.40097	0.70141	-5.68865	-2.85995
4271.601	-6.50719	0.45200	-5.59489	-2.76204
4275.601	-6.66438	0.43779	-5.73205	-2.72809
4279.498	-6.56657	0.12459	-5.51592	-2.82568
4283.603	-6.53446	0.16440	-5.37682	-2.84524
4287.475	-6.61954	0.23096	-5.25153	-2.93353
4291.487	-6.14386	0.02073	-5.24954	-2.92631
4295.465	-5.74537	0.18528	-5.33881	-2.81451
4299.477	-6.21524	0.24189	-5.46507	-2.93041
4303.478	-6.17499	0.26614	-5.23327	-2.86853
4307.480	-6.17006	0.31286	-5.29718	-2.95402
4311.474	-6.10679	0.32345	-5.36432	-2.84418
4315.476	-6.30281	0.45660	-5.34540	-2.88176
4319.473	-6.24175	0.25668	-5.37665	-2.81298
4323.480	-6.27145	0.11461	-5.29762	-2.82954
4327.469	-6.42844	0.22695	-5.31706	-2.78615
4331.478	-6.32299	0.11882	-5.08219	-2.78717
4335.479	-6.39454	0.29767	-5.46647	-2.70953
4339.479	-6.16918	0.16795	-5.54862	-2.57894
4343.468	-6.04733	0.20414	-5.29578	-2.57978
4347.480	-6.22902	0.48087	-5.43423	-2.64713
4351.477	-6.47603	-0.11449	-5.40430	-2.47117
4355.436	-6.26297	-0.67507	-5.27786	-2.70731
4359.500	-6.27442	-0.58950	-5.14692	-2.51533
4363.478	-6.30389	-0.31076	-5.17769	-2.63902
4367.478	-6.08284	-0.17383	-5.34272	-2.60388
4371.480	-6.45272	0.05348	-5.31091	-2.74303
4375.470	-6.36984	-0.11446	-5.28711	-2.44764
4379.478	-6.20850	-0.16149	-4.90634	-2.80394
4383.480	-6.24916	-0.17746	-5.04036	-2.74052
4387.483	-6.27937	-0.14489	-5.18436	-2.77089
4391.471	-6.48414	-0.17473	-5.23037	-2.58741
4395.460	-6.43030	-0.03985	-5.29514	-2.79640
4399.479	-6.52767	0.02276	-5.30173	-2.66395
4403.477	-6.47808	0.00654	-5.36073	-2.77206
4407.468	-6.27201	0.06973	-5.09827	-2.79112
4411.479	-6.35579	0.05332	-4.87786	-2.79808
4415.480	-6.38280	0.05668	-5.08082	-2.58223
4419.435	-6.12634	0.02219	-5.19862	-2.83845
4423.472	-6.21097	-0.11596	-5.33660	-2.61104
4427.480	-6.07513	-0.23758	-5.28018	-2.64397
4431.481	-6.22586	-0.45509	-4.95896	-2.72644
4435.469	-6.37346	-0.50484	-5.22136	-2.91094
4439.470	-6.35724	-0.53772	-5.00174	-2.52437
4443.481	-6.32640	-0.42161	-4.97842	-2.76864
4447.480	-6.09280	-0.63519	-4.94186	-2.85244
4451.480	-6.04077	-0.49172	-5.31957	-2.82136
4455.502	-6.23288	-0.48833	-5.03974	-2.81585
4459.481	-6.30781	-0.59601	-4.91755	-2.80607
4463.481	-5.99733	-0.51970	-5.15645	-2.86740
4467.481	-6.25970	-0.47872	-4.96977	-2.69097
4471.440	-6.29808	-0.58350	-4.95024	-2.68137
4475.484	-6.49097	-0.36644	-4.99866	-2.58809
4479.447	-6.43280	-0.36695	-4.90412	-2.82136
4483.482	-6.27000	-0.35334	-5.05644	-2.90617
4487.481	-6.33076	-0.54928	-4.96199	-2.91560
4491.483	-6.44961	-0.55301	-4.97061	-2.97973
4495.482	-6.46404	-0.45530	-5.68148	-2.20965
4499.482	-7.85414	1.41767	-6.55126	-1.65551
4503.508	-8.80381	3.15385	-9.47949	-1.23336
4507.486	-10.61869	4.64518	-10.47878	1.12691
4511.480	-11.36341	5.20346	-10.95172	3.42768
4515.481	-12.09154	6.37721	-11.02065	4.54236
4519.489	-12.36232	7.07959	-11.17450	5.00071
4523.476	-12.71876	6.91509	-11.31125	5.11807
4527.482	-12.00545	6.31276	-11.26944	5.13054
4531.481	-11.81491	6.36011	-11.06131	5.32033
4535.502	-11.91871	6.53217	-11.75234	5.31589
4539.483	-12.03175	6.76864	-11.42813	5.80197
4543.483	-11.82002	6.83927	-11.61187	5.87768
4547.482	-12.47525	7.01179	-11.54042	5.65814
4551.471	-12.13076	7.08938	-11.39058	5.52885
4555.486	-12.27261	7.23182	-11.57022	5.97628
4559.480	-12.02551	7.26408	-11.63494	5.88382
4563.475	-12.07671	7.37026	-11.93282	5.83146
4567.505	-12.13071	7.07132	-11.89473	5.83282
4571.485	-12.19135	7.16077	-11.85026	5.75443
4575.484	-12.09949	7.18223	-11.76514	5.74854
4579.479	-12.13911	7.31754	-11.68058	5.68676
4583.473	-12.20802	7.38566	-11.58525	5.62216
4587.486	-12.22397	7.44234	-11.42163	5.45773
4591.485	-12.12433	7.47252	-11.18898	5.40667
4595.485	-12.01357	7.49985	-11.66779	5.34730
4600.227	-12.06356	7.50777	-11.61223	5.35925
4605.070	-12.15317	7.44182	-11.43486	5.65921
4607.442	-12.22329	7.37499	-11.36138	6.50709
4611.484	-12.16968	7.38124	-11.27290	6.58209
4615.505	-12.10279	7.43755	-11.27503	5.94454
4619.485	-12.03861	7.42820	-11.26930	5.36140
4623.484	-12.19873	7.18106	-11.21276	5.44014
4627.483	-12.18514	7.05903	-11.31025	5.17450
4631.507	-12.10371	7.06490	-11.45889	4.91462
4635.485	-12.11119	7.25696	-11.42847	4.97994
4639.485	-12.13655	7.25231	-11.41416	5.17901
4643.470	-12.12891	7.26016	-11.39718	5.43992
4647.475	-12.23343	7.07126	-11.37426	5.97148
4651.484	-12.24263	6.95505	-11.33616	6.72905
4655.486	-12.24827	6.71086	-11.41426	6.06908
4659.486	-12.16209	6.95599	-11.46566	5.82941
4663.483	-12.19214	7.25735	-11.22360	4.88069
4667.486	-12.34278	7.55158	-11.22874	5.75957
4671.486	-12.31573	6.97880	-11.14758	6.78982
4675.484	-12.41142	7.18575	-11.54985	5.17566
4679.507	-12.30796	7.19581	-11.51933	6.63465
4683.487	-12.40250	7.41617	-10.84920	5.85272
4687.486	-12.41312	7.56791	-10.93021	6.32483
4691.489	-12.38294	7.25339	-11.46330	5.44552
4695.505	-12.36677	7.28305	-11.52857	6.28892
4699.487	-12.41305	7.32176	-11.33509	5.87395
4703.486	-12.44235	8.01711	-11.42062	5.93025
4707.493	-12.42453	7.15914	-11.45682	5.38815
4711.492	-12.45518	6.81306	-11.33781	6.06699
4715.486	-12.40193	7.23863	-11.32366	5.65197
4719.487	-12.36580	7.53768	-11.52069	5.95599
4723.444	-12.45454	7.63616	-11.49095	6.30296
4727.476	-12.47648	6.52490	-11.26877	5.67298
4731.482	-12.44366	6.97350	-11.15518	6.33761
4735.487	-12.52379	7.03137	-11.39234	5.58198
4739.488	-12.54098	7.43412	-11.32839	5.99191
4743.506	-12.68668	7.52503	-11.40090	6.43018
4747.487	-12.71068	7.01392	-11.59968	5.32343
4751.487	-12.64877	7.24608	-11.49092	6.36509
4755.487	-12.65323	7.32999	-11.34943	5.69257
4759.488	-12.68189	7.50087	-11.61337	6.26641
4763.488	-12.69228	6.76288	-11.44466	6.78041
4767.486	-12.62374	6.79449	-10.90640	6.58762
4771.482	-12.72055	7.35392	-11.41564	5.32873
4775.485	-12.73536	6.90224	-11.47236	6.37106
4779.487	-12.56555	7.07116	-11.65504	5.30146
4783.488	-12.65352	7.52895	-11.55071	6.20937
4787.486	-12.56403	7.00790	-11.74185	6.33997
4791.478	-12.55096	7.07194	-11.22580	5.98603
4795.489	-12.58978	7.41554	-11.67986	5.39992
4799.488	-12.42896	6.84996	-11.53918	6.56331
4803.489	-12.66660	7.31180	-11.75781	5.68395
4807.495	-12.64844	7.24971	-11.41650	5.55571
4811.459	-12.50796	7.04131	-11.59496	5.74497
4815.487	-12.60592	7.30194	-11.36474	5.61490
4819.489	-12.41644	7.18437	-11.52900	5.26546
4823.490	-12.60141	7.04052	-11.55166	5.81313
4827.489	-12.43682	7.04710	-11.49424	5.80986
4831.488	-12.35559	7.32118	-11.59608	5.94701
4835.489	-12.43772	7.51745	-11.53877	6.61944
4839.492	-12.58732	7.48745	-11.54065	6.10572
4843.489	-12.63445	7.54641	-11.49717	5.67241
4847.447	-12.53963	7.41480	-11.54025	7.03866
4851.444	-12.50068	7.55928	-11.62242	5.82485
4855.476	-12.51898	7.71869	-11.66813	6.51479
4859.486	-12.48731	7.70171	-11.62009	6.33836
4863.486	-12.50113	7.67779	-11.49121	5.92281
4867.490	-12.45329	7.45496	-11.69124	5.53796
4871.492	-12.75427	6.75075	-11.70528	6.22783
4875.492	-13.37028	7.61366	-11.95311	9.09653
4879.490	-13.18023	7.91060	-11.90034	8.76032
4883.490	-12.52752	7.65264	-11.83422	9.19460
4887.489	-11.95011	7.02615	NaN	NaN
4891.491	-11.63263	8.62159	NaN	NaN
4895.455	NaN	NaN	NaN	NaN
4899.492	NaN	NaN	NaN	NaN
4903.491	NaN	NaN	NaN	NaN
4907.491	NaN	NaN	NaN	NaN
4911.492	NaN	NaN	NaN	NaN
4915.492	NaN	NaN	NaN	NaN
4919.517	NaN	NaN	NaN	NaN
4923.503	NaN	NaN	NaN	NaN
4927.490	NaN	NaN	NaN	NaN
4931.489	NaN	NaN	NaN	NaN
4935.490	NaN	NaN	NaN	NaN
4939.446	NaN	NaN	NaN	NaN
4943.492	NaN	NaN	NaN	NaN
4947.491	NaN	NaN	NaN	NaN
4951.393	NaN	NaN	NaN	NaN
4955.447	NaN	NaN	NaN	NaN
4959.492	NaN	NaN	NaN	NaN
4963.491	-1.20390	12.47722	-0.00576	2.45630
4967.493	-3.86921	14.06765	2.65414	14.53757
4971.494	-3.92880	-0.70628	7.70643	-2.46597
4975.447	4.80842	3.75752	-4.79511	-1.17252
4979.486	-3.06734	-1.13301	-5.23932	-0.37523
4983.494	-4.16954	-0.78883	-5.51496	-0.21313
4987.454	-4.28898	-0.62380	1.46316	-0.69407
4991.494	-6.25821	-0.72521	0.35720	-0.54745
4995.494	-2.54885	-0.13038	-0.06502	-1.54986
4999.496	-0.24994	0.18788	-0.21574	-1.79242
5003.493	-1.68067	0.32853	-0.53041	-2.08046
5007.494	-1.74471	0.29147	-0.77287	-2.04145
5011.499	-2.34738	0.39308	-0.70997	-2.14116
5015.484	-2.64374	0.26543	-0.70531	-2.26764
5019.494	-3.12150	0.43168	-0.72556	-2.31388
5023.494	-2.83898	0.43757	-0.81888	-2.19906
5027.495	-2.64975	0.49279	-0.87381	-2.22322
5031.391	-2.25553	0.54125	-0.96221	-2.22123
5035.497	-2.44410	0.60043	-0.99697	-2.21565
5039.459	-2.56285	0.62612	-1.10653	-2.23443
5043.495	-2.30821	0.62475	-1.05605	-2.19385
5047.396	-2.05316	0.69152	-1.11918	-2.21115
5051.494	-2.01831	0.71460	-1.05414	-2.22697
5055.494	-1.89734	0.74204	-1.03506	-2.17350
5059.495	-1.80586	0.72842	-0.95557	-2.14460
5063.394	-1.75396	0.71287	-0.85123	-2.16238
5067.494	-1.68702	0.65218	-1.01213	-2.24883
5071.494	-1.63891	0.57669	-0.88880	-2.26191
5075.495	-1.64660	0.34476	-0.78263	-2.17330
5079.396	-1.97470	0.17131	-0.66620	-2.09056
5083.496	-1.68037	-0.05527	-0.59071	-2.17969
5087.495	-1.54004	-0.48805	-0.65178	-2.30553
5091.496	-1.53205	0.20230	-0.78756	-2.25723
5095.393	-1.62676	0.54175	-0.55793	-2.18323
5099.450	-1.74139	0.39079	-0.71238	-2.28548
5103.460	-2.05162	0.39062	-0.55225	-2.30019
5107.497	-1.99280	0.17769	-0.20569	-2.35019
5111.391	-1.86526	0.11745	0.08490	-2.35717
5115.493	-2.06999	0.14224	-0.15476	-2.22985
5119.497	-2.03072	0.01540	-0.17578	-2.31755
5123.498	-1.87631	0.15622	0.17941	-2.24285
5127.497	-2.00296	0.38058	-1.17587	-2.45005
5131.498	-1.85638	0.40954	-0.75387	-2.45882
5135.497	-1.92627	0.34682	-0.88674	-2.46538
5139.497	-1.37382	0.09624	-0.94517	-2.46544
5143.393	-1.78912	0.30331	-0.57463	-2.12062
5147.493	-1.86558	0.26038	-0.97482	-2.10253
5151.496	-2.13740	0.26245	-0.46361	-2.34683
5155.497	-1.80070	-0.04704	-0.21194	-2.57699
5159.373	-1.85628	0.35662	-0.70695	-1.54431
5163.452	-1.63202	0.25445	-0.26438	-2.04087
5167.497	-0.83920	0.31120	-0.75357	-2.39478
5171.498	-1.35137	0.12026	-0.82607	-2.17839
5175.394	-1.27395	-0.01443	-0.79774	-1.60595
5179.500	-0.88466	0.03764	-0.98469	-1.59303
5183.494	-1.64045	0.23070	-0.46418	-2.32641
5187.489	-1.70093	0.20407	-0.29414	-2.70619
5191.394	-1.18741	0.14136	-0.97534	-1.93575
5195.497	-1.51239	0.23330	-0.58235	-2.46366
5199.498	-1.29296	0.36300	-0.87272	-2.24649
5203.498	-0.84347	0.35403	-0.45803	-2.13252
5207.499	-1.12601	0.04420	-0.32126	-2.05694
5211.501	-1.51740	0.22781	-1.00290	-1.76652
5215.497	-1.51861	0.50688	-1.42087	-2.25388
5219.526	-1.33297	0.28961	-0.16757	-2.50510
5223.457	-1.36124	0.41674	-0.52726	-2.14543
5227.469	-1.52032	0.34078	-0.74087	-1.44418
5231.499	-1.56496	0.27445	-0.38931	-1.76056
5235.499	-1.70908	0.27220	-0.01727	-2.11301
5239.502	-1.65409	0.10035	0.21678	-2.27641
5243.499	-1.51697	-0.09139	0.36563	-2.45585
5247.499	-1.84659	-0.36335	-0.42656	-2.64136
5251.498	-1.72366	-0.79220	-0.48612	-2.55598
5255.397	-1.74995	-0.92534	-0.38678	-2.40619
5259.500	-1.78734	-0.66411	-0.19603	-2.51584
5263.500	-1.81540	-1.00772	-0.24083	-2.30628
5267.485	-1.82948	-0.81133	-0.16583	-2.36575
5271.364	-1.80628	-1.01510	-0.16588	-2.46095
5275.499	-1.97795	-0.83522	-0.21574	-2.51052
5279.499	-2.02624	-0.88363	-0.33087	-2.49634
5283.501	-1.99129	-0.84475	-0.14005	-2.54627
5287.457	-2.11437	-0.61659	-0.16370	-2.49798
5291.500	-2.29701	-0.33802	0.09525	-2.48122
5295.500	-1.29534	-0.39027	-0.01941	-2.43169
5299.499	-1.30166	-0.12978	0.07515	-2.34090
5303.397	-1.63216	0.18309	0.10649	-2.07623
5307.500	-1.65577	0.09742	0.30456	-1.93407
5311.379	-1.67276	0.20693	0.22095	-2.10979
5315.352	-1.19294	0.24521	-0.19797	-1.75332
5319.397	-1.28055	0.29138	-0.00184	-2.08601
5323.378	-1.38979	0.32893	-0.10979	-2.01426
5327.376	-1.47223	0.40604	-0.14364	-2.20409
5331.372	-1.52248	0.52610	-0.05914	-2.45498
5335.397	-1.63782	0.67509	-0.12012	-2.38821
5339.378	-2.33155	0.76768	-0.47706	-2.30237
5343.378	-2.05722	0.78887	-0.47676	-2.39832
5347.377	-2.41663	0.77354	-0.52193	-2.50451
5351.398	-2.09204	0.80698	-0.53977	-2.57218
5355.373	-1.76616	0.87778	-0.66399	-2.60168
5359.380	-1.84280	0.93562	-0.78660	-2.57002
5363.376	-1.82341	1.02658	-0.86664	-2.55583
5367.396	-1.87252	1.05493	-0.95157	-2.60170
5371.377	-1.85058	1.00415	-0.94490	-2.47682
5375.376	-1.68754	-0.10223	-0.92306	-2.37396
5379.376	-1.45700	-0.19833	-0.98452	-2.06600
5383.396	-1.56102	-1.05568	-0.87714	-2.36442
5387.378	-1.40946	-1.11729	-0.67441	-2.55471
5391.379	-1.45698	-0.95269	-0.53853	-2.67930
5395.378	-1.27800	-1.10684	-0.31307	-2.56011
5399.396	-1.44069	-1.24095	-0.52433	-2.43206
5403.378	-1.36166	0.01274	-0.62610	-2.38194
5407.377	-1.44205	-0.51403	-0.54942	-2.29108
5411.385	-1.29184	0.28087	1.91380	-2.04129
5415.398	1.16706	0.03543	-0.75987	-1.98339
5419.332	-1.81716	-0.55039	-2.02386	-2.51746
5423.377	-1.52273	0.15245	-2.22691	-2.26722
5427.377	-2.13457	0.33565	-2.16149	-2.00224
5431.397	-3.87119	-0.46182	3.12182	-1.91735
5435.378	-2.59381	0.71466	4.34882	0.95873
5439.366	-1.83298	3.06960	-0.73372	8.57531
5443.375	NaN	NaN	-1.14632	14.58626
5447.376	NaN	NaN	NaN	NaN
5451.378	NaN	NaN	NaN	NaN
5455.368	NaN	NaN	NaN	NaN
5459.378	NaN	NaN	NaN	NaN
5463.378	NaN	NaN	NaN	NaN
5467.378	NaN	NaN	NaN	NaN
5471.333	NaN	NaN	NaN	NaN
5475.381	NaN	NaN	NaN	NaN
5479.334	NaN	NaN	NaN	NaN
5483.347	NaN	NaN	NaN	NaN
5487.378	NaN	NaN	NaN	NaN
5491.377	NaN	NaN	NaN	NaN
5495.378	NaN	NaN	NaN	NaN
5499.378	NaN	NaN	NaN	NaN
5503.378	NaN	NaN	NaN	NaN
5507.378	NaN	NaN	NaN	NaN
5511.378	NaN	NaN	NaN	NaN
5515.380	NaN	NaN	NaN	NaN
5519.370	NaN	NaN	NaN	NaN
5523.358	NaN	NaN	NaN	NaN
5527.380	NaN	NaN	NaN	NaN
5531.381	-2.42768	7.98135	NaN	NaN
5535.381	0.71360	5.64366	NaN	NaN
5539.377	0.73288	5.99623	-0.71196	7.19187
5543.380	0.68129	3.20195	3.46362	-3.02060
5547.380	0.67079	1.52726	1.66661	-1.34556
5551.337	0.61739	1.25384	1.28115	0.10369
5555.370	0.41676	0.60839	0.50413	-2.99022
5559.382	-3.05001	-0.09417	0.23324	-2.45802
5563.371	-4.03218	-0.22106	1.34296	-1.13430
5567.372	-4.13125	0.23302	1.32545	-0.94500
5571.404	-4.08276	1.21218	3.27000	-0.71520
5575.382	-0.50964	1.04932	1.48553	-0.47624
5579.382	-0.15176	1.88862	0.33178	-0.50114
5583.377	-0.04847	1.61094	0.15965	-0.74839
5587.338	-0.60183	1.41052	-0.08550	-0.49347
5591.383	-0.52088	1.52653	-0.46304	-0.63788
5595.384	-0.71809	1.55868	0.12995	-0.64130
5599.385	-0.95274	1.64498	-0.12781	-0.87636
5603.407	-0.82905	1.72870	-0.03293	-0.83271
5607.341	-0.99541	1.81068	-0.15945	-0.86612
5611.380	-1.24042	1.83145	-0.26379	-0.89963
5615.384	-1.01573	2.03983	-0.51483	-0.84264
5619.373	-1.00288	1.98648	-0.73424	-0.75615
5623.382	-0.99630	1.91464	-0.43026	-1.97231
5627.382	-1.04138	1.93159	-0.48153	-1.77772
5631.382	-0.99479	1.94246	-0.42224	-2.41263
5635.404	-0.93239	1.83352	-0.32967	-2.69658
5639.383	-0.94480	1.72375	-0.49912	-2.64195
5643.383	-0.65930	1.60205	-0.45532	-2.80956
5647.364	-0.83463	1.25373	-0.41725	-2.47950
5651.372	-0.97172	0.89643	-0.43182	-2.45566
5655.382	-0.85183	0.70975	-0.13476	-2.56202
5659.384	-0.66595	0.83780	-0.17846	-2.63884
5663.380	-0.65402	0.57602	-0.04733	-2.68718
5667.405	-0.54098	0.91356	-0.12937	-2.74316
5671.384	-0.72109	0.92473	-0.19263	-2.54049
5675.384	-0.82597	1.15670	-0.14992	-2.56869
5679.384	-0.74233	1.02973	-0.12630	-2.35506
5683.402	-0.75159	1.23319	0.60039	-2.01917
5687.386	-0.95924	0.85808	0.38308	-1.94984
5691.349	-1.13469	0.57629	0.19951	-2.06890
5695.384	-1.15945	0.60048	0.01822	-2.02831
5699.404	-1.92369	0.50561	-0.37303	-2.12460
5703.385	-1.26832	0.50602	-0.10240	-2.23313
5707.384	-1.15441	0.28807	-0.07217	-2.09052
5711.393	-0.98703	0.76701	0.03276	-2.37285
5715.410	-0.98340	0.38927	0.00737	-2.36789
5719.385	-1.06198	0.63228	-0.03316	-2.74321
5723.342	-0.95053	0.44284	0.07703	-2.91794
5727.386	-1.15597	0.54713	0.44693	-3.25132
5731.374	-1.09668	0.64096	1.61101	-2.76793
5735.386	-1.62795	0.52044	1.28264	-2.51177
5739.384	-1.70467	0.71433	0.48346	-2.51363
5743.384	-1.49443	0.88309	0.14101	-2.58193
5747.376	-1.17163	0.85119	0.24991	-2.31334
5751.386	-0.97209	0.84442	0.04147	-2.40560
5755.386	-0.17618	0.74677	0.05462	-2.50010
5759.385	-0.68811	0.84599	0.11106	-2.57031
5763.407	-0.91200	0.78200	0.15881	-2.16454
5767.389	-1.22278	0.70189	0.04490	-1.95015
5771.375	-1.39140	0.48401	1.43394	-2.10704
5775.375	-1.39026	0.46856	1.04922	-2.16927
5779.379	-1.23042	0.44501	0.02010	-2.14031
5783.385	-0.76722	0.22663	-0.14206	-2.16099
5787.384	-0.74027	0.09780	-0.28793	-2.14594
5791.387	-0.65109	-0.06741	-0.01757	-2.12678
5795.386	-1.11968	0.06392	0.11960	-2.36283
5799.385	-0.49029	0.16827	-0.11657	-2.32028
5803.386	-0.33779	-0.01478	0.51987	-1.88425
5807.390	-0.45237	0.01354	0.11975	-1.91647
5811.385	-0.79699	0.00248	0.16377	-2.15943
5815.355	-0.45505	0.26935	-0.04564	-2.13606
5819.385	-0.46473	0.36984	0.00886	-1.94147
5823.388	-0.23140	1.07516	0.03522	-1.90838
5827.389	-0.72235	1.16048	0.17824	-2.00204
5831.386	-1.08587	0.61150	0.38683	-1.80150
5835.388	-0.43800	0.73831	0.27838	-1.86790
5839.385	-0.65903	1.07187	0.04559	-1.95045
5843.389	-0.72595	1.15089	-0.20204	-2.03254
5847.387	-0.65240	0.91732	-0.25145	-1.97324
5851.344	-0.80240	0.91895	-0.28282	-2.15184
5855.368	-0.88406	0.93038	0.40579	-2.21774
5859.387	-0.71603	0.71129	0.69231	-2.38211
5863.387	-0.92785	0.62761	0.31320	-2.57260
5867.386	-0.55860	0.17202	-0.22683	-2.56213
5871.387	-0.83099	0.46246	0.27287	-2.52549
5875.384	-0.59225	0.71961	-0.19375	-2.41045
5879.387	-0.61481	0.92396	-0.37082	-2.53006
5883.388	-0.67032	0.95649	-0.21336	-1.86684
5887.389	-0.68345	0.65261	0.12553	-1.46295
5891.390	-0.58704	1.05241	0.54840	-1.16193
5895.389	-0.80687	0.81916	0.18923	-1.50466
5899.353	-0.64292	0.95744	0.34176	-2.09942
5903.387	-0.64367	0.59771	0.06539	-2.30868
5907.387	-0.77955	0.59322	0.02693	-2.04653
5911.389	-0.77853	0.60075	0.05713	-1.89321
5915.392	-0.71776	0.84755	0.16340	-2.08367
5919.343	-0.82580	0.81834	0.07679	-2.01801
5923.386	-1.04359	0.65727	0.26381	-1.92966
5927.389	-1.00650	0.56581	0.34784	-2.00005
5931.388	-0.57305	0.62855	0.27145	-2.09177
5935.389	-0.77898	0.50428	0.12285	-2.13606
5939.370	-1.02955	0.55055	0.06897	-2.10120
5943.391	-0.96157	0.30475	-0.09937	-2.04886
5947.389	-1.13965	0.41531	0.06463	-1.92461
5951.388	-1.13194	0.51931	0.07790	-1.67411
5955.391	-0.90708	0.51224	0.12592	-1.41258
5959.388	-0.69600	0.41780	0.06480	-1.58917
5963.389	-0.62608	0.51262	0.35489	-1.56130
5967.389	-0.84039	0.78535	0.43423	-1.71753
5971.379	-0.63987	0.71408	0.02402	-1.41477
5975.392	-0.71846	0.86775	-0.09061	-1.51584
5979.380	-0.81161	1.44537	-0.38923	-1.31955
5983.379	-0.73382	0.73772	-0.12717	-1.44594
5987.351	-0.91068	0.74425	0.03018	-1.53774
5991.391	-0.98214	0.63093	-0.28533	-1.32307
5995.389	-0.80746	0.68534	0.09689	-1.45719
5999.390	-0.76727	0.87415	0.19268	-1.40101
6003.392	-2.63980	1.34674	2.59297	-1.12268
6007.392	-0.99504	0.64856	1.27415	-1.60394
6011.392	-1.56799	0.48884	-0.10902	-1.18474
6015.396	-0.91609	0.44779	0.41336	-1.56214
6019.393	-3.60623	0.83260	-0.04105	-0.39301
6023.359	-0.38958	1.22209	2.68111	3.84833
6027.390	-0.49681	-1.87177	-0.13918	9.51375
6031.391	NaN	NaN	NaN	NaN
6035.390	NaN	NaN	NaN	NaN
6039.392	NaN	NaN	NaN	NaN
6043.287	NaN	NaN	NaN	NaN
6047.391	NaN	NaN	NaN	NaN
6051.390	NaN	NaN	NaN	NaN
6055.346	NaN	NaN	NaN	NaN
6059.396	NaN	NaN	NaN	NaN
6063.372	NaN	NaN	NaN	NaN
6067.394	NaN	NaN	NaN	NaN
6071.349	NaN	NaN	NaN	NaN
6075.393	NaN	NaN	NaN	NaN
6079.392	NaN	NaN	NaN	NaN
6083.393	NaN	NaN	NaN	NaN
6087.349	NaN	NaN	NaN	NaN
6091.394	NaN	NaN	NaN	NaN
6095.392	NaN	NaN	NaN	NaN
6099.347	2.04408	1.77008	NaN	NaN
6103.394	-1.29008	11.69091	-3.73648	6.58505
6107.358	0.42380	11.00042	-3.89720	6.29722
6111.393	-1.59283	-0.95325	1.99617	-3.48721
6115.398	1.06093	3.58003	0.66134	-3.73579
6119.394	1.16106	1.79147	1.06485	-3.58797
6123.395	0.74436	1.78419	0.67198	-3.34320
6127.394	-2.12107	-0.89388	0.81429	-1.94254
6131.396	-3.36992	-0.87604	0.12870	-1.79526
6135.394	-5.20772	-1.09097	0.62372	-0.50989
6139.396	-5.50889	-0.58826	1.57195	-2.92342
6143.395	-4.76495	1.20171	3.89656	-2.63452
6147.373	-1.55876	2.46003	4.03122	-1.76128
6151.396	-0.23867	1.89136	4.16228	-0.96994
6155.396	0.62275	1.17481	3.88293	-1.36314
6159.395	-0.12520	1.47901	0.40862	-0.02786
6163.396	0.37956	1.43466	0.06346	-1.10133
6167.395	-0.56578	1.41972	1.00789	-1.61082
6171.394	-0.78332	0.98215	0.88783	-1.58806
6175.394	-0.65171	1.10694	0.95557	-2.13639
6179.395	-0.81828	1.02484	0.71618	-2.09039
6183.396	-0.68335	1.05850	0.52952	-1.65261
6187.385	-0.31818	1.19950	0.06388	-1.91749
6191.395	-0.27781	1.11411	-0.00390	-2.00113
6195.396	-0.56468	1.05865	-0.01000	-2.09345
6199.394	-0.25038	1.02523	0.35429	-2.12855
6203.394	-0.49656	0.93381	0.21815	-2.23805
6207.395	-0.19948	0.97605	0.35194	-2.29794
6211.293	-0.20609	0.88629	0.21095	-2.28653
6215.396	-0.14523	0.98962	0.10518	-2.34646
6219.397	-0.18338	0.97150	0.20656	-2.24637
6223.350	-0.20256	1.05283	0.07641	-2.17939
6227.292	-0.06922	1.07624	0.05045	-2.07333
