time (ms)	lx (deg)	ly (deg)	rx (deg)	ry (deg)
0.000	1.05473	0.13203	0.37328	-1.97230
3.996	-0.14218	-0.22714	0.65270	-2.87924
8.000	-1.70333	-0.41151	0.53610	-2.15197
11.975	-4.25919	-0.60053	0.18047	-2.08498
15.984	-3.54420	-0.56385	0.14948	-1.46016
19.999	-4.18386	-0.12310	0.20919	-0.94847
23.997	-2.11898	0.11244	-0.57319	-1.16948
27.997	-0.59131	0.24159	-0.22755	-2.06073
31.998	-2.10377	0.01254	-0.06137	-1.62547
35.998	-1.94107	0.05084	-0.16998	-1.91880
39.998	-2.04304	0.06643	-0.24574	-2.34604
43.999	-2.11732	0.18718	-0.33002	-2.40519
48.009	-2.01818	0.32353	-0.30615	-2.24153
51.994	-2.08798	0.23318	-0.32049	-2.33578
55.996	-2.10989	0.36657	-0.26808	-2.17383
59.996	-2.20317	0.37181	-0.30664	-2.34052
63.988	-2.14456	0.47621	-0.23242	-2.40615
67.998	-2.04530	0.59585	-0.14640	-2.37297
71.998	-2.04847	0.56628	-0.13027	-2.39880
75.998	-2.07757	0.64210	-0.06656	-2.50595
79.996	-2.08238	0.71477	-0.01224	-2.39215
83.996	-2.10397	0.75792	0.06311	-2.41205
88.000	-2.05286	0.92838	0.12404	-2.39721
91.998	-1.95772	0.64967	-0.04614	-2.38578
95.988	-1.82532	0.59598	0.00405	-2.34882
99.998	-1.79909	0.65614	-0.04745	-2.42385
103.998	-1.71662	0.77979	-0.10342	-2.31614
107.999	-1.69817	0.69300	-0.04700	-2.23995
111.999	-1.57314	0.67318	-0.03658	-2.32756
115.999	-1.50088	0.68398	0.25872	-2.25298
119.999	-1.47722	0.56486	0.08746	-2.11941
124.000	-1.42310	0.63020	0.20008	-2.19173
128.000	-1.40135	0.83962	0.34841	-2.09021
132.001	-1.41137	0.70509	0.52334	-2.09567
135.999	-1.39812	0.69924	0.51962	-2.05500
139.997	-1.44942	0.74264	0.44132	-2.41374
144.002	-1.52045	0.78247	0.55922	-2.56446
148.000	-1.57865	0.79986	0.63126	-2.57596
152.004	-1.62725	0.84119	0.67987	-2.53663
156.000	-1.65619	0.87086	0.75367	-2.40752
159.988	-1.77199	0.77823	0.61347	-2.65093
163.999	-1.75161	0.77739	0.61898	-2.52949
167.999	-1.84654	0.84030	0.65528	-2.62861
172.000	-1.83585	0.68476	0.48105	-2.51623
176.002	-1.95740	0.70087	0.52811	-2.32639
179.964	-2.05075	0.68608	0.55922	-2.75605
183.998	-2.20372	0.77405	0.44572	-2.42031
187.999	-2.22094	0.85555	0.49919	-2.29780
192.002	-2.17953	0.78472	0.37928	-2.08261
196.003	-2.15100	0.75079	0.14848	-1.74225
199.956	-2.13462	0.58194	0.17017	-1.24005
204.002	-2.35583	0.65263	0.11364	-1.24760
208.003	-2.37756	0.65838	0.21807	-1.22748
212.002	-2.43989	0.67329	0.20700	-0.98859
216.001	-2.36733	0.56519	0.29984	-0.95224
220.001	-2.30315	0.55116	0.07028	-1.29479
223.890	-2.24034	0.38156	0.14776	-1.10761
228.002	-1.94431	0.21827	0.15429	-1.16193
232.003	-1.66165	0.19205	0.18430	-1.26123
236.003	-1.49609	0.06531	0.11220	-1.25647
239.999	-1.45614	0.06471	0.22671	-1.33837
244.001	-1.44240	0.05279	0.33824	-1.53094
248.004	-1.45157	0.25358	0.35707	-1.62561
252.002	-1.38786	0.08829	0.33305	-1.61904
255.898	-1.31168	0.22294	0.26383	-1.66855
259.998	-1.30982	-0.14563	0.25401	-1.63722
263.992	-1.32091	-0.20011	0.20477	-1.66821
268.001	-1.27261	-0.31607	0.04246	-1.41989
271.899	-1.30176	-0.08042	0.17663	-1.60187
275.957	-1.29876	-0.13423	-0.17407	-1.50881
280.002	-1.37863	-0.27224	-0.11406	-1.53300
284.002	-1.40750	-0.18820	-0.10091	-1.48167
288.004	-2.47281	-0.30821	-0.17755	-1.40394
292.002	-2.03997	-0.24868	-0.20810	-1.43731
296.004	-2.20047	-0.15561	-0.34476	-1.41683
300.004	-1.89677	-0.27853	-0.43318	-1.25497
303.899	-2.30603	-0.21440	-0.48130	-1.28717
308.005	-2.30018	-0.10120	-0.50977	-1.18131
312.004	-2.16154	-0.12319	-0.56511	-1.30787
316.003	-2.65386	-0.05476	-0.60804	-1.33962
320.002	-2.48827	0.05909	-0.51684	-1.32601
324.000	-2.42022	0.01323	-0.54657	-1.35786
328.001	-2.52728	0.09965	-0.61784	-1.26318
332.004	-2.54999	0.16667	-0.59975	-1.43056
336.005	-2.50189	0.34229	-0.65727	-1.45821
340.004	-2.53887	0.35983	-0.64441	-1.50413
343.996	-2.59019	0.41093	-0.56972	-1.51728
347.994	-2.50491	0.54895	-0.55349	-1.60312
352.005	-2.57144	0.42625	-0.52513	-1.68327
356.006	-2.61397	0.51827	-0.54401	-1.56829
360.005	-2.50662	0.53408	-0.45363	-1.63158
364.005	-2.70265	0.46239	-0.51885	-1.74973
368.004	-2.76973	0.44023	-0.46914	-1.62325
372.003	-2.69312	0.46612	-0.44321	-1.38918
376.005	-2.78287	0.56769	-0.39834	-1.72419
380.005	-2.81546	0.41259	-0.37561	-1.66039
384.004	-2.74370	0.35684	-0.35509	-1.75940
388.007	-2.88621	0.36784	-0.38149	-1.56711
391.959	-2.85519	0.38778	-0.37943	-1.34687
396.004	-2.87465	0.67000	-0.42534	-1.12095
399.904	-2.82902	0.45408	-0.33642	-1.45768
404.023	-2.89401	0.36330	-0.37598	-1.29203
408.006	-2.90044	0.49058	-0.28960	-1.29562
412.005	-2.81967	0.51818	-0.12252	-1.42545
416.007	-2.83348	0.52490	-0.03708	-1.50986
420.008	-2.63576	0.50627	-0.07612	-1.41991
424.006	-2.58685	0.53467	0.05100	-1.46417
427.984	-2.43035	0.53629	0.28418	-1.36807
432.006	-2.41665	0.56956	0.34265	-1.61171
436.006	-2.36537	0.43118	0.54364	-1.74156
440.007	-2.41561	0.45117	0.66501	-1.66195
444.006	-2.48173	0.32611	0.67151	-1.64246
448.006	-2.50828	0.36470	0.60250	-1.75793
452.007	-2.46151	0.34369	0.60297	-1.88360
456.006	-2.49198	0.53577	0.55764	-1.93966
460.006	-2.39760	0.16190	0.45912	-1.88665
464.009	-2.35856	0.17496	0.45656	-1.86764
468.008	-2.42723	0.10435	0.50200	-1.79705
471.997	-2.52280	0.10816	0.49666	-1.90240
476.007	-2.62521	0.12255	0.73898	-1.92123
480.008	-2.46493	0.15896	0.55280	-1.86505
484.008	-2.43835	0.20852	0.48972	-1.84459
488.006	-2.41202	0.25569	0.48572	-1.75180
492.006	-2.37592	0.27504	0.46224	-1.57869
495.871	-2.33816	0.24843	0.52456	-1.59521
499.882	-2.30120	0.31490	0.47207	-1.55487
503.882	-2.28133	0.36452	0.47028	-1.47969
507.880	-2.31765	0.32029	0.59605	-1.49597
511.905	-2.24906	0.12487	0.58444	-1.47363
515.884	-2.23566	0.22901	0.60397	-1.46900
519.877	-2.20706	-0.03722	0.61193	-1.37521
523.883	-2.20436	-0.02391	0.61878	-1.45045
527.873	-2.24649	0.10076	0.62074	-1.37560
531.884	-2.24274	0.00174	0.61694	-1.43264
535.884	-2.16525	-0.05061	0.66017	-1.43738
539.884	-2.01077	0.01882	0.63287	-1.41193
543.900	-2.04131	-0.25101	0.58074	-1.33789
547.884	-2.03529	-0.23582	0.71077	-1.58232
551.885	-2.02277	-0.30602	0.70022	-1.64295
555.886	-1.84716	-0.38982	0.59598	-1.57731
559.905	-1.81072	-0.17709	0.48222	-1.68691
563.884	-1.73137	-0.21959	0.40608	-1.65626
567.885	-1.75738	-0.12853	0.34568	-1.66512
571.885	-1.80729	-0.13462	0.17928	-1.52641
575.872	-2.07274	-0.01542	0.05534	-1.46804
579.893	-2.26205	0.02845	-0.07269	-1.43377
583.883	-2.02711	0.01984	-0.11724	-1.34523
587.884	-2.02017	0.18096	-0.21512	-1.43448
591.909	-2.16699	0.21755	-0.37516	-1.27934
595.884	-2.27957	0.26115	-0.55012	-1.18046
599.862	-2.29736	0.36282	-0.52029	-1.08462
603.885	-2.07631	0.31485	-0.59357	-1.33729
607.907	-2.18327	0.41480	-0.52212	-1.51233
611.884	-2.00596	0.41537	-0.55620	-1.72932
615.885	-1.50157	0.46011	-0.51413	-1.82073
619.885	-1.65215	0.43802	-0.33774	-2.73035
623.905	-1.75109	0.48872	-0.18720	-2.73355
627.885	-1.56499	0.48501	0.67327	-2.25977
631.884	-1.56169	0.57023	0.28897	-2.64703
635.889	-1.64345	0.74835	0.50510	-2.54824
639.875	-1.37392	0.68563	0.32583	-2.51487
643.876	-1.39306	0.76074	0.46545	-2.41604
647.886	-1.43267	0.82383	0.25572	-2.38747
651.885	-1.34492	0.81748	0.30947	-2.23680
655.877	-1.38595	0.86734	0.23711	-2.22252
659.886	-1.73755	0.79883	0.10729	-2.23372
663.886	-2.56136	0.87070	0.29870	-2.38133
667.887	-2.49340	0.94175	0.15844	-2.20206
671.906	-2.29654	1.11064	0.04460	-2.22936
675.888	-2.49481	1.05308	-0.12111	-2.16281
679.890	-2.40952	1.11003	-0.37452	-2.11108
683.886	-2.38494	0.98995	-0.37132	-2.08611
687.852	-2.17993	0.99161	-0.55183	-2.05733
691.886	-1.48751	0.81808	-0.38616	-1.86847
695.885	-1.55955	0.96228	-0.52421	-0.58135
699.887	-1.10611	0.61639	-0.47694	-1.08678
703.859	-1.47099	0.80248	-0.63970	-0.32689
707.916	-1.19008	0.31377	-0.71253	-0.23833
711.888	-1.25364	0.09224	-0.35228	-0.38972
715.887	-1.26830	0.28917	0.73945	-0.74748
719.908	-1.34591	0.77737	0.28359	-0.85789
723.868	-1.27959	0.70955	0.67471	-0.84974
727.888	-1.41234	0.68232	1.12923	-1.10675
731.888	-1.73705	0.60912	1.03134	-1.03352
735.911	-1.90145	0.92643	0.84538	-0.95049
739.889	-1.87736	0.84518	0.87332	-0.99316
743.889	-1.98214	0.52593	0.69645	-1.03669
747.891	-1.99850	0.49694	0.49808	-1.03854
751.905	-1.99183	0.43280	0.31766	-1.11048
755.887	-1.81808	1.11344	-0.00573	-1.25043
759.844	-1.89672	0.90525	0.08982	-1.21971
763.889	-1.83551	0.88624	0.12950	-1.25570
767.910	-1.94511	0.74205	-0.05946	-1.25630
771.889	-1.59750	1.18540	-0.17918	-1.30614
775.889	-1.60890	1.12664	-0.36472	-1.26504
779.888	-1.52109	1.09481	-0.48897	-1.28590
783.912	-1.29112	0.99376	-0.53830	-1.29503
787.900	-1.34698	1.23884	-0.47912	-1.28382
791.888	-1.20323	1.19737	-0.51081	-1.14619
795.888	-1.29973	1.17162	-0.57895	-1.09762
799.911	-1.29298	1.31805	-0.42499	-0.80799
803.888	-1.69535	1.24023	-0.45629	-0.72501
807.889	-2.33559	1.17991	-0.53654	-0.69432
811.888	-2.77589	1.18422	-0.52220	-0.91823
815.878	-2.53959	1.18762	-0.56622	-0.83279
819.889	-2.70886	1.04281	-0.23745	-0.98529
823.890	-2.29042	1.18560	0.09724	-0.80193
827.889	-2.09353	1.19715	-0.01541	-0.90294
831.910	-2.16550	1.27106	0.27413	-0.92407
835.890	-2.38987	1.13467	0.36077	-1.02204
839.890	-2.13470	0.94795	0.43135	-0.89176
843.892	-1.94263	0.84234	0.35248	-0.75506
847.900	-1.70214	1.03172	0.11597	-0.88356
851.880	-1.37890	0.99996	0.03400	-0.88863
855.892	-1.73480	0.96155	-0.22115	-0.96328
859.891	-1.45502	1.03512	-0.33722	-1.02676
863.912	-1.45120	1.27889	-0.26436	-0.85429
867.890	-1.62649	1.04805	-0.51349	-0.82719
871.891	-1.49718	0.96984	-0.60528	-0.84712
875.891	-1.93351	0.94342	-0.76970	-0.96327
879.908	-2.23982	0.99777	-0.55426	-0.87341
883.891	-2.39274	0.99422	-0.60384	-0.72984
887.889	-2.22418	0.99046	-0.61528	-0.86213
891.892	-2.50531	0.88972	-0.60478	-0.75886
895.889	-2.29547	0.99069	-0.57295	-0.86442
899.890	-2.08064	1.05135	-0.34270	-0.98761
903.891	-2.06634	1.06546	-0.06837	-0.97516
907.891	-1.94999	0.92618	0.10332	-1.07214
911.909	-2.24760	0.88328	0.21725	-1.18379
915.891	-2.02557	0.70869	0.38030	-1.29283
919.890	-1.81622	0.49468	0.39938	-1.05897
923.891	-1.27691	0.52487	0.44860	-1.15152
927.889	-0.75853	0.20317	0.43145	-1.17586
931.891	-1.60566	0.59153	0.42795	-1.21535
935.887	-1.49197	0.43995	0.31334	-0.92760
939.892	-1.31878	1.10037	0.17477	-1.09233
943.911	-1.13920	0.94082	0.09639	-1.15543
947.897	-1.42965	0.77193	-0.17978	-0.83407
951.849	-1.72919	0.73283	-0.31811	-0.87096
955.893	-2.22671	0.83377	-0.36315	-0.77247
959.914	-2.25833	0.73033	-0.47736	-0.80441
963.893	-2.15864	0.86134	-0.47932	-1.16751
967.894	-2.41014	0.79670	-0.55022	-1.26890
971.894	-2.50145	0.87935	-0.61459	-1.93130
975.894	-1.88675	0.92289	-0.61022	-1.62240
979.849	-1.18257	0.89667	-0.55662	-0.97022
983.895	-1.21105	0.75848	-0.46696	-1.11860
987.895	-1.03736	0.76382	-0.48547	-0.83387
991.886	-1.24506	0.65765	-0.43122	-0.83425
995.895	-1.24838	0.59935	-0.42370	-1.09193
999.891	-1.05079	0.36134	-0.40470	-1.27102
1003.894	-1.00747	0.24989	-0.37961	-1.33783
1007.892	-0.85863	0.36437	-0.42353	-0.98251
1011.894	-0.95993	0.43464	-0.43395	-1.16960
1015.869	-0.90034	0.30985	-0.42616	-1.14822
1019.893	-0.81900	0.13092	-0.38539	-1.06653
1023.895	-0.88748	0.11248	-0.44864	-1.10428
1027.893	-0.91550	0.22985	-0.47115	-1.16654
1031.893	-0.87565	0.19037	-0.44515	-1.11250
1035.893	-0.85300	0.22061	-0.43790	-1.19220
1039.895	-0.87389	0.50526	-0.36911	-1.09028
1043.895	-1.09006	0.36325	-0.25259	-1.38007
1047.894	-1.03377	0.50285	-0.27865	-1.35510
1051.896	-1.00747	0.43970	-0.29818	-1.57412
1055.883	-1.06716	0.98341	-0.28359	-1.31485
1059.896	-1.40152	0.79747	-0.13642	-1.19474
1063.895	-1.68290	0.81298	-0.23912	-1.20433
1067.894	-1.76155	0.78198	-0.07291	-1.49242
1071.896	-1.48133	0.85409	-0.08319	-1.36858
1075.892	-1.52231	0.85206	-0.10818	-0.91579
1079.896	-1.32339	0.61915	-0.01288	-1.65348
1083.895	-1.37865	0.33678	-0.06351	-1.57971
1087.886	-1.38726	0.71146	-0.14394	-1.46404
1091.896	-1.34777	0.72660	-0.12597	-1.08386
1095.896	-1.51551	0.73146	0.03872	-1.69613
1099.864	-1.93856	0.75923	0.17889	-1.76958
1103.892	-1.75359	0.57619	0.03524	-1.22093
1107.905	-1.64729	0.54972	0.09527	-1.69933
1111.895	-1.42399	0.44875	-0.04872	-1.33473
1115.894	-1.40095	0.51741	-0.01387	-1.00246
1119.886	-1.99394	0.55664	0.09331	-1.68424
1123.851	-1.76725	0.64428	-0.02256	-1.28881
1127.896	-1.79728	0.68447	-0.01638	-1.31119
1131.896	-1.69946	0.66332	0.22013	-1.62263
1135.893	-1.59437	0.73901	-0.03926	-1.53300
1139.877	-1.55829	0.74305	0.03291	-1.49754
1143.889	-1.45103	0.68037	-0.01849	-1.48796
1147.895	-1.63941	0.67939	0.15608	-1.49120
1151.900	-1.32701	0.70788	-0.12002	-1.44425
1155.899	-1.43327	0.95628	-0.07691	-1.44867
1159.897	-1.38674	0.82755	-0.04415	-1.44832
1163.898	-1.50894	0.83689	-0.11366	-1.48805
1167.898	-1.42982	0.87152	-0.22256	-1.55112
1171.897	-1.40487	1.00636	0.03219	-1.52858
1175.899	-1.63013	1.21532	0.14124	-1.44442
1179.899	-1.55410	1.24608	-0.03499	-1.36915
1183.898	-1.46338	1.13606	-0.05445	-1.45033
1187.899	-1.44183	0.56487	-0.37072	-1.43759
1191.900	-1.37181	0.82276	-0.33240	-1.50710
1195.898	-1.64749	1.21772	0.04830	-1.58294
1199.898	-1.69971	1.17024	0.81674	-1.42153
1203.898	-1.80144	1.18184	0.38802	-1.48452
1207.856	-1.79492	1.33775	-0.20795	-1.31987
1211.899	-1.83930	1.28688	-0.14355	-1.28292
1215.898	-1.69130	1.42180	-0.18953	-1.29633
1219.897	-1.54946	1.29598	-0.04427	-1.21236
1223.896	-1.80102	1.53001	-0.41552	-0.81155
1227.898	-1.94441	1.49829	-0.24751	-1.23247
1231.901	-1.90160	1.68745	-0.04209	-1.11037
1235.898	-1.98209	1.41393	-0.20055	-1.13826
1239.899	-1.96811	1.32722	-0.11029	-1.08180
1243.898	-1.82452	1.41775	-0.09282	-0.94706
1247.797	-1.63187	1.49830	-0.16663	-1.15175
1251.901	-1.68615	1.53184	-0.30920	-1.01760
1255.900	-1.49004	1.31978	-0.14699	-0.97734
1259.899	-1.62882	1.10826	-0.20306	-0.86473
1263.889	-1.74551	1.08329	-0.86178	-0.82872
1267.891	-1.71843	1.20146	-0.17328	-0.96862
1271.900	-1.56784	0.98103	-0.13369	-1.03001
1275.901	-1.51477	0.72841	-0.22249	-0.96862
1279.797	-1.82435	0.79847	-0.05639	-0.98743
1283.900	-1.69083	0.96498	-0.10649	-0.85519
1287.901	-1.52947	0.95475	-0.26684	-0.67238
1291.900	-1.53312	1.22739	-0.12722	-0.75256
1295.902	-1.55137	1.22468	-0.30081	-0.71466
1299.903	-1.55308	1.48659	-0.32471	-0.80669
1303.901	-1.45284	1.65766	-0.42227	-0.97036
1307.870	-1.62277	1.71034	-0.21616	-1.34058
1311.785	-1.46747	1.73069	-0.30483	-0.88400
1315.901	-1.40170	1.37259	-0.20343	-1.24042
1319.901	-1.62413	1.27270	0.00836	-1.25235
1323.870	-1.74551	1.36961	-0.15940	-0.93370
1327.902	-1.72260	1.23319	0.32526	-0.76984
1331.901	-1.73666	1.42760	0.35735	-1.11052
1335.900	-1.76090	1.44255	0.12573	-1.20674
1339.904	-1.73700	1.45232	0.33211	-1.17888
1343.903	-1.63001	1.32391	-0.04385	-0.24593
1347.880	-1.60082	0.79541	-0.30337	-0.98208
1351.897	-1.56067	1.04435	-0.36869	-1.06223
1355.901	-1.97639	1.39395	-0.05981	-1.23501
1359.901	-1.80955	1.31493	-0.30962	-1.23333
1363.900	-2.14154	1.21149	0.08592	-1.15794
1367.901	-1.98881	0.99756	0.24205	-0.94442
1371.904	-2.14369	1.16430	0.34169	-1.05252
1375.901	-1.98586	1.05615	0.54061	-1.21995
1379.901	-1.99877	1.08480	0.07393	-1.11872
1383.902	-1.56863	1.52486	0.18814	-1.29235
1387.858	-0.90309	1.61822	0.36613	-1.30212
1391.800	-1.67700	1.58856	0.20546	0.18398
1395.904	-1.27919	1.56099	-0.23309	-0.22928
1399.901	-2.06927	1.49632	-0.20149	-1.23274
1403.858	-1.55435	1.23257	-0.14106	-0.39241
1407.800	-1.67920	1.13385	-0.05284	-1.08677
1411.904	-1.80786	1.31019	-0.01372	-1.23610
1415.903	-1.70102	1.25949	-0.26453	-1.09364
1419.904	-1.65785	1.26925	-0.36228	-1.03533
1423.800	-1.75024	1.32681	-0.31044	-1.20526
1427.903	-1.57376	1.50725	-0.13518	-1.32330
1431.879	-1.82792	1.57565	-0.08622	-0.47180
1435.903	-1.78523	1.48195	0.12995	-0.79937
1439.905	-1.77328	1.40826	0.33518	-0.98689
1443.903	-1.75919	1.19414	0.33454	-1.00473
1447.901	-1.79217	1.23883	0.73161	-1.14582
1451.907	-1.85011	1.31291	0.67757	-1.25435
1455.905	-1.68498	1.29898	0.21137	-1.27993
1459.903	-1.82767	1.30595	0.00963	-1.09412
1463.905	-2.57625	1.14577	-0.15000	-0.87502
1467.905	-2.91054	1.23029	-1.39197	-0.65845
1471.899	-3.85513	1.41123	-4.74651	-0.37641
1475.893	-4.32950	1.58728	-5.63026	0.19776
1479.905	-6.09172	2.22919	-6.29901	0.33442
1483.904	-7.39195	3.23605	-7.17140	0.52405
1487.908	-7.67333	2.95658	-7.59576	0.37325
1491.906	-7.97826	2.61688	-7.28219	0.09795
1495.905	-8.05587	2.63600	-7.28085	0.72296
1499.906	-8.03012	2.92259	-7.31164	0.64723
1503.907	-8.01693	3.50519	-7.41731	0.46201
1507.905	-8.06463	3.04637	-7.04777	0.41741
1511.903	-8.04606	2.70041	-7.11181	0.25385
1515.875	-7.99036	2.56143	-7.24241	-0.44418
1519.783	-8.03217	2.49697	-7.32173	0.83980
1523.774	-8.06898	2.64237	-7.38383	1.03428
1527.780	-8.14541	2.73347	-7.42295	0.98433
1531.780	-8.17729	2.84920	-7.32082	0.64776
1535.804	-8.16895	2.61732	-7.26334	0.40092
1539.780	-7.90647	2.58290	-7.28818	0.15316
1543.780	-7.38273	2.36949	-7.27821	0.10720
1547.779	-7.92731	2.45182	-7.17885	0.04125
1551.803	-7.90935	2.29445	-7.12163	0.43749
1555.782	-7.92451	2.38656	-7.06019	0.61543
1559.778	-8.03003	2.41267	-7.14255	0.68798
1563.781	-7.77868	2.37494	-7.04242	0.57975
1567.802	-7.91882	2.49629	-7.18850	0.65488
1571.781	-7.90192	2.48880	-7.21083	1.46309
1575.782	-7.73353	2.44780	-7.24095	0.49688
1579.784	-7.74445	2.14977	-6.91804	0.48156
1583.802	-7.82835	1.76912	-7.15428	0.50486
1587.784	-8.27696	2.18335	-7.24866	0.16669
1591.782	-7.74676	-1.08020	-7.29797	0.58359
1595.785	-9.34522	2.37515	-7.12447	0.51244
1599.804	-7.90706	1.85509	-7.47565	0.35017
1603.759	-8.17148	1.93813	-7.54408	0.09326
1607.782	-7.16214	2.10693	-7.44789	-0.22163
1611.782	-7.69544	2.40449	-6.42621	0.19152
1615.803	-4.89848	1.98236	-9.49649	2.58080
1619.785	-7.54118	1.59010	-11.07941	9.15550
1623.785	-8.57981	5.23002	-9.96005	5.23672
1627.783	-9.00220	6.34711	-8.32475	8.37436
1631.803	NaN	NaN	-6.25777	11.84903
1635.783	NaN	NaN	NaN	NaN
1639.740	NaN	NaN	NaN	NaN
1643.738	NaN	NaN	NaN	NaN
1647.789	NaN	NaN	NaN	NaN
1651.785	NaN	NaN	NaN	NaN
1655.784	NaN	NaN	NaN	NaN
1659.780	NaN	NaN	NaN	NaN
1663.782	NaN	NaN	NaN	NaN
1667.782	NaN	NaN	NaN	NaN
1671.785	NaN	NaN	NaN	NaN
1675.738	NaN	NaN	NaN	NaN
1679.785	NaN	NaN	NaN	NaN
1683.784	NaN	NaN	NaN	NaN
1687.773	NaN	NaN	NaN	NaN
1691.739	NaN	NaN	NaN	NaN
1695.787	NaN	NaN	NaN	NaN
1699.740	NaN	NaN	NaN	NaN
1703.786	-17.01408	-3.37980	0.11644	14.36809
1707.776	-14.28949	-4.06201	-10.07579	-4.61496
1711.784	-19.99370	-12.07743	-6.37337	-7.60878
1715.783	-1.08135	0.86294	-0.95026	-7.77124
1719.785	1.75592	-5.95749	0.65583	-4.10290
1723.784	1.23610	-4.89472	3.65433	-5.12275
1727.783	1.47588	-6.80939	-0.36032	-4.72373
1731.782	0.93574	-5.84785	-3.47557	-4.44637
1735.786	-2.09217	-4.49753	-3.62084	-4.40535
1739.782	-5.44753	-3.59987	-3.80105	-4.37610
1743.777	-5.62193	-3.52873	-4.99440	-4.78487
1747.787	-5.44633	-3.29321	-4.19758	-4.96586
1751.787	-5.78187	-3.57136	-4.32491	-4.99851
1755.788	-5.85711	-3.36516	-4.17423	-5.06815
1759.776	-5.71146	-3.31098	-4.12466	-5.24078
1763.786	-5.79167	-3.18175	-4.03078	-5.15377
1767.783	-5.69099	-3.20050	-3.80994	-5.27222
1771.781	-5.95189	-3.33565	-3.77520	-5.32887
1775.806	-5.93902	-3.26239	-3.98526	-5.25537
1779.787	-5.87806	-3.26639	-3.98566	-5.34230
1783.786	-5.89773	-3.22309	-3.96948	-5.29612
1787.786	-5.89893	-3.27248	-4.01586	-5.28678
1791.809	-5.87837	-3.30522	-4.17216	-5.27649
1795.786	-5.85946	-3.30109	-4.13905	-5.27325
1799.786	-5.92874	-3.37456	-4.14288	-5.25273
1803.797	-5.99591	-3.62624	-4.34403	-5.23564
1807.743	-6.04524	-4.02211	-4.46709	-5.23483
1811.756	-6.25531	-3.76755	-4.47225	-5.18017
1815.785	-6.12168	-4.47069	-4.57973	-5.16747
1819.787	-6.04936	-4.21176	-4.50747	-5.14683
1823.745	-6.10831	-4.03691	-4.51702	-5.11260
1827.788	-6.06760	-4.23131	-4.59337	-5.12619
1831.789	-6.05729	-4.29410	-4.61827	-5.13117
1835.788	-6.16348	-4.30627	-4.62579	-5.04140
1839.810	-6.19145	-4.18271	-4.42878	-5.04311
1843.788	-6.08743	-4.27116	-4.20721	-5.19936
1847.788	-5.94460	-4.31266	-4.21343	-5.23498
1851.774	-5.92216	-4.26933	-4.41887	-5.29983
1855.810	-5.85937	-4.30125	-4.53053	-5.23924
1859.789	-6.21154	-4.58757	-4.42340	-5.24963
1863.787	-6.20342	-4.51837	-4.35903	-5.12782
1867.788	-6.21691	-4.45575	-4.41539	-5.00315
1871.809	-6.09356	-4.30320	-4.25512	-5.22312
1875.788	-6.04617	-4.25531	-4.03604	-5.34330
1879.788	-6.13299	-4.24512	-4.39543	-5.31864
1883.788	-6.03682	-4.34535	-4.32205	-5.17608
1887.762	-5.96382	-4.35032	-4.38366	-5.27015
1891.789	-5.98820	-4.28265	-4.35770	-5.26645
1895.752	-5.89937	-4.25291	-4.38396	-5.23082
1899.789	-5.74011	-4.15390	-4.37764	-5.27211
1903.802	-5.53746	-4.39176	-4.39017	-5.22434
1907.790	-5.42909	-4.39140	-4.36473	-5.24508
1911.788	-5.42397	-4.27438	-4.35015	-5.12201
1915.788	-5.40368	-4.34734	-4.13789	-5.04335
1919.810	-5.35266	-4.39129	-4.08246	-4.93760
1923.791	-5.32944	-4.44032	-3.94545	-4.69394
1927.789	-5.34560	-4.47481	-3.73742	-4.58977
1931.790	-5.43420	-4.57460	-3.72776	-4.47307
1935.796	-5.48777	-4.64650	-3.67734	-4.27809
1939.791	-5.55602	-4.66734	-3.80184	-4.54317
1943.789	-5.73706	-4.80245	-3.83915	-4.31658
1947.790	-5.73846	-4.87331	-3.83055	-4.24465
1951.788	-5.80049	-4.77439	-3.93712	-4.23277
1955.792	-5.87526	-5.04779	-3.94466	-4.20978
1959.790	-5.97563	-5.23648	-3.87309	-4.21310
1963.790	-5.90846	-4.96630	-3.74963	-4.27363
1967.781	-5.93144	-4.71665	-3.71530	-4.33497
1971.802	-5.94212	-4.49695	-3.64553	-4.81566
1975.786	-5.88122	-4.41919	-3.52057	-4.87095
1979.779	-5.83972	-4.84851	-3.73443	-4.87365
1983.812	-5.79135	-4.65884	-3.59987	-4.80715
1987.793	-5.79347	-5.10612	-3.66031	-4.96895
1991.790	-5.62213	-4.36271	-3.63804	-4.49866
1995.792	-2.38945	-4.56349	-2.91532	-4.22269
1999.794	-1.84537	-4.71340	-1.34152	-4.54975
2003.804	0.31014	-4.77045	-0.73327	-4.27050
2007.792	0.47761	-4.36106	2.17033	-4.34851
2011.793	1.79899	-4.67214	3.05984	-4.59200
2015.785	2.72952	-4.77381	3.97511	-4.76907
2019.761	3.26398	-4.89364	4.17608	-4.81319
2023.791	3.24823	-4.81877	4.37621	-4.92838
2027.792	3.50489	-4.96442	4.44477	-4.62091
2031.792	3.22319	-4.79097	4.51031	-4.93755
2035.792	3.21471	-4.95616	4.71144	-5.32319
2039.794	3.20998	-4.71004	5.17053	-5.36052
2043.791	3.22059	-4.77241	5.20600	-5.06561
2047.789	3.32852	-4.96415	5.31430	-5.33918
2051.793	3.13044	-4.86851	5.17420	-5.03549
2055.794	3.09740	-4.92209	5.13075	-5.26396
2059.778	2.85341	-5.15413	5.41900	-5.39330
2063.793	2.90502	-4.92298	5.17001	-5.32512
2067.793	3.02621	-4.86931	5.28999	-5.32597
2071.748	2.77525	-5.75418	5.24471	-5.44899
2075.794	2.77941	-5.07113	5.49079	-5.55969
2079.800	2.76106	-4.74487	4.71903	-5.48204
2083.792	2.70879	-5.02153	5.19123	-5.43008
2087.794	2.69517	-5.17227	5.34666	-5.49551
2091.791	2.74876	-5.24316	5.18171	-5.56895
2095.794	2.53907	-5.01831	5.18958	-5.50337
2099.792	2.51210	-5.42385	5.26819	-5.64769
2103.787	2.64173	-5.20681	5.34095	-5.61299
2107.793	2.71080	-5.28344	4.91775	-5.63542
2111.783	3.08847	-5.19099	5.06907	-5.61641
2115.793	2.79095	-5.31311	5.30586	-5.23857
2119.794	2.66129	-5.42027	5.00152	-5.15013
2123.794	2.80795	-5.31576	5.02556	-5.53224
2127.795	2.89304	-5.35073	4.85174	-5.37132
2131.794	3.11158	-5.69812	5.10411	-5.38141
2135.796	3.08839	-5.89728	4.97425	-5.21094
2139.752	2.92740	-5.92697	5.01290	-5.57979
2143.775	2.96020	-5.17383	4.89363	-5.46543
2147.795	2.94891	-6.03974	4.88141	-5.25237
2151.786	2.94799	-5.40596	4.98987	-5.33141
2155.798	2.70626	-5.30822	4.93070	-5.31947
2159.797	2.73529	-5.22431	4.83784	-5.27348
2163.794	3.04316	-5.15495	4.90952	-5.41800
2167.795	3.39240	-5.70158	4.68878	-5.30463
2171.795	4.17154	-5.12336	4.95581	-5.12590
2175.793	6.33233	-3.93651	5.82670	-5.16048
2179.798	7.45701	-4.05983	6.82273	-3.44102
2183.800	9.26048	-2.46861	9.36658	-3.98138
2187.795	11.89796	-4.54903	10.14458	-3.83118
2191.796	12.50472	-4.02395	12.93677	-3.92204
2195.796	14.59658	-3.77998	14.45882	-4.33088
2199.795	15.61437	-2.98942	13.53913	-3.38105
2203.796	16.40174	-3.52380	14.31992	-3.48413
2207.752	16.48954	-3.41386	15.19821	-3.18735
2211.797	16.66649	-3.58749	15.69323	-3.46607
2215.797	16.61293	-3.66669	15.55287	-4.07469
2219.796	16.15344	-3.50823	15.48570	-2.92327
2223.674	15.42576	-2.79142	15.33470	-2.91508
2227.765	15.56369	-3.40920	15.07068	-2.71187
2231.795	15.59764	-3.44734	15.07537	-2.84452
2235.798	15.73948	-3.52869	15.34901	-3.29957
2239.799	15.89003	-3.53650	15.37222	-3.80058
2243.798	15.31309	-2.98353	15.37019	-3.15849
2247.791	15.22447	-2.79248	15.08861	-2.43506
2251.799	15.33723	-3.27621	14.86240	-2.60356
2255.695	15.47146	-3.42088	15.16537	-3.08768
2259.792	15.53785	-3.46494	15.15714	-3.41724
2263.796	15.18946	-3.17209	15.18742	-3.46452
2267.784	14.71292	-2.95461	14.79315	-3.39350
2271.798	14.49374	-3.37379	15.25704	-3.33395
2275.797	14.11787	-2.75579	14.97995	-2.77946
2279.798	14.01492	-2.65855	14.94465	-3.10349
2283.797	14.48364	-2.84785	15.04462	-3.29950
2287.797	14.30657	-2.71141	15.11567	-3.45551
2291.799	14.10144	-2.98555	15.32168	-3.64273
2295.796	14.32307	-3.15275	15.21208	-3.61692
2299.796	14.10879	-3.11582	14.92746	-3.43336
2303.782	13.95535	-3.16327	15.14782	-3.45974
2307.800	13.88322	-2.81075	14.78955	-3.21051
2311.762	13.76701	-2.91934	14.65697	-2.81739
2315.798	13.58205	-2.48698	14.56785	-2.65851
2319.699	12.80499	-2.61948	14.34266	-2.75094
2323.753	12.43762	-2.39967	14.81493	-2.73204
2327.798	12.55152	-2.14658	14.91942	-2.81112
2331.800	12.76560	-2.12888	14.90746	-2.67819
2335.800	12.71703	-1.94622	14.72267	-2.48855
2339.799	12.87251	-1.99334	15.01864	-4.40995
2343.799	13.00278	-1.94640	15.19389	-4.29827
2347.799	13.22794	-2.12659	15.16497	-3.64935
2351.696	13.39663	-2.32381	14.95496	-2.87654
2355.805	13.56223	-3.31009	14.81627	-2.73752
2359.800	13.25627	-2.31412	14.10181	-2.74514
2363.799	13.10511	-2.14670	15.21344	-3.80164
2367.799	13.34357	-2.07299	15.16287	-3.59301
2371.801	13.37437	-1.88313	15.27871	-3.55563
2375.801	13.01265	-2.09869	15.18370	-3.18035
2379.800	13.30179	-1.48157	14.57750	-2.89182
2383.695	13.13350	-1.97436	14.51293	-2.64592
2387.801	13.01555	-2.78340	15.21351	-3.53519
2391.793	13.55592	-3.70985	15.35420	-3.52912
2395.802	13.30487	-3.39900	15.19886	-3.42140
2399.692	13.34129	-2.80117	15.02922	-3.50631
2403.778	13.31948	-2.58783	14.49597	-3.33074
2407.800	13.98127	-2.73869	14.29883	-2.80774
2411.799	14.17269	-2.33167	14.79700	-3.52967
2415.799	14.07204	-2.97151	15.14590	-3.59774
2419.801	14.02657	-1.14388	14.93524	-3.39177
2423.801	13.86446	-2.74142	14.80846	-2.99419
2427.802	13.64166	-2.81748	14.56551	-2.38676
2431.697	13.83900	-2.74191	15.42807	-3.46699
2435.769	13.88733	-2.64333	15.41633	-3.57444
2439.801	14.48681	-2.81373	14.82669	-3.14899
2443.801	19.07606	-6.99785	14.74261	-2.48667
2447.697	14.58764	-2.71355	15.58244	-3.62080
2451.802	14.45297	-2.92217	15.45002	-3.73897
2455.802	14.46207	-2.81289	15.03422	-3.40080
2459.804	14.47385	-2.76630	14.64492	-2.37244
2463.803	14.23876	-2.71631	14.87075	-2.53647
2467.803	13.97395	-2.86806	15.23010	-3.36073
2471.802	13.89788	-2.92946	15.43014	-3.24175
2475.783	13.91792	-2.80658	15.27824	-3.32221
2479.803	17.60123	-0.91095	15.38133	-2.67689
2483.802	21.43222	1.71097	17.72133	-1.83134
2487.802	22.67924	7.87220	21.86823	-1.17879
2491.802	NaN	NaN	20.00017	0.15201
2495.801	NaN	NaN	NaN	NaN
2499.802	NaN	NaN	NaN	NaN
2503.783	NaN	NaN	NaN	NaN
2507.802	NaN	NaN	NaN	NaN
2511.804	NaN	NaN	NaN	NaN
2515.800	NaN	NaN	NaN	NaN
2519.764	NaN	NaN	NaN	NaN
2523.758	NaN	NaN	NaN	NaN
2527.757	NaN	NaN	NaN	NaN
2531.798	NaN	NaN	NaN	NaN
2535.803	NaN	NaN	NaN	NaN
2539.798	NaN	NaN	NaN	NaN
2543.802	NaN	NaN	NaN	NaN
2547.679	NaN	NaN	NaN	NaN
2551.679	NaN	NaN	NaN	NaN
2555.669	NaN	NaN	NaN	NaN
2559.681	NaN	NaN	NaN	NaN
2563.669	NaN	NaN	NaN	NaN
2567.679	NaN	NaN	NaN	NaN
2571.636	NaN	NaN	NaN	NaN
2575.679	NaN	NaN	NaN	NaN
2579.634	4.26072	8.61082	17.12015	10.50792
2583.679	15.82527	-0.15418	8.96426	6.46392
2587.679	6.38682	8.64194	11.75607	9.43853
2591.681	3.77631	6.56070	11.52598	9.37655
2595.680	6.28852	8.49438	9.38977	8.94284
2599.682	11.72500	8.55066	8.95067	10.30439
2603.710	8.59420	8.11798	8.93714	9.19145
2607.651	10.29949	7.45159	7.78126	8.34959
2611.646	7.88926	6.14742	8.69149	6.20777
2615.679	7.43359	5.47945	8.47374	6.09695
2619.679	6.90011	4.88685	8.22664	5.47641
2623.682	7.30564	4.58553	7.71038	5.80291
2627.668	8.42486	4.35641	7.87348	5.26410
2631.680	7.97790	4.35175	7.99783	5.38976
2635.682	8.52066	4.27909	7.88653	5.14332
2639.636	7.65573	4.42343	7.88378	4.82163
2643.638	7.65839	4.42007	7.74415	4.71053
2647.663	7.66085	4.37219	7.65329	4.57465
2651.677	7.52910	5.04120	7.53949	4.42612
2655.680	7.52601	4.91454	7.69797	4.07168
2659.683	7.55071	4.38484	7.71257	3.85027
2663.680	7.59505	4.35628	7.59259	3.59330
2667.681	7.62253	4.37358	7.67784	3.38111
2671.682	7.63638	4.41269	7.57608	3.50007
2675.672	7.50839	4.52844	7.55835	3.75996
2679.681	7.53052	4.47819	7.62316	3.58490
2683.682	7.56627	4.43831	7.67428	3.66009
2687.681	7.61743	4.41195	7.82986	3.54264
2691.672	7.63920	4.60191	7.94547	3.45966
2695.682	7.75621	4.46110	8.27917	3.41147
2699.682	7.64074	4.41514	8.43717	3.43696
2703.682	7.50434	4.45368	8.61865	3.67373
2707.639	7.61926	4.56302	8.38870	3.60537
2711.682	7.48434	4.59198	8.58080	4.25596
2715.682	7.18176	4.57088	8.56969	3.91256
2719.683	7.29228	4.55500	8.70359	3.93022
2723.679	7.33857	4.57684	8.73936	4.68108
2727.684	7.25267	4.48374	8.97097	4.44423
2731.653	7.20758	4.35208	9.04142	4.31623
2735.682	7.26202	4.10831	8.99707	4.23451
2739.673	7.20433	4.36409	8.99712	4.24405
2743.691	7.25047	4.22810	9.01661	4.22827
2747.682	7.10282	4.62985	8.42678	4.80389
2751.682	6.81904	4.61977	8.48838	4.64101
2755.681	6.79697	4.52361	8.38814	4.59495
2759.640	6.88272	4.52826	7.85339	4.51644
2763.680	6.95550	4.50852	8.48119	4.50258
2772.530	6.92684	4.23160	8.56445	4.33854
2777.516	6.95413	4.21445	8.26495	4.28593
2779.640	6.90522	4.35609	8.51598	4.26343
2783.686	7.01480	4.35419	8.41286	4.24242
2787.683	6.95890	4.38303	8.48585	4.31396
2791.640	6.83824	4.40210	8.48231	4.43082
2795.684	6.87450	4.26904	8.52860	4.44082
2799.683	6.90248	4.27210	8.46594	4.52499
2803.683	6.97169	4.38478	8.35806	4.26042
2807.674	7.02514	4.46383	8.34166	4.28816
2811.640	6.95719	4.74839	8.26082	4.53924
2815.654	6.87633	5.07777	8.32361	4.62458
2819.683	6.90263	4.79985	8.15321	4.55608
2823.673	7.11596	4.47783	8.26505	3.28905
2827.685	7.55605	4.44603	8.41354	3.99674
2831.685	7.37555	4.59458	8.35022	4.24288
2835.685	7.24854	4.40981	8.56386	4.31406
2839.675	6.87262	4.65504	8.47631	4.69963
2843.685	6.76207	4.86517	8.43253	4.38477
2847.686	6.93005	4.70547	8.01343	4.26821
2851.691	7.23531	4.52414	8.20065	4.68551
2855.640	8.08822	4.36711	8.35821	3.92999
2859.685	8.00328	4.45190	8.65783	3.89162
2863.684	7.89082	4.50593	8.61788	4.12935
2867.684	7.59454	4.70369	8.52722	4.55377
2871.674	7.53042	4.95190	8.71412	4.52792
2875.685	7.41055	5.22132	8.79787	4.87332
2879.686	7.53325	4.82856	8.70437	5.01658
2883.688	7.35737	4.97537	8.74081	4.62936
2887.645	7.25267	4.84393	8.71630	4.89072
2891.642	7.29164	4.60120	8.66338	4.79658
2895.686	7.04887	4.63181	8.61176	4.79645
2899.683	7.25233	4.72132	8.67924	4.54909
2903.677	7.50044	4.90832	8.63326	4.47357
2907.687	7.40592	4.89215	8.54452	4.40109
2911.687	7.46694	4.90104	8.55855	4.42601
2915.687	7.52798	4.81160	8.52879	4.38008
2919.676	7.30568	4.75013	8.63675	4.22242
2923.687	7.06723	4.70725	8.62074	4.18370
2927.670	7.67041	4.72798	8.59558	4.06641
2931.686	7.41177	4.70044	8.53940	3.88660
2935.677	7.28581	4.73370	8.47243	3.63560
2939.662	7.65678	4.76959	8.51867	3.83812
2943.687	7.53098	4.74651	8.60412	4.35589
2947.688	7.35205	4.70291	8.42748	4.22431
2951.644	7.06207	4.71409	8.62530	4.19113
2955.687	7.02724	4.82218	8.48753	4.29586
2959.692	6.58344	4.71072	8.29720	4.64913
2963.686	5.41076	4.75926	6.39805	4.26510
2967.676	5.40321	4.32655	4.62633	3.20350
2971.687	4.02201	3.34426	2.22939	2.61302
2975.688	3.82012	3.05979	2.51945	0.45677
2979.676	2.93671	1.04955	2.64381	-0.33284
2983.676	1.68597	1.57950	2.25283	-0.45448
2987.688	0.38288	2.30570	2.11214	-0.44496
2991.688	0.67049	0.84592	1.91690	-0.32638
2995.687	1.16855	0.93529	1.87517	-0.35646
2999.685	0.70384	1.01160	2.01000	-0.36855
3003.684	0.63230	0.85937	1.74957	-0.18665
3007.716	0.40747	1.10068	1.40487	-0.06494
3011.644	0.31528	1.11535	1.92919	0.03882
3015.684	0.24862	1.13433	2.45547	-0.44724
3019.685	0.20204	1.12882	2.51750	-0.37245
3023.653	0.19231	1.16648	2.21053	-0.37139
3027.692	0.15496	1.15162	2.23972	-0.40413
3031.687	0.11863	1.31203	2.13547	-0.48414
3035.689	0.06847	1.43134	1.97004	-0.55203
3039.688	0.07609	1.42428	1.95604	-0.65807
3043.691	0.05090	1.48709	1.70264	-0.90346
3047.687	0.03080	1.48930	1.80134	-0.88695
3051.689	0.07897	1.43225	1.86798	-1.08448
3055.690	0.06547	1.37653	1.89134	-1.08767
3059.693	0.03998	1.28083	1.64741	-1.19460
3063.678	0.06711	1.10095	1.62919	-1.17406
3067.686	0.08043	0.64148	1.50899	-0.91495
3071.653	0.24259	0.19253	1.52913	-0.55295
3075.645	0.43790	0.76176	1.46281	-1.04760
3079.687	0.52088	0.77703	1.35896	-1.13472
3083.690	0.47061	1.37425	1.30295	-1.25381
3087.690	0.43711	1.17233	1.28251	-1.43920
3091.691	0.39487	1.04181	1.19515	-1.09481
3095.681	0.38655	1.04104	1.22789	-1.19656
3099.691	0.48346	1.09245	1.17217	-1.24017
3103.688	0.59280	1.13510	1.12844	-1.25350
3107.713	0.55900	1.14750	1.05959	-1.42697
3111.682	0.27475	0.89891	1.43644	-1.29349
3115.692	0.21219	0.89583	1.38014	-1.28625
3119.690	-0.01420	0.86702	1.39520	-1.29617
3123.691	-0.24053	0.51510	1.50777	-1.24461
3127.689	0.01923	0.85698	1.44274	-1.20487
3131.692	0.01655	0.79549	1.50326	-1.21490
3135.691	-0.29260	0.74537	1.44535	-1.17810
3139.647	-0.37469	0.63272	1.61887	-1.22243
3143.681	-0.32630	0.58894	1.64940	-1.22998
3147.663	-0.37467	0.59528	1.68305	-1.22043
3151.648	-0.31967	0.59463	1.69889	-1.16761
3155.693	-0.29920	0.61513	1.60273	-1.17824
3159.679	-0.33466	0.70783	1.62678	-1.19067
3163.694	-0.33139	0.72699	1.59212	-1.19235
3167.692	-0.10632	0.71341	1.72753	-1.13894
3171.693	-0.18792	0.70190	1.76842	-1.07965
3175.684	0.02608	0.62540	1.84634	-1.23574
3179.691	0.83223	0.60775	2.00653	-1.18339
3183.693	0.09721	0.87278	1.66695	-1.06754
3187.691	-0.18238	0.79489	1.24275	-1.07656
3191.683	-1.17136	1.09002	-0.66719	-0.69386
3195.692	-3.40981	1.90139	-4.44711	1.53564
3199.692	-4.69238	4.23738	-6.21276	2.37960
3203.693	-6.61489	4.60510	-6.69703	2.38386
3207.585	-7.07244	4.59885	-7.23814	2.92156
3211.695	-9.51191	4.85174	-7.58415	3.13049
3215.694	-10.31489	5.23353	-8.37954	3.59399
3219.693	-10.13559	5.25621	-8.62991	4.15581
3223.696	-10.32892	6.35722	-8.82974	4.30852
3227.694	-10.20120	6.36808	-8.89179	3.91410
3231.694	-9.87309	5.64300	-8.83321	3.63773
3235.694	-10.07569	4.92566	-8.56923	4.24136
3239.694	-10.11574	5.09989	-8.94547	4.96150
3243.695	-10.12664	5.15939	-9.07119	4.95160
3247.694	-9.97387	5.54103	-9.11869	5.48134
3251.695	-10.00495	5.78788	-9.09575	5.48140
3255.697	-9.90419	5.51381	-9.11670	5.55913
3259.696	-10.03238	5.69190	-9.10693	5.17287
3263.694	-9.99710	5.69804	-9.09466	5.17278
3267.691	-9.89316	5.72684	-9.10606	5.36693
3271.690	-9.82534	5.62322	-9.10816	5.43861
3275.696	-9.78378	5.57073	-9.15205	4.67519
3279.695	-9.75921	5.54858	-9.15742	4.99297
3283.694	-9.76616	5.57071	-9.10153	4.79957
3287.590	-9.70914	5.62420	-9.09113	4.45514
3291.696	-9.70974	5.50368	-9.06010	4.30898
3295.695	-9.63390	5.52173	-9.04408	4.06903
3299.694	-9.59920	5.58416	-9.01629	4.43604
3303.591	-9.58719	5.58715	-8.95879	4.72158
3307.697	-9.58154	5.44516	-8.90223	4.26261
3311.694	-9.61834	5.44918	-8.74544	4.41428
3315.689	-9.55770	5.43419	-8.72820	4.22834
3319.698	-9.60859	5.47891	-8.62583	4.43104
3323.699	-9.63402	5.59759	-8.71239	4.33613
3327.652	-9.64465	5.29310	-8.75812	4.50528
3331.697	-9.67140	5.36117	-8.78646	4.50652
3335.592	-9.81802	5.47414	-9.01263	4.39600
3339.697	-9.82703	5.49285	-8.98152	4.53755
3343.697	-9.92167	5.38614	-8.99157	4.51945
3347.698	-9.93015	5.35893	-9.24003	4.48865
3351.593	-9.97445	5.43643	-9.17580	4.48061
3355.675	-9.91551	5.57587	-8.94912	4.89160
3359.697	-10.33641	5.72165	-9.68696	4.72125
3363.697	-11.65273	5.95052	-11.69828	4.75572
3367.698	-13.47233	7.31742	-12.28152	5.70553
3371.653	-14.09852	7.36847	-14.52484	6.31186
3375.694	-14.86367	7.32079	-15.26584	6.22157
3379.699	-15.81249	7.08929	-16.44539	6.15632
3383.697	-16.12108	6.84443	-16.06763	6.69379
3387.651	-16.53340	7.09815	-16.32522	7.16853
3391.698	-16.77143	6.92934	-16.44373	7.02145
3395.684	-16.93364	7.18402	-16.56501	7.78446
3399.594	-17.11143	7.35553	-16.53055	7.69002
3403.696	-16.96480	7.36807	-16.54287	8.04396
3407.698	-17.10859	7.34831	-16.67455	8.73514
3411.699	-17.12877	7.25042	-16.72161	8.54370
3415.697	-17.12960	7.29789	-16.67082	8.71873
3419.697	-17.18555	7.27855	-16.70424	8.74983
3423.698	-17.15007	7.29299	-16.74317	8.91540
3427.699	-17.19042	7.32678	-16.74590	8.86360
3431.701	-17.17696	7.27986	-16.77912	8.98349
3435.698	-17.14610	7.34521	-16.79208	8.92262
3439.663	-16.98880	7.36901	-16.70090	8.45479
3443.701	-16.96968	7.37347	-16.63785	8.70257
3447.698	-16.86821	7.40450	-16.61065	8.12902
3451.699	-16.84327	7.49605	-16.54050	8.54615
3455.699	-16.83570	7.39785	-16.48239	8.17709
3459.700	-16.86080	7.13126	-16.52599	8.15961
3463.704	-16.89307	7.14822	-16.42386	7.98562
3467.698	-17.02719	6.86637	-16.36430	7.68202
3471.699	-17.11102	6.99161	-16.35246	7.57285
3475.702	-17.10666	6.99163	-16.27138	7.43117
3479.682	-17.04273	7.10329	-16.30586	7.30133
3483.697	-17.03729	6.99716	-16.30597	6.74480
3487.707	-17.10220	7.08067	-16.30636	6.82599
3491.698	-17.06619	7.16216	-16.35491	6.65938
3495.698	-17.07177	7.15002	-16.39961	6.93411
3499.698	-17.05927	7.28014	-16.40850	6.69984
3503.699	-16.96914	7.33475	-16.38225	6.95291
3507.700	-16.83566	7.44220	-16.46630	6.94209
3511.656	-16.78908	7.44265	-16.58498	7.35397
3515.701	-16.69844	7.55076	-16.71449	7.62991
3519.699	-16.57696	7.62515	-16.73775	8.10259
3523.696	-16.45469	7.57532	-16.82251	8.33384
3527.595	-16.23556	7.60822	-16.83291	8.19249
3531.701	-16.10140	7.62066	-16.79475	8.02153
3535.701	-16.09348	7.63262	-16.77245	7.77982
3539.700	-16.13281	7.54866	-16.73625	7.79434
3543.597	-16.18416	7.50999	-16.70661	7.66913
3547.701	-16.28226	7.35530	-16.62678	7.65234
3551.701	-16.25914	7.13929	-16.52873	7.39949
3555.702	-16.29774	7.07634	-16.50605	7.33359
3559.703	-16.27405	7.00492	-16.41336	7.37851
3563.682	-16.38033	7.31666	-16.31262	7.35931
3567.562	-16.46968	7.37058	-16.24786	7.20343
3571.573	-16.54711	7.32923	-16.24667	7.24752
3575.565	-16.56697	7.46019	-16.21098	7.22233
3579.546	-16.61559	7.47797	-16.17812	7.19743
3583.577	-16.64637	7.51769	-16.12742	7.12488
3587.576	-16.67232	7.67549	-16.08937	7.09512
3591.594	-16.68052	7.69211	-16.07840	7.01212
3595.550	-16.69345	7.27338	-16.07725	7.11424
3599.576	-16.69598	7.45147	-16.06584	7.01359
3603.578	-16.70051	6.89021	-16.05782	7.01362
3607.688	-16.69810	6.79405	-16.04432	6.93846
3611.542	-16.50012	7.36013	-16.04925	6.96427
3615.577	-16.29013	7.30545	-16.05709	7.03594
3619.576	-16.29861	7.35242	-16.06428	7.18789
3623.567	-16.34197	7.18917	-16.04171	7.19600
3627.579	-16.46220	6.93742	-16.08323	7.12172
3631.578	-16.50733	6.89193	-16.11276	7.13031
3635.577	-16.34279	6.91630	-16.12758	7.17373
3639.574	-16.25313	6.06198	-16.10750	6.98069
3643.579	-16.24475	5.02235	-16.07207	5.18230
3647.579	-16.21229	3.93397	-15.99101	3.61227
3651.557	-16.21080	3.69728	-15.93820	3.58671
3655.600	-16.26801	3.63772	-15.88913	3.75617
3659.579	-16.32842	3.63700	-15.83650	3.48802
3663.585	-16.34547	3.81930	-15.82674	3.54070
3667.578	-16.30138	3.77402	-15.75362	3.52511
3671.575	-16.24539	3.67641	-15.81093	3.58023
3675.578	-16.21867	3.56650	-15.78795	3.49431
3679.579	-16.26346	3.50801	-15.79666	3.50140
3683.578	-16.24292	3.63200	-15.76872	3.39399
3687.579	-16.30677	3.49999	-15.79636	3.20728
3691.575	-16.28089	3.55547	-15.83616	3.36704
3695.569	-16.29674	3.59208	-15.93784	3.22790
3699.581	-16.27940	3.66915	-16.14169	3.26361
3703.601	-16.27556	3.70576	-16.12967	3.41133
3707.579	-16.32670	3.67606	-16.03838	3.23655
3711.580	-16.38774	3.67866	-16.07904	2.96213
3715.578	-16.44720	3.60382	-16.06614	2.99340
3719.566	-16.47347	3.78683	-16.11496	2.96181
3723.577	-16.32494	3.98736	-16.04572	3.00430
3727.580	-16.38570	4.03255	-15.94773	2.96557
3731.580	-16.36199	3.84217	-15.86394	4.61028
3735.599	-16.46005	3.82159	-15.87352	3.49705
3739.579	-16.36446	3.85420	-15.91301	3.23747
3743.581	-16.30101	3.98103	-15.99154	3.16975
3747.580	-16.36962	4.11346	-16.08355	3.13187
3751.603	-16.37917	3.93296	-16.16594	3.29090
3755.579	-16.34702	3.73350	-16.03921	3.37352
3759.582	-16.31557	3.83069	-16.19423	3.49208
3763.581	-16.25322	3.69076	-16.19430	3.75909
3767.579	-16.25996	3.84089	-16.17072	3.52661
3771.577	-16.25903	3.88579	-16.30657	3.48683
3775.569	-16.22071	3.91312	-16.38264	3.41441
3779.572	-16.19034	3.78085	-16.28946	3.73065
3783.579	-16.22293	3.71041	-16.26715	4.01808
3787.580	-16.28288	3.53041	-16.09192	3.86247
3791.582	-16.21265	3.68197	-16.10587	3.81434
3795.582	-16.18029	3.90853	-16.01523	3.86534
3799.601	-16.10411	4.09422	-15.95376	3.66558
3803.581	-16.08307	4.00373	-15.90396	3.33654
3807.581	-16.07185	4.09111	-15.77299	3.18632
3811.536	-16.10786	4.02184	-15.76102	2.86107
3815.605	-16.16965	3.96028	-15.67784	2.56106
3819.544	-16.20872	3.93549	-15.64708	3.05385
3823.581	-16.25091	3.82380	-15.55582	3.12679
3827.537	-16.31137	3.74536	-15.53997	2.85365
3831.538	-16.24617	3.83648	-15.52840	2.98470
3835.582	-16.28619	3.77800	-15.51022	2.99561
3839.581	-16.41615	3.63749	-15.49790	2.99183
3843.582	-16.35376	3.60015	-15.52824	2.85792
3847.572	-16.37138	3.72052	-15.49013	3.06035
3851.583	-16.31838	3.73357	-15.53359	3.12175
3855.583	-16.27305	3.67162	-15.52306	3.29254
3859.582	-16.28608	3.65770	-15.54635	3.41137
3863.549	-16.13974	3.52286	-15.55199	3.21310
3867.582	-15.95326	4.41325	-15.55395	3.57354
3871.582	-15.83342	4.03478	-15.61955	2.93772
3875.583	-14.40575	4.23191	-15.38180	3.10297
3879.602	-11.79013	3.99331	-13.52756	2.97068
3883.583	-10.90066	4.17404	-12.45504	3.31418
3887.581	-10.35073	3.70323	-11.25125	1.63280
3891.584	-9.70606	1.56195	-10.88980	-0.00495
3895.580	-8.47923	1.10460	-9.49093	-0.98960
3899.580	-7.34890	1.30727	-7.39952	-0.67356
3903.575	-5.55878	0.57236	-7.10010	-1.01280
3907.612	-3.99156	-0.20290	-4.36130	-1.80017
3911.573	-4.21368	-0.73680	-4.01655	-1.74155
3915.584	-2.79931	-1.26450	-1.74196	-2.25685
3919.585	-2.48188	-1.32869	-1.09768	-2.67159
3923.584	-2.09918	-1.55336	-0.29679	-2.88648
3927.574	-1.85956	-1.53440	0.24222	-2.99584
3931.585	-2.09093	-1.55578	0.40474	-3.03450
3935.586	-2.35476	-1.58031	0.54404	-3.23478
3939.585	-2.50380	-1.39447	0.50972	-3.23725
3943.604	-2.29265	-1.52096	0.47309	-3.21896
3947.540	-1.56717	-1.59093	0.66394	-3.46842
3951.541	-1.80762	-1.67752	0.64734	-3.43934
3955.585	-1.80816	-1.69467	0.66372	-3.50867
3959.587	-1.98291	-1.64643	0.39105	-3.50494
3963.585	-1.85187	-1.62939	0.55617	-3.59698
3967.587	-1.96469	-1.63987	0.54294	-3.69239
3971.585	-1.90264	-1.64276	0.55568	-3.62990
3975.576	-1.87810	-1.59266	0.50508	-3.61696
3979.588	-1.83385	-1.61441	0.44723	-3.64194
3983.573	-1.80159	-1.59987	0.33943	-3.59986
3987.586	-1.87450	-1.59720	0.35685	-3.64522
3991.578	-1.93787	-1.61724	0.21291	-3.57228
3995.586	-1.95795	-1.60457	0.24195	-3.53459
3999.586	-2.02497	-1.62485	0.24150	-3.48172
4003.586	-1.97106	-1.65156	0.23458	-3.39045
4007.576	-1.97109	-1.54818	0.19757	-3.35555
4011.543	-1.82264	-1.32209	0.14628	-3.33683
4015.588	-1.89783	-1.37282	0.14806	-3.36635
4019.598	-1.88640	-1.35166	0.09133	-3.42088
4023.581	-1.95720	-1.44800	0.09925	-3.40135
4027.550	-1.98363	-1.49833	0.20988	-3.39554
4031.586	-2.09918	-1.55962	0.15846	-3.43014
4035.586	-2.13118	-1.64866	0.25391	-3.48560
4039.582	-2.21145	-1.69397	0.29558	-3.48467
4043.588	-2.17177	-1.90076	0.22271	-3.52742
4047.587	-2.20577	-2.09297	0.18494	-3.51938
4051.586	-2.02443	-1.62957	0.24537	-3.48714
4055.579	-1.92285	-1.62503	0.18693	-3.49401
4059.588	-1.85199	-1.68398	0.17822	-3.34371
4063.590	-1.82772	-1.76455	0.23793	-3.33043
4067.572	-1.77633	-1.79619	0.09503	-3.22685
4071.551	-1.59918	-1.94138	-0.04854	-3.07330
4075.586	-1.63653	-1.68658	-0.35973	-3.03409
4079.588	-1.62358	-1.55750	0.02663	-3.06059
4083.588	-1.66874	-1.65168	-0.18114	-3.07725
4087.586	-1.63360	-1.56581	-0.20837	-2.96276
4091.588	-1.68037	-1.55761	0.02842	-3.15568
4095.587	-1.66571	-1.59391	0.06567	-3.19692
4099.588	-1.80132	-1.64916	0.11098	-3.20527
4103.584	-1.94957	-1.66758	-0.18521	-3.18071
4107.582	-2.01139	-1.67873	-0.23395	-3.20693
4111.579	-2.11098	-1.69128	-0.25078	-3.16801
4115.589	-2.24797	-1.67503	-0.24773	-3.27225
4119.585	-2.32377	-1.69997	-0.16047	-3.27863
4123.587	-2.32362	-1.77806	-0.18248	-3.39148
4127.588	-2.37102	-1.83897	-0.18670	-3.42978
4131.588	-2.45708	-1.85378	-0.11781	-3.53056
4135.579	-2.46303	-1.89122	-0.14774	-3.54850
4139.589	-2.49525	-1.94982	-0.16122	-3.52407
4143.591	-2.51329	-1.98954	-0.27582	-3.57342
4147.589	-2.48091	-2.05901	-0.28076	-3.59255
4151.593	-2.44303	-2.09721	-0.26048	-3.56890
4155.587	-2.37397	-2.20214	-0.22673	-3.49019
4159.589	-2.33326	-2.21700	-0.19745	-3.43005
4163.589	-2.16102	-2.32189	-0.17072	-2.89617
4167.589	-2.13970	-2.38952	-0.25115	-3.40880
4171.589	-2.08979	-2.58736	-0.23172	-3.08001
4175.590	-1.82477	-2.47345	-0.50671	-3.01451
4179.590	-2.04237	-2.51458	-0.50158	-3.07683
4183.591	-1.99590	-2.56950	-0.30511	-3.21383
4187.591	-2.03615	-2.55223	-0.23825	-2.94618
4191.573	-2.11784	-2.58888	-0.26545	-2.93013
4195.588	-1.44743	-3.00504	-0.13670	-2.95120
4199.587	-1.48664	-1.41293	0.25440	-2.95643
4203.592	1.36742	-1.68589	2.34010	-3.03155
4207.544	4.46006	-2.47741	3.26651	-3.02710
4211.592	5.56443	-2.48431	3.33735	-2.99188
4215.589	6.40991	-2.55126	4.27967	-2.96417
4219.590	6.38898	-2.76715	7.21674	-3.18362
4223.591	8.02582	-2.38474	7.23692	-3.18085
4227.593	7.85412	-2.75237	8.56195	-3.19750
4231.590	8.07888	-3.02156	8.80873	-3.79995
4235.591	7.98094	-2.98739	8.66615	-3.24793
4239.592	7.47195	-2.89336	8.53433	-3.31837
4243.590	7.64852	-3.04574	8.47116	-3.19071
4247.592	7.72559	-2.83067	8.28988	-3.32029
4251.591	8.10484	-2.90556	8.48202	-4.11498
4255.591	7.82550	-2.96470	8.68800	-4.01421
4259.549	7.89138	-2.85545	8.28408	-3.38621
4263.590	7.64508	-2.68446	8.31567	-3.33357
4267.596	7.40653	-2.86904	8.59080	-3.52403
4271.591	7.56500	-3.01555	8.84329	-4.05197
4275.570	7.60170	-2.76925	8.74248	-4.33625
4279.559	7.66185	-2.74952	8.44358	-3.65661
4283.594	5.02913	-2.44619	8.25389	-3.49313
4287.593	5.68841	-2.36891	8.50141	-3.65613
4291.594	7.22536	-2.29076	8.87709	-4.05377
4295.585	7.37677	-2.15802	8.58158	-3.59979
4299.594	7.09228	-2.40752	8.40803	-3.63988
4303.594	7.08605	-2.41122	8.41694	-3.53889
4307.592	7.15950	-2.40690	8.34446	-3.68930
4311.597	7.09600	-2.41181	8.53646	-3.69457
4315.593	7.06611	-2.24263	8.37150	-3.61432
4319.584	6.98690	-2.15076	8.01214	-3.47653
4323.593	7.09903	-2.16053	8.23724	-3.54941
4327.477	7.40765	-2.14104	8.13276	-3.56472
4331.594	7.36301	-2.11175	8.18658	-3.55432
4335.596	7.34008	-2.20589	8.26291	-3.57855
4339.592	7.33274	-2.17930	8.48049	-3.79123
4343.488	7.41485	-2.16271	8.53183	-3.76256
4347.592	7.50717	-2.19733	8.25027	-3.79339
4351.594	7.36115	-2.16782	8.07127	-3.77931
4355.595	7.36786	-2.09669	8.19491	-3.82321
4359.489	7.49810	-2.17054	7.92568	-3.69432
4363.593	7.46665	-2.20944	8.26257	-3.75483
4367.597	7.40111	-2.26309	8.41335	-3.74945
4371.594	7.33034	-2.37201	8.53256	-3.74983
4375.490	7.35983	-2.44664	8.65014	-3.90038
4379.594	7.41004	-2.69167	9.01353	-3.95672
4383.595	7.40343	-2.39597	8.45936	-3.92327
4387.591	7.27160	-2.56792	8.23872	-3.35449
4391.596	7.25658	-2.60122	8.37725	-3.40370
4395.595	7.25519	-2.57264	8.50209	-3.57305
4399.580	7.22126	-2.63436	8.42923	-3.09502
4403.592	7.09729	-2.53300	8.52168	-3.31505
4407.597	4.58543	-2.41363	8.72001	-3.53258
4411.592	7.06606	-2.19444	9.08396	-3.82129
4415.595	7.06408	-2.27332	8.73444	-3.80594
4419.596	6.93785	-2.22731	8.72716	-3.41718
4423.595	7.06635	-2.02159	8.58745	-3.50472
4427.596	7.03560	-2.28993	8.57779	-3.46040
4431.595	6.93521	-1.98463	8.56270	-3.62909
4435.598	6.85097	-1.81353	8.60276	-3.55561
4439.611	7.02198	-1.53597	8.61625	-3.75549
4443.560	6.97433	-1.62883	8.67796	-3.55882
4447.568	11.50215	0.59575	8.47677	-2.82633
4451.551	4.67801	-1.61699	10.49898	-2.70106
4455.597	13.10841	2.24230	13.00801	-2.34312
4459.598	10.83546	2.38934	16.07517	-0.26150
4463.596	NaN	NaN	14.19100	-0.06637
4467.596	NaN	NaN	16.68054	0.03135
4471.598	NaN	NaN	16.70386	7.79651
4475.597	NaN	NaN	NaN	NaN
4479.597	NaN	NaN	NaN	NaN
4483.573	NaN	NaN	NaN	NaN
4487.597	NaN	NaN	NaN	NaN
4491.571	NaN	NaN	NaN	NaN
4495.563	NaN	NaN	NaN	NaN
4499.498	NaN	NaN	NaN	NaN
4503.598	NaN	NaN	NaN	NaN
4507.552	NaN	NaN	NaN	NaN
4511.552	NaN	NaN	NaN	NaN
4515.595	NaN	NaN	NaN	NaN
4519.599	NaN	NaN	15.91874	7.36060
4523.587	19.62863	1.21611	19.09707	8.58467
4527.597	15.82527	3.38130	15.68663	0.48516
4531.599	17.62021	5.31389	16.94123	-1.31726
4535.599	16.03639	3.82577	15.64643	-0.39385
4539.598	16.10142	1.49425	16.59105	-0.19206
4543.601	17.17741	0.50253	16.59581	-0.79169
4547.594	17.69356	-1.28889	14.41334	-1.62642
4551.598	4.35292	-2.63189	13.36025	-2.25358
4555.598	3.99872	-2.54947	12.39040	-3.45102
4559.604	3.76732	-4.81431	11.21823	-3.87332
4563.598	3.46085	-4.97393	10.22796	-3.17129
4567.567	7.52764	-3.01520	9.70003	-3.26200
4571.597	9.68327	-3.04034	10.21755	-3.78875
4575.464	8.70189	-3.12055	9.87557	-3.75504
4579.598	8.33134	-2.91067	10.41398	-4.15972
4583.599	8.47910	-2.81356	10.02589	-4.01330
4587.597	8.55923	-2.68826	10.16670	-3.99437
4591.496	8.59046	-2.62954	10.21317	-4.10996
4595.453	8.55064	-2.39125	10.23245	-4.07745
4599.475	8.54251	-2.10581	10.33846	-4.13297
4603.474	8.46747	-2.39987	10.32846	-4.08195
4607.574	8.35901	-2.34915	10.26850	-4.11858
4611.474	8.47058	-2.65217	10.33665	-4.08875
4615.471	8.42899	-2.63506	10.32580	-4.01468
4619.475	8.34954	-2.58263	10.33685	-3.89005
4623.466	8.36137	-2.48659	10.23127	-3.93153
4627.476	8.33027	-2.44143	10.19844	-3.81717
4631.475	8.28505	-2.39817	10.14143	-3.66959
4635.475	8.24424	-2.42935	10.08840	-3.63974
4639.475	8.28140	-3.01402	10.06128	-3.51380
4643.477	8.32225	-3.45965	9.84120	-3.59628
4647.475	8.33848	-3.56542	9.61547	-3.55509
4651.476	8.35333	-3.66796	9.65254	-3.55202
4655.473	8.31030	-3.97249	9.44551	-3.54411
4659.478	8.31972	-3.70890	9.36348	-3.55438
4663.476	8.33834	-3.93815	9.36689	-3.70128
4667.475	8.48733	-4.08876	9.83315	-4.04239
4671.466	8.53307	-4.02604	10.24000	-4.26696
4675.475	8.68691	-4.00645	10.39542	-4.17299
4679.476	8.69038	-3.95546	10.19825	-4.13708
4683.474	8.68109	-3.92613	10.58783	-4.10055
4687.473	8.69920	-3.84858	10.73897	-4.25729
4691.477	8.72726	-3.69647	10.81487	-4.32433
4695.463	8.71732	-3.53850	10.95162	-4.60897
4699.464	8.83139	-3.58155	11.07596	-4.70456
4703.467	8.83214	-3.43376	11.02548	-4.65611
4707.432	8.93069	-3.32217	10.81406	-4.63265
4711.477	8.87580	-3.26193	10.79349	-4.53621
4715.478	8.88695	-3.06952	10.86182	-4.48270
4719.468	8.84048	-3.09449	10.85650	-4.40957
4723.477	8.82196	-2.91072	10.41393	-4.44165
4727.478	8.76935	-2.89720	10.37390	-4.61011
4731.480	8.73356	-2.75806	10.53521	-4.47173
4735.500	8.75819	-2.71186	9.68988	-4.50900
4739.447	8.75279	-2.67590	9.31704	-4.51377
4743.477	8.65727	-2.52675	9.40170	-4.42698
4747.477	8.56195	-2.45152	9.06753	-4.38394
4751.466	8.61788	-2.41602	9.09255	-4.26750
4755.476	8.58721	-2.34876	8.64344	-4.26310
4759.434	8.71300	-2.66227	8.85836	-4.27440
4763.479	8.69843	-2.42274	9.19754	-4.28449
4767.487	8.87772	-2.75647	9.18492	-4.29916
4771.483	8.94021	-2.73137	9.50276	-4.28731
4775.476	8.92757	-2.72470	9.57551	-4.35439
4779.459	9.01745	-2.86111	10.08026	-4.38920
4783.475	9.06932	-2.75064	10.41290	-4.32411
4787.478	9.15185	-2.61023	10.45860	-4.34868
4791.479	9.21660	-2.57982	10.49877	-4.29389
4795.479	9.25465	-2.85569	10.77782	-4.38485
4799.495	9.05006	-3.02672	10.83977	-4.31960
4803.479	9.06436	-2.98015	10.64242	-4.46570
4807.479	8.82630	-2.93978	10.58114	-4.43705
4811.480	8.42534	-2.46614	10.34986	-4.54034
4815.471	7.83057	-1.73970	10.32690	-4.35463
4819.481	8.69028	-1.34249	10.45169	-4.08293
4823.475	8.94348	-2.09602	10.34854	-3.50301
4827.481	9.06117	0.36079	10.15636	-3.36909
4831.469	9.04459	2.27412	10.35649	-0.82934
4835.479	9.16999	2.65460	10.43217	-0.56810
4839.480	9.29067	4.29205	10.47242	2.00812
4843.481	9.71228	5.96428	10.61713	5.17609
4847.502	9.41832	7.05365	11.22537	5.32155
4851.479	9.48157	7.18795	10.58148	5.86373
4855.480	9.59841	7.18939	10.46481	5.92244
4859.481	9.57314	7.01714	10.45956	6.02592
4863.480	9.69154	7.05625	10.52938	6.03450
4867.481	9.82855	6.92372	10.60752	5.93540
4871.484	9.80433	6.97405	10.63463	6.38492
4875.481	9.29461	7.21421	10.48140	6.91066
4879.470	8.66828	7.26792	10.51242	6.85422
4883.482	9.16329	7.20871	10.52468	6.86792
4887.436	9.24431	7.23650	10.46645	6.55518
4891.500	9.42045	7.15094	10.50522	6.54884
4895.503	9.73713	7.00693	10.53759	6.41647
4899.481	9.76941	6.96061	10.57706	6.42507
4903.467	9.87264	6.81301	10.46702	6.46346
4907.470	10.01070	6.69674	10.48188	6.59055
4911.505	9.96891	6.58528	10.28119	6.66933
4915.480	9.66352	6.74080	10.33435	6.52401
4919.483	9.68370	6.92970	10.25141	6.51069
4923.482	9.69296	6.86005	10.28462	6.38107
4927.456	9.81718	6.87936	10.35949	6.34176
4931.482	9.81344	7.03182	10.18274	6.42252
4935.481	9.81501	7.09140	10.25966	6.48542
4939.483	9.75316	7.16146	10.25218	6.44885
4943.473	9.77546	7.29127	10.21510	6.35193
4947.483	9.69443	7.29719	10.23209	6.58632
4951.484	9.69038	7.31325	10.28510	6.66811
4955.483	9.88124	7.27230	10.32930	6.82773
4959.472	10.01650	7.26872	10.34717	7.01344
4963.483	10.27849	7.28042	10.35073	6.76284
4967.482	10.39076	7.28059	10.37587	6.80506
4971.488	10.44333	7.29392	10.35015	6.84608
4975.504	10.10230	7.29757	10.36014	6.70772
4979.482	10.01761	7.29180	10.32332	6.58921
4983.484	10.07901	7.26658	10.29579	6.53508
4987.463	9.99816	7.25995	10.28119	6.56562
4991.473	10.15533	7.26328	10.24432	6.55554
4995.483	10.14944	7.26190	10.22089	6.44569
4999.482	10.35654	7.20601	10.27458	7.05721
5003.483	10.27657	7.18534	10.32938	7.14362
5007.474	10.26069	7.18998	10.35272	7.51784
5011.437	10.28210	7.15665	10.36655	7.02262
5015.483	10.18781	7.11519	10.37659	7.37390
5019.483	10.31979	7.09124	10.42751	7.14752
5023.483	10.25288	7.07833	10.46448	7.46029
5027.477	10.29928	7.08387	10.46760	7.62726
5031.484	10.36564	7.07671	10.47499	7.62631
5035.485	10.30353	7.08176	10.46801	7.69645
5039.474	10.32083	7.09952	10.43210	7.80527
5043.486	10.26975	7.17960	10.33070	7.97804
5047.484	10.26778	7.24599	10.28467	7.51796
5051.485	10.21411	7.25965	10.29945	7.39204
5055.482	10.16788	7.27876	10.27482	7.33881
5059.440	10.15562	7.32782	10.24851	7.35536
5063.486	10.06386	7.39176	10.32344	6.59357
5067.485	9.93870	7.40300	10.26463	7.00235
5071.483	9.71864	7.37774	10.02191	7.29176
5075.441	8.99428	7.23079	9.41506	6.16334
5079.488	7.44181	6.84604	7.71589	5.13370
5083.486	7.55871	3.62302	5.66059	4.22733
5087.474	6.93127	1.81690	4.71311	0.39975
5091.485	4.93051	0.99219	4.77017	-0.73255
5095.484	4.94837	0.97479	5.00970	-1.12644
5099.484	4.29865	0.52156	4.60074	-1.16468
5103.474	2.54819	0.41039	4.25635	-1.51818
5107.485	2.08500	0.27378	3.42144	-1.74468
5111.475	1.75124	0.01316	3.08030	-2.01443
5115.474	1.77449	-0.10668	3.78061	-2.51249
5119.482	1.75066	0.03455	3.90765	-2.38383
5123.485	1.77556	-0.25845	3.77426	-2.39403
5127.487	1.63581	-0.26352	3.68107	-2.33195
5131.486	1.67117	-0.89849	3.60002	-2.36013
5135.487	1.72406	-0.87529	3.71879	-2.42685
5139.487	1.73819	-0.97166	3.45096	-2.42367
5143.488	1.70715	-1.17205	3.48741	-2.43163
5147.488	1.66014	-0.97609	3.22559	-2.45350
5151.489	1.67534	-1.18158	3.36149	-2.48412
5155.452	1.66371	-1.23255	3.58089	-2.59144
5159.487	1.56918	-1.36894	3.56378	-2.55228
5163.488	1.49909	-1.41585	3.37086	-2.59018
5167.483	1.43451	-1.46706	3.22703	-2.62371
5171.488	1.40249	-1.46636	3.23650	-2.64195
5175.490	1.34755	-1.49231	3.01653	-2.60177
5179.488	1.36072	-1.47205	3.01851	-2.59567
5183.485	1.23950	-1.44895	2.96329	-2.53374
5187.491	1.28135	-1.44262	2.80607	-2.49735
5191.488	1.24265	-1.45985	2.81632	-2.41674
5195.469	1.20460	-1.43929	2.76978	-2.43307
5199.486	1.21700	-1.47228	2.77438	-2.41574
5203.488	1.15116	-1.47251	2.78973	-2.43370
5207.472	1.07433	-1.44134	3.16000	-2.36046
5211.488	0.98708	-1.40277	3.42074	-2.35501
5215.476	1.00531	-1.39986	3.31269	-2.27604
5219.487	0.86610	-1.34533	3.00745	-2.24069
5223.489	0.96053	-1.35523	3.35637	-2.19624
5227.490	0.94919	-1.39377	3.29362	-2.10169
5231.481	0.92239	-1.37546	3.11695	-2.08089
5235.488	0.82739	-1.32818	3.27667	-2.03340
5239.488	0.85838	-1.37044	3.10814	-1.94989
5243.489	0.80523	-1.32832	3.34373	-2.06021
5247.477	0.77637	-1.30006	3.59182	-2.16577
5251.489	0.79374	-1.25205	3.64790	-2.07057
5255.490	0.70332	-1.18569	3.59874	-2.22034
5259.445	0.76173	-1.30022	3.66676	-2.20058
5263.491	0.79017	-1.25141	3.64775	-2.35862
5267.490	0.79563	-1.29154	3.68957	-2.32103
5271.492	0.81178	-1.35399	3.67217	-2.46955
5275.492	1.25235	-1.41806	3.52887	-2.48598
5279.387	0.96730	-1.41425	3.15157	-2.34220
5283.493	1.64193	-1.47342	3.34390	-2.46354
5287.491	1.76797	-1.49929	3.21295	-2.52265
5291.491	1.41060	-1.59864	3.61532	-2.51011
5295.492	1.11060	-1.49815	3.46973	-2.51756
5299.493	1.23268	-1.55884	3.54737	-2.60106
5303.489	1.20452	-1.50416	3.50291	-2.67108
5307.490	1.34708	-1.60360	3.26495	-2.76379
5311.491	1.40705	-1.61530	3.29956	-2.68981
5315.490	1.66076	-1.67991	3.28870	-2.90889
5319.489	1.44426	-1.61378	3.42482	-2.87160
5323.475	1.79976	-1.76460	3.47000	-2.90442
5327.488	1.64030	-2.19167	3.57849	-2.98103
5331.491	1.72612	-2.14318	3.57953	-2.95525
5335.490	1.79343	-2.20121	3.72079	-2.99703
5339.492	2.10615	-2.21486	3.79339	-3.04885
5343.492	2.03003	-2.12398	3.77426	-3.00634
5347.491	2.18273	-1.95839	4.08710	-3.11992
5351.492	2.32459	-1.76501	4.21387	-3.08826
5355.493	2.48413	-1.66306	4.11337	-3.22350
5359.492	2.57580	-1.15310	4.06856	-3.09760
5363.492	2.49595	-1.44787	3.95948	-2.91010
5367.493	2.32531	-1.63259	4.02080	-2.93253
5371.491	2.03462	-1.20102	3.92265	-2.87769
5375.390	2.20969	-1.17688	3.86921	-2.82559
5379.492	2.15913	-1.12974	3.68876	-2.77341
5383.492	2.12463	-1.14284	3.49216	-2.86768
5387.491	2.13197	-0.55108	3.39156	-2.72312
5391.494	2.46149	-0.85312	3.23442	-2.64936
5395.492	2.15564	-0.89039	3.22720	-2.59981
5399.492	2.01213	-1.04750	3.21443	-2.67258
5403.473	2.12783	-1.34480	3.06996	-3.04505
5407.388	2.16672	-1.34547	3.14009	-2.87157
5411.493	2.34314	-1.72934	3.01532	-2.66398
5415.492	2.32278	-1.14247	2.97938	-2.57962
5419.491	2.34443	-0.54740	2.93228	-2.48073
5423.389	2.25399	-1.00536	2.87906	-2.66658
5427.494	2.45624	-1.01742	2.89975	-2.47704
5431.492	2.25912	-1.13986	2.95307	-2.57480
5435.493	2.33408	-1.02630	3.10784	-3.07745
5439.387	2.38388	-0.78056	3.17438	-2.41618
5443.492	2.46914	-0.38547	3.29510	-1.93675
5447.456	-4.36644	-0.08746	-1.99664	-2.77027
5451.449	1.54393	-0.23677	3.37942	-2.87688
5455.494	NaN	NaN	4.00497	-1.58908
5459.494	NaN	NaN	0.01221	7.61038
5463.494	NaN	NaN	NaN	NaN
5467.494	NaN	NaN	NaN	NaN
5471.492	NaN	NaN	NaN	NaN
5475.495	NaN	NaN	NaN	NaN
5479.495	NaN	NaN	NaN	NaN
5483.493	NaN	NaN	NaN	NaN
5487.469	NaN	NaN	NaN	NaN
5491.494	NaN	NaN	NaN	NaN
5495.495	NaN	NaN	NaN	NaN
5499.492	NaN	NaN	NaN	NaN
5503.492	NaN	NaN	NaN	NaN
5507.491	NaN	NaN	NaN	NaN
5511.453	NaN	NaN	NaN	NaN
5515.495	NaN	NaN	NaN	NaN
5519.496	NaN	NaN	NaN	NaN
5523.497	NaN	NaN	NaN	NaN
5527.450	NaN	NaN	NaN	NaN
5531.497	NaN	NaN	NaN	NaN
5535.495	NaN	NaN	NaN	NaN
5539.493	NaN	NaN	NaN	NaN
5543.495	NaN	NaN	NaN	NaN
5547.492	-5.90465	13.81248	-1.05185	-5.35066
5551.496	-9.77517	-0.93310	-1.38733	-2.81490
5555.391	-2.91126	-2.39504	-3.45878	-2.10797
5559.497	-6.23197	-1.15532	-1.68711	-1.75592
5563.500	-9.83245	-0.53256	0.19273	-0.69765
5567.496	-2.73897	0.20489	0.57128	-1.61829
5571.398	-3.34920	0.39313	-0.08850	-0.92234
5575.450	-3.38639	1.03702	0.26058	-0.34050
5579.497	-3.60084	2.12761	-5.71851	0.60926
5583.497	-3.97590	2.65663	-0.60253	-0.18867
5587.496	-3.67633	2.96100	-0.91788	-0.55887
5591.496	-3.17247	2.31983	-3.37517	-0.12118
5595.459	-2.86041	2.38940	-2.39864	-0.23402
5599.498	-3.55501	1.42705	-3.00126	-0.03509
5603.393	-3.74834	1.59633	-3.29839	0.28340
5607.516	-3.82376	1.70447	-3.22381	0.34493
5611.479	-3.84831	1.72981	-3.38699	0.26351
5615.366	-3.81118	1.82751	-3.16367	0.34944
5619.329	-3.92591	1.79380	-3.03224	0.22633
5623.373	-3.97560	1.80885	-2.95676	-0.05668
5627.373	-3.89365	1.76932	-3.08550	-0.02380
5631.373	-3.97689	1.75067	-3.08137	-0.05868
5635.392	-4.02248	1.84401	-2.98854	0.02692
5639.327	-4.08518	1.72176	-3.13536	-0.03727
5643.375	-4.19455	1.82182	-2.99364	0.00774
5647.373	-4.27059	1.88633	-2.92423	-0.06217
5651.395	-4.30435	1.87446	-2.58586	-0.11896
5655.373	-4.27358	1.87548	-2.65639	-0.12074
5659.347	-4.28441	1.90226	-2.58900	-0.14271
5663.372	-4.34754	1.86579	-2.65008	-0.05431
5667.397	-4.16934	1.74577	-2.65441	0.01708
5671.373	-4.08261	1.69740	-2.66035	0.04088
5675.379	-3.94683	1.71502	-2.70565	0.12967
5679.373	-4.08540	1.65589	-2.73296	0.11462
5683.394	-4.05656	1.78524	-2.65347	0.14591
5687.374	-4.22587	1.69979	-2.33482	-0.03963
5691.375	-4.39525	1.52755	-2.30092	0.04713
5695.376	-4.15589	1.55891	-2.26547	0.06173
5699.381	-4.18531	1.59169	-2.36180	0.11776
5703.375	-4.13759	1.58713	-2.18657	0.08986
5707.329	-4.16872	1.53393	-2.15869	0.06685
5711.376	-4.26479	1.64137	-2.00227	0.02608
5715.393	-4.52794	1.65956	-1.94307	0.04907
5719.374	-4.30756	1.87797	-1.91001	0.02461
5723.375	-4.40796	1.96698	-1.94883	-0.02575
5727.375	-4.37441	1.80687	-1.92161	-0.05166
5731.393	-4.33295	1.89471	-1.96838	-0.00355
5735.377	-4.35805	1.92732	-2.13029	0.11279
5739.377	-4.37478	2.04000	-2.11564	0.13539
5743.340	-4.18423	2.17537	-2.10625	0.27156
5747.365	-3.97264	2.17492	-2.18805	0.32829
5751.387	-3.87319	2.20058	-1.95996	0.45193
5755.375	-3.74293	2.32218	-2.00864	0.62199
5759.377	-3.63957	2.27303	-2.02805	0.81466
5763.397	-3.54613	2.27799	-2.16719	0.78946
5767.377	-3.66701	2.39211	-1.96110	-1.14445
5771.377	-3.72909	2.33642	-2.16129	-1.48027
5775.377	-3.85392	2.33604	-2.26502	-1.54925
5779.398	-4.04922	2.07098	-2.29508	-0.57031
5783.353	-3.70697	2.19652	-2.17460	-0.19445
5787.376	-3.83455	1.50683	-2.16538	0.67176
5791.375	-4.25887	1.84747	-2.41137	0.93488
5795.398	-4.10490	1.96850	-2.55723	0.09394
5799.376	-3.79937	1.74723	-2.56585	-1.21052
5803.376	-4.32029	1.56856	-2.56436	-0.25393
5807.377	-4.41936	1.70943	-2.36386	-0.39032
5811.398	-4.32513	1.88523	-2.54653	-0.13884
5815.377	-4.28481	2.11963	-2.61498	0.11108
5819.379	-4.09676	1.54278	-2.98143	0.44260
5823.370	-4.18082	1.65522	-2.87539	0.06252
5827.368	-4.09550	1.59668	-2.67967	-0.25502
5831.329	-4.16988	1.53962	-2.70040	-0.06111
5835.377	-4.06216	1.53009	-2.63277	-0.03949
5839.378	-4.00638	1.68020	-2.69024	0.23588
5843.399	-3.96943	1.60735	-2.62402	-0.04049
5847.378	-3.74520	1.69442	-2.72290	-0.02460
5851.379	-3.59426	1.84480	-2.72890	0.07603
5855.377	-3.90145	1.63805	-2.68163	0.13699
5859.400	-3.66518	1.64098	-2.38229	0.18469
5863.377	-3.84868	1.72268	-2.24411	0.03518
5867.345	-3.88505	1.76048	-1.74345	0.12185
5871.376	-3.88157	1.69068	-1.74851	-0.11592
5875.399	-3.81941	1.64066	-2.05127	-0.06727
5879.380	-3.67840	1.69623	-1.65976	-0.09620
5883.377	-3.74224	1.71779	-2.10580	0.14696
5887.376	-3.86020	1.66489	-2.29262	0.23382
5891.398	-3.90155	1.67164	-2.76339	0.18171
5895.379	-3.96476	1.63610	-2.56659	0.11248
5899.380	-3.92045	1.63366	-2.00388	0.10497
5903.335	-4.02058	1.66231	-2.39936	0.16468
5907.389	-4.04623	1.76731	-2.39899	0.27047
5911.380	-3.94715	1.61953	-2.70490	0.08387
5915.379	-3.89691	1.58337	-2.69624	0.02197
5919.378	-3.87413	1.63494	-2.71208	0.11800
5923.398	-3.81039	1.66003	-2.68222	-0.19031
5927.381	-3.89631	1.62464	-2.39933	-0.26908
5931.379	-3.76742	1.66497	-2.52797	-0.38394
5935.380	-3.67037	1.75095	-2.25779	-0.37642
5939.402	-3.50828	1.83707	-2.08144	-0.62626
5943.380	-3.45870	1.80238	-1.97964	-0.63938
5947.381	-3.44987	1.80346	-2.02279	-0.59688
5951.343	-3.61374	1.88836	-2.20002	-0.39711
5955.372	-3.24125	1.82602	-2.29384	-0.53498
5959.382	-3.45462	1.67568	-2.22475	-0.66510
5963.380	-3.17322	0.51236	-2.50261	-0.71585
5967.379	-2.85257	-0.85788	-2.03697	-0.79827
5971.399	-2.92693	-1.05459	-1.49103	-1.64304
5975.382	-2.99185	-1.07041	-1.61302	-2.09191
5979.381	-3.14687	-0.96823	-1.30928	-2.89055
5983.380	-2.98109	-0.99552	-2.09016	-2.99355
5987.403	-3.33955	-1.04535	-2.21593	-3.25360
5991.381	-3.30980	-0.99253	-2.17705	-2.96582
5995.380	-3.65117	-1.10628	-2.06121	-3.02781
5999.381	-3.45504	-1.00200	-2.18867	-1.33718
6003.402	-3.39389	-1.22573	-1.69272	-1.86639
6007.382	-3.08716	-1.13917	-1.62304	-2.19516
6011.336	-3.10144	-1.16423	-1.94632	-2.54181
6015.382	-3.11252	-1.11982	-2.00755	-3.04316
6019.382	-2.98512	-1.12908	-1.79728	-3.36788
6023.383	-3.08555	-1.17960	-2.01687	-3.31624
6027.387	-3.04091	-1.19289	-1.89833	-2.75957
6031.373	-3.11705	-1.50063	-1.96025	-1.96918
6035.372	-2.92787	-1.45992	-1.83635	-2.23015
6039.378	-2.81095	-1.22325	-1.55819	-3.08718
6043.337	-2.66293	-0.43284	-1.45066	-2.82645
6047.383	-2.70649	-0.72651	-1.38639	-3.23856
6051.372	-2.56104	-1.19383	-1.75131	-3.32942
6055.381	-2.68046	-1.12546	-1.84344	-3.05455
6059.383	-2.61810	-1.32475	-1.38356	-2.84283
6063.381	-2.79731	-1.32743	-1.37791	-2.88360
6067.401	-2.85182	-1.27258	-1.38376	-3.08266
6071.384	-2.91448	-0.97973	-2.06922	-3.07239
6075.337	-2.78441	-0.75130	-1.93328	-2.85082
6079.391	-2.70825	-0.92593	-2.07321	-2.68148
6083.402	-2.78421	-1.28019	-1.42915	-2.81081
6087.382	-2.87844	-1.20016	-1.55588	-3.10187
6091.383	-3.23249	-1.00275	-1.59859	-3.17357
6095.382	-3.01937	-0.75909	-1.37027	-2.99196
6099.372	-3.18314	-0.63858	-1.26949	-2.89966
6103.382	-2.92822	-0.52074	-1.34480	-2.88875
6107.384	-2.84796	-0.75327	-1.41430	-3.24548
6111.385	-3.42149	-0.93923	-1.77459	-3.03995
6115.364	-3.42839	-1.21458	-1.64826	-2.62356
6119.383	-2.81063	-1.41277	-1.80263	-2.67693
6123.384	-3.13026	-1.56518	-1.47107	-2.74256
6127.383	-3.31932	-1.69812	-1.57128	-3.02905
6131.383	-2.97730	-1.87527	-1.50152	-2.95956
6135.383	-2.59869	-1.26106	-1.57553	-3.08839
6139.386	-3.26633	-1.43144	-1.70621	-2.67536
6143.384	-3.07637	-1.59871	-1.72726	-2.73696
6147.385	-3.79729	-1.69419	-1.75679	-2.68151
6151.386	-3.06169	-1.39663	-1.75352	-2.70597
6155.386	-2.64549	-1.14524	-1.63417	-2.80452
6159.349	-2.80342	-1.65492	-1.64779	-2.84665
6163.385	-3.60123	-1.38690	-1.66172	-2.69869
6167.383	-3.55266	-0.53014	-1.69073	-2.86418
6171.385	-2.96658	-1.31474	-1.74863	-2.63787
6175.385	-2.60201	-1.30110	-1.68349	-2.69717
6179.388	-2.66669	-0.80967	-1.70799	-2.66410
6183.384	-2.89611	-0.74637	-1.70437	-2.57245
6187.386	-3.27987	-0.84735	-1.67288	-2.81217
6191.386	-2.92153	-0.65779	-1.70804	-2.60769
6195.382	-2.94366	-0.86801	-1.65835	-2.83417
6199.341	-2.87410	-1.29215	-1.59209	-2.65657
6203.388	-2.65879	-0.27168	-1.62358	-2.78099
6207.341	-2.08285	-0.07157	-1.28209	-2.79299
6211.383	-2.39948	-0.21781	1.63549	-3.00879
6215.385	-2.77706	0.21688	-1.92607	-2.61977
6219.385	-2.41863	3.34677	-0.28118	-2.76713
6223.386	NaN	NaN	0.59719	3.36576
6227.386	NaN	NaN	NaN	NaN
6231.376	NaN	NaN	NaN	NaN
6235.387	NaN	NaN	NaN	NaN
6239.378	NaN	NaN	NaN	NaN
6243.385	NaN	NaN	NaN	NaN
6247.384	NaN	NaN	NaN	NaN
6251.385	NaN	NaN	NaN	NaN
6255.384	NaN	NaN	NaN	NaN
6259.341	NaN	NaN	NaN	NaN
6263.386	NaN	NaN	NaN	NaN
6267.341	NaN	NaN	NaN	NaN
6271.387	NaN	NaN	NaN	NaN
6275.344	NaN	NaN	NaN	NaN
6279.393	NaN	NaN	NaN	NaN
6283.289	NaN	NaN	NaN	NaN
6287.399	NaN	NaN	-3.69859	5.12579
6291.387	-3.08379	-7.18638	-4.00366	4.86165
6295.384	-5.10731	-2.16548	-4.24527	-3.00039
6299.384	-2.75698	-1.24621	-4.15559	-4.80758
6303.387	-2.79223	-1.22107	-5.06397	-4.63279
6307.390	-2.97723	-1.80885	-1.07768	-4.38200
6311.388	-4.74210	-2.54195	-4.42908	-2.89452
6315.388	-5.84942	-2.42549	-3.18611	-3.26209
6319.388	-5.33335	-2.58194	-2.64886	-3.35159
6323.368	-4.69985	-1.61290	-0.49235	-2.93430
6327.342	-4.98640	-0.95125	-3.54658	-3.20667
6331.343	-4.29135	1.54059	-2.97366	-4.21361
6335.389	-4.65548	-0.62862	-4.11115	-3.34362
6339.391	-4.40155	-0.92096	-2.96265	-3.35220
6343.389	-4.21891	-1.60019	-2.80897	-3.50116
6347.390	-4.14589	-0.44286	-2.85398	-3.46950
6351.389	-4.50125	-0.82898	-2.97322	-3.47762
6355.288	-4.40162	-1.35848	-3.25637	-3.30758
6359.391	-4.46682	-1.83948	-2.87190	-3.49672
6363.392	-4.26672	-1.35060	-3.11933	-3.17016
6367.385	-4.05940	-1.58481	-3.41852	-3.29337
6371.379	-3.83702	-1.31132	-3.76767	-3.19070
6375.389	-3.70537	-1.44988	-3.30806	-3.20066
6379.396	-3.71636	-1.55837	-3.30260	-3.18799
6383.388	-3.71901	-1.53763	-3.05387	-3.07892
6387.392	-3.58568	-1.49513	-2.83440	-3.41595
6391.390	-3.63062	-1.54177	-2.82672	-3.34115
6395.390	-3.72954	-1.54648	-2.67801	-3.31475
6399.389	-3.66150	-1.48093	-2.43152	-3.42388
6403.389	-3.60343	-1.42107	-2.53122	-3.49070
6407.369	-3.52677	-1.42293	-2.47653	-3.60451
6411.392	-3.52326	-1.32846	-2.36069	-3.43462
6415.389	-3.50363	-1.30021	-2.39374	-3.47686
6419.391	-3.43420	-1.36186	-2.26886	-3.61672
6423.390	-3.40170	-1.33907	-2.26306	-3.63783
6427.391	-3.50603	-1.63199	-2.21412	-3.68209
6431.390	-3.47658	-1.67571	-2.17229	-3.52588
6435.390	-3.40546	-1.81021	-2.09249	-3.42146
6439.390	-3.48222	-1.61293	-1.94657	-3.38477
6443.393	-3.48365	-1.64990	-1.98750	-3.45979
6447.384	-3.56576	-1.81057	-1.89136	-3.40205
6451.347	-3.68725	-1.73439	-1.86598	-3.33520
6455.392	-3.63579	-1.87150	-1.82229	-3.38323
6459.391	-3.66276	-1.84934	-1.85792	-3.25962
6463.391	-3.78580	-1.80272	-1.89632	-3.22982
6467.394	-3.84327	-1.76623	-1.84768	-3.18447
6471.392	-3.83608	-1.64370	-1.92637	-3.09333
6475.393	-3.83043	-1.56164	-2.01191	-3.19137
6479.391	-3.91729	-1.69737	-2.11083	-3.25026
6483.394	-3.88473	-1.76095	-2.19294	-3.19736
6487.391	-3.85938	-1.78356	-2.28093	-3.23618
6491.363	-3.85432	-1.91001	-2.28346	-3.24503
6495.391	-3.85321	-1.94483	-2.28313	-3.21172
6499.394	-3.82109	-2.10401	-2.34666	-3.11405
6503.391	-4.02870	-1.87344	-2.42453	-3.12907
6507.392	-4.08611	-2.01326	-2.47254	-3.10480
6511.348	-4.08698	-1.59494	-2.51190	-3.16478
6515.392	-4.31121	-2.08944	-2.53117	-3.22029
6519.389	-4.40243	-1.99862	-2.55579	-3.18608
6523.392	-4.22639	-2.05685	-2.62130	-3.18003
6527.393	-4.23819	-2.07682	-2.45118	-3.26800
6531.373	-4.32814	-2.22204	-2.57499	-3.14552
6535.392	-4.37357	-2.07808	-2.58648	-3.17135
6539.392	-4.35185	-2.05298	-2.62494	-3.23409
6543.393	-4.43468	-1.78699	-2.64480	-3.16688
6547.392	-4.37981	-1.85197	-2.59745	-3.16499
6551.395	-4.32066	-1.82591	-2.51217	-3.17384
6555.392	-4.24584	-1.51490	-2.33455	-3.25947
6559.394	-4.19766	-1.93542	-2.27330	-3.20256
6563.394	-4.02487	-1.85004	-2.02673	-3.25756
6567.395	-3.84103	-2.01764	-2.08441	-3.29571
6571.404	-3.98669	-1.97468	-2.14543	-3.25808
6575.350	-4.14090	-1.92920	-2.03712	-3.30182
6579.395	-4.32659	-1.81814	-2.08904	-3.17253
6583.396	-4.44504	-1.83629	-1.97976	-3.13885
6587.394	-4.51608	-1.93574	-1.96454	-3.02945
6591.395	-4.53393	-1.97706	-2.01023	-2.75223
6595.412	-4.05880	-2.16289	-1.98400	-2.86782
6599.396	-4.04557	-2.13475	-1.90197	-2.84200
6603.395	-3.98995	-2.06393	-1.93477	-3.20917
6607.395	-3.94579	-2.19049	-2.02775	-3.19671
6611.292	-4.09537	-2.02930	-2.11760	-3.14932
6615.369	-4.06611	-1.95785	-2.17613	-3.19762
6619.398	-4.16295	-1.87359	-2.14369	-3.58569
6623.394	-3.89281	-2.08744	-2.23841	-3.59333
6627.291	-3.81993	-2.03334	-2.38229	-3.68505
6631.395	-3.73564	-2.11910	-2.69418	-3.60206
6635.396	-3.69494	-2.11815	-2.99824	-3.71334
6639.349	-3.73107	-1.81938	-3.14155	-3.69866
6643.289	-3.67944	-1.79850	-2.63522	-3.85848
6647.272	-3.68839	-1.70701	-2.87358	-3.80580
6651.270	-3.64597	-1.52836	-2.73521	-3.83914
6655.272	-3.57468	-1.61096	-2.70171	-3.94196
6659.294	-3.48652	-1.57835	-2.92366	-3.89294
6663.240	-3.59624	-1.61038	-2.81729	-3.87517
6667.272	-3.77698	-1.69123	-3.20659	-3.74327
6671.272	-3.85451	-1.56142	-2.92678	-3.66094
6675.292	-3.84090	-1.60710	-2.93379	-3.60612
6679.271	-3.80414	-1.63549	-2.81189	-3.62003
6683.273	-3.89920	-1.69667	-2.72692	-3.57833
6687.272	-3.93216	-1.56853	-2.66006	-3.44061
6691.293	-3.91941	-1.62536	-2.51935	-3.37855
6695.274	-3.79759	-1.62614	-2.35803	-3.24427
6699.271	-3.89587	-1.84929	-1.98217	-3.22465
6703.253	-3.97027	-1.95097	-2.03595	-3.21692
6707.227	-3.84947	-2.03582	-2.00177	-3.17092
6711.272	-3.80125	-2.01206	-1.92867	-3.12646
6715.273	-3.78128	-1.90544	-1.81768	-2.99168
6719.271	-3.62899	-1.92539	-1.86412	-3.09436
6723.297	-3.62684	-1.88227	-1.70769	-3.10542
6727.272	-3.56949	-1.56428	-1.51945	-3.09389
6731.273	-3.57871	-1.67860	-1.58267	-3.19568
6735.270	-3.50121	-1.47011	-1.52702	-3.27260
6739.293	-3.50526	-1.77486	-1.54738	-3.24199
6743.268	-3.42198	-1.94425	-1.55678	-3.34690
6747.236	-3.11173	-1.64474	-1.61907	-3.32452
6751.271	-3.23638	-1.74372	-1.67271	-3.33924
6755.291	-3.06367	-1.71171	-1.63554	-3.36353
6759.271	-3.01215	-1.77925	-1.66140	-3.46593
6763.514	-2.96490	-1.82301	-1.61639	-3.47663
6768.418	-2.88378	-1.84129	-1.67729	-3.47979
