time (ms)	lx (deg)	ly (deg)	rx (deg)	ry (deg)
0.000	-2.51618	2.84667	-2.16000	0.26361
4.007	-2.26009	2.71584	-1.63373	0.33691
8.027	-2.31470	2.78945	-1.23449	0.09217
11.968	-2.29708	2.75263	-2.29480	0.20040
16.010	-2.39279	2.87871	-2.47100	-0.11827
20.004	-2.37761	2.70697	-2.42678	0.07699
23.998	-2.37362	2.58830	-1.21884	-0.21658
28.008	-2.42530	2.82205	-1.79272	0.66605
32.011	-2.44239	2.79514	-2.15710	0.34856
36.007	-2.60332	2.91977	-1.88574	0.15334
39.993	-2.53679	3.03737	-2.15889	-0.65758
44.007	-2.48668	2.77144	-2.41626	-0.10331
48.006	-2.57246	2.84432	-2.52292	0.15724
52.007	-2.89567	2.79641	-1.72349	0.00738
56.025	-2.70785	2.39826	-2.17110	-0.04753
60.009	-2.40736	1.78924	-2.44014	-0.48366
64.009	-2.46417	0.65429	-1.27859	-1.92339
68.002	-2.33001	-0.70775	-2.05187	-2.17893
72.028	-2.31923	0.43353	-1.71942	-2.40791
76.008	-3.12294	0.13850	-1.47238	-2.49028
79.993	-2.85705	0.30020	-1.81034	-2.26664
84.008	-2.52391	0.22208	-1.77776	-2.41548
88.028	-2.33182	0.59346	-1.67303	-2.41251
92.009	-1.90173	0.06753	-1.39917	-2.36548
96.009	-2.24748	0.10453	-1.26919	-2.41862
100.010	-2.04049	0.08692	-1.04119	-2.44047
104.030	-2.23065	0.04653	-1.00020	-2.51031
108.009	-2.16741	0.13829	-1.21663	-2.66126
112.008	-2.64438	0.22392	-1.14017	-2.67272
116.013	-2.72013	0.25005	-1.40904	-2.59690
120.030	-2.39983	0.34808	-1.20661	-2.64816
123.973	-2.31019	0.34462	-1.37471	-2.65636
127.968	-2.20513	0.54765	-1.34824	-2.57838
132.010	-1.99166	0.41164	-1.18626	-2.74077
136.032	-2.19068	0.41549	-1.22062	-2.71557
140.009	-2.23117	0.59126	-1.23377	-2.81691
144.009	-2.25739	0.64302	-1.16553	-2.80223
148.009	-2.38100	0.65354	-1.00831	-2.71567
151.997	-2.44633	0.78998	-1.04518	-2.71145
156.009	-2.39071	0.84405	-0.87952	-2.66762
160.010	-2.20503	0.93467	-0.92150	-2.61074
164.009	-2.30873	0.83837	-0.85200	-2.51659
168.033	-2.35568	0.86450	-1.00990	-2.61809
172.009	-2.40137	0.90620	-1.00548	-2.57413
176.010	-2.35120	0.98107	-1.01613	-2.55691
180.010	-2.58071	0.91776	-1.00405	-2.52739
183.965	-3.32518	0.76407	-0.99377	-2.45729
188.009	-3.33567	0.63335	-1.02526	-2.34524
191.965	-3.30688	0.67179	-1.11070	-2.22145
196.011	-3.69852	0.59906	-1.19993	-2.12589
200.032	-3.27378	0.58430	-1.17706	-1.94838
204.001	-3.54588	0.57362	-1.24255	-1.80812
208.003	-3.68891	0.65220	-1.20462	-1.84262
212.012	-3.84809	0.65134	-1.16560	-1.70851
216.032	-3.82576	0.42803	-1.13261	-1.53762
220.012	-3.46165	0.39001	-1.13213	-1.48464
224.011	-2.85747	0.31345	-1.08855	-1.33454
228.013	-2.55136	0.40510	-0.78786	-1.33977
232.000	-2.30813	0.24633	-0.55069	-1.42606
236.012	-2.31098	0.26728	-0.60426	-1.26609
240.014	-2.20783	0.08405	-0.57583	-1.43333
244.014	-2.26549	0.17046	-0.68692	-1.61800
248.031	-2.26006	-0.69950	-0.47408	-1.37479
252.013	-2.20565	-1.05357	0.05594	-1.80025
255.967	-2.12981	-1.48110	0.07577	-1.97934
260.013	-2.09913	-1.52830	0.17005	-1.74488
264.035	-2.13866	-1.76992	0.15811	-2.00507
268.015	-2.20642	-1.72703	0.01628	-1.95661
272.013	-2.27364	-1.69346	-0.24200	-2.02690
276.014	-2.30548	-6.09631	-0.21403	-2.11190
280.036	2.88542	-6.22225	-0.21830	-2.14870
284.013	2.97517	-6.15264	-0.44100	-2.10900
287.994	0.67434	-6.00032	-0.37861	-1.97208
291.969	0.48589	-5.55571	-0.40678	-1.87492
296.005	0.35186	-5.71109	-0.57826	-1.68316
300.013	-0.70558	-5.43464	-0.40544	-1.62528
304.013	-0.75615	-5.64093	-0.26225	-1.29304
308.013	-0.77156	-5.48129	-0.28349	-1.32982
312.034	-0.79945	-5.26193	-0.23534	-1.39047
316.013	-0.94944	-5.26503	-0.09838	-1.29732
320.014	-0.93639	-5.08216	0.49153	-1.32527
323.970	-1.15913	-4.87459	0.32357	-1.46705
328.013	-1.34351	-4.66260	0.05961	-1.37904
331.984	-1.44656	-4.54577	0.01789	-1.36585
336.015	-1.59169	-4.13987	0.04311	-1.48428
340.013	-1.62837	-4.09601	-0.02549	-1.50288
344.015	-1.78310	-3.72456	-0.11051	-1.53844
348.025	-1.89568	-3.61597	-0.30694	-1.53174
352.014	-2.15668	-3.40261	-0.24423	-1.59618
356.013	-2.23546	-3.27454	-0.27116	-1.61651
360.004	-2.43600	-3.22943	-0.41105	-1.56206
364.014	-2.50041	-2.92998	-0.38842	-1.65371
368.017	1.21278	-3.10776	-0.36057	-1.65171
371.994	1.05582	-3.03056	-0.41911	-1.64881
375.974	2.90052	-8.25825	-0.51354	-1.69075
380.012	1.18043	-2.95046	-0.51560	-1.60241
384.016	1.21839	-2.81075	-0.55247	-1.58760
388.014	1.15704	-2.81704	-0.67632	-1.55931
391.980	1.14754	-2.61172	-0.66491	-1.57183
395.992	1.11990	-2.55646	-0.58508	-1.64083
400.015	1.04865	-7.76140	-0.62620	-1.60906
404.014	1.06046	-2.42547	-0.28647	-1.67327
408.015	0.95338	-2.44577	0.02591	-1.63803
412.013	0.95656	-2.26356	0.21068	-1.60016
416.007	0.95410	-7.52103	0.15749	-1.65104
420.016	0.82528	-7.37674	0.25200	-1.65624
424.014	0.58511	-7.32296	0.41884	-1.69648
428.017	0.16176	-7.43868	0.46815	-1.81568
432.016	-0.37822	-7.49237	0.45783	-1.89618
436.016	-0.51798	-7.61320	0.38539	-1.98257
440.006	-0.66417	-2.45284	0.52972	-1.89420
444.019	-1.00777	-2.39312	0.52699	-1.95680
448.019	-0.58188	-2.61543	0.41623	-1.91895
452.018	-0.90277	-2.88931	0.33039	-1.92979
456.007	-0.94959	-3.13877	0.09039	-2.02310
460.015	-1.11581	-3.32487	-0.23862	-2.08746
464.017	-1.30600	-3.36475	-0.33186	-2.10325
468.020	-1.58750	-3.51684	-0.39718	-2.10581
472.017	-1.59474	-3.53249	-0.44055	-2.01068
476.015	1.52305	-3.62741	-0.48187	-2.02027
480.018	1.48275	-3.69706	-0.54607	-1.96689
484.017	1.44121	-3.71658	-0.37970	-1.89032
488.007	1.27949	-3.73812	-0.37298	-1.91320
492.016	1.31506	-3.84532	-0.41569	-2.06608
496.003	1.26197	-3.87082	-0.30985	-2.18032
500.005	1.16763	-3.93955	0.04011	-2.14058
504.014	-4.53411	-0.17620	0.19531	-2.12650
508.018	0.75213	-3.84761	0.29590	-2.29250
512.017	0.89624	-8.77050	0.29468	-2.27513
516.017	0.83538	-8.69452	0.15243	-2.25186
520.008	0.49217	-8.71721	0.17998	-2.24617
524.019	0.04249	-8.64902	0.11518	-2.27595
528.019	-0.61402	-8.59760	0.16449	-2.37719
532.022	-0.57605	-8.53852	0.02551	-2.34624
535.921	-1.07756	-8.54560	-0.04226	-2.36107
539.983	-1.17547	-8.46196	-0.26249	-2.24608
544.020	-1.18649	-8.46108	-0.30679	-2.23245
548.020	-1.04230	-8.46700	-0.35672	-2.35046
552.013	-1.04337	-8.42728	-0.48443	-2.29676
556.016	-1.16027	-8.40799	-0.65551	-2.34075
560.018	-1.18066	-8.36475	-0.70345	-2.31384
564.032	-1.29100	-8.32104	-0.97224	-2.25258
568.003	-1.36365	-8.32841	-1.06408	-2.28859
572.018	-1.45601	-8.26647	-0.93726	-2.33365
576.021	-1.60667	-8.21070	-0.97603	-2.32325
579.994	-1.57203	-8.08531	-0.95666	-2.31818
583.903	-1.76358	-7.95085	-0.92934	-2.40459
588.018	-1.86052	-7.54499	-0.93175	-2.39382
592.020	1.88308	-7.35890	-0.96690	-2.29508
596.019	1.81386	-7.16222	-1.06403	-2.22434
599.918	1.80338	-6.92343	-0.90649	-2.14376
604.020	1.87835	-6.71839	-0.69548	-2.09035
608.021	1.86057	-6.31132	-0.51952	-2.16377
612.019	1.74952	-5.83746	-0.51391	-2.12315
616.022	1.68099	-5.77852	-0.49480	-2.05188
620.017	1.68201	-5.42565	-0.13203	-2.02319
624.012	-3.71849	-0.68513	-0.14853	-2.05543
627.977	-3.90884	-0.65047	-0.04929	-2.04851
632.017	-3.97921	-0.45572	-0.05946	-1.98475
636.020	-3.96165	-0.38518	-0.30610	-1.89909
640.022	-3.99388	-0.13004	-0.15283	-1.99376
644.022	-3.97684	0.12447	0.08949	-2.06084
648.021	-2.31096	-0.41573	0.09255	-2.09782
652.022	-1.93279	-0.35213	0.20216	-2.08739
656.022	-1.99684	-0.36967	-0.01809	-2.00247
660.023	-2.18649	-0.39116	-0.29466	-1.89038
663.920	-1.88804	-0.36709	-0.43299	-1.93739
668.028	-2.00819	-0.28161	-0.32116	-1.81107
672.021	-1.67494	-0.25315	-0.25304	-1.75272
675.975	-1.64154	-0.23470	-0.44696	-1.63307
679.919	-1.63008	-0.22785	-0.56846	-1.44661
684.021	-1.48386	-0.16703	-0.63506	-1.40450
688.022	-1.45609	-0.22501	-0.93507	-1.52897
691.977	-1.35941	-0.10697	-0.96122	-1.54304
696.019	-1.31042	-0.04007	-0.96889	-1.52806
700.022	-1.47628	-1.74342	-0.95733	-1.64582
704.010	-1.50413	-1.72607	-0.93284	-1.66378
708.012	-1.54170	-1.91082	-0.93162	-1.68253
712.023	-2.03172	-1.64993	-0.95227	-1.66015
716.023	-2.06067	-1.46118	-1.01722	-1.62573
720.023	-2.17472	-1.73656	-0.99933	-1.73576
724.022	-2.22195	-1.81053	-0.91540	-1.82938
728.024	-2.17455	-1.76847	-0.86510	-1.82881
732.024	-2.17943	-1.81845	-0.77833	-1.83973
736.023	-2.08173	-1.83409	-0.65049	-1.85829
740.025	-2.13405	-1.86913	-0.38894	-1.90921
743.922	-1.96040	-1.86802	-0.23053	-1.84753
748.025	-1.71094	-1.87895	-0.53595	-1.74965
752.023	-1.55244	-1.86594	-0.41058	-1.59618
756.022	-1.16014	-1.95849	-0.38474	-1.61103
760.026	-0.98209	-2.08682	-0.33886	-1.77187
764.025	-0.72982	-2.21156	-0.24289	-1.80061
768.024	-0.47840	-2.38178	-0.17122	-1.83398
772.027	-0.31585	-2.92060	-0.12575	-1.95122
776.038	-0.05068	-2.76416	-0.08391	-1.95963
780.025	-0.60580	-3.58270	-0.05544	-2.10626
784.024	-0.61196	0.74566	-0.00730	-2.09891
788.004	-0.53409	0.65012	-0.08860	-2.16221
791.909	-0.47602	0.61969	-0.05467	-2.26308
796.024	-0.46123	0.54496	-0.05728	-2.41584
800.024	-0.60496	0.44700	-0.02415	-2.60937
804.025	-0.50401	0.45116	-0.05738	-2.60820
808.023	-0.31833	0.41825	-0.08073	-2.66622
812.027	-0.46661	0.40042	-0.14655	-2.72724
816.025	-0.54240	0.38164	-0.20132	-2.80366
820.026	-0.56806	0.35420	-0.21435	-2.79173
823.887	-0.59947	0.29213	-0.29064	-2.86953
828.025	-0.61694	0.22529	-0.35821	-2.85397
832.017	-0.71824	0.19478	-0.39904	-2.91242
836.026	-0.84731	0.10431	-0.44274	-2.94371
840.028	-0.94070	0.08110	-0.54237	-2.90924
844.026	-1.08038	0.06157	-0.59188	-2.88803
848.026	-1.26088	0.01866	-0.67687	-2.85990
852.025	-1.23436	-5.09106	-0.86146	-2.79169
856.025	-1.49830	-4.54567	-0.88843	-2.74085
860.027	-1.59871	-4.89068	-0.79337	-2.76243
864.028	-1.72002	-4.82082	-0.89766	-2.65018
868.026	-2.46538	-4.80118	-0.89753	-2.68006
872.027	-2.23164	-4.65369	-0.79751	-2.66143
875.987	-2.60139	-4.78037	-0.69022	-2.54193
880.026	-3.13764	-0.23591	-0.65039	-2.45331
884.027	-2.50806	-0.65544	-0.62168	-2.31479
888.026	-3.07417	-0.47097	-0.60121	-2.18463
892.028	-3.34408	-0.59919	-0.40407	-2.08238
896.027	-1.76452	-0.11428	-0.08118	-2.00900
900.025	-2.26086	-1.06408	-0.59774	-2.06488
904.025	-3.96165	-0.88269	-2.53211	-2.05135
908.027	-4.09078	-1.01232	-3.26821	-2.27785
912.026	-4.44423	-1.44219	-6.31264	-2.47609
916.022	-5.06599	-1.40136	-5.94828	-4.70084
920.030	-7.48512	-1.65943	-6.09336	-3.67200
924.027	-8.69120	-2.53118	-7.34531	-4.35462
928.030	-8.70493	-3.18802	-7.57688	-4.76389
932.025	-9.07578	-3.67549	-7.73879	-5.05132
936.029	-9.61465	-3.58463	-7.86914	-5.18728
940.028	-9.54949	-3.22097	-7.80560	-4.80720
943.998	-9.20427	-3.37272	-7.93878	-5.11042
947.904	-9.37288	-3.28927	-7.94784	-5.35544
951.924	-9.28596	-3.22868	-7.98082	-4.98900
955.906	-9.22499	-2.64364	-7.91499	-4.66670
959.880	-9.31069	-2.68320	-7.90647	-4.88815
963.905	-9.23335	-3.38860	-7.86176	-4.70488
967.901	-9.15018	-3.26929	-7.78331	-4.63755
971.904	-9.07114	-3.34627	-7.84226	-4.70271
975.903	-9.03428	-3.20638	-7.73053	-4.64200
979.904	-8.92384	-3.26892	-7.75612	-4.71453
983.924	-8.92127	-3.27139	-7.84048	-4.83777
987.904	-8.95540	-3.39477	-7.66124	-4.65425
991.914	-8.99610	-3.31619	-7.66351	-4.75183
995.905	-8.96855	-3.44158	-7.65919	-4.54199
999.916	-8.89993	-3.51597	-7.58412	-4.65565
1003.894	-8.92883	-3.56218	-7.54793	-4.65438
1007.903	-8.82623	-3.30126	-7.61858	-4.65594
1011.863	-8.84409	-3.17219	-7.76874	-4.67122
1015.925	-8.88583	-2.75585	-7.82879	-4.70895
1019.904	-8.96486	-2.64460	-7.83566	-4.75699
1023.905	-9.00925	-2.72485	-7.82723	-4.59869
1027.906	-9.00406	-2.80451	-7.74964	-4.53860
1031.925	-9.02648	-2.70910	-7.88249	-4.54149
1035.907	-9.01167	-3.03005	-7.84915	-4.47671
1039.906	-9.04766	-2.86136	-7.79922	-4.56752
1043.875	-9.10214	-2.79744	-7.90048	-4.54687
1047.871	-9.10211	-2.53331	-7.95158	-4.57697
1051.906	-9.15038	-2.62209	-7.91392	-4.47929
1055.906	-9.19355	-2.65489	-7.79595	-4.54463
1059.905	-9.23500	-2.68639	-7.77780	-4.54011
1063.896	-9.26321	-2.72682	-7.80068	-4.48496
1067.902	-9.32734	-2.66690	-7.76038	-4.58940
1071.910	-9.24225	-2.81767	-7.81853	-4.59461
1075.906	-9.24636	-2.90035	-7.91344	-4.56849
1079.927	-9.21614	-2.93507	-7.96624	-4.63994
1083.888	-9.23021	-2.92461	-8.10926	-4.54861
1087.906	-8.68182	-2.84977	-7.92230	-4.61601
1091.906	-8.65210	-2.81096	-7.94097	-4.54339
1095.902	-8.85979	-2.82825	-7.88064	-4.59630
1099.906	-8.87421	-2.73134	-7.99080	-4.62522
1103.905	-8.85490	-2.79907	-8.06115	-4.63984
1107.906	-9.06869	-2.67680	-8.12534	-4.68307
1111.927	-8.97150	-2.76431	-8.60846	-4.68027
1115.907	-8.69399	-2.65024	-8.44851	-4.79058
1119.910	-8.82819	-2.60089	-8.31489	-4.82440
1123.907	-8.90536	-2.54946	-8.33953	-4.82271
1127.909	-8.89119	-2.49869	-8.17948	-4.90158
1131.905	-8.99600	-2.47965	-8.07750	-4.88193
1135.906	-9.05889	-2.52027	-8.09538	-4.91547
1139.907	-9.06361	-2.47816	-8.47180	-4.89142
1143.897	-8.77933	-2.68419	-8.40254	-5.08381
1147.906	-7.39547	-3.19257	-7.95217	-5.07707
1151.907	-7.76998	-4.81147	-6.93323	-5.10864
1155.907	-6.64760	-3.67336	-5.63080	-5.09461
1159.895	-6.20533	-4.14240	-5.14510	-4.94860
1163.908	-5.07808	-3.76918	-4.29127	-5.12882
1167.886	-4.11434	-3.70035	-3.73445	-4.80346
1171.911	-3.27024	-4.41500	-4.33892	-3.02557
1175.896	-1.53364	-4.80395	-0.78863	-5.56154
1179.908	-1.50150	-4.91524	-0.17278	-5.56438
1183.908	-2.06602	-5.07009	-0.40177	-5.48586
1187.907	-2.21920	-5.09077	-0.41393	-5.46492
1191.863	-1.98405	-5.12329	-0.46708	-5.65732
1195.920	-2.12258	-5.13926	-0.48644	-5.94270
1199.908	-1.87148	-5.24249	-0.57322	-5.98239
1203.909	-1.95064	-5.37282	-0.54438	-6.14417
1207.865	-2.09591	-5.50978	-0.54329	-6.15458
1211.907	-2.00058	-5.81068	-0.55354	-6.15551
1215.907	-1.98363	-6.28403	-0.51061	-6.17127
1219.907	-2.10592	-6.04766	-0.44646	-6.16045
1223.865	-2.22054	-5.84129	-0.45718	-6.14933
1227.908	-2.21957	-5.85432	-0.41120	-6.15848
1231.908	-2.24924	-6.18258	-0.32248	-6.20212
1235.908	-2.21343	-5.96015	-0.28414	-6.20560
1239.929	-2.21970	-5.92301	-0.25445	-6.11417
1243.911	-2.15551	-5.99637	-0.20087	-5.99349
1247.910	-2.24356	-6.02438	-0.19390	-5.89563
1251.880	-2.02178	-6.13063	-0.15511	-5.93082
1255.926	-2.13390	-5.93207	-0.22157	-5.87868
1259.911	-2.26517	-5.81529	-0.22562	-5.83513
1263.910	-2.21955	-5.84871	-0.54304	-5.82542
1267.910	-2.21554	-5.83846	-0.43778	-5.82485
1271.904	-2.17348	-5.86759	-0.27972	-5.86810
1275.911	-2.22904	-5.82619	-0.22246	-5.82404
1279.909	-2.24240	-6.00017	-0.32367	-5.84142
1283.910	-2.27015	-5.94089	-0.39323	-5.84504
1287.910	-2.24869	-5.98840	-0.50709	-5.86659
1291.891	-2.28762	-5.98748	-0.39839	-5.91517
1295.910	-2.28621	-5.92697	-0.57123	-5.98608
1299.911	-2.24631	-5.99261	-0.54173	-6.00147
1303.932	-2.29637	-5.82153	-0.46850	-6.03921
1307.909	-2.24891	-5.97595	-0.46341	-6.10111
1311.911	-2.51636	-5.93030	-0.47257	-6.03586
1315.910	-2.29520	-4.96682	-0.33439	-6.12036
1319.908	-2.06015	-5.56706	-0.45438	-6.05994
1323.885	0.42973	-4.46461	-0.22711	-5.69351
1327.912	1.63358	-3.17542	0.53389	-5.58322
1331.910	2.13822	-2.90262	3.07238	-5.51159
1335.934	4.70907	-2.54034	3.22329	-4.77087
1339.911	6.09749	-2.34672	5.58117	-2.59578
1343.911	8.49920	-0.39007	6.56564	-2.96621
1347.911	9.18804	-0.71593	8.82296	-3.14649
1351.908	11.28025	-1.21140	9.55524	-3.06730
1355.911	11.68484	-0.75653	12.00379	-3.01243
1359.913	13.56141	-0.77573	12.45501	-2.63134
1363.913	13.22556	-0.36529	12.39272	-2.28635
1367.910	13.61537	-0.35146	12.34126	-2.19639
1371.915	13.29184	-0.10694	12.41750	-2.45971
1375.889	12.84984	-0.02626	12.36333	-2.53813
1379.915	12.84758	0.11816	12.51494	-2.52745
1383.910	12.20008	0.43581	12.52717	-2.46886
1387.912	12.10170	1.03251	12.75677	-2.40365
1391.909	12.29216	0.91543	13.12319	-2.38582
1395.915	11.93669	0.98465	12.90840	-2.37554
1399.909	11.75232	0.91167	12.46942	-2.34257
1403.913	11.44091	1.04714	12.44517	-2.45681
1407.913	11.67686	1.05497	12.55141	-2.51301
1411.915	11.77410	1.12687	12.49240	-2.51852
1415.902	11.89188	1.13987	12.79177	-2.52890
1419.903	11.90210	1.12590	12.95416	-2.58169
1423.939	11.92816	1.05310	12.56810	-2.52078
1427.915	12.08857	1.03817	12.46450	-2.50291
1431.903	11.94505	0.85739	12.26069	-2.42393
1435.914	11.91312	0.28819	12.21949	-2.29695
1439.913	11.99277	0.24603	11.98811	-1.91385
1443.911	11.94420	0.68425	13.03371	-2.86980
1447.902	11.90017	0.69115	13.25825	-2.73237
1451.915	12.01048	0.81380	13.05279	-2.02713
1455.914	12.14629	0.82102	11.61149	-2.27254
1459.883	12.08722	0.26837	4.28288	3.62156
1463.909	12.01053	0.41165	4.08900	4.81278
1467.916	11.93615	0.43778	10.91803	4.61143
1471.915	11.90193	0.26423	8.01491	6.01755
1475.918	11.79444	0.33176	11.38621	-2.05224
1479.904	11.68119	0.39358	9.61846	1.30726
1483.915	11.43748	0.44112	7.92123	3.34010
1487.915	11.19609	0.44320	7.54781	3.73486
1491.916	11.24220	0.58104	9.28693	3.79841
1495.915	11.18998	0.88978	7.26359	4.60261
1499.896	11.47357	0.26130	7.02707	5.52096
1503.875	11.32987	0.36128	6.85784	5.91837
1507.871	11.53801	0.18957	14.61034	-2.37896
1511.914	11.65208	0.10791	12.99503	-2.81675
1515.915	11.18281	0.33270	12.83965	-2.76158
1519.915	11.14703	0.31036	12.79326	-2.95128
1523.869	11.08913	0.62402	11.74344	-2.81312
1527.906	11.46404	0.50369	11.36653	-2.37438
1531.915	11.22962	1.04382	11.45386	-1.79009
1535.915	11.14686	0.98887	12.89753	-2.89495
1539.915	11.46823	0.00940	13.06327	-2.41557
1543.909	11.66746	1.34917	13.61173	-1.74817
1547.916	12.50988	2.46886	13.67864	-2.77217
1551.911	12.31251	3.03274	13.44904	0.22000
1555.912	13.20072	3.14084	14.63177	0.93287
1559.908	13.29443	3.52015	14.45800	3.69817
1563.920	13.10721	4.61351	15.23179	4.06219
1567.873	13.20265	4.67640	16.03774	3.23413
1571.918	13.35424	4.85259	15.69353	3.45595
1575.910	13.51112	4.84595	15.53048	3.19035
1579.917	13.63702	5.02101	15.58000	3.19930
1583.894	14.04932	5.18822	15.52304	3.27846
1587.920	14.20761	5.41106	15.52002	3.39830
1591.920	14.48967	5.58152	15.41308	3.68770
1595.917	13.89723	5.43803	15.36807	3.59899
1599.918	14.09859	5.24168	15.36964	3.66306
1603.918	14.07412	5.19135	15.38316	3.52092
1607.908	14.21470	5.21135	15.35212	3.48165
1611.918	13.96355	5.11098	15.32018	3.40283
1615.917	13.90679	5.01894	15.37356	3.52416
1619.920	14.08907	5.03346	15.33848	3.42065
1623.944	14.03764	4.97646	15.24690	3.37312
1627.873	14.04862	4.88237	15.23951	3.43930
1631.917	14.06392	4.81640	15.21955	3.40295
1635.918	14.09514	4.78528	15.19613	3.25680
1639.815	14.08813	4.72190	15.20889	3.23593
1643.919	14.14306	4.70102	15.18271	3.22610
1647.918	14.16212	4.61719	15.18777	3.09232
1651.917	14.23123	4.53949	15.16056	2.92407
1655.914	14.22493	4.48207	15.06801	2.91989
1659.876	14.24970	4.44357	15.05459	2.87206
1663.920	14.31733	4.33172	15.01867	3.08387
1667.887	14.26156	4.25503	15.03816	3.05559
1671.921	14.31850	4.11735	14.95820	2.95019
1675.923	14.26541	4.08454	15.06945	2.94589
1679.918	14.23638	3.99711	15.38982	3.01520
1683.919	14.26695	4.02889	15.43109	2.80691
1687.818	14.24198	4.17146	15.69219	2.70153
1691.919	14.26548	4.19663	15.60341	2.83293
1695.917	14.22710	4.45658	15.69588	2.69817
1699.919	14.24133	4.46743	15.20295	2.55447
1703.818	14.15710	4.55079	15.78131	2.72891
1707.922	14.11559	4.55609	15.25180	2.64932
1711.920	14.08136	4.51773	15.09902	2.94138
1715.920	14.05336	4.53891	15.18735	3.70230
1719.819	13.88418	4.61471	15.09793	3.38465
1723.917	13.69938	4.65829	15.03205	3.14393
1727.924	13.74746	4.64324	15.01445	2.91904
1731.919	13.63379	4.58132	14.86122	3.42867
1735.817	13.80760	4.54904	14.81968	3.29272
1739.921	14.12828	4.54859	14.82567	3.23004
1743.922	13.80353	4.54025	14.75491	3.10995
1747.919	14.33061	4.46382	14.73789	3.11021
1751.821	13.81654	4.49573	14.71531	3.20509
1755.921	14.56395	4.48730	14.72993	3.06801
1759.922	14.85507	4.49306	14.66008	3.14229
1763.921	15.00816	4.43739	14.50088	3.16758
1767.819	14.50002	4.48591	14.51274	3.21844
1771.922	14.20084	4.83452	14.50649	3.11989
1775.925	14.34946	4.68106	14.46396	3.09525
1779.921	14.28977	4.91565	14.83731	3.24481
1783.817	14.26420	4.59617	14.60344	3.16038
1787.919	14.59826	4.80433	14.64203	3.06183
1791.900	15.09643	8.20042	14.30538	3.16152
1795.923	14.98268	10.46650	15.67358	4.03078
1799.814	10.59510	7.56081	17.05412	5.57954
1803.921	NaN	NaN	NaN	NaN
1807.919	NaN	NaN	NaN	NaN
1811.922	NaN	NaN	NaN	NaN
1815.921	NaN	NaN	NaN	NaN
1819.946	NaN	NaN	NaN	NaN
1823.923	NaN	NaN	NaN	NaN
1827.882	NaN	NaN	NaN	NaN
1831.913	NaN	NaN	NaN	NaN
1835.912	NaN	NaN	NaN	NaN
1839.922	NaN	NaN	NaN	NaN
1843.923	NaN	NaN	NaN	NaN
1847.877	NaN	NaN	NaN	NaN
1851.923	NaN	NaN	NaN	NaN
1855.922	NaN	NaN	NaN	NaN
1859.922	NaN	NaN	NaN	NaN
1863.892	NaN	NaN	NaN	NaN
1867.925	NaN	NaN	NaN	NaN
1871.922	NaN	NaN	14.77593	7.51385
1875.891	NaN	NaN	20.70189	7.32780
1879.921	NaN	NaN	17.29052	3.22622
1883.924	20.46821	2.56703	20.45410	-0.68310
1887.923	NaN	NaN	20.48707	2.24861
1891.924	NaN	NaN	20.95788	-0.62141
1895.924	23.01759	-3.78338	21.29756	-4.15591
1899.822	20.67863	-3.86994	19.82406	-4.42982
1903.925	20.25750	-4.26800	17.56415	-4.56179
1907.924	18.81330	-4.38085	17.41847	-5.00420
1911.925	18.79380	-4.92593	17.49699	-5.17114
1915.821	18.46449	-4.98503	17.41250	-5.03947
1919.925	18.15297	-4.79465	17.36565	-4.97227
1923.955	17.87545	-4.62546	17.38319	-4.97791
1927.925	17.60359	-4.46826	17.39420	-4.86630
1931.820	17.41686	-4.30695	17.39235	-4.81184
1935.925	17.60481	-4.87506	17.25612	-4.57900
1939.925	17.45840	-4.82478	17.28308	-4.10451
1943.925	17.37200	-4.83816	17.14390	-4.30606
1947.821	17.34693	-4.81251	17.04321	-4.44505
1951.929	17.14384	-4.65049	17.13865	-4.49716
1955.927	16.98514	-4.56184	17.09655	-4.79776
1959.925	16.71351	-4.14499	17.09172	-4.73339
1963.822	17.08959	-4.32904	16.88312	-4.48637
1967.925	17.00178	-4.28474	16.78710	-4.47706
1971.800	16.96260	-4.14816	16.81287	-4.49664
1975.809	16.83434	-4.12374	16.77291	-4.43967
1979.926	16.88359	-4.29922	16.73878	-4.42606
1983.798	16.93462	-4.20264	16.61824	-4.40775
1987.800	16.89091	-4.12213	16.49816	-4.37356
1991.800	16.73864	-4.00563	16.39287	-4.19208
1995.928	16.90734	-4.06536	16.19075	-4.10725
1999.802	16.85709	-4.01793	16.21627	-4.07073
2003.802	16.88893	-4.02871	16.02041	-3.84422
2007.791	16.88834	-3.98653	16.25688	-3.87747
2011.927	16.83281	-3.86713	16.43334	-3.90065
2015.800	16.78628	-3.92645	16.92971	-4.11649
2019.799	16.62737	-3.88511	17.03849	-4.19104
2023.830	16.55828	-3.81077	17.18890	-4.10352
2027.825	16.70110	-3.79737	17.15154	-3.94524
2031.804	16.54378	-3.73433	17.03382	-4.05998
2035.802	16.67109	-3.73703	17.08252	-4.11782
2039.803	16.62749	-3.61419	17.12394	-4.21416
2043.801	16.55806	-3.57867	17.05521	-4.20716
2047.767	16.47201	-3.46285	17.18181	-4.40078
2051.803	16.49426	-3.43042	17.24118	-4.40199
2055.802	16.50957	-3.41080	17.29498	-4.42508
2059.793	16.43759	-3.33963	17.19221	-4.37099
2063.763	16.45551	-3.20796	17.04244	-4.34348
2067.802	16.47648	-3.20681	16.93807	-4.32372
2071.803	16.42092	-3.11795	16.71155	-4.31832
2075.793	16.25345	-3.02977	16.58473	-3.98486
2079.802	16.17903	-2.95840	16.32261	-3.92956
2083.804	16.30732	-3.00330	16.41628	-4.02172
2087.803	16.18727	-2.99404	16.58058	-4.12118
2091.776	16.13448	-3.00213	17.01587	-4.38492
2095.803	16.17100	-3.01459	17.32572	-4.36538
2099.803	16.04029	-2.96737	17.12813	-4.32178
2103.802	16.09386	-3.05133	17.09868	-4.36586
2107.794	15.99592	-3.06586	16.87287	-4.30823
2111.802	16.00202	-3.05941	17.03879	-4.48900
2115.803	16.06561	-2.93541	16.86137	-4.38153
2119.804	16.05175	-2.91494	17.16160	-4.64431
2123.831	16.02000	-2.83622	17.11439	-4.54447
2127.803	15.90144	-2.69458	17.04283	-4.58828
2131.797	15.84252	-2.66822	16.92703	-4.39934
2135.805	15.68382	-2.41202	17.05877	-4.18796
2139.801	15.51960	-2.39385	16.86257	-3.68674
2143.805	15.40150	-2.28666	16.81230	-3.58893
2147.805	15.47452	-2.32712	16.61748	-3.33140
2151.805	15.47780	-2.27303	16.44046	-3.13444
2155.802	15.48195	-2.25856	16.39313	-3.05930
2159.807	15.32006	-2.22598	16.27627	-2.95225
2163.806	15.41301	-2.29486	16.42428	-3.08451
2167.806	15.32135	-2.26859	16.38719	-2.96302
2171.802	15.38140	-2.28963	16.29145	-2.89224
2175.809	15.33640	-2.26598	16.30042	-3.04941
2179.806	15.38516	-2.28504	16.31493	-3.00514
2183.804	15.59800	-2.36750	16.33580	-3.40636
2187.796	15.72674	-2.44967	16.56011	-3.99240
2191.806	15.89421	-2.57359	16.62181	-3.79322
2195.766	15.72543	-2.57865	16.87189	-3.78608
2199.804	15.78134	-2.56178	16.99719	-3.96004
2203.795	15.74587	-2.56156	17.01544	-3.59207
2207.806	15.81279	-2.49400	17.04954	-3.55529
2211.792	15.79944	-2.06847	16.89248	-4.05402
2215.795	16.09925	-1.97041	16.97672	-3.53905
2219.762	15.66107	1.16724	16.85198	-3.12737
2223.807	13.02250	3.93096	16.65419	-1.47398
2227.806	14.43540	4.01096	15.70519	0.83198
2231.806	13.63255	6.51621	15.81162	2.76338
2235.763	13.06139	7.05750	15.69792	3.74903
2239.808	13.43989	7.89521	15.72343	4.36552
2243.807	13.55787	7.84753	15.70388	5.22011
2247.812	13.41117	7.55396	15.47660	4.43893
2251.833	13.52400	7.28362	15.27330	4.36037
2255.807	13.62659	7.48901	15.15688	4.70115
2259.798	13.84272	7.53109	15.10105	4.84360
2263.807	13.73273	7.67841	15.08044	4.99285
2267.763	13.86930	7.74495	15.01869	5.43798
2271.804	13.96094	7.78029	15.07894	5.51053
2275.809	14.02557	7.82444	14.94579	5.41905
2279.805	13.92442	7.69481	14.91131	5.64753
2283.810	14.01090	7.55235	14.85516	5.59380
2287.808	14.06114	7.57466	14.82261	5.56292
2291.808	14.13309	7.47589	14.79987	5.65592
2295.787	14.14763	7.46028	14.80333	5.68252
2299.775	14.14679	7.38693	14.78981	5.68068
2303.808	14.16317	7.25928	14.80855	5.68871
2307.807	14.19637	7.22881	14.78609	5.72831
2311.806	14.18365	7.15314	14.82595	5.58877
2315.799	14.20947	7.07403	14.82462	5.56927
2319.809	14.29515	6.99090	14.92723	5.64457
2323.764	14.26937	6.97907	14.96846	5.60305
2327.808	14.40668	6.96544	15.16826	5.63564
2331.831	14.38961	6.90715	15.26884	5.46709
2335.805	14.38556	6.81918	15.26229	5.41582
2339.801	14.39499	6.68744	15.40913	5.28216
2343.810	14.47743	6.46269	15.50310	5.54124
2347.829	14.37180	6.69544	15.55250	5.42058
2351.809	14.37983	6.65655	15.68536	5.35569
2355.809	14.41741	6.80746	15.60074	5.73380
2359.810	14.35132	6.76054	15.70717	5.87696
2363.801	14.27625	6.88063	15.68819	6.73211
2367.809	14.32330	6.92306	15.66194	5.98045
2371.810	14.37326	6.85370	15.59925	5.96089
2375.812	14.32390	7.00732	15.57795	6.94076
2379.809	14.37629	6.97371	15.56402	6.71556
2383.810	14.45067	7.03487	15.60783	6.53137
2387.810	14.40037	7.02174	15.62054	6.11240
2391.811	14.50267	6.98491	15.71881	6.25340
2395.800	14.59328	6.99056	15.83434	6.27022
2399.810	14.73269	6.81318	15.78703	6.40473
2403.809	14.70263	6.88336	16.08853	6.31985
2407.811	14.76723	6.88629	16.01445	6.11810
2411.807	14.67890	6.94411	16.17860	6.04630
2415.810	14.67147	6.93245	16.26623	5.98731
2419.797	14.60916	6.90900	15.87788	6.03829
2423.806	14.52160	7.03361	15.65838	5.96268
2427.831	14.52365	7.05544	15.01005	6.01709
2431.811	14.66580	7.03492	15.04776	6.09980
2435.810	14.70607	7.08569	14.90021	6.08070
2439.811	14.68617	7.00082	14.69648	6.15284
2443.812	14.70964	6.91221	14.69327	6.14891
2447.769	14.76630	7.09305	14.69871	6.06338
2451.813	14.86831	7.03700	14.69580	6.08307
2455.814	14.93348	6.85151	14.68561	6.00607
2459.810	15.06954	6.87380	14.65525	5.56197
2463.814	14.93874	6.67114	14.65010	4.31282
2467.813	15.02730	6.40563	14.63105	5.07176
2471.813	14.99556	6.34060	14.54914	4.42094
2475.811	14.91249	6.23929	14.09932	5.83326
2479.816	14.87091	6.27155	13.91713	5.59631
2483.813	14.67026	6.12218	13.88488	5.26155
2487.812	13.99291	6.29964	14.19630	5.75537
2491.812	14.12452	6.18403	14.32160	5.48338
2495.811	14.04500	6.17153	14.37485	5.49346
2499.812	13.77546	6.21250	14.39899	5.32715
2503.771	13.71179	6.21126	14.52126	5.40435
2507.814	13.70657	6.18382	14.69276	5.34668
2511.812	13.69999	6.22307	14.62489	5.36732
2515.813	13.88319	6.18220	14.72703	5.24626
2519.812	13.84179	6.23099	14.82119	5.30222
2523.816	13.80872	6.21229	14.87951	5.27351
2527.810	13.90981	6.20052	14.87684	5.32127
2531.812	14.03311	6.15193	14.95609	5.33169
2535.814	14.02697	6.15634	14.94458	5.19899
2539.816	14.17607	6.10883	14.91288	5.21526
2543.815	14.24147	6.06304	14.93307	5.17212
2547.805	14.30934	6.01944	14.97173	5.13062
2551.815	14.37070	5.98428	14.93311	5.15386
2555.803	14.49171	5.95928	14.96168	5.19580
2559.815	14.66431	5.95222	14.99542	5.19434
2563.814	14.64814	5.92666	14.96844	5.18459
2567.811	14.54181	5.92144	14.96061	5.21316
2571.814	14.75024	5.93984	14.96529	5.21288
2575.815	14.47994	5.97963	14.95331	5.16481
2579.818	14.54825	6.02690	14.96971	5.17751
2583.815	14.56413	6.02067	15.00383	5.19288
2587.804	14.52733	6.06234	15.02547	5.21518
2591.816	14.43042	6.06687	15.05994	5.20275
2595.814	14.35901	6.09017	15.07803	5.20876
2599.815	14.41334	6.10722	15.07380	5.20544
2603.821	14.34995	6.09875	15.06271	5.21903
2607.814	14.31400	6.13319	15.06667	5.20570
2611.814	14.31361	6.12815	15.08405	5.17218
2615.815	14.27413	6.12210	15.12180	5.12099
2619.816	14.27921	6.10318	15.16606	5.20609
2623.816	14.18123	6.11715	15.16368	5.14094
2627.806	15.89492	3.59448	15.11341	4.99846
2631.803	13.85952	5.98326	14.20625	5.25839
2635.709	12.77174	5.58378	10.46856	5.22336
2639.815	10.41004	5.75823	8.18375	5.12974
2643.816	9.28497	5.79184	5.39025	3.88069
2647.815	6.27770	5.35217	4.45705	3.72038
2651.817	4.22162	4.25625	3.46009	3.60781
2655.815	2.62070	3.72104	0.76511	2.02674
2659.816	1.33778	3.30801	0.71097	1.12332
2663.817	0.25473	1.66376	-0.72270	0.96152
2667.818	-1.49098	1.58838	0.29009	0.45050
2671.779	-1.83816	1.50335	0.58091	-0.41093
2675.818	-1.77630	1.77031	0.67900	-0.12255
2679.822	-1.78753	1.84081	0.73171	-0.13512
2683.818	-1.80573	1.87580	0.71193	-0.21552
2687.817	-1.85767	1.76229	0.77059	-0.25935
2691.776	-1.89972	1.53037	0.64694	-0.30518
2695.816	-1.99756	1.47961	0.66776	-0.31978
2699.819	-2.00115	1.27909	0.50942	-0.13155
2703.818	-2.06376	1.38658	-0.08483	-0.26412
2707.819	-2.07383	1.29107	-0.24468	-0.33802
2711.796	-2.16967	1.23174	0.15700	-0.34585
2715.709	-2.15673	1.18911	0.30210	-0.32609
2719.817	-2.22302	1.12383	0.13794	-0.30713
2723.816	-2.25528	1.15235	0.10726	-0.42335
2727.818	-2.23293	1.11094	-0.24679	-0.43711
2731.819	-2.27070	1.07937	-0.24510	-0.49066
2735.817	-2.25065	1.11924	-0.40398	-0.43094
2739.817	-2.21722	1.22446	-0.44946	-0.48028
2743.818	-2.27575	1.24506	-0.48795	-0.59358
2747.820	-2.18230	1.29557	-0.48646	-0.92547
2751.814	-2.19100	1.33080	-0.59042	-0.89199
2755.809	-2.13222	1.37009	-0.46956	-0.98027
2759.818	-2.10421	1.41829	-0.48895	-1.15583
2763.818	-2.08141	1.44881	-0.50714	-1.24495
2767.818	-2.04275	1.47706	-0.45706	-1.45674
2771.819	-2.04334	1.54081	-0.52379	-1.40920
2775.819	-2.08443	1.53169	-0.49446	-1.47191
2779.820	-2.08414	1.59157	-0.50743	-1.43960
2783.819	-2.09633	1.56550	-0.50518	-1.50148
2787.823	-1.97956	1.59286	-0.56240	-1.52046
2791.823	-1.95009	1.54383	-0.55848	-1.52938
2795.818	-1.90182	1.48024	-0.49577	-1.55328
2799.822	-1.72061	1.52973	-0.51515	-1.57346
2803.817	-1.71551	1.49873	-0.57565	-1.55192
2807.821	-1.76353	1.48676	-0.52215	-1.60139
2811.820	-1.60928	1.49273	-0.52572	-1.59824
2815.817	-1.43719	1.50715	-0.53932	-1.59796
2819.823	-1.43367	1.46368	-0.54433	-1.57549
2823.775	-1.33366	1.42916	-0.58449	-1.61667
2827.821	-1.24652	1.40302	-0.60789	-1.58553
2831.820	-1.32213	1.43863	-0.63536	-1.58947
2835.821	-1.25485	1.48688	-0.56736	-1.55818
2839.817	-1.29243	1.50870	-0.45527	-1.58582
2843.821	-1.38032	1.54581	-0.39936	-1.56333
2847.820	-1.45088	1.55135	-0.17809	-1.48035
2851.820	-1.38446	1.60422	-0.10225	-1.51279
2855.820	-1.40740	1.66569	0.17673	-1.52326
2859.821	-1.62168	1.60856	0.27520	-1.53296
2863.820	-1.68994	1.64961	0.17323	-1.51161
2867.820	-1.77348	1.72182	0.13116	-1.49861
2871.821	-1.74714	1.81624	0.30838	-1.49645
2875.825	-1.88038	1.70343	0.21653	-1.48867
2879.785	-2.00790	1.74633	0.33111	-1.50574
2883.824	-2.14364	1.68906	0.31454	-1.49901
2887.822	-1.64342	1.77561	0.37042	-1.48499
2891.718	-1.84282	1.81723	0.43840	-1.47786
2895.822	-1.54911	1.83684	0.39857	-1.46411
2899.821	-1.61830	1.84311	0.42485	-1.42355
2903.824	-1.61099	1.82165	0.35243	-1.22704
2907.826	-1.89300	1.85231	0.43085	-1.15704
2911.824	-1.87716	1.91515	0.58717	-1.28010
2915.822	-2.15802	1.83358	0.53540	-1.22611
2919.799	-2.09160	1.84452	0.55240	-1.18747
2923.825	-2.10030	1.97042	0.49714	-1.17652
2927.822	-2.56372	2.02464	0.56657	-1.13461
2931.821	-3.01051	2.00536	0.33886	-1.05958
2935.822	-3.01103	2.00425	0.22683	-1.10090
2939.823	-2.65543	1.94516	0.45899	-1.10735
2943.818	-2.63715	2.03901	0.52811	-1.14733
2947.822	-2.64307	2.01450	0.25632	-1.12914
2951.821	-2.24081	1.96079	0.27041	-1.19469
2955.824	-2.28621	1.90213	0.26855	-1.11706
2959.815	-1.82061	1.80269	0.93165	-1.09130
2963.814	-1.72317	1.83710	0.79808	-1.07994
2967.823	-1.73596	1.74878	0.69231	-1.01600
2971.822	-1.40931	1.79891	0.34464	-0.97094
2975.823	-1.34447	1.79998	0.22189	-0.98683
2979.824	-1.82366	1.92823	0.16918	-1.02551
2983.825	-1.88336	1.85158	-0.09912	-1.09402
2987.686	-2.29027	1.79177	-0.21070	-1.25393
2991.824	-2.87373	1.70213	0.35906	-1.40931
2995.700	-2.78998	1.59902	0.26592	-1.17462
2999.698	-2.30457	2.05754	0.49967	-0.37361
3003.749	-1.93162	2.20049	0.33508	-0.75941
3007.656	-2.02849	1.41858	0.19189	-1.27037
3011.697	-1.38069	0.93974	-0.62225	-1.49626
3015.700	-1.38017	0.18060	-0.20489	-3.95449
3019.689	-2.15936	-2.45272	-0.52282	-4.60853
3023.738	-1.97235	-4.31295	0.38861	-4.74603
3027.702	-1.72815	-5.11028	0.76119	-5.09992
3031.700	-1.60156	-5.40010	1.17488	-5.80814
3035.693	-2.07645	-5.96587	0.99546	-5.99115
3039.700	-2.02564	-6.37637	0.71449	-5.98235
3043.700	-2.03662	-6.10679	0.60444	-5.89367
3047.695	-2.12238	-5.94801	0.83319	-5.75549
3051.688	-2.25407	-6.13732	0.98730	-5.75589
3055.701	-2.27109	-6.15855	1.14159	-5.49550
3059.699	-2.27840	-6.28357	1.20519	-5.76602
3063.700	-2.11784	-6.28775	1.33619	-5.98842
3067.690	-1.70660	-6.99211	1.13913	-5.85923
3071.701	-1.70988	-6.70257	1.09711	-5.56797
3075.701	-2.21358	-6.78936	1.10703	-5.45834
3079.702	-2.19251	-6.67110	1.05930	-5.66856
3083.693	-2.22136	-6.58534	1.17470	-5.89286
3087.703	-2.20315	-6.50398	1.12132	-5.72785
3091.678	-2.24829	-6.53185	0.97782	-5.80475
3095.703	-2.33928	-6.72607	1.17979	-6.15084
3099.692	-2.31091	-6.52840	1.19140	-6.07381
3103.702	-2.38633	-6.56459	1.03928	-6.09707
3107.701	-2.50702	-6.56499	0.89510	-6.12466
3111.701	-2.20785	-6.92181	1.07708	-6.05462
3115.689	-2.25132	-6.64247	1.19889	-5.95654
3119.703	-2.21469	-6.65495	1.40869	-5.91444
3123.703	-2.01702	-6.42718	1.49378	-6.00526
3127.661	-1.75570	-6.53169	1.40968	-5.99119
3131.699	-1.69021	-6.52745	1.26631	-5.93562
3135.693	-1.46308	-6.63969	1.14752	-5.91782
3139.701	-1.33096	-6.70520	1.33145	-5.95966
3143.701	-1.29407	-6.78157	1.07530	-5.96429
3147.691	-1.40301	-6.93725	1.07897	-6.00203
3151.702	-1.70742	-6.96943	1.11874	-6.02756
3155.701	-2.27478	-6.84338	0.84605	-6.06849
3159.703	-2.75834	-6.93964	0.69662	-6.03454
3163.692	-3.10079	-6.92923	0.76084	-6.13003
3167.704	-2.43830	-7.00508	0.94634	-6.11455
3171.702	-2.37169	-7.02354	0.78868	-6.12820
3175.675	-2.61124	-7.01355	0.73206	-6.12059
3179.696	-2.29141	-7.03189	0.96666	-6.24136
3183.706	-1.89320	-6.99512	0.96383	-6.18148
3187.703	-1.68974	-7.03441	0.85488	-6.13856
3191.700	-1.88680	-7.10014	0.94904	-6.02441
3195.691	-2.55262	-7.05967	1.01590	-6.01363
3199.704	-2.05268	-6.96510	0.26565	-6.02244
3203.703	-3.79890	-6.27293	-2.01134	-5.96436
3207.659	-5.22564	-5.35895	-5.22251	-5.78540
3211.696	-5.97671	-4.67369	-6.24521	-5.73214
3215.685	-8.80262	-4.39239	-7.24356	-5.63670
3219.701	-10.84738	-5.03363	-9.76023	-5.85418
3223.704	-11.43779	-5.11750	-11.56045	-5.92418
3227.701	-13.21594	-5.92423	-11.93971	-6.43029
3231.705	-13.10525	-5.75012	-12.69084	-6.37526
3235.704	-12.89407	-5.08666	-12.84480	-5.90537
3239.715	-12.99675	-4.77098	-12.83982	-6.18942
3243.660	-12.95009	-4.50284	-11.74516	-5.90046
3247.703	-12.91887	-4.75026	-12.34749	-6.36361
3251.706	-12.95082	-4.87636	-12.10718	-6.34444
3255.703	-12.99333	-5.04445	-12.33589	-6.43833
3259.694	-13.07302	-5.16780	-12.46628	-6.48782
3263.704	-13.09115	-5.25376	-11.82747	-6.53549
3267.706	-13.12566	-5.14493	-11.49219	-6.60374
3271.705	-13.12540	-5.11814	-11.81648	-6.62442
3275.692	-13.16252	-5.07988	-11.43879	-6.61153
3279.705	-13.21467	-5.14744	-11.36818	-6.66349
3283.710	-13.26834	-5.09763	-11.40677	-6.85789
3287.705	-13.26857	-5.13390	-11.26782	-6.88031
3291.696	-13.31922	-5.08589	-11.25860	-6.87880
3295.708	-13.33358	-5.28123	-11.11294	-6.96630
3299.706	-13.36312	-5.32941	-11.12856	-7.09627
3303.707	-13.33072	-5.34645	-11.11970	-7.11591
3307.702	-13.32477	-5.63660	-11.09891	-7.15463
3311.704	-13.31382	-5.76270	-11.11549	-7.13639
3315.662	-13.30945	-5.57339	-11.11248	-7.14040
3319.704	-13.27661	-5.61949	-11.10572	-7.13457
3323.697	-13.19186	-5.78669	-11.14610	-7.07964
3327.662	-13.11902	-5.83716	-11.18367	-7.02066
3331.707	-13.11326	-5.75372	-11.23545	-7.00988
3335.708	-13.07514	-5.78238	-11.20431	-6.97585
3339.704	-13.04693	-5.75742	-11.20708	-6.83227
3343.706	-13.01480	-5.63708	-11.23038	-6.67722
3347.707	-12.99595	-5.61731	-11.23922	-6.10769
3351.705	-12.86676	-5.55462	-11.17961	-6.09047
3355.703	-12.92786	-4.90205	-11.18250	-6.11090
3359.706	-12.87409	-5.04214	-11.10880	-6.06637
3363.705	-12.86395	-5.40847	-10.68708	-5.90958
3367.706	-12.96225	-5.07831	-10.52134	-5.65243
3371.703	-13.05067	-4.93845	-11.13762	-4.74997
3375.710	-16.98217	-3.99720	-13.56228	-3.18505
3379.662	-18.63672	-2.21306	-15.68115	-2.49280
3383.682	-18.96882	-2.11287	-13.49652	-2.36942
3387.729	-19.64138	-12.10343	NaN	NaN
3391.706	-19.77733	-12.09345	NaN	NaN
3395.707	-19.83858	-12.08893	NaN	NaN
3399.710	-19.87364	-12.08634	NaN	NaN
3403.709	-19.89649	-12.08464	NaN	NaN
3407.726	-19.91268	-12.08344	NaN	NaN
3411.709	-19.92479	-12.08255	NaN	NaN
3415.664	-19.93424	-12.08184	NaN	NaN
3419.710	-19.94187	-12.08128	NaN	NaN
3423.664	-19.96259	-12.07974	NaN	NaN
3427.706	NaN	NaN	NaN	NaN
3431.664	NaN	NaN	NaN	NaN
3435.709	NaN	NaN	NaN	NaN
3439.709	NaN	NaN	NaN	NaN
3443.709	-19.94626	-3.74673	-19.98160	3.71490
3447.727	-19.16085	-4.25790	-18.23309	0.85596
3451.710	-19.19745	-5.35336	-16.01479	-5.74072
3455.708	-19.18955	-5.39056	-3.38197	-8.39535
3459.710	-7.11831	-6.31835	-17.32210	-7.33372
3463.698	-8.38568	-5.79888	-16.98841	-6.48574
3467.706	-14.50204	-5.93356	-14.47229	-6.39353
3471.709	-14.16235	-5.98842	-13.45587	-6.92960
3475.709	-13.81310	-6.40825	-12.26268	-7.19338
3479.700	-13.67815	-5.99303	-11.79670	-7.11959
3483.710	-13.06836	-6.01392	-11.83522	-6.82076
3487.709	-12.86982	-5.92209	-11.58687	-7.02796
3491.708	-12.95324	-6.06109	-11.45760	-7.19849
3495.707	-13.15776	-6.12111	-11.32197	-7.11465
3499.710	-13.17979	-5.87516	-11.26844	-7.04000
3503.666	-13.30517	-6.12758	-11.32271	-7.11146
3507.684	-13.33457	-6.09108	-11.26316	-7.06929
3511.712	-13.31081	-6.15050	-11.23342	-6.87692
3515.709	-13.28658	-6.16754	-11.14899	-6.59061
3519.712	-13.15917	-6.05869	-11.16132	-6.81767
3523.689	-13.11768	-6.11885	-11.21193	-6.79160
3527.702	-13.06259	-6.13785	-11.16722	-6.82727
3531.710	-13.01991	-6.11346	-11.20013	-6.75108
3535.710	-13.00445	-6.19471	-11.16958	-6.92381
3539.711	-13.06862	-6.08493	-11.14598	-6.97196
3543.702	-13.31819	-6.51729	-11.14997	-7.02343
3547.704	-13.33297	-6.56341	-11.08161	-6.92062
3551.704	-13.25072	-6.55640	-11.21923	-7.01831
3555.707	-13.27360	-6.37025	-11.21988	-6.97291
3559.704	-13.32724	-6.39168	-11.22766	-6.96074
3563.709	-13.17452	-6.59315	-11.16547	-6.93561
3567.712	-13.13778	-6.41556	-11.11602	-6.97113
3571.710	-13.35323	-6.49618	-11.06365	-6.93647
3575.700	-13.33826	-6.39020	-10.95294	-6.88269
3579.711	-13.30926	-6.35929	-11.05907	-6.80804
3583.713	-13.27708	-6.45425	-11.06071	-6.71784
3587.714	-13.15244	-6.40163	-11.22453	-6.67921
3591.701	-13.07596	-6.29494	-11.20531	-6.49616
3595.710	-12.97860	-6.26704	-11.16074	-6.42872
3599.710	-12.88034	-6.18958	-11.10352	-6.33670
3603.713	-12.81080	-6.15289	-11.02395	-6.30656
3607.710	-12.81155	-6.11507	-11.00238	-6.28185
3611.711	-12.75899	-6.13409	-10.92497	-6.19563
3615.712	-12.67343	-6.16645	-11.05935	-6.13835
3619.713	-12.64938	-6.15507	-11.01032	-6.12769
3623.701	-12.63293	-6.15530	-10.92186	-6.11868
3627.714	-12.65517	-6.11153	-10.85851	-6.09314
3631.696	-12.74973	-6.08375	-10.74637	-6.07037
3635.711	-12.72296	-6.07808	-10.72764	-6.09167
3639.703	-12.70629	-6.02375	-10.65642	-6.12040
3643.713	-12.83526	-6.02672	-10.64262	-6.15104
3647.713	-12.84057	-5.99995	-10.63288	-6.16464
3651.713	-12.89914	-5.99911	-10.55706	-6.16350
3655.704	-13.37308	-6.04873	-10.49085	-6.20975
3659.714	-13.01882	-6.01976	-10.37714	-6.07029
3663.714	-12.96265	-5.95431	-10.20144	-4.54385
3667.715	-11.48921	-5.55492	-9.82754	-5.54621
3671.700	-7.93286	-2.48178	-9.34490	-3.30791
3675.718	-5.27639	-2.23912	-6.56860	-2.52143
3679.714	-4.76495	-2.15487	-4.30156	-2.11033
3683.713	-2.58809	-1.18189	-2.71404	-1.20507
3687.612	0.17437	-1.82154	-1.94714	-1.30452
3691.712	1.22447	-1.71863	0.31416	-1.22138
3695.714	4.41028	-2.10589	3.14115	-1.30768
3699.714	5.04122	-2.12378	3.64936	-1.34992
3703.611	7.38361	-2.32653	6.29884	-1.37967
3707.714	9.90876	-2.33317	7.51159	-1.27980
3711.715	10.06537	-2.66099	8.85049	-1.56464
3715.714	11.97275	-2.59538	9.69472	-1.52842
3719.680	11.39678	-2.48223	11.19194	-1.59594
3723.713	11.43677	-2.45086	10.88365	-1.33680
3727.715	11.61097	-2.66482	10.90549	-1.41733
3731.715	11.56984	-2.70602	10.96818	-1.39087
3735.610	11.59649	-2.69757	10.87793	-1.45848
3739.716	11.69521	-2.79834	11.07957	-1.52684
3743.716	11.59477	-2.70393	11.03607	-1.84125
3747.716	11.07463	-2.62331	11.03975	-1.59689
3751.616	11.09406	-2.35602	11.05180	-1.74771
3755.670	11.20445	-2.38272	11.11126	-1.61692
3759.706	10.98650	-2.60954	11.11318	-1.56738
3763.716	10.96629	-2.66868	11.04171	-1.58384
3767.617	11.12598	-2.74399	11.10352	-1.63696
3771.716	11.08866	-2.86011	11.14371	-1.68519
3775.716	11.13685	-2.60071	11.11129	-1.87295
3779.717	11.29068	-2.67464	11.18019	-1.96998
3783.722	11.16117	-2.53157	11.08122	-1.89136
3787.720	10.92088	-2.46287	10.97607	-1.85785
3791.720	10.91593	-2.33024	10.96959	-1.97106
3795.717	10.81813	-2.64314	10.95375	-2.02374
3799.615	10.71916	-2.65768	10.87206	-1.98523
3803.715	10.71557	-2.62253	10.71221	-2.12430
3807.715	10.80512	-2.76133	10.70979	-2.22909
3811.718	10.61291	-2.70776	10.67167	-2.33120
3815.613	10.52655	-2.69867	10.51139	-2.20396
3819.716	10.52758	-2.84688	10.68911	-2.25637
3823.716	10.60881	-2.86806	10.55217	-2.27063
3827.672	10.55629	-2.75242	10.54397	-2.21371
3831.613	10.55430	-2.77625	10.56351	-2.25710
3835.719	10.72618	-2.94320	10.36689	-2.32682
3839.700	10.82720	-2.93133	10.31732	-2.29711
3843.714	10.82557	-2.87521	10.24879	-2.53602
3847.719	10.86926	-2.86386	10.41474	-2.50190
3851.719	11.05868	-2.75810	10.62761	-2.80300
3855.719	11.01558	-2.70255	10.64959	-2.87182
3859.717	11.11595	-2.73221	10.67608	-3.02916
3863.721	11.20942	-2.67201	10.54790	-2.89041
3867.719	11.12911	-2.59930	10.50556	-2.92451
3871.718	11.22802	-2.58134	10.58256	-3.02064
3875.721	11.28479	-2.62742	10.68353	-3.09600
3879.585	11.22687	-2.61941	10.62236	-3.16108
3883.716	11.29293	-2.63182	10.73155	-3.22683
3887.723	11.28488	-2.61303	10.77996	-3.31862
3891.719	11.34967	-2.70076	10.97880	-3.48596
3895.616	11.30037	-2.58648	11.04881	-3.46628
3899.718	10.42828	-2.33407	11.19526	-3.52842
3903.718	10.94586	-2.31802	11.66541	-3.42652
3907.718	10.58675	-2.26762	12.01941	-2.70542
3911.620	10.31287	-2.04477	11.67629	-2.34628
3915.720	9.98393	-2.04927	11.72672	-2.35613
3919.720	10.61080	-1.77634	11.50813	-2.78083
3923.694	10.60711	-1.82665	11.57162	-2.91736
3927.609	10.33442	-1.82597	11.67529	-2.89634
3931.719	10.83596	-1.75866	11.63916	-2.82051
3935.720	10.48756	-1.63769	11.66444	-3.24295
3939.719	11.52867	-1.55685	11.47229	-2.50943
3943.720	12.84857	-0.45875	10.07091	-2.62611
3947.721	13.11561	1.74367	11.42914	-2.54258
3951.720	13.39706	3.09326	17.78798	-2.41868
3955.719	12.51475	3.97669	15.04478	0.25204
3959.723	NaN	NaN	17.22246	4.07532
3963.710	NaN	NaN	15.80110	3.65780
3967.710	NaN	NaN	NaN	NaN
3971.720	NaN	NaN	NaN	NaN
3975.720	NaN	NaN	NaN	NaN
3979.719	NaN	NaN	NaN	NaN
3983.675	NaN	NaN	NaN	NaN
3987.724	NaN	NaN	NaN	NaN
3991.722	NaN	NaN	NaN	NaN
3995.721	NaN	NaN	NaN	NaN
3999.675	NaN	NaN	NaN	NaN
4003.736	NaN	NaN	NaN	NaN
4007.674	NaN	NaN	NaN	NaN
4011.720	NaN	NaN	NaN	NaN
4015.675	NaN	NaN	NaN	NaN
4019.596	NaN	NaN	NaN	NaN
4023.594	NaN	NaN	NaN	NaN
4027.595	NaN	NaN	NaN	NaN
4031.552	NaN	NaN	NaN	NaN
4035.595	NaN	NaN	NaN	NaN
4039.595	NaN	NaN	NaN	NaN
4043.597	NaN	NaN	NaN	NaN
4047.549	NaN	NaN	NaN	NaN
4051.551	NaN	NaN	NaN	NaN
4055.597	NaN	NaN	NaN	NaN
4059.598	NaN	NaN	NaN	NaN
4063.598	NaN	NaN	NaN	NaN
4067.596	NaN	NaN	NaN	NaN
4071.599	NaN	NaN	NaN	NaN
4075.598	NaN	NaN	NaN	NaN
4079.598	NaN	NaN	NaN	NaN
4083.598	NaN	NaN	NaN	NaN
4087.599	NaN	NaN	NaN	NaN
4091.598	NaN	NaN	NaN	NaN
4095.596	NaN	NaN	NaN	NaN
4099.595	NaN	NaN	NaN	NaN
4103.598	NaN	NaN	2.62969	3.36780
4107.600	NaN	NaN	0.07515	0.45138
4111.598	7.93669	3.58806	1.01977	-1.81607
4115.599	1.95237	7.20818	4.64931	-2.03903
4119.595	1.76234	6.17343	2.20151	-2.25491
4123.598	0.00226	0.88275	1.80070	-1.43411
4127.599	-0.35784	0.96324	-0.11349	-1.06707
4131.598	0.62526	0.65170	-0.64394	-1.34778
4135.612	0.40172	-0.26866	-1.28192	-1.31669
4139.597	-0.58975	0.37877	-0.31617	-0.91192
4143.599	-3.72879	-0.12614	0.35806	-1.02358
4147.600	-3.80226	-0.15663	0.41502	-1.98329
4151.589	-1.41556	0.07189	0.97058	-1.85152
4155.599	-0.75791	-0.15480	0.99437	-1.97023
4159.599	-0.81183	-0.09559	1.90066	-1.53918
4163.607	-0.59873	0.03471	1.77033	-1.38806
4167.619	-0.72521	-0.07081	1.87299	-1.58045
4171.601	-0.82731	-0.07615	1.79398	-1.63520
4175.599	-0.84394	-0.04241	1.41196	-1.51191
4179.600	-0.85649	0.10542	1.18554	-1.51065
4183.621	-0.79578	0.24780	1.67955	-1.52606
4187.600	-0.97978	0.53337	1.43667	-1.47066
4191.601	-0.91741	0.83357	1.43597	-1.48357
4195.555	-0.79002	1.15847	1.48580	-1.39553
4199.613	-0.76198	1.36044	1.29278	-1.29861
4203.600	-0.72116	1.17031	1.88023	-1.15689
4207.600	-0.72878	1.72737	2.09651	-1.18598
4211.601	-0.77099	1.81277	1.96623	-1.13685
4215.620	-0.80498	2.27801	1.90926	-1.06243
4219.577	-0.53128	1.73898	1.57920	-0.97439
4223.603	-0.52406	0.30121	1.37883	-1.00264
4227.604	-0.70154	0.60506	1.11162	-0.94440
4231.621	-0.89865	0.28237	1.08373	-0.90797
4235.601	-0.77461	0.23219	0.97107	-1.03808
4239.601	-0.51240	1.04535	0.72474	-1.06197
4243.601	-0.79630	0.75321	1.14593	-0.99051
4247.622	-0.71340	1.43728	1.35698	-1.11068
4251.601	-0.51495	2.27457	1.47394	-1.13466
4255.601	-0.51113	1.98810	1.49334	-1.34969
4259.596	-0.60285	1.59258	1.46978	-1.18159
4263.591	-0.49133	1.09095	1.20862	-1.35971
4267.600	-0.52329	0.96429	1.16463	-1.33428
4271.601	-0.54386	0.72088	1.50224	-1.49849
4275.601	-0.66821	0.98520	1.80181	-1.53219
4279.626	-0.69240	1.06300	1.74184	-1.47426
4283.601	-0.52081	1.15543	1.63437	-1.40107
4287.602	-0.46418	0.97925	1.50733	-1.49794
4291.602	-0.62908	0.85097	1.35663	-1.47426
4295.626	-0.75015	0.90751	1.12474	-1.44789
4299.604	-0.65367	0.82861	1.45016	-1.55527
4303.573	-0.44001	0.82581	1.62877	-1.52923
4307.598	-0.91148	0.77550	1.74099	-1.55729
4311.626	-1.20264	0.69700	1.71945	-1.65603
4315.599	-1.06396	0.78229	1.48984	-1.82813
4319.559	-0.64466	0.83343	1.42578	-1.97198
4323.605	-0.54215	0.64289	1.78555	-1.90388
4327.637	-0.41693	0.42532	1.74018	-1.81478
4331.603	-0.46803	0.82811	1.64734	-1.71647
4335.605	-0.14898	1.00209	1.65111	-1.79211
4339.605	-0.26403	1.02118	1.42880	-1.82158
4343.614	-0.12672	0.84088	1.18244	-1.82796
4347.602	-0.41388	0.61299	0.82081	-1.61753
4351.605	-0.49761	1.25019	1.34145	-1.68087
4355.603	-0.51394	1.11276	1.57114	-1.75438
4359.625	-0.49850	0.99962	1.40184	-1.77552
4363.605	-0.68613	1.03155	1.46380	-1.85255
4367.605	-0.73593	0.99227	1.48575	-2.21291
4371.604	-0.40854	0.88978	1.75049	-1.98063
4375.624	-0.43988	0.73657	1.81188	-2.17609
4379.559	-0.31096	0.90695	1.61166	-1.24301
4383.604	-0.73970	0.92714	1.61917	-0.96861
4387.567	-0.82421	0.74359	1.43391	-1.33444
4391.607	-0.67538	0.77643	1.45715	-1.93521
4395.559	-0.69615	0.66846	1.81191	-2.08832
4399.604	-0.59590	0.64661	1.75019	-2.01719
4403.605	-0.67151	0.59212	1.10070	-1.38484
4407.624	-0.85687	0.65910	1.38175	-0.74529
4411.606	-0.87587	0.78109	1.31674	-0.55743
4415.605	-0.74687	0.64709	1.68198	-1.53731
4419.606	-0.69407	1.02579	1.03166	-0.98633
4423.607	-0.33861	0.92591	1.11943	-1.76657
4427.606	-0.34191	0.89115	1.09728	-1.88887
4431.607	-0.49731	1.11438	0.92138	-1.10116
4435.605	-0.50929	1.30132	1.31168	-1.04695
4439.605	-0.59471	1.08199	1.32314	-0.93710
4443.604	-0.45974	1.06279	0.88327	-0.78417
4447.607	-0.56860	1.26729	0.61394	-0.86640
4451.607	-0.79357	1.20780	1.21784	-1.02712
4455.628	-0.78660	1.37156	1.26850	-0.99278
4459.606	-0.48244	1.28099	0.99799	-1.05164
4463.607	-0.68645	1.39115	0.83573	-1.49932
4467.603	-1.12092	1.77399	0.70546	-1.03940
4471.625	-2.40853	3.11614	0.47182	2.16378
4475.611	-3.15869	6.22077	-3.19528	4.13443
4479.609	-5.38400	8.70027	-4.34746	6.72123
4483.606	-5.33682	9.28053	-6.00494	9.87964
4487.625	-8.16992	9.54865	-6.41717	10.96645
4491.611	-8.85114	11.27873	-6.78331	12.66243
4495.607	-8.96462	12.37324	NaN	NaN
4499.608	-9.45211	12.84292	NaN	NaN
4503.611	NaN	NaN	NaN	NaN
4507.563	NaN	NaN	NaN	NaN
4511.584	NaN	NaN	NaN	NaN
4515.608	-10.19671	14.57988	NaN	NaN
4519.608	-9.89116	14.36279	NaN	NaN
4523.607	-9.74868	14.32571	NaN	NaN
4527.610	-10.05031	14.22876	NaN	NaN
4531.607	-9.74506	14.03340	NaN	NaN
4535.608	-10.35985	14.16526	NaN	NaN
4539.610	-10.35688	14.39865	NaN	NaN
4543.609	NaN	NaN	NaN	NaN
4547.607	NaN	NaN	NaN	NaN
4551.596	NaN	NaN	NaN	NaN
4555.607	NaN	NaN	NaN	NaN
4559.611	NaN	NaN	NaN	NaN
4563.609	NaN	NaN	NaN	NaN
4567.611	-10.32047	14.21853	NaN	NaN
4571.612	NaN	NaN	NaN	NaN
4575.611	NaN	NaN	NaN	NaN
4579.610	NaN	NaN	NaN	NaN
4583.612	-10.69103	14.28733	NaN	NaN
4587.611	NaN	NaN	NaN	NaN
4591.613	NaN	NaN	NaN	NaN
4595.572	-10.43392	14.41320	NaN	NaN
4599.606	NaN	NaN	NaN	NaN
4603.609	-10.34331	14.63174	NaN	NaN
4607.609	NaN	NaN	NaN	NaN
4611.610	-10.48363	14.50332	NaN	NaN
4615.610	-10.70414	14.62721	NaN	NaN
4619.610	-10.75811	14.52517	NaN	NaN
4623.610	-10.86002	14.58615	NaN	NaN
4627.611	-10.43265	14.60948	NaN	NaN
4631.610	-10.71125	14.61533	NaN	NaN
4635.589	-10.74134	14.60491	NaN	NaN
4639.610	NaN	NaN	NaN	NaN
4643.612	-10.44050	14.63516	NaN	NaN
4647.612	-10.52756	14.55913	NaN	NaN
4651.613	-10.64489	14.50169	NaN	NaN
4655.610	-10.71252	14.39549	NaN	NaN
4659.612	-10.45353	14.50529	NaN	NaN
4663.613	-10.82241	14.54870	NaN	NaN
4667.612	NaN	NaN	NaN	NaN
4671.612	NaN	NaN	NaN	NaN
4675.605	NaN	NaN	NaN	NaN
4679.614	NaN	NaN	NaN	NaN
4683.612	NaN	NaN	NaN	NaN
4687.612	NaN	NaN	NaN	NaN
4691.574	-14.31903	14.40405	NaN	NaN
4695.612	-14.28681	14.30370	NaN	NaN
4699.612	NaN	NaN	NaN	NaN
4703.611	NaN	NaN	NaN	NaN
4707.611	NaN	NaN	NaN	NaN
4711.614	NaN	NaN	NaN	NaN
4715.613	NaN	NaN	NaN	NaN
4719.581	NaN	NaN	NaN	NaN
4723.610	NaN	NaN	NaN	NaN
4727.613	NaN	NaN	NaN	NaN
4731.612	NaN	NaN	NaN	NaN
4735.613	NaN	NaN	NaN	NaN
4739.614	-14.00482	14.59475	NaN	NaN
4743.616	NaN	NaN	NaN	NaN
4747.613	NaN	NaN	NaN	NaN
4751.612	NaN	NaN	NaN	NaN
4755.615	NaN	NaN	NaN	NaN
4759.570	NaN	NaN	NaN	NaN
4763.569	NaN	NaN	NaN	NaN
4767.615	NaN	NaN	NaN	NaN
4771.614	NaN	NaN	NaN	NaN
4775.613	NaN	NaN	NaN	NaN
4779.614	NaN	NaN	NaN	NaN
4783.615	NaN	NaN	NaN	NaN
4787.614	NaN	NaN	NaN	NaN
4791.615	NaN	NaN	NaN	NaN
4795.616	NaN	NaN	NaN	NaN
4799.617	NaN	NaN	NaN	NaN
4803.614	NaN	NaN	NaN	NaN
4807.613	NaN	NaN	NaN	NaN
4811.614	NaN	NaN	NaN	NaN
4815.614	-12.16645	13.52494	NaN	NaN
4819.615	-9.79865	13.33363	NaN	NaN
4823.571	-7.68715	10.19588	-8.68960	14.08362
4827.617	-8.85397	9.10936	-7.61936	9.58951
4831.616	-6.94694	7.46635	-6.93315	9.02695
4835.617	-5.78300	6.95721	-6.13309	4.32010
4839.614	-5.78806	6.11438	-5.18776	4.74937
4843.593	-4.59440	5.56688	-4.43103	1.96655
4847.616	-3.77627	3.45958	-4.00134	3.35872
4851.615	-3.75015	2.18223	-3.20328	1.87083
4855.616	-3.57105	0.86001	-1.41816	-0.65248
4859.616	-3.74031	-0.00863	-1.38533	-0.78992
4863.617	-3.72882	-0.07377	-1.31483	-1.08562
4867.615	-3.72768	-0.16730	-2.99792	-1.04301
4871.619	-3.59762	-0.01257	-3.55970	-1.05123
4875.616	-3.28175	0.39132	-3.33164	-1.06356
4879.615	-3.68364	0.72897	-2.93683	-0.98184
4883.610	-3.53387	0.42785	-2.18684	-0.75388
4887.620	-3.47816	1.68134	-2.75118	-1.33952
4891.616	-3.91138	0.36425	-2.35293	-1.11383
4895.574	-4.36858	0.89948	-2.18496	-0.82051
4899.617	-3.55234	1.03371	-3.02262	-2.13176
4903.616	-3.88036	0.79893	-2.96294	-1.70244
4907.615	-3.69526	1.15796	-2.78433	-0.92999
4911.615	-3.82603	1.57842	-2.64604	-0.65306
4915.618	-4.04174	0.93321	-2.37575	-1.43192
4919.618	-3.84041	1.40387	-2.30680	-0.87888
4923.616	-3.65873	0.74436	-3.51090	-0.65545
4927.587	-3.97015	0.89366	-2.88737	-0.99060
4931.616	-3.90508	1.14908	-2.23920	-1.53148
4935.513	-4.10597	1.27988	-2.07730	-0.98559
4939.617	-3.86321	1.33874	-3.90125	-0.96710
4943.617	-3.38095	1.30933	-3.61028	-0.97295
4947.617	-3.87467	1.63920	-3.12714	-1.09696
4951.617	-4.00040	1.82281	-2.38467	-0.99720
4955.619	-3.95950	1.32917	-2.07509	-0.91082
4959.617	-3.86556	1.67127	-2.45037	-0.74842
4963.618	-3.66011	1.53099	-4.77123	-0.81673
4967.619	-4.19529	1.46133	-3.76606	-0.82139
4971.613	-3.80559	1.47744	-2.41393	-0.40075
4975.619	-4.06184	1.43599	-1.94084	-0.92517
4979.618	-3.78677	1.66287	-2.53885	-0.40831
4983.619	-3.37487	1.59876	-5.37601	-1.09028
4987.619	-3.64036	0.97758	-2.64366	-0.62258
4991.618	-3.91771	1.72046	-2.29414	-1.54979
4995.620	-3.91232	1.61423	-2.33856	-0.91718
4999.620	-3.53958	1.04461	-3.02621	-0.52841
5004.428	-3.57646	1.49074	-3.10539	-1.49004
5007.621	-3.69961	1.68650	-3.18559	-1.09219
5011.582	-3.85175	1.59995	-2.49788	-1.47096
5015.499	-3.76302	1.00047	-3.96735	-1.07423
5019.619	-3.81432	1.56603	-2.90807	-1.89274
5023.618	-3.73858	1.72882	-2.99490	-0.15844
5027.619	-4.03300	1.36824	-2.66560	-0.97919
5031.617	-3.96355	1.10068	-3.48266	-1.03944
5035.619	-3.68977	1.19921	-4.03209	-0.89169
5039.619	-3.79650	1.28831	-2.94547	0.06767
5043.495	-3.90508	1.60240	-2.56307	-1.03357
5047.486	-4.25211	1.47544	-2.93416	-1.15004
5051.494	-3.83475	1.22526	-2.55237	-1.19200
5055.494	-3.86931	1.18548	-2.84707	0.77005
5059.485	-3.66886	1.32912	-2.76834	-0.72982
5063.622	-3.85795	1.50205	-2.86210	-0.76552
5067.494	-4.15004	2.04656	-3.21891	-0.97610
5071.498	-3.93270	1.56690	-3.16362	-2.07183
5075.497	-4.16734	1.35939	-2.98178	-2.07092
5079.484	-3.80962	1.38779	-2.88368	-1.38778
5083.495	-4.35923	1.30724	-2.83506	-1.43011
5087.496	-4.02724	1.24299	-3.03120	-0.25936
5091.497	-3.97434	1.31138	-2.93322	-0.33847
5095.515	-3.75356	1.80328	-2.49000	-1.09533
5099.461	-3.71251	1.34489	-3.15295	-1.08830
5103.495	-4.64194	1.98893	-3.59812	-1.10801
5107.495	-3.71921	2.09992	-3.29641	-1.35122
5111.530	-3.45717	1.57733	-3.07803	-1.44852
5115.494	-3.49290	1.80459	-2.99745	-1.36468
5119.496	-4.35311	1.95510	-3.11170	-0.44337
5123.495	-3.42270	1.57127	-4.65380	-0.46195
5127.481	-4.49524	1.44751	-3.10911	0.40598
5131.494	-3.76013	1.38293	-2.99933	-1.05916
5135.499	-5.18249	1.60290	-3.07013	-0.97150
5139.496	-2.76866	1.28639	-3.12625	-1.12454
5143.517	-4.43813	1.62929	-3.09183	-0.32668
5147.497	-4.10342	1.37622	-3.02801	-0.42462
5151.496	-4.15448	2.55941	-2.89651	-0.78649
5155.497	-2.92557	2.07363	-2.49818	0.69997
5159.517	-4.41914	1.63631	-1.76083	0.39806
5163.497	-5.98638	1.25468	-1.96298	-0.35982
5167.499	-6.32829	3.69764	-2.42540	-0.86195
5171.498	NaN	NaN	-0.93805	1.37304
5175.501	NaN	NaN	NaN	NaN
5179.484	NaN	NaN	NaN	NaN
5183.494	NaN	NaN	NaN	NaN
5187.495	NaN	NaN	NaN	NaN
5191.456	NaN	NaN	NaN	NaN
5195.499	NaN	NaN	NaN	NaN
5199.499	NaN	NaN	NaN	NaN
5203.499	NaN	NaN	NaN	NaN
5207.487	NaN	NaN	NaN	NaN
5211.497	NaN	NaN	NaN	NaN
5215.497	NaN	NaN	NaN	NaN
5219.498	NaN	NaN	NaN	NaN
5223.495	NaN	NaN	NaN	NaN
5227.497	NaN	NaN	NaN	NaN
5231.497	NaN	NaN	NaN	NaN
5235.505	NaN	NaN	NaN	NaN
