time (ms)	lx (deg)	ly (deg)	rx (deg)	ry (deg)
0.000	-3.19798	2.14364	-0.59937	0.19528
3.978	-3.24736	2.33613	-0.89912	-0.02261
8.013	-3.25209	2.20392	-1.07006	0.07789
12.024	-3.06523	1.39251	-0.91525	0.39877
16.023	-3.48108	2.34714	-1.30781	0.01881
20.025	-3.22735	2.34817	-1.04841	-0.01888
24.024	-3.17109	1.76674	-1.57156	0.21978
28.024	-3.24511	2.22289	-1.53096	0.18841
32.025	-3.32362	2.26698	-1.30523	0.04678
36.027	-3.28617	2.11675	-1.85958	0.91076
40.027	-3.09525	2.26241	-1.68044	-0.03736
44.012	-2.72471	2.25554	-1.52684	-0.66261
48.025	-2.67135	2.11034	-1.88965	0.98362
52.024	-2.76861	2.17432	-1.52084	0.27955
56.014	-2.77488	2.02236	-1.75490	-0.18737
60.025	-2.50202	2.00230	-1.97443	-0.21901
64.026	-2.58752	2.05937	-1.67030	1.77472
67.981	-2.42334	2.21304	-1.34403	0.58986
72.009	-2.28417	2.15869	-0.92296	-0.29902
76.028	-2.66345	1.50597	-0.88979	-0.08920
80.025	-2.18290	1.82288	-0.99722	-0.65370
83.994	-2.16496	1.10471	-0.94986	-0.90123
88.026	-2.00455	-0.80717	-0.87637	-0.92129
92.025	-2.09256	-0.00504	-0.93366	-1.15637
96.024	-1.94134	0.12306	-0.85473	-0.98091
100.024	-2.01818	0.37779	-1.05682	-1.19395
104.027	-2.08253	0.47457	-0.44864	-1.20149
108.024	-2.10632	0.35877	0.23971	-1.22959
112.026	-1.98088	0.23289	0.04440	-1.31769
116.026	-1.94005	0.24043	0.30908	-1.22034
120.028	-1.95944	0.23116	0.26895	-1.31467
124.008	-1.97956	0.15886	0.23899	-1.24931
128.021	-1.86538	0.09420	0.04269	-1.27689
132.026	-1.87131	0.15182	-0.23825	-1.26528
136.016	-1.94270	0.18509	-0.09808	-1.30905
140.025	-1.78617	0.03750	-0.15687	-1.38268
144.027	-1.91846	0.11474	-0.59771	-1.41415
148.027	-1.99798	0.04907	-0.90508	-1.50460
152.028	-2.23444	0.01624	-1.45381	-1.53685
156.025	-1.99201	-0.08617	-0.50949	-1.74730
160.032	-1.97123	-0.50807	-0.37246	-1.49021
164.022	-1.93016	-0.61839	-0.87103	-1.38752
168.032	-1.86189	-0.62552	-0.41631	-1.57522
172.027	-1.89054	-0.60105	-0.39067	-1.58628
175.982	-1.88710	-0.61379	-0.39499	-1.48641
180.028	-2.04674	-0.49978	-0.52126	-1.93858
184.030	-2.01625	-0.39932	-0.70459	-1.53323
188.024	-2.04195	-0.48491	-1.22578	-1.56629
192.023	-2.20295	-0.48955	-0.36300	-1.92083
196.028	-2.21269	-0.37069	-0.35975	-1.69816
199.983	-2.10483	-0.51975	-0.17854	-1.56999
204.028	-1.91588	-0.49058	-0.12508	-1.68831
208.028	-1.92381	-0.29509	-0.46373	-1.66499
212.027	-2.04371	-0.07895	-0.33161	-1.73376
216.028	-2.00443	-0.09618	-1.02340	-1.75293
220.028	-2.05484	0.05389	-0.79486	-1.46539
224.027	-2.24646	0.29505	-0.80791	-1.40418
228.028	-2.05474	0.49851	-0.48731	-0.61574
232.027	-1.97966	0.33737	0.12431	-1.16161
236.029	-2.02453	0.40923	-0.02879	-1.30098
240.028	-2.12488	0.22957	-0.65149	-1.01477
244.029	-1.95398	0.28994	-0.83565	-1.16507
248.019	-1.96995	0.03983	-0.69657	-1.44846
252.015	-2.09579	-0.02563	-0.59342	-1.30473
256.028	-2.28338	-0.29996	-0.61868	-1.12546
260.033	-2.46231	-0.60792	-0.45857	-1.02888
264.025	-2.56634	-0.25219	-0.51274	-0.92529
268.031	-2.30548	-0.38628	-0.18891	-1.44601
272.031	-2.26864	-0.27600	-0.37506	-1.27567
276.028	-2.05529	-0.28272	-0.51034	-1.23874
280.030	-1.29477	-0.32941	-0.42524	-1.66056
284.030	-1.68111	-0.11431	-0.43165	-2.04190
288.030	-2.23873	-0.06180	-0.55332	-1.76003
292.030	-2.15985	-0.36313	-0.33345	-1.82894
296.031	-1.96236	-0.39047	-0.52657	-1.64735
300.028	-2.02140	-0.57212	-0.23790	-1.06279
304.031	-2.07747	-0.43767	-0.04968	-1.26255
308.029	-1.88167	-0.59574	0.36829	-2.03715
312.030	-1.33944	-0.59759	0.16826	-2.32819
316.030	-1.92909	-0.57156	-0.28677	-2.28372
320.022	-1.80030	-0.80143	-0.46713	-2.34336
324.030	-1.68364	-0.60479	-0.27684	-2.51835
328.031	-1.87205	-0.71770	0.15099	-2.26213
332.011	-1.94243	-0.70818	0.07686	-2.13527
336.027	-2.03871	-0.76549	0.03671	-2.16256
340.031	-2.21189	-0.67353	-0.02924	-2.22388
344.032	-2.25888	-0.69957	0.17419	-2.38557
348.031	-2.23144	-0.60733	0.02172	-2.49933
352.031	-2.15779	-0.65830	-0.10704	-2.66593
356.032	-2.14924	-0.67738	0.18338	-2.57786
360.035	-1.83571	-0.62712	0.59389	-2.87328
364.032	-2.14729	-0.56542	0.68963	-2.97268
368.034	-2.11081	-0.66376	0.99936	-2.00048
372.029	-1.84267	-0.60556	0.85893	-1.83453
375.932	-1.67395	-0.47592	1.11822	-2.30355
379.987	-2.03248	-0.47905	1.04039	-1.73026
384.032	-1.83928	-0.46696	0.52915	-1.66406
388.032	-1.74432	-0.54981	0.57568	-1.93829
392.032	-1.44064	-0.69907	0.32183	-2.37949
396.033	-1.66896	-0.89049	0.35221	-2.40977
400.033	-1.59038	-0.32390	0.51456	-1.82999
404.033	-1.57426	-0.42294	0.58161	-1.61002
408.034	-1.45805	-0.49703	0.52458	-1.43748
412.031	-1.48701	-0.34928	0.36129	-1.79592
416.007	-1.72493	-0.42661	0.43112	-1.64690
420.031	-1.75138	-0.48842	0.33238	-1.78639
424.032	-1.68121	-0.45235	0.36578	-1.89990
428.031	-1.55152	-0.45590	0.40991	-2.01875
432.031	-1.67576	-0.46407	0.37489	-1.83670
436.031	-1.63167	-0.48937	0.51006	-1.72196
440.033	-1.57039	-0.48948	0.59794	-1.66153
444.034	-1.65835	-0.47284	0.61526	-1.47858
448.032	-1.56107	-0.47480	0.63650	-1.49745
452.031	-1.62386	-0.43291	0.53242	-1.58935
455.990	-1.59345	-0.50142	0.54979	-1.59967
460.029	-1.57037	-0.46174	0.44797	-1.70035
464.033	-1.50869	-0.42198	0.59332	-1.48817
468.034	-1.52154	-0.46952	0.48666	-1.58405
472.034	-1.52585	-0.35280	0.47145	-1.55602
476.035	-1.57887	0.17477	0.25252	-1.58679
480.034	-1.67851	0.18475	0.00427	-1.65819
484.034	-1.85606	0.28169	0.39023	-1.75351
488.035	-1.85765	0.07088	0.16918	-1.94709
492.038	-1.88132	-0.05730	0.14322	-2.13367
496.033	-2.00802	-0.21434	-0.09639	-2.85070
499.999	-1.98306	-0.31028	-0.11163	-2.46433
503.899	-2.01531	-0.56403	-0.30252	-2.21643
508.036	-2.06376	-0.86385	-0.33973	-2.13751
512.038	-2.02601	-0.90908	-0.33804	-2.27611
516.033	-2.02324	-1.28659	-0.43351	-2.26790
520.036	-1.92094	-1.35195	-0.36742	-2.36680
524.034	-1.71791	-0.75791	-0.41534	-2.08551
528.034	-1.76386	-1.01870	-0.43177	-1.93111
532.035	-1.64218	-1.12439	-0.44222	-2.06719
536.038	-1.90658	-0.95213	-0.68171	-1.90589
540.035	-1.79019	-0.37056	-0.61809	-1.97367
544.033	-1.64198	-0.32345	-0.46753	-1.96265
548.036	-1.68419	0.24051	-0.45798	-1.96349
552.036	-1.59142	0.48682	-0.52530	-1.93113
556.035	-1.54490	0.49691	-0.65156	-1.86152
560.037	-1.50430	0.15908	-0.85024	-1.79372
564.036	-1.56863	0.32033	-0.68598	-1.81052
568.038	-1.66797	0.31806	-0.53096	-1.83867
572.036	-1.54780	0.40074	-0.46502	-1.88466
576.039	-1.54966	0.32980	-0.61104	-1.86431
580.035	-1.48119	0.43647	-0.41346	-1.92494
584.039	-1.45527	0.38811	-0.29094	-1.87261
588.036	-1.49416	0.46101	-0.39829	-1.84722
592.036	-1.48920	0.46908	-0.35233	-1.86637
596.036	-1.50175	0.46642	-0.37598	-1.77335
600.039	-1.55923	-2.15874	-0.33159	-1.75732
604.035	-1.61644	-2.68281	-0.29270	-1.79392
608.038	-1.68627	-2.92010	-0.30166	-1.71334
612.036	-1.72478	-2.77679	-0.30245	-1.91679
616.039	-1.81062	-2.41013	-0.28510	-1.83952
620.036	-1.88856	-2.13659	-0.33270	-1.76447
624.015	-1.94248	-2.01373	-0.36375	-1.76340
628.032	-2.03471	-1.26814	-0.35221	-1.90976
631.933	-2.05308	-0.93958	-0.31523	-1.80449
636.038	-2.10283	-0.57872	-0.29975	-1.92630
639.911	-2.19353	-0.07817	-0.07026	-1.92898
643.912	-2.20996	0.07755	0.11778	-1.86685
647.933	-2.21214	0.60589	0.46929	-1.83191
651.914	-3.97807	-0.19368	-0.01837	-1.81236
655.912	-4.27252	0.00305	-0.16471	-1.97688
659.912	-3.92554	-1.10920	0.05100	-2.00749
663.935	-4.20259	-0.91667	-0.02802	-1.94799
667.914	-4.09246	-0.58671	-0.01134	-1.84200
671.877	-2.36936	-1.54439	-0.06902	-1.77180
675.914	-2.42012	-1.65175	0.12548	-1.95079
679.937	-2.45220	-1.51912	0.25225	-1.89761
683.915	-2.46273	-1.60961	0.01859	-1.87142
687.912	-2.59970	-1.72459	0.25316	-1.83101
691.910	-2.41259	-1.75934	0.17549	-1.84977
695.935	-4.01344	-0.94834	0.22988	-1.78311
699.870	-4.09310	-0.97039	0.18529	-1.77132
703.915	-2.15559	-0.52363	0.21162	-1.72802
707.915	-2.08069	-0.50342	0.24167	-1.52750
711.914	-2.20634	-0.03983	0.21906	-1.56127
715.916	-2.13695	-0.16377	0.38003	-1.56244
719.916	-2.13921	-0.12920	0.38514	-1.57364
723.914	-2.10823	0.07246	0.35352	-1.51643
727.935	-2.48029	0.19094	0.24599	-1.52996
731.914	-2.63262	0.13859	0.26078	-1.56648
735.915	-2.35489	0.23527	0.17094	-1.65444
739.916	-2.46912	0.13870	0.08262	-1.74201
743.931	-2.55512	0.11159	0.08877	-1.76418
747.920	-2.36098	0.12541	-0.03586	-1.94616
751.870	-2.39381	0.04469	0.05430	-1.91146
755.907	-2.30102	0.06808	0.02718	-1.99108
759.935	-2.26708	0.10036	0.03159	-2.06060
763.915	-2.36410	-0.04007	-0.00874	-2.11480
767.914	-2.41011	-0.14417	-0.03422	-2.14184
771.915	-2.33393	-0.17946	0.03010	-2.17636
775.935	-2.37285	-0.24229	0.03249	-2.16879
779.915	-2.35209	-0.31172	-0.00675	-2.17371
783.915	-2.36202	-0.31365	0.02484	-2.15911
787.918	-2.29441	-0.34649	0.00047	-2.16110
791.939	-2.36163	-0.35725	0.02368	-2.13512
795.889	-2.43912	-0.35638	-0.03182	-2.18080
799.919	-2.52116	-0.30522	-0.05053	-2.15966
803.917	-2.53989	-0.39009	-0.10026	-2.13028
807.937	-2.37357	-0.42807	-0.22492	-2.11920
811.917	-2.04693	-0.44178	-0.21318	-2.14277
815.918	-2.04669	-0.46109	-0.24041	-2.11043
819.917	-1.97029	-0.38587	-0.30022	-2.15946
823.940	-1.80241	-0.38901	-0.36074	-2.17674
827.917	-1.75592	-0.40628	-0.39718	-2.21410
831.918	-1.36784	-0.48510	-0.42797	-2.28609
835.904	-1.29030	-0.64462	-0.38251	-2.40991
839.914	-1.35311	-0.86579	-0.39968	-2.24836
843.916	-1.35715	-1.10159	-0.40529	-2.07571
847.917	-1.31922	-1.43361	-0.49942	-1.99326
851.915	-1.43501	-1.42128	-0.39447	-2.13271
855.935	-1.66695	-1.17644	-0.40460	-2.12487
859.917	-2.50685	-0.17132	-0.42398	-1.77838
863.919	-3.09376	0.16965	-0.43311	-1.45546
867.918	-1.51650	0.50559	-0.28441	-1.32692
871.937	-1.39205	0.55974	-0.28580	-1.39894
875.918	-1.70345	0.21631	-0.01298	-1.51440
879.874	-1.57858	0.14101	0.15159	-1.54387
883.920	-1.76333	-0.08807	0.06100	-1.55403
887.938	-2.08850	-0.11617	-0.06616	-1.60863
891.919	-2.12481	-0.08840	0.08795	-1.60106
895.919	-1.98596	-0.07830	0.10312	-1.71212
899.919	-2.29503	-0.11163	-0.01859	-1.72307
903.940	-2.09403	-0.32163	-0.14134	-1.77403
907.920	-1.87371	-0.44808	-0.14201	-2.04560
911.919	-1.83752	-0.37351	-0.27304	-2.02325
915.918	-2.04094	-0.32516	-0.66757	-1.98529
919.918	-1.88730	-0.24371	-0.74163	-1.74437
923.915	-2.00165	-0.18221	-0.53515	-2.04140
927.916	-2.04210	0.35067	-0.24882	-3.70368
931.921	-1.46060	0.31997	0.03832	-3.32986
935.941	-1.37910	-0.18226	0.01062	-2.91921
939.917	-1.35259	-0.07450	-0.10540	-2.53194
943.922	-1.24999	-0.18727	-0.01851	-2.54370
947.920	-1.08016	-0.24917	-0.15268	-2.44176
951.938	-1.28698	-0.23924	0.13508	-2.44637
955.920	-1.47169	0.10277	0.14603	-2.81269
959.920	-1.50723	-0.15963	0.05626	-2.72811
963.912	-1.48434	-0.24530	0.06475	-2.68390
967.939	-1.52635	-0.15756	0.06793	-2.60227
971.919	-1.60556	-0.26046	-0.21991	-2.44894
975.919	-1.79889	-0.24626	-0.53612	-2.53166
979.919	-1.99696	-0.27650	-0.76742	-2.44616
983.921	-2.21120	-0.32178	-1.19232	-2.35791
987.920	-1.75349	-0.32609	-0.63952	-2.26589
991.920	-1.93494	-0.35350	-0.35856	-2.71921
995.924	-2.01808	-0.30679	-0.31637	-3.16579
999.924	-1.82006	-0.37783	-0.22452	-3.30009
1003.877	-1.72240	-0.37117	-0.13347	-3.48706
1007.920	-1.76175	-0.37477	-0.12210	-3.55435
1011.921	-1.76534	-0.35745	-0.07527	-3.60594
1015.940	-1.62691	-0.33309	-0.06229	-3.64207
1019.877	-1.65121	-0.32787	-0.07043	-3.66867
1023.923	-1.60747	-0.35053	-0.07964	-3.65625
1027.922	-1.58279	-0.30118	-0.14762	-3.69658
1031.939	-1.59482	-0.27214	-0.18598	-3.72966
1035.922	-1.61989	-0.23190	-0.07143	-3.69867
1039.922	-1.61163	-0.25781	-0.01514	-3.65640
1043.901	-1.66227	-0.20869	0.06180	-3.64937
1047.916	-1.67107	-0.20589	0.00826	-3.63487
1051.922	-1.66760	-0.21520	0.05621	-3.64276
1055.920	-1.69624	-0.25290	0.17988	-3.64064
1059.919	-1.74645	-0.28076	0.21859	-3.59980
1063.913	-1.70631	-0.31678	0.28411	-3.55203
1067.878	-1.74704	-0.28680	0.39077	-3.45886
1071.923	-1.67298	-0.30857	0.29878	-3.30837
1075.922	-1.79934	-0.42945	-0.95219	-3.46201
1079.942	-1.75458	-0.94751	-0.11151	-3.63595
1083.923	-2.12706	-1.27221	-2.58960	-3.34908
1087.888	-2.95834	-0.77578	-2.72917	-3.35931
1091.922	-3.41681	-0.78994	-1.56724	-3.74246
1095.942	-2.69745	-1.51848	-1.66472	-3.63624
1099.923	-2.59319	-0.88976	-1.75590	-3.76488
1103.923	-2.76685	-0.86184	-1.86256	-3.36167
1107.923	-2.89188	-0.76947	-1.88891	-3.32253
1111.913	-2.85853	-0.86195	-1.89642	-3.07588
1115.924	-3.17990	-0.79973	-1.97118	-2.77127
1119.923	-3.06810	-0.66269	-2.65089	-3.63947
1123.924	-3.10963	-0.55911	-2.21060	-3.77161
1127.898	-3.15983	-0.24412	-2.34156	-3.80237
1131.923	-3.07570	-0.49171	-2.40788	-3.82018
1135.924	-3.11730	-0.43441	-2.30514	-3.79619
1139.923	-3.17176	-1.29251	-2.51165	-3.78273
1143.923	-3.19726	-1.14594	-2.51361	-3.63153
1147.922	-3.13568	-1.49540	-2.73613	-3.78117
1151.923	-3.15293	-1.52198	-2.79082	-3.76345
1155.923	-3.17950	-1.47920	-0.36251	-3.88533
1159.927	-3.04298	-0.68350	-0.31295	-3.97033
1163.933	-3.10369	-0.66597	-0.27547	-3.93404
1167.918	-3.13204	-0.02752	-0.21589	-3.95253
1171.916	-3.13712	-0.20916	-0.18700	-4.03380
1175.915	-3.11141	0.03647	-0.16965	-4.17642
1179.920	-3.05467	-0.06571	-0.13238	-4.35084
1183.925	-3.00410	-0.72210	-2.80763	-5.04687
1187.925	-2.95114	-0.54775	-0.88178	-4.08966
1191.927	-2.96401	-0.93054	-1.85631	-4.11449
1195.925	-2.86103	-1.03729	-1.87592	-4.53563
1199.880	-2.74695	-0.71276	-1.24833	-4.31781
1203.928	-2.79577	-0.97631	-2.47281	-3.93056
1207.925	-2.81927	-1.15964	-2.92839	-3.99150
1211.893	-2.96656	-0.78790	-2.90849	-4.20265
1215.925	-2.78639	-0.35517	-2.78953	-4.38639
1219.926	-2.72704	-0.34369	-2.92007	-4.64852
1223.927	-2.64827	-0.38164	-2.84890	-5.06130
1227.926	-2.59039	-0.67813	-2.82147	-4.79540
1231.926	-2.62155	-0.62420	-2.86178	-5.13173
1235.926	-2.58155	-0.57324	-2.86648	-5.20406
1239.916	-2.52684	-0.40189	-2.99923	-5.28478
1243.925	-2.68928	-0.28068	-2.97396	-5.30729
1247.929	-2.68207	-0.24147	-3.03893	-5.38626
1251.884	-2.89542	-0.55602	-2.99547	-5.42545
1255.923	-2.69482	-0.43127	-0.65173	-6.14768
1259.926	-2.43563	-0.78552	-1.23707	-5.72346
1263.927	-1.93752	-1.88702	-0.20497	-5.97058
1267.928	1.12171	-3.19916	-0.75489	-5.78379
1271.927	1.37007	-2.91436	-0.43112	-6.00169
1275.927	1.34075	-3.02009	1.51933	-6.86573
1279.927	1.33936	-3.03389	2.56429	-6.96705
1283.931	1.63068	-2.98437	3.42940	-6.79923
1287.929	1.73435	-2.72746	3.68283	-6.75918
1291.928	1.68580	-2.88881	4.06187	-6.76655
1295.889	1.62428	-2.81571	4.05394	-6.98176
1299.956	1.67883	-2.71934	3.83309	-7.03152
1303.929	1.66953	-2.70037	3.83559	-7.06283
1307.927	1.54291	-2.56717	3.64133	-6.99772
1311.930	1.60553	-2.47525	3.61856	-6.93837
1315.883	1.65458	-2.38736	3.58746	-6.93953
1319.918	1.66155	-2.30404	3.56104	-6.92206
1323.928	1.57667	-2.22212	3.67415	-6.84333
1327.928	1.56231	-2.16990	3.58826	-6.79481
1331.928	1.51129	-2.07104	3.44505	-6.67497
1335.927	1.44540	-2.05697	3.41649	-6.61712
1339.930	1.45108	-1.99032	3.38239	-6.57762
1343.929	1.35196	-1.99360	3.32565	-6.55900
1347.929	1.34708	-2.00378	3.29483	-6.50097
1351.828	1.35286	-2.02951	3.27150	-6.42365
1355.940	1.33014	-2.05267	3.27150	-6.41561
1359.928	1.30417	-2.12906	3.25238	-6.40258
1363.928	1.24865	-2.14503	3.22398	-6.38340
1367.827	1.27098	-2.16903	3.21676	-6.38317
1371.930	1.29878	-2.28241	3.18974	-6.36457
1375.923	1.30600	-2.37980	3.24231	-6.38605
1379.919	1.33579	-2.44606	3.24860	-6.36102
1383.826	1.42186	-2.46916	3.29137	-6.36585
1387.930	1.46499	-2.50771	3.31642	-6.35520
1391.929	1.57094	-2.52187	3.37494	-6.32554
1395.930	1.53969	-2.59705	3.49896	-6.33370
1399.828	1.50857	-2.63152	3.52113	-6.29645
1403.931	1.33106	-2.58930	3.66651	-6.26123
1407.929	1.33210	-2.54713	3.65811	-6.32011
1411.932	1.37089	-2.54947	3.71407	-6.32442
1415.825	1.22519	-2.49710	3.82166	-6.34703
1419.907	1.12524	-2.54083	3.70796	-6.33169
1423.929	1.11780	-2.55053	3.75425	-6.35303
1427.930	1.06428	-2.49486	3.65472	-6.39445
1431.827	1.21511	-2.45840	3.68856	-6.38762
1435.932	1.36548	-2.46443	3.66854	-6.36869
1439.933	1.49617	-2.33986	3.60875	-6.29701
1443.932	1.45199	-2.25169	3.56166	-6.24876
1447.825	1.54996	-3.61422	3.52156	-6.14014
1451.933	1.65656	-3.87477	3.51706	-6.05726
1455.932	1.44748	-4.28125	3.45264	-6.09080
1459.912	1.34065	-4.35295	3.43120	-6.05574
1463.823	1.55335	-4.49381	3.42623	-5.86554
1467.930	1.58934	-4.45139	3.40521	-6.00682
1471.931	1.59308	-4.42361	3.41661	-5.87394
1475.931	1.57644	-4.27969	3.35125	-5.74762
1479.932	1.45113	-4.13273	3.31034	-5.65204
1483.931	1.33748	-3.77524	3.15159	-5.62348
1487.931	1.33319	-3.69181	3.08854	-5.55615
1491.930	1.30092	-3.57863	3.12442	-5.48876
1495.933	1.29425	-3.54244	3.09540	-5.44076
1499.965	1.31798	-3.39909	3.08053	-5.37095
1503.888	1.34780	-3.41044	2.99425	-5.30411
1507.928	1.33177	-3.28279	2.98272	-5.28395
1511.829	1.33525	-3.39939	2.98270	-5.28333
1515.933	1.35102	-3.39506	2.98383	-5.24619
1519.933	1.34797	-3.50153	3.00819	-5.27895
1523.932	1.37441	-3.49134	2.96059	-5.24591
1527.934	1.40420	-3.61671	2.93332	-5.25546
1531.932	1.35665	-3.43206	2.97517	-5.21134
1535.934	1.20891	-3.08956	2.90661	-5.10726
1539.933	1.19070	-3.12562	2.79043	-5.02291
1543.909	1.03603	-3.22400	2.74469	-5.03431
1547.934	1.11370	-2.85547	2.69963	-5.00331
1551.932	1.08254	-2.58071	2.73192	-5.05980
1555.932	1.04687	-2.46601	2.83365	-5.11960
1559.935	0.83017	-2.39178	2.72954	-5.23763
1563.934	0.84138	-3.10114	2.67955	-5.19897
1567.895	0.59468	-3.24089	2.39988	-4.50360
1571.935	-0.00494	-2.61294	0.72987	-5.08694
1575.829	-0.97603	-1.43912	-1.41353	-4.52703
1579.936	-2.35623	-1.39301	-1.67152	-3.69502
1583.925	-1.69121	-0.56404	-1.92317	-3.33583
1587.924	-1.72989	-0.11634	-1.75309	-3.45438
1591.826	-1.95904	0.02930	-1.81570	-3.41729
1595.933	-1.79862	-0.18434	-1.83194	-3.26915
1599.928	-2.10669	0.02342	-1.78203	-3.08640
1603.934	-2.19408	-0.45000	-1.79730	-2.85991
1607.934	-1.90817	-0.75431	-1.83278	-2.50611
1611.934	-2.03350	-0.74179	-1.79906	-2.81761
1615.935	-2.08971	-0.83536	-1.74132	-2.76636
1619.936	-2.09514	-1.12450	-1.55606	-2.79011
1623.936	-2.00390	-1.48494	-1.34542	-2.76471
1627.935	-2.12647	-1.87661	-1.04974	-2.75795
1631.937	-2.18662	-2.15462	-1.22866	-2.74494
1635.936	-2.14377	-1.96293	-1.20040	-2.64596
1639.935	-2.24480	-1.96391	-1.11301	-2.61936
1643.935	-2.47541	-1.37614	-1.16009	-2.68403
1647.935	-2.47123	-1.42284	-1.05724	-2.66823
1651.937	-2.47712	-1.39095	-0.99283	-2.73888
1655.936	-2.51527	-1.35612	-1.03627	-2.69187
1659.935	-2.53593	-1.43244	-1.03340	-2.64269
1663.937	-2.61709	-1.40072	-1.14089	-2.44800
1667.919	-2.81625	-1.19757	-1.15478	-2.39254
1671.791	-2.82073	-1.23227	-1.19376	-2.41906
1675.800	-2.81140	-0.94970	-1.17421	-2.38196
1679.816	-2.79043	-0.90564	-1.19259	-2.46445
1683.810	-2.78552	-0.84203	-1.28794	-2.50341
1687.799	-2.89220	-0.83818	-1.29536	-2.44647
1691.811	-2.88260	-1.03089	-1.27619	-2.41319
1695.810	-2.86643	-0.80301	-1.17741	-2.45273
1699.766	-2.89567	-1.13130	-0.96532	-2.53171
1703.801	-2.68564	-1.25363	-0.83255	-2.59327
1707.812	-2.66427	-1.11319	-0.56364	-2.65301
1711.812	-2.57199	-1.16893	-0.45398	-2.70651
1715.784	-2.37902	-1.39266	-0.45743	-2.80748
1719.767	-2.15254	-1.34161	-0.54029	-2.86931
1723.811	-2.00205	-1.35126	-0.82726	-2.88949
1727.813	-2.06991	-1.52498	-1.01161	-2.94069
1731.811	-2.02582	-1.53398	-1.04111	-2.98534
1735.804	-2.23858	-1.55176	-0.81578	-3.00386
1739.811	-2.20426	-1.59901	-1.41360	-2.98656
1743.811	-2.04371	-1.59655	-1.17153	-2.98974
1747.811	-2.11472	-1.27346	-1.32929	-2.89067
1751.770	-2.05417	-1.51790	-1.17346	-2.88289
1755.801	-2.37327	-1.58882	-1.16205	-2.83408
1759.803	-2.51066	-1.50888	-1.14923	-2.93121
1763.812	-2.35920	-1.30638	-1.29496	-2.98531
1767.812	-2.43711	-1.27836	-1.30707	-2.92423
1771.815	-2.37198	-1.18047	-1.21707	-2.91952
1775.813	-2.54378	-1.38778	-1.22665	-2.78026
1779.813	-2.52508	-1.12190	-1.35293	-2.76220
1783.811	-2.57873	-1.35586	-1.38857	-2.83980
1787.812	-2.67085	-1.35854	-1.36409	-3.00072
1791.814	-2.57660	-1.35794	-1.50519	-3.14030
1795.810	-2.57402	-1.27106	-1.49421	-3.14874
1799.826	-2.52270	-1.44459	-1.21876	-3.12495
1803.815	-2.44868	-1.28768	-1.10512	-3.13941
1807.812	-2.58303	-1.14515	-1.17929	-2.88197
1811.813	-2.61860	-1.32713	-1.07971	-3.23992
1815.836	-2.59064	-1.44513	-1.02856	-3.14400
1819.814	-2.63400	-1.43208	-1.04009	-3.31792
1823.815	-2.65302	-1.37009	-1.17594	-3.20500
1827.814	-2.69985	-1.28167	-1.06617	-3.25616
1831.811	-2.66164	-1.39184	-0.79496	-3.15283
1835.815	-2.81452	-1.33587	-0.89865	-3.18521
1839.814	-2.86480	-1.48706	-1.00089	-3.00998
1843.808	-2.98804	-1.47658	-1.05463	-3.01382
1847.812	-3.01358	-1.44858	-1.16386	-2.78677
1851.815	-2.95000	-1.59978	-1.16456	-3.02698
1855.815	-2.93171	-1.66441	-1.23283	-3.33058
1859.816	-2.88958	-1.63104	-1.27162	-3.42307
1863.812	-2.86809	-1.64466	-1.27435	-3.39744
1867.816	-2.83355	-1.72724	-1.33274	-3.31604
1871.818	-2.77141	-1.77204	-1.28298	-3.26656
1875.817	-2.69589	-1.73698	-1.29948	-3.06714
1879.775	-2.62675	-1.73944	-1.24664	-3.11070
1883.815	-2.62615	-1.64229	-1.24121	-2.90710
1887.828	-2.58578	-1.57123	-1.18155	-3.30276
1891.815	-2.54947	-1.52290	-1.15855	-3.30747
1895.833	-2.57816	-1.52525	-1.08574	-3.38297
1899.843	-2.50851	-1.55413	-1.10130	-3.34787
1903.813	-2.43194	-1.54933	-1.02268	-3.30853
1907.814	-2.29411	-1.55110	-1.01953	-3.22612
1911.805	-2.27786	-1.53445	-0.99722	-3.18364
1915.816	-2.22478	-1.51269	-0.97886	-3.15842
1919.819	-2.18669	-1.46697	-0.89200	-3.14918
1923.817	-2.07400	-1.44174	-0.93475	-3.06041
1927.793	-2.01117	-1.40447	-0.95410	-3.13005
1931.817	-1.95433	-1.31593	-0.97742	-3.01235
1935.815	-1.95386	-1.34857	-0.93507	-3.01573
1939.815	-1.88412	-1.33190	-0.94770	-2.86516
1943.842	-1.84944	-1.25572	-0.91133	-2.85867
1947.816	-1.82869	-1.22840	-0.91416	-2.78515
1951.818	-1.89625	-1.15063	-0.88644	-2.70250
1955.817	-1.89245	-1.16031	-0.89629	-2.72148
1959.775	-2.85435	-1.02176	-0.86895	-2.71741
1963.805	-2.83370	-0.98563	-0.88629	-2.72652
1967.817	-2.97151	-1.03073	-0.83734	-2.66619
1971.819	-3.01697	-1.05183	-0.84409	-2.70491
1975.814	-2.95889	-1.15783	-0.89237	-2.75059
1979.818	-3.02086	-1.47314	-0.91847	-2.67184
1983.818	-2.71186	-1.64875	-0.99390	-2.59631
1987.818	-2.72927	-2.05204	-1.00973	-2.67801
1991.836	-2.73174	-1.64656	-1.15771	-2.81931
1995.817	-2.70322	-1.59387	-1.23288	-2.56518
1999.819	-2.79114	-0.67129	-1.24791	-2.16808
2003.780	-2.81380	-0.63825	-1.21621	-2.41860
2007.838	-2.70144	-1.07795	-1.27661	-2.45405
2011.818	-2.60845	-1.33526	-1.30375	-2.36607
2015.818	-2.73011	-1.27234	-1.40973	-2.35426
2019.818	-2.62103	-1.38007	-1.41779	-2.32702
2023.838	-2.66226	-1.77135	-1.51452	-2.14402
2027.819	-2.60765	-1.93641	-1.54589	-1.78138
2031.820	-2.63024	-2.25576	-1.48940	-1.62961
2035.819	-2.63341	-2.76947	-1.35003	-1.90659
2039.808	-2.73920	-2.03670	-1.27787	-1.89247
2043.819	-2.76636	-1.84274	-1.15610	-1.68638
2047.800	-2.77859	-1.89129	-1.00010	-1.78099
2051.817	-2.82920	-1.49371	-0.88056	-1.80552
2055.839	-2.98529	-1.07485	-0.64573	-1.90704
2059.820	-2.97500	-0.77609	-0.56654	-1.91367
2063.818	-3.02348	-0.91620	-0.57935	-2.06059
2067.820	-2.93421	-0.84690	-0.53907	-2.12135
2071.810	-3.05778	-0.64297	-0.44311	-2.24155
2075.821	-3.04341	-0.75036	-0.40050	-2.29443
2079.820	-3.04039	-0.72925	-0.38328	-2.37288
2083.822	-3.03504	-0.66479	-1.38726	-2.41062
2087.806	-2.94703	-0.02551	-0.49488	-2.48322
2091.784	-2.54608	-0.55978	-0.39494	-2.50498
2095.819	-1.99193	-1.03450	0.27684	-2.57715
2099.833	-0.57687	-3.79072	1.19634	-2.65561
2103.819	1.40380	-3.24626	3.12705	-3.25564
2107.820	1.21214	-2.66566	0.82248	-2.79799
2111.819	1.77110	-3.16975	1.64243	-2.97217
2115.819	1.71340	-2.99200	1.70802	-3.11283
2119.810	1.69202	-3.12273	2.35075	-3.29606
2123.822	1.57354	-3.15412	2.17465	-3.21285
2127.776	1.53810	-3.22940	2.69351	-3.70582
2131.797	1.64811	-3.28722	2.61246	-3.89658
2135.788	1.55782	-3.33123	3.03360	-4.41849
2139.820	1.48062	-3.30511	3.11831	-4.52064
2143.821	1.55809	-3.32675	3.12994	-4.61958
2147.822	1.58557	-3.34423	3.03224	-4.68700
2151.823	1.56285	-3.39504	3.22507	-4.72313
2155.822	1.51407	-3.42460	3.16441	-4.64146
2159.823	1.34068	-3.45486	3.27687	-4.68874
2163.822	1.21889	-3.50858	3.11821	-4.56450
2167.818	1.22992	-3.51733	3.19761	-4.48528
2171.811	1.16751	-3.54686	3.19474	-4.53530
2175.813	1.18356	-3.56840	3.24620	-4.51096
2179.821	1.23806	-3.57724	3.21926	-4.44938
2183.824	0.96854	-3.56427	3.18618	-4.30439
2187.823	0.95333	-3.52622	3.18299	-4.34706
2191.779	0.91723	-3.52237	3.18749	-4.27517
2195.822	0.87396	-3.51350	3.14541	-4.19626
2199.810	0.89473	-3.49717	3.11500	-4.20516
2203.824	0.89552	-3.55917	3.17569	-4.30586
2207.826	0.96876	-3.57620	3.17854	-4.34577
2211.828	1.02124	-3.60960	3.18564	-4.44321
2215.821	0.86034	-3.44964	3.12935	-4.49850
2219.824	0.86605	-3.45568	3.07313	-4.58662
2223.822	0.88168	-3.50156	2.87091	-4.39945
2227.823	0.95936	-3.23789	2.76866	-4.39774
2231.824	1.00759	-3.26769	2.54821	-4.49140
2235.824	0.99747	-3.32319	2.59698	-4.56220
2239.823	1.06091	-3.30832	2.47994	-4.48144
2243.823	1.19604	-3.38779	2.29039	-4.52695
2247.816	1.16228	-3.40259	2.35694	-4.59046
2251.780	1.12673	-3.26233	2.23568	-4.49861
2255.805	1.16530	-3.17165	2.26123	-4.27151
2259.825	1.26053	-3.28048	2.26324	-4.20399
2263.824	1.31272	-3.30202	2.25969	-4.14880
2267.825	1.40933	-3.31301	2.27696	-4.13331
2271.827	1.44007	-3.31561	2.33462	-4.08031
2275.826	1.51836	-3.33119	2.33447	-4.12816
2279.814	1.59844	-3.36216	2.41165	-3.96479
2283.824	1.57982	-3.38303	2.44247	-3.94819
2287.827	1.61238	-3.38889	2.48891	-4.06078
2291.827	1.60442	-3.34470	2.40984	-3.95642
2295.809	1.62964	-3.33233	2.36802	-4.00934
2299.850	1.65979	-3.32606	2.37491	-4.12787
2303.827	1.65418	-3.26790	2.39044	-4.13118
2307.825	1.62654	-3.19562	2.42039	-3.97163
2311.830	1.60082	-3.19065	2.34874	-4.13187
2315.826	1.55097	-3.13536	2.37919	-3.90298
2319.824	1.59953	-3.12738	2.34473	-3.91192
2323.825	1.56516	-3.19705	2.37520	-3.90959
2327.814	1.62951	-3.17677	2.41204	-3.93704
2331.825	1.60030	-3.21415	2.49349	-3.73436
2335.827	1.72146	-3.12363	2.61347	-3.65810
2339.794	1.79286	-3.23166	2.63284	-3.68148
2343.826	1.78329	-3.16708	2.82642	-3.91025
2347.825	1.53676	-3.10442	3.01933	-3.80140
2351.826	1.29794	-3.04227	3.08345	-3.84125
2355.824	1.17736	-3.04253	3.00500	-3.87463
2359.827	1.07726	-3.25523	3.00170	-3.98702
2363.826	1.13628	-3.20150	2.99745	-4.06516
2367.827	0.91599	-3.28117	2.58564	-3.98684
2371.831	1.00293	-3.31333	1.93103	-4.08971
2375.720	1.09150	-3.13908	1.83509	-4.03524
2379.827	1.06064	-3.16923	2.28673	-4.15245
2383.827	1.45539	-3.18309	2.28985	-4.26214
2387.827	1.17401	-3.24069	2.33725	-4.31577
2391.817	1.01829	-3.03840	2.53754	-4.28613
2395.827	0.97896	-2.86166	2.47442	-4.30278
2399.828	0.91396	-2.86058	2.41551	-4.18909
2403.829	1.33341	-2.82468	2.27731	-4.25719
2407.720	1.89644	-3.00173	2.75665	-4.09239
2411.827	2.30811	-3.35136	3.20521	-4.12326
2415.831	3.56002	-3.92106	5.42833	-4.37812
2419.827	3.18393	-3.73379	4.49294	-4.73226
2423.725	3.76806	-6.00418	6.47924	-5.59931
2427.826	4.14216	-5.52948	7.04166	-5.17121
2431.829	4.03823	-5.86997	7.20524	-5.46077
2435.828	4.38193	-5.80298	7.08676	-5.58619
2439.828	4.42143	-5.73398	7.40748	-5.76622
2443.828	4.59605	-4.53524	7.48795	-6.28637
2447.828	4.31050	-5.69788	7.54562	-6.48001
2451.829	4.60052	-5.48737	7.69639	-6.61361
2455.724	4.63526	-5.69041	7.64125	-6.09675
2459.831	5.07363	-5.56883	7.79761	-6.36637
2463.805	4.92770	-5.21219	7.77188	-6.47716
2467.825	3.78494	-5.36932	4.78405	-6.12592
2471.728	-1.76760	-5.43125	7.49727	-6.09129
2475.828	-2.19276	-4.64111	7.40186	-6.37316
2479.829	0.69665	-3.23303	1.78639	-7.53780
2483.829	12.07633	-0.13938	7.34484	-6.84286
2487.829	NaN	NaN	15.15596	-5.91282
2491.828	NaN	NaN	19.47317	0.69139
2495.828	NaN	NaN	NaN	NaN
2499.784	NaN	NaN	NaN	NaN
2503.784	NaN	NaN	NaN	NaN
2507.824	NaN	NaN	NaN	NaN
2511.829	NaN	NaN	NaN	NaN
2515.830	NaN	NaN	NaN	NaN
2519.790	NaN	NaN	NaN	NaN
2523.828	NaN	NaN	NaN	NaN
2527.828	NaN	NaN	NaN	NaN
2531.828	NaN	NaN	NaN	NaN
2535.829	NaN	NaN	NaN	NaN
2539.829	NaN	NaN	NaN	NaN
2543.829	NaN	NaN	NaN	NaN
2547.828	NaN	NaN	NaN	NaN
2551.831	NaN	NaN	NaN	NaN
2555.830	NaN	NaN	NaN	NaN
2559.831	NaN	NaN	NaN	NaN
2563.832	NaN	NaN	NaN	NaN
2567.785	NaN	NaN	NaN	NaN
2571.727	NaN	NaN	NaN	NaN
2575.830	NaN	NaN	NaN	NaN
2579.829	NaN	NaN	NaN	NaN
2583.830	NaN	NaN	NaN	NaN
2587.831	18.73041	2.90475	18.29926	-2.41694
2591.820	-0.79615	4.48339	17.58747	-5.03559
2595.728	-4.21748	4.86030	9.56873	-6.62946
2599.808	-3.80658	14.46013	8.12393	-6.73309
2603.835	0.27575	-4.86001	4.16828	-7.03424
2607.831	0.56913	-6.55045	2.79300	-7.17306
2611.728	0.49813	-7.38785	2.29453	-6.70960
2615.832	0.45170	-6.84327	2.95871	-5.76213
2619.832	1.42347	-6.70419	4.42797	-5.64091
2623.832	1.77675	-6.72051	4.80039	-5.93630
2627.729	5.35035	-6.59873	5.96993	-6.11325
2631.833	5.79781	-6.76731	6.63421	-6.15893
2635.833	6.98309	-6.70596	6.60144	-5.97427
2639.832	6.70849	-6.82998	6.35559	-5.77071
2643.730	6.17887	-6.72631	6.49898	-5.88474
2647.833	5.44987	-6.54595	6.08814	-5.87636
2651.834	5.19416	-6.76084	6.40028	-5.95163
2655.831	5.09460	-6.68904	6.57624	-5.90443
2659.730	4.94277	-6.75204	6.55974	-5.99669
2663.833	4.87163	-6.81782	6.62809	-6.04045
2667.830	4.78139	-6.37922	6.68842	-6.08410
2671.812	4.71856	-6.39374	6.72785	-6.01553
2675.729	4.72852	-6.50510	6.58521	-5.88633
2679.831	4.69746	-6.20423	6.72335	-5.86537
2683.834	4.74703	-6.06645	6.90529	-6.04491
2687.834	4.82303	-5.88743	7.36098	-6.06563
2691.731	5.27963	-6.17077	7.24818	-6.03558
2695.709	5.07001	-5.91853	6.97854	-6.05674
2699.663	4.99815	-5.88011	6.71588	-5.87862
2703.708	4.81919	-5.69538	6.51155	-5.90658
2707.837	4.84031	-5.71713	7.00964	-6.25588
2711.711	4.53603	-5.67552	7.14582	-5.98911
2715.709	4.63109	-5.69199	7.35319	-5.96419
2719.679	4.80352	-5.62690	6.48872	-5.79903
2723.699	4.67939	-5.61795	6.22439	-5.76027
2727.709	4.59882	-5.56184	6.53117	-5.78024
2731.709	4.51581	-5.42851	6.98485	-5.80766
2735.710	4.48271	-5.49104	7.29623	-5.90594
2739.707	4.45402	-5.35108	6.89928	-5.89167
2743.711	4.40456	-5.26450	7.21904	-5.50149
2747.709	4.42540	-5.04923	7.07354	-5.87475
2751.707	4.47099	-5.13339	6.97482	-5.99258
2755.703	4.45629	-5.31889	7.04196	-5.98923
2759.692	4.38006	-5.28180	6.78162	-5.74326
2763.707	4.36207	-5.24149	7.11689	-6.01805
2767.710	4.36742	-5.09026	6.89974	-6.15791
2771.836	4.41457	-5.01815	6.95369	-6.25994
2775.710	4.35531	-4.97825	7.09578	-6.15932
2779.710	4.32185	-4.81063	6.65164	-5.89738
2783.710	4.18793	-4.73510	6.50709	-5.85922
2787.731	4.17262	-4.89675	6.72656	-5.91763
2791.710	4.32496	-4.89502	6.97771	-6.17940
2795.712	4.10500	-4.68510	6.87765	-6.55824
2799.712	4.22222	-4.76578	6.73365	-6.26705
2803.701	4.12624	-4.63475	7.03560	-6.05619
2807.711	4.06668	-4.60702	6.94205	-5.73633
2811.710	4.18151	-4.51519	6.74582	-6.07671
2815.708	4.01749	-4.48182	6.95783	-5.92877
2819.696	4.16593	-4.46446	7.17685	-6.02175
2823.713	4.07201	-4.87979	6.54335	-6.31723
2827.711	4.20824	-4.70120	6.34581	-6.23341
2831.711	4.30003	-4.65117	6.50481	-6.09379
2835.710	4.26405	-4.53791	7.09272	-5.93640
2839.713	4.27797	-4.64402	7.00064	-6.08445
2843.690	4.25746	-4.68535	6.87621	-6.11766
2847.714	4.40100	-4.80622	6.49972	-5.99719
2851.734	4.40766	-4.70296	5.80757	-5.50854
2855.711	2.34946	-3.24248	5.39052	-5.45301
2859.712	2.04265	-1.82255	4.25852	-4.86386
2863.713	0.05574	-1.95633	1.17046	-3.65344
2867.700	-0.47907	-1.44519	0.39690	-2.50701
2871.713	-1.40122	-1.31804	-0.33769	-2.30772
2875.718	-1.81818	-0.90343	0.43145	-2.55620
2879.672	-2.13993	-0.63428	-0.53592	-3.02141
2883.703	-2.30100	0.30823	-0.54178	-2.73032
2887.701	-2.02701	-0.63152	-0.62734	-2.60215
2891.713	-2.01075	-0.02059	-0.80476	-2.67536
2895.712	-2.10679	-0.33933	-0.73593	-2.46235
2899.735	-2.10285	-0.41281	-0.50761	-2.39377
2903.714	-2.18168	-0.64514	0.32967	-2.14637
2907.714	-2.30870	-0.84412	-0.41048	-2.13504
2911.712	-2.21754	-0.38420	-0.59761	-2.45111
2915.737	-2.20944	-0.23845	-0.67193	-2.47483
2919.712	-2.17997	-0.02545	-0.71417	-2.05064
2923.711	-2.23251	-0.33069	-0.73714	-2.37392
2927.682	-2.14535	-0.25229	-0.68637	-2.40302
2931.706	-2.10178	-0.27534	-0.19822	-2.43825
2935.670	-2.17440	-0.42985	-0.34623	-2.35123
2939.714	-2.55401	-0.83461	-0.18792	-2.38974
2943.716	-2.18597	-0.63960	-0.66680	-2.48666
2947.735	-2.08786	-0.28997	-0.78846	-2.49714
2951.715	-2.00799	0.30324	-0.61536	-2.53455
2955.715	-1.97190	-0.27320	-0.79337	-2.54805
2959.715	-2.02371	-0.53632	-0.42097	-2.55048
2963.705	-2.04007	-0.56447	-0.66960	-2.60264
2967.696	-2.01538	0.05232	0.02611	-2.57160
2971.712	-2.12208	-0.91461	-0.21656	-2.50943
2975.719	-2.10203	-0.90154	-0.56734	-2.49884
2979.736	-1.75743	-0.71113	-0.58503	-2.37090
2983.671	-2.12877	0.51840	-1.04612	-2.43114
2987.715	-2.06101	-0.89749	-0.37563	-2.37801
2991.716	-2.16037	-0.59755	-0.41765	-2.35367
2995.704	-2.06490	-0.06278	-0.36960	-2.14195
2999.714	-2.19754	-0.74007	-0.92192	-2.13943
3003.671	-1.95078	-0.83027	-0.68935	-2.13876
3007.717	-1.62634	-0.66462	-0.79054	-2.12499
3011.733	-2.11946	-0.39778	-0.41981	-2.19665
3015.715	-1.22806	0.48257	-0.46562	-2.04929
3019.716	-1.86818	-0.47023	-0.77017	-2.22144
3023.716	-1.95235	-1.08309	-0.21527	-2.36507
3027.735	-2.44876	-0.89142	-0.44110	-2.21657
3031.715	-2.88646	-0.86371	-1.46988	-2.01308
3035.716	-2.80791	-0.73625	-1.47566	-1.95206
3039.715	-2.26574	-0.59696	-1.28236	-2.00793
3043.706	-2.47871	-0.62623	-1.69966	-2.04786
3047.717	-2.42034	-0.61494	-1.29854	-2.25865
3051.696	-2.42567	-0.47351	-0.82823	-2.44873
3055.718	-2.58675	-0.97794	-1.62428	-2.16986
3059.737	-2.57122	-1.22421	-1.73363	-2.14568
3063.716	-3.05395	-0.92962	-1.86499	-2.08451
3067.717	-3.15882	-0.31292	-1.72257	-2.04431
3071.718	-3.15266	-0.36378	-1.65887	-1.87175
3075.739	-3.31645	-0.31446	-1.75342	-1.70149
3079.716	-2.79662	-0.43317	-1.52337	-1.92490
3083.718	-2.70473	-0.46807	-1.89136	-1.44815
3087.721	-2.55745	-0.47637	-1.21035	-1.37818
3091.730	-2.40236	-0.40009	-1.07314	-1.36111
3095.707	-2.48691	-0.27383	-1.00144	-1.54742
3099.721	-2.89750	-0.19836	-0.95142	-1.65695
3103.717	-2.41972	-0.27178	-1.24726	-1.57990
3107.737	-2.44162	-0.14973	-1.25679	-1.59755
3111.718	-2.35407	-0.32408	-1.62582	-1.58193
3115.716	-3.08043	-0.38373	-1.70378	-1.70901
3119.717	-2.85484	-0.34584	-1.64409	-1.71290
3123.707	-2.93240	-0.41488	-2.24996	-1.65642
3127.721	-3.15201	-0.49518	-1.45661	-1.85776
3131.718	-3.17064	-0.42399	-1.75483	-1.59897
3135.720	-3.29879	-0.49930	-1.66383	-1.62210
3139.739	-3.34870	-0.19513	-1.33969	-1.80035
3143.718	-3.28471	-0.01565	-1.73224	-1.62649
3147.720	-2.39450	-0.32896	-1.89835	-2.06974
3151.721	-3.31687	-0.36826	-1.79373	-2.08300
3155.742	-3.44854	-0.57623	-1.83142	-1.53944
3159.716	-3.36072	-0.62286	-1.62430	-1.65103
3163.721	-3.41404	-0.15828	-2.23561	-1.89482
3167.720	-3.22040	-0.34059	-1.76148	-1.83429
3171.720	-3.50351	-0.02220	-1.62825	-1.49468
3175.704	-3.35865	-0.26019	-1.96063	-1.58640
3179.693	-2.87767	-0.13908	-1.87478	-2.31870
3183.721	-3.13138	-0.03476	-1.86957	-1.70697
3187.721	-3.27173	-0.06582	-2.06252	-1.55856
3191.723	-2.54799	-0.03227	-1.75327	-1.95723
3195.719	-3.17854	-0.11495	-1.80075	-1.61181
3199.675	-3.26955	-0.15354	-1.72728	-1.15299
3203.727	-3.00581	-0.07484	-1.58815	-1.67853
3207.718	-2.94988	-0.01995	-1.55990	-1.76521
3211.722	-2.90634	-0.05658	-1.40579	-1.56940
3215.721	-2.93785	0.06916	-1.79497	-1.63946
3219.722	-2.82298	0.02832	-1.63556	-1.57465
3223.719	-2.95059	-0.08192	-1.85876	-1.37223
3227.719	-3.03249	-0.21817	-1.89327	-1.62657
3231.719	-2.79946	-0.30153	-0.93291	-1.89904
3235.722	-2.90431	-0.06165	-1.60995	-1.60874
3239.721	-2.83566	-0.20624	-1.57560	-1.40679
3243.722	-2.68299	-0.23725	-1.61689	-1.35696
3247.721	-2.80635	0.03157	-1.20981	-0.78185
3251.677	-3.07530	-0.23406	-0.71518	-1.25774
3255.723	-2.89460	-0.16806	-1.78711	-1.40716
3259.723	-3.12512	-0.00280	-1.79309	-1.50110
3263.722	-2.85069	-0.06048	-1.80826	-2.05526
3267.680	-2.66756	0.11212	-1.00630	-1.51832
3271.722	-2.58167	-0.04242	-1.24305	-0.81761
3275.721	-2.46072	-0.02493	-1.75751	-1.33380
3279.721	-2.40181	0.09392	-1.89374	-1.52896
3283.723	-2.51537	0.00097	-1.68454	-1.07851
3287.721	-2.78701	0.18543	-1.47794	-1.13329
3291.723	-2.55960	0.12132	-1.77662	-0.98837
3295.723	-2.57870	0.25142	-0.68268	-1.58325
3299.716	-2.21583	0.02230	-0.15186	-1.74573
3303.723	-2.55287	-0.23474	-1.78491	-1.73640
3307.722	-2.37221	-0.23318	-1.59804	-1.48969
3311.726	-2.48507	-0.02066	-1.78248	-1.63731
3315.722	-2.52423	0.15588	-1.98430	-1.23829
3319.724	-2.49793	-0.42071	-1.92942	-1.42062
3323.723	-2.73521	-0.47600	-1.29660	-1.41868
3327.722	-2.49885	-0.09652	-0.03033	-1.60481
3331.724	-2.81882	-0.33198	0.14168	-1.57727
3335.725	-2.62333	-0.21631	-2.06498	-1.51111
3339.725	-2.84759	-0.31437	-1.69845	-1.58169
3343.692	-3.41033	-0.34253	-1.84542	-1.51960
3347.714	-2.89089	-0.53813	-0.26838	-1.52313
3351.723	-2.30979	-0.40850	0.15079	-1.43588
3355.724	-3.02232	-0.39345	-1.91278	-1.22588
3359.724	-3.65245	-0.19826	-1.80608	-1.40975
3363.725	-3.05504	-0.07256	-1.06136	-1.17217
3367.724	-2.38893	0.20671	-1.83355	-1.29969
3371.725	-3.46459	-0.01664	-2.29711	-1.34944
3375.726	-3.52944	0.15407	-1.22531	-1.39203
3379.721	-2.77530	0.42628	-0.61228	-1.02941
3383.682	-2.80786	0.31977	-1.49795	-1.39006
3387.724	-3.28711	0.32997	-2.23796	-1.43350
3391.726	-3.54368	0.45622	-0.99663	-1.40070
3395.726	-2.69864	0.60932	-0.67494	-1.61927
3399.721	-2.62652	0.39739	-1.27358	-1.67372
3403.726	-3.70220	0.24619	-1.35001	-1.85623
3407.725	-2.75950	-0.56455	-0.61454	-1.71619
3411.725	-2.64978	-0.35054	-1.16039	-1.71589
3415.725	-3.53639	0.54280	-1.55353	-1.59700
3419.727	-3.63811	0.02577	-1.21323	-1.94021
3423.724	-2.55928	-0.27711	-1.46876	-1.92438
3427.726	-2.72385	-0.60911	-1.69091	-2.04881
3431.724	-3.59745	0.06245	-1.50127	-1.87884
3435.726	-3.19867	-0.24339	-1.10963	-2.16040
3439.725	-2.55594	-0.48754	-1.63348	-2.16461
3443.725	-2.40597	-0.76823	-2.02465	-2.07809
3447.726	-3.54462	-0.33623	-1.58532	-1.98685
3451.725	-3.44253	-0.48032	-1.12097	-2.02229
3455.725	-2.76094	-0.59135	-1.56853	-2.22473
3459.724	-2.44001	-0.56928	-1.98593	-1.93688
3463.726	-3.64269	-0.47707	-1.79329	-1.75627
3467.703	-3.79282	-0.02708	-0.78434	-1.54614
3471.726	-2.42314	-0.05946	-1.28752	-1.61550
3475.727	-2.50526	-0.21779	-2.43533	-1.58238
3479.728	-4.01672	-0.31989	-1.11410	-1.74995
3483.727	-3.34907	-0.35538	-0.80697	-1.49434
3487.727	-2.48715	-0.26052	-1.08468	-1.53494
3491.727	-2.51903	-0.50250	-2.24247	-1.37666
3495.726	-4.21318	-0.49669	-0.93820	-1.50481
3499.726	-3.28887	-0.50483	-0.35665	-1.33614
3503.684	-2.23308	-0.30422	-2.17061	-1.41435
3507.624	-3.01242	-0.28797	-1.56672	-1.25536
3511.719	-3.36055	-0.30291	-0.85863	-0.95198
3515.727	-2.59240	-0.17704	-1.91784	-1.44128
3519.727	-2.62244	-0.53880	-1.86263	-1.29379
3523.739	-3.46189	0.06184	-0.54056	-1.50023
3527.726	-2.32545	0.29576	-0.95522	-1.87637
3531.726	-2.54767	-0.60843	-1.98566	-1.60742
3535.727	-3.41597	-0.11445	-0.89312	-1.91698
3539.727	-2.75272	-0.86019	-1.45058	-1.49053
3543.728	-2.45631	-0.82348	-1.91551	-1.73513
3547.728	-3.06553	-0.69728	-0.94254	-1.40361
3551.729	-3.14761	-0.89025	-1.02789	-0.58762
3555.727	-2.38355	-0.41037	-1.60456	-1.49303
3559.726	-3.33322	-0.17209	-0.67072	-1.52140
3563.725	-2.48988	0.06159	-0.86423	-2.06118
3567.728	-2.80424	-0.35499	-1.13305	-1.54037
3571.730	-2.52176	-0.42177	-1.31930	-1.56678
3575.727	-2.59413	-0.68940	-1.14690	-1.18470
3579.733	-2.61441	-0.94248	-1.02012	-1.39881
3583.730	-2.97525	-1.01907	-1.16141	-1.08849
3587.730	-2.71738	-0.65324	-1.49101	-1.46067
3591.709	-2.88416	-0.62528	-0.98263	-1.27926
3595.727	-2.56342	-1.05362	-1.12993	-1.03192
3599.729	-2.76809	-0.48909	-0.90713	-1.53882
3603.731	-2.73160	-1.10725	-1.10842	-1.24906
3607.728	-2.81201	-0.66061	-0.42733	-1.41421
3611.729	-2.82165	-0.93381	-1.16843	-1.42804
3615.729	-2.81402	-0.29768	-1.18497	-1.82784
3619.625	-2.85841	-0.91199	-0.99581	-1.13804
3623.732	-3.05053	-0.58383	-1.05376	-1.54712
3627.686	-2.53169	-0.62824	-1.27701	-1.39098
3631.730	-3.09780	-1.11726	-1.18284	-1.49159
3635.731	-2.80885	-1.01676	-1.31208	-1.44218
3639.730	-2.93369	-0.37562	-0.88431	-1.91473
3643.729	-3.05642	-0.59792	-1.08093	-1.32766
3647.729	-3.15149	-0.21447	-1.04111	-1.41707
3651.733	-3.01769	0.26147	-1.14645	-0.31070
3655.731	-2.38529	-0.14177	-1.06513	-1.44698
3659.726	-2.88386	-0.39445	-1.07932	-1.55944
3663.728	-3.04113	-0.58386	-1.23722	-1.76364
3667.734	-3.10673	-0.66468	-1.28914	-1.89298
3671.729	-2.85056	-1.07878	-1.29702	-2.63808
3675.709	-2.38348	-1.31693	-1.20137	-2.54029
3679.696	-2.87044	-0.59013	-1.48091	-2.16132
3683.627	-2.82667	-0.44964	-1.80400	-1.87776
3687.731	-2.80961	-0.37623	-1.70673	-1.76479
3691.686	-2.51968	-0.28715	-1.03605	-2.68367
3695.731	-2.28182	-0.76716	-1.06021	-2.51988
3699.687	-2.58123	-0.82725	-0.79995	-2.35782
3703.732	-2.45453	-0.92349	-1.06917	-2.10698
3707.731	-2.39032	-0.67086	-1.27944	-1.81430
3711.731	-2.41026	-0.54973	-1.30695	-0.82174
3715.563	-2.55876	-0.63468	-2.27964	-1.93817
3719.608	-2.63175	-0.41555	-1.77700	-2.51814
3723.570	-2.84504	-0.33155	-1.89587	-2.07929
3727.607	-2.08996	-0.91788	-1.37441	-1.43803
3731.595	-2.54019	-0.86138	-0.89609	-1.50307
3735.608	-2.74739	-0.62794	-0.51855	-1.96365
3739.616	-2.97935	-0.61054	-0.61183	-1.39120
3743.607	-3.46226	-0.35233	-0.68017	-1.30821
3747.628	-3.21577	-0.30117	-0.77124	-1.51101
3751.605	-3.38531	-0.25726	-0.58190	-1.74507
3755.606	-3.43519	-0.07067	-1.29645	-1.53330
3759.606	-3.38976	-0.08131	-1.19859	-1.32503
3763.614	-3.40420	-0.19800	-5.08515	-2.06928
3767.607	-3.14204	-0.13364	-5.23064	-1.67458
3771.609	-3.18400	-0.06195	-0.32228	-1.57447
3775.609	-3.06174	-0.09278	-0.41772	-1.44488
3779.633	-2.63556	-0.07449	-0.56654	-2.90254
3783.607	-2.44970	-0.12031	-0.91612	-2.92845
3787.608	-2.70119	-0.20242	-0.92671	-3.14145
3791.608	-2.18139	-0.37663	-2.26646	-2.03620
3795.626	-2.56500	-0.20805	-2.37689	-2.27707
3799.609	-2.66246	-0.29466	-2.79954	-2.03266
3803.609	-2.49275	-0.28251	-3.00903	-0.85337
3807.602	-2.62638	-0.20226	-1.77662	0.45657
3811.624	-2.66654	-0.24671	-1.88023	-0.11777
3815.564	-2.67600	-0.26182	-1.63804	-0.42948
3819.609	-2.45609	-0.13054	-1.50703	-1.44668
3823.609	-2.50989	-0.22397	-1.56141	-2.00788
3827.631	-2.29822	-0.15970	-1.48476	-2.28571
3831.609	-2.44224	-0.16986	-2.23843	-2.15980
3835.609	-2.45854	-0.12679	-2.15767	-1.93136
3839.611	-2.76007	0.01752	-1.53309	0.09638
3843.599	-2.70193	0.11043	-1.60127	-0.58872
3847.608	-2.92812	0.04775	-1.38857	-1.62350
3851.607	-2.63009	-0.10458	-1.31521	-1.95713
3855.610	-2.64423	0.04297	-1.07329	-2.03145
3859.632	-2.35496	0.04166	-1.14796	-2.34795
3863.609	-2.43231	0.15772	-1.27939	-5.37155
3867.610	-2.40783	0.09752	-1.29248	-5.65256
3871.610	-2.45485	0.00705	-1.53471	-5.85588
3875.599	-2.56325	0.03257	-1.47935	-6.06436
3879.569	-2.88128	-0.03333	-2.10322	-2.53783
3883.611	-2.87475	-0.03594	-2.57142	-2.59074
3887.599	-3.16884	-0.17517	-1.95044	-6.35667
3891.602	-2.90636	-0.31773	-2.31976	-6.40506
3895.612	-2.76703	-0.31961	-2.36183	-6.61021
3899.607	-2.89968	-0.58949	-3.10559	-2.86766
3903.613	-3.09807	-0.56946	-3.89352	-3.01510
3907.603	-2.98950	-0.51580	-4.53026	-3.01626
3911.608	-2.63933	-0.57694	-1.81029	-2.99336
3915.612	-2.85128	-0.62111	-2.06550	-0.01415
3919.612	-2.91000	-0.57140	-1.51013	-2.01572
3923.616	-3.19956	-0.63381	-1.57996	-1.76219
3927.612	-3.16861	-0.60614	-1.80184	-1.78239
3931.577	-2.97604	-0.68026	-3.60200	-3.01617
3935.613	-2.75903	-0.36493	-1.71494	-1.81937
3939.630	-2.72320	-0.59268	-1.57979	-1.72849
3943.612	-2.67942	-0.41402	-1.31104	-1.53332
3947.624	-2.75950	-0.13358	-1.67588	-1.57690
3951.611	-2.88955	-0.10337	-1.43771	-2.21008
3955.629	-3.08206	-0.14774	-1.62096	-1.97880
3959.611	-3.29822	-0.02682	-1.40182	-2.12029
3963.611	-3.24800	-0.31991	-1.37806	-2.53875
3967.611	-2.98666	-0.38659	-4.71600	-1.75462
3971.602	-3.83411	0.03327	-1.06322	-1.95247
3975.611	-3.13209	-0.24673	-0.51634	-1.82905
3979.611	-1.39289	-0.26745	-0.07626	-2.26538
3983.614	-0.12910	-0.43520	0.25845	-2.97172
3987.633	0.28798	-0.96876	0.77521	-2.62701
3991.613	0.20499	-2.33667	1.13176	-4.26854
3995.612	-3.17641	-0.83607	1.99890	-3.06091
3999.613	-3.32283	-1.04740	2.11135	-3.69043
4003.600	0.28146	-1.25102	1.80985	-3.84862
4007.616	0.04847	-0.83534	1.88923	-4.05832
4011.614	0.25475	-0.87466	2.65902	-3.24793
4015.605	0.33389	-1.01524	2.12818	-3.74672
4019.607	0.11972	-1.41204	-4.12762	-6.77162
4023.613	1.19916	-1.60076	2.04262	-3.82654
4027.613	0.92043	-2.11249	2.00405	-3.75112
4031.614	0.46331	-2.38459	1.84738	-3.69411
4035.636	2.38264	-1.44598	1.72237	-3.52539
4039.614	2.53793	-1.61636	1.90795	-3.67471
4043.613	0.49877	-1.49614	1.95324	-3.91013
4047.615	0.62982	-2.05489	1.91722	-3.71201
4051.618	0.94366	-1.14869	2.39319	-3.60174
4055.584	0.72873	-1.68035	1.80903	-3.70304
4059.613	1.13744	-2.11262	1.55693	-3.70166
4063.610	1.13206	-1.61515	-2.63601	-6.48984
4067.605	0.83404	-1.61048	1.95175	-3.78316
4071.615	0.93815	-1.73579	-3.60578	-6.74027
4075.614	0.86364	-1.73131	1.95227	-3.60595
4079.614	1.03831	-1.81815	1.89994	-3.68247
4083.641	1.08254	-2.00877	1.57426	-6.73151
4087.615	0.94497	-2.13012	0.34553	-6.79701
4091.616	0.96038	-2.08969	1.83962	-3.60891
4095.604	0.97804	-2.18872	1.66872	-3.59269
4099.606	0.98943	-2.25560	0.40579	-3.34840
4103.616	0.96266	-2.23951	-0.32345	-3.29365
4107.616	0.97006	-2.29877	1.87473	-3.34360
4111.571	1.05498	-2.39946	1.85150	-3.34352
4115.614	1.11544	-2.24826	1.97299	-3.73924
4119.617	1.28477	-2.30609	1.82599	-4.10023
4123.617	-1.11591	-1.80557	1.89476	-3.66062
4127.571	1.25979	-2.05658	2.04118	-3.77093
4131.606	1.13610	-1.55559	2.10223	-4.25077
4135.617	1.06200	-2.00389	1.82175	-3.82271
4139.617	1.08286	-1.17345	1.99364	-4.03512
4143.616	1.07522	-1.56818	1.80529	-3.93429
4147.607	0.95162	-2.02845	1.79740	-3.95038
4151.617	1.27733	-1.70752	1.84582	-3.78334
4155.617	1.31927	-1.52028	2.03853	-4.16074
4159.619	1.30699	-2.14756	1.63960	-3.70485
4163.608	1.13149	-2.49475	1.73849	-3.72386
4167.618	1.34733	-2.58829	2.17576	-3.90823
4171.617	1.25634	-2.07633	1.74013	-4.02959
4175.617	1.23972	-2.07391	1.90497	-3.87363
4179.571	1.45800	-2.55356	2.03603	-4.30370
4183.613	1.22122	-2.81068	2.46142	-4.45510
4187.616	1.25947	-2.47054	2.36812	-3.94297
4191.618	1.47836	-2.23522	2.26871	-3.94325
4195.614	1.52769	-2.41350	2.15353	-4.04267
4199.573	1.29273	-2.29105	2.23791	-3.84775
4203.618	1.51479	-2.15149	2.30266	-3.80719
4207.617	1.66480	-2.57632	2.43013	-4.64586
4211.607	1.25391	-2.49814	2.64002	-4.38054
4215.619	1.35990	-2.10532	2.30623	-4.34705
4219.615	1.20946	-2.39209	1.81332	-3.63496
4223.618	1.39879	-2.15344	2.51044	-4.27763
4227.615	1.74938	-1.87221	1.91209	-4.34002
4231.618	1.40187	-2.21297	2.17975	-3.86345
4235.619	1.07835	-1.83168	2.31577	-3.91850
4239.618	1.41737	-1.60780	1.95361	-4.56838
4243.608	1.51224	-1.74369	1.82140	-4.58121
4247.618	1.36275	-1.75775	1.85896	-4.58933
4251.619	1.60176	-1.86928	1.48032	-4.36946
4255.620	1.43858	-1.97371	2.19353	-4.45071
4259.619	1.23920	-2.10706	2.43766	-3.97677
4263.638	1.40534	-1.89542	2.11078	-4.15598
4267.617	1.21566	-1.97046	1.96563	-4.47263
4271.619	1.20264	-1.67285	1.93745	-4.52136
4275.620	1.36308	-1.91605	2.25811	-4.49487
4279.619	1.10378	-1.98381	2.31527	-4.64842
4283.623	1.04282	-2.10467	2.27493	-4.72377
4287.621	1.21536	-2.19051	2.34634	-4.73690
4291.619	1.07783	-2.18850	2.34907	-4.55200
4295.619	0.94266	-2.49882	2.18352	-4.14407
4299.619	1.27715	-1.92131	2.55787	-4.62637
4303.619	1.20050	-1.53510	2.53538	-4.64682
4307.619	0.62260	-1.52715	2.67326	-4.24805
4311.621	0.95916	-1.51983	2.47702	-4.25813
4315.621	0.78034	-1.37762	2.32387	-4.11525
4319.618	0.95291	-1.84230	2.45054	-3.94565
4323.621	0.58203	-1.85782	2.08092	-4.25347
4327.620	0.94500	-2.02171	2.01070	-4.15113
4331.619	0.98370	-2.29782	1.67697	-4.04678
4335.620	1.56558	-2.63960	2.74620	-3.84084
4339.614	1.01179	-2.26506	2.56827	-3.97326
4343.621	0.94003	-1.91889	2.56240	-4.07799
4347.586	0.96750	-1.39324	2.73635	-4.22788
4351.621	0.89661	-1.36536	2.52186	-4.26290
4355.612	1.47010	-1.02433	1.90430	-4.36187
4359.621	1.79909	-1.01351	1.80717	-4.38954
4363.621	1.69168	-1.24118	2.09294	-4.35337
4367.622	1.73194	-1.32645	2.43285	-4.40626
4371.623	1.67985	-1.02048	2.65671	-4.10470
4375.621	1.35152	-1.25850	2.23105	-3.88243
4379.621	1.14702	-1.17844	2.36606	-4.08469
4383.625	0.81741	-1.34987	2.58212	-3.96734
4387.622	0.64977	-1.30673	2.63088	-4.14650
4391.576	0.58017	-1.22973	2.35994	-3.95594
4395.623	0.44974	-1.37025	2.20880	-3.80096
4399.621	0.73384	-1.38242	2.42847	-3.93771
4403.624	0.58697	-1.40231	2.41051	-3.87514
4407.625	0.33414	-1.38621	2.11918	-3.85612
4411.623	0.48309	-1.34991	2.25662	-3.79856
4415.622	0.33486	-1.48433	2.42921	-3.84669
4419.622	0.38936	-1.45912	2.27947	-3.91527
4423.625	0.34375	-1.74056	2.54722	-3.88835
4427.623	0.62523	-2.87817	2.42091	-3.94855
4431.620	0.69702	-2.80652	2.32518	-3.87182
4435.526	0.63558	-2.20774	2.30427	-3.94223
4439.622	0.79327	-2.42558	2.33244	-4.04803
4443.624	0.78608	-2.21253	2.29902	-4.04798
4447.623	0.83463	-1.98025	2.25868	-3.96875
4451.624	0.77573	-2.33682	2.29986	-3.88679
4455.625	0.99338	-2.08277	2.28707	-3.91250
4459.623	0.96058	-2.15102	2.23999	-3.83989
4463.625	0.85627	-2.09295	2.66575	-3.62865
4467.626	0.85721	-2.06168	2.47440	-3.53030
4471.600	0.85471	-1.77275	2.65074	-3.57737
4475.623	0.85826	-1.87930	2.53253	-3.57283
4479.626	1.11715	-1.62802	2.84313	-3.69292
4483.520	0.93601	-1.75538	2.67682	-3.85892
4487.624	0.95356	-1.79804	2.40714	-3.86880
4491.623	0.93048	-1.48714	2.63059	-3.66359
4495.623	0.84816	-1.47731	2.88151	-3.75406
4499.521	0.76640	-1.72358	2.98383	-3.81408
4503.579	0.77469	-1.71782	2.84608	-3.76156
4507.624	0.60012	-1.79983	2.57850	-4.08295
4511.612	1.01300	-1.94322	2.91074	-3.85158
4515.520	0.95276	-1.20844	2.88824	-3.94785
4519.625	0.53562	-1.58942	2.66389	-3.97842
4523.625	0.70876	-1.67398	2.63574	-4.03562
4527.625	1.08683	-1.70849	2.60872	-3.95248
4531.522	1.19817	-2.07689	2.78867	-3.86140
4535.580	1.29635	-1.85588	2.42119	-3.86641
4539.625	0.87121	-2.09234	2.33561	-3.68999
4543.625	1.27261	-2.22826	2.11968	-3.44859
4547.627	0.99417	-1.89866	1.99335	-3.41830
4551.625	1.10470	-1.91636	2.76844	-3.68638
4555.591	1.59058	-2.16404	2.76000	-3.84045
4559.627	1.11335	-1.85369	2.57501	-3.93905
4563.627	0.92311	-1.54509	2.60344	-3.17752
4567.626	1.67482	-2.28292	2.54573	-4.66467
4571.627	0.81692	-1.76142	1.97198	-3.33925
4575.626	1.16426	-1.57270	2.40310	-3.53059
4579.627	0.98124	-1.96501	1.90797	-3.28792
4583.628	0.74412	-1.59546	2.04614	-3.23648
4587.627	1.01633	-1.36638	1.68801	-3.41876
4591.623	0.53927	-1.52869	2.29193	-3.60027
4595.524	1.40966	-1.30282	1.74687	-3.53267
4599.622	0.81000	-1.40743	1.97996	-2.62533
4603.627	0.09920	-1.43138	1.97552	-3.44942
4607.625	0.05157	-1.37442	1.88767	-3.57903
4611.627	0.96685	-1.70026	2.12062	-4.25759
4615.625	0.84176	-1.96746	1.99491	-3.58412
4619.626	0.32431	-1.47932	2.07814	-3.58050
4623.625	0.22189	-1.45810	2.13869	-4.43083
4627.521	0.53749	-2.20090	2.18684	-3.74509
4631.628	0.09066	-1.82532	-0.53426	-2.20073
4635.622	-0.96480	-1.54227	-1.03325	-2.61676
4639.619	-3.49893	-1.09357	-4.42424	-3.11112
4643.628	-3.49522	-0.34595	-6.44655	-3.13988
4647.627	-5.19027	-0.22151	-8.27035	-2.66067
4651.628	-7.96356	0.05417	-8.71715	-2.75691
4655.627	-8.34572	-0.21257	-9.78614	-2.13164
4659.627	-11.26868	0.08247	-9.98620	-2.12245
4663.629	-10.77327	0.02182	-10.18661	-3.11225
4667.628	-11.30923	-0.23621	-11.57119	-3.08228
4671.629	-11.13974	0.07987	-11.51890	-2.30229
4675.631	-10.99487	-0.25734	-11.34468	-2.19796
4679.604	-11.10445	-0.31935	-10.17214	-3.06994
4683.628	-11.16313	-0.49461	-10.59291	-3.14745
4687.627	-11.06000	-0.45965	-11.10383	-3.44340
4691.594	-11.26701	-0.49388	-11.79610	-3.48612
4695.625	-11.53212	-0.49936	-11.30087	-3.61332
4699.583	-11.87180	-0.62146	-11.50136	-3.42983
4703.626	-11.83455	-0.67419	-11.55812	-3.45107
4707.524	-11.96033	-0.79903	-11.42008	-3.48236
4711.631	-11.69819	-0.76058	-11.26068	-3.59991
4715.629	-10.94538	-0.78129	-11.23244	-3.52146
4719.615	-11.87254	-0.67250	-11.24688	-3.50574
4723.526	-10.82902	-0.56914	-11.30126	-3.35508
4727.630	-10.99683	-1.00193	-11.41249	-3.35455
4731.627	-10.94648	-1.18816	-11.07001	-3.69010
4735.630	-10.64427	-0.85923	-11.23523	-3.42562
4739.492	-11.27980	-0.70224	-11.18050	-3.60795
4743.504	-11.24287	-0.48994	-11.21460	-3.32331
4747.504	-11.06954	-0.57041	-11.12945	-3.18615
4751.459	-11.04221	-0.86706	-11.25309	-3.22228
4755.503	-10.80548	-1.13441	-11.25034	-3.17816
4759.507	-11.17742	-1.03580	-11.18955	-3.56598
4763.506	-11.10675	-1.02781	-11.00307	-3.54662
4767.482	-11.11404	-0.73613	-10.98913	-3.40585
4771.472	-11.19963	-0.57525	-10.94191	-3.25039
4775.506	-11.18492	-0.46048	-10.89867	-3.23299
4779.506	-11.20223	-1.83253	-10.97994	-3.24124
4783.506	-11.00668	-1.33627	-11.12992	-3.86318
4787.529	-11.15912	-1.53653	-10.99496	-3.72864
4791.506	-11.01409	-1.41819	-11.08443	-3.53551
4795.505	-11.08815	-0.94238	-10.97672	-3.40291
4799.505	-11.18078	-0.44320	-10.88695	-3.26561
4803.527	-11.12087	-0.45646	-10.67584	-3.08631
4807.499	-10.95045	-0.13655	-10.87520	-3.16790
4811.461	-11.52240	-0.79986	-11.11561	-3.25538
4815.507	-11.10789	-1.15772	-11.04881	-3.73124
4819.529	-11.24798	-1.90299	-10.98107	-2.99446
4823.507	-11.06442	-0.40736	-10.73639	-3.23906
4827.506	-11.17969	-0.37158	-10.89987	-3.22405
4831.506	-11.16633	-0.98934	-10.75993	-3.48112
4835.505	-11.30536	-0.40500	-11.01804	-3.30763
4839.507	-11.22162	-0.71044	-11.00051	-3.56004
4843.507	-11.12254	-0.42154	-10.78527	-3.19642
4847.507	-11.15145	-0.98559	-11.10806	-2.87568
4851.527	-11.26374	-0.22811	-11.13272	-3.49901
4855.508	-11.21606	-0.22122	-11.12350	-3.41229
4859.507	-11.11867	-0.28684	-11.06640	-2.99072
4863.507	-10.98616	-1.05401	-11.18043	-3.18705
4867.527	-11.11513	-0.65668	-11.13597	-3.62694
4871.508	-11.01053	-0.22477	-11.22453	-3.34555
4875.507	-10.96291	-0.38720	-11.14092	-3.33473
4879.509	-10.74994	-0.37796	-11.21692	-3.09537
4883.498	-10.95724	-1.05297	-11.11047	-3.18769
4887.513	-10.92547	-1.37178	-11.11243	-3.28949
4891.508	-11.16337	-1.16123	-11.17348	-3.27898
4895.508	-11.16698	-0.96474	-11.06031	-3.00504
4899.497	-10.88735	-0.91036	-11.01821	-2.96482
4903.505	-10.87299	-0.71792	-11.04525	-2.76783
4907.507	-11.16110	-0.68758	-11.19273	-2.93137
4911.508	-11.31564	-1.07021	-11.32650	-2.94914
4915.532	-11.64132	-0.89462	-11.07444	-3.02790
4919.506	-10.79382	-0.95049	-11.02548	-3.02488
4923.509	-11.14211	-1.42133	-10.77291	-3.05478
4927.510	-11.38218	-1.27024	-10.89255	-2.94230
4931.539	-11.38054	-1.06551	-10.96980	-3.16672
4935.505	-11.19251	-0.91107	-10.92239	-3.25019
4939.506	-11.23143	-0.96285	-10.93966	-3.72905
4943.509	-11.02619	-0.98045	-10.99078	-3.17474
4947.528	-11.09035	-1.00181	-10.95657	-3.40025
4951.510	-11.15838	-1.15265	-10.88245	-3.33293
4955.511	-11.02335	-0.95720	-10.83228	-3.09718
4959.509	-11.15905	-1.06677	-10.84815	-3.44764
4963.531	-11.22372	-0.96943	-10.92308	-3.32231
4967.512	-11.23652	-0.94587	-10.94339	-3.16778
4971.511	-10.94481	-0.80371	-10.87264	-3.15179
4975.486	-10.36874	-0.59439	-10.82682	-2.30905
4979.531	-7.95502	2.29651	-10.50266	-2.78991
4983.510	-6.00941	2.66947	-8.49522	-2.07576
4987.514	-3.78509	2.85275	-6.61565	-1.91252
4991.510	-2.83558	2.39386	-5.32070	-0.81497
4995.530	-2.10379	2.48503	-2.13623	0.27208
4999.510	0.23430	2.73930	-1.60122	0.67170
5003.476	1.31032	2.71597	-1.37176	0.60056
5007.509	4.08251	2.82197	0.55652	0.28923
5011.532	4.04626	2.82091	0.98387	1.36227
5015.503	4.16169	2.89907	1.27877	1.60473
5019.500	3.63423	3.11834	2.34257	1.91767
5023.509	5.54036	3.46712	3.30824	1.07321
5027.466	4.48453	4.54421	2.41373	0.94384
5031.510	4.36118	3.91462	2.20282	1.01634
5035.511	4.45898	3.83070	2.87987	1.50329
5039.512	4.41677	3.92062	3.37410	1.84964
5043.504	4.49366	3.79249	3.14041	1.74795
5047.511	4.39829	3.25296	3.32068	1.38180
5051.513	3.89552	3.16019	3.38738	2.09872
5055.511	4.30430	3.15967	3.38486	1.94561
5059.531	4.39572	3.89101	3.22896	1.69235
5063.511	4.25966	3.64389	3.07295	1.77399
5067.513	4.26521	4.15562	3.34888	1.70699
5071.513	4.14809	4.18689	3.40690	1.71336
5075.530	3.80854	3.88594	3.40826	1.80205
5079.512	3.91472	3.79029	3.55145	1.88069
5083.511	3.93401	3.65206	3.48370	1.78109
5087.517	3.92008	3.44865	3.47151	1.80131
5091.534	3.94920	3.59392	3.46315	1.82397
5095.515	4.75805	3.37776	3.51453	1.76689
5099.493	4.46482	3.45938	3.57439	1.73454
5103.512	3.94349	3.76782	3.51162	1.71713
5107.539	3.74234	3.69574	3.48462	1.84165
5111.513	4.43631	3.46087	3.49495	1.72730
5115.511	3.73586	3.67224	3.49426	1.68326
5119.513	4.05690	3.37094	3.53992	1.74952
5123.531	3.65374	3.54937	3.43818	1.59679
5127.511	4.51793	3.37308	3.43845	1.56936
5131.513	4.28123	3.42914	3.48768	1.54612
5135.515	3.91674	3.54183	3.59889	1.52468
5139.532	4.00853	3.47891	3.53975	1.27740
5143.479	3.73529	3.67762	3.62823	1.52091
5147.511	3.40761	3.63516	3.49540	1.69741
5151.515	3.69867	3.79721	3.58855	1.52893
5155.536	4.05836	3.95470	3.60692	1.72268
5159.511	4.05977	4.12983	3.68515	1.35262
5163.511	3.66622	3.84803	3.54922	1.71186
5167.517	3.68305	4.00042	3.55543	1.52938
5171.502	4.25630	3.89392	3.44565	1.80394
5175.516	4.04021	3.70032	3.62183	1.77654
5179.515	4.04184	3.99277	3.27519	1.67254
5183.491	3.51263	4.08359	2.58893	1.43886
5187.472	3.43486	4.13272	3.27160	1.27942
5191.471	3.84115	3.49341	3.29397	1.85971
5195.515	3.64422	4.44995	3.10945	1.44716
5199.470	3.94056	4.33018	3.12071	1.53232
5203.506	3.41731	4.23625	3.04363	1.47601
5207.515	3.62655	4.20730	2.52277	1.60422
5211.516	3.46211	3.75028	2.00909	1.26796
5215.527	3.21812	4.41067	3.09701	1.36673
5219.519	3.72872	4.39695	2.97426	1.47120
5223.508	3.45324	4.21110	2.81504	1.59072
5227.516	3.81059	3.48832	3.14004	1.62710
5231.515	4.10088	3.35863	3.16268	1.55990
5235.471	3.82225	4.56516	3.14550	1.07591
5239.515	3.42539	4.54154	3.08105	1.24322
5243.517	3.70262	3.95142	2.99913	1.62079
5247.516	3.71792	3.75252	3.15295	1.75873
5251.471	3.87161	3.41915	3.19271	1.45289
5255.517	3.08369	3.42109	3.17804	1.39993
5259.518	3.88018	3.57596	3.02680	1.27116
5263.527	4.04754	3.58307	2.96359	0.87626
5267.521	3.95323	4.09719	2.60770	1.50792
5271.516	3.86284	3.78931	2.80179	2.68989
5275.517	3.78477	3.96028	3.00727	1.36888
5279.518	3.02957	3.65773	3.00284	1.37692
5283.519	3.39629	3.55497	2.95208	1.39596
5287.517	3.77760	3.64865	3.16297	1.86309
5291.519	-1.90500	3.52565	3.43741	3.70686
5295.516	3.65945	3.27751	5.65784	3.40372
5299.516	3.49100	6.45125	3.01386	1.90205
5303.519	4.50939	6.26001	3.39144	3.13958
5307.498	NaN	NaN	4.53487	3.29578
5311.513	NaN	NaN	NaN	NaN
5315.514	NaN	NaN	NaN	NaN
5319.519	NaN	NaN	NaN	NaN
5323.518	NaN	NaN	NaN	NaN
5327.518	NaN	NaN	NaN	NaN
5331.517	NaN	NaN	NaN	NaN
5335.516	NaN	NaN	NaN	NaN
5339.516	NaN	NaN	NaN	NaN
5343.522	NaN	NaN	NaN	NaN
5347.516	NaN	NaN	NaN	NaN
5351.518	NaN	NaN	NaN	NaN
5355.516	NaN	NaN	NaN	NaN
5359.517	NaN	NaN	NaN	NaN
5363.516	NaN	NaN	NaN	NaN
5367.517	NaN	NaN	NaN	NaN
5371.518	NaN	NaN	NaN	NaN
5375.475	NaN	NaN	NaN	NaN
5379.495	NaN	NaN	NaN	NaN
5383.476	NaN	NaN	NaN	NaN
5387.520	NaN	NaN	NaN	NaN
5391.497	NaN	NaN	1.78024	-3.27209
5395.518	-4.18396	7.46830	1.92446	2.66074
5399.509	-3.39772	7.92111	-2.08077	-0.33986
5403.523	-2.01930	7.06645	-2.29917	-0.56385
5407.520	-2.44185	4.53215	-2.68913	-0.18946
5411.414	-2.10577	3.20235	-1.95416	-0.98400
5415.521	-2.21586	2.69523	-2.39819	-1.69336
5419.523	-1.91558	1.86601	-1.14747	-0.07431
5423.521	-2.24711	-0.83354	-1.95101	0.61118
5427.416	-1.95725	-1.13594	-2.01372	-1.13078
5431.506	-1.81741	-0.76455	-2.34027	-0.43260
5435.480	-1.94231	-0.36204	-2.04200	-0.10341
5439.518	-1.81550	-0.08757	-3.53678	-0.27138
5443.522	-1.99461	0.74026	-1.88437	0.30073
5447.521	-2.07826	0.62810	-1.50797	-0.76234
5451.522	-2.10104	0.55509	-1.82502	-0.87944
5455.521	-2.59262	0.46737	-1.93784	-0.86767
5459.524	-2.49354	0.40152	-2.02074	-0.31894
5463.520	-2.75906	0.05920	-2.01818	-0.63368
5467.522	-2.23967	0.17513	-2.16369	-0.78852
5471.522	-2.63752	0.29924	-2.05088	-0.59389
5475.521	-2.41962	0.48342	-1.87163	-0.68231
5479.523	-2.73467	0.43830	-1.88450	-0.80160
5483.521	-2.79679	0.14199	-1.82636	-0.01855
5487.522	-2.73511	0.61231	-1.91714	-0.59833
5491.422	-2.46332	0.67442	-1.94307	-0.80832
5495.522	-2.85960	0.79130	-1.92143	-1.17754
5499.520	-3.18210	0.67281	-1.86650	-0.72167
5503.476	-2.96616	0.33834	-1.78991	-0.85955
5507.419	-2.41180	0.49576	-1.83734	-0.65891
5511.523	-2.82811	1.07686	-1.71799	-1.10240
5515.507	-2.77569	0.83938	-1.55514	-0.85257
5519.523	-2.88740	0.75024	-1.68868	-0.79711
5523.522	-2.57692	-0.04260	-1.68984	-0.87903
5527.522	-3.03472	0.62914	-1.66936	-1.09234
5531.522	-2.33460	1.15191	-1.62106	-1.00377
5535.525	-2.39450	0.82662	-1.78292	-0.72995
5539.522	-2.47985	0.74399	-1.31620	-0.71059
5543.522	-2.11043	0.56646	-1.54153	-1.01360
5547.523	-2.04456	0.15878	-1.72778	-1.28544
5551.525	-2.41066	-0.02684	-1.65575	-0.95869
5555.524	-2.56295	0.85682	-1.67824	-1.10659
5559.519	-2.35930	0.66164	-1.85688	-0.86192
5563.493	-2.64951	1.06611	-1.49773	-0.93494
5567.478	-2.24450	1.09691	-1.68972	-1.04709
5571.419	-2.20619	0.76343	-1.83781	-1.32352
5575.523	-2.56238	0.77283	-1.58807	-1.50953
5579.523	-2.82944	0.96410	-1.75101	-1.47857
5583.522	-2.34547	0.75471	-1.56548	-1.04649
5587.526	-2.54311	0.57624	-2.00695	-0.87811
5591.525	-2.56634	0.83071	-1.92148	-1.08055
5595.523	-2.56577	1.05732	-1.91107	-1.25361
5599.501	-2.77797	0.80059	-1.56099	-0.99404
5603.527	-2.68871	0.81321	-1.67596	-0.86238
5607.523	-2.49830	0.73013	-2.07497	-1.07256
5611.524	-2.75098	0.72909	-2.06119	-0.99911
5615.524	-3.19407	0.71289	-2.22255	-0.96606
5619.525	-2.75440	0.48679	-1.85993	-1.59975
5623.524	-2.54650	0.19994	-2.45143	-1.17775
5627.523	-2.74576	0.70827	-2.48683	-1.16784
5631.525	-2.75750	0.76169	-1.88926	-1.01016
5635.527	-3.28734	0.85924	-1.89268	-1.57584
5639.525	-2.76802	0.77588	-2.45641	-1.03482
5643.513	-2.89574	0.63416	-2.02078	-1.56590
5647.524	-2.75551	0.34979	-1.84766	-1.16945
5651.523	-1.74895	0.69070	-2.88631	-1.01280
5655.526	-3.35780	0.66831	-2.00091	-1.15117
5659.480	-2.98621	1.46352	-1.88985	-1.60989
5663.527	-2.65339	1.59446	-1.89984	-1.19531
5667.422	-2.50172	1.13261	-2.09856	-1.30849
5671.527	-3.27170	0.97828	-1.95624	-1.74395
5675.526	-3.35105	0.79046	-2.63544	-1.87202
5679.527	-3.09409	0.58222	-1.84979	-0.94359
5683.424	-2.46776	0.30950	-3.12816	-1.08949
5687.526	-3.44040	-0.08510	-1.77521	-1.52422
5691.529	-2.60183	0.33320	-1.78634	-1.42875
5695.525	-3.65505	0.80796	-2.90923	-0.98693
5699.481	-2.53238	0.72269	-1.65329	-0.86671
5703.528	-2.33702	0.72386	-2.62036	-1.50466
5707.526	-3.36903	1.10555	-2.73155	-1.32406
5711.526	-2.41043	0.65238	-1.50881	-0.98369
5715.526	-3.60969	0.58196	-3.00183	-1.32209
5719.528	-2.47796	1.40216	-2.28465	-1.22485
5723.526	-2.47274	1.04628	-2.74276	-0.95469
5727.527	-3.14528	1.19979	-2.61588	-1.31260
5731.526	-2.76032	1.30788	-1.91365	-1.17953
5735.527	-2.19467	1.33159	-2.68007	-0.73357
5739.527	-3.81575	1.88994	-2.48391	-0.46441
5743.528	-2.88485	1.41464	-2.49181	-0.28199
5747.423	-2.27166	0.93637	-1.70990	-0.32940
5751.526	-2.53729	0.37103	1.13253	-0.75035
5755.528	-2.59720	-0.17910	-0.63513	-0.95004
5759.529	-2.82484	0.34818	-2.45936	-0.80365
5763.358	-4.56158	0.67719	-2.25481	-0.58609
5767.403	-5.62503	1.71725	-2.33217	-0.79379
5771.379	-4.91307	1.97128	-1.65299	2.49460
5775.403	0.99005	2.16093	0.29503	5.87774
5779.369	1.10497	2.67379	-5.02573	1.04867
5783.402	NaN	NaN	-2.44529	12.54075
5787.402	NaN	NaN	NaN	NaN
5791.408	NaN	NaN	NaN	NaN
5795.400	NaN	NaN	NaN	NaN
5799.367	NaN	NaN	NaN	NaN
5803.403	NaN	NaN	NaN	NaN
5807.402	NaN	NaN	NaN	NaN
5811.391	NaN	NaN	NaN	NaN
5815.392	NaN	NaN	NaN	NaN
5819.403	NaN	NaN	NaN	NaN
5823.401	NaN	NaN	NaN	NaN
5827.402	NaN	NaN	NaN	NaN
5831.402	NaN	NaN	NaN	NaN
5835.358	NaN	NaN	NaN	NaN
5839.404	NaN	NaN	NaN	NaN
5843.405	10.06186	0.86288	12.14248	5.41655
5847.406	15.19304	1.62363	11.65227	5.34456
5851.425	15.83039	1.94705	12.87881	3.15869
5855.371	18.50142	1.28452	15.38180	-1.80060
5859.406	16.14778	-2.20780	12.18979	-3.68776
5863.405	18.31049	-3.74774	8.42034	-5.54873
5867.395	17.99547	-3.34938	11.89830	-3.12358
5871.406	14.93707	-3.77860	6.62946	-5.70535
5875.405	1.95946	-5.39531	12.59675	-4.74759
5879.406	2.44888	-4.23990	2.46897	-4.81741
5883.429	2.59354	-5.49276	2.67858	-4.99120
5887.406	8.54120	-4.38918	3.99618	-4.58806
5891.410	8.32288	-4.55399	8.03667	-4.41524
5895.403	9.76129	-4.36393	6.72785	-4.45889
5899.430	9.30982	-3.54032	8.65361	-5.66624
5903.409	8.22261	-3.62950	7.52886	-4.72097
5907.405	9.16591	-3.56656	7.91587	-4.25777
5911.406	8.81666	-3.85616	8.23722	-4.47836
5915.414	8.72922	-4.21540	7.59534	-4.47287
5919.406	8.69275	-4.23169	7.47070	-4.74533
5923.406	8.39654	-4.31764	8.00318	-4.62407
5927.405	8.38143	-4.60404	8.10024	-5.47742
5931.397	8.07769	-4.10945	7.89006	-4.76323
5935.401	8.57369	-3.69934	8.11744	-4.88526
5939.395	8.44917	-3.80397	7.61838	-4.94329
5943.407	8.55843	-4.49379	7.92201	-5.30861
5947.404	8.36946	-4.66642	8.06161	-4.57753
5951.407	8.44339	-3.72437	8.51443	-5.41184
5955.406	8.31800	-4.03889	7.69646	-4.87077
5959.407	8.34609	-4.05597	8.36657	-5.07835
5963.428	8.18349	-4.63211	7.71949	-4.49245
5967.409	7.98345	-4.00986	8.04387	-5.11204
5971.408	8.36438	-3.89345	7.99077	-4.56751
5975.407	8.19618	-3.85676	8.64519	-5.06646
5979.411	8.09739	-4.27048	7.39950	-4.66459
5983.407	8.05353	-4.25369	7.47207	-5.14802
5987.407	8.01129	-4.20375	8.05385	-5.12539
5991.407	8.34684	-4.18763	8.46944	-5.05993
5995.430	8.22421	-3.92741	8.29159	-5.09739
5999.409	8.24665	-4.07082	8.00421	-5.15850
6003.363	8.32833	-4.10105	7.22300	-4.95229
6007.408	8.29569	-4.06863	7.03042	-5.07259
6011.430	8.15027	-3.71298	7.20565	-5.10841
6015.409	8.32981	-3.63076	7.46916	-5.28598
6019.399	8.70592	-3.66493	8.03825	-5.23757
6023.404	8.59126	-3.40693	8.67888	-5.21170
6027.406	8.19873	-3.33176	8.83180	-5.27269
6031.409	8.19953	-3.61092	8.85199	-5.21935
6035.409	7.79081	-2.24110	9.16450	-5.32622
6039.408	8.00737	-3.14232	8.62406	-5.09014
6043.405	7.52171	-1.37880	8.72505	-5.02661
6047.410	7.79866	-1.47910	8.42185	-4.63991
6051.409	1.05528	-2.88544	7.74094	-4.00201
6055.410	12.40711	-1.95848	4.72669	-4.75577
6059.407	15.45507	0.55013	15.12333	-4.49387
6063.383	15.55747	5.76009	14.47680	-2.04485
6067.365	21.66536	11.58299	14.64092	4.45130
6071.409	NaN	NaN	NaN	NaN
6075.397	NaN	NaN	NaN	NaN
6079.407	NaN	NaN	NaN	NaN
6083.409	NaN	NaN	NaN	NaN
6087.408	NaN	NaN	NaN	NaN
6091.407	NaN	NaN	NaN	NaN
6095.409	NaN	NaN	NaN	NaN
6099.410	NaN	NaN	NaN	NaN
6103.411	NaN	NaN	NaN	NaN
6107.405	NaN	NaN	NaN	NaN
6111.408	NaN	NaN	NaN	NaN
6115.409	NaN	NaN	NaN	NaN
6119.410	NaN	NaN	NaN	NaN
6123.410	NaN	NaN	NaN	NaN
6127.406	NaN	NaN	NaN	NaN
6131.410	NaN	NaN	NaN	NaN
6135.365	NaN	NaN	NaN	NaN
6139.413	NaN	NaN	NaN	NaN
6143.399	NaN	NaN	NaN	NaN
6147.405	NaN	NaN	NaN	NaN
6151.366	NaN	NaN	NaN	NaN
6155.409	NaN	NaN	NaN	NaN
6159.413	NaN	NaN	NaN	NaN
6163.412	NaN	NaN	NaN	NaN
6167.408	NaN	NaN	NaN	NaN
6171.409	NaN	NaN	NaN	NaN
6175.409	NaN	NaN	NaN	NaN
6179.409	-4.80884	1.11547	-1.65351	-6.44468
6183.410	-5.00810	1.62152	-2.60466	-3.05872
6187.368	-0.85821	2.09776	-3.13014	-4.83166
6191.408	-0.79292	1.96890	-3.01447	-3.23771
6195.415	-1.19968	0.78295	-2.93079	-2.33495
6199.368	-1.04086	0.41622	-2.29480	-1.61367
6203.413	-0.99943	0.97126	-3.05726	-1.26520
6207.413	-1.31176	0.49073	-2.87069	-4.04880
6211.432	-0.92465	0.94386	-2.68019	-3.76157
6215.413	-3.80475	0.67408	-2.93559	-2.52216
6219.412	-4.58705	0.83733	-2.59520	-1.81053
6223.414	-3.86578	0.98717	-2.72716	-1.21863
6227.403	-1.32644	1.90276	-2.89322	-1.94603
6231.403	-1.36149	1.50802	-2.50286	-1.74020
6235.414	-1.42526	0.74620	-2.32635	-1.84086
6239.412	-2.01308	0.33428	-2.33358	-1.69864
6243.403	-3.88285	0.72176	-2.18481	-1.97096
6247.413	-3.94685	0.46027	-1.90463	-2.24216
6251.369	-3.77201	0.84801	-2.48470	-1.88945
6255.415	-3.61023	0.81070	-2.50184	-2.00796
6259.415	-3.17594	0.84051	-2.22565	-2.18803
6263.423	-3.08607	0.82624	-2.33440	-2.37190
6267.414	-3.48808	0.62923	-2.66248	-2.44783
6271.415	-3.23799	0.43331	-2.51836	-2.59129
6275.409	-3.21520	0.39579	-2.28797	-2.73600
6279.418	-3.17693	0.39439	-2.37439	-2.45402
6283.414	-3.01680	0.35959	-2.34498	-2.60984
6287.413	-2.85509	0.38475	-2.40526	-2.73570
6291.410	-3.02648	0.49462	-2.32384	-2.75280
6295.413	-3.38526	0.48075	-2.08022	-2.65144
6299.415	-3.41966	0.51957	-2.28009	-2.68476
6303.416	-3.44668	0.50996	-2.22520	-2.16118
6307.416	-3.67623	0.50031	-2.00866	-2.39026
6311.392	-3.73749	0.36527	-2.25035	-2.57859
6315.412	-3.54640	0.47052	-2.23618	-2.20475
6319.414	-3.58269	0.42371	-2.31160	-2.15989
6323.434	-3.45675	0.52171	-2.22347	-2.11504
6327.414	-3.23625	0.56018	-2.20277	-1.89760
6331.415	-3.11665	0.60614	-2.16753	-1.80517
6335.417	-2.70059	0.49711	-2.15864	-2.01264
6339.417	-2.36235	0.37880	-2.19465	-1.99751
6343.415	-2.13730	0.35400	-2.27345	-1.81625
6347.417	-2.07083	0.42337	-2.34064	-1.91840
6351.416	-2.26861	0.65125	-2.36557	-1.96697
6355.414	-2.22319	0.77367	-2.27657	-1.96870
6359.417	-3.20996	0.94851	-2.21910	-2.04551
6363.418	-4.03334	0.93947	-2.14419	-2.06278
6367.417	-4.11303	0.97738	-2.18924	-2.15754
6371.417	-3.45217	1.05834	-2.08719	-2.24678
6375.416	-2.36730	1.04082	-1.92567	-2.02347
6379.445	-2.96500	1.05987	-1.97699	-2.20941
6383.417	-3.04598	1.14906	-1.93078	-2.12600
6387.424	-3.31148	1.25383	-1.79919	-2.13913
6391.415	-3.32145	1.25882	-1.94156	-1.88990
6395.391	-3.09817	1.32782	-1.97458	-1.64952
6399.454	-3.24598	1.29673	-1.83176	-1.76201
6403.418	-2.99727	1.25373	-1.93281	-1.99399
6407.418	-3.08629	1.14706	-1.95698	-2.09496
6411.418	-3.02618	1.12934	-1.93561	-1.77498
6415.418	-3.07654	1.16262	-2.00666	-1.59395
6419.420	-3.06056	1.04164	-2.05665	-2.24154
6423.419	-2.94953	0.75052	-2.26304	-2.04828
6427.419	-3.00851	0.96419	-2.10461	-2.12136
6431.418	-2.84979	0.93607	-2.03105	-2.07076
6435.379	-2.76262	0.56899	-2.08409	-1.80095
6439.414	-2.95082	0.72613	-2.22907	-2.29741
6443.418	-2.99586	0.50242	-2.23628	-2.06079
6447.418	-3.01774	0.39343	-1.85765	-2.28036
6451.419	-2.80313	0.20742	-2.03196	-2.07833
6455.418	-2.78971	0.06873	-1.96028	-2.23071
6459.418	-3.04704	0.47535	-1.96018	-2.27361
6463.418	-3.24773	0.19259	-1.87069	-2.15281
6467.418	-3.15832	0.45109	-1.86223	-2.42575
6471.420	-2.49141	0.42315	-2.44856	-2.14569
6475.418	-2.62893	0.77277	-2.68873	-2.27464
6479.384	-2.66578	0.55632	-1.95096	-2.29212
6483.321	-2.79394	0.60468	-1.89972	-2.14027
6487.420	-2.79595	1.02653	-1.89176	-1.97397
6491.419	-2.81999	0.80250	-2.05935	-1.99250
6495.423	-3.46424	0.75359	-2.16273	-1.77245
6499.420	-3.37386	0.88394	-1.98948	-1.52731
6503.374	-2.86289	0.82582	-2.03903	-1.42539
6507.419	-2.64666	0.90754	-2.52495	-1.42486
6511.420	-2.50316	0.80295	-2.84989	-1.68436
6515.419	-3.02259	1.06246	-2.27721	-1.60741
6519.420	-2.76406	1.17304	-2.20265	-1.72120
6523.418	-3.21913	1.05039	-1.91412	-1.52063
6527.419	-3.35150	0.80574	-1.96593	-1.45608
6531.419	-3.74590	0.84437	-1.89853	-1.63981
6535.421	-3.40808	0.81455	-1.99349	-2.03668
6539.420	-2.76507	0.88532	-1.85894	-2.08685
6543.420	-2.39156	0.98901	-1.82485	-1.99687
6547.316	-2.61912	0.39498	-2.00971	-2.33356
6551.420	-2.40149	0.08990	-1.82383	-2.01880
6555.423	-2.47115	0.07500	-1.78803	-1.88063
6559.417	-2.56003	0.00134	-1.71523	-2.00371
6563.387	-2.41120	0.24015	-1.63799	-1.96365
6567.376	-3.32451	0.50343	-2.10508	-2.00948
6571.422	-3.00816	0.31562	-2.34461	-2.12277
6575.421	-2.37327	0.22923	-2.32062	-2.20351
6579.419	-2.42069	0.15030	-2.30776	-2.16855
6583.420	-2.59522	0.28361	-1.91375	-1.86690
6587.421	-2.82033	0.75111	-2.23504	-1.84896
6591.423	-2.71770	0.82264	-2.45099	-1.80910
6595.426	-2.66095	0.67936	-2.33549	-2.11217
6599.432	-1.57530	0.17646	-0.94358	0.22761
6603.390	-2.71293	0.68556	-0.00784	-2.05355
6607.418	-2.86868	1.02641	-2.65072	-2.07793
6611.421	-3.07664	1.61299	-2.35135	-1.51975
6615.420	NaN	NaN	0.22299	4.51392
6619.420	NaN	NaN	NaN	NaN
6623.419	NaN	NaN	NaN	NaN
6627.421	NaN	NaN	NaN	NaN
6631.423	NaN	NaN	NaN	NaN
6635.379	NaN	NaN	NaN	NaN
6639.421	NaN	NaN	NaN	NaN
6643.409	NaN	NaN	NaN	NaN
6647.418	NaN	NaN	NaN	NaN
6651.420	NaN	NaN	NaN	NaN
6655.419	NaN	NaN	NaN	NaN
6659.420	NaN	NaN	NaN	NaN
6663.421	NaN	NaN	NaN	NaN
6667.421	NaN	NaN	NaN	NaN
6671.382	NaN	NaN	NaN	NaN
6675.423	NaN	NaN	NaN	NaN
6679.427	NaN	NaN	NaN	NaN
6683.425	NaN	NaN	NaN	NaN
6687.424	NaN	NaN	NaN	NaN
6691.379	NaN	NaN	2.08867	-3.33466
6695.378	-2.10833	0.94918	1.80732	0.98021
6699.321	0.32295	1.88723	1.69269	-3.78793
6703.425	-1.34911	1.88413	0.68230	-3.74463
6707.424	0.35653	0.77493	0.64389	-3.36400
6711.425	0.50537	-1.57404	-0.42477	-2.91871
6715.425	1.63293	-1.16062	0.13707	-2.45483
6719.425	0.49870	-0.47986	-0.55754	-2.42121
6723.426	-1.78895	-0.93029	-0.27279	-2.50987
6727.401	-2.43414	-1.38241	0.22398	-2.30228
6731.321	-3.55679	-1.33127	-0.01526	-2.26052
6735.424	-3.49151	-0.87456	0.08386	-1.91756
6739.425	-2.31810	-0.40942	-0.63089	-0.84240
6743.425	-1.43032	-0.28751	-0.17581	-1.81392
6747.321	0.06400	-0.42889	0.27557	-2.13326
6751.424	0.26210	-0.42121	0.19005	-2.15124
6755.425	0.38608	-0.54598	0.15916	-2.19801
6759.424	-0.13171	-0.61765	0.10371	-2.36372
6763.320	-0.17005	-0.64093	0.05646	-2.17093
6767.422	-0.47815	-0.29380	0.16777	-2.08796
6771.425	-0.50346	-0.32335	-0.15260	-1.51772
6775.424	-0.72556	-0.33866	-0.01439	-1.92789
6779.425	-0.84731	-0.18796	-0.06326	-1.98299
6783.427	-0.89855	0.04840	-0.07162	-2.15946
6787.424	-1.16667	0.51371	-0.02896	-2.26960
6791.426	-1.07999	0.37197	-0.09768	-1.89065
6795.297	-0.88704	0.37631	-0.18765	-1.97913
6799.302	-1.20901	0.26950	-0.19015	-1.96005
6803.302	-1.00226	0.44090	-0.23460	-2.02770
6807.302	-0.72801	0.14839	-0.02968	-2.12668
6811.322	-0.71466	0.18740	0.25170	-2.14048
6815.301	-0.80198	-0.54934	-0.09768	-1.94948
6819.296	-1.00137	-1.04833	-0.34456	-1.42279
6823.302	-0.75928	-0.10237	-0.33561	-1.91967
6827.299	-1.09083	-0.49986	-0.13322	-2.14065
6831.302	-0.97594	0.11730	0.31523	-2.16908
6835.302	-0.87781	-0.11817	0.01742	-2.26658
6839.302	-0.69635	-0.44876	-0.44812	-2.11108
6843.322	-0.88359	-0.95969	-0.56334	-2.26572
6847.312	-0.91036	-0.21564	0.21581	-2.34639
6851.302	-0.80178	-0.37188	-0.19072	-2.36895
6855.301	-0.87342	-0.57333	0.26284	-2.32815
6859.320	-0.85218	-0.39085	-0.00266	-2.00381
6863.303	-0.85195	-0.29040	0.06257	-2.18549
6867.302	-1.02221	-0.36711	-0.17866	-2.17379
6871.302	-0.88359	-0.59656	-0.19886	-1.95071
6875.323	-0.94795	-0.65895	0.01375	-2.00322
6879.302	-1.00871	-0.34443	0.04767	-1.97348
6883.303	-0.94170	-0.54883	-0.11945	-1.66800
6887.303	-1.01345	-0.45675	-0.20199	-1.75047
6891.325	-1.15486	-0.47960	-0.03231	-1.82542
6895.303	-0.55282	-0.58545	0.47118	-1.74131
6899.282	-0.26733	-0.54651	0.71245	-1.84367
6903.305	-0.47798	-0.50272	0.56597	-1.91655
6907.320	-1.12457	-0.54845	0.43991	-2.08898
6911.305	-0.80022	-0.58115	0.26379	-2.06586
6915.305	-1.18584	-0.57387	0.03601	-2.13008
6919.302	-1.52637	-0.59500	-0.06013	-2.21740
6923.292	-1.63110	-0.61733	-0.19189	-2.13893
6927.300	-1.72617	-0.59316	-0.28704	-1.76525
6931.301	-1.52920	-0.62347	-0.38343	-1.46572
6935.308	-0.66166	-0.68698	-0.00851	-2.22879
6939.302	-0.76052	-0.73881	0.72039	-1.68482
6943.305	-0.68776	-0.91252	0.91622	-2.03227
6947.304	-0.78352	-0.93061	0.35558	-1.57948
6951.314	-1.30516	-0.91776	-0.07085	-2.00639
6955.321	-1.07818	-0.62005	-0.18948	-1.80300
6959.303	-0.77439	-0.77600	-0.20125	-1.73805
6963.303	-1.07346	-0.55109	-0.15250	-1.81380
6967.304	-0.88644	-0.67300	0.08170	-1.95939
6971.326	-1.00658	-0.49366	0.50336	-2.03290
6975.306	-0.70097	-0.83794	0.22671	-2.16106
6979.304	-1.06431	-0.79893	0.41986	-1.92660
6983.269	-0.74657	-0.80852	0.37621	-2.04425
6987.296	-0.96792	-0.70389	0.38740	-2.00367
6991.305	-1.06865	-0.27742	0.25006	-2.13614
6995.305	-0.89788	-0.34069	0.05979	-2.01687
6999.307	-0.78769	-0.66726	0.18355	-2.34347
7003.290	-0.73094	-0.41643	0.32176	-2.35999
7007.307	-0.68461	-0.69848	0.29302	-2.73423
7011.306	-1.04084	-0.56354	0.30856	-2.85482
7015.306	-0.97343	-0.67644	0.26441	-2.25668
7019.297	-0.94653	-0.96169	0.08083	-2.01615
