time (ms)	lx (deg)	ly (deg)	rx (deg)	ry (deg)
0.000	-4.94770	0.61961	-5.13683	-1.28875
3.997	-5.07941	0.65752	-5.26797	-1.23561
8.001	-5.09965	0.71625	-5.12560	-1.34678
11.998	-5.21484	0.79839	-5.02334	-1.31293
16.003	-5.25035	0.54454	-5.04644	-1.49392
19.999	-5.33022	0.32901	-4.96327	-1.44683
24.000	-5.40065	0.37751	-5.05496	-1.49869
27.976	-5.37977	0.21170	-5.13683	-1.51129
32.000	-5.33256	0.08405	-5.04208	-1.57607
36.000	-5.36420	0.34802	-5.03905	-1.61014
40.002	-5.37758	0.09884	-4.96231	-1.63469
43.955	-5.25468	0.39611	-4.96472	-1.65420
48.001	-4.83410	0.32055	-3.90595	-1.66549
52.000	-2.36406	0.28170	-2.64567	-1.48850
56.001	-1.75218	0.14761	-1.03188	-1.30633
60.000	-1.74124	0.12645	-1.01213	-1.36370
64.001	-1.90306	0.20670	-0.74851	-1.34445
67.985	-1.94201	0.37503	-0.64002	-0.98620
72.000	-2.05878	0.30256	-0.67434	-0.95033
75.998	-1.99419	0.42513	-0.68149	-0.55731
80.001	-2.07566	0.47812	-0.73868	-0.64051
84.000	-2.22525	0.55735	-0.73357	-0.61499
88.000	-2.33675	0.49956	-0.77801	-0.44892
92.001	-1.82242	0.60197	-0.78349	-0.69091
96.001	-1.97699	0.76845	-0.71677	-0.60270
99.999	-2.12342	0.68613	-0.68275	-0.67217
103.893	-1.92257	0.83803	-0.64868	-1.06353
108.000	-1.93145	0.73813	-0.68575	-0.98987
111.878	-2.12540	0.89473	-0.75992	-0.90706
115.862	-1.82822	0.72775	-0.31049	-1.01370
119.849	-1.70658	0.59952	-0.35568	-0.89090
123.877	-1.95822	0.55971	-0.33191	-0.72060
127.874	-2.17299	0.41202	-0.78791	-0.53804
131.877	-2.31257	0.60198	-0.95867	-0.23074
135.899	-2.27850	0.49047	-0.72637	-0.66533
139.877	-1.83432	-0.02228	-0.98824	-0.54450
143.879	-1.96211	0.18445	-1.06235	-0.45425
147.877	-1.88633	0.06686	-0.83515	-0.12155
151.898	-1.94441	-0.08168	-0.90909	-0.22046
155.874	-1.81372	-0.20771	-0.99345	-0.31374
159.842	-1.82678	0.08285	-1.04096	-0.35786
163.833	-1.82433	0.15014	-1.01950	-0.24122
167.868	-1.85299	-0.02218	-1.13280	-0.31082
171.878	-1.75052	-0.05805	-0.96117	-0.36602
175.877	-1.66160	-0.09985	-0.99963	-0.53717
179.877	-1.68585	0.01925	-0.88448	-0.65154
183.898	-1.70556	0.01339	-0.86565	-0.93859
187.876	-1.73001	-0.14587	-0.81394	-1.41813
191.879	-1.69073	0.17225	-0.74067	-1.22939
195.876	-1.64474	0.09409	-0.79287	-1.38683
199.849	-1.66398	0.28055	-0.79421	-0.87032
203.877	-1.70695	0.11629	-0.75327	-0.86665
207.877	-1.67610	0.11133	-0.83483	-0.74779
211.877	-1.62812	0.11769	-0.88212	-0.44851
215.900	-1.69324	0.24952	-0.96013	-0.93955
219.878	-1.74437	0.19244	-0.92152	-1.04128
223.880	-1.70688	0.15626	-0.94956	-1.14866
227.834	-1.83010	0.10948	-0.98390	-0.89933
231.868	-1.77873	0.15628	-0.98866	-0.99819
235.879	-1.91201	0.02007	-1.00558	-1.00079
239.866	-1.92857	0.07903	-0.91334	-0.94891
243.870	-2.00676	0.13080	-0.87396	-0.99584
247.901	-2.09209	0.04085	-0.84282	-0.72769
251.879	-2.13066	0.08714	-0.84888	-0.94540
255.879	-2.17162	0.14069	-0.85163	-1.01447
259.879	-2.20961	0.17354	-0.73183	-1.13984
263.901	-2.21184	0.22524	-0.54893	-1.04159
267.880	-2.20030	0.39433	-0.33548	-1.02247
271.879	-2.08580	0.39270	-0.08937	-1.10374
275.890	-2.22644	0.31105	0.00774	-0.96483
279.902	-2.16275	0.39779	-0.45430	-0.94944
283.843	-2.14969	0.38166	-0.73459	-1.14562
287.878	-2.00636	0.40950	-0.89647	-1.07737
291.880	-2.32114	0.43000	-0.75020	-1.16176
295.869	-2.14183	0.45791	-0.45490	-1.21739
299.879	-1.96360	0.48908	-0.87227	-1.04584
303.880	-1.91799	0.51683	-0.66925	-1.07433
307.879	-1.83581	0.50479	-0.58560	-0.90476
311.902	-1.95740	0.47793	-0.42048	-1.00415
315.879	-1.76291	0.41935	-0.40648	-1.12259
319.882	-1.34934	0.46429	-0.47914	-0.91228
323.857	-1.59150	0.38702	-0.33253	-0.85918
327.877	-1.60310	0.33719	-0.44874	-0.71279
331.879	-1.52511	0.31602	-0.29600	-0.62569
335.881	-1.57669	0.32761	-0.34657	-0.69958
339.881	-1.43354	0.38215	-0.51783	-0.72861
343.900	-1.35144	0.51087	-0.33846	-0.91580
347.882	-1.33790	0.47773	-0.55850	-0.96841
351.895	-1.31491	0.54098	-0.37769	-0.85433
355.882	-1.31014	0.71903	-0.06073	-0.93020
359.905	-1.29310	0.58212	0.04090	-0.92448
363.874	-1.24977	0.42372	-0.15767	-0.86602
367.874	-1.23436	0.29444	0.12975	-0.94204
371.882	-1.20958	0.30605	-0.31258	-0.94804
375.903	-1.23521	-0.39659	0.02519	-1.12118
379.885	-1.20006	0.19326	-0.00864	-1.18042
383.882	-1.21291	-0.08889	0.16921	-1.07184
387.881	-1.27837	0.30050	-0.02673	-0.95052
391.900	-1.23828	-0.15000	-0.01772	-1.07261
395.882	-1.11554	0.09205	0.01338	-1.03838
399.882	-1.21328	-0.01324	0.29721	-1.13964
403.880	-1.21683	0.06278	0.11540	-1.13642
407.877	-1.15880	0.09697	0.10466	-0.91097
411.881	-1.21370	0.21244	0.04276	-1.03888
415.883	-1.41710	0.05701	-0.04080	-0.80374
419.883	-1.51985	0.13891	-0.12501	-0.95171
423.901	-1.26001	0.12710	-0.13531	-0.63211
427.883	-1.04756	-0.06716	-0.07676	-0.74337
431.881	-1.17532	0.06539	-0.00355	-0.83833
435.885	-1.04409	0.31153	0.06405	-0.89117
439.885	-1.32128	0.15122	-0.12394	-0.80739
443.882	-1.51452	0.39458	-0.11833	-0.82344
447.884	-1.19909	0.56282	-0.41336	-0.63205
451.884	-1.00055	0.79547	-0.14940	-0.74232
455.880	-1.00161	0.42187	-0.31754	-0.67389
459.885	-1.00377	0.56002	0.04710	-0.65967
463.883	-1.53178	0.59311	0.11600	-0.68700
467.883	-1.58036	0.70422	-0.24267	-0.75941
471.902	-1.19688	0.54913	-0.33278	-0.69265
475.909	-1.19244	0.38463	-0.30099	-0.74252
479.887	-1.20207	0.43905	0.00831	-0.73132
483.887	-1.08339	0.38243	-0.06912	-0.79636
487.842	-1.08234	0.44185	-0.26823	-1.44647
491.850	-2.16332	0.31248	-0.19090	-1.40883
495.884	-1.68084	0.57407	-0.27820	-1.11373
499.885	-1.82571	0.44012	-0.48289	-0.63746
503.906	-1.51655	0.22408	-0.53987	-0.74945
507.886	-1.43597	0.07321	-0.49927	-0.94705
511.885	-1.06572	-0.80127	-0.60228	-0.46338
515.884	-1.23754	0.03801	-0.62412	-0.68502
519.907	-1.37717	0.17764	-0.83315	-1.09396
523.885	-1.28978	0.63396	-0.61826	-1.18872
527.888	-1.19589	0.65383	-0.69613	-1.26966
531.865	-1.41506	0.69705	-0.59357	-1.57995
535.846	-1.25151	0.61313	-0.85290	-1.26058
539.842	-1.63035	0.20785	-0.87359	-1.10368
543.886	-1.69101	0.06376	-0.75908	-1.30188
547.840	-1.79911	0.05824	-0.56374	-0.95482
551.883	-1.37677	0.03987	0.46547	-1.47368
555.885	-1.45420	0.28234	-0.60709	-0.45861
559.887	-1.17738	0.54941	-0.82771	-0.53925
563.886	-1.19644	0.24344	-0.62307	-1.21472
567.889	-1.43922	0.65484	-0.68114	-1.14169
571.884	-1.68431	0.13167	-0.50319	-1.04671
575.875	-0.99712	0.14515	0.30305	-1.32624
579.888	-0.76225	-0.24904	-0.57627	-0.33915
583.908	-0.92614	-0.52279	-0.72523	-0.08540
587.888	-1.46328	-0.24135	-0.90359	-0.90586
591.897	-1.37374	0.12513	-0.81650	-0.22841
595.885	-1.64461	-0.08386	-0.70541	-1.17412
599.876	-1.54378	-0.05385	0.04368	-1.07388
603.888	-1.01648	0.11476	0.74841	-1.03054
607.891	-0.84967	-0.15566	-0.30620	-1.36938
611.885	-1.37163	-0.11713	-0.32637	-1.98874
615.890	-1.29080	-0.08330	-0.57659	-1.86006
619.891	-1.08192	0.00040	-0.59665	-1.70907
623.887	-1.46226	0.02176	-0.15325	-1.75529
627.884	-1.55534	0.16504	-0.29304	-1.49986
631.885	-1.43203	0.27151	-0.22693	-1.43947
635.888	-1.60496	0.20430	-0.19891	-1.69806
639.888	-1.49500	0.12145	-0.26562	-1.41483
643.888	-1.61262	0.26146	-0.37281	-1.53257
647.876	-1.50244	0.29041	-0.30520	-1.25658
651.888	-1.24699	0.29347	-0.46830	-1.02054
655.888	-1.34988	0.33114	-0.36027	-1.26735
659.885	-0.93931	0.33479	-0.34581	-1.13136
663.879	-0.96678	0.31817	-0.06485	-1.07711
667.845	-1.29320	0.33103	-0.22487	-1.06197
671.889	-1.45636	0.16708	-0.38353	-1.19639
675.888	-1.56228	0.12157	-0.20241	-1.08008
679.890	-1.54388	0.15329	-0.21157	-1.10366
683.891	-1.34896	0.25982	-0.21812	-1.18761
687.890	-1.23126	0.16802	-0.30126	-1.19391
691.890	-1.45405	0.21244	-0.59297	-1.34862
695.890	-1.36337	0.30806	-0.05768	-1.18017
699.854	-1.49262	0.20541	-0.00906	-1.45140
703.888	-1.37714	0.21610	-0.15305	-1.46501
707.888	-1.43210	0.47694	-0.24579	-1.49350
711.879	-1.36372	0.55846	-0.33255	-1.46044
715.890	-1.63162	0.49073	-0.58027	-1.37733
719.895	-1.67053	0.60440	-0.59493	-1.60279
723.886	-1.63420	0.46135	-0.47569	-1.46965
727.890	-1.45093	0.24262	-0.59047	-1.32366
731.889	-1.53746	0.21035	-0.41780	-1.29742
735.891	-1.46321	0.19142	-0.36117	-1.37176
739.883	-1.43141	0.37373	-0.16650	-1.17644
743.891	-1.46893	0.01088	-0.03097	-1.29738
747.891	-1.46826	0.07798	-0.11716	-1.18980
751.890	-1.45641	0.31344	-0.19576	-0.88918
755.890	-1.36948	0.26586	-0.33288	-0.97139
759.887	-1.39430	-0.11537	-0.35129	-1.01501
763.892	-1.44155	0.03833	-0.37353	-0.77692
767.892	-1.51539	0.11978	-0.41363	-0.92905
771.892	-2.09522	0.16541	-0.55245	-0.79054
775.893	-1.62941	0.20678	-0.44959	-0.99997
779.888	-1.51139	0.45040	-0.51617	-1.23312
783.850	-1.37002	0.17238	-0.72409	-1.28262
787.893	-1.40646	0.30880	-0.66493	-0.97962
791.893	-1.41799	0.38457	-0.52560	-1.00957
795.892	-1.49956	0.35236	-0.50433	-1.13189
799.893	-1.52543	0.26917	-0.35680	-1.18201
803.892	-1.53743	0.37021	-0.10758	-0.93111
807.896	-1.48181	0.39057	0.04619	-0.63924
811.890	-1.40098	0.32455	-0.30203	-1.06577
815.894	-1.42712	0.26975	-0.43264	-1.05544
819.896	-1.37903	0.55023	-0.66766	-1.16782
823.891	-1.35918	0.65707	-0.85483	-1.12771
827.892	-1.35824	0.85396	-0.31275	-1.14195
831.892	-1.38530	0.91992	-0.80548	-1.27785
835.891	-1.80112	0.48778	-0.84548	-1.37598
839.894	-1.52997	0.48194	-0.70861	-1.71653
843.892	-1.96499	0.66097	-0.86337	-1.01144
847.893	-2.07569	0.70884	-0.60027	-1.32207
851.892	-2.14285	0.51850	-0.36884	-1.43588
855.791	-2.17621	0.35401	-0.53113	-1.15565
859.893	-2.05707	0.35009	-0.43599	-1.33916
863.894	-1.42883	0.18239	-0.86664	-1.09432
867.889	-1.84780	0.10247	-0.96097	-1.23412
871.765	-2.00056	0.17669	-0.51073	-1.27373
875.895	-1.76933	-0.04573	-0.21663	-1.47809
879.894	-1.80248	-0.10158	0.06783	-1.31660
883.895	-1.86878	0.02007	-0.16804	-1.29290
887.897	-1.67405	-0.01344	-0.12756	-1.45617
891.893	-1.69381	-0.02573	0.01055	-1.33813
895.894	-1.88536	0.20859	-0.20566	-1.57582
899.895	-1.78158	0.26816	-0.34566	-1.42426
903.894	-1.75369	0.28245	0.06472	-1.36480
907.858	-1.71375	0.28022	-0.09607	-1.36294
911.893	-1.68255	0.43000	-0.03095	-1.45436
915.895	-1.69068	0.43556	-0.02169	-1.45225
919.895	-1.70648	0.33539	-0.09560	-1.29474
923.896	-1.71692	0.31452	-0.08431	-1.35355
927.895	-1.69046	0.19168	-0.11577	-1.37901
931.893	-1.61121	0.26411	-0.11488	-1.28165
935.792	-1.62314	0.51262	-0.09659	-1.28920
939.925	-1.64191	0.66774	-0.06095	-1.22555
943.895	-1.56347	0.39395	0.04604	-1.22311
947.874	-1.49021	0.27007	-0.25547	-1.16120
951.782	-1.48136	0.61921	-0.72888	-1.19547
955.893	-1.62026	0.44593	-0.71188	-1.15556
959.894	-1.89759	0.52419	-0.04753	-0.72280
963.894	-1.60637	0.37306	-1.03769	-0.99668
967.896	-2.94302	0.55632	-2.62633	-0.72556
971.894	-3.09339	0.56629	-3.96459	-0.52322
975.893	-5.79217	2.03816	-6.92286	1.73085
979.895	-8.10241	3.26940	-3.34920	-0.60434
983.897	-9.81000	0.62512	-11.48785	0.29716
987.892	-2.54482	0.48737	-12.45433	-0.08767
991.895	-5.08126	-0.43579	-12.19135	0.22693
995.896	-2.69893	0.26097	-10.76729	-0.21197
999.898	-4.20138	0.04795	-9.06535	-1.63328
1003.897	-5.38095	-0.02778	-9.72674	-0.74912
1007.895	-7.54325	-0.57531	-9.38180	0.70980
1011.896	-9.97158	2.50642	-10.37940	2.87455
1015.792	-11.24989	4.62801	-9.67898	3.15891
1019.906	-8.26531	1.40947	-9.82024	12.01031
1023.899	NaN	NaN	NaN	NaN
1027.896	NaN	NaN	NaN	NaN
1031.865	NaN	NaN	NaN	NaN
1035.853	NaN	NaN	NaN	NaN
1039.850	NaN	NaN	NaN	NaN
1043.894	-15.06047	5.16499	NaN	NaN
1047.851	NaN	NaN	NaN	NaN
1051.898	-8.15377	-0.25742	-9.36286	13.98482
1055.896	-9.96504	1.37825	-11.57574	11.44893
1059.897	-10.27573	-0.99357	-11.87940	9.38245
1063.897	-10.12775	0.51863	-10.55589	-0.31823
1067.794	-11.26128	0.59416	-11.70752	-0.91053
1071.897	-10.14790	-0.28628	-10.98291	-0.22496
1075.897	-5.19175	-0.44720	-11.66537	1.72249
1079.897	-8.63891	-0.33664	-12.31928	1.63197
1083.900	-8.23802	0.28308	-14.39147	1.36053
1087.897	-10.90315	-0.76221	-0.62404	-2.24937
1091.898	-11.37794	-0.87821	-5.09399	-0.70176
1095.897	-10.63176	0.09183	-9.01932	-0.25568
1099.856	-10.43035	0.10000	-8.72030	-0.94073
1103.897	-10.30459	0.45879	-10.35563	-0.76812
1107.901	-10.47604	-0.01491	-8.80100	-1.14917
1111.900	-10.56848	-0.07121	-8.84746	-1.53783
1115.902	-10.33149	-0.07498	-8.91129	-1.66603
1119.901	-9.90070	0.22298	-8.90204	-1.47200
1123.902	-10.30994	0.33867	-8.97612	-1.18353
1127.899	-9.88885	0.21863	-9.18784	-1.44262
1131.903	-10.15028	0.46848	-9.14472	-1.50345
1135.898	-10.11334	0.51750	-9.07290	-1.85305
1139.772	-10.11942	0.66611	-9.36428	-2.15838
1143.774	-9.91373	0.78090	-9.31211	-1.91568
1147.797	-9.94269	0.44766	-9.33157	-1.82551
1151.775	-9.78891	0.41856	-9.59843	-1.94096
1155.776	-9.96053	0.41085	-9.64868	-1.93651
1159.768	-9.97914	0.21886	-9.58176	-2.04749
1163.764	-9.89916	0.27554	-9.84809	-1.91036
1167.774	-9.92507	0.08518	-9.89735	-1.99223
1171.775	-10.01599	0.07654	-9.76669	-2.18309
1175.774	-9.91235	-0.01053	-9.90513	-2.12928
1179.795	-10.19565	-0.19803	-9.93114	-2.09384
1183.775	-10.59109	0.36692	-9.92649	-2.14229
1187.775	-10.26934	0.20373	-9.86637	-1.91627
1191.774	-10.06961	0.60909	-9.86529	-1.58085
1195.798	-10.09333	-0.01781	-9.97185	-1.56483
1199.777	-10.01161	-0.23423	-9.89123	-1.63380
1203.745	-9.97606	0.21652	-9.89588	-1.87512
1207.731	-9.86640	0.66913	-9.94125	-2.02426
1211.765	-10.11348	0.75953	-9.74991	-1.44464
1215.777	-9.93573	0.31702	-9.77071	-1.00797
1219.775	-10.43844	-0.12568	-9.82655	-1.21863
1223.780	-9.85929	0.68699	-9.68939	-1.25030
1227.767	-9.86926	0.62347	-9.94484	-1.47370
1231.800	-10.11182	0.49077	-9.84522	-1.65813
1235.776	-10.07403	0.29405	-9.59069	-1.59417
1239.779	-9.95167	0.18645	-9.53610	-1.70742
1243.783	-10.50954	0.57602	-9.46268	-1.51881
1247.776	-8.97545	1.15365	-14.21472	1.44182
1251.777	-8.17476	0.31934	-14.24072	3.67304
1255.776	-10.15360	2.52117	-12.48752	9.46697
1259.795	-13.50312	12.45550	NaN	NaN
1263.776	NaN	NaN	NaN	NaN
1267.775	NaN	NaN	NaN	NaN
1271.776	NaN	NaN	NaN	NaN
1275.775	NaN	NaN	NaN	NaN
1279.732	NaN	NaN	NaN	NaN
1283.779	NaN	NaN	NaN	NaN
1287.776	NaN	NaN	NaN	NaN
1291.776	NaN	NaN	NaN	NaN
1295.731	NaN	NaN	NaN	NaN
1299.776	NaN	NaN	NaN	NaN
1303.776	NaN	NaN	NaN	NaN
1307.777	NaN	NaN	NaN	NaN
1311.777	NaN	NaN	NaN	NaN
1315.777	NaN	NaN	NaN	NaN
1319.777	NaN	NaN	NaN	NaN
1323.781	NaN	NaN	NaN	NaN
1327.776	NaN	NaN	NaN	NaN
1331.777	NaN	NaN	NaN	NaN
1335.780	NaN	NaN	NaN	NaN
1339.733	NaN	NaN	NaN	NaN
1343.766	NaN	NaN	NaN	NaN
1347.780	NaN	NaN	NaN	NaN
1351.780	NaN	NaN	NaN	NaN
1355.782	NaN	NaN	NaN	NaN
1359.778	NaN	NaN	NaN	NaN
1363.779	-20.08460	-8.09608	NaN	NaN
1367.789	-19.06380	-7.89977	-20.06170	-8.79140
1371.769	-19.52881	-7.69484	-19.92459	-9.78808
1375.780	-19.55099	-7.94608	-8.31683	-12.60938
1379.779	-18.90680	-10.11767	-10.50705	-12.10107
1383.799	-17.80695	-11.97587	-19.94429	-10.01526
1387.782	-16.81299	-11.80992	-6.29592	-10.41596
1391.793	-15.44976	-10.33846	-16.23013	-10.01561
1395.779	-15.10832	-10.26823	-14.20194	-10.07932
1399.769	-15.09404	-10.83858	-14.13269	-9.93031
1403.779	-15.49930	-11.21583	-13.60402	-10.08223
1407.780	-15.51916	-11.44768	-13.49727	-9.94048
1411.735	-15.61000	-11.36857	-13.50335	-10.07670
1415.802	-15.26524	-10.91962	-13.47855	-10.02686
1419.781	-19.89734	-11.49920	-13.41293	-9.85557
1423.785	-19.99324	-11.62915	-13.18616	-9.99079
1427.780	-19.99372	-11.74594	-13.36370	-9.88765
1431.770	-19.99372	-11.84278	-13.44857	-9.79369
1435.780	-19.99372	-11.88400	-13.22140	-9.67832
1439.775	-19.99372	-11.91457	-13.24336	-9.78360
1443.782	-19.99372	-11.94962	-13.34449	-9.69808
1447.739	-19.99372	-11.99348	-13.04280	-9.49689
1451.780	-19.99372	-12.03446	-13.09866	-9.75656
1455.778	-19.99372	-12.06883	-13.27938	-9.56700
1459.782	-15.46920	-11.35501	-13.03626	-9.41679
1463.780	-15.14294	-11.25568	-12.81485	-9.29748
1467.782	-15.09277	-11.95138	-13.31974	-9.37768
1471.781	-15.17004	-11.89751	-12.87567	-9.25192
1475.780	-15.13443	-11.10398	-12.76956	-9.24699
1479.780	-15.09721	-11.18387	-12.68867	-9.23908
1483.782	-15.00258	-10.88244	-12.97146	-9.14595
1487.744	-15.06542	-10.90793	-12.90098	-9.12817
1491.739	-15.12606	-10.99879	-12.89319	-9.11385
1495.771	-15.16414	-11.07484	-12.70161	-9.00785
1499.782	-15.06413	-10.73903	-12.68713	-9.01477
1503.781	-14.72334	-10.85286	-12.68305	-8.93806
1507.781	-14.82126	-10.56806	-12.69963	-8.87725
1511.772	-14.76593	-10.63293	-12.69065	-8.83746
1515.781	-14.87754	-10.65755	-12.65403	-8.71538
1519.784	-14.71391	-10.42866	-12.65044	-8.72223
1523.783	-14.26699	-10.48123	-12.70454	-8.54642
1527.773	-14.28350	-10.27934	-12.75467	-8.55886
1531.782	-14.34981	-10.55851	-12.84567	-8.55191
1535.782	-14.34415	-10.23653	-13.02031	-8.46869
1539.780	-14.48315	-10.41604	-12.81190	-8.33763
1543.781	-14.37194	-10.19686	-12.90536	-8.20698
1547.738	-14.31442	-10.19854	-12.96029	-8.45792
1551.785	-14.43941	-9.96685	-12.78106	-8.33676
1555.784	-14.46631	-9.90072	-12.82066	-8.40835
1559.803	-14.27257	-10.15537	-12.74641	-8.24053
1563.786	-14.21978	-9.69725	-12.91064	-8.35791
1567.785	-14.25643	-10.28771	-12.89744	-8.38865
1571.785	-14.30787	-10.11274	-12.62284	-8.25602
1575.740	-14.29625	-10.00311	-12.30741	-8.07356
1579.785	-14.30957	-10.35681	-12.36532	-8.08360
1583.785	-14.34967	-10.40359	-12.51466	-8.45130
1587.786	-14.32593	-9.80460	-12.48390	-8.30192
1591.805	-14.18627	-9.50912	-12.22424	-8.15389
1595.785	-14.32043	-10.03755	-12.08257	-8.05271
1599.782	-14.27942	-10.27915	-12.16439	-8.10016
1603.785	-14.28991	-10.13221	-12.13726	-8.01674
1607.775	-14.27895	-9.94678	-12.07258	-8.04989
1611.786	-14.29014	-10.50928	-12.07884	-7.86745
1615.786	-14.27287	-10.43502	-12.05371	-7.91928
1619.758	-14.30731	-10.21821	-12.08936	-7.89454
1623.785	-14.21647	-10.27510	-12.17248	-8.09568
1627.784	-14.21980	-9.27714	-12.06240	-7.96724
1631.785	-14.20791	-9.98922	-11.90977	-8.07173
1635.786	-14.17873	-9.96580	-11.75905	-7.92886
1639.771	-14.20833	-10.12099	-12.12514	-7.63819
1643.787	-14.17215	-9.83969	-12.20107	-7.84010
1647.785	-14.16674	-9.83747	-12.21174	-7.79915
1651.785	-14.19319	-9.38815	-12.18087	-7.64088
1655.789	-14.27096	-9.37586	-12.23265	-7.79575
1659.775	-14.24109	-9.31569	-12.10366	-7.90423
1663.741	-14.26368	-9.39723	-11.68807	-7.86705
1667.787	-14.28007	-9.49144	-12.14644	-7.73274
1671.775	-14.28620	-9.26059	-12.14369	-7.45661
1675.786	-14.25902	-9.12597	-12.07495	-7.39060
1679.787	-14.24506	-9.08884	-12.19000	-7.38047
1683.787	-14.18986	-8.95374	-12.16003	-7.44963
1687.779	-14.25138	-8.91562	-12.04187	-7.46128
1691.785	-14.32698	-8.93185	-12.06147	-7.53897
1695.788	-14.35230	-8.96527	-12.08373	-7.50078
1699.794	-14.40081	-8.98747	-12.01696	-7.46170
1703.787	-14.42567	-8.99200	-12.02729	-7.33565
1707.786	-14.37343	-8.89866	-12.05566	-7.23145
1711.787	-14.29597	-8.78740	-12.06209	-7.19222
1715.786	-14.22358	-8.68026	-12.07490	-7.19059
1719.787	-14.32470	-8.57612	-12.11809	-7.29124
1723.784	-14.21099	-8.53480	-12.18630	-7.37773
1727.789	-14.26005	-8.58088	-12.05703	-7.44772
1731.788	-14.33036	-8.58841	-12.10044	-7.40453
1735.785	-14.39292	-8.62672	-12.14074	-7.29457
1739.787	-14.45148	-8.59822	-12.10105	-7.31723
1743.788	-14.34319	-8.45552	-12.02658	-7.18127
1747.788	-14.25462	-8.37578	-12.00369	-7.17637
1751.789	-14.28380	-8.37124	-12.11240	-7.06402
1755.787	-14.23114	-8.28929	-12.04320	-7.06346
1759.787	-14.26443	-8.28870	-11.95643	-7.02398
1763.789	-14.19965	-8.31895	-12.30180	-7.09728
1767.789	-14.19093	-8.21387	-12.02140	-7.29416
1771.790	-14.25256	-8.24896	-12.09028	-7.21759
1775.788	-14.19051	-8.22003	-12.12452	-7.23291
1779.791	-14.31540	-8.04406	-12.00464	-7.31828
1783.786	-14.30247	-8.00021	-11.96154	-7.20368
1787.777	-14.32975	-8.05857	-11.77208	-6.94218
1791.790	-13.62990	-7.93414	-11.74744	-7.44887
1795.791	-10.79521	-4.85025	-11.01598	-6.62254
1799.790	-8.88273	-6.27406	-9.68146	-6.62190
1803.792	-6.91926	-6.18480	-6.93682	-5.75810
1807.788	-6.27018	-5.47026	-5.21016	-5.02782
1811.788	-3.25199	-5.73748	-3.82094	-5.05959
1815.789	-1.46147	-6.55540	-1.87936	-4.83956
1819.791	0.66320	-7.38339	-0.60349	-5.10548
1823.789	0.73201	-6.92568	0.46545	-5.03630
1827.792	3.34121	-7.08770	3.31793	-5.30149
1831.671	5.19175	-7.48102	3.98985	-5.39107
1835.791	6.39025	-7.78034	4.93891	-5.43427
1839.777	7.19720	-8.18581	6.00933	-5.58132
1843.791	7.54142	-8.49158	6.84482	-5.25472
1847.793	6.18169	-8.19293	6.69547	-5.25120
1851.793	5.82682	-8.06481	7.06286	-5.49811
1855.792	6.22142	-8.49963	7.40286	-5.73164
1859.789	5.92024	-8.27342	7.09243	-5.78875
1863.792	5.93085	-8.32832	6.72496	-5.78006
1867.772	6.30556	-8.54508	7.19141	-5.94038
1871.787	6.21092	-8.94934	7.29318	-6.09335
1875.792	5.99657	-8.32901	7.23218	-6.15710
1879.683	5.78462	-8.31900	7.24688	-6.12008
1883.791	5.76932	-8.39492	7.43120	-6.13695
1887.792	5.85438	-8.38542	7.54093	-6.33207
1891.793	5.77060	-8.36073	7.36523	-6.25307
1895.689	5.99132	-8.63087	7.31286	-6.21118
1899.794	5.93024	-8.47820	7.29086	-6.22252
1903.792	5.94902	-8.51331	7.33134	-6.24027
1907.792	5.74831	-8.76161	7.37951	-6.31618
1911.792	5.49807	-8.65971	7.41150	-6.34754
1915.792	5.48868	-8.53704	7.47668	-6.36885
1919.791	5.43020	-8.60191	7.34467	-6.37590
1923.790	5.40410	-8.62068	7.26747	-6.46506
1927.795	5.28113	-8.68369	7.34550	-6.50433
1931.791	5.20984	-8.76015	7.28017	-6.55612
1935.791	5.10763	-8.60980	7.33762	-6.59642
1939.772	5.14860	-8.63613	7.34192	-6.57174
1943.791	5.08333	-8.65531	7.34726	-6.57869
1947.793	4.98728	-8.64000	7.32380	-6.57157
1951.767	5.01194	-8.57214	7.30378	-6.64978
1955.791	5.05604	-8.52979	7.25133	-6.73065
1959.793	5.14074	-8.45644	7.16483	-6.72691
1963.792	5.23834	-8.42764	7.19530	-6.76493
1967.792	5.14126	-8.36553	7.11916	-6.68105
1971.792	5.08005	-8.35995	7.21657	-6.82096
1975.826	5.17257	-8.33446	7.22085	-6.95767
1979.790	5.18311	-8.21974	7.20661	-7.08183
1983.794	5.17582	-8.16962	7.25062	-7.14986
1987.794	5.31042	-8.29543	7.28871	-7.13895
1991.794	5.34267	-8.17182	7.31291	-7.20820
1995.781	5.43563	-8.25305	7.33603	-7.20230
1999.794	5.09020	-8.28765	7.31093	-7.19227
2003.793	5.04134	-8.33384	7.36496	-7.22653
2007.795	5.02836	-8.31309	7.40352	-7.28895
2011.795	5.18274	-8.35511	7.43969	-7.19292
2015.794	5.37916	-8.26740	7.43478	-7.26701
2019.797	5.26037	-8.05620	7.40423	-7.21893
2023.689	5.25505	-7.99568	7.37194	-7.28098
2027.799	4.94386	-7.64002	7.29824	-7.25382
2031.793	4.56836	-7.22127	6.29065	-7.17353
2035.766	4.47210	-7.08174	6.81255	-7.24008
2039.750	4.49672	-6.70978	7.23098	-7.27379
2043.790	5.05336	-6.56918	7.07598	-7.08039
2047.749	0.61481	-6.42374	7.20460	-6.94261
2051.794	-0.62660	-6.47645	2.70545	-6.45980
2055.794	-3.12400	8.05091	5.65430	-6.43904
2059.794	NaN	NaN	NaN	NaN
2063.793	NaN	NaN	NaN	NaN
2067.794	NaN	NaN	NaN	NaN
2071.794	NaN	NaN	NaN	NaN
2075.793	NaN	NaN	NaN	NaN
2079.791	NaN	NaN	NaN	NaN
2083.749	NaN	NaN	NaN	NaN
2087.793	NaN	NaN	NaN	NaN
2091.795	NaN	NaN	NaN	NaN
2095.794	NaN	NaN	NaN	NaN
2099.868	NaN	NaN	NaN	NaN
2104.693	NaN	NaN	NaN	NaN
2107.756	NaN	NaN	NaN	NaN
2111.801	NaN	NaN	NaN	NaN
2115.797	NaN	NaN	NaN	NaN
2119.753	NaN	NaN	NaN	NaN
2123.795	NaN	NaN	NaN	NaN
2127.697	NaN	NaN	14.41490	-3.56595
2131.796	17.46028	0.24681	21.85868	3.98258
2135.798	17.17556	4.00422	21.39021	0.74270
2139.808	17.17939	1.94996	17.58889	0.32063
2143.691	3.83599	-1.53589	17.57044	-1.82163
2147.796	3.47092	-1.35963	14.38901	-3.28395
2151.795	6.28486	-1.89388	10.27801	-3.19495
2155.796	7.97846	-1.90029	11.72151	-3.23695
2159.660	10.55193	-2.14547	11.75186	-3.23606
2163.660	11.73052	-2.79759	11.16679	-3.14909
2167.661	10.48706	-2.67803	10.82133	-3.13102
2171.672	10.26016	-2.21313	11.16612	-3.16536
2175.799	10.13674	-2.02499	11.15554	-3.09928
2179.672	10.40291	-1.87945	10.77485	-3.07391
2183.673	10.70869	-2.10889	10.73833	-3.04106
2187.673	10.58994	-2.55402	10.74120	-2.89981
2191.628	10.33915	-2.11650	10.74305	-2.77734
2195.672	10.26223	-2.31980	10.77433	-2.85780
2199.678	10.31499	-2.37990	10.71832	-2.76044
2203.673	10.31134	-2.20462	10.71197	-2.47177
2207.801	10.61485	-2.52812	10.83989	-2.44924
2211.675	10.80671	-2.59667	10.84518	-2.55045
2215.672	10.99224	-2.75604	10.82584	-2.58516
2219.674	10.84846	-2.97727	10.67938	-2.41841
2223.629	10.80024	-2.90985	10.80635	-2.40928
2227.675	10.75579	-2.74802	10.84159	-2.30721
2231.676	10.74115	-2.78481	10.82794	-2.44217
2235.674	10.80110	-3.08474	10.95138	-2.60486
2239.630	11.00412	-3.08218	10.83156	-2.62120
2243.674	11.01055	-3.17616	10.66356	-2.64871
2247.674	11.09023	-3.13209	10.86103	-2.79658
2251.669	10.92172	-1.53814	10.80833	-2.93716
2255.697	10.85181	-1.67423	10.74791	-2.98460
2259.674	10.70203	-1.77974	10.71063	-2.79722
2263.675	10.77564	-1.32318	10.86198	-3.02698
2267.674	10.50042	-1.08606	11.02146	-3.01840
2271.666	10.35632	-1.36418	11.16297	-3.17540
2275.675	10.51100	-1.46471	10.83352	-3.16038
2279.675	10.51408	-1.60754	11.09518	-3.06961
2283.680	10.43822	-1.76032	10.83659	-2.66519
2287.631	10.32414	-2.41380	10.58198	-2.65120
2291.676	10.29916	-2.66180	10.69544	-2.58820
2295.676	10.24387	-2.26349	10.97282	-2.88493
2299.675	10.16754	-2.14456	10.99953	-2.85222
2303.665	10.08428	-1.94928	11.06320	-2.99399
2307.676	10.10855	-2.16037	11.10335	-2.98147
2311.675	10.10660	-1.93983	11.13181	-3.05711
2315.675	10.23192	-2.10615	11.10718	-3.05146
2319.665	10.28460	-2.24484	11.11994	-2.95258
2323.679	10.35183	-2.38843	10.98124	-2.92218
2327.677	10.41438	-2.33486	11.18310	-3.10210
2331.655	10.42192	-2.19245	11.11774	-3.12832
2335.665	10.40550	-2.29537	11.24808	-3.28438
2339.705	10.36250	-2.36853	11.15539	-3.24050
2343.677	10.52178	-2.51893	11.05371	-3.13837
2347.689	10.53051	-2.49062	11.02655	-3.09980
2351.632	10.45286	-2.59005	10.98999	-3.11823
2355.676	10.46613	-2.48807	10.92160	-3.23140
2359.676	10.20262	-2.51095	10.77873	-3.14577
2363.675	9.95076	-2.42184	10.79605	-3.11631
2367.673	9.95529	-2.65447	10.76247	-3.12632
2371.665	10.20899	-2.58449	10.68938	-3.05891
2375.674	10.06949	-2.45766	10.69795	-2.88892
2379.676	9.91878	-2.44257	10.65714	-2.65364
2383.667	10.28222	-2.48201	10.74429	-2.89340
2387.677	11.12171	-2.65221	10.80900	-2.78818
2391.678	10.75260	-2.63295	10.91516	-3.07946
2395.677	10.75895	-2.55806	10.99063	-3.11842
2399.667	10.67394	-2.49584	10.90609	-3.19486
2403.676	10.69731	-2.39541	10.90758	-3.13143
2407.679	10.74398	-2.29587	11.04231	-3.03652
2411.679	10.76264	-2.07614	10.97997	-2.84106
2415.635	10.74374	-2.05252	11.12507	-3.37495
2419.678	10.76937	-1.85272	11.11251	-3.37240
2423.679	10.70919	-2.16826	11.22021	-3.22906
2427.677	10.74206	-2.47957	11.25879	-3.22899
2431.635	10.62672	-2.35142	10.67593	-3.11904
2435.679	10.48214	-2.22140	11.08904	-3.11066
2439.691	10.34756	-2.21996	11.13301	-3.15274
2443.677	10.19582	-1.79476	11.24691	-2.98855
2447.676	10.47909	-1.79798	11.15245	-2.96358
2451.676	10.39287	-1.79918	11.05775	-2.88201
2455.658	10.35529	-2.05021	11.06368	-2.90299
2459.674	10.42665	-2.19161	11.07694	-2.96372
2463.700	10.36271	-2.23955	11.30288	-3.39889
2467.678	10.15218	-2.25174	11.63066	-3.39624
2471.677	10.03243	-2.19802	11.21417	-3.25262
2475.633	9.99101	-1.98885	11.06903	-3.18002
2479.696	10.12080	-1.34116	10.97805	-3.31572
2483.634	10.13943	-1.46277	10.98803	-3.27259
2487.658	10.05363	-1.47558	11.21424	-3.47894
2491.681	10.09595	-1.84302	11.08256	-3.59714
2495.640	9.18059	-0.96792	10.88829	-3.27661
2499.671	7.95020	-0.21111	9.89056	-3.25574
2503.678	6.88783	-0.01061	5.66243	-1.79374
2507.680	4.83410	0.74461	5.30808	-2.38213
2511.672	4.75036	0.46377	4.65173	-2.01040
2515.681	3.54353	0.79653	3.78795	-2.41295
2519.682	2.92720	0.76210	3.94023	-2.44229
2523.679	2.87747	0.81466	3.75435	-2.07928
2527.668	2.77718	0.95221	3.90437	-2.05763
2531.687	2.57258	1.03915	3.82072	-1.56879
2535.685	2.55277	0.89711	3.66728	-1.57333
2539.635	2.28095	0.79444	3.76697	-1.64579
2543.645	2.45272	0.83433	3.78056	-1.55177
2547.637	2.49998	0.79377	3.78000	-1.55722
2551.682	2.55146	0.75710	3.74251	-1.56722
2555.681	2.55532	0.56496	3.72005	-1.68490
2559.671	2.39505	0.56019	3.68122	-1.69486
2563.681	2.48824	0.54069	3.60240	-1.75703
2567.682	2.40213	0.43305	3.63453	-1.86553
2571.682	2.31807	0.40068	3.68048	-1.98237
2575.672	2.42904	0.34779	3.66207	-2.16474
2579.671	2.39488	0.23722	3.86400	-2.24796
2583.682	2.42825	0.27572	3.86781	-2.31694
2587.682	2.38246	0.15736	3.80456	-2.31345
2591.679	2.42743	0.25574	3.85555	-2.29168
2595.682	2.43129	0.18978	3.77975	-2.32000
2599.679	2.41187	0.19432	3.92322	-2.34466
2603.684	2.41593	0.25279	3.92690	-2.40694
2607.678	2.38925	0.21952	4.04626	-2.37296
2611.682	2.42946	0.14685	4.17964	-2.44614
2615.637	2.46954	0.15375	4.16979	-2.25994
2619.683	2.50174	0.11584	4.12490	-2.23426
2623.671	2.51348	0.13197	3.98546	-2.23858
2627.683	2.48515	0.06450	3.98556	-2.30382
2631.686	2.53558	0.05141	4.04414	-2.44148
2635.683	2.46389	0.00015	3.94322	-2.44633
2639.673	2.47053	-0.09978	3.77214	-2.43158
2643.684	2.31408	-0.12757	3.84288	-2.29854
2647.684	2.37000	-0.24488	2.33690	-2.34387
2651.684	2.47685	-0.42953	3.16790	-2.42541
2655.681	2.59165	-0.61362	3.18860	-2.58095
2659.683	2.71283	-0.83151	3.41048	-2.84405
2663.667	2.72521	-0.57350	3.00118	-2.59819
2667.679	2.56119	-0.38981	3.13368	-2.73875
2671.673	2.41767	0.07912	3.36970	-2.69883
2675.683	2.42666	-0.10884	3.38123	-1.88261
2679.683	2.41583	0.11706	3.28120	-2.50098
2683.684	2.81600	-0.18666	3.66340	-2.58026
2687.673	2.62479	-0.16227	3.49458	-2.55635
2691.683	2.67618	0.00876	3.76505	-2.64197
2695.683	2.74861	-0.16064	3.83860	-2.89116
2699.686	2.75829	0.02683	4.22333	-2.66454
2703.666	2.49429	-0.00241	4.11735	-2.81168
2707.675	2.36735	-0.15828	4.16976	-2.61842
2711.683	2.43882	-0.10978	4.02949	-2.62432
2715.685	2.50974	-0.30023	3.75427	-2.39841
2719.681	2.53251	-0.01763	3.82707	-2.23415
2723.681	2.65074	-0.05555	3.68824	-2.14160
2727.685	2.44081	-0.09064	3.81333	-2.23812
2731.691	2.64646	-0.16579	3.58324	-2.10163
2735.675	2.83927	-0.05567	3.41632	-2.02325
2739.686	2.65731	-0.23057	3.59226	-1.90565
2743.687	2.91728	-0.49069	3.38315	-2.12147
2747.660	2.71141	-1.05504	3.31964	-2.12728
2751.682	2.77240	-0.93501	3.39221	-2.56416
2755.640	2.88312	-0.20819	3.42539	-2.65932
2759.686	2.71533	-0.08427	3.59500	-2.29112
2763.685	2.69512	-0.42702	3.54094	-2.42597
2767.675	3.03957	-1.17087	3.75556	-2.87907
2771.686	2.93450	-0.35184	3.80443	-2.76963
2775.685	2.77629	-0.22611	3.83878	-2.54641
2779.687	2.79793	-0.81733	3.83804	-2.00096
2783.678	3.04816	-0.91918	3.94962	-2.90517
2787.673	2.73244	0.04656	3.85451	-2.75532
2791.681	2.80694	-0.71548	4.06451	-2.91937
2795.686	3.11017	-0.90129	4.01458	-2.91824
2799.676	3.03021	0.07563	3.84453	-2.57814
2803.686	2.79174	-0.54147	4.09399	-2.92903
2807.687	3.00767	-0.92457	4.04596	-2.76997
2811.687	2.93094	0.07782	3.97442	-2.09419
2815.676	2.91025	0.03273	3.99793	-2.53069
2819.688	3.06716	-0.90418	4.20881	-2.69975
2823.690	2.86247	0.13471	3.76638	-2.01177
2827.687	3.13989	-0.32451	4.20704	-2.98064
2831.590	2.79756	-0.76755	4.23954	-2.42223
2835.687	2.99898	-0.41061	4.06196	-1.51900
2839.688	2.94280	-0.45825	4.47501	-2.81669
2843.689	2.78763	-0.61566	4.28955	-1.98316
2847.690	2.78632	-0.42699	4.36427	-2.42055
2851.643	2.86824	-0.40468	4.89688	-2.86079
2855.692	2.79491	-0.52614	4.30931	-1.85445
2859.691	2.88010	-0.33054	4.22629	-2.08794
2863.583	2.78426	-0.45496	4.49003	-2.79835
2867.689	2.95648	-0.49978	4.14107	-2.14363
2871.667	2.90166	-0.44358	3.80891	-2.05360
2875.684	2.96421	-0.61859	4.14828	-2.37469
2879.685	2.91767	-0.22764	3.96303	-2.35481
2883.688	2.79312	-0.34903	4.01512	-2.24914
2887.688	2.84576	-0.35686	3.82632	-2.64164
2891.689	2.51435	-0.15851	3.67647	-2.30316
2895.584	2.69524	-0.20244	4.63445	-2.30596
2899.690	2.58068	-0.29759	4.15552	-1.78200
2903.688	2.45770	-0.53387	4.60513	-3.18922
2907.692	2.82793	-0.50009	4.65271	-2.57814
2911.589	2.88225	-0.04755	4.78094	-2.55735
2915.644	2.43449	-0.18478	3.53696	-2.64537
2919.690	2.42857	-0.45340	3.91249	-2.50774
2923.690	2.62576	-0.12868	4.58412	-2.20336
2927.686	2.68596	-0.36572	4.43347	-1.34520
2931.689	2.41061	-0.38347	3.32721	-1.21061
2935.691	2.81479	-0.17624	3.67482	-2.18690
2939.719	2.54071	0.18646	4.06851	-1.93920
2943.689	2.61555	0.08502	5.33605	-2.37041
2947.691	2.29295	-0.32459	3.98420	-1.98486
2951.691	2.68561	0.24914	3.49779	-1.40024
2955.659	2.81357	-0.03048	3.66041	-2.05417
2959.693	2.96186	-0.64988	4.43029	-2.05511
2963.690	2.74385	-0.08896	4.22816	-1.26717
2967.690	2.51973	-0.41015	3.96545	-1.37261
2971.689	2.78020	-0.34134	3.36290	-2.03889
2975.559	2.97371	-0.74483	3.78182	-2.07887
2979.691	2.72484	-0.57268	4.27318	-2.31281
2983.692	2.54204	-0.24187	4.32765	-2.03255
2987.692	2.84289	-0.19540	3.60558	-1.83140
2991.586	2.98126	-0.07576	3.18064	-2.06863
2995.674	3.03247	0.25422	3.50361	-2.14171
2999.687	2.86532	0.15784	4.49889	-1.21325
3003.690	-0.52885	0.04396	10.19539	-1.97826
3007.693	2.75809	0.52355	3.27930	-2.02105
3011.692	-4.02813	4.33931	3.93060	-0.70355
3015.691	NaN	NaN	NaN	NaN
3019.691	NaN	NaN	NaN	NaN
3023.586	NaN	NaN	NaN	NaN
3027.690	NaN	NaN	NaN	NaN
3031.692	NaN	NaN	NaN	NaN
3035.690	NaN	NaN	NaN	NaN
3039.657	NaN	NaN	NaN	NaN
3043.646	NaN	NaN	NaN	NaN
3047.691	NaN	NaN	NaN	NaN
3051.691	NaN	NaN	NaN	NaN
3055.691	NaN	NaN	NaN	NaN
3059.690	NaN	NaN	NaN	NaN
3063.692	NaN	NaN	NaN	NaN
3067.691	NaN	NaN	NaN	NaN
3071.694	NaN	NaN	NaN	NaN
3075.692	NaN	NaN	NaN	NaN
3079.648	NaN	NaN	NaN	NaN
3083.694	NaN	NaN	NaN	NaN
3087.692	NaN	NaN	NaN	NaN
3091.691	NaN	NaN	NaN	NaN
3095.650	-12.59796	2.91535	NaN	NaN
3099.694	-12.66341	6.79534	NaN	NaN
3109.807	-12.72086	2.80594	-12.82333	2.57567
3114.789	-10.51470	2.89150	-19.82386	-1.29603
3116.787	-11.47152	3.03368	-12.61190	5.79513
3119.685	-11.88378	3.07322	-12.36341	6.54439
3123.683	-8.98881	2.46179	-11.42656	3.61801
3127.604	-9.54370	2.94868	-12.30938	2.97539
3131.696	-8.24738	2.89587	-12.73984	1.90545
3135.695	-9.72187	3.03181	-12.10535	-0.23405
3139.692	-9.87280	3.01008	-12.22563	1.77153
3143.697	-10.59263	1.91331	-12.23929	1.85101
3147.695	-9.83346	3.02296	-12.06783	2.43272
3151.693	-9.89429	3.07095	-12.22900	2.16759
3155.695	-9.93894	3.13619	-10.71434	1.14112
3159.699	-9.79558	2.03687	-8.07020	1.28052
3163.652	-9.83383	2.85991	-9.07557	0.98334
3167.694	-9.87818	2.95019	-10.22216	1.13196
3171.695	-9.92331	2.38803	-9.35022	-0.00696
3175.589	-9.88114	2.04074	-9.20255	-0.10759
3179.695	-9.85616	2.08833	-9.96041	0.20331
3183.696	-9.78997	1.73513	-9.68059	0.30697
3187.571	-9.66677	1.61535	-9.44151	0.41244
3191.526	-9.81072	1.74747	-9.45986	0.33519
3195.572	-9.82130	1.64261	-9.05705	0.03006
3199.572	-9.80662	1.51340	-9.17292	0.07995
3203.573	-9.81462	1.74158	-9.17382	0.13826
3207.558	-9.73894	1.65394	-8.94641	-0.03540
3211.572	-9.62022	1.84549	-8.81356	-0.18706
3215.573	-9.87066	1.70817	-9.42755	-0.05562
3219.575	-9.68095	2.65762	-9.50841	-0.03664
3223.559	-9.78616	2.55063	-9.28226	-0.00446
3227.568	-9.76300	2.95124	-8.98910	-0.19255
3231.570	-9.89523	2.91412	-8.97240	-0.08348
3235.576	-9.73976	2.64445	-8.97833	0.08564
3239.569	-9.72426	1.96171	-9.04340	-0.21213
3243.571	-9.84498	1.93975	-8.97382	-0.37786
3247.572	-9.76052	2.31977	-8.85960	-0.06806
3251.545	-9.73002	2.95111	-8.76830	0.21685
3255.538	-9.72607	2.05706	-9.04321	0.26101
3259.571	-9.58272	1.96714	-8.79880	-0.29330
3263.572	-9.71676	1.98989	-8.88925	0.39511
3267.572	-9.65539	2.00109	-8.80248	-0.33050
3271.592	-9.62487	1.87953	-8.95498	-0.09033
3275.571	-9.57660	1.91433	-8.94343	0.01264
3279.572	-9.70748	1.84552	-8.97346	-0.33143
3283.572	-9.73195	1.90337	-8.98063	0.02707
3287.564	-9.48569	1.76919	-8.97726	-0.11578
3291.563	-9.49091	1.90348	-9.00373	-0.05849
3295.528	-9.67931	1.87450	-8.89218	-0.33295
3299.572	-9.63103	2.03385	-8.97288	-0.34854
3303.562	-9.62024	1.87376	-8.72158	-0.08798
3307.573	-9.53586	1.92426	-9.05408	-0.31037
3311.575	-9.48985	2.05337	-8.88574	-0.31710
3315.574	-9.41726	1.84639	-8.98605	0.94352
3319.530	-9.50783	1.89829	-8.87762	-0.30814
3323.571	-9.50957	1.86144	-9.06351	0.36567
3327.571	-9.55652	1.95865	-9.01825	-0.53321
3331.574	-9.58936	1.91453	-8.65523	-0.24962
3335.573	-9.59018	1.92644	-8.81644	0.03534
3339.574	-9.68151	2.19209	-8.98119	-0.07751
3343.577	-9.47500	1.78871	-8.98857	0.29784
3347.573	-9.77423	1.70928	-9.04916	-0.14172
3351.562	-9.67316	1.87694	-9.05664	-0.24640
3355.574	-9.65471	1.83453	-8.98719	0.19284
3359.574	-9.84688	2.43003	-9.18734	0.20652
3363.574	-9.63993	1.33685	-8.86529	-0.23754
3367.566	-9.82371	1.62805	-8.87876	0.37632
3371.572	-9.68638	2.06068	-8.81208	0.42918
3375.555	-9.52567	2.07822	-9.56064	-0.21982
3379.575	-9.67227	2.28587	-9.13429	-0.21178
3383.572	-9.41479	1.41785	-8.72595	0.31053
3387.573	-9.69998	1.37688	-8.51527	0.65144
3391.574	-9.70263	1.81359	-8.71361	-0.07870
3395.576	-9.69330	2.10792	-9.19694	-0.18907
3399.596	-9.64620	2.30224	-9.16903	-0.00309
3403.574	-9.71040	2.37557	-8.77557	0.09413
3407.575	-9.65348	2.17962	-9.17336	0.60531
3411.530	-9.71097	2.33816	-8.75080	0.61284
3415.566	-9.77828	2.20055	-8.56607	0.32963
3419.570	-9.68932	1.99619	-8.51413	0.08306
3423.575	-9.82886	1.42296	-8.66166	0.12541
3427.576	-9.83766	1.61239	-8.78197	0.07777
3431.597	-9.78469	1.52326	-8.90565	-0.09228
3435.581	-9.73349	1.32717	-9.04587	-0.00908
3439.575	-9.81874	1.70181	-9.15444	0.13260
3443.576	-9.84915	2.00287	-9.04921	0.21720
3447.598	-9.94556	1.82740	-8.75516	0.14583
3451.577	-9.99161	1.80003	-8.92188	0.45831
3455.577	-9.82754	2.02860	-8.82310	0.46268
3459.551	-9.82214	1.81228	-8.78319	0.01071
3463.598	-9.90359	1.54038	-8.94486	-0.00830
3467.577	-9.99847	1.72178	-8.92960	0.06355
3471.577	-9.95858	1.88126	-9.09275	0.09535
3475.538	-9.97053	1.80626	-9.11547	0.07947
3479.574	-9.91262	1.60716	-9.20124	0.61162
3483.575	-9.95331	1.93073	-9.12319	0.15278
3487.573	-9.96015	1.70621	-8.88961	0.03800
3491.576	-9.93677	1.78138	-8.85068	0.05618
3495.576	-9.86141	1.80718	-9.21776	-0.07854
3499.577	-9.91406	1.83958	-9.12778	0.17660
3503.567	-9.90766	1.62682	-9.18864	0.07626
3507.577	-9.86433	1.82487	-9.17447	0.01258
3511.575	-9.90260	1.79091	-8.99160	0.17195
3515.578	-9.91787	1.60586	-9.22402	0.00628
3519.577	-9.99197	1.93490	-9.23430	0.30472
3523.577	-9.93944	1.84602	-9.21266	0.34121
3527.581	-10.01046	1.80555	-9.03643	0.13654
3531.578	-9.98945	1.81285	-8.99278	0.06703
3535.581	-9.94804	1.81044	-9.18584	0.12442
3539.578	-9.87936	1.75528	-9.21280	-0.26140
3543.566	-7.01634	1.96034	-8.81775	1.01396
3547.583	-5.67226	2.34019	-7.61336	0.93406
3551.580	-2.69222	2.90943	-4.57820	0.65939
3555.589	-0.36831	2.99729	-1.68962	0.80685
3559.598	2.35353	3.20329	0.37157	1.04537
3563.579	4.54030	2.90416	1.93623	1.06120
3567.578	4.42928	2.84452	4.55564	1.12709
3571.578	7.66031	2.15526	5.83557	1.06743
3575.599	8.31171	1.88349	7.87565	0.31132
3579.580	9.35812	1.75360	8.25175	0.71878
3583.580	11.93287	1.59111	10.73330	-0.28230
3587.579	11.75650	1.96186	10.87096	-1.04405
3591.603	11.67141	1.83978	10.98884	-0.88244
3595.582	11.45052	1.59177	10.96904	0.89267
3599.580	10.16103	1.81563	9.30527	1.23332
3603.581	10.04032	1.96531	9.98779	1.30996
3607.569	10.26398	1.75773	10.53651	1.30112
3611.579	10.72060	1.53973	10.69074	0.55598
3615.580	10.83879	1.69661	10.77907	-0.06867
3619.580	10.50421	1.60391	10.88745	-0.03982
3623.567	10.48010	1.69080	10.59256	0.03224
3627.572	10.24610	1.56384	10.39935	0.77696
3631.581	10.46822	1.29135	10.28931	1.07695
3635.580	10.34328	1.24894	10.24144	0.59231
3639.571	10.40368	1.45403	10.12837	0.85493
3643.580	10.03383	1.51585	10.37011	0.41357
3647.577	10.00601	1.62012	10.63037	0.31986
3651.580	10.37366	1.77136	10.41246	0.09688
3655.579	10.20846	1.48462	10.52950	-0.21308
3659.586	10.22923	1.71346	10.01953	-0.30761
3663.537	10.31605	1.76645	9.79195	-0.35144
3667.557	10.19084	1.20111	10.16312	0.31699
3671.548	10.10812	1.65117	4.85480	4.34973
3675.579	10.26196	1.04761	4.77924	4.49453
3679.582	9.97948	1.47130	9.51715	-0.08377
3683.582	10.11904	1.54997	9.24805	-0.70507
3687.577	10.08796	1.33799	9.92589	-1.16434
3691.581	10.12546	1.57895	10.30329	-0.85563
3695.582	10.01667	1.61501	10.39604	-0.79275
3699.583	9.96494	1.56110	11.09303	-1.10833
3703.582	10.09239	1.76532	11.61337	-0.95919
3707.582	10.05394	1.82000	11.55461	-0.69805
3711.572	10.12652	2.11962	11.66170	-0.52370
3715.582	10.12611	2.21460	10.58622	-0.80289
3719.571	10.13953	2.57162	10.38665	-0.57908
3723.582	10.06852	1.92965	10.31081	-0.39788
3727.584	10.03433	1.77532	10.32580	-0.96052
3731.584	10.19983	1.40873	10.31931	-0.88619
3735.573	10.22680	1.50484	11.33030	-1.24707
3739.583	10.23012	1.89018	10.92607	-1.04371
3743.585	10.29697	1.95499	10.49287	-0.75808
3747.586	10.21940	2.09166	10.98554	-0.61792
3751.584	10.21668	2.13209	11.61268	-0.70182
3755.583	10.27811	2.47873	11.29441	-0.27143
3759.583	10.21856	2.61355	11.70054	-1.22183
3763.584	10.24459	2.38953	11.74411	-0.84218
3767.584	10.21911	1.65343	11.72603	-0.88143
3771.582	10.17798	1.45301	10.78022	-1.61941
3775.583	10.23493	1.87911	10.94327	-0.27510
3779.583	10.30021	2.94682	11.02531	-0.30298
3783.573	10.70984	3.30730	10.90674	0.30793
3787.583	11.00360	5.31307	10.81458	3.24161
3791.583	11.33010	6.84833	11.56741	3.50958
3795.581	11.50074	7.09801	11.78026	6.19197
3799.584	10.31919	7.57975	11.15824	8.47083
3803.583	10.16584	8.37673	11.43908	10.03081
3807.583	10.12907	8.73670	10.78139	11.43857
3811.585	10.36713	8.40818	10.63643	10.72859
3815.586	10.29781	8.07998	10.60399	9.75129
3819.584	10.18115	8.24005	10.51420	8.54260
3823.584	9.91681	8.54600	10.56306	8.86809
3827.586	9.87370	8.55637	10.40860	9.29897
3831.576	9.95411	8.53789	11.01094	11.11724
3835.577	9.98949	8.75313	11.02225	9.32893
3839.587	9.97522	8.73950	10.41942	10.36535
3843.584	10.12390	8.68942	10.49306	11.18798
3847.542	10.34729	8.73460	10.42672	10.76142
3851.586	10.16444	8.78203	10.52250	10.02467
3855.587	10.40927	8.75876	10.23942	9.87229
3859.584	10.32657	8.80506	10.69534	8.98041
3863.585	10.21111	8.88640	10.69812	9.50900
3867.590	10.54015	8.89836	10.80311	9.42529
3871.586	10.29012	8.94015	10.62145	10.46368
3875.586	10.40934	8.96412	10.84099	11.01587
3879.591	10.51633	8.88716	10.84068	10.66173
3883.585	10.38478	8.92825	11.11090	10.68809
3887.586	10.28753	9.04289	10.97667	10.39907
3891.586	10.25031	9.04913	10.83802	11.10260
3895.587	10.17048	9.02768	10.97569	11.17734
3899.585	10.01441	9.09515	10.94717	10.85236
3903.585	9.94616	9.14794	11.03846	10.59277
3907.585	10.04413	9.21119	11.08995	10.17118
3911.485	9.95830	9.22152	11.22324	9.93596
3915.573	9.94982	9.27748	11.32307	9.61540
3919.579	9.95562	9.26397	11.33764	9.80188
3923.585	9.96848	9.24630	11.01814	9.33568
3927.589	10.01448	9.16686	10.89439	7.93860
3931.588	10.16641	9.11599	10.86428	8.97629
3935.588	10.43911	8.94589	10.84683	9.05332
3939.590	10.53902	8.78531	10.88676	8.94634
3943.588	10.41623	8.82346	10.84298	9.39361
3947.585	10.39467	8.64871	10.79744	9.18476
3951.590	10.79538	8.69654	10.61282	9.80680
3955.589	10.52988	8.93530	10.54284	9.95943
3959.588	10.25473	8.96066	10.40533	9.41102
3963.588	10.42317	8.89182	10.60447	10.24834
3967.588	10.21358	8.81081	10.64039	10.34306
3971.588	10.40742	8.69085	10.82361	9.50533
3975.590	10.16995	9.08485	10.80623	9.17127
3979.554	10.27011	9.12246	10.86024	9.13263
3983.587	10.20291	9.01041	10.79298	8.88594
3987.587	10.27366	9.01652	10.97093	8.84912
3991.486	10.22214	9.03196	11.12648	8.96442
3995.590	10.21024	8.96519	11.02464	8.77262
3999.570	10.31271	8.84920	11.16817	8.63165
4003.587	10.36502	8.79152	11.14283	10.07387
4007.485	10.29538	8.65468	11.14242	10.03285
4011.589	10.09501	8.66530	11.11263	9.79356
4015.590	10.13857	8.93704	10.86028	9.42523
4019.588	9.35677	8.79236	8.32128	10.33515
4023.545	5.77514	9.69593	4.49033	11.37236
4027.588	4.21266	10.72173	0.80431	13.09990
4031.589	0.81798	11.41428	-0.90597	14.11058
4035.590	-1.73827	12.41739	NaN	NaN
4039.594	-4.05201	12.05031	-4.85871	13.80999
4043.545	-5.48105	11.87176	-5.83650	13.92410
4047.592	-7.50710	10.84982	-7.98785	13.76758
4051.588	-8.65060	10.87398	-8.63852	14.08208
4055.589	-10.10406	11.18546	-9.73911	14.51076
4059.589	-10.17327	10.40112	-11.16175	14.06686
4063.591	-9.99258	10.91476	-10.37676	14.49217
4067.591	-10.13768	11.04031	-9.68754	14.02442
4071.591	-9.91801	10.97892	-10.04078	14.18644
4075.589	-9.95350	10.94890	NaN	NaN
4079.591	-10.03337	11.08844	-9.97452	14.63161
4083.563	-10.12878	11.03435	-9.94354	12.97776
4087.594	-10.09879	10.98201	-9.87570	10.90509
4091.590	-10.28873	10.95149	-9.81633	10.93358
4095.593	-10.51595	11.02532	-9.91028	12.90572
4099.591	-10.20558	11.08087	-9.73156	13.56770
4108.812	-10.27109	11.16073	-9.40690	12.66198
4113.804	-10.18988	11.09907	-9.70654	13.95371
4115.907	-10.27424	11.02969	-9.54877	11.97888
4119.593	-10.37071	11.14475	-9.47355	12.82703
4123.580	-10.51261	11.19980	-9.56050	13.95402
4127.587	-10.61900	11.23545	-9.39808	12.04255
4131.591	-10.43745	11.17140	-9.53706	13.05014
4135.592	-10.54771	11.18974	-9.50020	11.59841
4139.595	-10.49740	11.30605	-9.39907	11.70627
4143.592	-10.33545	11.19025	-9.45184	12.29304
4147.591	-10.47619	11.17999	-9.62145	12.05341
4151.594	-10.26852	11.05954	-9.41984	13.15453
4155.591	-10.42060	11.17540	-9.41190	13.44479
4159.593	-10.52612	10.71909	NaN	NaN
4163.593	-10.36377	11.14943	-9.31484	13.20745
4167.562	-10.33267	11.23732	-9.13451	12.27923
4171.593	-10.36783	11.18668	-9.06243	12.44087
4175.593	-10.42507	11.09448	-9.27259	12.01094
4179.592	-10.25918	10.93627	-9.27583	12.49629
4183.593	-10.30615	10.90525	-9.55579	14.64893
4187.594	-10.23928	10.93925	-8.37266	12.55930
4191.591	-10.47794	11.25457	-8.43693	12.39527
4195.592	-10.43808	11.26901	-8.71208	11.73275
4199.593	-10.44516	11.23194	-9.36706	12.44614
4203.487	-10.44657	11.20048	-8.83626	10.93548
4207.574	-10.40502	11.12558	-9.02319	12.37749
4211.592	-10.49889	11.14507	-8.89778	12.58589
4215.593	-10.44180	11.06471	-9.33640	12.39466
4219.460	-10.48084	11.14097	-9.05896	14.80630
4223.470	-10.50047	11.09787	-8.77463	11.85810
4227.469	-10.52475	11.05222	-9.19193	12.16800
4231.469	-10.58857	11.33233	-9.07774	14.49554
4235.488	-10.54476	11.48684	-9.15962	11.34421
4239.469	-10.54615	11.16290	-8.75000	10.95328
4243.470	-10.51772	11.27347	-8.89749	12.26623
4247.470	-10.51110	11.19031	-8.71593	12.48153
4251.493	-10.37155	11.00140	-9.00380	11.89560
4255.469	-10.28068	10.33548	-8.98293	10.95304
4259.469	-8.93723	7.43381	-8.65972	7.56045
4263.470	-8.47740	5.36264	-8.50445	3.96459
4267.490	-8.02093	2.48388	-8.37764	2.29494
4271.469	-7.67406	1.42618	-8.08406	1.29944
4275.470	-7.49576	1.52843	-7.51491	0.49504
4279.470	-7.23716	0.54901	-5.86924	-1.57773
4283.491	-6.97553	-1.65551	-6.34831	-1.95740
4287.468	-6.62696	-1.08985	-5.81751	-3.97141
4291.471	-6.13576	-1.63142	-5.40068	-4.41998
4295.456	-3.88213	-1.64770	-2.86910	-4.83335
4299.460	-3.02576	-1.72315	-2.65733	-4.80143
4303.425	-1.71027	-2.12849	-1.09554	-5.76919
4307.471	-2.86183	-1.89854	0.38077	-5.44064
4311.472	-4.48939	-2.67109	-1.17602	-5.46498
4315.493	-3.62860	-2.49534	-2.24205	-5.62240
4319.472	-2.60743	-2.53669	-1.88425	-5.44569
4323.472	-2.74568	-2.37395	-0.53024	-5.34073
4327.469	-3.14904	-1.98280	-1.13375	-5.66266
4331.465	-3.42631	-2.64372	-1.72622	-5.37856
4335.468	-3.01086	-2.54562	-1.08135	-5.49401
4339.435	-2.48312	-2.67703	-1.54743	-5.18501
4343.472	-2.87769	-2.93205	-0.95849	-5.20265
4347.493	-3.22285	-2.12773	-0.80645	-5.50655
4351.427	-4.36318	-2.56260	-1.52471	-4.91924
4355.472	-3.15018	-2.68632	-1.82527	-5.13313
4359.472	-3.41525	-2.78289	-1.98130	-5.12165
4363.468	-3.21075	-2.89773	-1.94791	-5.17600
4367.473	-3.57923	-2.71778	-2.02470	-5.11799
4371.472	-3.41375	-2.74026	-2.12240	-5.03633
4375.472	-3.34663	-2.71669	-2.09489	-4.96293
4379.462	-3.60059	-2.66241	-2.30890	-4.93489
4383.472	-3.56386	-2.77315	-2.21747	-4.68075
4387.471	-3.59441	-2.24791	-2.25122	-4.73199
4391.473	-3.78677	-2.52801	-2.24953	-4.52757
4395.463	-3.21518	-2.62002	-2.22166	-4.69963
4399.475	0.39196	-2.56933	-1.48796	-4.26277
4403.473	1.22841	-2.76826	1.87208	-4.55499
4407.475	5.74979	-3.15721	3.55379	-4.53752
4411.491	4.99196	-2.71171	6.21762	-4.38490
4415.440	6.46882	-3.60869	6.35439	-4.52843
4419.468	7.25895	-3.90535	6.58589	-4.80096
4423.463	8.13916	-3.70284	8.33440	-5.34628
4427.462	6.53115	-3.71820	8.73567	-5.33914
4431.472	7.84175	-4.20998	8.56947	-4.68324
4435.472	7.07860	-2.91185	7.94815	-5.65850
4439.473	6.98541	-4.64962	7.11670	-5.36050
4443.461	7.20155	-3.94820	8.33625	-5.69627
4447.473	7.31992	-4.33744	8.71729	-6.30739
4451.476	7.33506	-4.54117	8.73155	-5.99067
4455.475	7.29233	-4.07108	8.79671	-5.61269
4459.496	7.30722	-3.70696	8.65079	-5.79292
4463.473	7.11261	-4.66177	8.75039	-5.67680
4467.473	6.94729	-3.69434	8.80490	-5.95185
4471.474	7.43984	-5.06293	8.35345	-5.80617
4475.496	7.33698	-4.47818	8.59347	-5.94755
4479.475	6.91789	-4.40808	8.88242	-5.80560
4483.476	6.96538	-3.89719	8.67061	-5.88648
4487.469	7.01978	-3.72304	8.54593	-5.89651
4491.496	6.97670	-3.82302	8.42797	-5.76526
4495.474	6.97436	-4.32362	8.43919	-5.83383
4499.475	6.74266	-3.84430	8.58857	-5.84705
4503.457	6.73314	-4.10242	8.59570	-5.71274
4507.499	6.83129	-4.75296	8.73698	-5.81572
4511.474	6.80790	-4.29502	8.51855	-5.66286
4515.474	6.67133	-3.89970	8.44310	-5.70690
4519.475	6.34223	-3.82544	8.42372	-5.76788
4523.464	6.59941	-4.00033	8.65358	-5.92236
4527.475	6.67652	-4.69122	8.85337	-5.71935
4531.476	6.71077	-4.52102	8.50086	-5.64319
4535.474	6.58903	-4.21284	8.74767	-5.69895
4539.497	6.09079	-3.34420	8.64010	-5.53930
4543.481	6.28190	-3.67876	8.51032	-5.59764
4547.430	6.30504	-4.01392	8.38073	-5.51583
4551.483	6.52081	-3.83973	8.21249	-5.71952
4555.498	6.77005	-4.49269	8.39363	-5.66525
4559.477	6.55026	-4.20678	8.66246	-5.64477
4563.475	6.59341	-4.30938	8.75090	-5.56388
4567.476	6.55016	-3.71749	8.66426	-5.77275
4571.497	6.06787	-4.11406	8.59912	-5.73052
4575.478	6.54744	-4.07117	8.53494	-5.49890
4579.478	6.63387	-4.15422	8.45851	-5.56408
4583.474	6.93286	-4.16944	8.55962	-5.66829
4587.498	6.75916	-4.34755	8.51763	-5.58176
4591.478	6.78808	-4.27243	8.39664	-5.73071
4595.478	6.91684	-4.23875	8.53173	-5.55322
4599.475	6.66347	-4.24061	8.57702	-5.74119
4603.495	6.73072	-4.24670	8.88155	-5.72730
4607.479	6.77959	-4.16506	8.60659	-5.76981
4611.477	6.73488	-4.24301	8.59784	-5.55790
4615.477	6.71635	-4.14562	8.53367	-5.48714
4619.465	6.69047	-3.91033	8.51676	-5.72796
4623.478	6.51978	-3.85748	8.53379	-5.77646
4627.474	6.52338	-3.78901	8.59854	-5.77426
4631.466	6.41616	-3.57271	8.76893	-5.68975
4635.475	6.42226	-3.55607	8.99992	-5.53693
4639.478	6.25581	-3.41787	8.94816	-5.78444
4643.477	6.26118	-3.55459	8.99632	-5.72942
4647.477	6.27846	-3.53937	8.91841	-5.75033
4651.478	6.39967	-3.53949	8.67308	-5.67607
4655.477	6.21742	-3.27444	8.67570	-5.69729
4659.477	5.99132	-3.17199	8.93699	-5.73743
4663.434	6.12460	-3.35000	8.90599	-5.69234
4667.470	6.26883	-3.71767	8.85834	-5.70576
4671.479	6.43503	-4.02087	9.05265	-5.71661
4675.478	6.84478	-3.76918	8.89753	-5.60129
4679.479	6.50209	-3.40078	8.96128	-5.53633
4683.496	6.63490	-3.32320	8.82080	-5.53571
4687.480	6.77844	-3.55420	8.55190	-5.45412
4691.479	6.94164	-3.85257	8.35935	-5.26150
4695.479	6.86855	-3.54943	8.78743	-5.35145
4699.477	6.81334	-3.05107	8.88380	-5.25096
4703.480	6.83905	-3.22268	8.77318	-5.11646
4707.480	6.87827	-2.98822	8.60904	-5.07801
4711.461	6.86628	-2.97931	8.85284	-5.19900
4715.477	6.71427	-3.16513	8.72515	-5.13586
4719.480	6.89084	-3.16864	8.70791	-5.12308
4723.483	7.15630	-3.21968	8.63153	-5.00689
4727.434	6.81950	-3.22576	8.69515	-4.99740
4731.512	6.82701	-3.06498	8.49333	-4.92967
4735.481	6.68626	-2.55189	8.43129	-4.71072
4739.479	15.81642	1.62357	5.45644	-4.55998
4743.485	11.38411	5.41714	11.10350	-4.73050
4747.472	12.95751	6.69769	9.11375	-4.56247
4751.478	NaN	NaN	10.97949	0.01166
4755.446	NaN	NaN	11.74827	1.63940
4759.482	NaN	NaN	5.01595	13.26291
4763.479	NaN	NaN	NaN	NaN
4767.479	NaN	NaN	NaN	NaN
4771.479	NaN	NaN	NaN	NaN
4775.479	NaN	NaN	NaN	NaN
4779.478	NaN	NaN	NaN	NaN
4783.481	NaN	NaN	NaN	NaN
4787.478	NaN	NaN	NaN	NaN
4791.482	NaN	NaN	NaN	NaN
4795.472	NaN	NaN	NaN	NaN
4799.504	NaN	NaN	NaN	NaN
4803.481	NaN	NaN	NaN	NaN
4807.482	NaN	NaN	NaN	NaN
4811.483	NaN	NaN	NaN	NaN
4815.473	NaN	NaN	NaN	NaN
4819.483	-1.75101	14.12786	NaN	NaN
4823.482	-4.81714	13.73314	-4.69849	8.75896
4827.482	-10.80623	13.30634	NaN	NaN
4831.483	-5.62884	9.62111	NaN	NaN
4835.484	-10.61027	12.60551	NaN	NaN
4839.473	-8.14988	13.05266	NaN	NaN
4843.488	-10.09479	13.65090	NaN	NaN
4847.482	-8.32893	13.37638	NaN	NaN
4851.485	-8.32658	14.09397	NaN	NaN
4855.483	-5.15256	11.69322	NaN	NaN
4859.483	-4.37352	11.63805	-6.92542	14.80170
4863.478	-6.12276	13.22946	NaN	NaN
4867.485	-6.37726	13.39568	NaN	NaN
4871.484	-7.40072	12.92852	-6.99661	14.75930
4875.482	-6.32701	11.97256	NaN	NaN
4879.453	-5.02204	12.54414	NaN	NaN
4883.484	-7.25922	12.21895	NaN	NaN
4887.485	-6.77237	12.11133	NaN	NaN
4891.484	-6.21841	11.19904	NaN	NaN
4895.482	-6.82393	11.96434	NaN	NaN
4899.485	-6.94814	12.31004	NaN	NaN
4903.482	-6.41207	12.21591	NaN	NaN
4907.483	-7.09998	11.94568	NaN	NaN
4911.484	-6.23430	11.87254	NaN	NaN
4915.445	-6.56120	11.72529	NaN	NaN
4919.466	-7.07693	11.41854	NaN	NaN
4923.484	-7.22241	11.27715	NaN	NaN
4927.483	-7.18867	11.07614	NaN	NaN
4931.485	-6.87922	11.53661	NaN	NaN
4935.486	-6.62339	11.31112	NaN	NaN
4939.485	-7.34074	11.35816	NaN	NaN
4943.485	-7.34509	11.14080	NaN	NaN
4947.488	-7.01120	11.25970	-7.78894	14.88481
4951.486	-6.44643	11.35190	NaN	NaN
4955.487	-7.44347	11.39888	NaN	NaN
4959.486	-7.50315	11.44816	-7.38165	14.37323
4963.484	-7.15083	11.52767	-7.92510	14.48325
4967.485	-7.21330	11.57549	NaN	NaN
4971.484	-7.41973	11.60932	NaN	NaN
4975.486	-6.66908	11.78277	NaN	NaN
4979.485	-6.30053	11.62793	-6.66440	14.30352
4983.486	-6.84482	11.97587	-6.73821	14.02323
4987.484	-6.90287	11.95127	-7.03597	13.61376
4991.485	-7.54376	11.89876	-6.82288	14.20640
4995.485	-7.46294	12.14817	-6.58859	14.26391
4999.486	-7.63494	12.06710	-6.36226	14.14966
5003.462	-8.71547	12.07694	-6.75047	14.12368
5007.441	-7.84964	12.00583	-6.57284	14.37632
5011.485	-7.83812	12.10797	NaN	NaN
5015.487	-8.43649	11.91305	-7.17920	13.90098
5019.486	-9.37822	12.25195	NaN	NaN
5023.486	-11.77039	12.81706	NaN	NaN
5027.486	-11.87612	13.90809	NaN	NaN
5031.487	-13.97987	12.90594	NaN	NaN
5035.486	-13.49540	13.82043	NaN	NaN
5039.490	-15.81178	13.79628	NaN	NaN
5043.385	-15.47510	13.92480	NaN	NaN
5047.443	-15.30390	13.80836	NaN	NaN
5051.489	-15.30238	13.42147	NaN	NaN
5055.488	-14.89082	13.31085	NaN	NaN
5059.489	-13.90862	13.66463	NaN	NaN
5063.489	-14.75430	13.72987	NaN	NaN
5067.487	-15.22239	13.85780	NaN	NaN
5071.497	-14.47333	13.99982	NaN	NaN
5075.487	-15.14958	13.86265	NaN	NaN
5079.488	NaN	NaN	NaN	NaN
5083.487	NaN	NaN	NaN	NaN
5087.456	-15.15177	14.00666	NaN	NaN
5091.487	-15.39054	14.16990	NaN	NaN
5095.487	NaN	NaN	NaN	NaN
5099.833	-15.22183	14.31336	NaN	NaN
5104.694	-15.27275	14.33040	NaN	NaN
5107.490	-15.21721	14.39602	NaN	NaN
5111.488	-14.94118	14.52109	NaN	NaN
5115.490	-15.04888	14.56951	NaN	NaN
5119.489	NaN	NaN	NaN	NaN
5123.492	-14.71157	14.56067	NaN	NaN
5127.470	-14.82458	14.54376	NaN	NaN
5131.485	-14.73908	14.22180	NaN	NaN
5135.489	NaN	NaN	NaN	NaN
5139.490	-14.85152	14.45121	NaN	NaN
5143.488	-14.67925	14.39337	NaN	NaN
5147.445	-14.66768	14.50672	NaN	NaN
5151.491	-14.62631	14.37690	NaN	NaN
5155.490	-14.58801	14.25957	NaN	NaN
5159.489	NaN	NaN	NaN	NaN
5163.490	-14.63072	14.16686	NaN	NaN
5167.492	-14.77721	14.33098	NaN	NaN
5171.489	-14.68761	14.04392	NaN	NaN
5175.489	NaN	NaN	NaN	NaN
5179.489	-14.68503	14.30906	NaN	NaN
5183.490	NaN	NaN	NaN	NaN
5187.489	-14.59128	13.97976	NaN	NaN
5191.489	-14.65486	14.36771	NaN	NaN
5195.490	-14.60772	14.19699	NaN	NaN
5199.492	NaN	NaN	NaN	NaN
5203.491	-14.68312	14.09418	NaN	NaN
5207.491	-14.60718	13.91406	NaN	NaN
5211.467	-14.56111	14.17290	NaN	NaN
5215.492	-14.67253	14.03071	NaN	NaN
5219.489	-14.52540	13.90703	NaN	NaN
5223.491	-14.76976	13.59888	NaN	NaN
5227.492	-14.83868	13.59161	NaN	NaN
5231.493	NaN	NaN	NaN	NaN
5235.363	NaN	NaN	NaN	NaN
5239.367	NaN	NaN	NaN	NaN
5243.367	NaN	NaN	NaN	NaN
5247.369	-7.21879	13.96317	NaN	NaN
5251.391	NaN	NaN	NaN	NaN
5255.367	NaN	NaN	NaN	NaN
5259.331	NaN	NaN	NaN	NaN
5263.365	NaN	NaN	NaN	NaN
5267.361	NaN	NaN	NaN	NaN
5271.367	NaN	NaN	NaN	NaN
5275.367	NaN	NaN	NaN	NaN
5279.365	NaN	NaN	NaN	NaN
5283.366	NaN	NaN	NaN	NaN
5287.366	NaN	NaN	NaN	NaN
5291.367	NaN	NaN	NaN	NaN
5295.370	NaN	NaN	NaN	NaN
5299.322	NaN	NaN	NaN	NaN
5303.363	NaN	NaN	NaN	NaN
5307.366	NaN	NaN	NaN	NaN
5311.366	NaN	NaN	NaN	NaN
5315.363	NaN	NaN	NaN	NaN
5319.364	NaN	NaN	NaN	NaN
5323.365	NaN	NaN	NaN	NaN
5327.367	NaN	NaN	NaN	NaN
5331.366	NaN	NaN	NaN	NaN
5335.366	NaN	NaN	NaN	NaN
5339.365	NaN	NaN	NaN	NaN
5343.364	NaN	NaN	NaN	NaN
5347.326	NaN	NaN	NaN	NaN
5351.322	NaN	NaN	NaN	NaN
5355.370	-6.54521	12.30364	NaN	NaN
5359.368	-2.38333	3.91550	0.81347	-4.10278
5363.365	-2.79129	3.66698	-0.13133	1.58946
5367.369	-2.12057	5.68720	-0.21070	1.30753
5371.369	-2.25092	2.60751	-0.47664	-1.95056
5375.370	-2.62509	1.94598	-3.04328	-1.95469
5379.392	-2.17120	1.19856	-2.48834	-1.64227
5383.340	-1.66259	0.33554	-2.52800	-1.29872
5387.369	0.19859	0.53811	-0.79344	-0.79959
5391.370	-2.12573	0.53288	-0.50384	-0.30280
5395.390	-2.12268	1.52158	0.79481	-0.57993
5399.372	-3.52054	1.46116	-0.08369	-0.75294
5403.369	-2.00143	1.83562	-0.21961	-0.31205
5407.370	-1.75662	1.86573	-2.67363	-0.63157
5411.394	-1.96045	1.82892	-2.44982	0.61418
5415.325	-2.38581	2.01785	-2.50608	-0.08242
5419.327	-2.15596	2.03947	-2.21848	0.00750
5423.359	-2.19284	1.87538	-2.68294	0.22928
5427.360	-2.06359	1.47443	-2.37850	0.11701
5431.371	-2.29986	1.60759	-2.35873	-0.09437
5435.381	-3.04177	1.39708	-2.38060	-0.69154
5439.370	-2.92052	1.66772	-2.44611	-0.43753
5443.391	-3.19481	1.81830	-2.49728	-0.23378
5447.376	-2.43251	1.58156	-2.45294	-0.29198
5451.372	-2.41358	1.57803	-2.38747	0.19179
5455.371	-2.74757	1.38529	-2.31515	-0.51193
5459.395	-2.87876	1.58744	-2.42257	-0.33238
5463.370	-2.99480	1.20408	-2.45530	-0.09635
5467.335	-2.90606	1.19584	-2.44130	-0.52209
5471.347	-2.81305	1.25540	-2.37436	-0.55235
5475.328	-2.80860	1.53049	-2.34949	-0.49958
5479.371	-2.99695	1.62575	-2.37171	-0.26496
5483.372	-2.79827	1.88129	-2.40885	0.16257
5487.368	-2.74487	2.41013	-2.43446	0.02185
5491.363	-2.65394	1.63856	-2.47801	-0.10683
5495.373	-2.75537	1.03358	-2.48795	-0.30791
5499.373	-2.82343	1.44433	-2.51519	-0.50362
5503.373	-2.80360	1.42915	-2.41521	-0.28258
5507.328	-2.65022	1.67316	-2.49981	0.15742
5511.372	-2.68284	2.12946	-2.38992	0.60354
5515.373	-2.63792	2.46648	-1.99444	-0.38574
5519.373	-2.73165	1.79788	-1.82430	-0.45187
5523.392	-2.79674	0.95767	-1.65865	-0.67543
5527.373	-3.00581	1.36672	-2.51611	-0.41723
5531.375	-2.94299	1.35822	-2.44289	-0.03344
5535.373	-2.84826	1.76260	-2.21625	-0.18789
5539.335	-2.97698	2.26025	-2.25427	-0.06282
5543.374	-2.69039	1.62725	-2.26262	-0.26751
5547.331	-2.65991	1.49990	-1.78491	-0.54141
5551.373	-2.84150	1.46366	-1.99225	-0.41986
5555.394	-2.87069	1.14033	-2.06808	-0.29745
5559.373	-3.10938	1.26883	-2.16840	-0.39563
5563.371	-3.30468	1.53516	-2.50600	-0.00474
5567.376	-3.03885	1.62834	-2.51093	-0.51176
5571.396	-3.00099	1.87005	-2.61506	-0.05657
5575.371	-2.99460	1.61368	-2.50063	-0.04424
5579.373	-3.26834	1.44312	-2.35266	-0.18845
5583.376	-2.90638	1.21202	-2.19462	-0.28310
5587.365	-3.14840	1.40909	-2.11482	-0.39180
5591.350	-3.23675	1.51308	-2.06951	-0.21066
5595.371	-3.28635	1.59493	-2.33363	-0.23565
5599.332	-3.42564	1.80055	-2.20775	-0.16582
5603.372	-3.37663	2.01488	-2.25008	-0.07509
5607.376	-3.40714	2.54409	-2.01945	-0.17185
5611.376	-3.35115	2.14792	-1.83221	-0.20589
5615.376	-3.36369	1.07801	-1.66916	-0.20966
5619.393	-3.31596	0.81993	-1.53361	-0.16740
5623.375	-3.25775	0.73676	-1.52035	-0.33850
5627.376	-3.28125	0.97381	-1.76852	-0.28796
5631.363	-3.22354	1.03126	-1.79083	-0.36897
5635.365	-3.08372	1.00823	-2.13656	-0.09347
5639.376	-2.91208	1.32621	-2.34396	0.02100
5643.376	-2.86566	1.36451	-2.21199	-0.10546
5647.376	-2.41928	1.04562	-2.03204	-0.22015
5651.396	-2.26237	0.93806	-2.01387	-0.32808
5655.375	-2.52406	1.31845	-2.50472	-0.03009
5659.376	-2.71973	2.38136	-2.29810	-0.32603
5663.331	-3.38785	2.77735	-2.33115	-0.42461
5667.331	-3.03489	2.04916	-2.48455	-0.40724
5671.377	-2.98623	2.07991	-2.70780	-0.34122
5675.344	-2.48126	1.53841	-2.39767	-0.17255
5679.374	-3.06008	1.63245	-2.22309	-0.07390
5683.377	-2.39247	1.58305	-2.19636	-0.51493
5687.376	-2.10141	1.61405	-2.48056	-0.43772
5691.375	-2.85618	2.28490	-2.54754	0.06382
5695.376	-2.76636	2.01360	-2.61711	-0.25670
5699.377	-2.95609	1.50021	-2.68314	-0.44271
5703.376	-2.24443	0.84183	-2.71949	-0.17216
5707.332	-2.81736	1.96287	-2.79184	-0.37723
5711.379	-2.76562	2.18751	-2.73766	-0.32393
5715.361	-2.83036	1.78700	-2.21972	-0.38849
5719.375	-2.91047	1.33971	-2.37523	-0.52698
5723.378	-3.18784	1.23962	-2.15658	-0.31131
5727.378	-3.17878	1.93397	-2.41967	-0.41324
5731.412	-3.11903	1.60474	-2.19648	-0.48355
5735.378	-3.14593	1.65056	-2.04845	-0.40204
5739.377	-3.00319	1.19618	-2.11056	-0.41750
5743.379	-2.85078	1.64340	-2.58668	-0.48212
5747.379	-2.74999	1.58292	-2.29324	-0.61837
5751.389	-2.71201	1.64406	-2.80739	0.04023
5755.375	-2.50712	1.46485	-2.44549	-0.25554
5759.369	-2.40531	1.60449	-2.63693	-0.22003
5763.378	-2.99552	1.27527	-2.94453	-0.17386
5767.377	-3.05667	1.66213	-2.73766	-0.35012
5771.378	-2.65287	1.49854	-2.32828	-0.31408
5775.377	-2.58447	1.74542	-1.97433	-0.30876
5779.378	-2.61590	1.62693	-1.90118	-0.05322
5783.380	-2.78354	1.77276	-2.71297	-0.19706
5787.376	-2.64931	1.59610	-2.63564	-0.71208
5791.379	-2.77203	1.65201	-2.93549	-0.07323
5795.379	-2.92750	1.32468	-2.04282	-0.39877
5799.354	-3.07879	1.57763	-2.06899	-0.30594
5803.378	-2.69428	1.64252	-1.87522	-0.19364
5807.378	-2.84227	1.66898	-2.50259	-0.16700
5811.381	-2.84351	1.82935	-2.47447	-0.53206
5815.378	-2.73122	1.85479	-2.64710	-0.34853
5819.381	-3.02598	1.82337	-2.78419	-0.22549
5823.379	-3.05281	1.75040	-2.11688	-0.52700
5827.380	-2.82355	1.56760	-1.79943	-0.34019
5831.382	-2.96270	1.49653	-2.58435	-0.16709
5835.381	-3.00158	1.41425	-2.24076	-0.13674
5839.369	-3.04882	1.44940	-2.62174	-0.51678
5843.382	-3.28719	1.53980	-2.69165	-0.53616
5847.380	-3.08426	1.51556	-2.46709	-0.43090
5851.338	-2.70933	1.42902	-2.12543	-0.44208
5855.381	-2.26745	1.36674	-2.39941	-0.44366
5859.383	-2.81145	1.28852	-2.27297	-0.49462
5863.380	-3.14476	1.29547	-2.21955	-0.54921
5867.381	-3.05454	1.28045	-2.34795	-0.45013
5871.379	-3.15305	1.33960	0.19196	-7.58128
5875.379	-2.97629	1.46986	0.75657	-7.52173
5879.380	-2.92866	1.56381	-3.60672	-7.78215
5883.349	-3.11247	1.63671	-2.45735	-0.64081
5887.380	-3.18195	1.67220	-2.38923	-0.70658
5891.380	-6.43645	10.02886	-2.50635	-0.62910
5895.381	-6.77741	10.49982	-2.57927	-0.89592
5899.382	-3.23999	1.80942	-2.88057	-0.87079
5903.380	-3.15926	1.76217	-2.70958	-0.91030
5907.380	-3.35135	1.78528	-2.77040	-0.77727
5911.382	-3.48348	1.68594	-2.86915	-0.78202
5915.337	-2.66533	1.69859	-2.62652	-0.75962
5919.338	-2.96208	1.80219	-2.52790	-0.79757
5923.279	-2.75806	1.74113	-2.73018	-0.84261
5927.379	-2.56357	1.06529	-2.70064	-0.82233
5931.383	-2.32417	1.63666	-2.63911	-0.58858
5935.383	-2.37052	1.70922	-2.53328	-0.67396
5939.384	-2.65176	1.71740	-2.38011	-0.75857
5943.381	-3.51164	1.73834	-2.52158	-0.63927
5947.382	-2.60131	1.88482	-2.54772	-0.63777
5951.384	-2.34314	1.95963	-2.42138	-0.75765
5955.383	-2.20332	2.09116	-2.43890	-0.73029
5959.384	-2.27127	1.96117	-2.19650	-0.71763
5963.380	-2.84635	2.03726	-2.45953	-0.64846
5967.377	-2.40895	1.91265	-2.38093	-0.80295
5971.382	-2.56701	1.95425	-2.32890	-0.85166
5975.381	-2.51995	1.94983	-2.41962	-0.82259
5979.383	-2.71421	2.02668	-2.21261	-0.90480
5983.383	-2.29173	2.07348	-2.30367	-0.78105
5987.280	-2.44147	2.08305	-2.45978	-0.68619
5991.343	-2.33539	2.12157	-2.52627	-0.77174
5995.383	-2.39151	2.09843	-2.36596	-0.82537
5999.386	-2.54999	2.00900	-2.50353	-0.63992
6003.384	-2.45064	2.07800	-2.75675	-0.75762
6007.384	-2.32265	2.05596	-2.40746	-0.84230
6011.382	-2.32144	1.98729	-2.62635	-0.82931
6015.384	-2.41346	2.05193	-2.56944	-0.73220
6019.385	-2.56456	2.02851	-2.34931	-0.64178
6023.383	-3.21562	2.11229	-2.66570	-0.70539
6027.383	0.93470	1.89306	-2.86658	-0.54333
6031.385	-2.27285	2.38879	-2.86341	-0.55256
6035.280	-2.35927	2.24527	-2.72491	-0.62388
6039.384	-2.84576	2.32271	-2.23452	-0.58890
6043.385	-3.17581	1.94178	-1.93479	-0.70153
6047.340	-3.12880	1.88948	-2.12367	-0.66756
6051.296	-2.84583	1.54304	-2.64185	-0.67137
