time (ms)	lx (deg)	ly (deg)	rx (deg)	ry (deg)
0.000	-1.44160	1.04319	-0.11369	-1.07281
3.997	-1.40450	1.03524	-0.10550	-1.22465
7.962	-1.26001	1.05735	-0.14106	-1.13528
11.996	-1.43967	0.45652	-0.19854	-1.08393
15.988	-1.59075	0.62645	-0.13027	-1.41487
19.997	-1.54262	0.41107	-0.16427	-1.41494
29.296	-1.49321	0.66389	-0.00844	-1.50906
34.315	-1.55601	0.76845	0.00764	-1.34399
35.976	-1.59291	0.58244	0.00884	-1.45426
39.950	-1.33458	0.65263	-0.07210	-1.48731
43.999	-1.34323	0.75934	0.03802	-1.42910
47.978	-1.50805	0.71107	0.04522	-1.28642
51.971	-1.52315	0.67622	0.08500	-1.33624
55.998	-1.63105	0.64003	0.05696	-1.33838
59.998	-1.66713	0.74859	0.08195	-1.30227
63.998	-1.58867	0.86356	0.24942	-1.04724
68.000	-1.63479	1.00263	0.55803	-0.84671
71.998	-1.78491	0.96793	0.45951	-0.88381
75.998	-2.13202	0.92682	0.31513	-0.75253
79.997	-2.04337	0.87193	-0.09029	-0.71907
83.999	-1.57801	1.11511	0.14556	-0.76965
88.000	-1.66093	1.02600	0.18688	-0.84734
92.001	-1.79981	0.93567	0.06991	-0.80563
95.999	-2.77824	1.40597	0.04725	-0.89797
100.001	0.98700	-1.96751	0.30687	-0.73141
104.000	0.03030	-2.29568	0.61625	-0.41483
107.999	-0.15553	-2.59594	-0.03065	-0.40163
111.999	-1.09457	-3.02567	-0.10957	-0.10427
116.002	-1.72510	-3.63320	-0.08445	-0.60789
120.002	-1.70474	-3.63567	-0.01492	-0.30748
123.999	-3.21453	1.45802	-0.16141	-0.32338
128.002	0.57456	-4.37524	-0.25567	-0.28678
131.971	0.53550	-4.59820	0.79399	-0.34216
136.000	0.06708	-4.76499	0.85478	-0.25110
140.003	-0.27969	-4.74223	0.14546	-0.11177
143.956	-1.25436	-4.68285	-0.26185	-0.15466
147.997	-1.27515	-4.65863	-0.21187	-0.28221
151.973	-1.88601	-4.86250	-0.38459	-0.33036
155.999	-2.04597	-4.77588	-0.30153	-0.46859
160.002	0.83488	-4.90375	-0.05921	-0.46390
164.002	0.21514	-4.86484	-0.30565	-0.45410
168.003	0.08500	-4.82944	0.54357	-0.81210
171.988	-0.85605	-4.85114	-0.05353	-0.79286
175.992	-1.43580	-4.69694	-0.15397	-0.54455
179.998	-1.79953	0.87489	-0.20259	-0.56694
184.004	-1.93990	2.18719	-0.19829	-0.75718
188.002	-1.85244	1.83164	-0.06301	-0.96403
192.002	-2.18548	1.68195	-0.20750	-0.92127
196.003	-1.50219	1.04533	-0.08996	-0.74364
200.002	-1.64020	0.87774	0.38995	-0.80049
204.004	-1.64826	1.30608	0.31709	-0.92673
207.957	-1.84262	0.54616	0.11773	-0.67465
211.901	-2.11695	0.43845	-0.14379	-0.80163
215.972	-2.63314	0.12086	-0.13302	-1.01826
220.006	-2.16939	0.55521	-0.12158	-1.03287
224.002	-1.83442	0.84689	-0.31426	-1.09995
228.002	-1.77620	0.87264	-0.56860	-1.14010
232.001	-1.70219	0.77287	-0.40551	-1.15997
236.001	-1.70080	0.65694	-0.43167	-0.82350
240.002	-1.75183	0.63423	-0.55394	-1.02154
244.005	-1.76921	0.51019	-0.58622	-1.02486
248.005	-1.90886	0.35469	-0.56220	-1.19114
251.999	-2.03915	0.16949	-0.64953	-1.06084
255.981	-3.57505	0.59502	-0.57900	-1.34236
259.893	-4.17351	0.58774	-0.53031	-1.56382
264.002	-4.39772	0.26220	-0.49642	-1.83300
267.959	-3.77466	-4.05290	-0.41035	-1.49442
272.004	-3.25179	-4.33534	-0.34955	-1.68401
275.901	-3.43754	-4.65123	-0.33302	-1.78798
280.003	-3.58217	-4.98419	-0.25093	-1.30131
284.004	-4.12258	0.04774	-0.20246	-1.31831
288.004	-3.14098	0.38832	-0.19819	-1.11238
292.006	-2.76433	0.48115	-0.31101	-1.00498
296.003	-2.94218	0.52448	-0.24088	-1.21741
299.996	-2.59425	0.40234	-0.29012	-1.12235
304.004	-2.64599	0.03924	-0.27587	-1.35697
308.005	-2.60401	0.01591	-0.26011	-1.40512
312.004	-2.49421	-0.10015	-0.22646	-1.54968
316.005	-2.98010	0.13961	-0.21614	-1.56073
320.009	-3.04744	0.13802	-0.09061	-1.57730
324.008	-2.73618	0.03100	0.02869	-1.66361
328.015	-2.64453	-0.13064	-0.13588	-0.98187
332.006	-6.40104	-4.38249	0.00896	-1.58661
336.005	-5.50670	-4.34236	-0.09709	-1.24698
339.901	-2.45250	-0.27485	-0.00807	-1.56195
343.960	-2.29183	-0.35657	-0.02502	-1.60414
348.005	-2.03437	-0.18712	-0.11074	-0.96403
352.005	-2.51121	-0.17872	-0.23512	-1.05698
355.898	-2.64532	-0.11401	-0.29746	0.01792
360.005	-2.48805	-0.21407	-0.28830	-0.50720
364.004	-3.10379	-4.72235	-0.08073	-0.37161
368.004	-2.97705	-5.01401	0.02891	-0.59594
372.007	-3.14810	-5.16586	0.29173	-0.60915
376.007	-3.09094	-5.51715	0.66017	-0.73137
379.994	-2.95693	-5.58642	0.80295	-0.91751
384.007	-3.00497	-5.77695	1.04007	-0.95438
388.008	-2.64918	-5.78694	0.69176	-0.99312
392.006	-3.05677	-6.24351	1.00010	-1.11102
396.004	-3.18494	0.09976	0.95681	-1.38190
400.008	-3.10007	0.17146	1.07999	-1.30229
404.009	-2.47945	-2.65264	0.82007	-1.46280
408.008	-1.83930	-2.93230	0.89562	-1.67914
412.006	-1.98120	-4.07760	0.85471	-1.32403
416.008	-1.56756	-4.34197	0.96872	-1.52526
419.905	-4.76295	-4.69313	0.49510	-1.41171
423.972	-3.22641	-2.25385	0.34836	-1.50680
428.007	-3.66142	-0.06301	0.15620	-1.62524
432.006	-3.17527	-0.19097	0.17397	-1.89752
435.902	-1.77481	0.14987	0.05269	-2.04486
440.007	-1.50690	-0.40919	-0.03157	-2.66253
443.962	-1.77216	-0.09672	-0.22753	-1.35089
448.008	-1.48823	-0.17816	-0.11642	-1.35430
452.007	-3.47070	-4.37450	-0.06778	-1.17378
455.962	-3.27423	-4.65693	-0.02916	-1.24845
460.009	-3.21362	-4.95740	0.03946	-1.41882
464.007	-3.25713	-0.43894	0.16079	-2.01840
468.008	-3.24424	-0.66526	0.13603	-2.12566
472.008	-3.24941	-1.38032	0.30017	-1.97251
476.008	-3.37638	-2.38959	0.53801	-2.14351
480.008	-3.25886	-3.19872	0.35122	-2.15969
484.008	-3.02957	-3.03771	0.45795	-2.32691
488.008	-3.29191	-0.82204	0.43852	-2.29315
492.010	-3.23526	-1.07748	0.55123	-1.99816
496.011	-3.13034	-0.99576	0.47922	-1.88722
500.012	-2.95507	-1.10956	0.27408	-1.98446
504.011	-2.70825	-1.16833	0.24582	-1.87175
508.010	-3.02373	-0.83242	0.20805	-1.86545
512.010	-2.96980	-0.62866	0.00635	-1.79583
516.011	-2.47566	-1.11504	-0.04033	-1.77411
519.964	-1.96437	-1.04994	-0.11371	-1.66946
524.013	-1.63626	-1.14617	-0.02440	-1.68518
528.010	-1.56258	-1.02049	0.06547	-1.68312
532.011	-1.36531	-0.90231	0.13220	-1.68545
536.010	-1.07929	-0.97529	0.12950	-1.65675
540.011	-1.13164	-0.71749	0.38569	-1.68276
543.973	-0.99137	-0.68344	0.66270	-1.65654
547.877	-1.08532	-0.72364	0.82066	-1.71155
551.885	-1.14451	-0.68279	1.05193	-1.77046
555.879	-1.12936	-0.58809	0.89838	-1.81013
559.883	-1.23243	-0.59878	0.37080	-1.80947
563.875	-1.50142	-0.63930	0.33109	-1.80519
567.885	-1.77762	-0.72551	0.36921	-1.88727
571.885	-2.51091	-0.69103	0.31248	-1.85317
575.886	-2.03107	-0.71653	0.14275	-1.86464
579.907	-2.22436	-0.56748	0.16414	-2.03478
583.887	-2.27060	-0.54800	-0.10160	-2.01543
587.887	-2.09304	-0.47230	-0.07272	-2.10705
591.888	-1.92701	-0.14682	-0.14394	-2.09538
595.874	-2.11965	-0.13382	-0.19338	-2.09319
599.888	-2.03030	-0.35082	-0.21782	-2.20188
603.886	-1.91985	-0.23653	-0.24661	-2.26628
607.888	-2.09331	-0.59000	-0.25914	-2.30010
611.906	-1.93031	-0.43602	-0.20633	-2.11208
615.886	-2.03950	-0.38149	-0.28664	-2.21482
619.886	-2.22027	-0.21583	-0.19214	-2.30045
623.889	-2.13185	-0.11510	-0.20519	-2.31454
627.909	-2.08359	-0.06628	-0.24314	-2.18803
631.888	-1.98559	0.12800	-0.31215	-2.21040
635.887	-2.07008	0.14709	-0.34571	-2.18927
639.888	-2.01218	0.48765	-0.04360	-2.21685
643.873	-1.99672	0.25013	-0.02998	-2.18043
647.887	-1.59685	0.30470	0.12190	-2.21164
651.887	-1.28670	0.49714	0.01055	-2.18395
655.888	-1.36759	0.52381	0.04470	-2.18460
659.906	-1.34817	0.56562	0.03154	-2.14291
663.888	-0.89339	0.43631	0.04425	-2.04452
667.887	-1.11177	-0.04576	0.03058	-2.11815
671.888	-1.24223	0.16600	-0.05336	-2.03506
675.899	-1.29080	0.17966	0.06316	-2.06968
679.888	-1.19760	0.16695	0.08426	-1.96184
683.888	-1.45770	0.24247	0.04487	-2.09971
687.889	-1.64625	0.12904	0.09793	-2.09025
691.908	-1.63202	0.19608	0.04288	-1.99803
695.888	-1.80110	0.23011	-0.00194	-1.99170
699.891	-1.94389	0.09164	-0.00226	-2.00468
703.888	-2.20466	0.18481	-0.06656	-1.98016
707.910	-2.40094	0.28958	-0.02678	-1.95184
711.894	-2.65570	0.16497	-0.02514	-1.86536
715.886	-2.44177	0.30983	0.03750	-1.87844
719.858	-2.59289	0.24717	0.25192	-1.82570
723.878	-2.16109	0.31868	0.36357	-1.89191
727.889	-2.11807	0.18036	0.37070	-2.02722
731.887	-1.78681	0.76057	0.49867	-2.06342
735.890	-1.50018	0.82972	0.55580	-1.88349
739.906	-1.70814	0.49273	0.08748	-1.66562
743.890	-1.62066	0.46205	0.08091	-1.79953
747.889	-1.52771	0.21663	0.11935	-1.83113
751.891	-1.37134	0.50483	0.21887	-2.05490
755.916	-2.13514	0.53566	-0.22348	-1.61416
759.868	-2.33911	0.57409	-0.83848	-1.67626
763.886	-1.97632	0.59720	-0.09848	-1.51097
767.849	-2.31143	0.62331	0.21547	-1.91892
771.908	-1.88388	0.71789	-0.50158	-1.75858
775.889	-2.24089	0.71711	-0.09053	-1.99877
779.889	-1.91938	0.53461	-0.34903	-1.43787
783.889	-2.33021	0.33809	-0.10865	-1.29293
787.910	-1.87126	1.47676	-0.13431	-1.36930
791.889	-1.82363	1.08093	0.10426	-1.81936
795.892	-1.91080	0.54197	0.67990	-2.07678
799.892	-1.92929	-0.26794	0.33585	-1.11872
803.846	-1.18659	0.41801	0.48416	-1.77591
807.891	-1.69874	0.99072	0.35732	-1.57697
811.889	-1.68530	1.09678	0.34099	-1.76527
815.891	-1.99357	0.47335	0.49319	-1.80502
819.846	-1.80953	0.52541	0.76496	-1.53942
823.894	-1.69458	0.32858	0.84307	-1.89087
827.893	-1.28075	0.99228	0.83970	-1.77633
831.845	-1.27078	0.83606	0.92478	-1.64735
835.883	-1.51749	0.79052	0.92996	-1.80463
839.891	-1.42826	0.70539	0.87322	-1.77639
843.868	-1.69797	0.73525	0.74853	-1.64452
847.892	-1.85239	0.77164	0.77699	-1.80825
851.912	-1.92818	0.65249	0.68474	-1.89171
855.892	-2.07266	0.73064	0.83218	-1.89215
859.892	-2.01023	0.77839	0.83322	-1.87055
863.891	-1.93938	0.76708	0.94328	-2.03548
867.893	-1.85693	0.76039	0.91408	-1.87483
871.892	-1.94897	0.68638	0.90646	-1.92797
875.846	-1.76217	0.78198	0.80037	-1.73727
879.892	-1.75481	0.71116	0.73970	-1.42667
883.893	-1.67876	0.99235	0.67186	-1.44634
887.881	-1.61138	0.96159	0.63551	-1.73478
891.892	-1.50383	1.06385	-0.77022	-1.24049
895.893	-1.52337	1.03017	-0.21949	-1.27263
899.920	-1.51975	1.15482	-0.25167	-1.45342
903.891	-1.64288	1.10763	0.40385	-1.26774
907.892	-2.00869	1.21241	0.47602	-1.33963
911.893	-2.15470	1.16978	0.29327	-1.63223
915.894	-2.36728	1.19184	0.25326	-1.92417
919.892	-1.63645	1.14162	0.48254	-1.72708
923.898	-2.31458	1.10314	0.39057	-1.91670
927.864	-2.40047	1.00516	0.65553	-1.64815
931.887	-2.27659	0.76550	1.05840	-1.68072
935.894	-2.55069	0.95109	0.76444	-1.27936
939.893	-2.61746	1.04241	0.74588	-1.49369
943.893	-2.29339	0.87504	0.56575	-1.53598
947.882	-2.35690	0.83297	0.51518	-1.22562
951.894	-1.91943	1.20989	0.30074	-1.15387
955.894	-1.86446	0.99726	0.24490	-1.30876
959.894	-1.82123	1.18533	0.06981	-1.31508
963.895	-1.74682	1.43313	-0.18464	-1.12147
967.884	-1.65800	1.43637	-0.36571	-1.15675
971.897	-1.80370	1.38471	-0.29555	-1.33489
975.893	-1.91112	1.43285	-0.39539	-1.36549
979.885	-1.97770	1.49097	-0.52982	-1.40197
983.893	-2.02626	1.62686	-0.53850	-1.54865
987.893	-1.18039	2.58670	-0.31126	-1.19945
991.894	-1.68917	1.71842	1.20646	-0.91929
995.895	-1.45537	1.21425	2.42688	-1.54463
999.890	-3.87811	1.76368	1.14885	-1.32068
1003.896	-2.47018	2.78466	2.27221	-0.84457
1007.893	-3.87742	1.15786	1.52620	2.93686
1011.885	NaN	NaN	NaN	NaN
1015.895	NaN	NaN	NaN	NaN
1019.895	NaN	NaN	NaN	NaN
1023.898	NaN	NaN	NaN	NaN
1027.848	NaN	NaN	NaN	NaN
1031.894	NaN	NaN	NaN	NaN
1035.894	NaN	NaN	NaN	NaN
1039.895	NaN	NaN	NaN	NaN
1043.850	NaN	NaN	NaN	NaN
1047.894	NaN	NaN	NaN	NaN
1051.894	NaN	NaN	NaN	NaN
1055.894	NaN	NaN	NaN	NaN
1059.895	NaN	NaN	NaN	NaN
1063.851	NaN	NaN	NaN	NaN
1067.895	NaN	NaN	NaN	NaN
1071.897	NaN	NaN	NaN	NaN
1075.897	NaN	NaN	NaN	NaN
1079.894	NaN	NaN	NaN	NaN
1083.898	NaN	NaN	NaN	NaN
1087.897	-11.22028	4.48389	-10.53727	10.73335
1091.886	-9.08077	3.67060	-10.58428	4.66164
1095.887	-10.24778	-0.32820	-10.95846	7.95163
1099.898	-8.81753	-0.68683	-10.43767	2.92729
1103.897	-9.17464	0.88911	-9.74574	0.28894
1107.902	-8.66632	-0.34158	-10.33925	1.52454
1111.897	-8.75514	0.44801	-10.07177	0.42350
1115.897	-8.64446	0.09330	-9.75743	0.61917
1119.897	-10.34554	0.19559	-7.25880	0.33201
1123.898	-8.39472	-0.32353	-9.66050	0.82570
1127.898	-8.59747	0.23432	-7.25365	0.55225
1131.897	-6.62701	0.23989	-5.49871	0.22546
1135.869	-6.69179	0.51745	-7.27426	0.15763
1139.858	-7.07231	0.51018	-7.41097	0.15679
1143.853	-6.95037	0.65783	-7.11750	-0.07565
1147.898	-6.31083	0.49606	-7.21337	-0.22816
1151.852	-7.06278	0.43370	-7.16307	-0.17845
1155.895	-7.69858	0.34889	-7.20788	-0.39205
1159.900	-7.66451	0.51371	-7.20507	-0.11720
1163.898	-7.70209	0.43905	-7.20133	-0.24500
1167.899	-7.57149	0.54850	-7.19124	-0.32668
1171.901	-7.48353	0.51959	-7.13624	-0.46622
1175.881	-7.76123	0.52671	-7.04645	-0.71616
1179.894	-7.51064	0.42183	-6.97428	-1.13209
1183.899	-7.72366	0.52693	-6.85481	-0.87229
1187.900	-7.83193	0.41777	-6.85801	-1.20275
1191.899	-7.81067	0.32445	-6.75519	-1.28613
1195.900	-7.85519	0.35168	-6.82359	-1.37095
1199.899	-7.85989	0.35244	-6.74956	-1.45146
1203.856	-7.85473	0.27806	-6.74680	-1.42989
1207.900	-7.86556	0.27089	-6.69003	-1.41947
1211.901	-7.85558	0.13625	-6.71366	-1.33703
1215.900	-7.90913	0.11836	-6.72780	-1.35682
1219.799	-7.84671	0.07112	-6.98944	-1.15942
1223.899	-7.95107	-0.00684	-7.35476	-1.14408
1227.900	-7.95061	-0.02188	-6.94736	-1.16438
1231.898	-7.94808	-0.05951	-7.08243	-1.09177
1235.889	-8.05402	-0.08562	-7.21987	-1.25607
1239.899	-8.04297	-0.09369	-7.12764	-1.20859
1243.899	-8.19815	-0.00986	-7.16906	-1.08316
1247.899	-8.28225	0.03167	-7.20624	-1.03965
1251.902	-8.22650	0.24783	-7.18267	-1.08118
1255.896	-8.23780	0.23747	-7.13441	-1.04679
1259.878	-8.45890	0.38573	-7.14985	-1.24118
1263.903	-8.39773	0.39174	-7.11684	-1.21776
1267.855	-8.39693	0.58967	-7.07065	-1.27544
1271.902	-8.40074	0.55390	-7.07102	-1.40448
1275.902	-8.41128	-0.02628	-7.09477	-1.40525
1279.902	-8.44718	0.08001	-7.06574	-1.36423
1283.903	-8.43499	-0.40727	-7.12447	-1.44380
1287.901	-8.34786	-0.82387	-7.12158	-1.48658
1291.901	-8.30553	-0.92524	-6.97431	-1.49504
1295.904	-8.30750	-1.24661	-6.96140	-1.59503
1299.858	-8.25394	-1.20519	-6.77810	-1.56251
1303.902	-8.21660	-1.17074	-6.89906	-1.61316
1307.901	-8.14127	-1.18790	-6.77293	-1.58139
1311.901	-8.11362	-1.14871	-6.68886	-1.56255
1315.799	-8.09401	-1.28967	-6.72910	-1.48849
1319.902	-7.98654	-1.07705	-6.68741	-1.44138
1323.903	-7.97583	-1.23030	-6.58984	-1.41905
1327.901	-7.91682	-1.30917	-6.58677	-1.33678
1331.797	-8.03862	-1.34427	-6.56054	-1.19423
1335.902	-8.04192	-1.27127	-6.60796	-1.20117
1339.903	-8.00506	-1.13519	-6.57367	-1.17574
1343.902	-8.23875	-1.13097	-6.65088	-1.21244
1347.798	-8.17116	-0.98980	-6.66677	-1.12914
1351.903	-8.23299	-0.87188	-6.77423	-1.27042
1355.901	-8.33384	-0.96558	-6.84854	-1.65731
1359.904	-8.36761	-0.86138	-6.86398	-1.48368
1363.800	-8.40934	-0.88053	-6.90026	-1.30236
1367.902	-8.22642	-0.68590	-6.88083	-1.46654
1371.904	-5.85107	-0.62212	-6.68979	-1.34343
1375.902	-5.14919	-0.03007	-4.47333	-1.33631
1379.905	-3.86158	0.84564	-2.52475	-0.28938
1383.885	-1.93995	1.31585	-1.95192	-0.44143
1387.897	-0.64067	0.99582	0.23845	0.62577
1391.904	1.78391	0.55877	0.79503	-1.20578
1395.798	2.06753	0.72057	2.64512	-0.76206
1399.906	3.92267	0.17408	3.34022	-1.29547
1403.904	3.98785	0.35463	3.06199	-0.87662
1407.906	3.83349	0.28349	3.22230	-0.75264
1411.800	3.43635	0.46292	3.21594	-0.57771
1415.905	3.48610	0.30451	3.25016	-0.43961
1419.904	3.56200	0.27794	3.59562	-0.59625
1423.905	3.41382	0.25021	3.62867	-0.65462
1427.807	2.68480	0.73464	4.00778	-0.74423
1431.905	2.74474	0.73827	3.99842	-0.78875
1435.904	3.01007	0.72875	3.83379	-0.56592
1439.859	3.31108	0.51038	3.91143	-0.62397
1443.926	3.23002	0.48435	4.10029	-0.67344
1447.905	3.24026	0.56742	4.32794	-0.74953
1451.904	3.26413	0.38324	3.98504	-0.59977
1455.906	3.33258	0.43419	3.85612	-0.68108
1459.770	3.36161	0.63641	3.91524	-0.76930
1463.857	3.31252	0.40361	3.97150	-0.88417
1467.883	3.22980	0.45532	4.05093	-1.18882
1471.905	3.31581	0.33609	3.81936	-0.89211
1475.802	3.42270	0.09235	3.82776	-0.88502
1479.907	3.38694	0.13487	4.07429	-1.07047
1483.906	3.42826	0.05603	4.26267	-1.04809
1487.906	3.46493	0.08855	4.39030	-1.36320
1491.906	3.48585	0.05573	4.33303	-1.66863
1495.906	3.49362	0.02121	4.51147	-1.48605
1499.905	3.51436	0.06292	4.50523	-1.37141
1503.908	3.52126	0.21568	4.53623	-1.34843
1507.804	3.40116	0.60840	4.43737	-1.07943
1511.898	3.33703	0.57027	4.30193	-1.19309
1515.907	3.36965	0.13437	4.41551	-1.48520
1519.905	3.19061	0.53617	4.25759	-1.26296
1523.909	3.14607	0.40286	4.17055	-1.49724
1527.912	2.92341	0.66973	2.98693	-1.43450
1531.918	2.88297	0.64223	3.10054	-1.28142
1535.906	2.91168	0.53914	3.19603	-1.31914
1539.804	2.97480	0.64483	4.06476	-1.34762
1543.904	2.89161	0.75726	3.98032	-1.34826
1547.908	2.84333	0.57870	4.17914	-1.47174
1551.907	2.85002	0.56629	4.20064	-1.53587
1555.802	2.98445	0.50389	4.07624	-1.58205
1559.908	3.15832	0.48034	4.20081	-1.67729
1563.907	3.32276	0.44300	4.26373	-1.57202
1567.782	3.56148	0.30671	4.35923	-1.53117
1571.803	3.16644	0.36653	4.53968	-1.38011
1575.782	3.30772	0.26135	4.67668	-1.64050
1579.743	3.56433	0.12063	4.61068	-1.65258
1583.784	3.01487	-0.14993	4.42967	-1.42441
1587.780	1.94047	-0.27115	4.04954	-1.58538
1591.783	1.32907	-3.76195	2.80080	-3.00145
1595.784	0.04606	-5.04630	2.95163	-4.57130
1599.776	0.47793	-7.11352	2.62662	-6.09185
1603.775	-0.86002	-7.74236	2.24175	-6.58702
1607.784	-0.74717	-10.73297	2.48047	-7.57223
1611.784	-1.04019	-10.71004	1.94692	-7.94102
1615.783	-2.54608	-12.73649	1.46482	-8.21754
1619.800	-2.92829	-11.98384	1.01017	-8.50935
1623.784	-2.71770	-12.54685	0.92964	-8.71979
1627.787	-2.90601	-12.62875	0.90880	-8.93256
1631.786	-2.81910	-12.47683	0.98229	-8.90781
1635.777	-2.99665	-12.67139	1.05731	-9.00836
1639.762	-2.87574	-12.59498	0.97817	-9.02564
1643.739	-2.64049	-12.50179	0.91497	-8.97144
1647.784	-2.88418	-12.74306	0.81808	-9.02036
1651.739	-2.94916	-12.81433	0.82468	-9.00842
1655.785	-2.86089	-12.72572	0.75521	-9.08926
1659.784	-2.86413	-12.85672	0.66012	-9.12447
1663.783	-2.78223	-12.74919	0.70121	-9.14515
1667.804	-2.86383	-12.76478	0.68749	-9.19492
1671.784	-2.75599	-12.71454	0.61161	-9.16738
1675.785	-2.66305	-12.65611	0.52902	-9.15072
1679.785	-2.75388	-12.80237	0.58265	-9.12620
1683.806	-2.76359	-12.82742	0.58245	-9.09469
1687.785	-2.70693	-12.94410	0.61980	-9.05479
1691.784	-2.66028	-12.86534	0.65533	-8.98452
1695.785	-2.68561	-12.84196	0.42691	-8.98817
1699.805	-2.66664	-12.71115	0.51590	-9.01361
1703.740	-2.68068	-12.55857	0.51406	-8.96811
1707.787	-2.65112	-12.11760	0.48870	-8.92071
1711.788	-2.64012	-12.77484	0.61277	-8.95045
1715.811	-2.60869	-12.63089	0.99836	-8.98106
1719.785	-2.59584	-12.21794	0.89527	-8.98489
1723.752	-2.57875	-12.60983	1.35276	-8.98103
1727.792	-2.55064	-12.62381	1.69488	-8.95779
1731.806	-2.61823	-12.61165	1.80276	-8.92592
1735.786	-2.58767	-12.45208	1.47032	-8.92365
1739.789	-2.56263	-12.40807	1.53252	-8.93668
1743.777	-2.70713	-12.41411	1.81084	-8.90969
1747.779	-2.72219	-12.33079	1.73576	-8.93218
1751.782	-2.70889	-12.19286	1.72607	-8.96015
1755.782	-2.85207	-12.29910	1.69205	-8.98521
1759.787	-3.08981	-12.19853	1.68565	-9.04192
1763.773	-3.21191	-12.28886	1.53595	-9.06631
1767.743	-3.42668	-12.30088	1.54507	-9.12738
1771.787	-3.41728	-12.25176	1.54309	-9.18905
1775.787	-3.48363	-12.25595	1.38853	-9.23762
1779.805	-3.52296	-12.19646	1.36940	-9.29052
1783.787	-4.06206	-12.24918	1.33877	-9.24967
1787.787	-3.79853	-12.26368	1.26790	-9.21577
1791.788	-4.03814	-12.32807	1.24635	-9.16414
1795.808	-4.23009	-12.38037	1.24382	-9.17967
1799.791	-4.08325	-12.21653	1.19465	-9.05740
1803.785	-4.21669	-12.30237	1.14536	-8.97826
1807.788	-4.19516	-12.36152	1.12787	-8.95752
1811.814	-4.28950	-12.37715	1.16250	-8.81016
1815.789	-4.25808	-12.30038	1.02838	-8.75294
1819.787	-4.11713	-12.43475	0.92703	-8.69836
1823.787	-3.82279	-11.71663	0.58091	-8.48862
1827.816	-1.66212	-10.08964	1.01260	-8.56372
1831.746	-0.59756	-9.20116	1.06369	-8.04295
1835.786	2.14406	-9.17015	2.26700	-7.92884
1839.790	3.83727	-7.64350	2.78201	-6.46081
1843.795	5.78013	-6.04516	6.21056	-5.35912
1847.763	6.03385	-4.73454	5.99897	-3.45396
1851.789	8.42236	-3.08105	8.21534	-4.71492
1855.789	9.14951	-2.90097	8.80830	-3.84694
1859.745	9.94611	-2.39971	9.80626	-3.53690
1863.790	10.94655	-2.00101	10.50661	-3.05552
1867.790	10.87326	-1.77500	10.79152	-2.47497
1871.789	11.56119	-1.66967	10.69932	-2.02341
1875.779	11.28209	-1.53157	11.07281	-1.70948
1879.789	11.64211	-1.42053	11.19308	-1.60828
1883.790	11.70742	-1.36196	11.53791	-2.04832
1887.789	11.76067	-1.32007	11.39396	-1.76387
1891.808	11.77272	-1.33871	11.79263	-1.80449
1895.791	11.75251	-1.30557	11.57034	-1.78962
1899.744	11.45345	-1.25522	11.60485	-1.90312
1903.790	11.61870	-1.26399	11.44387	-1.94075
1907.779	11.58572	-1.25275	11.61213	-1.98656
1911.790	11.59732	-1.25219	11.66280	-1.90698
1915.791	11.59103	-1.30341	11.62928	-1.94273
1919.790	11.59511	-1.42946	11.54616	-2.05018
1923.788	11.62306	-1.36926	11.53622	-2.06696
1927.791	11.68710	-1.58017	11.42191	-2.08930
1931.758	11.51449	-1.50087	11.63440	-2.12926
1935.790	11.41068	-1.53594	11.58217	-2.08597
1939.811	11.48818	-1.60664	11.46926	-1.91139
1943.820	11.47913	-1.86162	11.37619	-1.89608
1947.793	11.47860	-1.62283	11.56019	-1.87295
1951.789	11.44606	-1.44538	11.59673	-1.87497
1955.781	11.33039	-1.31318	11.53839	-1.68973
1959.791	11.19798	-1.21691	11.60808	-1.91054
1963.795	11.14794	-1.12530	11.59044	-1.77932
1967.793	11.05352	-1.07607	11.61830	-1.70960
1971.722	11.04697	-1.00196	11.60878	-1.39973
1975.790	11.05350	-0.85662	11.58267	-1.50445
1979.791	10.91743	-0.71179	11.57767	-1.44740
1983.789	10.94390	-0.76617	11.57474	-1.46873
1987.812	10.89032	-0.61648	11.61032	-1.40381
1991.793	10.77308	-0.56969	11.59022	-1.26392
1995.788	10.76621	-0.48234	11.54532	-1.30126
1999.792	10.72201	-0.36417	11.53596	-1.41557
2003.790	10.66177	-0.43626	11.47951	-1.35287
2007.793	10.65141	-0.65695	11.46902	-1.22664
2011.790	10.68662	-0.48874	11.51454	-1.72257
2015.785	10.63267	-0.50998	11.48177	-1.69593
2020.356	10.62253	-0.64099	11.52155	-1.78000
2023.794	10.64568	-0.60546	11.48785	-1.71443
2027.794	10.65204	-0.60298	11.51590	-1.69305
2031.792	10.61461	-0.58459	11.53777	-1.97223
2035.789	10.62106	-0.47205	11.49619	-1.98021
2039.792	10.65446	-0.77922	11.48096	-2.07366
2043.793	10.63720	-0.81435	11.59630	-2.05147
2047.796	10.59524	-0.83625	11.68507	-2.15803
2051.783	10.59807	-0.87558	11.65668	-2.14289
2055.769	10.52715	-0.86073	11.72386	-2.15408
2059.794	10.49970	-0.90573	11.73773	-2.19600
2063.793	10.40348	-0.81326	11.72450	-2.18573
2067.784	10.43760	-0.88002	11.77841	-2.31574
2071.792	10.41962	-0.59395	11.79353	-2.46485
2075.794	10.36555	-0.24101	11.72367	-2.47783
2079.747	10.38572	0.32593	11.69417	-2.46112
2083.789	10.35930	0.33046	11.76666	-2.57546
2087.794	10.36663	0.23009	11.77613	-2.69794
2091.793	10.53176	0.47116	11.69033	-2.28455
2095.782	10.36021	0.43417	11.82076	-2.53658
2099.784	10.68341	-0.22096	11.95351	-2.37160
2103.794	10.58910	-0.25447	12.04101	-2.60074
2107.794	11.84344	0.00623	12.02231	-2.54569
2111.795	15.82240	1.92282	12.01324	-1.79999
2115.783	12.39599	0.58571	12.22559	1.39018
2119.795	17.00852	7.32535	16.81194	1.60031
2123.795	NaN	NaN	16.22634	1.50777
2127.795	NaN	NaN	16.39425	1.23006
2131.800	NaN	NaN	NaN	NaN
2135.795	NaN	NaN	NaN	NaN
2139.796	NaN	NaN	NaN	NaN
2143.793	NaN	NaN	NaN	NaN
2147.751	NaN	NaN	NaN	NaN
2151.791	NaN	NaN	NaN	NaN
2155.795	NaN	NaN	NaN	NaN
2159.795	NaN	NaN	NaN	NaN
2163.799	NaN	NaN	NaN	NaN
2167.795	NaN	NaN	NaN	NaN
2171.796	NaN	NaN	NaN	NaN
2175.819	NaN	NaN	NaN	NaN
2179.752	NaN	NaN	NaN	NaN
2183.797	NaN	NaN	17.88414	1.91474
2187.794	10.21637	3.04542	16.72070	2.11758
2191.795	15.67216	7.99408	10.93614	1.73928
2195.797	15.59218	6.97511	11.62571	3.01695
2199.796	17.26348	5.50671	11.10113	2.20293
2203.799	13.09508	4.12373	11.11282	1.78296
2207.752	13.12726	3.82094	10.73782	0.04849
2211.794	12.95612	3.22934	10.45339	0.02932
2215.799	10.74822	2.06844	10.45723	-0.74493
2219.794	10.95524	1.35521	10.02868	-0.70997
2223.788	10.91337	1.23083	10.29558	-0.41797
2227.791	10.97229	1.15167	10.52194	-0.44564
2231.803	10.92495	1.24980	10.49443	-0.07929
2235.799	10.88927	1.23224	10.16408	-0.33421
2239.799	10.85981	1.36062	10.10461	-0.17594
2243.694	10.81430	1.46325	9.88834	-0.07498
2247.801	10.81470	1.39285	9.95223	0.06520
2251.799	10.78187	1.52281	9.87020	0.13345
2255.801	10.77770	1.61332	10.02675	-0.15044
2259.693	10.70797	1.87191	10.05125	0.03411
2263.775	10.65508	1.91231	10.19370	0.10079
2267.800	10.60076	1.96567	10.50469	0.13199
2271.799	10.58332	2.00559	10.64446	0.13190
2275.694	10.56040	1.77207	10.93107	0.10564
2279.800	10.46904	1.81808	10.92509	0.17613
2283.754	10.41981	1.72146	10.63274	0.18073
2287.799	10.38267	1.66571	10.84226	0.16620
2291.787	10.37890	1.72486	10.90559	0.06769
2295.800	10.35102	1.60724	10.95973	0.00795
2299.799	10.39292	1.65562	11.00778	-0.00451
2303.787	10.35769	1.52484	10.99695	-0.12448
2307.696	10.31112	1.38021	11.03863	-0.24645
2311.798	10.32640	1.30122	11.06148	-0.49188
2315.799	9.83209	1.60134	11.05156	-0.71795
2319.798	9.68939	2.16706	11.03337	-0.83934
2323.700	9.58198	1.74147	10.90123	-0.46907
2327.800	9.61795	1.78512	10.94562	-0.46937
2331.803	9.44484	1.88987	10.92066	-0.54408
2335.801	9.52548	1.95866	10.73265	-0.27993
2339.791	9.50723	2.06022	10.77845	0.03498
2343.754	9.55562	2.15072	10.80788	0.05321
2347.800	9.57631	2.28180	10.94813	0.15668
2351.801	9.54406	2.29863	10.93105	0.18377
2355.700	9.45544	2.34912	10.85452	-0.01755
2359.800	9.51563	2.38683	10.74295	-0.03613
2363.800	9.51102	2.40875	10.67584	-0.00908
2367.800	9.51413	2.45299	10.74185	0.07400
2371.697	9.57643	2.50519	10.74340	-0.33905
2375.801	9.59824	2.60592	10.78475	-0.30779
2379.803	9.66434	2.66958	10.77354	-1.27578
2383.804	9.72067	2.72796	10.81741	-1.66101
2387.699	9.73504	2.66662	10.87101	-1.27569
2391.760	9.76298	2.58625	11.03026	-0.64160
2395.766	9.96516	2.55985	11.02428	-0.30720
2399.801	9.96788	2.46177	10.95636	0.38079
2403.698	9.94871	2.23761	10.97093	0.93954
2407.802	9.91507	2.33892	11.09996	1.01743
2411.801	9.95254	2.28898	11.18301	0.72719
2415.801	10.05712	2.38472	10.91023	0.86535
2419.694	10.00100	2.39752	10.82988	0.66754
2423.803	9.94777	2.39594	11.02220	0.40056
2427.800	9.97544	2.37753	11.01046	-0.34324
2431.797	9.85821	2.39722	10.26927	-0.17324
2435.804	9.89024	2.47780	10.53646	-0.24552
2439.803	9.78869	2.00851	10.38723	-0.52869
2443.801	9.72414	2.16019	10.34569	-0.59546
2447.804	9.71165	2.00842	10.16418	-0.18909
2451.699	9.67483	2.30664	10.24118	-0.32782
2455.825	9.70114	2.22446	10.22476	-0.51016
2459.803	9.68915	2.19470	10.24291	-0.54984
2463.806	9.77780	2.20400	10.31713	-0.67983
2467.701	9.83546	2.24855	10.45469	-0.80027
2471.804	9.85433	2.15572	10.49884	-0.71546
2475.803	9.83477	2.20514	10.36735	-0.99023
2479.804	9.90720	2.24200	10.64264	-0.78706
2483.699	9.93708	2.26724	10.77239	-0.54575
2487.805	9.93417	2.42135	10.96973	-0.53402
2491.805	9.96304	2.67719	10.77435	-0.28429
2495.799	9.95979	2.69810	10.66965	-0.41105
2499.704	9.94611	2.27074	10.74307	-0.46495
2503.801	10.02184	2.02048	10.64113	-0.48923
2507.804	10.04730	2.11208	10.74319	-0.57827
2511.788	10.02608	1.91504	10.71355	-0.52410
2515.712	9.95938	2.07443	10.56608	-0.37831
2519.759	9.96063	2.03519	10.95244	-1.76261
2523.804	9.99168	2.24191	10.78946	-0.87010
2527.805	10.28609	1.97784	10.69913	-0.77381
2531.700	10.26201	1.95784	10.60577	-0.88173
2535.807	10.10268	2.04026	10.56349	-0.66131
2539.804	10.18495	1.99706	10.56749	-0.62071
2543.805	10.16500	2.13510	10.51585	-0.68482
2547.805	10.48624	2.14402	10.46791	-0.56838
2551.806	10.35635	2.17416	10.60255	-0.59028
2555.769	10.02449	2.28119	10.70658	-0.25977
2559.803	9.99737	2.30896	10.08202	-0.08397
2563.701	7.16339	2.55505	7.52147	0.05770
2567.807	6.85008	4.25149	4.31144	2.04717
2571.804	3.71985	5.10343	1.69061	5.33124
2575.805	2.15148	6.53232	0.92758	5.06640
2579.807	0.54473	6.37614	-1.95269	5.29521
2583.803	-1.72240	6.65161	-2.08228	5.33408
2587.682	-2.61501	6.55432	-1.87193	5.40364
2591.807	-2.72612	6.65912	-2.12885	5.58629
2595.759	-2.75542	6.57065	-2.15380	5.55624
2599.670	-1.78672	6.62876	-2.17405	5.63714
2603.682	-1.39180	6.62870	-2.06877	5.48392
2607.681	-2.78676	6.64111	-2.20746	5.65088
2611.703	-2.30085	6.86034	-2.27454	5.83535
2615.680	-2.91953	6.95402	-2.34855	5.57776
2619.681	-3.38370	7.12313	-2.27136	5.72304
2623.681	-3.23136	7.21966	-2.30152	5.82802
2627.807	-3.68898	7.40213	-2.37711	6.18826
2631.681	-3.92835	7.35153	-2.11834	6.11536
2635.684	-3.92625	7.51486	-2.14525	6.09137
2639.683	-2.69534	7.59347	-2.14084	5.95319
2643.701	-3.02225	7.66937	-2.09269	6.05737
2647.636	-2.87448	7.58811	-2.07043	6.09188
2651.678	-2.79270	7.65231	-2.08545	6.57931
2655.681	-2.35125	7.65939	-1.87746	6.91379
2659.704	-2.03385	7.64036	-1.88583	7.03251
2663.684	-1.95815	7.65407	-1.70871	6.61406
2667.684	-2.06899	7.60955	-1.68843	6.61232
2671.681	-1.94860	7.61567	-1.64154	6.91598
2675.671	-1.90138	7.57410	-1.73351	6.96086
2679.686	-1.99223	7.54334	-1.62874	6.91984
2683.664	-1.95002	7.49854	-1.67665	7.03186
2687.678	-1.95899	7.49010	-1.62135	6.70480
2691.708	-1.89840	7.50279	-1.55140	6.90610
2695.684	-1.86932	7.50980	-1.57741	6.40121
2699.684	-1.89345	7.50438	-1.50440	5.94159
2703.684	-1.95200	7.52104	-1.60144	5.65013
2707.704	-1.96186	7.55385	-1.65170	5.86376
2711.681	-1.93120	7.51640	-1.58284	6.04120
2715.686	-1.97235	7.52073	-1.69274	6.04271
2719.685	-1.98881	7.65489	-1.59380	5.72406
2723.704	-1.98869	7.72588	-1.60925	6.06050
2727.648	-2.08528	7.77073	-1.64196	6.11827
2731.684	-2.12699	7.74541	-1.63752	6.57493
2735.685	-2.25684	7.74170	-1.65260	7.89745
2739.705	-2.73429	7.61123	-1.71950	8.17824
2743.685	-2.59859	7.87670	-1.51988	7.75672
2747.684	-3.43981	7.99489	0.84826	8.40866
2751.684	-6.33069	8.43114	-3.88764	11.33691
2755.674	NaN	NaN	NaN	NaN
2759.684	NaN	NaN	NaN	NaN
2763.685	NaN	NaN	NaN	NaN
2767.660	NaN	NaN	NaN	NaN
2771.684	NaN	NaN	NaN	NaN
2775.704	NaN	NaN	NaN	NaN
2779.640	NaN	NaN	NaN	NaN
2783.685	NaN	NaN	NaN	NaN
2787.685	NaN	NaN	NaN	NaN
2791.686	NaN	NaN	NaN	NaN
2795.640	NaN	NaN	NaN	NaN
2799.685	NaN	NaN	NaN	NaN
2803.685	NaN	NaN	NaN	NaN
2807.685	NaN	NaN	NaN	NaN
2811.680	NaN	NaN	NaN	NaN
2815.685	NaN	NaN	NaN	NaN
2819.686	NaN	NaN	NaN	NaN
2823.685	NaN	NaN	NaN	NaN
2827.642	NaN	NaN	NaN	NaN
2831.684	-13.26236	0.86501	-9.74463	-0.11993
2835.643	-6.87088	-0.80443	-9.09021	-3.64799
2839.687	-9.83539	-0.20133	-5.07040	-2.87139
2843.641	-6.71674	-0.93992	-8.49224	-3.12024
2847.689	0.34424	-2.95747	-5.62119	-3.49540
2851.654	-4.24828	-2.33297	-10.99350	-1.66780
2855.684	-7.47939	-1.23049	-6.02305	-3.05164
2859.684	-7.23015	-0.58873	-9.25161	-2.01880
2863.643	-8.65652	-0.47777	-5.82668	-2.72938
2867.686	-7.31482	0.11367	-6.30085	-2.73022
2871.685	-6.84590	-0.02063	-6.13449	-2.57139
2875.686	-6.72775	0.04913	-6.14933	-2.09516
2879.677	-6.60522	0.44443	-5.95550	-2.41930
2883.687	-6.79109	0.88321	-5.97413	-2.37785
2887.689	-6.55613	0.82519	-5.87968	-2.20905
2891.674	-6.66398	0.83994	-5.74613	-2.20269
2895.678	-6.46331	0.61116	-5.96215	-2.28912
2899.688	-6.64464	0.53909	-5.89500	-2.39627
2903.687	-6.57125	0.37517	-5.85507	-2.42761
2907.688	-6.49568	0.62341	-5.77281	-2.66333
2911.685	-6.44790	0.49435	-5.99141	-2.46123
2915.688	-6.60409	0.52411	-5.83387	-2.54160
2919.687	-6.83350	0.53296	-6.01189	-2.51076
2923.688	-6.86611	0.50022	-6.08814	-2.54163
2927.681	-6.91542	0.17608	-5.67420	-2.38701
2931.689	-6.53835	0.08695	-5.91776	-2.49975
2935.692	-6.47392	0.05946	-5.92424	-2.63509
2939.689	-6.47480	-0.13940	-5.88805	-2.82010
2943.685	-6.38494	0.03655	-5.90912	-2.85289
2947.691	-7.01328	-0.09915	-5.96529	-2.56788
2951.689	-7.24134	-0.06284	-5.88906	-2.80081
2955.685	-6.84546	-0.01715	-5.85546	-2.45482
2959.677	-7.31325	-0.07027	-5.94202	-2.85526
2963.690	-7.14673	-0.08930	-6.02291	-2.94081
2967.689	-6.63428	-0.10305	-6.10576	-3.09975
2971.689	-6.64702	-0.02977	-5.57889	-2.99078
2975.681	-6.40280	0.07134	-5.68399	-3.00183
2979.689	-6.35832	0.27791	-5.63210	-1.51953
2983.688	-6.35273	0.29774	-5.43012	-2.82910
2987.689	-6.38079	0.23589	-5.41049	-2.76485
2991.709	-6.43153	0.18974	-5.32761	-2.90087
2995.689	-6.69495	0.20615	-5.36186	-2.92988
2999.688	-7.06593	0.03743	-5.50832	-2.60800
3003.689	-6.58288	0.15177	-5.51533	-2.51609
3007.689	-6.33334	0.12252	-5.54422	-2.38643
3011.692	-6.37317	0.01627	-5.57171	-2.68353
3015.690	-6.39253	0.11715	-5.62829	-2.61228
3020.269	-6.41645	0.09648	-5.65201	-2.63937
3023.692	-6.75541	0.11963	-5.67946	-2.66905
3027.690	-6.63666	0.07400	-5.75136	-2.59401
3031.689	-6.86325	0.10774	-5.88780	-2.54009
3035.696	-6.75189	0.08217	-5.96542	-2.44997
3039.687	-6.71329	0.11703	-5.92896	-2.53547
3043.690	-6.61643	0.18236	-5.91590	-2.52894
3047.691	-6.57171	0.13651	-5.94801	-2.59924
3051.692	-6.62613	0.12023	-5.98258	-2.56358
3055.688	-6.63999	0.12887	-5.94855	-2.56456
3059.660	-6.68435	0.13039	-5.98371	-2.47823
3063.689	-6.79706	0.04673	-5.92203	-2.53710
3067.689	-6.73657	0.01979	-5.96171	-2.48724
3071.680	-6.68127	-0.01839	-5.95773	-2.46123
3075.690	-6.69106	-0.09642	-5.93956	-2.40990
3079.646	-6.69566	-0.01291	-6.03056	-2.46776
3083.692	-6.73028	-0.02542	-6.07729	-2.42892
3087.681	-6.70871	-0.04102	-6.14217	-2.45573
3091.691	-6.62662	-0.10293	-6.09170	-2.56982
3095.693	-6.74699	-0.03465	-6.19169	-2.79235
3099.673	-6.70492	0.04015	-6.21475	-2.77865
3103.688	-6.61173	0.14973	-6.14884	-2.36304
3107.692	-6.48548	0.27989	-6.16005	-2.87791
3111.691	-5.16049	3.02427	-6.05982	-2.52415
3115.693	-1.65649	2.70792	-3.58311	-1.67495
3119.693	-0.34667	4.22577	-0.65151	1.53613
3123.694	1.23431	4.72172	-0.25483	0.32365
3127.647	2.42237	5.46892	1.79118	2.66919
3131.694	2.44846	5.46372	1.90589	3.17048
3135.697	3.03999	6.12085	3.21198	3.54041
3139.694	3.05699	6.13773	4.05841	3.69248
3143.656	3.30883	6.52378	3.99398	3.37933
3147.648	3.48832	6.78514	3.91203	3.43808
3151.683	3.46100	6.13460	3.87099	2.40143
3155.693	3.57728	6.11530	3.43133	2.47099
3159.694	3.05157	6.33842	1.92971	2.43458
3163.694	3.35689	6.11495	2.22384	2.40803
3167.694	3.48867	5.83887	2.76265	2.29715
3171.692	3.24983	6.08524	3.03992	2.32765
3175.692	3.43504	5.97840	3.25471	2.81369
3179.694	3.32182	5.74990	3.48625	2.85437
3183.674	3.43054	5.84020	3.00769	2.75717
3187.692	3.48786	5.85812	2.96839	2.79403
3191.692	3.32068	5.76357	3.82420	3.12360
3195.693	3.29602	5.84484	3.66318	2.52517
3199.693	3.27947	5.80150	3.78511	2.76999
3203.693	3.30732	5.74429	4.45209	2.92369
3207.695	3.39935	5.71109	3.97039	3.00837
3211.697	3.55310	5.80251	3.25407	3.28583
3215.687	3.52395	5.95264	3.08416	3.71747
3219.695	3.65176	6.06481	3.17720	4.30270
3223.682	3.53409	6.11453	3.41953	4.28710
3227.686	3.16208	6.26385	3.53164	4.13313
3231.685	2.82182	6.36486	3.29946	4.32152
3235.695	2.64319	6.06791	3.35674	4.71172
3239.697	3.05895	5.69027	3.37198	4.77136
3243.695	2.99096	5.51415	3.22898	4.81925
3247.697	3.20639	5.66758	3.39179	4.85913
3251.696	3.22762	5.58434	3.25164	4.86939
3255.696	3.19234	5.51372	3.23902	4.76710
3259.696	3.31920	5.39823	2.99146	4.77265
3263.688	3.27425	5.45753	3.32347	4.75007
3267.676	3.25904	5.43430	2.94267	4.68731
3271.695	3.45850	5.41262	2.72989	4.62090
3275.694	3.45846	5.37164	2.94483	4.56217
3279.697	3.48600	5.35058	3.01997	4.49972
3283.696	3.35966	5.43769	3.00918	4.52541
3287.695	3.43731	5.46962	2.92770	4.23341
3291.695	3.39975	5.47485	2.84224	4.21867
3295.697	3.36864	5.48712	2.87227	4.13499
3299.695	3.30490	5.49342	2.91520	4.04978
3303.696	3.29124	5.23152	2.94022	3.96019
3307.695	3.24637	4.87176	2.94832	3.88004
3311.698	3.27737	4.91249	2.98465	3.71707
3315.696	3.25295	4.61673	3.30077	3.73919
3319.697	3.21354	4.86637	3.56257	3.77684
3323.696	3.21777	4.82549	3.77955	3.76541
3327.698	3.26319	4.79620	4.03989	3.75171
3331.697	3.28236	4.90102	4.03016	3.77095
3335.698	3.32508	4.86182	4.22246	3.88439
3339.702	3.37447	4.84798	4.32020	3.90906
3343.653	3.25394	4.91847	4.42881	4.02576
3347.698	3.16567	5.11904	4.35371	4.19028
3351.693	3.44446	5.18350	4.40873	5.17248
3355.697	3.40296	5.30329	4.31383	3.84992
3359.699	3.22544	5.64195	4.26232	2.90888
3363.698	2.14357	6.58286	2.25328	4.44150
3367.697	0.14709	6.78990	-2.05026	5.73363
3371.699	-2.17125	6.83854	-3.32216	8.17288
3375.706	-4.53273	7.67113	-6.69082	8.84859
3379.699	-6.94288	8.48885	-7.43505	8.28022
3383.697	-6.92127	8.69423	-8.23199	8.19478
3387.698	-9.33993	8.78703	-9.19633	8.24921
3391.698	-9.48990	8.99632	-9.69904	9.09447
3395.652	-9.52195	9.31504	-10.51040	9.48820
3399.652	-9.59677	9.34504	-10.74424	9.71256
3403.699	-9.64644	9.50260	-9.93843	10.03915
3407.595	-9.69583	9.51066	-10.12161	10.20336
3411.699	-9.76172	9.54419	-9.73995	9.20118
3415.700	-9.84269	9.60525	-9.98396	9.24444
3419.699	-9.92926	9.60087	-9.68274	10.00940
3423.699	-10.13636	9.45366	-10.04386	10.26053
3427.699	-10.09845	9.51662	-9.83754	10.30913
3431.685	-10.13450	9.53477	-9.94452	9.64482
3435.687	-10.13854	9.62788	-9.93480	9.27924
3439.597	-10.14744	9.50796	-9.81344	9.27125
3443.701	-10.22579	9.35505	-9.82616	10.20001
3447.701	-10.25384	9.38701	-9.77050	10.30619
3451.699	-10.16024	9.35744	-9.71083	10.19726
3455.701	-10.02709	9.10201	-9.65372	10.17093
3459.700	-9.97243	9.09664	-9.35010	9.89253
3463.700	-10.05086	9.00311	-9.41714	10.31662
3467.703	-10.02552	8.88386	-9.37044	10.21362
3471.702	-10.06686	8.70097	-9.42303	10.29146
3475.665	-10.06465	8.72824	-9.30288	10.30629
3479.716	-10.16156	8.69431	-9.28410	10.27746
3483.699	-10.09797	8.61398	-9.31015	10.19633
3487.597	-10.24959	8.47041	-9.35604	10.08232
3491.698	-10.09152	8.55102	-9.43291	9.64735
3495.701	-10.09489	8.42965	-9.32190	10.15157
3499.701	-9.95743	8.63371	-9.24951	10.01849
3503.596	-9.91165	8.61226	-9.27015	10.02999
3507.701	-9.94159	8.63663	-9.38458	9.96628
3511.702	-10.06600	8.57774	-8.97281	9.94767
3515.682	-9.93961	8.64518	-9.17118	9.86046
3519.604	-10.08019	8.70808	-9.12805	9.92459
3523.702	-10.03027	8.64360	-9.16131	9.71756
3527.700	-10.11959	8.79922	-9.31600	9.76339
3531.701	-10.16439	9.41239	-9.36061	9.52723
3535.598	-10.00784	10.15285	-9.40583	9.39212
3539.705	-10.06140	9.69965	-9.50817	9.67440
3543.702	-10.19185	9.38226	-9.49494	9.72349
3547.702	-9.84339	9.30392	-9.62864	9.55796
3551.706	-9.99462	9.19998	-9.21894	9.50167
3555.701	-9.92028	9.37789	-9.39081	9.15917
3559.698	-10.04434	9.56090	-8.76253	8.97018
3563.702	-9.97467	9.46934	-9.05921	8.90573
3567.704	-10.14054	9.40286	-9.14365	8.30390
3571.701	-10.05375	9.37937	-9.04243	8.27682
3575.702	-9.97399	9.28315	-9.34283	8.43799
3579.662	-10.12763	9.07527	-9.34780	8.75211
3583.704	-10.10648	9.05193	-9.44940	10.15675
3587.702	-9.96935	9.35301	-9.31313	11.42708
3591.703	-10.05334	9.17059	-9.37264	8.40181
3595.704	-10.02668	9.17317	-9.42772	8.68059
3599.704	-10.39218	9.28338	-9.22209	9.14786
3603.702	-10.22798	9.33091	-9.38810	11.73778
3607.703	-10.51072	9.20409	-9.88697	13.59268
3611.704	-11.15448	9.48804	NaN	NaN
3615.598	-11.04477	10.91278	NaN	NaN
3619.579	-11.52724	9.80299	NaN	NaN
3623.576	NaN	NaN	NaN	NaN
3627.576	NaN	NaN	NaN	NaN
3631.578	NaN	NaN	NaN	NaN
3635.578	NaN	NaN	NaN	NaN
3639.583	NaN	NaN	NaN	NaN
3643.594	NaN	NaN	NaN	NaN
3647.542	NaN	NaN	NaN	NaN
3651.576	NaN	NaN	NaN	NaN
3655.580	NaN	NaN	NaN	NaN
3659.579	NaN	NaN	NaN	NaN
3663.581	NaN	NaN	NaN	NaN
3667.579	NaN	NaN	NaN	NaN
3671.538	NaN	NaN	NaN	NaN
3675.581	NaN	NaN	NaN	NaN
3679.580	NaN	NaN	NaN	NaN
3683.603	NaN	NaN	NaN	NaN
3687.537	NaN	NaN	NaN	NaN
3691.575	NaN	NaN	NaN	NaN
3695.581	NaN	NaN	NaN	NaN
3699.580	-9.90272	9.24930	NaN	NaN
3703.602	-12.97754	8.66296	NaN	NaN
3707.578	-10.49260	5.94662	NaN	NaN
3711.581	-10.77835	4.54893	NaN	NaN
3715.581	-10.89298	6.36917	-12.95577	14.55807
3719.570	-10.63957	8.28238	-12.21108	7.14212
3723.584	-10.88053	8.31691	-11.12271	8.23052
3727.572	-10.48058	8.47741	-11.36706	8.87831
3731.570	-10.63329	8.34477	-10.26473	6.44008
3735.579	-10.18695	7.96404	-10.87319	4.98040
3739.587	-10.10713	7.67941	-11.33960	10.20143
3743.581	-10.54200	7.87149	-11.60461	10.39781
3747.579	-10.46762	7.95956	-11.74002	10.85136
3751.602	-10.38053	7.72381	-11.13635	11.35462
3755.581	-10.40929	7.50629	-11.55719	10.73000
3759.580	-10.28364	7.17876	-11.10770	10.77334
3763.583	-10.63226	7.43370	-10.38649	11.85804
3767.603	-10.71638	7.20660	-10.62523	10.30850
3771.584	-11.13910	7.03313	-10.52583	7.33355
3775.579	-10.62010	7.15539	-10.33966	7.61140
3779.581	-10.35075	7.40683	-11.21995	7.92701
3783.604	-10.34247	7.48846	-11.42256	7.74001
3787.582	-10.48113	7.57380	-11.42210	7.48773
3791.581	-10.54893	7.55632	-10.14626	6.64885
3795.582	-10.57891	7.27862	-10.41479	6.83704
3799.601	-10.68731	7.13409	-9.03631	6.89584
3803.582	-10.60879	6.90578	-10.18945	6.56052
3807.582	-10.63147	6.97636	-10.14189	6.60156
3811.572	-10.45010	7.09739	-10.03864	6.10167
3815.603	-10.46445	7.28876	-10.01039	6.25567
3819.585	-10.43301	7.34566	-10.16336	5.67109
3823.582	-10.47053	7.38597	-9.93022	6.19921
3827.583	-10.52362	7.41619	-9.85329	6.20048
3831.602	-10.59493	7.55776	-9.90956	6.25763
3835.583	-10.63679	7.55201	-9.99383	6.41630
3839.583	-10.66901	7.65847	-10.04786	6.45062
3843.539	-10.85787	7.70953	-10.10557	6.53127
3847.605	-11.07838	7.69961	-9.90486	6.04369
3851.585	-10.88475	7.63490	-9.92630	6.14744
3855.548	-10.92945	7.53982	-9.82860	5.73072
3859.582	-11.06576	7.71689	-9.90828	5.95952
3863.606	-11.17252	7.62512	-9.99036	5.98236
3867.584	-11.09759	7.70598	-10.08262	5.89264
3871.583	-11.09367	7.81463	-10.24757	6.18699
3875.584	-11.18238	7.74031	-10.34151	6.28633
3879.602	-11.10947	7.60477	-10.25829	6.36194
3883.584	-11.00781	7.64689	-9.98865	6.75647
3887.585	-10.57601	7.51525	-9.96749	6.88855
3891.584	-10.67435	7.49904	-9.89533	7.22410
3895.576	-10.52151	7.40567	-9.97235	7.45998
3899.580	-10.59071	7.47163	-10.05438	7.09174
3903.586	-10.65879	7.35469	-10.07824	7.55395
3907.584	-10.57977	7.28148	-9.85968	6.98230
3911.605	-10.58999	7.09789	-9.78729	6.98721
3915.587	-10.56169	6.99599	-9.84016	6.92187
3919.586	-10.70771	6.93980	-9.94662	6.99007
3923.585	-10.67888	6.65519	-10.00627	6.73849
3927.606	-10.60279	6.81613	-10.08274	6.62193
3931.597	-10.66028	6.95021	-10.28344	5.88535
3935.585	-10.68619	6.91251	-10.32587	5.80338
3939.577	-10.94502	7.23365	-10.13183	5.67409
3943.590	-11.04781	7.53738	-9.95960	6.00113
3947.586	-11.07986	7.49879	-10.04879	5.76060
3951.585	-11.10749	7.37898	-9.94253	5.60831
3955.586	-11.18007	7.52025	-9.97512	5.83523
3959.588	-11.07919	7.43297	-10.12936	5.97901
3963.586	-10.89800	6.73648	-10.07815	6.27670
3967.586	-10.70752	7.08957	-9.64658	5.85409
3971.587	-8.01742	7.21128	-9.22709	5.43298
3975.609	-4.81352	4.60425	-8.84564	5.31680
3979.563	-5.34075	2.35071	-5.39923	3.10944
3983.586	-5.29959	1.13568	-5.44107	1.17804
3987.587	-2.58457	2.34053	-4.35264	0.50951
3991.610	-2.06062	2.36721	-1.70303	-2.68748
3995.588	-2.75262	2.37347	-3.67356	-1.31846
3999.591	-2.57318	2.40095	-2.30226	-1.99101
4003.588	-2.56426	2.51205	-1.89709	-2.00078
4007.606	-2.65223	0.77089	-1.60556	-2.10273
4011.591	-2.53870	0.21520	-1.60008	-1.55852
4015.587	-2.45421	0.24052	-1.71303	-2.14334
4020.288	-2.80013	0.33675	-1.50951	-2.32154
4023.578	-2.83024	0.89289	-1.51749	-2.45192
4027.586	-2.82910	0.83368	-1.32185	-2.28267
4031.588	-2.93916	1.12258	-1.22122	-2.19147
4035.601	-3.15540	1.25628	-1.23771	-2.06530
4039.608	-3.06001	0.67709	-0.90532	-2.25764
4043.588	-3.01757	0.12489	-1.02446	-2.32699
4047.587	-3.20399	0.02000	-1.00065	-3.07989
4051.588	-3.12616	-0.42150	-1.14704	-3.35950
4055.610	-2.80219	0.20801	-1.37389	-3.06556
4059.587	-3.12405	0.68208	-1.39651	-2.54332
4063.552	-2.97676	0.45255	-1.62837	-2.33205
4067.589	-2.96408	0.43941	-1.48503	-2.64843
4071.585	-2.82870	0.48574	-1.55276	-2.66052
4075.589	-2.90084	0.48824	-1.39344	-2.68827
4079.546	-3.48484	0.34838	-1.64818	-2.75058
4083.589	-3.29575	0.34825	-1.20269	-2.96832
4087.592	-3.39819	0.38624	-1.55405	-2.86388
4091.589	-3.12984	0.18994	-1.62309	-2.87892
4095.588	-2.99042	0.25478	-1.49245	-2.96604
4099.591	-3.24449	0.31242	-1.55973	-2.81667
4103.579	-3.12091	0.13396	-1.54257	-2.55557
4107.586	-3.07194	0.28267	-1.75560	-2.64250
4111.545	-2.84804	0.18723	-1.59512	-2.65912
4115.590	-3.07921	0.11541	-1.56947	-2.73671
4119.591	-3.15639	0.06453	-1.68506	-2.60631
4123.591	-3.25251	-0.07693	-1.97602	-2.09139
4127.592	-3.28459	-0.10171	-1.72947	-2.19509
4131.591	-3.23395	-0.37668	-1.70690	-2.03976
4135.591	-3.32689	-0.09662	-1.43682	-1.92768
4139.596	-3.67487	-0.21716	-1.59105	-2.22051
4143.588	-3.54067	-0.15831	-1.85313	-2.03082
4147.544	-3.12613	-0.05613	-1.75515	-1.92277
4151.587	-2.96713	0.01849	-1.76824	-2.75940
4155.591	-2.88891	0.11352	-2.32295	-2.65539
4159.590	-3.13105	0.07292	-1.84709	-2.76850
4163.591	-3.24588	-0.01173	-2.10394	-2.07037
4167.591	-4.28217	0.00947	-1.91070	-2.11340
4171.589	-4.37226	0.02738	-1.98579	-1.99271
4175.590	-3.54546	-0.02391	-1.53002	-2.12590
4179.592	-3.30470	0.07088	-1.94808	-1.73669
4183.601	-3.32642	0.03128	-1.90542	-1.91698
4187.591	-2.77867	0.06756	-1.95696	-2.67372
4191.589	-2.78899	0.12765	-2.06766	-2.62323
4195.591	-3.05150	0.19553	-2.07308	-2.20467
4199.581	-3.00571	0.22299	-1.85023	-2.31273
4203.592	-3.13172	0.30682	-1.97503	-1.98273
4207.592	-3.13823	0.45239	-1.86008	-1.70700
4211.592	-3.31734	0.43536	-1.89677	-2.62058
4215.580	-3.11304	0.78117	-1.86729	-2.76641
4219.591	-3.32328	0.48998	-1.96060	-2.64571
4223.592	-3.27514	0.57316	-1.94538	-2.53247
4227.579	-2.86556	0.70261	-1.92109	-2.03980
4231.581	-3.40907	0.52729	-2.00698	-2.45814
4235.594	-3.38058	0.67953	-2.19643	-2.20672
4239.593	-3.53644	0.60608	-2.03610	-2.26939
4243.594	-3.55824	0.57606	-2.39988	-1.79823
4247.598	-3.52816	0.54397	-2.19046	-1.68747
4251.593	-3.55419	0.60642	-2.41152	-1.93033
4255.594	-3.54358	0.65853	-2.61434	-1.88232
4259.591	-3.57372	0.70344	-2.50905	-1.72005
4263.596	-3.44164	0.69947	-2.64356	-1.66652
4267.593	-3.35555	0.72258	-2.60235	-1.70091
4271.558	-3.34138	0.70880	-2.56540	-1.86937
4275.592	-3.32728	0.68683	-2.50984	-1.83845
4279.594	-3.24212	0.65973	-2.23863	-1.90058
4283.593	-3.23477	0.55418	-2.03050	-1.97545
4287.593	-3.20286	0.63306	-1.81319	-2.29272
4291.593	-3.14771	0.63017	-1.77541	-2.91759
4295.585	-3.17445	0.49152	-2.02626	-2.18549
4299.593	-3.19479	0.32511	-2.32327	-2.77282
4303.593	-3.16881	0.22052	-1.88965	-2.27204
4307.593	-2.93007	0.18655	-1.74305	-2.22543
4311.584	-3.19061	0.39811	-1.87356	-1.75473
4315.594	-3.31244	0.27169	-3.52976	-1.96796
4319.594	-6.10004	0.18983	-5.63127	-1.67384
4323.593	-6.28275	0.51839	-8.55445	-1.60762
4327.596	-8.46099	1.13959	-9.85303	-1.55701
4331.593	-9.85223	1.54735	-11.23158	-1.47640
4335.595	-10.80304	2.04052	-12.20641	-1.33187
4339.595	-12.83307	2.07927	-12.88251	-1.24558
4343.553	-12.92981	1.98147	-13.05350	-0.90561
4347.597	-12.81528	2.23504	-13.10292	-0.68375
4351.590	-12.71439	2.36016	-12.76515	-0.36105
4355.597	-12.26486	2.37505	-12.30857	-0.19194
4359.593	-12.29623	2.29599	-12.48036	-0.70846
4363.594	-12.43334	2.39803	-12.63721	-0.65545
4367.595	-12.49609	2.52059	-12.62091	-0.36220
4371.594	-12.33885	2.60569	-12.62618	-0.32764
4375.490	-12.42546	2.66586	-12.45402	-0.36804
4379.595	-12.34548	2.71485	-12.39442	-0.30298
4383.593	-12.20617	2.78457	-12.25261	-0.21631
4387.595	-12.05874	2.85199	-12.13804	-0.25836
4391.463	-12.22125	2.99070	-12.07479	-0.28544
4395.549	-12.22649	3.00915	-11.91044	-0.34334
4399.596	-12.22115	3.14905	-11.80105	-0.45665
4403.597	-12.24014	3.11784	-11.69038	-0.46063
4407.465	-12.18436	3.17237	-12.11301	-0.42903
4411.596	-12.11358	3.19991	-12.06942	-0.42201
4415.597	-12.10044	3.16228	-12.03270	-0.48226
4419.596	-12.05651	3.17033	-12.10917	-0.55197
4423.492	-12.23284	3.21573	-12.06902	-0.66831
4427.598	-12.27538	3.18053	-12.14134	-0.70326
4431.599	-12.38753	3.14462	-12.14027	-0.70110
4435.597	-12.41260	3.07843	-12.16676	-0.72507
4439.494	-12.52802	2.93298	-12.24197	-0.52819
4443.633	-12.53057	2.91868	-12.08539	-0.29624
4447.599	-12.43239	2.70348	-12.06451	-0.40214
4451.598	-12.41170	2.96419	-11.89732	-0.31359
4455.503	-12.33655	2.80874	-11.69102	-0.78751
4459.598	-12.29675	2.83360	-11.73581	-0.89356
4463.598	-12.31440	2.78098	-11.65018	-0.93510
4467.597	-12.22234	2.66571	-11.60068	-0.40708
4471.598	-12.29434	2.56965	-11.50711	-0.57507
4475.598	-12.21708	2.51186	-11.52024	0.13406
4479.598	-12.20005	2.39515	-11.43472	0.12010
4483.597	-12.19235	2.37157	-11.46406	0.08908
4487.494	-12.17954	2.32069	-11.43877	-0.27256
4491.599	-12.12241	2.31741	-11.50048	0.07977
4495.601	-12.02824	2.33166	-11.53327	-0.05593
4499.599	-12.00041	2.28005	-11.64447	-0.07820
4503.490	-12.02062	2.16205	-11.71813	-0.23365
4507.599	-12.05853	2.16500	-11.83415	-0.25790
4511.600	-12.14217	2.27249	-11.84330	-0.03393
4515.600	-12.11498	2.32533	-11.88511	-0.13391
4519.480	-12.16771	2.68458	-11.90595	-0.27582
4523.600	-12.24780	2.77616	-12.06432	-0.26477
4527.600	-12.21677	2.66499	-12.01003	-0.05709
4531.599	-12.24443	2.99792	-12.05651	-0.01927
4535.599	-12.33537	2.94554	-12.03861	-0.12560
4539.598	-12.21874	3.08152	-12.08411	-0.12227
4543.601	-12.15775	3.16015	-11.98728	0.05608
4547.600	-12.20830	3.12008	-11.93075	0.04260
4551.600	-12.17352	3.03673	-11.92985	0.00705
4555.602	-12.20380	3.02626	-11.92384	-0.03000
4559.595	-12.23054	2.83756	-11.85718	-0.11547
4563.590	-12.22796	2.69452	-11.87325	-0.16329
4567.496	-12.15969	2.55294	-11.80331	-0.43130
4571.599	-12.18984	2.65891	-11.69179	-0.26852
4575.599	-12.04227	2.72357	-11.60813	-0.47573
4579.600	-11.98671	2.61676	-11.42329	-0.59607
4583.599	-11.91697	2.60884	-11.46041	-0.38885
4587.600	-12.03420	3.12836	-11.14514	1.92938
4591.599	-12.10827	2.62152	-11.60566	0.96963
4595.601	-11.96235	1.82151	-12.17962	-0.99578
4599.497	-12.06506	-0.71658	-11.75512	-1.14103
4603.569	-11.99899	-1.16705	-11.60051	-2.74154
4607.598	-12.00018	-1.91585	-11.40050	-3.34908
4611.602	-11.94546	-2.25990	-11.15219	-4.56216
4615.496	-11.91251	-2.24525	-11.60123	-4.12611
4619.600	-11.97816	-2.44362	-11.63354	-4.46788
4623.599	-11.91655	-2.47463	-11.88292	-4.51694
4627.602	-11.96681	-2.37122	-11.58441	-4.51543
4631.496	-11.94845	-2.14498	-11.59811	-4.57271
4635.600	-11.94558	-2.39303	-11.51468	-4.66548
4639.603	-12.01673	-2.31597	-11.51995	-4.66754
4643.616	-11.99334	-2.33568	-11.43421	-4.73507
4647.469	-12.00402	-2.42915	-11.38435	-4.80033
4651.440	-11.97277	-2.44843	-11.27011	-4.78738
4655.477	-12.04023	-2.51171	-11.32908	-4.79065
4659.480	-12.10632	-2.47808	-11.15322	-4.80526
4663.473	-12.19415	-2.53031	-11.17393	-4.74079
4667.478	-12.22426	-2.48981	-11.14158	-4.70809
4671.434	-12.22668	-2.49871	-11.11695	-4.67780
4675.480	-12.32786	-2.55817	-11.05087	-4.52236
4679.606	-12.25431	-2.66600	-11.05426	-4.48734
4683.476	-12.23272	-2.60003	-11.07150	-4.51611
4687.475	-12.27981	-2.85495	-10.98982	-4.64524
4691.476	-12.31303	-2.80870	-11.01493	-4.56026
4695.603	-12.27131	-2.69194	-11.01216	-4.55119
4699.477	-12.28844	-2.64654	-11.03666	-4.55106
4703.478	-12.20657	-2.59037	-11.04228	-4.51377
4707.475	-12.14876	-2.52921	-11.02646	-4.49680
4711.476	-12.12815	-2.41037	-11.02875	-4.48540
4715.478	-12.09935	-2.48695	-11.03915	-4.55662
4719.479	-12.05345	-2.50137	-11.06530	-4.59608
4723.479	-12.05072	-2.34898	-11.06705	-4.57851
4727.476	-12.04488	-2.36815	-11.04460	-4.56948
4731.465	-11.97446	-2.37544	-11.08629	-4.54004
4735.467	-11.97964	-2.33325	-11.09246	-4.39530
4739.478	-12.07502	-2.39789	-11.11695	-4.40148
4743.494	-12.15187	-2.31492	-11.12603	-4.41414
4747.482	-12.10153	-2.27402	-11.13936	-4.42029
4751.478	-12.16399	-2.12470	-11.16206	-3.89860
4755.478	-12.12708	-1.92739	-11.17914	-3.82528
4759.469	-12.17940	-1.97090	-11.12899	-3.78635
4763.481	-12.15543	-1.69468	-11.03121	-3.05763
4767.483	-12.24706	-1.76605	-11.06643	-3.58138
4771.435	-12.95440	-1.74902	-11.30930	-3.16668
4775.467	-17.19162	-1.02650	-15.94649	-2.20425
4779.482	-19.48101	-0.23312	-13.78183	-1.50210
4783.480	-12.06361	-1.22953	-15.83377	1.16726
4787.480	-14.46231	12.82727	-15.71715	13.05601
4791.500	-19.78025	-12.09323	NaN	NaN
4795.479	-19.85994	-12.08735	NaN	NaN
4799.478	-19.89730	-12.08458	NaN	NaN
4803.478	-19.91908	-12.08297	NaN	NaN
4807.479	-19.93345	-12.08190	NaN	NaN
4811.478	-19.94369	-12.08114	NaN	NaN
4815.479	-19.95139	-12.08057	NaN	NaN
4819.501	-19.95744	-12.08012	NaN	NaN
4823.479	NaN	NaN	NaN	NaN
4827.434	NaN	NaN	NaN	NaN
4831.482	NaN	NaN	NaN	NaN
4835.435	NaN	NaN	NaN	NaN
4839.482	NaN	NaN	NaN	NaN
4843.434	NaN	NaN	NaN	NaN
4847.482	NaN	NaN	NaN	NaN
4851.483	NaN	NaN	19.71072	-5.32945
4855.481	8.08907	3.16724	16.41708	0.04710
4859.477	15.34180	9.04662	10.47542	-1.36346
4863.476	-1.02273	0.94433	7.12312	-2.56052
4867.481	-2.29433	3.29834	4.49479	-3.03338
4871.480	-1.63075	0.17271	1.75391	-2.85274
4875.480	-1.83806	-0.32821	1.50269	-3.31854
4879.472	-1.10574	-0.33025	0.17375	-3.31295
4883.481	-0.16273	0.12402	1.73638	-2.76978
4887.482	0.50336	-0.19471	2.27149	-2.32690
4891.483	2.11638	-0.12945	3.83270	-1.74939
4895.438	2.50026	-0.30873	1.88878	-2.09133
4899.449	2.84309	-0.20862	3.25157	-2.52421
4903.484	3.67823	-0.19394	2.98807	-2.40132
4907.481	4.15927	-0.23413	3.37982	-2.67006
4911.505	3.99299	-0.22315	3.41508	-2.68093
4915.482	4.16744	-0.16052	3.54383	-2.61194
4919.481	3.86781	-0.16066	3.53871	-2.50403
4923.481	3.64612	-0.60552	3.56816	-2.36517
4927.472	2.66610	-0.34172	3.44006	-2.28989
4931.483	2.55594	-0.65114	3.60719	-2.30760
4935.483	2.65904	-0.77220	3.67301	-2.35343
4939.472	3.19684	-0.62900	3.80728	-2.44873
4943.504	3.29048	-0.44890	3.83586	-2.47196
4947.485	3.57444	-0.74914	4.06806	-2.54739
4951.483	3.58363	-0.79979	4.31378	-2.57080
4955.481	3.41854	-0.84036	4.56930	-2.67410
4959.506	3.44750	-0.91547	4.47227	-2.66878
4963.486	3.31331	-0.87661	4.64258	-2.74364
4967.485	3.28684	-0.64596	4.94447	-3.00999
4971.485	3.18487	-0.44663	5.25330	-3.14951
4975.477	2.81971	-0.18133	5.00578	-3.60228
4979.482	2.89223	-0.08225	5.20012	-3.72521
4983.452	3.11876	-0.04603	5.30212	-3.70420
4987.483	3.16725	0.07101	5.02103	-3.61206
4991.480	3.33958	0.03071	4.28456	-3.35537
4995.484	3.45764	-0.05712	3.79853	-2.81957
4999.485	3.47416	0.05313	4.08848	-2.73268
5003.483	3.52776	0.06962	3.72627	-2.35693
5007.474	3.72306	0.06871	3.81437	-2.58620
5011.484	3.74698	-0.02671	3.79996	-2.24593
5015.486	3.54905	0.00898	3.85694	-2.29630
5019.443	3.16352	-1.11758	3.89871	-2.25824
5023.460	3.12190	-1.29290	4.15527	-2.16666
5027.482	3.63295	-1.48660	4.17025	-2.27837
5031.483	3.50121	-1.27136	4.46892	-2.21589
5035.484	3.53350	-1.04023	4.51004	-2.52540
5039.481	3.32921	-0.91201	4.72445	-2.64969
5043.484	3.50074	-0.80634	4.66440	-2.78615
5047.490	3.54878	-0.73151	4.65799	-3.06008
5051.485	3.24301	-0.83321	4.62300	-3.10681
5055.474	3.28489	-0.63730	4.72319	-3.13711
5059.488	3.29862	-0.89103	4.74412	-3.07709
5063.486	3.28177	-1.11418	4.85393	-2.76103
5067.480	3.27462	-0.89257	4.57596	-3.12546
5071.479	3.30106	-0.64198	4.56560	-3.07038
5075.487	3.24825	-0.36132	4.28821	-3.16925
5079.442	3.33723	-0.50977	4.31958	-3.05853
5083.485	3.42116	-0.57245	4.45402	-2.99128
5087.484	3.43059	-0.35681	4.21163	-2.91250
5091.487	3.18907	-0.34993	4.28352	-2.74164
5095.441	3.38778	-0.31252	4.28572	-2.55811
5099.487	3.34096	-0.37242	4.33308	-2.56226
5103.479	3.31126	-0.31644	4.33848	-2.48469
5107.465	2.95552	-0.29337	4.37942	-2.19488
5111.486	3.24645	-0.28863	4.66191	-2.26927
5115.486	3.32244	-0.31592	4.44778	-2.46926
5119.478	3.24778	-0.29997	4.72938	-2.49167
5123.486	3.35221	-0.32231	4.75780	-3.01663
5127.486	3.24996	-0.23889	4.64268	-2.39215
5131.487	2.85212	-0.39140	4.70027	-2.43942
5135.483	2.97866	-0.44163	4.52989	-2.44463
5139.487	3.01767	-0.46541	4.22945	-2.25056
5143.488	2.81746	-0.29194	3.97338	-2.29410
5147.445	2.86611	-0.33918	4.16608	-2.29157
5151.477	2.94619	-0.18677	3.79999	-2.39846
5155.488	3.05815	-0.28369	3.78066	-2.44816
5159.488	2.96586	-0.16919	3.83445	-2.51738
5163.488	3.05788	-0.25015	3.71112	-2.46398
5167.485	3.06286	-0.26344	3.77073	-2.44698
5171.489	3.10299	-0.30693	3.84135	-2.47143
5175.488	3.24068	-0.35546	3.79252	-2.51141
5179.488	3.49587	-0.39111	3.82709	-2.55672
5183.482	3.68396	-0.29003	4.14483	-2.69178
5187.488	3.73601	-0.40355	4.19583	-2.56474
5191.488	3.58297	-0.61664	4.09147	-2.47904
5195.488	3.75882	-0.86129	4.47891	-2.43432
5199.490	3.91039	-0.74278	4.21037	-2.09531
5203.489	3.93021	-0.71572	4.27570	-2.08550
5207.488	3.49658	-0.80175	4.48680	-1.94876
5211.490	3.93302	-0.72301	4.44109	-1.70517
5215.485	3.71009	-0.69838	4.36898	-1.81245
5219.490	3.73549	-0.72461	4.40744	-1.69755
5223.486	3.73008	-0.68205	3.70030	-1.78221
5227.491	2.97824	-0.75574	3.91200	-2.12361
5231.479	2.88782	-0.62156	4.07814	-2.17506
5235.491	3.18017	-0.33055	4.04500	-2.16765
5239.490	3.02992	-0.23397	4.12453	-2.23636
5243.491	3.10317	0.20215	3.90874	-2.56936
5247.491	2.90193	0.22931	3.73599	-2.41685
5251.489	3.10059	0.20123	3.68737	-2.61278
5255.489	3.12989	0.54761	3.75440	-2.85807
5259.490	3.26003	0.14714	3.57711	-2.89359
5263.487	3.33030	0.25993	3.52457	-2.90309
5267.493	3.34190	0.15026	3.47018	-2.84702
5271.446	3.01517	0.18229	3.51797	-2.74453
5275.484	3.17675	0.15973	3.53819	-2.76944
5279.479	3.03098	0.37789	3.62506	-2.54736
5283.490	2.92648	0.39545	3.76707	-3.45248
5287.491	2.94493	0.53088	3.87712	-3.12128
5291.490	3.40262	0.42979	3.98146	-3.13365
5295.490	3.44127	0.62018	4.03297	-3.05678
5299.492	3.18197	0.57324	4.07974	-2.86045
5303.491	3.17933	0.46214	3.75435	-2.57109
5307.491	3.35021	0.53928	3.62086	-2.41167
5311.495	3.12361	0.29238	3.87470	-2.61032
5315.469	3.15706	0.46518	3.94789	-1.88330
5319.494	3.82210	0.12794	3.98971	-1.91109
5323.490	3.70905	-0.12379	4.16618	-2.34042
5327.481	3.27484	0.13374	3.68876	-1.71826
5331.492	3.43892	0.43251	3.67697	-1.43550
5335.491	3.18084	0.33938	4.00413	-1.43433
5339.491	3.02321	0.62845	3.92057	-1.76595
5343.448	3.69773	0.53320	3.86277	-1.54315
5347.493	3.05073	0.48324	3.84431	-1.45071
5351.493	3.01272	0.65526	3.87000	-1.44433
5355.478	3.28504	-0.15607	3.61834	-1.60977
5359.391	3.40356	0.47784	3.37519	-1.82109
5363.492	3.29983	0.13523	4.17722	-2.44533
5367.492	3.48476	-0.21264	4.26257	-2.93836
5371.493	3.43393	0.84925	4.26393	-3.09466
5375.493	3.23964	0.79167	3.70643	-3.31508
5379.448	3.21292	0.74342	3.93626	-3.25039
5383.493	3.30970	0.86066	4.43697	-3.35163
5387.493	1.99610	0.99187	2.43132	-2.31134
5391.494	1.33086	0.97927	0.46760	-2.65575
5395.490	-2.98054	1.40098	-2.99524	-2.08985
5399.465	-2.66813	1.19807	-4.00756	-2.16231
5403.494	-4.35176	1.40978	-5.37123	-1.82804
5407.403	-4.69258	0.95996	-5.56035	-1.78472
5411.493	-4.75824	0.99792	-6.07655	-1.62259
5415.495	-5.22960	1.10226	-5.79551	-1.66640
5419.495	-5.73129	1.10336	-5.58454	-1.60098
5423.397	-5.02807	1.17570	-5.68937	-1.64094
5427.494	-4.82703	1.08477	-5.58742	-1.67592
5431.494	-5.04858	0.97925	-5.57830	-1.70211
5435.493	-5.20524	0.90667	-5.44387	-1.60647
5439.478	-5.94877	0.82269	-5.34858	-1.89889
5443.490	-5.25377	0.70893	-5.45393	-1.89777
5447.496	-5.57517	0.51309	-5.43142	-2.11131
5451.451	-5.83962	0.97312	-5.41283	-1.86266
5455.391	-5.84588	0.97896	-5.35834	-1.75109
5459.495	-5.66226	1.37310	-5.24868	-1.71736
5463.496	-5.44269	1.61943	-5.23027	-1.64988
5467.495	-5.48172	1.91083	-5.23199	-1.64565
5471.494	-5.36978	1.80511	-5.21100	-1.55773
5475.497	-5.46101	1.76853	-5.22094	-1.76535
5479.495	-5.46204	1.92935	-5.19652	-1.60940
5483.458	-5.68258	1.94317	-5.23657	-1.58207
5487.390	-5.86298	1.79151	-5.22308	-1.68600
5491.497	-5.81182	1.79236	-5.17174	-1.59502
5495.497	-5.93858	1.47513	-5.12107	-1.50846
5499.496	-5.74871	1.52450	-5.10017	-1.51568
5503.498	-5.49399	0.94996	-5.00322	-1.61050
5507.498	-5.93497	0.51227	-4.95925	-1.74212
5511.497	-5.36435	0.50944	-5.04765	-1.90665
5515.497	-5.69745	0.36958	-5.00920	-1.88611
5519.498	-5.76185	0.60852	-4.92876	-1.81939
5523.472	-5.94475	0.45654	-4.87052	-1.83499
5527.498	-6.08365	0.53281	-4.79972	-1.55992
5531.496	-5.99303	0.35177	-4.86034	-1.57913
5535.392	-6.11847	0.59615	-4.83760	-1.56765
5539.497	-5.94816	0.74357	-4.79023	-1.55079
5543.497	-5.66302	0.66547	-4.80687	-1.42806
5547.497	-5.76979	0.67954	-4.86492	-1.11672
5551.395	-5.26635	0.73521	-4.89816	-1.00586
5555.497	-5.49682	0.89998	-4.85236	-1.29515
5559.497	-5.60229	0.98870	-4.71720	-1.46812
5563.486	-5.77826	1.06432	-4.79203	-1.43148
5567.400	-5.89564	1.10610	-4.77357	-1.31211
5571.496	-5.95700	1.15606	-4.81259	-1.39739
5575.498	-6.01181	1.24759	-4.67037	-1.34812
5579.495	-5.98383	1.26430	-4.75765	-1.30521
5583.498	-5.88410	1.32535	-4.74390	-1.69589
5587.498	-6.02521	1.25296	-4.59166	-1.98292
5591.497	-6.16304	1.21708	-4.53857	-1.85771
5595.498	-6.12374	1.51413	-4.42671	-1.53816
5599.395	-6.73385	3.53073	-5.27469	0.34824
5603.500	-6.57749	2.78752	-5.26179	0.42386
5607.462	-6.20337	1.73409	-4.92760	-1.61001
5611.498	-4.79189	3.32155	-6.27638	2.89622
5615.395	-4.19010	2.55227	NaN	NaN
5619.498	-7.27609	13.15744	NaN	NaN
5623.499	NaN	NaN	NaN	NaN
5627.500	NaN	NaN	NaN	NaN
5631.503	NaN	NaN	NaN	NaN
5635.498	NaN	NaN	NaN	NaN
5639.498	NaN	NaN	NaN	NaN
5643.462	NaN	NaN	NaN	NaN
5647.478	NaN	NaN	NaN	NaN
5651.455	NaN	NaN	NaN	NaN
5655.498	NaN	NaN	NaN	NaN
5659.498	NaN	NaN	NaN	NaN
5663.498	NaN	NaN	NaN	NaN
5667.497	NaN	NaN	NaN	NaN
5671.497	NaN	NaN	NaN	NaN
5675.373	NaN	NaN	NaN	NaN
5679.374	NaN	NaN	NaN	NaN
5683.373	NaN	NaN	NaN	NaN
5687.375	NaN	NaN	NaN	NaN
5691.375	NaN	NaN	NaN	NaN
5695.343	NaN	NaN	NaN	NaN
5699.372	NaN	NaN	NaN	NaN
5703.330	NaN	NaN	NaN	NaN
5707.376	NaN	NaN	NaN	NaN
5711.341	NaN	NaN	NaN	NaN
5715.367	NaN	NaN	NaN	NaN
5719.379	NaN	NaN	NaN	NaN
5723.378	0.63317	3.63918	NaN	NaN
5727.377	-4.13720	14.86253	4.02522	-1.21923
5731.376	-1.67995	5.93529	0.15916	1.27686
5735.366	-1.34554	6.54827	-4.71570	1.70885
5739.372	-0.80913	3.91878	-3.38053	0.33210
5743.405	0.33077	1.60568	0.69481	-0.38123
5747.378	-0.30342	0.93120	3.29013	-0.51590
5751.398	-0.16015	0.59800	0.98648	-0.21847
5755.377	0.24803	0.48668	0.47847	-0.76675
5759.376	0.88979	0.62148	0.77037	-1.58885
5763.377	-2.43711	0.17326	1.52270	-2.85396
5767.333	-2.44898	0.32279	0.56309	-2.74323
5771.379	-2.43706	0.49024	-2.23333	-2.65813
5775.377	-2.07013	0.50037	-1.00583	-2.55717
5779.342	-2.07028	0.54559	-0.63841	-2.13161
5783.398	-0.55853	0.47861	-0.30970	-1.69390
5787.388	-0.47751	0.46130	0.16491	-1.58050
5791.376	-0.41688	0.56906	-0.10751	-1.79494
5795.377	-0.96564	0.72861	-0.20872	-1.96600
5799.368	-1.28462	0.92398	-0.42224	-2.15918
5803.378	-0.76225	1.06807	-0.23778	-1.75530
5807.377	-1.24372	1.04656	-0.06927	-1.81936
5811.377	-1.09328	1.05151	-0.08135	-1.76530
5815.369	-1.03521	1.11051	0.26694	-1.54927
5819.378	-0.72851	1.04928	0.42246	-1.37336
5823.376	-1.21544	1.25537	0.66841	-1.14306
5827.378	-1.24498	1.20961	0.93698	-0.88613
5831.334	-0.77392	1.44437	1.00030	-0.98053
5835.379	-0.44155	1.44758	1.27926	-1.37142
5839.380	-0.74379	1.73161	1.29834	-1.74896
5843.332	-0.72980	1.74619	1.50212	-1.58805
5847.369	-0.94346	1.88380	1.10596	-2.37606
5851.379	-0.99559	1.82788	0.71114	-1.74617
5855.380	-1.28313	1.72817	0.62789	-1.68818
5859.375	-1.20524	1.61823	0.61434	-1.90465
5863.370	-1.14960	1.87042	0.48123	-1.71208
5867.378	-1.02193	1.79244	0.39586	-1.61071
5871.378	-1.30578	1.88572	0.42266	-1.61368
5875.379	-1.24307	1.89041	0.46845	-1.70243
5879.399	-1.39693	1.86431	0.39048	-1.77017
5883.379	-1.43138	1.81562	0.35273	-1.74692
5887.380	-1.49686	1.81574	0.42152	-1.66515
5891.379	-1.49535	1.82053	0.38569	-1.47908
5895.373	-1.57525	1.91917	0.45793	-1.45434
5899.387	-1.57964	1.94028	0.54421	-1.39211
5903.350	-1.51494	1.99785	0.45773	-1.33717
5907.379	-1.53609	1.99568	-0.00015	-1.17604
5911.398	-1.63023	1.98410	0.02909	-1.06891
5915.380	-1.61156	1.98437	0.26537	-1.36596
5919.379	-1.65961	1.72215	-0.19134	-1.52058
5923.379	-1.64803	1.32445	-0.28587	-1.65877
5927.400	-1.39607	1.10723	-0.05854	-1.50367
5931.380	-1.39979	0.33541	-0.15161	-1.64093
5935.380	-1.26646	0.68887	-0.31133	-1.63580
5939.381	-1.55784	0.69909	0.04785	-1.77324
5943.392	-1.61798	0.76245	0.09969	-1.52115
5947.377	-1.24124	0.70549	0.34618	-1.34240
5951.381	-1.24865	0.93651	0.26805	-1.07290
5955.379	-0.97194	0.91190	0.57357	-0.50346
5959.399	-0.74732	0.79863	0.92703	-1.16534
5963.381	-0.76955	0.84747	0.92609	-1.89902
5967.382	-0.75181	0.99227	0.80069	-2.47154
5971.383	-0.74938	1.10712	0.64325	-2.17176
5975.373	-0.87890	1.05788	0.64454	-2.33225
5979.387	-0.89664	0.98617	0.61801	-2.22199
5983.380	-0.76491	1.07416	0.48371	-2.23094
5987.383	-0.84066	1.13213	0.38847	-2.29741
5991.373	-0.85456	1.17842	0.18509	-1.98199
5995.383	-0.56908	1.06886	0.07666	-1.96048
5999.381	-0.67052	1.02241	-0.09776	-1.61201
6003.382	-0.60059	0.90950	-0.06934	-1.75057
6007.379	-0.74126	0.87718	0.05227	-1.61901
6011.382	-0.86895	0.80869	-0.04251	-1.57340
6015.381	-0.95564	0.85160	-0.19747	-1.73500
6019.340	-0.93666	1.19104	-0.22053	-1.68147
6023.403	-1.01558	1.29434	-0.00675	-1.86050
6027.362	-0.60677	1.57577	-0.10902	-1.69538
6031.383	-0.82009	1.18077	0.02943	-1.64523
6035.381	-0.84290	1.04783	0.04221	-1.59590
6039.373	-0.89473	0.77639	-0.16605	-1.71603
6043.383	-0.99164	0.93358	-0.32225	-1.59351
6047.382	-1.12095	0.91161	-0.54955	-1.61094
6051.382	-0.96251	1.39704	-0.43502	-1.68151
6055.406	-0.92391	1.77393	-0.74528	-1.82576
6059.384	-0.82578	1.83797	0.13478	-1.65039
6063.387	-0.77198	1.71154	-0.30888	-1.65050
6067.376	-0.76007	0.90175	-0.63417	-1.67862
6071.403	-0.72052	0.91216	-0.65444	-1.65724
6075.382	-0.92825	1.17142	-0.40867	-1.70622
6079.338	-0.90019	1.29227	-0.21673	-1.63792
6083.385	-0.74836	1.66056	-0.41261	-1.66595
6087.375	-0.94053	1.08958	-0.51322	-1.73459
6091.385	-0.98598	1.12404	-0.19112	-1.86180
6095.385	-1.01796	0.89642	-0.33412	-1.83718
6099.384	-1.09954	0.90799	-0.08969	-1.75795
6103.387	-1.66376	0.87043	0.09753	-1.69593
6107.384	-1.76229	1.18686	0.36003	-1.57260
6111.355	-1.56181	1.30663	0.83759	-1.36948
6115.383	-1.22906	1.39029	0.07914	-1.53787
6119.404	-1.11529	0.79579	-0.13342	-1.93176
6123.384	-1.25944	0.15818	-0.12967	-1.74434
6127.384	-1.07703	0.70583	0.22254	-2.24894
6131.385	-1.02059	0.72701	0.20204	-1.71732
6135.402	-2.17551	1.22176	0.26582	-1.35975
6139.385	-2.21687	1.37431	0.36030	-1.60518
6143.382	-1.11422	1.25266	0.32302	-1.49933
6147.385	-1.05230	1.32251	-0.09210	-1.97001
6151.341	-0.93321	1.06534	0.01251	-2.25504
6155.382	-0.90738	1.11026	-0.13548	-2.16980
6159.386	-1.59038	0.80291	-0.04234	-1.76530
6163.386	-1.26594	0.95851	0.21435	-1.55616
6167.387	-0.81449	1.11455	0.66168	-1.68750
6171.387	-1.07765	0.30797	-0.05725	-1.74077
6175.385	-1.77722	1.04255	-0.34672	-1.79324
6179.386	-1.07473	0.85413	-0.18047	-2.62721
6183.387	-1.08944	0.22005	0.13938	-1.98415
6187.388	-1.20388	0.36092	-0.05827	-1.96053
6191.387	-1.17527	0.59561	-0.10731	-1.80923
6195.351	-0.86945	0.39336	-0.11260	-0.72260
6199.380	-1.32912	0.50084	-0.12074	-1.61370
6203.387	-1.13499	0.63571	0.05110	-1.53489
6207.384	-1.05892	0.51018	-0.19072	-1.79711
6211.386	-1.40390	0.70060	-0.02579	-1.59240
6215.388	-1.25756	1.33148	-0.10175	-1.36190
6219.387	-1.53324	1.89693	0.31424	0.07358
6223.388	-0.82972	2.34205	2.86168	-1.46152
6227.386	-1.20038	3.21975	-0.05666	-1.39997
6231.386	-4.66339	2.57227	-0.00271	-1.25565
6235.364	-1.69572	0.72231	-0.05385	-0.53782
6239.389	-1.52258	5.46908	2.78384	2.87502
6243.385	NaN	NaN	NaN	NaN
6247.385	NaN	NaN	NaN	NaN
6251.390	NaN	NaN	NaN	NaN
6255.393	NaN	NaN	NaN	NaN
6259.386	NaN	NaN	NaN	NaN
6263.386	NaN	NaN	NaN	NaN
6267.383	NaN	NaN	NaN	NaN
6271.390	NaN	NaN	NaN	NaN
6275.382	NaN	NaN	NaN	NaN
6279.379	NaN	NaN	NaN	NaN
6283.386	NaN	NaN	NaN	NaN
6287.387	NaN	NaN	NaN	NaN
6291.387	NaN	NaN	NaN	NaN
6295.390	NaN	NaN	NaN	NaN
6299.389	NaN	NaN	NaN	NaN
6303.344	NaN	NaN	NaN	NaN
6307.387	NaN	NaN	NaN	NaN
6311.391	NaN	NaN	NaN	NaN
6315.390	NaN	NaN	NaN	NaN
6319.342	-4.13725	7.77796	NaN	NaN
6323.386	-2.07182	6.43471	0.49210	-4.02242
6327.381	-1.40445	8.07023	-0.36511	-4.79177
6331.346	1.03813	1.25820	0.38799	-5.86797
6335.380	0.71742	0.21346	-0.91026	-2.04662
6339.391	0.33067	-0.10471	0.33531	-3.77049
6343.345	0.33290	-0.13724	-0.35273	-3.13454
6347.390	-3.51196	-0.54336	0.33923	-3.64025
6351.391	-5.67509	-2.31796	-0.32667	-3.20138
6355.393	-4.41238	-0.52002	-2.81013	-3.00576
6359.370	-2.51415	0.98135	0.74863	-2.42412
6363.387	-2.63606	1.13493	0.84885	-0.82912
6367.389	-0.29550	1.43023	-0.66293	-1.98445
6371.389	-1.45686	1.43701	0.05810	-2.79200
6375.390	-2.00817	0.50066	0.56292	-2.68807
6379.391	-0.29287	0.30636	0.80290	-2.41900
6383.388	-0.19536	-0.25813	0.18425	-0.92025
6387.392	-1.15081	0.39603	-0.00993	-1.89768
6391.390	-0.70020	0.63905	-0.12821	-2.49022
6395.367	-0.72722	-0.61047	0.08500	-2.44700
6399.393	-0.52339	0.02872	0.32069	-2.63281
6403.356	-0.77434	-0.35352	1.08182	-2.88489
6407.345	-0.65469	0.47570	0.63283	-3.30447
6411.391	-0.63828	-0.05230	0.06003	-3.24822
6415.392	-0.67623	0.03250	0.28086	-2.91509
6419.392	-0.58429	-0.05546	0.38268	-2.83448
6423.392	-0.65044	0.15587	0.13746	-2.70716
6427.392	-0.88736	0.11265	0.17658	-2.79645
6431.394	-1.04349	0.37523	0.39251	-2.70241
6435.393	-0.84250	0.44986	0.36903	-2.63704
6439.391	-0.76729	0.62187	0.13650	-2.19437
6443.368	-0.61397	1.02533	0.26587	-1.61554
6447.392	-0.90237	0.84639	0.23793	-1.13227
6451.404	-0.79600	1.15112	0.09880	-1.69367
6455.393	-0.77178	1.08250	0.29756	-2.51443
6459.392	-0.60285	0.70177	0.34883	-2.57453
6463.286	-0.69037	0.56146	0.34638	-2.58641
6467.394	-0.56922	0.84832	0.36958	-2.68878
6471.393	-0.47502	0.78016	0.24889	-2.80016
6475.393	-0.58560	0.74606	0.41914	-2.95076
6479.396	-0.50562	0.39809	0.36271	-2.90272
6483.389	-0.55032	0.21911	0.41636	-2.81677
6487.382	-0.66948	0.24522	0.34198	-2.57847
6491.393	-0.61312	0.13574	0.22162	-2.42979
6495.394	-0.65273	0.13696	0.38990	-2.46232
6499.392	-0.71861	0.24261	0.28282	-2.19120
6503.394	-0.66424	0.15907	0.09582	-1.68277
6507.393	-0.66985	0.19965	0.06661	-1.03602
6511.394	-0.83518	0.33811	0.17003	-1.52656
6515.395	-0.80081	0.16881	0.91105	-1.62447
6519.396	-0.85736	0.30101	1.74590	-1.41014
6523.391	-0.82741	0.64824	1.83466	-1.76003
6527.396	-0.70092	0.33712	0.93753	-1.66425
6531.393	-0.85535	0.29152	0.19581	-1.63713
6535.396	-1.16567	0.26024	0.29138	-1.65179
6539.393	-0.84399	0.58556	0.54473	-1.92403
6543.396	-0.71059	0.48401	0.78813	-2.14760
6547.396	-0.77382	0.60055	0.47991	-2.09507
6551.394	-0.90641	0.98840	0.84915	-1.93493
6555.393	-0.95343	0.97781	0.60225	-1.85749
6559.398	-1.03821	0.90670	0.30473	-2.09362
6563.396	-1.03625	0.78436	-0.21735	-2.17500
6567.374	-1.10666	0.72341	0.07480	-2.29357
6571.389	-0.98782	0.71499	0.31585	-2.45892
6575.394	-0.74404	0.81525	1.10929	-2.48994
6579.350	-0.69687	0.90325	0.87761	-2.48525
6583.396	-1.02231	0.78829	0.42934	-2.50011
6587.395	-1.01650	0.82237	0.44775	-2.53509
6591.293	-1.15625	0.86019	0.44115	-2.38045
6595.396	-1.21869	0.68316	-0.02787	-2.47369
6599.395	-0.97576	0.61793	0.39541	-2.62580
6603.396	-0.94261	0.52177	0.44765	-2.53132
6607.398	-0.82205	0.47757	0.22036	-2.39157
6611.360	-0.74600	0.39017	0.18866	-2.41913
6615.396	-0.80176	0.40360	0.33342	-2.49708
6619.396	-1.21812	0.53800	0.08838	-2.47678
6623.398	-1.51355	0.40790	0.02172	-2.55218
6627.396	-0.77794	0.52647	0.43482	-2.45925
6631.395	-0.39221	0.04013	0.62563	-2.44078
6635.396	-0.72685	-0.08992	0.40226	-2.40953
6639.399	-0.41097	-0.18256	0.24877	-2.49033
6643.398	-0.26197	0.24255	-0.15595	-2.41502
6647.351	-0.58999	0.41331	0.54632	-2.35799
6651.375	-1.64094	0.16386	0.40360	-2.35439
6655.283	-1.59636	0.20969	0.66513	-2.31785
6659.399	-0.76503	-0.16026	0.24115	-2.18207
6663.398	-1.21985	0.00745	0.81724	-2.07681
6667.398	-0.55764	0.01257	0.62091	-1.92080
6671.395	-0.81300	0.01975	0.56518	-1.89037
6675.396	-0.99464	0.07839	0.42710	-1.93804
6679.396	-1.29013	0.33013	0.38700	-1.84921
6683.396	-1.25260	0.47184	0.02961	-1.64218
6687.397	-1.06381	0.48618	0.49009	-1.66652
6691.396	-0.90413	0.47597	0.54984	-1.64560
6695.272	-1.13821	0.69054	0.15700	-1.60580
6699.240	-1.15444	0.60168	0.32069	-1.63073
6703.239	-0.75270	0.62438	0.28873	-1.65643
6707.270	-0.85610	0.67010	1.17718	-1.84956
6711.274	-1.00169	0.69462	0.52748	-1.95603
6715.273	-1.03995	0.90081	0.27890	-2.02543
6719.262	-1.06528	0.65568	0.11438	-2.08936
6723.274	-1.21814	0.62285	0.18065	-2.26942
6727.274	-1.23258	0.69861	0.63843	-2.40037
6731.275	-0.83555	1.11524	0.33593	-2.47042
6735.268	-0.47237	0.76670	0.10525	-2.59478
6739.275	-0.92726	0.71503	0.40318	-2.80396
6743.270	-0.82310	1.02181	0.86895	-2.52615
6747.274	-0.90939	1.06170	0.30838	-2.55279
6751.294	-0.76620	0.92234	0.13382	-2.79529
6755.272	-0.90036	0.55065	0.18735	-2.66046
6759.275	-1.54562	0.69017	0.54106	-2.65180
6763.276	-1.27564	0.80161	0.56270	-2.65202
6767.295	-0.67866	0.66938	0.23497	-2.91088
6771.275	-0.81248	0.56840	0.30084	-2.74838
6775.274	-0.96685	0.53653	0.38670	-2.73646
6779.279	-1.30799	0.59205	0.51793	-2.26872
6783.268	-0.66188	0.50817	0.31342	-2.83936
6787.275	-0.74886	0.15917	0.50882	-2.70981
6791.274	-0.97926	0.31618	0.32570	-2.69356
6795.275	-0.83783	0.26909	0.81334	-2.44261
6799.295	-0.46651	0.31450	0.80898	-2.49472
6803.274	-0.91780	0.44829	0.40700	-2.50267
6807.274	-0.88011	0.15248	0.27453	-2.84638
6811.275	-1.09745	0.19175	0.58131	-2.19654
6815.272	-0.40993	0.18224	0.54344	-2.40242
6819.275	-0.71111	0.25026	0.37861	-2.20686
6823.250	-1.03833	0.31794	0.66707	-2.34707
6827.275	-0.65930	0.11845	0.53627	-2.33549
6831.262	-1.18329	0.30143	0.46934	-2.30116
6835.276	-0.52188	0.52990	0.31655	-2.36766
6839.276	-0.55069	0.56329	0.65178	-2.35797
6843.231	-0.52193	0.81419	0.70506	-2.48000
6847.264	-1.43853	0.68745	0.37119	-2.02631
6851.276	-0.88711	0.69539	0.39554	-2.21799
6855.277	-1.32679	0.52732	0.13702	-2.24667
6859.276	-0.96403	0.67132	-0.04323	-2.35668
6863.296	-1.05513	0.33520	0.38184	-2.28883
6867.267	-0.77563	0.50177	0.27999	-2.39232
6871.277	-0.84826	0.84313	0.33789	-2.43942
6875.276	-0.91351	0.45348	0.17392	-2.61283
6879.267	-0.93522	0.55407	0.05301	-2.13050
6883.279	-1.01466	0.57594	0.05410	-2.38302
6887.275	-1.07180	0.66902	-0.05931	-1.68612
6891.278	-0.99504	0.53856	0.06376	-1.83354
6895.266	-0.96852	0.42289	-0.00826	-2.16393
6899.234	-0.96889	0.30848	-0.00509	-2.35976
6903.279	-0.99931	0.39325	0.27327	-2.66642
6907.249	-1.10447	0.39008	0.44840	-2.89996
6911.270	-1.25622	0.39264	0.37755	-1.97975
6915.277	-1.69706	0.36959	0.46706	-1.37457
6919.277	-1.46774	0.48260	0.28580	-1.61115
6923.277	-1.79876	0.55474	0.59980	-2.20542
6927.295	-1.67048	0.36942	0.76630	-2.27156
6931.280	-1.96325	0.25093	0.73049	-2.81892
6935.277	-1.38473	0.07962	0.70044	-3.08677
6939.278	-1.09626	0.20750	1.01471	-2.41286
6943.298	-0.72164	0.35894	0.81779	-2.38817
6947.260	-1.30967	0.31704	0.81746	-2.45421
6951.277	-1.00526	0.84148	0.54215	-2.25077
