time (ms)	lx (deg)	ly (deg)	rx (deg)	ry (deg)
0.000	-1.51625	1.00402	-0.17814	-0.59151
4.012	-1.40356	0.98870	-0.26701	-0.66132
8.014	-1.16892	1.04624	-0.18809	-0.97913
12.015	-1.24173	1.24498	-0.26649	-1.11048
16.011	-1.07634	1.12366	-0.26297	-1.13095
20.013	-1.09438	1.14690	-0.24138	-1.09551
23.993	-0.91212	1.19827	-0.28230	-0.89354
28.008	-0.97889	1.12111	-0.35663	-1.02582
32.015	-0.93763	1.26467	-0.31565	-0.00462
36.014	-0.76216	1.17914	-0.29339	-0.57985
40.014	-0.75280	1.02182	-0.28932	-0.55844
44.015	-0.65340	0.89205	-0.32275	-1.03360
48.004	-0.97730	0.98481	-0.24723	-1.06781
52.013	-1.20770	1.08161	-0.43246	-0.78355
56.013	-1.05741	1.08219	-0.39015	-0.96699
59.968	-1.23794	0.98040	-0.45229	-0.16566
63.970	-0.91793	0.94585	-0.45023	-0.33366
68.014	-1.09033	1.11995	-0.33250	-0.74577
72.014	-1.09430	1.13468	-0.28466	-1.08085
76.018	-0.99348	0.95639	0.17008	-0.63119
80.016	-1.18530	1.06411	0.35268	-0.91003
84.014	-1.11772	1.09357	0.42978	-0.94806
88.014	-1.27790	0.98001	-0.22276	-0.61894
92.014	-1.17758	1.08791	-0.31327	-0.58308
96.011	-1.13156	1.01871	-0.23760	-0.80697
100.018	-1.18780	1.11470	0.04164	-0.70588
104.016	-1.19572	1.10859	-0.16953	-1.02375
107.991	-1.35325	1.13360	0.04517	-1.03786
112.007	-1.43739	1.29093	0.18454	-1.12830
116.017	-1.58877	1.79308	0.26408	-1.15144
120.016	-1.66294	2.02034	-0.04643	-1.25712
124.013	-1.60814	1.79540	-0.10193	-1.09981
128.016	-1.73757	1.96365	-0.19710	-0.99791
132.016	-1.71945	1.87542	-0.19963	-1.22117
136.016	-1.75994	1.95839	-0.37358	-1.17597
140.015	-1.82601	1.99280	-0.35372	-1.24154
144.005	-1.81865	2.09818	-0.48202	-1.25474
148.015	-1.75037	2.09903	-0.35563	-1.26524
152.004	-1.66390	2.10406	-0.44028	-1.26552
156.016	-1.66341	1.93035	-0.47294	-1.25961
160.018	-1.61619	1.93283	-0.49118	-1.26209
164.015	-1.61252	1.87021	-0.55486	-1.40989
168.018	-1.56432	1.86571	-0.55367	-1.51669
172.016	-1.42645	1.59697	-0.60779	-1.52147
176.019	-1.34286	1.47218	-0.63436	-1.46234
180.014	-1.30057	1.51714	-0.61099	-1.57823
184.018	-1.30980	1.36187	-0.58640	-1.65331
188.013	-1.27361	1.58883	-0.54756	-1.67877
192.014	-1.26274	1.29920	-0.53771	-1.66495
195.972	-1.30099	2.10453	-0.53721	-1.57490
200.019	-1.17327	1.09034	-0.66427	-1.62303
203.972	-1.15168	0.98587	-0.67670	-1.50394
208.004	-1.19190	0.82081	-0.76769	-1.75873
212.016	-1.33527	0.88603	-0.80957	-1.68797
216.018	-1.55097	0.88563	-0.84066	-1.62624
220.018	-1.89570	0.77415	-0.77176	-1.76112
224.018	-2.02728	0.76118	-0.78327	-1.67018
228.018	-2.30853	0.79418	-0.85781	-1.63117
231.999	-2.28987	0.81179	-0.85915	-1.54999
236.015	-2.30744	0.85269	-0.81071	-1.48513
240.015	-2.31383	0.96255	-0.76129	-1.59218
244.018	-2.41071	1.07209	-0.71933	-1.63463
247.977	-2.29000	1.06496	-0.48108	-1.82062
252.018	-2.32067	1.12209	-0.32012	-1.69787
256.021	-2.36428	1.18696	-0.20537	-1.66106
260.017	-2.39279	1.24391	-0.03460	-1.70268
264.018	-2.34329	1.28406	0.10605	-1.68404
268.019	-2.38246	1.32025	0.15576	-1.72314
272.004	-2.39993	1.34358	0.12565	-1.81504
276.019	-2.34964	1.37681	0.23711	-1.84604
280.018	-2.41209	1.44086	0.30672	-1.90058
284.019	-2.42009	1.45259	0.33692	-1.92897
288.020	-2.25253	1.48728	0.40457	-1.93849
292.017	-2.42904	1.53215	0.44671	-1.88142
296.018	-2.44487	1.49829	0.50287	-1.90620
300.018	-2.51019	1.58901	0.51922	-1.92520
304.018	-2.35903	1.63397	0.55054	-1.90996
308.022	-2.41836	1.51298	0.57816	-1.85402
312.019	-2.29508	1.48274	0.61977	-1.79719
316.021	-2.30318	1.44487	0.70062	-1.77569
320.021	-2.29731	1.16324	0.70702	-1.72552
324.019	-2.48658	1.07083	0.73789	-1.60346
328.020	-2.33356	0.99416	0.79347	-1.63842
332.020	-2.39054	1.03507	0.80709	-1.50420
336.021	-2.34961	0.93676	0.78124	-1.56216
340.019	-2.45148	0.87362	0.83578	-1.52534
344.021	-2.33569	0.79451	0.81275	-1.39370
348.021	-2.47918	0.82178	0.84381	-1.35150
352.019	-2.43251	0.74662	0.82563	-1.25897
356.008	-2.24304	0.67403	0.82657	-1.29893
360.008	-2.36160	0.61293	0.77295	-1.18928
364.028	-2.20528	0.63485	0.72781	-1.14272
368.021	-2.21080	0.53707	0.71062	-1.17024
372.020	-2.27731	0.65435	0.67498	-1.13180
376.020	-2.12843	0.85001	0.70248	-1.13145
380.020	-2.15433	1.22935	0.68101	-1.16938
383.976	-1.89392	1.26340	0.66506	-1.29332
388.020	-2.00886	1.40147	0.55017	-1.28800
392.022	-1.71119	1.70334	0.55962	-1.43790
396.021	-1.61309	1.62584	0.65851	-1.45866
399.917	-1.68260	1.62385	0.53974	-1.38739
404.022	-1.45728	1.57917	0.32613	-1.49066
408.021	-1.29779	1.60475	0.40430	-1.61167
412.021	-1.49326	1.56420	0.15000	-1.56406
416.025	-1.39118	1.59277	0.07004	-1.60041
420.022	-1.38349	1.51510	0.06321	-1.73362
424.023	-1.80243	1.52112	0.07214	-1.92332
428.024	-1.46658	1.41014	0.02345	-2.11671
432.020	-2.36197	1.37027	-0.04904	-2.62100
436.029	-2.38744	1.27129	-0.08440	-2.78022
439.979	-2.56282	1.10261	-0.05787	-2.93071
444.019	-2.67848	0.86007	-0.12389	-2.44097
447.921	-2.61536	0.83160	-1.08217	-2.30891
452.023	-2.33928	0.77147	-1.12095	-1.46408
456.024	-2.64272	0.82262	-1.44215	-1.20614
460.022	-2.84484	0.83700	-1.38337	-1.20538
464.025	-2.88230	0.84540	-1.52213	-0.98872
468.023	-2.78389	0.78026	-1.43820	-1.12537
472.023	-2.82063	0.67512	-1.25547	-1.09409
476.024	-2.79934	0.62935	-1.57297	-1.04549
480.013	-2.73197	0.58630	-1.68119	-1.30988
483.978	-2.63031	0.54237	-1.63194	-1.39583
488.024	-2.58759	0.60315	-1.69698	-1.51359
492.023	-2.38608	0.57645	-1.67982	-1.39552
496.025	-2.23087	0.67446	-1.62835	-1.41979
499.981	-2.17462	0.79192	-1.56908	-1.51622
504.021	-2.07742	0.84279	-1.57721	-1.51194
508.023	-2.01419	0.67828	-1.47734	-1.56193
511.920	-1.90463	0.93167	-1.46167	-1.59550
516.026	-1.87220	0.72236	-1.44210	-1.73039
520.024	-1.77444	0.97032	-1.37297	-1.81170
524.000	-1.71285	0.90378	-1.25297	-1.97830
527.917	-1.62299	0.93680	-1.30332	-1.80147
532.024	-1.57478	1.22685	-1.15069	-1.85052
536.024	-1.50971	1.10777	-0.82372	-1.64879
539.993	-1.53374	1.17587	-0.41219	-1.84459
543.921	-1.51960	1.05679	-0.76320	-1.67106
548.026	-1.44210	1.20912	-0.95433	-1.62912
552.024	-1.60838	1.16361	-1.08549	-1.28699
556.025	-1.56288	0.90358	-1.07934	-1.80177
560.026	-1.62363	0.81954	-1.02102	-1.40757
564.012	-1.52493	0.24348	-1.00888	-1.68710
568.025	-1.53260	0.70327	-1.21053	-1.63881
572.025	-1.59445	0.26861	-1.12640	-1.58727
576.025	-1.50296	0.49007	-0.78732	-1.46817
580.029	-1.48957	0.21741	-0.95678	-1.64597
584.026	-1.37359	0.64450	-0.74397	-1.56589
588.025	-1.28350	0.58175	-0.73982	-1.63343
592.024	-1.26912	0.57125	-0.67263	-1.54511
596.025	-1.29566	0.28626	-0.62526	-1.61417
600.029	-1.34596	0.23302	-0.63220	-1.50167
604.025	-1.31724	0.25806	-0.67436	-1.47082
608.025	-1.60833	0.25773	-0.75697	-1.22383
612.024	-2.15056	0.21447	-1.00013	-0.77130
616.026	-2.67397	0.48211	-0.63915	-1.01770
620.025	-2.64334	0.47790	-0.71372	-1.46917
623.857	-2.22857	0.45913	-0.58235	-1.19009
628.056	-1.42208	0.71828	-0.43425	-1.41222
632.027	-1.82381	0.56052	-0.39325	-1.13449
635.902	-1.57307	0.30518	-0.25083	-1.03114
639.921	-1.31473	0.47168	-0.15392	-0.73395
643.903	-1.24493	0.22918	-0.60652	-0.80365
647.907	-1.06227	0.54150	-0.49577	-1.32860
651.891	-1.10956	0.57786	-0.62707	-1.31535
655.895	-1.16218	0.66711	-0.63469	-1.42181
659.904	-1.16151	0.65044	-0.56783	-1.95840
663.903	-1.11142	0.61706	-0.37573	-1.90079
667.904	-1.18731	0.60572	-0.27860	-1.60658
671.924	-1.54505	0.57848	-0.33958	-1.55969
675.901	-1.61875	0.55338	-0.40993	-1.74562
679.906	-1.62857	0.59028	-0.65717	-1.05369
683.901	-1.52092	0.67575	-0.78975	-1.31551
687.923	-1.53257	0.78672	-0.78345	-1.59001
691.904	0.35757	-3.26686	-0.21162	-1.45442
695.858	1.11174	0.52035	-0.11823	-1.42383
699.902	1.00241	-0.09481	0.07224	-1.74953
703.926	-0.65464	0.73609	0.16931	-1.44621
707.903	-1.79180	0.70347	0.01159	-0.79209
711.902	-1.87899	0.79852	-0.12565	-1.20744
715.903	-1.76658	0.76812	-0.87989	-0.96069
719.921	-1.95205	1.16432	0.35615	-0.01710
723.905	-0.96326	1.30343	0.12592	-0.64821
727.905	-1.18698	0.93742	0.58627	-1.40626
731.905	-2.16325	0.61729	0.60032	-1.62816
735.911	-1.38550	0.03751	-1.63273	-1.60719
739.898	-0.91435	-0.39398	-1.56228	-1.86574
743.903	-1.36834	0.11646	-1.23345	-2.08267
747.858	-2.30771	-0.31736	-0.94785	-2.03749
751.893	-2.72828	-0.70314	0.60419	-1.10124
755.907	-2.99005	-4.83805	-0.63121	-0.80779
759.904	NaN	NaN	-0.56927	-1.60997
763.902	-6.79207	1.53719	-7.23389	11.85191
767.902	-4.33009	0.86668	NaN	NaN
771.912	-9.95100	5.10235	NaN	NaN
775.906	-9.48314	3.39240	NaN	NaN
779.872	-9.17510	3.43342	NaN	NaN
783.923	-9.33570	1.60880	NaN	NaN
787.904	-8.25839	-0.21923	NaN	NaN
791.904	-4.92334	-1.02485	-10.52137	15.00193
795.934	-6.98035	-3.00814	-5.54688	10.97992
799.927	-4.83255	-6.69294	-7.29643	-1.35543
803.906	-3.73910	-5.56000	-7.50603	-3.00370
807.905	-3.01222	-5.77446	-7.94457	-5.21473
811.862	-2.43486	-5.18664	-10.33226	-5.39194
815.896	-3.47905	-3.63239	-7.96446	-5.66227
819.881	-2.82350	-3.31766	-9.26638	-5.00118
823.904	-5.63621	-2.21435	-5.20455	-5.68524
827.907	-6.54249	-1.23348	-10.39074	-3.24399
831.928	-5.77033	-1.89264	-3.16666	-5.45854
835.908	-5.75158	-3.06099	-9.02200	-5.68890
839.906	-5.72704	-2.80192	-2.95497	-5.16526
843.906	-5.95992	-3.19252	-6.40523	-5.42354
847.928	-6.45074	-3.02202	-5.75608	-3.08209
851.909	-6.80039	-3.18875	-5.05676	-4.38303
855.909	-7.17585	-3.19467	-4.54898	-4.60623
859.900	-6.72078	-3.23594	-3.81565	-5.41693
863.926	-6.22169	-2.73368	-4.04542	-5.74894
867.907	-6.15482	-2.62970	-4.44743	-5.72549
871.908	-6.42927	-2.89219	-4.77707	-5.28399
875.909	-6.24933	-3.27289	-4.45809	-4.96116
879.941	-6.10811	-3.23719	-4.59926	-4.77749
883.908	-6.27439	-3.32101	-5.15613	-5.25155
887.906	-6.39430	-3.22590	-4.80955	-4.86678
891.906	-6.57428	-3.24025	-4.90777	-4.99315
895.931	-6.27822	-2.94278	-4.68799	-5.47134
899.908	-6.34125	-2.98038	-4.82538	-5.49513
903.880	-6.17511	-3.16507	-4.67828	-5.45021
907.906	-5.98925	-3.34197	-4.87705	-5.39107
911.931	-6.33407	-3.23420	-4.81781	-5.50123
915.909	-6.34787	-3.34491	-4.98635	-5.41406
919.908	-6.60211	-3.45382	-5.11647	-5.60879
923.909	-6.15743	-3.38116	-5.06895	-5.65879
927.930	-6.43780	-3.02426	-4.75504	-5.66355
931.909	-6.20955	-3.15255	-4.70345	-5.71737
935.909	-6.27103	-3.85965	-4.72738	-5.71811
939.911	-6.17126	-3.10193	-4.58466	-5.76299
943.921	-6.00487	-1.09568	-1.34624	-5.77316
947.907	-1.60657	-3.55865	-5.08722	-5.56168
951.910	-5.60590	-3.27088	-8.91156	-5.21013
955.910	-4.94664	-3.17700	-5.75143	-6.08471
959.907	-8.21874	1.22764	-6.70122	3.95328
963.910	-9.54696	6.20395	NaN	NaN
967.911	-10.65175	12.28972	NaN	NaN
971.909	NaN	NaN	NaN	NaN
975.906	NaN	NaN	NaN	NaN
979.915	NaN	NaN	NaN	NaN
983.911	NaN	NaN	NaN	NaN
987.873	NaN	NaN	NaN	NaN
991.908	NaN	NaN	NaN	NaN
995.915	NaN	NaN	NaN	NaN
999.907	NaN	NaN	NaN	NaN
1003.909	NaN	NaN	NaN	NaN
1007.909	NaN	NaN	NaN	NaN
1011.908	NaN	NaN	NaN	NaN
1015.909	NaN	NaN	NaN	NaN
1019.908	NaN	NaN	NaN	NaN
1023.909	NaN	NaN	NaN	NaN
1027.886	NaN	NaN	NaN	NaN
1031.910	NaN	NaN	NaN	NaN
1035.865	NaN	NaN	NaN	NaN
1039.911	NaN	NaN	NaN	NaN
1043.911	NaN	NaN	NaN	NaN
1047.911	NaN	NaN	NaN	NaN
1051.867	NaN	NaN	NaN	NaN
1055.912	NaN	NaN	NaN	NaN
1059.911	NaN	NaN	NaN	NaN
1063.913	-20.44974	-1.45063	NaN	NaN
1067.904	-23.50550	-3.97892	NaN	NaN
1071.901	-19.42414	-3.95576	NaN	NaN
1075.911	-15.12111	-5.29377	-22.20445	8.19665
1079.934	-15.11156	-4.56528	-17.37623	-3.09977
1083.914	-15.61483	-5.61581	-16.03400	-6.10765
1087.914	-4.00919	-5.73874	-16.32878	-7.86750
1091.912	-3.63065	-4.88463	-16.40722	-6.25604
1095.923	-4.68767	-5.18599	-15.95504	-5.37005
1099.913	-11.40279	-5.54143	-15.43731	-5.46104
1103.914	-12.10127	-5.84046	-14.34806	-6.08209
1107.913	-11.65699	-5.54645	-11.48146	-6.77019
1111.902	-12.22552	-5.81304	-9.81209	-7.94619
1115.913	-11.76036	-5.77092	-11.25889	-7.88244
1119.913	-11.74558	-5.48638	-10.58203	-7.46596
1123.910	-11.74694	-5.56129	-10.08601	-6.87993
1127.902	-11.69145	-5.38216	-10.17582	-7.70085
1131.914	-11.71775	-5.44273	-10.19539	-7.80070
1135.913	-11.81784	-5.43168	-10.18615	-7.81072
1139.918	-11.77827	-5.26467	-10.25632	-7.77743
1143.913	-11.60518	-5.10819	-10.32810	-7.56369
1147.913	-11.71377	-5.26585	-10.31739	-7.56058
1151.895	-11.63830	-5.45880	-10.24021	-7.63455
1155.910	-11.59261	-5.59976	-10.23534	-7.56021
1159.904	-11.54744	-5.21248	-10.26689	-7.48201
1163.911	-11.50608	-5.21134	-10.24829	-7.50405
1167.912	-11.36181	-5.25604	-10.18312	-7.55365
1171.915	-11.30968	-5.09277	-10.27225	-7.49523
1175.909	-11.26345	-5.02068	-10.30396	-7.38729
1179.912	-11.15305	-4.87875	-10.12868	-7.29654
1183.914	-10.98669	-4.79572	-10.13652	-7.25822
1187.915	-11.01962	-4.73131	-10.22370	-7.18453
1191.916	-11.00931	-4.96917	-10.22094	-7.09173
1195.870	-11.03449	-5.12368	-10.04109	-6.94109
1199.916	-11.12039	-4.96599	-9.98846	-6.85907
1203.915	-11.16805	-4.92600	-9.97637	-6.90030
1207.902	-11.19103	-4.92830	-9.99414	-6.66618
1211.915	-10.93533	-4.95198	-9.96855	-6.59408
1215.916	-10.88977	-5.00718	-9.88808	-6.59460
1219.916	-11.06631	-5.10636	-9.89778	-6.60794
1223.913	-11.04936	-5.29083	-9.92875	-6.53567
1227.916	-11.13865	-5.43778	-9.82980	-6.55855
1231.916	-11.17818	-5.36925	-9.75261	-6.53432
1235.893	-11.19884	-5.39508	-9.74224	-6.51109
1239.921	-11.05730	-5.72709	-9.84486	-6.51886
1243.916	-11.41533	-6.39336	-9.88398	-6.55354
1247.870	-11.56648	-6.37174	-10.81774	-7.19200
1251.916	-11.79158	-9.93005	-11.86586	-9.02788
1255.904	-13.90417	-12.69693	-11.86267	-8.80580
1259.915	-12.35694	-12.74097	-11.96710	-8.86748
1263.916	-13.24094	-12.65283	-12.06102	-9.20271
1267.915	-14.61027	-12.65719	-12.33397	-9.43596
1271.914	-15.15496	-12.92497	-12.41040	-9.77391
1275.916	-15.34307	-12.72002	-12.62169	-9.96481
1279.915	-15.26891	-12.33984	-12.74074	-9.91794
1283.919	-19.99372	-12.22398	-12.25249	-10.30737
1287.912	-15.15062	-14.13742	-12.59139	-10.25357
1291.917	-15.36281	-13.89969	-12.75738	-10.29659
1295.943	-15.36008	-12.94376	-12.61093	-10.17360
1299.917	-15.41753	-14.19085	-12.64617	-9.99546
1303.914	-15.18816	-14.41810	-12.71781	-10.20977
1307.916	-14.97363	-13.97315	-12.70943	-10.40741
1311.872	-14.91342	-13.46278	-12.47948	-10.43182
1315.918	-15.27480	-13.97165	-12.50318	-10.39204
1319.813	-15.47081	-13.81863	-12.35611	-10.31222
1323.917	-15.27566	-13.67437	-12.11515	-10.31560
1327.919	-15.17478	-13.55405	-12.06596	-10.20788
1331.918	-15.10078	-13.33946	-11.81320	-10.14680
1335.813	-14.90141	-13.47958	-11.98346	-10.08053
1339.918	-15.04177	-13.34341	-12.08169	-10.08166
1343.917	-15.03395	-13.55852	-12.13889	-10.03458
1347.919	-14.99510	-13.80876	-12.11064	-9.91005
1351.917	-15.04751	-13.36379	-12.16112	-9.89909
1355.917	-15.09330	-13.60352	-12.04308	-9.81065
1359.899	-15.04922	-13.62861	-12.08043	-9.78647
1363.913	-14.98308	-13.79054	-12.02997	-9.75806
1367.816	-14.95067	-13.30911	-11.95097	-9.76757
1371.917	-14.96916	-13.36549	-11.87555	-9.76066
1376.268	-14.98732	-13.54871	-11.86918	-9.75550
1381.026	-15.06406	-13.63903	-11.89899	-9.68364
1383.921	-15.08150	-13.89397	-11.97546	-9.62534
1387.915	-15.11711	-13.89275	-11.90493	-9.58525
1391.919	-15.21580	-13.69858	-11.89136	-9.60180
1395.919	-15.22193	-13.85740	-11.78928	-9.58333
1399.816	-15.30870	-13.71773	-11.83350	-9.57561
1403.822	-15.25820	-13.61747	-11.89259	-9.60800
1407.919	-15.33287	-13.33022	-11.97531	-9.61289
1411.922	-15.31833	-12.87627	-11.96379	-9.55156
1415.918	-15.22216	-12.48337	-12.24841	-9.55697
1419.920	-15.22897	-12.77377	-12.41194	-9.57821
1423.922	-15.06366	-12.44299	-12.20330	-9.54048
1427.921	-15.03661	-12.38785	-12.05960	-9.48157
1431.816	-19.99372	-12.13571	-12.05122	-9.48822
1435.920	-14.99970	-14.32509	-12.11586	-9.57786
1439.911	-14.92097	-13.70485	-12.25820	-9.59438
1443.897	-14.91302	-12.94565	-12.31582	-9.58615
1447.923	-14.84851	-12.55998	-12.32554	-9.56728
1451.919	-14.73327	-12.50393	-12.29429	-9.42938
1455.920	-14.73283	-12.44933	-12.24879	-9.37470
1459.920	-14.74572	-12.63711	-12.19045	-9.23921
1463.816	-14.66705	-12.87099	-12.15248	-9.17774
1467.875	-14.64561	-12.66657	-12.17381	-9.06427
1471.920	-14.60725	-12.93568	-12.23211	-9.05177
1475.920	-14.58812	-13.47438	-12.26450	-8.98645
1479.817	-14.54479	-13.35766	-12.28154	-8.85317
1483.925	-14.52786	-13.12085	-12.29569	-9.02663
1487.920	-14.47634	-12.94211	-12.33375	-8.93764
1491.920	-14.48848	-12.77424	-12.16591	-9.07309
1495.817	-14.55590	-12.82203	-12.17876	-9.14870
1499.876	-14.53570	-12.99009	-12.09712	-9.19332
1503.922	-14.50756	-12.75792	-12.06199	-9.34878
1507.922	-14.51595	-12.77815	-12.05656	-9.45139
1511.815	-14.55990	-12.84792	-11.95947	-9.52310
1515.921	-14.64124	-12.84444	-11.96551	-9.56169
1519.922	-14.65216	-12.50980	-12.11289	-9.57020
1523.923	-14.60911	-12.49767	-12.20895	-9.53324
1527.816	-14.60163	-12.50303	-12.10578	-9.43699
1531.923	-14.57996	-12.51873	-11.97852	-9.33904
1535.924	-14.54651	-12.63160	-12.02252	-9.09562
1539.928	-14.48950	-12.76103	-12.03057	-8.93429
1543.819	-14.42570	-12.94942	-12.04576	-8.93389
1547.924	-14.42302	-12.90919	-12.02083	-8.95062
1551.921	-14.40554	-12.98362	-12.00590	-8.89662
1555.923	-14.37522	-13.05899	-12.02195	-8.86851
1559.819	-14.39578	-13.12215	-11.99756	-8.87165
1563.878	-14.33502	-13.26546	-11.74083	-8.74631
1567.876	-14.39939	-13.03220	-11.79218	-8.76150
1571.922	-14.29653	-12.32854	-11.71599	-8.76569
1575.794	-13.51696	-12.33564	-11.33271	-8.73227
1579.924	-12.40524	-9.48647	-9.49086	-8.72977
1583.928	-8.94493	-9.54480	-8.43664	-8.25435
1587.922	-6.95125	-8.74673	-6.68690	-7.97549
1591.819	-6.19118	-7.82014	-4.61341	-7.45311
1595.904	-3.79571	-8.61385	-2.58130	-6.70767
1599.925	-3.19974	-8.51178	-1.87458	-6.40110
1603.924	-1.13883	-7.75034	-0.46743	-6.15426
1607.789	0.43539	-8.53953	0.86607	-6.07234
1611.920	1.12876	-7.79793	2.84858	-6.29251
1615.924	1.51606	-7.13353	3.40477	-6.14584
1619.923	1.52878	-7.51497	3.40645	-6.26101
1623.924	1.71930	-7.80827	3.49238	-6.15965
1627.924	1.72808	-7.53740	3.50076	-6.04007
1631.925	1.76279	-7.65974	3.55068	-6.13036
1635.924	1.78590	-7.76094	3.64041	-6.17183
1639.925	1.69458	-7.79718	3.68804	-6.20932
1643.924	1.65942	-7.83674	3.71014	-6.22412
1647.925	1.35321	-8.23306	3.54262	-6.32536
1651.902	1.69376	-8.65076	3.56030	-6.41661
1655.797	1.59956	-8.44353	3.66021	-6.47708
1659.788	1.56548	-8.02116	3.58309	-6.50020
1663.807	1.40740	-8.19740	3.62756	-6.57095
1667.798	1.17339	-8.03430	3.64061	-6.64705
1671.821	1.17465	-8.34728	3.67865	-6.53724
1675.799	1.25592	-8.34265	3.65744	-6.48515
1679.799	1.11157	-8.34454	3.65356	-6.53189
1683.799	0.91887	-8.42173	3.71562	-6.55153
1687.797	0.68208	-8.55628	3.97565	-6.66711
1691.802	0.64761	-8.35556	4.00927	-6.61242
1695.801	0.64191	-8.03042	3.99008	-6.74333
1699.769	0.85089	-8.18171	3.85469	-6.70294
1703.798	0.64359	-8.38966	4.11221	-6.56981
1707.800	0.49133	-8.36252	4.21259	-6.76503
1711.801	0.17159	-8.10864	4.53758	-6.73058
1715.800	0.39626	-8.25711	4.52920	-6.79481
1719.820	0.18958	-8.24237	4.31869	-6.79565
1723.800	0.21353	-8.83309	4.07883	-6.85392
1727.800	0.41261	-8.66706	4.24959	-6.98632
1731.803	0.31776	-8.35771	4.33816	-7.02179
1735.819	0.38727	-7.80613	4.08606	-6.97995
1739.779	0.50235	-8.09590	3.68779	-6.99821
1743.801	0.50885	-8.22408	3.72946	-7.02063
1747.802	0.76600	-8.38193	3.35130	-7.08751
1751.821	0.74541	-8.13607	3.23846	-7.01333
1755.804	0.85215	-8.26091	3.83925	-7.05330
1759.802	1.05275	-8.29654	3.72175	-7.08522
1763.777	1.34276	-8.41655	3.79289	-7.22629
1767.822	0.91560	-8.27172	3.71135	-7.28126
1771.802	0.16529	-8.29535	3.65220	-7.24728
1775.803	0.85233	-8.26619	3.74580	-7.06561
1779.801	1.70261	-8.57079	3.71901	-7.18565
1783.823	3.35907	-8.55954	3.80036	-7.10236
1787.804	6.69133	-8.02467	6.75911	-6.94979
1791.803	7.31645	-8.38199	6.73874	-6.72279
1795.797	7.92050	-8.33946	8.69428	-6.78740
1799.793	10.51372	-8.51375	9.44518	-6.49790
1803.801	11.90970	-8.30234	11.33543	-6.74613
1807.801	12.16980	-8.53500	12.28007	-6.76118
1811.804	13.30766	-8.41457	12.52371	-6.18101
1815.795	13.01918	-8.49912	13.30082	-6.18056
1819.804	12.67374	-8.54993	13.14105	-6.28394
1823.772	12.68654	-8.17011	13.41934	-6.38064
1827.801	12.97024	-8.22235	13.08889	-6.12406
1831.801	13.10904	-8.16875	13.47345	-6.26665
1835.806	13.44888	-8.17171	13.58812	-6.43136
1839.805	12.60613	-7.99137	13.29481	-6.52849
1843.804	12.47624	-7.71092	13.39107	-6.59524
1847.803	12.48471	-7.91954	13.10772	-6.51524
1851.804	12.54803	-8.05904	13.04643	-6.38397
1855.805	12.22578	-7.90632	12.84848	-6.37510
1859.805	12.22469	-7.82940	12.65652	-6.36998
1863.761	12.15524	-7.80787	12.92057	-6.39991
1867.806	12.17381	-7.73982	13.08209	-6.41834
1871.803	12.22829	-7.75031	13.55316	-6.62230
1875.805	12.33283	-7.60947	13.02191	-6.55828
1879.824	12.38562	-7.61203	13.10415	-6.57962
1883.805	12.02826	-7.70110	13.48552	-6.60745
1887.803	12.08046	-7.77716	13.05526	-6.40863
1891.807	12.25166	-7.69708	13.00311	-6.27420
1895.764	12.08770	-7.57587	13.27015	-6.21648
1899.811	12.31938	-7.54461	13.40121	-6.55018
1903.803	12.13007	-7.69847	13.23866	-6.60835
1907.769	12.15360	-7.60309	13.41751	-6.83114
1911.828	12.11996	-7.60741	13.31281	-6.90182
1915.802	12.09949	-7.57537	13.41932	-7.11995
1919.801	12.07106	-7.51458	13.54668	-7.20365
1923.805	12.09830	-7.42532	13.52984	-7.18648
1927.795	12.20401	-7.24183	13.33401	-6.85134
1931.806	12.27164	-7.20841	13.30832	-6.69131
1935.806	12.14430	-7.15559	13.41204	-6.82026
1939.807	12.21184	-7.22032	13.56111	-6.94081
1943.825	11.98348	-7.01049	13.57621	-6.76936
1947.787	11.31168	-6.48899	13.55923	-7.07470
1951.804	11.03119	-6.19927	13.37218	-7.05955
1955.806	11.12926	-5.80556	13.43120	-7.21737
1959.826	11.47024	-5.47427	13.34467	-7.07719
1963.808	11.17672	-5.65208	13.42228	-7.04655
1967.807	11.12283	-6.08888	13.45867	-6.93219
1971.807	11.51964	-5.98183	13.67368	-7.10933
1975.827	11.85435	-6.70115	13.79388	-7.08424
1979.818	11.35773	-6.96048	13.60812	-7.03907
1983.807	11.32891	-6.99526	13.47864	-7.05476
1987.807	11.43700	-6.92978	13.64335	-7.20117
1991.826	11.54925	-6.74992	13.59366	-7.15005
1995.826	11.82713	-6.84384	13.68480	-7.14751
1999.762	11.98313	-6.69193	13.70153	-7.22723
2003.805	11.82915	-6.48254	13.59075	-7.17372
2007.826	11.81586	-6.67207	13.59398	-7.12764
2011.807	11.69390	-6.70270	13.27727	-7.01115
2015.808	11.79655	-6.72424	13.32374	-6.95338
2019.808	11.78267	-6.69682	13.25505	-6.87016
2023.830	11.81551	-6.62418	13.27555	-6.86465
2027.808	11.87608	-6.69880	13.43723	-7.00036
2031.809	11.81458	-6.76755	13.76598	-7.20125
2035.807	11.74910	-6.83881	13.37237	-6.83951
2039.829	11.83253	-6.85270	13.34667	-6.74003
2043.807	11.72745	-6.26234	13.14546	-6.64191
2047.810	11.68791	-6.42647	13.47080	-6.63744
2051.808	11.61537	-5.93083	13.82534	-6.85385
2055.805	11.59658	-5.59476	13.68101	-6.65975
2059.811	11.58091	-6.28708	13.84221	-6.71606
2063.810	11.47488	-5.67826	13.34857	-6.69259
2067.810	11.49200	-5.12189	13.42695	-6.66938
2071.830	11.42880	-5.13557	13.45000	-6.60861
2075.798	11.35740	-5.06681	13.07154	-6.50606
2079.810	11.29956	-4.62702	13.06680	-6.58720
2083.809	11.11220	-4.76445	13.24692	-6.80179
2087.841	11.15131	-4.85184	13.35325	-6.64634
2091.808	11.12754	-4.89912	13.17798	-6.57221
2095.790	11.13566	-4.85130	13.50598	-6.60271
2099.810	11.08636	-4.97361	13.46118	-6.48625
2103.829	10.56697	-4.16802	13.27873	-6.43592
2107.811	10.43599	-3.92970	13.28561	-6.20944
2111.810	12.87541	-2.83581	16.69969	-6.02736
2115.809	18.39742	-2.55885	22.62276	-6.03938
2119.830	16.00518	1.67214	23.16212	-1.03761
2123.811	NaN	NaN	NaN	NaN
2127.809	NaN	NaN	NaN	NaN
2131.809	NaN	NaN	NaN	NaN
2135.811	NaN	NaN	NaN	NaN
2139.808	NaN	NaN	NaN	NaN
2143.805	NaN	NaN	NaN	NaN
2147.807	NaN	NaN	NaN	NaN
2151.815	NaN	NaN	NaN	NaN
2155.791	NaN	NaN	NaN	NaN
2159.810	NaN	NaN	NaN	NaN
2163.768	NaN	NaN	NaN	NaN
2167.812	NaN	NaN	NaN	NaN
2171.812	NaN	NaN	NaN	NaN
2175.812	NaN	NaN	NaN	NaN
2179.769	NaN	NaN	NaN	NaN
2183.831	NaN	NaN	NaN	NaN
2187.812	NaN	NaN	NaN	NaN
2191.814	NaN	NaN	17.98038	11.08796
2195.767	13.38534	4.51273	15.94532	3.08088
2199.806	17.38301	8.01816	NaN	NaN
2203.812	18.82149	8.05234	20.80783	6.05602
2207.813	18.56496	7.94593	20.28945	5.80625
2211.812	17.85263	4.38012	19.16730	4.94410
2215.814	18.52732	4.61769	17.34236	2.11070
2219.812	17.01172	4.43965	16.56264	2.34128
2223.801	14.82005	4.34026	15.86656	-0.55191
2227.812	12.09225	1.77028	13.44343	-0.40783
2231.814	12.34782	1.72715	13.29173	1.03521
2235.812	11.88005	1.77347	13.07759	1.11516
2239.802	11.75343	2.29151	12.98143	0.00308
2243.811	11.94971	2.10547	12.81660	0.56476
2247.768	12.13735	2.17298	12.79876	0.94776
2251.813	12.15275	2.12011	12.89796	-0.08960
2255.802	12.20484	2.18504	12.99340	-1.04022
2259.813	12.12231	2.29063	12.97342	-0.74653
2263.813	12.11268	2.31075	12.98094	-0.60686
2267.814	11.80057	2.04174	12.85878	0.19526
2271.802	11.54008	2.12086	12.84444	0.47499
2275.814	11.57655	1.89782	12.97309	0.19592
2279.813	11.67524	1.97914	12.99606	0.15995
2283.806	11.65961	2.01865	12.81405	0.53089
2287.817	11.59904	2.08259	12.98987	0.42811
2291.815	11.53131	2.18691	13.00716	0.29785
2295.802	11.63116	2.08602	13.08114	0.43765
2299.815	11.60868	2.05429	13.31551	-0.00138
2303.815	11.61016	1.94721	13.34474	0.25484
2307.815	11.70921	1.90148	13.41537	0.03995
2311.814	11.90165	1.85111	13.45073	0.00152
2315.817	12.21364	1.82123	13.55156	0.08477
2319.813	12.33347	1.87145	13.36234	0.24157
2323.779	12.56051	1.74891	13.35856	0.27315
2327.817	12.65337	1.74975	13.38078	0.32947
2331.817	12.63627	1.75345	13.75027	0.06626
2335.806	12.47688	1.88855	13.87162	-0.14656
2339.814	12.66885	2.20552	13.63651	-0.00290
2343.814	12.79225	1.41021	13.59253	0.18451
2347.815	12.80648	1.15634	13.57640	0.29007
2351.712	12.72310	1.54130	13.21500	0.95974
2355.815	12.63615	1.92807	13.57079	-0.05418
2359.815	11.90376	2.38250	13.28007	-0.47737
2363.816	12.54672	2.24331	13.27045	0.18171
2367.815	13.02514	1.45719	13.13489	0.33714
2371.817	12.86650	2.06649	13.37768	0.14843
2375.816	12.62670	1.24122	13.51048	0.33446
2379.776	12.95176	1.11570	13.46740	0.36152
2383.806	12.51336	1.56428	13.49169	-0.15443
2387.817	12.02658	2.15892	13.26220	-0.02426
2391.820	12.31341	2.27940	13.23083	0.07741
2395.835	12.25308	2.25039	13.32397	0.15715
2399.713	13.01209	1.92981	13.59326	0.08746
2403.815	12.61003	2.13038	13.55625	0.15004
2407.807	12.80003	2.31291	13.56535	0.10042
2411.817	12.59382	2.56061	13.37059	0.17104
2415.714	12.54852	2.77052	13.29288	0.21015
2419.816	12.15516	3.14180	13.20980	0.43527
2423.818	12.66148	2.96812	13.06782	0.30879
2427.820	12.61710	2.84937	13.35839	-0.11102
2431.815	12.80803	2.70078	13.19183	-0.07619
2435.817	12.89673	2.74626	13.65289	0.21165
2439.818	12.88930	2.85742	13.67752	-0.22749
2443.818	12.75934	2.89364	13.46306	0.22533
2447.716	12.61311	3.03184	13.31464	0.15307
2451.772	12.50418	2.87617	13.09299	0.14861
2455.818	12.36445	2.84934	13.06815	0.61279
2459.818	12.28007	2.64143	13.12929	0.48369
2463.714	12.19014	2.59100	12.82875	1.03511
2467.816	11.34048	2.77737	10.33173	1.79177
2471.819	9.63836	3.22125	8.25980	2.21237
2475.818	7.83412	3.76365	5.56620	4.94077
2479.713	5.79224	4.62636	2.97562	6.29075
2483.818	3.17156	5.38128	1.92292	4.24850
2487.801	1.39597	5.71820	1.77759	4.64237
2491.815	-0.00060	5.83082	-0.91133	4.27711
2495.714	-1.77343	5.84774	-1.70908	5.62478
2499.773	-1.73242	6.03807	-2.00247	5.75155
2503.821	-1.01660	5.90354	-1.63338	5.61346
2507.820	-1.25448	6.26155	-0.27657	5.85756
2511.820	-0.82908	6.20439	-0.47135	5.35539
2515.821	-1.43615	6.41558	-0.53868	5.01782
2519.819	-1.31826	6.42024	-0.68429	4.85392
2523.821	-1.48446	6.62105	-1.05451	4.78711
2527.821	-1.53317	6.53589	-1.06622	4.60645
2531.784	-1.28799	6.55148	-0.53289	4.63331
2535.820	-1.21827	6.65275	-0.51466	5.11392
2539.819	-1.33944	6.72218	-0.38519	4.84897
2543.715	-1.37245	6.67250	-0.41405	4.88833
2547.820	-1.43007	6.65592	-0.13181	4.49387
2551.819	-1.48496	6.64000	-0.32886	4.77733
2555.819	-1.56233	6.62206	-0.05629	4.32037
2559.717	-1.58125	6.55089	-0.02849	4.56635
2563.775	-1.72423	6.47888	-0.08227	4.48767
2567.821	-1.68647	6.42807	-0.02884	4.57695
2571.797	-1.77640	6.33016	-0.57865	5.64185
2575.713	-1.98331	6.30957	-0.50274	4.84123
2579.820	-2.23605	6.19370	-0.19526	4.81725
2583.820	-1.93730	6.25534	-0.40214	4.85271
2587.820	-2.12565	6.21317	-0.38611	5.13706
2591.826	-2.28093	6.17820	-0.16484	4.53268
2595.820	-2.08030	6.21772	-0.25865	5.16586
2599.821	-2.05078	6.28598	-0.35047	5.20335
2603.820	-2.16694	6.37141	-0.81454	5.46053
2607.718	-2.36693	6.21583	-0.90240	5.52584
2611.817	-2.14694	6.22290	-0.60598	5.12777
2615.824	-2.32989	6.38317	-0.81679	5.04724
2619.821	-2.28940	6.28283	-0.64761	5.29007
2623.824	-2.32622	6.46225	-0.66613	5.14178
2627.823	-2.74019	6.51076	-0.40197	5.18390
2631.823	-2.13165	6.60078	-0.15715	4.79979
2635.832	-2.12858	6.69244	-0.41194	5.16615
2639.719	-1.94372	6.69528	-0.47842	4.90777
2643.822	-2.20473	6.47561	-0.70692	5.17555
2647.824	-2.25491	6.38997	-0.55357	5.27499
2651.820	-2.09460	6.53866	-0.66213	5.14215
2655.823	-2.44251	6.48902	-0.66861	4.66247
2659.820	-2.00824	6.57884	-0.66903	4.69527
2663.823	-1.93732	6.66959	0.14610	4.10306
2667.822	-1.92778	6.54337	0.20422	4.27023
2671.822	-1.78002	6.74930	-0.65858	5.13590
2675.821	-2.17849	6.64235	-0.58808	4.80768
2679.822	-1.98571	6.63779	-0.90088	4.12202
2683.825	-4.78151	6.39617	-3.86210	4.74811
2687.654	-4.33024	6.76344	-4.59891	4.97072
2691.703	-4.70387	6.45391	-5.93446	3.59996
2695.652	-7.97780	6.10487	-5.86327	3.77877
2699.698	-7.14541	0.34195	-5.66253	3.76939
2703.688	-7.57881	0.98139	-5.46967	4.50816
2707.699	-2.29032	1.22636	-5.24262	4.50326
2711.698	-2.52515	1.34845	-5.12801	4.79433
2715.699	-4.79965	1.34158	-5.26797	4.71817
2719.688	-4.94886	1.35536	-5.42759	4.66453
2723.699	-5.06264	1.24942	-5.64960	4.73876
2727.697	-5.10610	1.28125	-5.40302	4.85815
2731.699	-6.15936	1.40456	-5.52445	5.00217
2735.689	-6.69818	1.56373	-5.69352	5.47902
2739.700	-3.50635	1.89639	-5.34599	4.86771
2743.677	-3.95167	1.86512	-4.94585	4.37307
2747.658	-4.21661	2.28964	-5.07826	4.30460
2751.689	-4.68198	2.33369	-5.27395	4.77715
2755.700	-4.88518	2.61055	-5.15020	4.65577
2759.698	-5.32132	2.79100	-5.07018	4.48648
2763.653	-5.20524	-1.11185	-4.97785	4.25192
2767.690	-5.71357	5.39078	-5.18879	4.21765
2771.699	-5.84181	5.81276	-5.52824	4.74627
2775.700	-5.96596	5.96863	-4.72105	5.05413
2779.701	-4.23093	-0.09769	-4.90969	4.94424
2783.697	-4.59973	0.55224	-4.89612	4.08423
2787.699	-5.93792	5.33592	-5.16034	4.38088
2791.704	-5.10957	0.27641	-5.20189	4.11701
2795.699	-5.78244	4.96373	-5.11861	3.68729
2799.718	-6.01451	5.56410	-5.23676	3.55053
2803.700	-6.29043	5.60407	-5.05612	3.92173
2807.700	-7.65017	5.53014	-4.96031	4.34380
2811.701	-6.11550	5.64918	-5.02979	3.69807
2815.696	-5.57916	5.63255	-5.32924	3.76644
2819.703	-6.39021	5.57966	-5.25060	4.65326
2823.702	-6.33623	5.53187	-5.07114	4.10125
2827.671	-6.19957	5.27838	-5.05063	4.95834
2831.669	-6.25377	5.48377	-5.07946	4.61205
2835.702	-6.26814	5.42904	-5.07168	4.18538
2839.702	-6.01186	5.72086	-5.31044	3.68777
2843.702	-6.20126	5.79141	-5.41790	4.44096
2847.720	-5.88154	5.76767	-5.02905	4.23770
2851.702	-6.22221	5.80876	-4.99815	4.04045
2855.700	-6.25953	5.64235	-5.09515	4.09829
2859.701	-6.37332	5.52565	-4.90299	4.31582
2863.720	-6.28285	5.88995	-5.01339	4.21447
2867.685	-6.17788	5.77912	-5.12299	3.97680
2871.698	-6.35349	5.75531	-5.16930	4.18312
2875.704	-6.11984	5.89127	-5.13208	4.00664
2879.695	-6.10090	5.94052	-5.17563	4.05023
2883.699	-6.14732	5.80733	-5.09569	4.05748
2887.702	-6.09896	5.77214	-5.14316	3.99352
2891.709	-6.84659	5.80315	-5.16548	3.91656
2895.722	-6.24310	5.95298	-5.30463	3.95411
2899.703	-6.22434	5.92683	-5.29425	3.92314
2903.703	-6.14582	5.74187	-5.30951	3.89726
2907.702	-6.08301	5.87475	-5.30350	3.85383
2911.724	-6.78515	5.88645	-5.33256	3.73829
2915.705	-6.82068	5.85848	-5.36973	3.87053
2919.702	-6.17170	6.00420	-5.38373	3.96268
2923.703	-6.10966	5.95621	-5.39512	3.86367
2927.724	-6.10782	5.70972	-5.40917	3.82292
2931.704	-5.98189	5.79085	-5.39286	3.97966
2935.706	-5.82393	5.44545	-5.39330	3.88173
2939.659	-6.04453	5.56774	-5.35876	3.80898
2943.692	-6.29933	5.76891	-5.35040	3.71988
2947.704	-5.89758	5.79359	-5.26297	3.92144
2951.681	-5.84967	5.74874	-5.22000	4.07292
2955.704	-8.03149	5.63440	-5.36649	3.81748
2959.695	-7.23860	5.87679	-5.37566	3.57253
2963.705	-5.98059	5.55407	-5.54292	3.54665
2967.704	-5.97752	5.59772	-5.38132	3.74923
2971.702	-5.79629	5.38888	-5.16644	3.79682
2975.723	-5.73124	5.05648	-5.46758	3.85060
2979.705	-5.92788	5.48128	-5.38700	3.81488
2983.704	-5.99230	5.57113	-5.24181	3.98652
2987.706	-5.75306	5.54282	-5.16982	3.65325
2991.696	-5.93861	5.59579	-5.56524	3.65291
2995.693	-6.05383	5.54167	-5.47144	3.33114
2999.660	-6.05633	5.42914	-5.41057	3.57873
3003.705	-6.05849	5.57641	-5.46748	3.67598
3007.726	-6.24107	5.49996	-5.23854	3.72752
3011.705	-6.14935	5.54385	-5.17988	3.67981
3015.661	-5.93284	5.63051	-5.19288	3.70867
3019.705	-5.94654	5.79579	-5.19972	3.53728
3023.695	-6.24430	5.84330	-5.04080	3.50701
3027.707	-6.41996	5.88534	-5.08439	3.55424
3031.706	-6.51528	6.02587	-5.11780	3.76204
3035.676	-6.17006	5.82204	-5.14441	3.81533
3039.703	-6.47056	5.77946	-5.15773	3.79670
3043.707	-6.17840	5.50925	-5.22990	3.59099
3047.707	-5.86268	5.52681	-5.13220	3.49983
3051.706	-5.92041	5.59823	-5.25018	3.35212
3055.725	-5.30471	5.53474	-5.23740	3.41973
3059.706	-5.52416	5.67780	-5.39382	3.78743
3063.690	-6.18186	5.49326	-5.54624	3.67111
3067.706	-6.09589	5.47578	-5.44635	3.88639
3071.731	-6.11604	5.44228	-5.33160	3.71910
3075.688	-6.20349	5.49127	-5.21592	3.75910
3079.696	-6.10419	5.52586	-5.17703	3.81452
3083.707	-5.58115	5.39162	-5.40115	3.87038
3087.726	-6.04362	5.64886	-5.39300	3.86804
3091.706	-6.08858	5.61024	-5.41967	4.00750
3095.709	-6.22402	5.40526	-5.19534	4.08182
3099.707	-6.16206	5.50367	-5.48418	4.10057
3103.726	-6.21745	5.58860	-5.19027	4.08751
3107.707	-5.70219	5.58028	-5.18124	4.15557
3111.708	-6.26049	5.41722	-5.41199	3.89388
3115.709	-6.31343	5.60586	-5.24912	3.97101
3119.699	-6.09373	5.51742	-5.21836	4.02930
3123.705	-6.19322	5.75868	-5.37999	3.74364
3127.710	-6.25838	5.55780	-5.38880	3.75462
3131.708	-6.16994	5.47412	-5.43964	4.04493
3135.697	-5.73694	5.51398	-5.30505	3.73713
3139.710	-6.29742	5.72397	-5.04203	3.65257
3143.709	-6.36479	5.66099	-5.18198	3.72554
3147.709	-6.34827	5.49815	-5.45686	3.62950
3151.699	-5.99382	5.56505	-5.32698	3.57993
3155.710	-5.77013	5.73503	-5.11957	3.70150
3159.688	-4.76142	5.95430	-4.72689	4.07285
3163.708	-2.44735	6.59301	-1.72942	3.94375
3167.708	0.26937	7.00091	-1.35839	5.11065
3171.708	2.47806	7.07735	2.11440	3.97813
3175.709	2.92020	7.34073	1.90116	4.66906
3179.708	2.68851	7.55876	2.25404	4.62118
3183.708	2.56315	7.45019	2.33418	5.62509
3187.708	2.46107	7.42402	1.99349	5.16768
3191.710	2.54365	7.39529	2.00802	4.36296
3195.668	2.55854	7.38190	2.00272	4.52091
3199.699	2.39329	7.43071	2.57699	5.41741
3203.711	2.48227	7.45707	2.43122	5.45430
3207.709	2.69099	7.41276	2.62734	5.25596
3211.710	2.37909	7.42085	2.63046	4.68753
3215.699	2.28422	7.38655	2.31093	4.98641
3219.712	2.30043	7.33335	2.24126	5.26213
3223.710	2.11616	7.32145	2.46476	4.31086
3227.710	2.22230	7.30552	2.57835	4.84484
3231.713	2.21611	7.25334	2.62685	4.86257
3235.713	2.28395	7.29164	2.67803	5.27506
3239.711	2.21338	7.29142	2.88012	4.88650
3243.679	2.03129	7.29836	2.24331	5.13094
3247.670	1.99156	7.41986	2.33043	4.75476
3251.707	2.01615	7.32220	2.32476	4.54788
3255.712	1.82822	7.25789	2.75547	5.15709
3259.712	2.14275	7.30967	2.83244	4.95551
3263.716	2.07174	7.50795	2.61563	5.10321
3267.710	2.26599	7.58318	2.82093	5.08742
3271.711	2.15819	7.34123	2.60508	4.84535
3275.710	1.99748	7.54495	2.60869	5.03610
3279.714	1.84461	7.63666	2.60845	4.77736
3283.692	1.89734	7.68462	2.64678	5.25903
3287.708	2.05283	7.72080	2.71570	5.02443
3291.711	2.09653	7.80875	2.86143	4.99578
3295.714	1.79681	7.28911	2.94398	5.52084
3299.712	2.05311	7.36068	2.90460	5.32152
3303.711	1.73063	7.61371	2.78473	5.45250
3307.712	1.66353	7.67782	2.78134	5.05001
3311.702	1.69669	7.71701	2.75881	5.03474
3315.711	1.87329	7.66274	2.75633	5.19355
3319.713	1.83072	7.76333	2.71446	4.97273
3323.704	1.90311	7.72322	2.73160	5.15101
3327.701	1.88529	7.71652	2.91725	4.99441
3331.712	1.90740	7.67882	2.67125	5.20167
3335.712	1.74231	7.51166	2.88170	5.28536
3339.714	1.66569	7.57274	2.76453	5.57466
3343.714	1.91566	7.58038	2.77748	5.39323
3347.713	1.90832	7.54649	2.99010	5.45231
3351.713	2.01917	7.43573	2.82576	5.44870
3355.713	2.08188	7.38423	2.76190	5.43416
3359.609	1.96962	7.22566	2.84370	5.23373
3363.714	1.92106	7.29138	2.84999	6.11811
3367.690	1.92022	7.25385	3.00012	5.73676
3371.715	1.90220	6.81031	3.12212	5.49533
3375.716	1.98023	7.11477	3.13452	5.49170
3379.673	1.52171	7.25462	2.86611	5.51107
3383.715	1.44822	9.17123	3.23163	5.78657
3387.713	1.37950	9.36349	3.03143	5.29468
3391.715	NaN	NaN	3.28622	6.52696
3395.717	NaN	NaN	2.85022	6.38944
3399.713	NaN	NaN	2.89973	12.52296
3403.713	NaN	NaN	NaN	NaN
3407.714	NaN	NaN	NaN	NaN
3411.702	NaN	NaN	NaN	NaN
3415.714	NaN	NaN	NaN	NaN
3419.712	NaN	NaN	NaN	NaN
3423.712	NaN	NaN	NaN	NaN
3427.712	NaN	NaN	NaN	NaN
3431.668	NaN	NaN	NaN	NaN
3435.714	NaN	NaN	NaN	NaN
3439.670	NaN	NaN	NaN	NaN
3443.716	NaN	NaN	NaN	NaN
3447.670	NaN	NaN	NaN	NaN
3451.684	NaN	NaN	NaN	NaN
3455.714	NaN	NaN	NaN	NaN
3459.614	NaN	NaN	NaN	NaN
3463.670	NaN	NaN	NaN	NaN
3467.716	NaN	NaN	NaN	NaN
3471.715	-9.06736	7.21292	NaN	NaN
3475.716	-5.86327	2.27534	-14.12289	13.64057
3479.717	-10.54226	3.27015	-8.47133	8.03245
3483.716	-10.37277	2.88977	-8.81026	1.06195
3487.719	-9.91377	3.07334	-9.70692	1.31367
3491.697	-8.93166	2.78000	-9.07898	0.75908
3495.606	-10.47362	3.20845	-9.93024	1.16976
3499.716	-8.75150	2.59795	-9.33335	2.45586
3503.727	-9.55869	3.10993	-10.09345	3.81250
3507.715	-8.65860	2.85703	-10.30781	2.91156
3511.613	-8.14407	3.09238	-9.43006	3.62436
3515.715	-9.78329	3.00232	-9.01661	2.44786
3519.718	-10.27208	3.07855	-8.20131	1.66904
3523.716	-10.46933	2.96146	-9.52043	1.28453
3527.613	-9.76553	3.13121	-9.04137	1.00816
3531.715	-8.71230	3.05966	-8.66299	2.79772
3535.680	-8.56937	2.97549	-8.14375	1.13648
3539.681	-9.14530	3.24033	-7.85755	0.62276
3543.614	-8.87324	3.51963	-7.81943	1.25845
3547.717	-8.82158	3.40242	-7.90165	1.69700
3551.717	-8.92280	3.62621	-8.36829	2.17334
3555.716	-9.10860	4.36485	-8.02540	2.47614
3559.718	-8.95673	4.50934	-8.08428	2.66690
3563.715	-8.85795	4.42317	-7.97960	2.18499
3567.718	-8.89727	4.69997	-8.17534	1.89974
3571.718	-8.78672	4.41118	-8.06008	0.95574
3575.696	-8.78001	4.87848	-7.80582	1.39151
3579.673	-8.82921	4.60582	-8.08849	1.63470
3583.720	-8.71768	4.27208	-8.07574	1.58800
3587.719	-8.72651	3.82736	-7.77149	2.19413
3591.719	-8.73111	3.73314	-8.17145	2.52397
3595.721	-8.73856	4.13429	-8.04672	2.83186
3599.718	-8.39647	4.38618	-8.09649	1.90215
3603.717	-8.62870	4.67109	-8.03737	1.32369
3607.718	-8.63622	4.56462	-8.19343	1.29051
3611.718	-8.72466	4.09974	-8.21378	1.46078
3615.719	-8.71935	3.80944	-8.16749	2.52245
3619.707	-8.26655	3.47452	-8.13833	1.70843
3623.716	-8.32947	3.27219	-8.28014	2.15890
3627.719	-8.70459	3.49942	-8.24803	1.56689
3631.722	-8.20391	3.73727	-8.31657	2.61350
3635.720	-8.60363	3.41664	-8.32352	1.99206
3639.720	-8.17422	3.32290	-8.32716	1.45058
3643.721	-8.44912	3.53074	-8.36963	1.86108
3647.720	-8.34431	3.33639	-8.34835	1.69347
3651.719	-8.51952	3.50400	-8.31304	1.60810
3655.721	-8.49918	3.62326	-8.28903	1.72911
3659.719	-8.61824	3.50967	-8.15934	1.83512
3663.719	-8.51309	3.52494	-8.41065	1.56656
3667.720	-8.67236	3.82422	-8.31817	1.64614
3671.722	-8.51845	3.68767	-8.40288	1.66477
3675.719	-8.45604	3.40608	-8.42632	2.16602
3679.720	-8.63995	3.17912	-8.24648	2.13241
3683.719	-8.60892	3.56397	-8.26762	2.39347
3687.723	-8.87537	3.65614	-8.41947	2.75735
3691.720	-8.82708	4.46244	-8.70003	3.64564
3695.679	-10.52118	4.79496	-11.62666	2.78769
3699.703	-12.39620	4.25834	-12.46065	1.98922
3703.608	-13.15195	4.28769	-13.79543	2.72124
3707.720	-13.72769	4.84815	-14.29753	2.09737
3711.595	-14.37447	4.94441	-14.80553	2.52187
3715.597	-14.22405	5.03639	-14.43089	2.78618
3719.619	-14.35382	5.16431	-14.61227	3.18094
3723.596	-14.34457	5.25468	-14.36793	3.12298
3727.596	-14.30827	5.16039	-14.13524	2.76181
3731.596	-14.30783	5.23097	-14.56125	3.14641
3735.617	-14.39329	5.22063	-14.49276	2.95176
3739.598	-14.50507	5.16868	-14.58696	2.83981
3743.596	-14.48134	5.23697	-14.40013	3.06938
3747.554	-14.46722	5.25429	-14.38337	3.05182
3751.618	-14.52358	5.21766	-14.40498	3.12441
3755.598	-14.51812	5.19464	-14.26888	3.19120
3759.597	-14.58048	5.03489	-14.34352	3.29117
3763.551	-14.60634	5.15954	-14.41364	2.84234
3767.617	-14.53772	5.09199	-14.36146	3.17220
3771.599	-14.60149	5.03620	-14.23459	3.22731
3775.598	-14.64375	5.02338	-14.33180	3.21304
3779.597	-14.56888	5.04262	-14.17395	3.24955
3783.621	-14.52505	5.09810	-14.19091	3.20236
3787.585	-14.54400	5.00554	-14.28056	3.01943
3791.594	-14.56657	5.04439	-14.18407	3.12303
3795.598	-14.57722	5.00534	-14.22417	2.88745
3799.619	-14.57413	4.98694	-14.22239	3.02866
3803.598	-14.51063	5.19763	-14.06333	3.39176
3807.597	-14.50281	5.23050	-13.99412	3.06199
3811.596	-14.56165	5.15395	-13.98057	3.12590
3815.618	-14.53430	5.24357	-14.04911	3.04950
3819.598	-14.55476	5.24249	-13.99438	3.41885
3823.601	-14.56237	5.12450	-14.00711	3.42735
3827.599	-14.58443	5.14018	-13.98559	3.41701
3831.617	-14.56590	5.16962	-14.00057	3.59845
3835.598	-14.54251	5.51222	-13.98153	3.42134
3839.598	-14.50993	5.58847	-14.01926	3.65853
3843.599	-14.53049	5.57993	-14.01015	3.85236
3847.592	-14.60349	5.50906	-14.04811	4.08268
3851.600	-14.52937	5.06564	-14.09733	2.74378
3855.599	-14.50823	5.07827	-14.06574	3.37292
3859.600	-14.54821	5.17614	-14.04575	3.64382
3863.620	-14.46687	4.75398	-14.07029	3.99985
3867.601	-14.39853	4.86370	-14.02384	3.81296
3871.577	-14.41236	4.91505	-14.04437	4.10203
3875.597	-14.33523	5.04677	-13.99164	4.30538
3879.593	-14.34671	5.49352	-13.92496	4.66183
3883.600	-14.12537	5.55259	-13.93679	4.01460
3887.600	-13.96554	5.95792	-13.94196	4.41833
3891.600	-14.09829	5.31443	-13.87309	3.56396
3895.597	-14.10039	5.34594	-13.85314	4.18760
3899.601	-14.19851	5.22415	-13.89447	3.99032
3903.603	-14.16317	4.65679	-13.86146	3.94913
3907.600	-13.86881	4.87536	-13.85709	4.32297
3911.614	-14.03043	4.89650	-13.85807	4.40184
3915.601	-14.03197	4.89098	-13.85295	4.51285
3919.600	-14.03916	4.98276	-13.86935	4.44827
3923.599	-14.18759	5.07523	-13.91879	4.49254
3927.593	-14.32388	4.99654	-13.91308	4.52942
3931.602	-14.35498	4.97707	-13.85739	4.51940
3935.602	-14.42665	4.96163	-13.85753	4.57895
3939.556	-14.47375	4.93358	-13.85232	4.55716
3943.598	-14.46961	4.88021	-13.79541	4.62404
3947.603	-14.53126	4.87146	-13.84361	4.63088
3951.601	-14.48674	4.82573	-13.86298	4.60382
3955.602	-14.54849	5.09888	-13.86327	4.54314
3959.621	-14.61055	5.08762	-13.85985	4.31046
3963.602	-14.61873	5.10532	-13.75505	4.40027
3967.602	-14.63053	5.03415	-13.66477	4.39425
3971.601	-14.59735	5.21556	-13.65612	4.39088
3975.622	-14.48050	5.30727	-13.41427	4.25154
3979.604	-13.99478	5.14772	-13.52379	4.40329
3983.604	-11.90645	5.10541	-12.17046	3.20809
3987.602	-10.42461	4.57622	-11.85723	2.33350
3991.626	-10.92322	1.67000	-11.22769	0.22711
3995.584	-10.21700	1.14335	-11.21257	-0.11368
3999.560	-10.05803	1.14489	-10.81145	-1.10286
4003.604	-9.75343	0.81551	-11.89728	-1.45120
4007.627	-9.65734	0.67915	-11.50751	-1.92458
4011.602	-9.54027	0.56349	-9.03687	-2.00644
4015.604	-9.37397	0.64049	-8.69646	-2.09355
4019.603	-9.44551	0.58766	-8.86994	-2.07810
4023.623	-9.47353	0.54024	-9.53605	-2.01766
4027.602	-9.36791	0.35337	-9.63819	-1.71112
4031.606	-9.32108	0.26838	-9.48485	-2.11066
4035.602	-9.28132	-0.25792	-9.65722	-2.16147
4039.590	-9.28905	0.28827	-9.26345	-2.25228
4043.602	-9.30720	0.12008	-9.27593	-2.24409
4047.604	-9.27153	-0.08608	-9.49591	-2.17721
4051.603	-9.37146	0.09027	-8.84751	-2.05721
4055.591	-9.38680	0.00498	-8.94842	-2.23394
4059.602	-9.41726	-0.29981	-9.40907	-2.07910
4063.562	-9.52193	0.18054	-9.34447	-2.03565
4067.604	-9.59971	0.09352	-9.11290	-2.23052
4071.594	-9.76237	-0.30273	-9.30024	-2.18397
4075.604	-9.87008	0.25252	-9.46153	-2.21306
4079.584	-9.81313	-0.16332	-9.37771	-2.20875
4083.606	-9.72657	-0.27041	-9.25804	-2.06437
4087.598	-9.66369	0.27277	-9.45138	-2.32913
4091.606	-9.74772	0.25240	-9.41791	-2.24009
4095.602	-9.70849	0.00448	-9.52630	-1.95425
4099.609	-9.71818	0.34145	-9.45988	-2.03446
4103.623	-9.84344	0.27470	-9.41209	-1.83767
4107.604	-9.84686	-0.17917	-9.37706	-2.52669
4111.604	-9.90347	0.39388	-9.44160	-2.13312
4115.607	-9.98102	0.37742	-9.43102	-1.81477
4119.617	-9.97445	0.13876	-9.43639	-2.10863
4123.593	-9.88629	0.25944	-9.55321	-2.34823
4127.604	-9.80356	0.11643	-9.41395	-1.93784
4131.606	-9.82607	0.05590	-9.44324	-1.91736
4135.603	-9.81737	0.17296	-9.31525	-1.82919
4139.606	-10.08919	0.02006	-9.35713	-2.17701
4143.605	-10.11125	-0.16099	-9.44235	-1.94922
4147.605	-10.16586	-0.23608	-9.52019	-2.08734
4151.593	-9.92396	-0.00783	-9.65049	-2.10464
4155.606	-9.99087	-0.08379	-9.42897	-2.06679
4159.606	-9.86327	-0.28942	-9.33838	-2.04387
4163.577	-9.98682	-0.26929	-9.45194	-2.32599
4167.571	-10.10283	-0.14906	-9.40946	-2.10816
4171.606	-10.26725	0.08159	-9.14539	-2.06976
4175.604	-10.29687	-0.11855	-9.25173	-2.03369
4179.606	-10.29008	-0.18628	-9.53610	-2.29543
4183.596	-10.24692	-0.14584	-9.43460	-2.09721
4187.561	-10.15644	-0.04141	-9.39970	-2.19414
4191.607	-10.15641	-0.18868	-9.22068	-2.40141
4195.561	-10.23591	-0.17585	-9.33553	-2.27862
4199.606	-10.30749	-0.32858	-9.20528	-2.60061
4203.588	-10.31436	-0.09715	-9.14164	-2.29371
4207.607	-10.22911	0.17864	-9.11532	-2.16850
4211.607	-10.17800	-0.16693	-9.13127	-2.10216
4215.609	-10.16952	-0.16943	-9.19087	-2.13840
4219.608	-10.20447	-0.12957	-9.27844	-2.30612
4223.606	-10.15062	-0.11151	-9.32654	-2.34987
4227.610	-10.18409	-0.21520	-9.38583	-2.36298
4231.595	-10.19322	-0.16239	-9.62623	-2.49634
4235.608	-10.14876	-0.31424	-9.35242	-2.22377
4239.608	-10.16937	-0.40579	-9.55191	-2.45377
4243.609	-10.19524	-0.47191	-9.59481	-2.46488
4247.599	-10.14843	-0.55139	-9.49028	-2.46265
4251.609	-10.16711	-0.74906	-9.62837	-2.46732
4255.608	-10.28114	-0.69968	-9.62237	-2.57716
4259.606	-10.25627	-0.81635	-9.56559	-2.47952
4263.605	-10.23317	-0.75448	-9.36476	-2.59864
4267.608	-8.36642	-0.81952	-9.31646	-2.38972
4271.608	-6.19709	-0.59243	-8.05280	-1.72735
4275.607	-5.09515	-0.31884	-7.18889	-2.07406
4279.566	-4.98524	-0.63410	-6.22137	-2.12759
4283.608	-5.34744	-0.92578	-4.80505	-2.33123
4287.584	-6.07800	-0.67686	-5.02100	-2.12691
4291.609	-6.36560	-0.48946	-4.86702	-2.05073
4295.639	-6.10244	-0.62095	-4.95509	-2.00489
4299.615	-5.83287	-0.96608	-4.87414	-1.92740
4303.610	-5.65007	-1.26231	-4.69112	-1.92398
4307.610	-5.57134	-1.18908	-4.60094	-1.80621
4311.610	-5.54631	-1.06421	-4.35062	-1.96048
4315.611	-5.51295	-1.04453	-4.37660	-2.02047
4319.610	-5.58287	-0.96515	-4.24875	-1.94279
4323.611	-5.73689	-1.18756	-3.74456	-1.96828
4327.597	-5.78170	-1.15959	-3.61916	-1.87066
4331.607	-5.62530	-1.24399	-3.77298	-1.97285
4335.609	-5.61534	-1.12949	-3.56915	-2.11939
4339.610	-5.46996	-1.01701	-3.89115	-2.14795
4343.609	-5.44599	-0.58058	-4.13915	-2.26131
4347.611	-5.61554	-1.18219	-4.08177	-2.25578
4351.609	-5.47665	-1.10046	-4.15285	-2.22690
4355.610	-5.64968	-0.91549	-3.66958	-2.14726
4359.599	-5.70578	-0.72345	-3.48773	-2.29103
4363.612	-5.66695	-0.84869	-3.48331	-2.17861
4367.611	-5.77237	-0.76511	-3.57147	-1.99869
4371.580	-5.55772	-0.94541	-3.52435	-2.36369
4375.568	-5.50486	-0.68638	-3.53886	-2.31916
4379.611	-5.64806	-0.65548	-4.07120	-2.32882
4383.612	-5.69549	-0.63364	-4.45022	-2.27175
4387.610	-5.70831	-0.53918	-4.07597	-2.22504
4391.507	-5.61812	-0.76228	-3.84372	-2.11844
4395.628	-5.56010	-1.06613	-4.07700	-1.98402
4399.613	-5.73748	-1.08281	-4.17077	-2.13011
4403.611	-5.62807	-1.03039	-4.07611	-2.09970
4407.506	-5.63395	-1.17427	-4.06458	-1.97504
4411.592	-5.58115	-1.34462	-4.04964	-2.22172
4415.609	-5.57788	-0.85053	-3.81649	-2.23133
4419.611	-5.45462	-0.73674	-3.68871	-2.16876
4423.611	-5.25407	-0.09707	-3.57493	-2.37547
4427.612	-4.82266	-0.72173	-3.87954	-2.34475
4431.613	-4.60254	-1.00252	-3.68211	-2.20376
4435.617	-4.55603	-1.06700	-3.75158	-2.27569
4439.630	-4.30329	-1.11591	-3.74691	-2.15708
4443.611	-4.68198	-1.00994	-3.76480	-2.08310
4447.614	-4.61031	-0.68188	-3.66414	-2.33184
4451.611	-4.38721	-0.27028	-3.69333	-2.44598
4455.510	-4.48744	-0.63857	-3.62734	-2.44527
4459.611	-4.55820	-0.91037	-3.72687	-2.02645
4463.613	-4.45730	-0.70295	-3.80947	-2.29306
4467.612	-4.40298	-0.75827	-3.82880	-2.05385
4471.507	-4.69393	-0.67330	-3.79808	-2.10614
4475.613	-4.92060	-0.19014	-3.69775	-2.26174
4479.613	-5.23603	-1.15674	-3.64281	-2.24640
4483.613	-5.01738	-0.83578	-3.78373	-2.33850
4487.511	-4.91220	-0.88483	-3.60717	-2.19516
4491.613	-4.96167	-0.74831	-3.53886	-2.07983
4495.630	-4.82648	-0.58172	-3.71799	-1.80878
4499.571	-5.13001	-0.34476	-3.62012	-1.74282
4503.510	-4.91516	-0.10037	-3.74795	-1.95758
4507.610	-4.55921	-0.05497	-3.78588	-1.86050
4511.613	-4.70668	-0.93783	-4.09478	-2.08898
4515.615	-4.70209	-0.69003	-4.06229	-1.97673
4519.511	-5.02164	-0.95954	-3.78313	-1.97885
4523.615	-4.90959	-0.89307	-3.77066	-2.14578
4527.615	-4.04443	-0.19882	-3.17408	-2.65432
4531.617	-2.84388	-0.41302	-1.82470	-2.49353
4535.513	-0.67871	-0.97333	0.47629	-2.92637
4539.604	1.30551	-1.32043	0.14479	-2.66354
4543.614	1.47481	-1.95335	0.78250	-2.54289
4547.615	1.57238	-2.12955	2.86831	-3.10004
4551.514	1.55665	-2.38041	1.27229	-3.08510
4555.613	1.50586	-2.38121	1.69202	-3.19294
4559.614	1.55802	-2.64992	2.03147	-3.02932
4563.569	1.36853	-2.53668	2.17772	-3.19782
4567.512	1.29568	-1.49775	2.39014	-3.26038
4571.619	1.31721	-1.92564	3.63080	-3.36894
4575.617	1.44991	-2.12687	3.22554	-3.44119
4579.586	1.33733	-2.10775	3.00782	-3.64308
4583.511	1.22139	-2.45721	2.48948	-3.72787
4587.616	1.18234	-2.68068	2.68967	-3.90363
4591.614	1.31196	-2.60616	2.59559	-3.71306
4595.614	1.21524	-2.60702	2.84341	-3.61530
4599.617	0.94559	-2.66242	2.61689	-3.52781
4603.618	1.03583	-2.28565	2.61377	-3.70655
4607.616	1.14236	-2.21691	2.50026	-3.68579
4611.615	1.13566	-2.50216	2.33204	-3.72368
4615.514	1.14714	-2.53828	2.59108	-3.78816
4619.603	1.19730	-2.49975	2.60889	-3.96651
4623.612	1.38056	-2.69346	2.05851	-3.63411
4627.618	1.53652	-2.70798	2.28128	-3.81872
4631.513	1.39698	-2.60202	2.32563	-3.60392
4635.617	1.16002	-2.59391	2.36086	-3.60516
4639.618	1.22097	-2.42970	2.16260	-3.31735
4643.617	1.20415	-2.32340	2.18285	-3.44516
4647.616	1.30888	-2.33226	2.34889	-3.41542
4651.616	1.30613	-2.35972	2.18362	-3.38983
4655.619	1.39728	-2.21354	2.15063	-3.31049
4659.617	1.48803	-2.42911	2.30774	-3.38103
4663.619	1.75758	-2.49141	2.33004	-3.28554
4667.616	1.34914	-2.18945	2.46627	-3.39111
4671.616	1.18326	-1.69892	2.61796	-3.43150
4675.616	1.17540	-1.96694	2.42777	-3.32896
4679.513	1.12035	-2.01606	2.42114	-3.35975
4683.619	1.03429	-2.21156	2.57944	-3.50385
4687.573	1.13769	-2.10111	2.66040	-3.59244
4691.618	2.94406	-2.09739	2.64369	-3.73340
4695.575	1.66951	-1.42107	1.22610	-3.55805
4699.618	-4.53823	-1.22332	3.77869	-0.07639
4703.600	3.98499	3.51220	-0.08185	-2.85528
4707.617	7.12884	6.65588	3.06471	-0.19861
4711.618	NaN	NaN	3.79791	7.79219
4715.619	NaN	NaN	3.66288	14.73847
4719.618	NaN	NaN	NaN	NaN
4723.617	NaN	NaN	NaN	NaN
4727.618	NaN	NaN	NaN	NaN
4731.619	NaN	NaN	NaN	NaN
4735.517	NaN	NaN	NaN	NaN
4739.495	NaN	NaN	NaN	NaN
4743.495	NaN	NaN	NaN	NaN
4747.453	NaN	NaN	NaN	NaN
4751.465	NaN	NaN	20.37543	13.06218
4755.465	NaN	NaN	14.21244	-1.01829
4759.493	NaN	NaN	17.54423	-0.87474
4763.494	14.42807	-3.54148	16.68912	-2.77828
4767.494	18.83783	2.39872	7.85300	-1.63908
4771.495	14.49895	-0.29829	3.09025	-2.97793
4775.484	17.04430	-4.05872	4.47985	-3.53726
4779.495	2.36160	-5.93518	13.36551	-5.19643
4783.495	2.35737	-5.56071	6.19927	-5.42412
4787.500	2.61952	-6.42186	8.24764	-5.49432
4791.485	5.99954	-5.87607	8.09893	-5.44721
4795.490	8.00311	-6.29779	7.98503	-5.19821
4799.497	9.63378	-6.62406	8.06577	-4.95730
4803.499	8.57816	-6.13664	8.53134	-5.19610
4807.494	7.94012	-5.55428	8.91735	-5.13322
4811.497	7.26510	-5.63550	8.59500	-4.93280
4815.452	8.42017	-5.85832	8.46471	-5.14946
4819.493	8.43889	-6.00199	8.29266	-5.11106
4823.495	8.20469	-5.28192	8.24820	-5.12235
4827.497	8.08543	-5.25224	8.81317	-5.30752
4831.495	8.16613	-4.95982	8.58269	-5.37927
4835.461	8.27183	-4.94450	8.74942	-5.46829
4839.488	7.95395	-5.03131	8.76804	-5.52825
4843.497	7.92025	-5.14348	8.80490	-5.72936
4847.496	7.97135	-5.25661	8.82230	-5.54192
4851.498	8.16279	-5.31167	8.84661	-5.63305
4855.494	8.16793	-5.35895	8.85070	-5.70369
4859.507	8.20447	-5.19754	9.17200	-5.61280
4863.495	8.08185	-5.31510	9.06061	-5.78001
4867.496	8.13865	-5.38873	9.09214	-5.78210
4871.485	8.26932	-5.43303	9.08967	-5.75460
4875.495	8.28818	-5.56706	8.85746	-5.70393
4879.497	8.17291	-5.69634	8.66098	-5.74763
4883.498	8.23739	-5.70587	8.71021	-5.67738
4887.487	8.27635	-5.71554	9.18731	-5.72738
4891.496	8.33119	-5.81280	9.04389	-5.74456
4895.497	8.22268	-5.11116	8.77780	-5.81148
4899.498	8.23269	-5.44364	8.53314	-5.79571
4903.489	8.33586	-5.35172	8.95116	-5.86507
4907.497	8.30262	-5.17272	8.65649	-5.85340
4911.499	8.35675	-4.80218	8.88821	-5.87140
4915.488	8.31205	-4.84438	8.78573	-5.94982
4919.487	8.18196	-4.81153	8.96249	-5.96868
4923.498	8.10812	-5.23736	8.91461	-5.97801
4927.498	8.18422	-5.39835	8.89826	-6.01907
4931.499	8.17469	-5.53273	9.03842	-5.97596
4935.497	8.04151	-4.87108	8.87169	-5.81850
4939.454	8.07577	-5.08950	8.80745	-5.62498
4943.500	8.07523	-5.11079	8.80994	-5.52502
4947.499	8.01022	-4.78538	8.82606	-5.47946
4951.497	7.98101	-4.75828	8.77036	-5.58337
4955.500	7.97551	-5.09685	8.86209	-5.64149
4959.468	8.09749	-5.18008	8.88768	-5.57185
4963.498	8.13556	-5.21826	8.84523	-5.53119
4967.520	8.18721	-5.22435	8.89087	-5.68161
4971.498	8.26806	-5.25146	9.02692	-5.83517
4975.499	8.22261	-5.02793	9.11416	-6.20745
4979.500	8.18110	-4.98229	9.33734	-6.68941
4983.456	8.24514	-4.94295	9.34372	-6.67207
4987.499	8.20914	-5.08571	9.23193	-6.84224
4991.500	8.26266	-4.79518	9.20211	-6.89296
4995.490	8.17979	-5.07845	9.46080	-7.09564
4999.459	8.02458	-5.10832	9.41919	-6.85839
5003.502	7.91439	-5.09670	9.48316	-6.86633
5007.500	7.89191	-5.12159	9.30300	-6.68279
5011.500	7.91073	-5.04473	9.20944	-6.54199
5015.456	7.86639	-5.00506	9.14888	-6.47175
5019.500	7.89671	-5.02949	9.15410	-6.22286
5023.500	7.98615	-5.06198	9.19585	-6.13315
5027.500	7.86454	-5.05252	9.07235	-5.96914
5031.493	7.91470	-4.98025	9.07155	-5.92934
5035.503	7.82077	-4.92843	9.03602	-5.82992
5039.500	7.89948	-4.83850	8.92457	-5.75881
5043.497	7.93308	-4.77037	8.91817	-5.70552
5047.494	7.97870	-4.71384	8.88671	-5.61894
5051.501	8.06725	-4.67690	8.89753	-5.63200
5055.501	8.14404	-4.64955	8.90005	-5.55697
5059.503	8.14288	-4.58519	8.85460	-5.51511
5063.465	8.15309	-4.55288	8.81903	-5.43742
5067.503	8.29176	-4.53575	8.75611	-5.39995
5071.501	8.21738	-4.50156	8.68228	-5.44354
5075.502	8.22538	-4.44554	8.61700	-5.37778
5079.488	8.31555	-4.44323	8.58760	-5.32788
5083.480	8.21086	-4.36920	8.59051	-5.31778
5087.502	8.28255	-4.34416	8.55088	-5.24394
5091.502	8.20714	-4.26821	8.44215	-5.18992
5095.514	8.09744	-4.12425	8.37577	-5.07274
5099.503	8.21412	-4.16256	8.39384	-4.97671
5103.502	8.15022	-3.95098	8.61314	-5.00362
5107.503	8.00893	-3.79052	8.54724	-5.05038
5111.491	7.86094	-3.87337	8.59007	-5.12840
5115.503	7.67287	-3.69211	8.51906	-5.14691
5119.503	7.58771	-3.34292	8.55748	-5.17581
5123.502	7.56403	-3.77095	8.66304	-5.43050
5127.490	7.47905	-4.19424	8.52049	-5.41563
5131.458	7.41192	-4.46929	8.37257	-5.36062
5135.504	7.45916	-4.71913	8.49916	-5.29555
5139.503	7.39083	-4.49387	8.63714	-5.41714
5143.501	7.44171	-4.42860	8.74285	-5.47973
5147.503	7.49649	-4.47416	9.01368	-5.58017
5151.502	7.45021	-4.26352	8.90642	-5.57803
5155.503	7.46321	-3.81943	8.89124	-5.49878
5159.496	7.48278	-3.88203	9.10688	-5.50765
5163.505	7.56913	-3.91884	9.06978	-5.40235
5167.468	7.57413	-3.91953	8.89552	-5.35684
5171.503	7.68332	-4.07636	9.08529	-5.42597
5175.500	7.70446	-3.85689	9.14368	-5.44644
5179.502	7.90659	-4.03633	9.12977	-5.51440
5183.504	7.96127	-3.93230	9.15543	-5.51192
5187.506	7.52759	-4.04518	9.03766	-5.35347
5191.501	7.58327	-3.01226	8.82284	-5.35128
5195.460	5.42911	-3.37888	4.93388	-4.40371
5199.507	4.77362	-3.25762	3.22497	-3.68235
5203.503	2.15579	-3.06808	4.23187	-5.13735
5207.497	1.69545	-2.59051	0.40931	-4.03260
5211.500	-1.06815	-2.60966	-1.36786	-5.05433
5215.506	-2.75242	-2.11439	-2.36235	-4.62643
5219.504	-3.49189	-2.45756	-3.37183	-4.15534
5223.494	-4.43729	-2.61610	-4.74728	-4.51586
5227.504	-5.06471	-2.32140	-5.82891	-4.01244
5231.504	-6.41172	-2.47369	-6.71390	-4.19047
5235.504	-6.63827	-2.46190	-6.54181	-4.20040
5239.494	-7.03741	-2.42209	-6.81204	-4.06296
5243.507	-7.05841	-2.22526	-6.84678	-4.09907
5247.500	-7.14274	-2.11647	-6.47061	-4.39139
5251.506	-7.20858	-2.31073	-6.20788	-4.46368
5255.506	-7.18276	-2.32725	-6.13007	-4.41529
5259.505	-7.23181	-2.37369	-6.17857	-4.27080
5263.507	-7.25384	-2.35295	-6.14491	-4.36196
5267.508	-7.22605	-2.43745	-6.20273	-4.48346
5271.493	-7.26244	-2.72719	-6.38829	-4.42166
5275.505	-7.30251	-2.73929	-6.25890	-4.51745
5279.507	-7.36367	-3.06798	-6.35939	-4.46604
5283.505	-7.28434	-3.26602	-6.27667	-4.46329
5287.508	-7.28862	-3.42021	-6.23224	-4.46342
5291.506	-7.26315	-3.54273	-6.19807	-4.49514
5295.548	-7.25189	-3.30412	-6.22321	-4.49790
5299.507	-7.21540	-3.27274	-6.27432	-4.48440
5303.495	-7.22810	-3.28068	-6.33463	-4.56792
5307.506	-7.23863	-3.31267	-6.30188	-4.66482
5311.509	-7.05975	-3.29826	-6.28295	-4.63382
5315.462	-7.03462	-3.41513	-6.23189	-4.82650
5319.533	-6.96932	-3.38722	-6.17305	-4.86510
5323.508	-6.96374	-3.37278	-6.04873	-4.92282
5327.509	-6.96778	-3.26550	-6.03290	-4.95049
5331.507	-6.92934	-3.32012	-5.98540	-5.04610
5335.497	-6.85336	-3.21636	-5.96031	-4.97911
5339.507	-6.81593	-3.03984	-6.07800	-5.00231
5343.507	-6.99443	-3.28623	-6.07938	-4.99374
5347.508	-6.91400	-3.14473	-6.17676	-4.96613
5351.506	-6.74981	-3.14913	-6.08193	-5.11704
5355.509	-6.85194	-3.08800	-6.02345	-4.95307
5359.508	-6.85246	-2.98447	-5.89544	-4.78858
5363.508	-6.88269	-3.03171	-5.99767	-4.60145
5367.508	-6.96668	-2.88618	-6.07116	-4.53636
5371.508	-6.98113	-2.96892	-6.11140	-4.63014
5375.478	-7.10245	-2.83801	-6.14141	-4.50178
5379.512	-7.09866	-2.90602	-6.07788	-4.44873
5383.470	-7.15357	-2.98055	-6.00997	-4.46751
5387.514	-6.96868	-2.96516	-5.93244	-4.46666
5391.508	-6.93958	-3.00205	-5.85382	-4.56539
5395.537	-6.97793	-3.21082	-5.85919	-4.47067
5399.507	-6.74592	-3.13853	-5.71394	-4.49287
5403.508	-6.76393	-3.29724	-5.82569	-4.59178
5407.465	-6.68433	-3.21254	-5.80764	-4.60357
5411.509	-6.70347	-3.27815	-5.79720	-4.68730
5415.500	-6.58445	-3.27904	-5.65331	-5.00397
5419.505	-6.61611	-3.28264	-5.52310	-4.90123
5423.509	-6.56432	-3.34149	-5.71441	-4.94854
5427.508	-6.49891	-3.33036	-5.75799	-5.04629
5431.508	-6.51082	-3.37036	-5.64017	-5.09659
5435.506	-6.51474	-3.29957	-6.17771	-5.02229
5439.510	-6.49641	-3.26192	-6.05972	-5.03416
5443.509	-6.52206	-3.23503	-5.99335	-5.09129
5447.405	-6.56841	-3.24900	-6.10733	-5.02151
5451.512	-6.65226	-3.21708	-6.11032	-4.99157
5455.509	-6.70974	-3.14154	-6.03317	-4.94752
5459.509	-6.81835	-3.11486	-6.15276	-4.91670
5463.407	-6.77462	-3.06268	-6.26461	-4.77869
5467.511	-6.70132	-2.91838	-6.20084	-4.88045
5471.511	-6.61043	-2.85547	-6.05295	-4.76832
5475.510	-6.65806	-2.84579	-5.94303	-4.71559
5479.408	-6.62833	-3.10441	-6.10971	-4.59142
5483.511	-6.84045	-2.94623	-6.13515	-4.40665
5487.511	-7.38600	-2.41430	-6.27317	-4.37751
5491.514	-7.77792	-0.48144	-6.99076	-3.08284
5495.420	-9.20197	1.35115	-9.07591	-2.30078
5499.473	-9.56972	3.33039	-9.44399	-0.78486
5503.512	-10.04011	5.56194	-9.14769	0.69050
5507.515	-10.23771	5.90706	-9.25035	2.28278
5511.511	-10.15971	6.12350	-9.36136	4.32324
5515.511	-10.13426	5.69055	-9.43665	3.94316
5519.512	-10.19805	5.47662	-9.61235	4.03335
5523.511	-10.24596	5.14765	-9.71264	3.85705
5527.406	-10.18060	5.19797	-9.61062	4.18754
5531.513	-10.32224	5.22689	-9.65495	4.19676
5535.512	-10.34218	5.45399	-9.68375	4.49985
5539.503	-10.43904	5.67713	-9.72549	4.56131
5543.408	-10.45010	5.44776	-9.76283	4.42670
5547.513	-10.52190	5.53960	-9.73954	4.39618
5551.513	-10.56975	5.62513	-9.79305	4.38075
5555.513	-10.58258	5.75952	-9.80424	4.38990
5559.511	-10.62785	5.75671	-9.80783	4.42403
5563.509	-10.65733	5.64982	-9.76015	4.35732
5567.511	-10.65985	5.54436	-9.73060	4.32795
5571.513	-10.65870	5.59603	-9.70444	4.33026
5575.515	-10.67126	5.66999	-9.66412	4.23451
5579.510	-10.65405	5.62354	-9.70461	4.28771
5583.477	-10.70814	5.69148	-9.74506	4.17985
5587.511	-10.77569	5.65429	-9.73176	4.17207
5591.514	-10.76077	5.66688	-9.73870	4.08160
5595.513	-10.80275	5.60871	-9.75357	4.01138
5599.515	-10.83630	5.60951	-9.74550	4.02410
5603.513	-10.82888	5.60152	-9.74311	3.99584
5607.516	-10.85377	5.62463	-9.77170	4.00729
5611.511	-10.86244	5.65893	-9.78392	4.04735
5615.514	-10.91858	5.68495	-9.79491	3.99619
5619.514	-10.90791	5.68003	-9.82074	3.98735
5623.495	-10.87084	5.77093	-9.81349	3.95201
5627.512	-10.76077	5.75877	-9.78522	3.77415
5631.515	-10.70294	5.84102	-9.80086	3.81978
5635.514	-10.70823	5.82935	-9.84999	3.74055
5639.512	-10.60792	5.77442	-9.89429	4.46894
5643.513	-10.99810	5.69740	-10.37568	5.83335
5647.514	-10.33665	6.37580	-11.64651	6.50837
5651.515	-10.97188	8.23601	-10.20464	7.84155
5655.410	-13.57126	9.49349	-10.50400	11.16991
5659.515	-12.42423	13.43417	NaN	NaN
5663.514	NaN	NaN	NaN	NaN
5667.507	NaN	NaN	NaN	NaN
5671.518	NaN	NaN	NaN	NaN
5675.514	NaN	NaN	NaN	NaN
5679.513	NaN	NaN	NaN	NaN
5683.514	NaN	NaN	NaN	NaN
5687.514	NaN	NaN	NaN	NaN
5691.515	NaN	NaN	NaN	NaN
5695.469	NaN	NaN	NaN	NaN
5699.515	NaN	NaN	NaN	NaN
5703.514	NaN	NaN	NaN	NaN
5707.497	NaN	NaN	NaN	NaN
5711.515	NaN	NaN	NaN	NaN
5715.470	NaN	NaN	NaN	NaN
5719.515	NaN	NaN	NaN	NaN
5723.516	NaN	NaN	NaN	NaN
5727.412	NaN	NaN	NaN	NaN
5731.515	-5.93844	10.91712	-6.62486	-2.82729
5735.516	-10.73548	-4.52304	-1.59650	-7.10834
5739.515	-3.74666	0.42601	-6.88015	-3.03156
5743.524	-1.51831	-2.37284	0.05601	-5.61031
5747.509	-1.99263	-2.90875	-1.23962	-4.78870
5751.471	-3.84626	-3.35882	-2.34646	-5.14299
5755.518	-2.25276	-3.25728	-1.63172	-4.44039
5759.385	-3.35234	-2.59379	-1.68538	-4.70297
5763.392	-3.44958	-3.36552	-1.31501	-4.23363
5767.392	-3.02051	-3.22695	-1.50063	-4.07364
5771.392	-3.18697	-3.31092	-1.43002	-3.70437
5775.383	-3.60207	-2.93329	-1.41926	-4.55748
5779.393	-3.61228	-2.86432	-1.28705	-4.71951
5783.393	-3.52944	-2.63979	-0.94125	-4.66621
5787.393	-2.94188	-2.81006	-1.25622	-4.69972
5791.382	-2.74994	-2.63458	-1.38996	-4.51372
5795.370	-2.77644	-3.18739	-1.00439	-4.67513
5799.394	-3.43370	-3.09072	-1.07267	-4.55484
5803.395	-3.23576	-3.03494	-0.84349	-4.62151
5807.385	-3.37959	-3.12693	-1.13065	-4.74707
5811.397	-3.24021	-4.11465	-1.20264	-4.76447
5815.395	-2.87576	-4.14088	-1.34996	-4.84446
5819.395	-2.70257	-3.99415	-1.35735	-4.89217
5823.384	-3.03895	-4.30163	-1.55636	-4.86846
5827.401	-3.01804	-4.23992	-1.60417	-4.83676
5831.396	-3.09911	-4.38495	-1.80848	-4.80717
5835.390	-3.08171	-4.20041	-1.84295	-4.72485
5839.384	-3.16174	-4.29245	-1.91657	-4.72287
5843.394	-3.06115	-4.18351	-1.98601	-4.63550
5847.393	-3.09928	-4.21562	-1.98085	-4.70548
5851.394	-3.04556	-4.14279	-2.03231	-4.64099
5855.390	-3.07572	-4.13799	-2.05920	-4.60346
5859.396	-3.19224	-4.11887	-2.06027	-4.55685
5863.395	-3.25030	-3.97151	-2.04208	-4.50843
5867.395	-3.24818	-3.99811	-1.98851	-4.47605
5871.384	-3.30925	-3.95755	-1.90991	-4.44543
5875.392	-3.34353	-3.91339	-1.89823	-4.42393
5879.364	-3.30198	-3.90807	-1.83100	-4.46955
5883.394	-3.26797	-3.88514	-1.81401	-4.40071
5887.384	-3.23766	-3.92635	-1.74766	-4.41736
5891.393	-3.23195	-3.94837	-1.77035	-4.43444
5895.424	-3.32835	-3.90693	-1.74380	-4.40154
5899.397	-3.42549	-3.89548	-1.73728	-4.41929
5903.386	-3.30149	-3.88427	-1.71394	-4.44312
5907.396	-3.50351	-3.87346	-1.77241	-4.41098
5911.398	-3.40578	-3.82820	-1.73264	-4.44256
5915.399	-3.59362	-3.72785	-1.82614	-4.36308
5919.393	-3.69355	-3.73425	-1.91769	-4.30820
5923.392	-3.88293	-3.66188	-1.87351	-4.31046
5927.396	-3.40803	-3.62273	-1.92681	-4.30724
5931.396	-3.46760	-3.64597	-1.96563	-4.28949
5935.386	-3.58838	-3.62030	-1.98948	-4.19545
5939.396	-3.27274	-3.60862	-2.05995	-4.21601
5943.394	-2.99401	-3.59050	-2.11832	-4.20324
5947.396	-2.93866	-3.58719	-2.13752	-4.16026
5951.386	-2.73162	-3.60744	-2.01888	-4.38123
5955.396	-2.83014	-3.81712	-2.01362	-4.15789
5959.396	-2.90733	-3.83739	-2.00264	-4.17960
5963.361	-2.93676	-3.91730	-1.80821	-4.19628
5967.352	-3.05667	-4.14366	-1.64352	-4.20929
5971.398	-2.95463	-4.28259	-1.75066	-4.24740
5975.397	-2.96559	-3.99949	-1.79564	-4.32611
5979.399	-3.08305	-4.09557	-1.66998	-4.36714
5983.393	-3.33446	-4.05296	-1.74613	-4.37583
5987.396	-3.63574	-4.08761	-1.73452	-4.41119
5991.397	-3.71545	-4.09290	-1.67685	-4.54165
5995.397	-3.91151	-4.19370	-1.75297	-4.52775
5999.354	-3.95893	-4.09146	-1.93792	-4.59403
6003.393	-3.91227	-4.23329	-2.01057	-4.73793
6007.398	-3.65621	-4.29585	-1.77747	-4.70506
6011.398	-3.82005	-4.54366	-1.99287	-4.71144
6015.387	-3.84258	-4.48246	-2.05811	-4.54580
6019.399	-3.79008	-4.73194	-1.99327	-4.42366
6023.399	-3.81876	-4.93498	-1.86315	-4.47253
6027.399	-3.54840	-5.04285	-1.77293	-4.51689
6031.387	-3.67324	-5.02910	-1.57181	-4.69285
6035.397	-3.51982	-4.88763	-1.67159	-4.72104
6039.402	-3.44055	-3.31732	-1.71935	-4.45666
6043.388	-3.40309	-3.07417	-1.70122	-4.57368
6047.392	-3.32845	-3.08522	-1.71647	-4.55923
6051.400	-3.32654	-3.16952	-1.70276	-4.57859
6055.399	-3.29058	-3.36127	-1.43838	-4.60387
6059.398	-3.25931	-3.36355	-1.39522	-4.68073
6063.388	-3.33089	-3.53079	-1.37593	-4.83696
6067.401	-3.27356	-3.32689	-1.16816	-4.83276
6071.400	-3.40393	-3.36254	-1.11008	-4.93504
6075.399	-3.29530	-3.35052	-1.38076	-4.88233
6079.355	-3.22292	-3.54291	-1.16878	-4.96979
6083.407	-3.26020	-3.82856	-1.30764	-4.96647
6087.375	-3.31823	-3.94882	-1.19773	-4.98769
6091.398	-3.32934	-4.42138	-1.22464	-4.99239
6095.429	-3.30705	-4.02036	-1.23355	-4.99903
6099.398	-3.36505	-3.82653	-1.41593	-4.98198
6103.399	-3.45062	-3.88189	-1.38848	-5.03100
6107.399	-3.53164	-3.82243	-1.27661	-5.03610
6111.391	-3.54932	-3.75257	-1.29544	-5.11354
6115.403	-3.23719	-4.15921	-1.35412	-5.05293
6119.401	-3.31264	-4.18523	-1.35923	-5.12309
6123.399	-3.30225	-4.22673	-1.38671	-5.13750
6127.390	-3.54615	-4.33023	-1.37987	-5.17462
6131.399	-3.48654	-4.22420	-1.45239	-5.15078
6135.400	-3.52660	-4.16182	-1.49946	-5.12569
6139.400	-3.56895	-4.25063	-1.51668	-5.13935
6143.390	-3.66066	-4.21314	-1.50537	-5.16601
6147.404	-3.75815	-4.24616	-1.48386	-5.10966
6151.399	-3.74711	-4.19038	-1.54373	-5.11023
6155.400	-3.57661	-4.33817	-1.63784	-5.04203
6159.397	-3.61144	-4.29456	-1.64228	-4.97625
6163.402	-3.68419	-4.28055	-1.61912	-4.91046
6167.404	-3.76245	-4.32633	-1.40274	-5.01095
6171.365	-3.82771	-4.33581	-1.46420	-4.98574
6175.394	-3.83389	-4.31599	-1.39984	-4.99402
6179.400	-3.85568	-4.36446	-1.33034	-5.00925
6183.401	-3.81192	-4.28037	-1.36273	-4.97925
6187.358	-3.80409	-4.31239	-1.21797	-4.98607
6191.399	-3.75753	-4.30702	-1.15364	-5.00369
6195.356	-3.73206	-4.33092	-1.01551	-4.96794
6199.402	-3.72274	-4.31343	-0.85426	-4.95991
6203.402	-3.70589	-4.25384	-1.01786	-4.91371
6207.367	-3.70628	-4.29120	-0.96120	-5.02740
6211.380	-3.66805	-4.27224	-0.99717	-4.99098
6215.402	-3.58789	-4.30318	-0.98199	-4.96715
6219.403	-3.53510	-4.28261	-0.99834	-4.99403
6223.392	-3.45252	-4.27583	-1.15476	-4.93450
6227.402	-3.39097	-4.29608	-1.24511	-4.88822
6231.403	-2.49226	-4.25678	-1.29873	-4.93828
6235.402	-3.32083	-3.92135	-0.97398	-5.01949
6239.400	-3.11928	-2.51609	-1.13141	-4.95772
6243.403	-2.44782	-3.59714	-0.93966	-4.76117
6247.359	-2.18409	-3.07053	-0.49411	-4.57838
6251.397	-2.12067	-3.17167	-0.26820	-4.61450
6255.395	-2.16684	-3.19460	0.04638	-4.41044
6259.402	-2.30214	-3.40044	0.00682	-4.45364
6263.403	-2.09581	-3.20200	-0.02124	-4.40046
6267.403	-2.17343	-3.21602	-0.00166	-4.21438
6271.393	-1.99471	-3.08640	-0.02554	-4.09850
6275.402	-1.92582	-3.13454	0.15744	-4.04060
6279.404	-1.99225	-3.05178	0.46624	-4.20757
6283.402	-1.90941	-3.12466	0.32412	-4.06674
6287.405	-1.92104	-3.22930	0.45103	-4.00388
6291.403	-1.91635	-3.22324	0.79206	-4.04276
6295.374	-1.86228	-3.23372	0.67129	-4.02118
6299.406	-1.75208	-3.24176	0.78873	-3.96025
6303.405	-1.63740	-3.16851	0.99658	-4.23084
6307.403	-1.49937	-2.95639	1.04518	-4.10360
6311.408	-1.58170	-3.23169	1.27978	-4.17165
6315.405	-1.58091	-3.71243	1.20594	-4.34925
6319.407	-1.88755	-3.83668	1.10222	-4.31517
6323.406	-1.87966	-3.72916	0.96251	-4.30101
6327.406	-2.22743	-3.57080	0.93048	-4.93852
6331.407	-2.54601	-3.33096	0.73709	-5.16933
6335.391	-2.41573	-3.44413	0.25172	-5.08018
6339.403	-2.41727	-3.29659	-0.29895	-4.86111
6343.404	-2.45180	-3.38719	-0.05510	-4.92314
6347.405	-2.18875	-3.63767	0.21390	-4.97475
6351.404	-2.32018	-3.63813	-0.08381	-4.98235
6355.406	-2.02978	-3.70969	0.09379	-4.85754
6359.405	-2.30135	-3.78166	0.15466	-4.43073
6363.413	-2.42555	-3.36899	-0.33213	-4.18388
6367.405	-2.39624	-3.38302	-0.17298	-4.58658
6371.409	-2.39272	-3.55532	0.01767	-4.69310
6375.365	-2.41194	-3.37544	-0.15764	-4.26673
6379.365	-2.20515	-3.51809	-0.42599	-3.73863
6383.406	-2.09918	-3.38445	0.00968	-3.80551
6387.405	-1.75530	-3.48653	0.44445	-3.93622
6391.407	-1.43116	-3.36900	0.54160	-3.93498
6395.404	-1.98655	-3.16166	0.79573	-3.91533
6399.405	-2.11931	-3.27086	0.51163	-3.90967
6403.406	-1.85985	-3.04548	0.56275	-3.98796
6407.405	-1.95391	-2.79603	0.48071	-4.28160
6411.407	-1.80276	-2.65527	0.63322	-4.41040
6415.410	-1.75971	-2.87257	0.73824	-4.40489
6419.407	-1.75493	-2.59560	0.65516	-4.80105
6423.405	-1.60982	-2.62611	0.57203	-4.72547
6427.406	-1.50026	-2.75167	0.31300	-4.37120
6431.405	-1.38967	-2.82248	0.41633	-4.35845
6435.407	-1.70911	-2.30066	0.27999	-4.23894
6439.408	-1.74206	-2.37682	0.09389	-3.73665
6443.408	-1.56513	-2.43106	0.05775	-3.97054
6447.412	-1.51772	-2.23438	-0.07473	-3.69993
6451.407	-1.61267	-1.92814	0.03728	-3.78020
6455.409	1.28566	-2.15004	1.55440	-3.30158
6459.407	-2.07378	-0.45704	-3.38874	-3.60383
6463.408	-0.47957	0.78116	0.12461	-4.17460
6467.408	-6.19066	10.38192	-3.00829	-3.66265
6471.407	NaN	NaN	0.69355	4.61885
6475.408	NaN	NaN	NaN	NaN
6479.409	NaN	NaN	NaN	NaN
6483.408	NaN	NaN	NaN	NaN
6487.405	NaN	NaN	NaN	NaN
6491.406	NaN	NaN	NaN	NaN
6495.404	NaN	NaN	NaN	NaN
6499.363	NaN	NaN	NaN	NaN
6503.406	NaN	NaN	NaN	NaN
6507.406	NaN	NaN	NaN	NaN
6511.406	NaN	NaN	NaN	NaN
6515.378	NaN	NaN	NaN	NaN
6519.410	NaN	NaN	NaN	NaN
6523.408	NaN	NaN	NaN	NaN
6527.409	NaN	NaN	NaN	NaN
6531.371	NaN	NaN	NaN	NaN
6535.411	NaN	NaN	NaN	NaN
6539.412	NaN	NaN	-1.05515	-3.35393
6543.390	NaN	NaN	NaN	NaN
6547.404	1.03141	1.67394	-0.81992	-3.45337
6551.410	-7.22800	1.68648	-0.84337	-1.01577
6555.308	-0.65216	4.45425	-0.21522	-2.26252
6559.412	-0.52180	1.51362	3.19580	-1.49291
6563.366	-0.53101	1.21802	1.00375	-0.43183
6567.412	-0.00975	0.13153	0.53796	-1.39335
6571.412	2.96562	0.52881	0.47368	-2.38972
6575.412	-1.50237	-0.14087	-1.80241	-1.77105
6579.413	-1.65409	0.11115	-1.39614	-1.02039
6583.410	-2.34421	0.52151	0.23884	-0.19203
6587.414	-2.14563	1.66951	-0.35164	-0.33314
6591.410	-2.15036	1.65889	-1.07664	-0.42166
6595.409	-2.19118	1.13058	-0.79223	-0.97927
6599.410	-2.43957	1.16436	-0.29195	-1.00121
6603.411	-2.44281	0.73862	-0.65598	-1.31562
6607.411	-2.38261	0.48363	-0.68399	-1.53696
6611.410	-2.45993	0.24163	-0.58972	-1.45622
6615.412	-2.64408	0.24177	-0.73620	-1.40482
6619.411	-2.58105	-0.03972	-0.59885	-1.52177
6623.411	-2.71025	0.23049	-0.53649	-1.32161
6627.412	-2.58160	0.65932	-0.53488	-1.06718
6631.367	-2.51009	-0.60708	-0.24366	-1.52248
6635.412	-2.44754	0.35444	-0.56156	-1.46847
6639.412	-2.78307	0.03733	-0.69064	-1.07403
6643.411	-2.68668	0.40660	-0.42341	-1.53125
6647.411	-2.56929	-0.04451	-0.07899	-1.53871
6651.308	-2.34456	0.27798	-0.24780	-1.39365
6655.411	-2.70862	0.03683	-0.52984	-1.38355
6659.413	-2.60059	-0.00720	-0.12357	-1.43002
6663.414	-2.42807	0.03049	-0.35596	-1.42187
6667.411	-2.74997	0.24877	-0.75863	-1.02624
6671.370	-2.57110	-0.09120	-0.32215	-1.52277
6675.412	-2.65429	0.12414	-0.33010	-1.18536
6679.412	-2.60565	0.13060	-0.44348	-1.15959
6683.416	-2.59183	0.14365	-0.34340	-1.13400
6687.370	-2.73548	0.18712	-0.40896	-1.08108
6691.413	-2.56486	0.08805	-0.43433	-1.41155
6695.368	-2.53100	0.26709	-0.49001	-1.17702
6699.309	-2.52579	0.18140	-0.37948	-1.34764
6703.415	-2.44469	0.02629	-0.50537	-1.29273
6707.414	-2.35449	0.02679	-0.49374	-1.62263
6711.384	-2.53503	-0.07073	-0.35680	-1.76986
6715.310	-2.50823	0.08761	-0.43696	-1.47309
6719.414	-2.66164	0.29037	-0.45058	-1.37927
6723.412	-2.34463	0.01641	-0.51560	-1.49249
6727.413	-2.47685	0.22567	-0.59267	-1.59303
6731.311	-2.78550	0.39004	-0.38889	-1.42765
6735.412	-2.30231	-0.00477	-0.55252	-1.37008
6739.413	-2.81927	-0.12732	-0.50699	-1.24795
6743.413	-2.90898	-0.05668	-0.80258	-1.18244
6747.375	-2.76235	0.22202	-0.67176	-0.99770
6751.415	-2.61872	0.25205	-0.33767	-0.40627
6755.412	-2.87027	0.55541	-0.59166	-1.01980
6759.413	-2.85938	0.70468	-0.34489	-0.96319
6763.278	-2.53328	0.75002	-0.61754	-0.69222
6767.416	-2.50590	0.33482	-0.49835	-0.93533
6771.416	-2.59468	-0.25442	-0.44085	-0.89822
6775.414	-2.74467	0.03150	-0.70461	-0.80279
6779.418	-2.67244	-0.41954	0.41209	-0.92130
6783.416	-2.52753	-0.65838	-0.62704	-0.97386
6787.289	-2.46910	-0.33239	-0.39097	-0.72219
6791.292	-2.58586	-0.60637	-0.52902	-0.89138
6795.283	-2.64876	-0.71416	-0.43524	-0.93854
6799.287	-2.27731	-0.72925	-0.53086	-0.96096
6803.289	-2.75022	-0.70244	-0.56865	-1.00301
6807.289	-2.31542	-0.53589	-0.46748	-1.13703
6811.312	-2.86606	-0.68951	-0.66290	-1.04224
6815.249	-2.49689	-0.47994	-0.44830	-1.15249
6819.325	-3.16604	-0.43225	-0.71858	-1.01301
6823.290	-2.46392	-0.14871	-0.12128	-1.29640
6827.312	-2.80469	-0.28244	-0.40571	-1.23910
6831.290	-2.77864	-0.15686	0.06356	-1.26211
6835.292	-2.65681	-0.07839	-0.33868	-1.36662
6839.283	-2.54303	-0.02458	-0.38524	-1.28776
6843.281	-2.40300	-0.45723	-0.29850	-1.34355
6847.291	-2.93285	-0.09063	-0.32913	-0.99236
6851.291	-2.58338	-0.11362	-0.53389	-1.20423
6855.293	-3.47895	-0.12325	-0.34809	-1.31054
6859.312	-2.54046	-0.00017	-0.14928	-1.10368
6863.292	-2.54133	0.00655	-0.11195	-1.00437
6867.294	-2.47350	-0.17257	-0.25004	-1.26895
6871.290	-2.31193	-0.00062	-0.22807	-1.19558
6875.314	-3.07790	-0.14131	-0.51059	-1.34970
6879.293	-2.48250	-0.20139	-0.11026	-1.20043
6883.257	-2.38269	-0.21804	-0.36774	-1.30137
6887.291	-3.16223	-0.05617	-0.31729	-1.23047
6891.313	-2.55143	-0.14723	-0.04264	-1.29395
6895.294	-2.39703	-0.00298	-0.31054	-1.58520
6899.295	-2.48795	-0.41185	-0.43552	-1.32568
6903.293	-2.42446	-0.43196	-0.24515	-1.51228
6907.318	-2.29624	-0.47760	-0.49024	-1.60796
6911.292	-3.04699	-0.33201	-0.37474	-1.49513
6915.296	-2.28861	-0.21559	-0.22532	-1.39673
6919.293	-2.34255	-0.21680	-0.39795	-1.44218
6923.299	-2.64733	-0.28089	-0.52473	-1.55543
6927.289	-2.35779	-0.09189	-0.04043	-1.53747
6931.292	-2.41559	-0.15996	-0.15231	-1.36257
6935.293	-2.52228	-0.31768	-0.26850	-1.48498
6939.315	-2.22220	-0.19363	-0.26014	-1.41049
6943.293	-2.18550	-0.14447	-0.47277	-1.48808
6947.294	-2.09051	-0.04604	-0.13818	-1.53752
6951.294	-2.72677	-0.13910	0.01454	-1.35360
6955.313	-2.38472	-0.18050	-0.28567	-1.50286
6959.294	-2.24934	-0.23179	-0.30205	-1.27376
6963.292	-2.63767	-0.21261	-0.41507	-1.53996
6967.287	-2.32568	-0.18939	-0.23048	-1.51206
6971.315	-1.94392	-0.17002	-0.38856	-1.41702
6975.295	-2.16441	-0.08659	-0.14824	-1.54489
6979.295	-2.23167	0.00253	-0.30367	-1.36816
6983.295	-2.05211	-0.05804	-0.24671	-1.46539
6987.313	-1.94069	0.11702	-0.18444	-1.48167
6991.295	-2.26975	0.03754	-0.05053	-1.50092
6995.295	-2.28762	0.02461	-0.00519	-1.46928
6999.251	-1.91062	0.06544	-0.02844	-1.50293
7003.287	-1.97371	0.01865	-0.07145	-1.57285
7007.274	-2.07336	-0.01614	-0.02891	-1.47902
7011.296	-1.64424	0.14526	-0.23601	-1.44041
7015.302	-2.03268	0.15171	-0.15625	-1.43617
7019.314	-2.17328	0.10121	-0.08364	-1.20024
7023.296	-2.43887	0.03677	-0.29339	-1.03859
7027.296	-2.86207	0.18738	-0.41614	-1.13913
7031.295	-2.73338	-0.10177	-0.34933	-0.98297
7035.319	-2.91584	0.01174	-0.29508	-1.11438
7039.296	-2.73075	0.27169	-0.42892	-0.95712
7043.298	-2.02854	-0.02481	-0.56756	-1.10597
7047.286	-2.63470	0.06496	-0.46984	-0.99676
7051.320	-3.11594	0.38114	-0.64734	-0.81892
7055.297	-3.03702	0.20767	-0.40638	-0.75620
7059.296	-2.71320	-0.03301	-0.32953	-0.88837
7063.251	-1.90740	0.52337	-0.41596	-1.05348
7067.292	-3.36582	0.75131	-0.36826	-2.34884
7071.298	-3.00044	0.62504	-0.42939	-1.28696
7075.296	-2.06230	0.00579	-0.20422	-1.52547
7079.295	-2.44038	0.47065	-0.32153	-1.14540
7083.318	-2.34956	0.23612	-0.29111	-1.79839
7087.297	-2.09826	0.41420	-0.31483	-0.99636
7091.252	-1.65163	0.22092	-0.24904	-0.85136
7095.298	-2.43127	-0.10474	-0.23889	-0.81410
7099.319	-2.69703	0.17124	-0.33270	-1.29291
7103.298	-1.31339	-0.06245	-0.42502	-0.95856
7107.298	-2.61486	-0.37545	-0.38948	-0.80566
7111.297	-2.68747	-0.20322	-0.44051	-1.25591
7115.301	-1.17761	-0.12882	-0.38097	-1.75838
7119.300	-2.65810	-0.32492	-0.38995	-1.16725
7123.301	-2.73504	-0.28181	-0.33377	-1.70315
7127.299	-1.13938	-0.38314	-0.35573	-1.48249
7131.285	-2.80409	-0.37100	-0.46036	-1.27054
7135.293	-2.80880	-0.40442	-0.24728	-1.00223
7139.298	-1.15387	-0.45148	-0.36581	-1.27544
7143.297	-2.88918	-0.51009	-0.62722	-1.30351
7147.300	-2.79052	-0.46662	0.00514	-1.04767
7151.298	-2.49037	-0.39666	-0.84270	-0.57615
7155.298	-3.03368	-0.35447	-0.53756	-0.97720
7159.297	-2.81622	-0.45376	0.08416	-1.60742
7163.298	-2.69995	-0.36333	-0.05313	-1.81711
7167.302	-3.19259	-0.15608	-0.69640	-1.34039
7171.297	-2.61454	-0.37880	0.04988	-1.33515
7175.298	-2.59014	-0.39534	-0.44959	-1.09444
7179.320	-2.99492	-0.23669	-1.04880	-0.85813
7183.299	-2.48909	-0.08808	-0.32211	0.08153
7187.296	-2.36512	-0.06649	-0.64573	-1.50981
7191.301	-2.50672	0.12120	-0.67980	-1.67766
7195.260	-2.76265	0.44728	-0.37787	-1.30614
7199.300	-2.29580	0.67944	-0.62818	-0.68822
7203.300	-2.37602	0.10706	-0.52309	-0.68739
7207.265	-3.12984	0.19011	-0.69186	-1.71060
7211.293	-2.60005	0.18461	-0.24693	-1.38699
7215.277	-2.40959	0.57364	-0.64484	-1.08881
7219.299	-2.39998	0.53144	-0.81024	-0.69612
7223.300	-2.91337	0.45320	-0.76702	-1.32100
7227.321	-2.55624	0.19537	-0.74680	-2.13680
7231.301	-2.59220	-0.19084	-0.15149	-1.35402
7235.299	-2.56825	0.24198	-0.52925	-0.86246
7239.299	-2.36433	0.35757	-0.85969	-0.93225
7243.320	-2.91386	0.11470	-0.86954	-1.40619
7247.299	-2.95705	0.26245	-1.00496	-1.50799
7251.299	-2.83209	0.18798	-0.79861	-1.30733
7255.287	-2.88787	-0.15111	-0.41192	-1.00579
7259.290	-2.85477	-0.07550	-0.71288	-0.97042
7263.301	-2.84544	0.21475	-0.82168	-0.91284
7267.300	-2.64951	0.29787	-0.78461	-0.97440
