time (ms)	lx (deg)	ly (deg)	rx (deg)	ry (deg)
0.000	-2.12012	2.33903	3.03007	0.32114
4.002	-2.13428	2.16548	2.84997	0.38979
7.998	-2.18961	2.26247	2.29555	0.35788
12.000	-2.22582	2.21536	2.39872	0.49884
16.001	-2.16131	2.22168	2.68653	0.55691
19.998	-2.04540	2.09133	2.62328	0.41742
23.999	-2.04371	1.89801	2.73712	0.44103
27.993	-2.03536	1.74823	2.79221	0.38135
32.000	-1.92820	1.79367	2.82313	0.43668
35.997	-1.72064	1.62757	2.87745	1.03824
39.998	-1.83404	1.73072	2.96091	0.75464
43.992	-1.74134	1.66415	2.56577	0.69236
47.999	-1.74360	1.83989	2.54729	0.74281
52.002	-1.66621	1.46908	2.52339	1.25168
55.958	-1.61622	1.58193	1.99954	-1.82451
60.003	-1.58884	1.54579	2.40610	-2.13701
63.998	-1.62902	1.67882	2.68740	-1.50403
67.999	-1.67432	1.52525	2.58767	-1.69420
71.999	-1.76653	1.67468	2.97557	-0.79211
75.946	-1.73757	1.66118	1.73261	-3.74000
79.997	-1.86776	1.88856	1.71818	-2.57791
84.003	-1.83186	1.76400	1.82014	-2.86827
88.001	-1.82393	1.90337	2.58965	-3.15766
92.003	-1.92223	1.76636	2.68115	-3.43328
96.001	-1.88132	1.77571	2.25025	-3.51011
99.958	-1.96298	1.74935	2.69193	-3.07615
104.000	-2.01543	1.78390	2.16838	-3.35572
107.901	-1.92570	1.80507	2.43278	-3.16210
112.001	-1.93799	2.09196	2.32694	-3.31851
116.000	-1.89342	1.90193	2.41754	-3.22495
119.968	-1.71496	1.86195	2.08265	-2.58678
123.882	-1.75478	1.88124	2.06409	-3.15908
128.000	-1.65448	2.01925	1.99625	-3.19251
132.002	-1.72292	1.97192	1.96809	-2.94419
136.002	-1.91452	2.04099	2.01213	-3.03518
140.011	-1.58820	1.91720	2.18798	-2.79547
144.003	-1.67484	2.05148	2.04317	-2.71489
148.000	-1.39820	1.79607	2.07710	-2.51229
152.001	-1.48171	2.00022	2.00438	-2.43219
156.011	-1.33455	2.25215	3.17933	-2.53125
160.003	-1.40795	2.27514	1.90800	-2.41674
164.003	-1.45495	2.49238	1.98140	-2.29431
167.999	-1.56491	2.35226	1.98212	-2.28032
171.900	-1.62093	2.48222	2.01974	-2.10240
176.001	-1.54445	2.55314	2.33750	-2.26045
180.001	-1.54686	2.55624	2.23647	-2.07046
184.002	-1.52488	2.68358	1.92022	-2.03729
187.899	-1.52798	2.77148	1.33418	-1.99804
192.001	-1.54837	2.85618	1.37407	-2.13520
196.004	-1.66646	2.88386	1.20226	-2.07669
199.998	-1.66351	2.79529	1.86960	-2.16913
203.907	-1.69316	2.74938	1.48763	-2.27328
208.005	-1.65803	2.75500	1.77841	-2.04519
212.005	-1.63757	2.74479	1.32763	-1.95313
216.003	-1.53146	2.95823	1.09036	-1.77535
219.902	-1.66093	3.69524	0.58848	-1.38209
224.002	-1.69607	3.67576	0.99653	0.60866
228.004	-1.80876	4.00159	0.78158	-0.06224
232.003	-1.89627	4.20247	0.88642	0.95110
235.876	-1.87748	4.26923	1.18175	0.68901
239.964	-1.80714	4.43500	0.90741	0.43589
244.003	-1.85105	4.22333	0.66546	0.02713
248.001	-1.98001	4.25942	0.51654	0.38420
251.901	-2.06857	4.30065	0.28845	-0.25547
255.963	-2.12473	4.38533	0.49225	0.05844
260.005	-2.30576	4.37462	1.15134	-0.01332
264.002	-2.24103	4.27483	1.84061	-0.07242
267.902	-2.29974	4.01437	2.24953	-0.10242
272.003	-2.35013	3.99847	1.47479	-0.28276
276.003	-2.29339	3.65746	0.35017	-1.00478
280.003	-2.18245	3.57578	1.71679	-0.48950
283.904	-2.25404	3.09826	1.54232	-0.72326
287.994	-2.26034	3.22838	1.34177	-0.81184
291.963	-2.23021	3.19751	1.16530	-0.89536
296.002	-2.20473	2.98357	1.41010	-1.08336
299.904	-2.17683	2.90544	1.53954	-1.45731
304.003	-2.16037	2.88031	1.49359	-1.24087
308.006	-2.08468	2.62633	1.09048	-1.46815
312.006	-1.98601	2.41261	1.30251	-1.68951
315.904	-1.85732	2.28468	1.25944	-2.27833
320.006	-1.55916	2.34916	1.37310	-2.15078
324.006	-1.16543	2.06918	1.36072	-1.83995
328.003	-1.60538	2.25031	1.40879	-1.80963
332.012	-1.32178	2.21319	1.37181	-1.89394
336.007	-1.07865	2.16967	1.22653	-1.91018
340.012	-1.38136	2.11674	1.36087	-1.96243
344.003	-1.35745	2.06796	1.18388	-1.97957
348.009	-1.22566	2.20424	0.87389	-1.87741
352.006	-1.15292	2.25786	1.05592	-1.91664
355.987	-1.17870	2.33319	1.32299	-1.60984
360.004	-1.19832	2.33682	0.88483	-1.77157
363.903	-1.21789	2.49299	0.77149	-1.58071
367.989	-1.31005	2.48254	0.61719	-1.57505
372.007	-1.37449	2.53682	0.68987	-1.62625
376.006	-1.42942	2.59175	0.55041	-1.69672
380.009	-1.43582	2.59524	0.54093	-1.93369
384.003	-1.61367	2.63012	1.05183	-2.09943
388.006	-1.58287	2.64749	1.00253	-2.01093
392.004	-1.53024	2.64768	1.93797	-0.90081
395.903	-1.51732	2.53686	1.92565	-0.09152
400.004	-1.61647	2.45535	2.49216	0.29162
404.005	-1.65014	2.08351	2.22738	3.97012
408.003	-1.68801	2.09364	1.59534	3.08772
411.905	-1.69837	2.16893	1.85512	3.26512
416.005	-1.67546	2.47994	1.75793	2.99733
420.006	-1.77033	2.36421	1.94042	2.11810
424.008	-1.75079	2.80636	1.73663	2.36225
427.904	-1.75066	2.83267	1.35884	2.68702
432.005	-1.86149	3.90344	1.74900	2.84853
436.005	-1.68555	2.95615	1.56189	2.66690
440.007	-1.86605	3.39557	1.73013	0.44896
443.901	-1.81590	2.94941	2.04485	1.96638
448.004	-1.77603	3.76637	2.08771	1.61330
451.977	-1.71910	2.79407	1.69418	1.44739
456.005	-1.63172	2.78819	1.60536	1.84302
459.875	-1.75225	2.74723	1.71417	-1.61615
463.883	-1.67727	2.96077	1.32592	-0.43652
467.881	-1.78592	2.99137	1.43086	-1.57840
471.882	-1.86345	3.15666	1.65091	-1.63363
475.843	-1.60429	2.86780	1.79991	-1.34112
479.839	-1.52503	2.84318	1.33711	-1.41332
483.881	-1.67174	2.84629	1.25580	-1.47682
487.884	-1.56325	2.72878	1.06575	-1.30423
491.881	-1.60008	3.06034	1.58408	-1.49280
495.882	-1.60263	2.90041	1.00960	-1.44822
499.880	-1.58172	2.88106	1.03937	-1.55924
503.883	-1.63779	2.87845	1.24855	-1.51362
507.906	-1.71129	2.86668	1.44728	-1.68951
511.840	-1.70484	2.63248	1.30680	-1.87545
515.883	-1.53964	2.50490	0.84674	-2.32621
519.884	-1.51799	1.93875	1.00926	-2.41406
523.877	-1.60042	1.51361	0.92329	-1.86569
527.882	-1.29107	1.53229	0.66089	-0.30498
531.885	-1.40165	2.53459	0.16278	1.31324
535.883	-1.56479	2.90447	0.05743	1.62971
539.892	-1.27688	2.99478	0.37889	3.17687
543.844	-1.25835	3.34082	0.49205	0.66956
547.883	-1.41368	3.43025	1.52337	2.63016
551.884	-1.12859	3.76611	2.17348	2.73014
555.883	-1.15208	4.04369	2.63155	2.86308
559.882	-0.91460	2.70335	2.35618	3.33937
563.882	-0.88131	2.52574	1.92054	3.44006
567.882	-0.80521	2.40546	2.46305	0.54780
571.884	-0.94728	2.10123	2.71327	0.66543
575.840	-0.81955	2.08232	2.67459	0.12260
579.873	-0.83513	2.20995	2.60738	-0.60309
583.874	-0.71662	2.13371	1.20648	-0.59116
587.882	-0.76647	2.18946	0.48225	-1.18326
591.883	-0.66414	2.15351	1.07470	-1.43076
595.884	-0.64764	2.20081	0.95105	-1.37475
599.883	-0.87562	2.19231	1.69411	-1.07597
603.876	-0.76007	2.14637	0.87629	-1.21838
607.883	-0.73613	2.15593	0.73436	-1.18799
611.884	-0.92224	2.22912	0.80555	-1.15976
615.887	-1.30050	2.28030	0.70645	-1.13858
619.884	-0.71642	2.24387	0.79196	-1.40386
623.888	-1.09897	2.13966	0.84600	-1.45723
627.885	-1.01566	2.23744	0.74833	-1.80722
631.883	-1.07071	2.13281	0.83734	-1.55481
635.906	-1.24535	1.88545	0.79292	-1.76647
639.883	-1.45428	2.01240	0.85218	-1.84768
643.843	-1.36799	1.76196	0.78888	-2.51219
647.885	-1.19351	1.68846	0.73427	-1.92158
651.884	-1.34073	1.67233	0.59672	-0.04671
655.886	-1.52940	1.75127	0.82853	3.08846
659.887	-1.58889	1.84889	0.98390	3.09854
663.868	-1.59261	1.76203	1.02000	3.30068
667.889	-1.56580	1.64976	0.75292	2.70281
671.884	-1.62014	1.78154	0.79340	3.34086
675.887	-1.94702	2.25379	0.87106	3.54803
679.885	-1.80551	1.63211	1.03131	1.90068
683.907	-1.68550	1.58697	0.58205	-1.89287
687.885	-1.69183	1.63816	0.93850	-1.96409
691.887	-1.70303	1.55640	1.43754	-2.78317
695.888	-1.78436	2.02075	1.11132	-2.47764
699.886	-1.80295	2.42186	1.32902	-2.53166
703.888	-1.77980	2.31044	1.37811	-0.81690
707.852	-1.09053	2.43413	2.51594	2.52378
711.843	0.53751	2.84554	4.02887	0.07642
715.880	1.35236	2.25516	4.61815	-1.15069
719.886	1.33659	1.28905	4.82959	-2.50112
723.887	1.58046	1.21756	5.48811	-2.57442
727.885	1.74957	0.66189	6.06181	-3.50955
731.848	1.32183	0.45362	5.58449	-3.44883
735.868	1.62535	0.62935	4.41756	-3.51166
739.888	1.38607	0.82015	4.96625	-3.71564
743.887	1.53438	0.30228	5.13259	-3.86131
747.878	1.48957	0.44688	5.55804	-4.12280
751.886	1.54968	0.57361	5.14151	-3.94794
755.885	1.42191	0.40816	5.46089	-1.27935
759.886	1.48446	0.43215	5.79612	-1.50748
763.889	1.33545	0.39367	5.94948	-1.56325
767.887	1.18086	0.42197	3.80883	-0.79210
771.885	1.16632	0.35919	5.86781	-0.07799
775.885	0.91837	0.28747	4.91230	-1.28368
779.885	0.79883	0.15944	5.23091	-0.25080
783.886	1.08765	-0.73161	5.93321	-0.09746
787.877	0.82637	-0.78751	6.11351	-0.77514
791.885	0.76699	-1.08215	5.19834	-1.01360
795.848	0.87220	-1.07957	5.36705	-0.54919
799.887	0.68374	-0.65843	6.05756	-1.02918
803.884	0.74558	-1.23314	6.37349	-1.25174
807.884	0.66598	-0.91317	6.15090	-1.20867
811.886	0.58858	-1.08947	5.23868	-1.35849
815.885	0.64876	-1.12282	6.18958	-1.62328
819.885	0.61858	-1.23360	4.75876	-1.53885
823.888	0.81282	-0.47391	4.30448	-1.61019
827.912	0.74230	-0.30678	4.31644	-1.48990
831.857	0.76444	0.46823	3.67924	-1.78745
835.888	0.71650	1.39837	3.96740	-1.82863
839.889	0.69245	1.89821	4.01309	-1.97137
843.881	0.82590	1.08780	3.89001	-2.55002
847.843	1.00067	1.36370	3.87727	-2.49067
851.888	1.08592	1.37231	3.71273	-2.79869
855.886	1.08927	1.23841	3.93542	-3.04278
859.888	1.18664	1.34974	3.87005	-3.71944
863.886	1.31069	1.31169	3.62281	-3.08272
867.890	1.23350	1.14006	3.77755	-3.13771
871.870	1.46896	1.42113	4.81505	-3.22901
875.888	1.65609	1.19095	3.92820	-3.29250
879.888	1.61986	1.42168	5.03881	-3.37031
883.886	1.69726	1.30716	3.95545	-3.30589
887.889	1.75173	1.21606	4.10784	-3.18411
891.889	1.65587	1.02715	3.85582	-2.94001
895.889	1.95634	0.71962	4.11917	-2.90147
899.887	1.87532	-0.08283	4.03979	-2.69078
903.886	1.89677	0.22449	4.04409	-2.61456
907.890	1.82376	0.09895	4.38578	-2.32122
911.889	1.94307	-1.41279	4.67697	-2.50205
915.846	1.14007	-0.14420	4.06458	-2.19280
919.889	0.69255	1.01816	3.94903	1.09158
923.857	-0.97742	2.50522	3.07862	-1.74356
927.887	-1.40452	4.00562	0.75610	1.23490
931.891	-3.34638	3.87058	0.52659	3.54257
935.889	-3.32338	3.44330	-0.63605	5.52202
939.890	-3.34628	2.96763	0.18519	5.74421
943.894	-3.63332	3.86963	-1.04173	3.25973
947.889	-5.39000	5.00915	-1.38614	2.65050
951.891	-5.82690	4.62375	-2.04059	2.28688
955.887	-5.47746	4.44436	-2.06188	1.54313
959.888	-5.44867	4.05897	-2.49409	0.91986
963.891	-5.18173	4.16524	-2.06855	1.09195
967.889	-5.21427	3.82477	-3.16030	1.97314
971.889	-5.03457	4.04757	-2.83516	2.16971
975.890	-5.30269	3.65847	-2.64282	6.92520
979.890	-5.40889	3.92807	-3.06981	6.83216
983.888	-5.30343	4.19005	-3.04004	6.42651
987.890	-5.33605	3.80621	-3.48279	6.20423
991.891	-5.30793	3.96423	-3.03875	6.30640
995.884	-5.30965	4.04244	-3.25169	6.09224
999.881	-5.34085	3.47692	-3.44471	6.11616
1003.883	-5.32053	3.47218	-3.52376	6.06045
1007.887	-5.34863	3.41466	-3.63329	5.85705
1011.888	-5.27530	3.45047	-3.81086	5.89511
1015.891	-5.27835	3.67882	-1.99074	5.95331
1019.883	-5.22315	3.85775	-1.68659	5.75608
1023.889	-5.29698	3.67498	-3.87094	5.51986
1027.891	-5.33421	3.46456	-3.80416	2.04395
1031.894	-5.30328	3.51709	-2.90089	-0.48298
1035.892	-5.31406	3.53557	-3.84345	0.46853
1039.861	-5.32255	3.85923	-3.75763	-0.05844
1043.903	-5.36772	3.89694	-3.83660	0.14633
1047.892	-5.44574	4.38820	-3.96192	2.05476
1051.891	-5.35871	3.79314	-3.61248	0.12923
1055.850	-5.48182	3.84546	-3.91484	2.05475
1059.891	-5.52232	3.91185	-2.36353	2.00923
1063.890	-5.58221	3.74881	-3.40296	3.87547
1067.885	-5.56689	3.91525	-3.30037	4.23419
1071.888	-5.53471	3.98820	-3.07483	4.32744
1075.848	-5.60054	3.75699	-3.65670	5.62470
1079.873	-5.62193	3.99536	-2.62278	6.58640
1083.884	-5.68207	3.76303	-3.01376	6.60516
1087.891	-5.51177	3.80447	-2.55086	6.87775
1091.890	-5.54651	3.74893	-2.90579	6.29139
1095.891	-5.55044	3.82301	-3.06610	6.06553
1099.894	-5.43927	3.76562	-2.48383	5.54126
1103.892	-5.37891	3.67506	-2.66677	5.58165
1107.893	-5.41163	3.77397	-2.38526	4.48176
1111.889	-5.73455	3.51284	-2.46042	4.94095
1115.885	-5.55211	4.03460	-2.46295	4.68540
1119.892	-5.65914	4.33797	-2.52755	4.27402
1123.859	-5.75436	4.14900	-2.55990	4.11398
1127.890	-5.42176	4.37183	-2.58321	3.95377
1131.884	-5.59723	4.30164	-2.56825	4.26213
1135.891	-5.79241	4.28821	-2.63168	4.16790
1139.891	-5.85234	4.63940	-2.72810	3.91766
1143.893	-5.80005	4.97253	-2.74727	3.63775
1147.894	-5.68657	4.95985	-2.66602	3.90598
1151.894	-5.25955	4.74949	-2.51353	3.12302
1155.892	-5.56986	4.70209	-2.48081	2.91717
1159.895	-5.33322	3.64414	-2.78698	0.89778
1163.875	-5.59265	3.63318	-2.56429	4.10441
1167.892	-6.00182	4.31100	-3.02625	4.25332
1171.894	-6.04576	4.55585	-2.17638	2.58301
1175.849	-4.22259	10.67996	-4.30282	2.01154
1179.788	NaN	NaN	-5.72627	1.45150
1183.895	NaN	NaN	-5.11031	5.23143
1187.894	NaN	NaN	NaN	NaN
1191.891	NaN	NaN	NaN	NaN
1195.798	NaN	NaN	NaN	NaN
1199.891	NaN	NaN	NaN	NaN
1203.886	NaN	NaN	NaN	NaN
1207.883	NaN	NaN	NaN	NaN
1211.854	NaN	NaN	NaN	NaN
1215.891	NaN	NaN	NaN	NaN
1219.892	NaN	NaN	NaN	NaN
1223.893	NaN	NaN	NaN	NaN
1227.895	NaN	NaN	NaN	NaN
1231.850	NaN	NaN	NaN	NaN
1235.892	NaN	NaN	NaN	NaN
1239.892	NaN	NaN	NaN	NaN
1243.893	NaN	NaN	NaN	NaN
1247.898	1.46340	3.20220	NaN	NaN
1251.893	6.28432	3.25379	NaN	NaN
1255.895	6.09700	2.84789	-7.18464	-2.54747
1259.893	-4.09461	6.89693	10.47768	-8.63683
1263.897	-3.62049	5.16734	9.55652	-8.72376
1267.894	-4.24927	3.39672	-1.80231	-5.50737
1271.792	-3.97785	2.10112	-1.75547	-5.84258
1275.894	-3.86069	2.27609	-1.92609	-5.93509
1279.910	-4.38699	2.28122	-1.96672	-5.81583
1283.893	-4.13488	1.12368	-1.94545	-5.80177
1287.792	-4.74624	1.80603	-1.85973	-5.71286
1291.852	-4.72921	0.53458	-1.78010	-5.43466
1295.852	-4.23355	-0.07851	-1.54048	-4.57653
1299.893	-4.35617	0.64292	-1.74018	-5.02124
1303.794	-4.27459	0.63082	-1.69294	-3.19841
1307.896	-4.41127	0.55352	-0.85528	-7.96488
1311.897	-4.37411	1.66121	-0.64037	-8.22241
1315.896	-4.48036	1.95041	-0.49287	-8.25374
1319.899	-4.30615	1.69558	-0.57039	-8.19569
1323.896	-4.16305	0.94685	-0.35032	-7.48274
1327.894	-4.09735	0.54210	-0.96596	-7.80389
1331.859	-3.95078	-0.04705	-0.40447	-6.82195
1335.901	-3.68517	-0.07442	-2.86772	-1.74253
1339.895	-3.85133	-0.27919	-2.28940	-0.57366
1343.894	-3.87262	-0.01775	-1.95631	-0.78671
1347.900	-3.84125	-0.08459	-0.22065	-0.91354
1351.898	-3.78136	0.26528	-0.15702	-1.17162
1355.897	-3.92640	0.88365	0.02509	-1.26770
1359.857	-3.82702	0.20031	0.40725	-1.22991
1363.855	-3.79040	0.64620	0.34801	-0.85051
1367.902	-3.81367	0.84839	0.76022	-0.84777
1371.876	-3.90778	0.70486	0.86751	-0.83276
1375.897	-4.06268	0.83590	0.89545	-0.65648
1379.896	-4.05433	0.62044	0.87719	-0.32697
1383.899	-4.14685	1.22028	0.76821	-0.87827
1387.897	-4.08972	0.96968	1.10552	-0.43534
1391.893	-4.11974	1.10512	1.01265	-0.50196
1395.894	-4.11873	1.37674	1.07793	-1.06455
1399.793	-4.01440	1.29258	-2.55247	0.40074
1403.894	-3.99645	1.37720	0.02400	-0.71435
1407.896	-4.06258	1.40292	-0.26969	-0.08819
1411.884	-3.95696	1.45543	0.82798	-0.56594
1415.783	-4.01438	1.40513	0.59828	-0.97305
1419.854	-3.76151	1.58770	1.11400	-1.08051
1423.895	-3.09003	1.45782	1.51204	-1.40375
1427.895	-0.64898	-0.17192	2.30348	-1.19066
1431.901	-0.35466	1.36115	5.23519	-1.38568
1435.895	-0.21847	-0.26270	5.44889	-1.83841
1439.894	1.73616	-0.12759	7.17021	-1.79993
1443.898	1.46596	-0.41923	8.09187	-2.36085
1447.901	1.44904	-0.23609	7.09854	-4.22168
1451.897	1.60199	-0.45296	7.10582	-2.52606
1455.896	1.68979	-0.29878	6.58915	-3.16788
1459.855	1.74556	-0.09195	7.32509	-3.37525
1463.905	1.77392	-0.06035	7.05535	-2.19070
1467.897	1.86184	-0.22057	7.90737	-3.15594
1471.896	2.13209	-0.46524	8.18373	-3.07275
1475.896	2.00765	0.34144	7.85241	-3.11822
1479.858	1.94414	0.24912	8.38010	-2.82056
1483.896	1.39413	-0.18828	8.71460	-2.64086
1487.898	1.83685	-0.17199	8.75128	-2.67346
1491.773	1.98938	-0.02699	9.08295	-1.79819
1495.763	1.88407	-0.02888	8.72246	-1.31679
1499.769	1.96583	0.04493	7.45057	-1.29566
1503.773	1.84562	-0.26172	5.49362	-1.62238
1507.773	1.80925	0.23714	6.94897	-3.02728
1511.734	1.46611	-0.61949	7.20389	-1.21763
1515.770	1.82790	0.00392	7.03773	-1.21666
1519.772	1.75942	-0.73162	8.97562	-0.97920
1523.772	2.27295	-1.19862	8.82293	-1.54908
1527.862	1.88117	-0.85540	8.86236	-0.31083
1531.771	1.63211	-1.73066	8.93224	-0.88021
1535.772	1.86476	-2.01211	8.78086	-0.49228
1539.774	1.90428	-1.87188	8.24239	-0.33522
1543.734	2.15366	-1.67538	7.68050	0.44789
1547.776	1.89863	-1.53859	7.06256	0.73376
1551.772	1.57863	-2.24362	7.33039	0.40727
1555.775	1.99823	-1.89993	7.11203	0.80708
1559.796	1.96476	-2.32264	7.59654	0.48596
1563.772	1.56660	-1.97781	8.48952	-1.68392
1567.773	1.79948	-2.18526	8.58769	-2.21943
1571.773	1.62629	-1.97606	7.12786	-2.39119
1575.796	1.75912	-1.27956	7.09236	-2.85306
1579.774	1.63960	-1.18693	7.12921	-2.26625
1583.764	1.85227	-0.33374	7.40387	-2.61430
1587.764	1.59740	0.14511	7.39235	-2.54406
1591.797	1.66205	-0.41617	7.24788	-2.85432
1595.731	1.62480	0.09548	7.52122	-3.42810
1599.774	1.58904	0.19432	7.84798	-3.07054
1603.776	1.48622	0.62259	7.90226	-2.06533
1607.773	1.46422	0.44335	9.54899	-0.33042
1611.773	1.57027	-0.42083	7.11415	-4.34659
1615.774	1.57743	0.32026	7.75656	-1.30847
1619.776	1.76973	2.17488	7.30376	-0.81795
1623.800	1.46854	3.48348	7.76857	0.64224
1627.742	1.78233	3.61907	7.35341	3.59421
1631.774	1.80491	4.79261	8.64815	5.64778
1635.731	2.06362	4.91668	5.41797	3.71897
1639.796	2.12027	5.14451	4.60737	4.29764
1643.776	1.89825	5.82754	7.30583	3.16321
1647.779	2.09204	5.71497	4.14354	5.21841
1651.775	1.93782	4.37680	7.19346	3.33580
1655.797	2.10686	4.95682	7.54027	4.01982
1659.774	2.19130	4.76401	7.49483	4.57453
1663.733	2.11383	4.84188	7.43596	4.46711
1667.755	2.08268	4.96977	7.15286	5.38858
1671.778	2.09678	4.69340	7.06843	5.53972
1675.777	2.16523	4.80232	7.03162	6.31110
1679.777	2.31847	4.91583	7.00582	6.71591
1683.776	2.38006	4.89397	7.28237	6.69783
1687.775	2.40360	5.07194	6.90843	6.52741
1691.777	2.22498	5.73148	7.02020	5.86900
1695.777	2.34597	5.20015	6.94853	6.36055
1699.774	1.93405	6.03737	7.57344	6.05912
1703.768	1.38019	6.14830	7.33237	6.35874
1707.772	2.01764	5.42126	7.50759	6.74778
1711.769	2.00636	5.27748	7.29328	7.04203
1715.774	2.42379	5.40536	7.41609	6.47058
1719.800	1.10507	5.55083	5.53906	7.37330
1723.776	-1.48669	5.63877	3.60724	6.68867
1727.774	-1.33961	5.59119	2.57887	7.76031
1731.734	-4.06394	5.73419	0.44869	6.74471
1735.805	-6.57602	5.94815	-0.37631	6.34912
1739.775	-6.61969	6.17533	-1.86600	6.99425
1743.774	-7.60541	5.71231	-3.99993	4.85702
1747.774	-7.46953	5.40886	-4.52469	5.62939
1751.738	-8.37874	5.32335	-6.54732	4.96958
1755.776	-8.87745	5.51514	-6.72516	3.34957
1759.775	-8.89824	5.43494	-6.60762	3.49820
1763.775	-8.77841	6.02597	-6.20268	3.64659
1767.798	-8.92641	5.72690	-6.32797	4.40381
1771.778	-8.91015	5.84957	-6.28464	2.96994
1775.734	-9.02844	5.53686	-6.43373	3.64883
1779.778	-9.03544	6.42084	-6.09025	3.16017
1783.802	-8.48559	6.13860	-6.27523	3.47693
1787.778	-8.83648	6.18210	-6.92704	3.19833
1791.767	-8.76132	5.90038	-6.19218	3.57479
1795.768	-8.70968	6.04568	-6.48151	3.54313
1799.768	-8.79756	4.83000	-6.65578	5.86295
1803.776	-8.90405	4.10408	-6.27398	6.29001
1807.776	-8.86534	5.59232	-6.44706	6.39331
1811.776	-9.07540	4.19998	-6.22719	3.39738
1815.799	-9.12594	3.76649	-6.49401	3.76661
1819.775	-9.04045	4.09393	-6.07152	4.51722
1823.777	-8.22722	4.31936	-6.06792	5.33433
1827.776	-8.38855	5.71671	-6.12762	3.32149
1831.802	-8.52241	4.94908	-6.22449	3.27689
1835.742	-8.62382	5.24326	-5.96694	3.96924
1839.776	-8.50175	4.21632	-5.92287	4.27748
1843.780	-8.63973	4.75684	-6.15313	6.16261
1847.799	-8.61977	4.37486	-5.94477	5.75124
1851.778	-9.23045	4.85760	-5.99340	5.65576
1855.777	-9.00460	4.92708	-6.03550	6.22247
1859.777	-8.73812	5.38938	-5.86440	6.16592
1863.801	-8.75575	5.12823	-5.86867	6.34191
1867.778	-8.34597	5.45631	-5.88272	6.28080
1871.777	-8.65113	5.00810	-5.76382	4.53857
1875.760	-8.82955	5.27788	-5.53402	6.05547
1879.802	-9.05316	4.91962	-5.72507	6.69587
1883.777	-8.99721	5.53024	-5.76507	4.68013
1887.777	-8.91841	5.58284	-5.78101	3.91284
1891.779	-8.87164	5.38715	-5.38105	3.56463
1895.802	-8.76244	5.82393	-5.59381	4.48387
1899.781	-8.80442	5.71641	-5.49989	4.57804
1903.779	-8.99578	5.69911	-5.88906	4.33676
1907.778	-8.73056	5.81448	-5.64476	4.49235
1911.782	-8.96792	5.78816	-5.94192	4.70563
1915.774	-8.92510	6.00528	-5.70696	4.71231
1919.778	-8.83471	6.11123	-5.90497	5.30859
1923.779	-8.76728	6.01920	-5.71736	6.65815
1927.801	-8.90260	5.70143	-5.98658	6.71273
1931.778	-8.82737	5.25967	-5.87373	7.37041
1935.778	-8.94816	5.25269	-5.92478	5.22446
1939.781	-9.14902	5.48759	-5.91666	5.33370
1943.801	-8.81171	6.20751	-5.56711	4.62895
1947.779	-8.47663	5.63985	-5.67489	4.52775
1951.782	-8.35291	5.82460	-5.85445	3.97829
1955.781	-8.65118	4.88310	-5.64417	4.38157
1959.801	-8.37320	5.07085	-5.55329	5.18387
1963.777	-8.80204	4.81156	-5.68258	5.48549
1967.780	-9.13226	5.27058	-5.40919	5.30316
1971.777	-9.04771	4.52077	-5.27695	6.49677
1975.801	-9.19665	5.78503	-5.69986	5.90777
1979.737	-8.50289	5.59533	-5.61920	8.65909
1983.782	-8.67789	5.78018	-5.20260	3.66095
1987.780	-8.89063	5.47225	-5.70998	4.13776
1991.785	-9.05683	5.75485	-4.98659	4.07715
1995.782	-9.01198	5.71248	-5.38238	3.88230
1999.769	-9.03619	5.91006	-5.38767	4.92178
2003.779	-9.23563	5.36272	-5.99875	5.97923
2007.787	-9.18855	5.20521	-6.00477	5.49638
2011.782	-9.12224	4.49067	-5.97885	6.21349
2015.782	-9.27535	4.22060	-6.11567	5.90801
2019.780	-9.35510	4.38116	-5.93993	3.72885
2023.784	-9.44870	4.33061	-5.50360	3.44395
2027.781	-9.15386	5.56716	-5.83255	3.34991
2031.781	-9.16777	4.71568	-6.14248	3.30355
2035.782	-9.39392	5.23121	-5.90249	5.03796
2039.787	-9.51956	5.21842	-6.29884	5.69047
2043.748	-9.42274	5.85201	-5.98292	5.72263
2047.780	-9.46657	5.86216	-5.98189	6.38163
2051.788	-9.12057	6.20312	-5.95717	8.87971
2055.787	-9.17834	4.36822	-5.97047	5.78216
2059.781	-9.05052	3.51721	-5.79595	3.56229
2063.780	-8.89586	4.55508	-5.70273	5.02454
2067.779	-8.95133	4.44281	-5.93220	5.10007
2071.785	-9.06487	4.88967	-5.95881	5.44884
2075.781	-9.33683	5.14751	-5.80968	6.40850
2079.784	-9.47973	5.94492	-5.85873	7.60313
2083.762	-9.47773	3.42022	-5.78519	3.94152
2087.786	-9.94383	3.98280	-5.88203	4.69512
2091.781	-9.53378	4.53752	-5.89485	5.46147
2095.783	-9.56880	5.27732	-6.00786	6.71252
2099.783	-9.35065	4.94571	-6.10742	7.61291
2103.787	-9.06192	5.42389	-6.11456	6.51089
2107.782	-9.66798	4.73066	-6.26017	4.02779
2111.785	-9.59788	5.19028	-5.91153	3.56556
2115.783	-9.52922	3.72850	-5.86882	4.36697
2119.788	-9.61691	3.92382	-5.48396	6.49037
2123.785	-9.62994	4.59724	-6.12411	6.65108
2127.775	-9.85760	4.79689	-6.32145	7.07747
2131.782	-9.88157	5.11401	-5.92849	6.75870
2135.787	-9.57372	5.83318	-5.92633	6.12798
2139.783	-9.53837	5.83470	-5.75033	3.65157
2143.781	-9.63501	6.25341	-5.94126	4.33664
2147.780	-9.64195	5.80854	-6.14754	5.62225
2151.778	-9.44247	5.21745	-6.04912	6.05107
2155.781	-9.48862	4.84090	-5.93181	7.01452
2159.781	-9.34384	5.10192	-5.89647	6.91694
2163.781	-9.34268	4.88471	-6.08095	7.31393
2167.764	-9.17379	5.73637	-5.86656	6.60697
2171.782	-9.30269	5.51337	-5.78133	5.04162
2175.781	-9.34418	5.56460	-5.75421	4.64239
2179.780	-9.34519	6.17870	-5.77028	4.47813
2183.683	-9.57674	5.87546	-5.84861	4.82904
2187.781	-9.68908	4.95329	-5.96313	7.24734
2191.781	-9.48982	4.48688	-6.24313	7.54031
2195.781	-9.71720	4.24388	-5.76642	8.75056
2199.744	-9.56641	5.02808	-6.12148	7.38214
2203.782	-9.38914	5.40375	-5.94664	7.10423
2207.771	-9.82057	5.37095	-5.67887	4.66668
2211.782	-9.70642	5.58892	-5.80712	4.77333
2215.786	-9.45071	5.62329	-5.94411	4.78114
2219.781	-9.44650	5.60201	-5.97406	4.56045
2223.784	-9.77045	8.80561	-6.10463	5.17418
2227.784	NaN	NaN	-0.37583	8.05414
2231.804	NaN	NaN	4.61642	14.36284
2235.782	NaN	NaN	NaN	NaN
2239.782	NaN	NaN	NaN	NaN
2243.788	NaN	NaN	NaN	NaN
2247.790	NaN	NaN	NaN	NaN
2251.758	NaN	NaN	NaN	NaN
2255.781	NaN	NaN	NaN	NaN
2259.772	NaN	NaN	NaN	NaN
2263.785	NaN	NaN	NaN	NaN
2267.785	NaN	NaN	NaN	NaN
2271.782	NaN	NaN	NaN	NaN
2275.741	NaN	NaN	NaN	NaN
2279.782	NaN	NaN	NaN	NaN
2283.781	NaN	NaN	NaN	NaN
2287.782	NaN	NaN	NaN	NaN
2291.764	NaN	NaN	NaN	NaN
2295.783	NaN	NaN	NaN	NaN
2299.781	NaN	NaN	NaN	NaN
2303.784	NaN	NaN	NaN	NaN
2307.786	NaN	NaN	NaN	NaN
2311.742	NaN	NaN	NaN	NaN
2315.786	NaN	NaN	NaN	NaN
2319.788	NaN	NaN	NaN	NaN
2323.685	NaN	NaN	NaN	NaN
2327.744	NaN	NaN	NaN	NaN
2331.784	NaN	NaN	NaN	NaN
2335.787	NaN	NaN	NaN	NaN
2339.746	NaN	NaN	NaN	NaN
2343.743	-20.05690	2.78478	NaN	NaN
2347.788	-19.97003	3.08797	-13.51499	13.64198
2351.792	-20.70378	3.14455	-13.89358	13.90650
2355.790	-20.02451	2.73749	3.80728	14.10721
2359.743	-16.69277	2.03880	-0.41571	11.23107
2363.746	-15.05526	2.77254	-0.83905	9.11262
2367.789	-4.56084	8.21315	-0.99266	9.11832
2371.791	-14.17609	2.91428	-0.98700	8.28573
2375.758	-10.09811	5.83927	-1.07845	8.74057
2379.785	-8.87525	5.74668	-1.18914	8.93008
2383.784	-8.79647	5.30625	-5.59850	8.89053
2387.791	-9.37856	5.42333	-5.71519	8.83308
2391.785	-9.49371	5.54711	-5.50591	8.71366
2395.784	-8.79904	5.77226	-5.32309	9.40054
2399.784	-7.04218	7.44578	-1.99508	9.00203
2403.789	-5.53628	7.84953	-5.28967	7.32191
2407.787	-3.07303	8.05081	1.82921	7.56782
2411.743	-0.41388	8.83426	3.02291	8.55012
2415.777	0.72967	8.36344	5.21245	8.53235
2419.747	2.64691	6.91119	8.24142	7.86033
2423.783	5.04117	6.00160	8.84940	7.96005
2427.788	7.07363	5.77957	11.16211	8.35907
2431.788	6.93670	7.61104	12.16641	8.27433
2435.792	9.25354	6.22338	13.43733	8.56901
2439.784	8.48139	6.47959	13.66627	8.75283
2443.785	8.50452	6.54165	14.20632	8.38054
2447.785	8.26969	6.79432	14.47271	8.17482
2451.795	8.69406	6.38693	14.73973	7.80917
2455.788	8.23060	6.76953	15.09964	7.35097
2459.753	8.35772	6.61341	14.00482	8.12992
2463.788	8.23274	6.42226	13.92774	6.67304
2467.792	8.30702	6.56170	14.35992	6.67984
2471.786	8.22047	6.71093	14.93346	6.55192
2475.789	8.06151	6.62629	15.23611	4.49567
2479.745	8.07859	6.58636	15.42106	5.84017
2483.686	7.85969	6.71148	14.38309	6.31167
2487.785	7.86169	6.61827	14.10039	5.87039
2491.789	7.87815	6.75041	15.66197	4.43906
2495.788	7.66490	6.82848	15.68472	7.25545
2499.743	7.79658	6.94404	15.19454	6.70633
2503.786	7.74028	7.16545	14.12779	5.33938
2507.788	7.64532	6.75395	15.47342	5.14090
2511.788	7.79286	6.81335	15.61651	9.95394
2515.792	7.64015	7.18902	15.08622	6.49835
2519.787	7.65817	7.44050	13.48995	5.34381
2523.786	8.12687	7.15709	14.30648	7.45443
2527.787	7.16498	6.74537	15.25854	9.75109
2531.685	7.92125	7.16911	12.25830	7.38009
2535.662	7.66868	6.37890	14.19088	5.25927
2539.663	8.19822	6.20437	15.29168	9.64641
2543.622	7.89296	6.47478	15.37681	5.79722
2547.686	8.00457	6.39450	14.55946	5.79549
2551.663	7.91967	6.66480	14.84037	9.86454
2555.663	7.88056	6.97037	14.44027	7.03597
2559.661	7.86980	6.53516	14.17836	5.74192
2563.664	7.96858	6.93766	15.61481	6.67324
2567.662	7.84484	6.96337	15.43074	6.79705
2571.633	7.89929	6.67544	13.73428	5.71157
2575.666	7.75621	7.06163	14.03636	10.52830
2579.664	7.60514	7.42748	15.57624	9.90520
2583.663	7.66317	7.55721	14.28534	7.73767
2587.646	7.59722	6.73335	13.74470	10.41958
2591.664	7.39110	7.30724	14.60953	9.07917
2595.656	7.56578	6.43384	13.62230	9.57707
2599.665	8.06516	4.31953	13.36048	10.03380
2603.661	7.41656	7.32871	14.05231	7.92627
2607.665	7.46794	6.70778	13.67004	7.88878
2611.665	7.63662	5.25078	13.87265	8.27411
2615.663	7.63096	6.27316	14.59375	6.91514
2619.625	7.81371	6.45350	14.20075	6.99968
2623.667	7.83030	5.68650	13.51138	5.99886
2627.668	7.75007	6.03868	15.45719	5.03944
2631.663	8.05302	5.87781	16.58273	4.08486
2635.664	7.89756	6.02106	15.63097	5.84926
2639.663	8.06300	5.45296	15.21968	4.66882
2643.688	8.02316	5.81973	14.09581	8.49636
2647.665	7.97040	5.83438	15.16202	10.17769
2651.663	8.14767	5.79727	13.88319	8.67257
2655.665	8.15737	5.96425	13.59553	10.83777
2659.665	8.17505	5.84651	13.84703	9.39998
2663.666	8.29625	5.74563	14.56974	8.72266
2667.665	8.24740	5.75155	14.36146	8.47361
2671.647	7.84859	6.19485	13.69354	9.53989
2675.657	7.75468	6.27254	14.01108	8.56866
2679.667	8.16338	6.00095	14.65651	8.07054
2683.667	7.98048	6.30124	14.00293	7.37201
2687.664	8.01039	6.53911	14.01982	7.70303
2691.687	7.57771	6.53055	13.84415	7.57287
2695.664	8.32429	6.45447	14.61843	6.97382
2699.664	8.13689	6.36055	15.94933	5.46613
2703.665	7.19940	5.77152	15.26044	5.80683
2707.691	6.63845	6.16217	13.70062	7.90160
2711.662	6.28761	6.39530	13.46651	4.92554
2715.659	5.77959	3.34081	13.41265	1.44867
2719.666	4.75147	3.73793	13.28225	3.94255
2723.670	4.50239	5.06296	9.47340	1.43333
2727.666	3.52756	3.52698	9.72139	-0.63780
2731.666	3.79371	2.68224	8.47590	-0.59407
2735.666	3.26693	2.14280	9.39216	1.38523
2739.670	2.41026	2.09872	8.05110	2.04937
2743.666	1.83781	1.89053	8.45288	0.51042
2747.665	1.75225	2.33783	8.64061	0.34573
2751.667	2.32315	2.41371	8.73356	0.84309
2755.692	2.05789	2.46290	9.01421	1.04678
2759.666	2.57573	2.27626	9.99043	0.13631
2763.624	1.92292	2.36760	8.90512	-0.08811
2767.668	2.18934	2.16771	8.61242	-1.08493
2771.689	2.10431	2.24697	8.15411	-0.68433
2775.669	1.90604	2.47339	8.43656	-1.07644
2779.669	1.99568	2.28806	8.24704	-1.49361
2783.667	1.94585	2.37645	8.52744	-1.75429
2787.691	2.09779	2.32340	8.78171	-1.80097
2791.670	2.29255	2.23415	8.87663	-0.76478
2795.651	2.08193	2.56445	8.59791	0.62830
2799.678	2.04280	2.25698	8.77170	1.74439
2803.688	1.97939	2.51078	9.25151	0.51233
2807.668	2.16654	2.25990	9.55413	-0.26798
2811.666	2.01377	2.33311	10.56654	-0.46878
2815.668	1.97153	2.33079	9.01704	-0.12543
2819.690	2.06104	2.26047	9.33942	-0.75673
2823.665	1.90601	2.22426	9.19164	-0.28899
2827.665	2.03774	2.08655	6.94582	0.25685
2831.666	2.09534	1.64604	8.95646	-0.42670
2835.691	2.07903	1.34708	8.65094	-0.41556
2839.634	2.25803	0.94998	8.70946	-1.01831
2843.668	2.06753	0.84163	8.68630	-1.39354
2847.667	2.15921	0.66958	7.77731	-1.84460
2851.690	1.91794	0.79309	8.50224	-1.59364
2855.630	1.88472	0.59996	8.66219	-2.13081
2859.670	1.96122	0.53140	8.33063	-1.08661
2863.668	1.70006	1.05265	8.58597	-1.03967
2867.690	1.78163	1.19601	8.58044	0.51271
2871.669	1.64355	1.99327	8.53098	1.27337
2875.669	1.63995	1.25571	8.69620	0.46915
2879.648	1.83893	1.79784	8.86088	0.56918
2883.692	1.80526	1.61675	8.98554	0.00690
2887.668	2.04069	1.68972	9.17212	1.15770
2891.668	1.82043	2.04917	9.22252	1.19615
2895.668	1.93581	1.98270	9.28954	1.12775
2899.691	2.00978	2.05410	9.49224	1.29459
2903.668	2.15437	1.92125	9.99426	1.06282
2907.666	2.24237	2.24563	10.38483	0.97695
2911.667	2.17398	2.16041	9.51124	1.00799
2915.691	1.82276	2.15810	9.21507	-1.97633
2919.664	2.22674	-0.02128	8.93479	-4.91742
2923.660	2.08515	-1.28786	8.32475	-7.27528
2927.668	1.94684	-1.17028	9.11929	-3.52778
2931.691	1.68538	-1.52395	9.32697	-2.01327
2935.670	1.32607	1.28024	7.68605	-1.54766
2939.670	1.39118	0.02643	7.54998	-2.10069
2943.671	1.43295	0.33349	8.03492	-2.21727
2947.671	1.05099	1.09446	8.02514	-3.13509
2951.670	1.34532	0.70320	7.54305	-3.45996
2955.632	1.39341	0.23614	7.51088	-4.24887
2959.669	1.55787	-0.02419	7.75967	-4.96074
2963.673	1.54914	-0.50650	7.91224	-4.45193
2967.669	1.69126	-0.17789	8.98077	-5.73117
2971.667	1.44277	-0.94378	8.09394	-3.66570
2975.673	1.58299	-0.83334	8.48364	-4.06948
2979.688	1.57062	-1.76553	8.94736	-3.95431
2983.670	1.35008	-1.98733	8.04421	-3.60783
2987.671	1.59073	-2.32138	7.98951	-3.22268
2991.673	1.63710	-1.27408	8.37594	-3.80648
2995.664	1.53290	-1.09018	8.50717	-4.25128
2999.671	1.58835	-1.31930	7.87930	-3.90649
3003.657	1.45785	-1.18028	7.69622	-3.89486
3007.667	1.36719	-0.73365	7.59963	-4.16691
3011.692	1.42218	0.21600	8.12289	-4.84199
3015.669	1.59765	-0.37706	8.01676	-4.48059
3019.669	1.35157	-0.49375	7.58907	-5.27354
3023.667	1.30442	-0.75172	8.50600	-3.27188
3027.676	1.37156	-0.94918	7.97444	-3.44289
3031.673	1.35271	-0.76291	8.50770	-3.35277
3035.672	1.31141	-0.95521	9.13427	-3.90198
3039.673	1.27825	-0.82413	7.79890	-2.98753
3043.675	1.38213	-0.91974	8.03776	-3.98418
3047.670	1.46328	-0.86445	8.14421	-3.80070
3051.670	1.81327	-1.43491	7.86800	-3.42526
3055.678	1.56920	-1.28214	7.05863	-3.15831
3059.676	1.57143	-1.70105	7.42588	-3.07391
3063.668	1.39847	-1.57581	7.98695	-3.60956
3067.670	1.86218	-2.06038	7.99610	-4.53909
3071.642	1.81828	-1.26358	8.81111	-5.58798
3075.674	1.94122	-1.47437	8.33785	-5.89429
3079.672	2.03412	-1.73464	9.77001	-5.68381
3083.673	1.81595	-1.67242	10.06540	-5.81146
3087.648	1.64828	-1.98016	9.26561	-3.07507
3091.676	1.45576	-1.76336	8.98656	-3.11054
3095.674	1.48875	-1.90550	7.97826	-3.20078
3099.674	1.36122	-1.82530	8.63263	-3.56199
3103.671	1.46888	-1.59093	8.48277	-3.61257
3107.676	1.39230	-1.69178	8.31178	-3.68101
3111.712	1.48265	-1.56654	7.76789	-1.18933
3115.676	1.28246	-1.44801	7.79276	-1.93934
3119.671	1.23213	-0.96935	7.57620	-2.02503
3123.678	1.24828	0.37309	7.72074	-2.97725
3127.661	1.27542	0.28758	7.84530	-3.27440
3131.662	1.39336	-1.11024	8.89082	-4.21276
3135.672	1.18639	1.12476	9.38547	-3.92554
3139.676	1.31054	-0.06337	8.19827	-3.96644
3143.673	1.38585	-0.65533	8.48151	-4.85460
3147.675	1.41506	-0.52772	9.40999	-5.49917
3151.673	1.18381	-0.10347	8.86982	-4.81874
3155.675	1.24751	-0.44170	7.30656	-4.06489
3159.674	0.72278	-0.85200	6.21193	-4.34655
3163.671	-0.91125	-0.82756	3.87084	-4.82953
3167.630	-2.46426	-1.18178	2.10243	-4.49397
3171.675	-2.39842	-0.75960	1.91645	-4.15541
3175.675	-3.83203	-0.52712	0.57116	-4.04569
3179.672	-5.23315	1.33864	0.15695	-2.52474
3183.631	-3.63757	-0.06247	-0.39425	-2.20792
3187.676	-4.89513	-0.25595	-0.45177	-2.07753
3191.674	-4.85021	0.63448	-1.08252	-2.23891
3195.673	-4.91356	0.75485	-1.43329	-3.03821
3199.677	-4.64372	0.81911	-2.18746	-3.39814
3203.679	-4.69231	0.40217	-1.99017	-3.65294
3207.675	-4.87850	0.81066	-1.87341	-3.14355
3211.658	-4.86601	0.52204	-2.21903	-3.40935
3215.675	-5.02893	0.41630	-1.94312	-3.64765
3219.681	-5.04260	0.85476	-2.17735	-5.10491
3223.674	-5.07183	0.59274	-2.13108	-4.35581
3227.676	-5.15593	0.56658	-2.11447	-4.17553
3231.672	-5.11181	0.45832	-1.93551	-4.10818
3235.678	-5.17321	0.49198	-2.24480	-4.79227
3239.675	-5.22291	0.43411	-2.31971	-4.55582
3243.674	-5.30114	0.23169	-1.91990	-5.11600
3247.673	-5.31694	0.32424	-1.84208	-5.49455
3251.570	-5.35018	0.26495	-2.10768	-5.23635
3255.642	-5.45081	0.08225	-1.93762	-4.72531
3259.675	-5.20686	0.15212	-1.75991	-4.45871
3263.674	-5.31270	0.15914	-1.39101	-4.31354
3267.679	-5.35404	0.13212	-1.50564	-4.86096
3271.675	-5.23817	0.13157	-1.57647	-4.17823
3275.676	-5.33903	0.05532	-1.42181	-4.52605
3279.674	-5.39566	0.08396	-1.31672	-4.09028
3283.680	-5.37409	0.03721	-1.84639	-4.33334
3287.676	-5.04676	-0.06569	-1.27519	-5.12459
3291.676	-5.09891	-0.07745	-0.93887	-4.56821
3295.655	-4.61230	-0.46304	-0.83987	-4.51246
3299.679	-4.76704	-0.14655	-2.46652	-3.23726
3303.677	-4.77099	-0.20650	-1.23498	-1.19450
3307.676	-4.68136	0.14912	0.12064	-1.99919
3311.677	-4.82188	0.06688	-0.31064	-2.25399
3315.680	-4.74180	-0.15807	-0.27034	-2.66496
3319.674	-4.41879	-0.47037	-0.44331	-4.13909
3323.635	-4.44218	-0.96445	-0.52572	-3.83293
3327.687	-4.51319	-1.33517	-1.03158	-3.39268
3331.678	-4.60390	-1.50536	-0.63692	-4.30780
3335.664	-4.57033	-2.53293	-1.38046	-4.47070
3339.666	-4.71311	-1.53668	-1.26798	-4.33317
3343.674	-4.73202	-1.32944	-1.46499	-4.54944
3347.678	-4.94489	-0.04620	-1.21278	-4.67919
3351.677	-5.02140	0.33746	-0.80404	-4.27940
3355.675	-5.08687	0.42200	-1.19964	-4.55746
3359.672	-5.14259	0.38435	-0.77161	-6.79448
3363.636	-4.15754	0.49155	0.59655	-4.66804
3367.674	-2.59235	0.69039	1.14464	-4.59665
3371.673	-1.59951	0.64148	2.06483	-4.03000
3375.677	0.53545	-0.75981	5.41900	-4.17032
3379.680	1.37764	-0.09288	8.34854	-4.03623
3383.675	1.41494	-0.29628	5.53050	-4.77015
3387.677	1.40046	-0.33884	5.70721	-4.77031
3391.674	1.25674	-0.52718	5.77937	-4.65842
3395.682	1.23089	-0.33506	6.31296	-4.78796
3399.677	1.16672	-0.29639	8.18125	-4.31259
3403.675	0.96117	-0.19019	8.09854	-4.25966
3407.676	0.99109	-0.28560	8.17060	-4.47856
3411.575	0.84736	-0.40467	7.53623	-4.48428
3415.677	1.06537	-0.44481	6.57159	-4.49821
3419.675	0.87515	0.60170	7.46956	-4.82046
3423.674	0.72637	0.05456	6.95575	-4.91313
3427.684	1.02136	-0.25618	6.22486	-4.97350
3431.680	0.70422	-0.27416	6.21365	-5.05299
3435.675	0.54227	-0.34899	6.62797	-5.68516
3439.679	0.51637	-0.35838	6.15983	-4.71466
3443.577	0.57898	-0.27300	5.59255	-0.79082
3447.675	0.48215	-0.15729	6.21360	-1.21983
3451.675	0.50939	-0.69527	6.54746	-0.28000
3455.676	0.49830	-0.76389	6.41312	0.04168
3459.581	0.47381	-0.91593	7.96105	-1.26193
3463.676	0.52617	-0.43314	8.22557	-1.74442
3467.678	0.54669	-0.98175	7.76050	-1.55826
3471.677	0.58037	-0.96893	8.25501	-2.72997
3475.579	0.83712	-0.80445	7.77461	-1.67147
3479.678	1.05515	-0.67391	8.04957	-3.48542
3483.678	1.07984	-0.53447	7.91380	-3.07781
3487.677	1.21194	-1.04632	8.24448	-3.29398
3491.680	1.17589	-0.44149	8.04465	-3.26207
3495.676	1.02384	-0.21628	8.01555	-3.43119
3499.676	0.94381	0.19305	7.90543	-3.71021
3503.658	0.77622	0.31597	7.87927	-3.75263
3507.682	1.34177	0.17958	7.02426	-4.43290
3511.677	1.26872	-0.65103	7.16388	-3.75276
3515.676	1.30546	-0.99279	7.43483	-2.64183
3519.678	1.38299	-1.12778	6.68523	-2.53867
3523.681	1.11172	-0.40409	7.21017	-0.30382
3527.678	1.15813	-0.83753	7.62072	-1.37508
3531.677	1.04220	2.98063	8.39807	-0.63711
3535.678	7.49229	3.11182	11.63880	-0.49603
3539.586	9.64661	9.90299	19.04203	3.30385
3543.667	NaN	NaN	8.86212	9.39980
3547.669	NaN	NaN	NaN	NaN
3551.678	NaN	NaN	NaN	NaN
3555.640	NaN	NaN	NaN	NaN
3559.681	NaN	NaN	NaN	NaN
3563.677	NaN	NaN	NaN	NaN
3567.676	NaN	NaN	NaN	NaN
3571.550	NaN	NaN	NaN	NaN
3575.552	NaN	NaN	NaN	NaN
3579.550	NaN	NaN	NaN	NaN
3583.551	NaN	NaN	NaN	NaN
3587.553	NaN	NaN	NaN	NaN
3591.539	NaN	NaN	NaN	NaN
3595.548	NaN	NaN	NaN	NaN
3599.552	NaN	NaN	NaN	NaN
3603.552	NaN	NaN	NaN	NaN
3607.512	NaN	NaN	NaN	NaN
3611.555	NaN	NaN	NaN	NaN
3615.557	NaN	NaN	NaN	NaN
3619.521	NaN	NaN	NaN	NaN
3623.517	NaN	NaN	NaN	NaN
3627.557	NaN	NaN	NaN	NaN
3631.556	NaN	NaN	NaN	NaN
3635.525	NaN	NaN	NaN	NaN
3639.513	NaN	NaN	NaN	NaN
3643.554	NaN	NaN	NaN	NaN
3647.549	NaN	NaN	NaN	NaN
3651.558	NaN	NaN	NaN	NaN
3655.515	NaN	NaN	NaN	NaN
3659.560	NaN	NaN	NaN	NaN
3663.580	NaN	NaN	-3.93490	5.51753
3667.555	NaN	NaN	NaN	NaN
3671.554	NaN	NaN	-8.70420	10.12588
3675.513	NaN	NaN	NaN	NaN
3679.517	NaN	NaN	NaN	NaN
3683.556	3.20305	12.00630	-6.37452	10.18920
3687.555	3.81054	8.53118	-6.61577	10.53901
3691.555	5.96193	4.46493	7.32024	3.83877
3695.551	6.21301	4.24111	-6.00231	5.59436
3699.558	7.19928	3.85276	-11.15274	3.85337
3703.557	-2.59564	6.14815	7.14052	0.23581
3707.558	-2.51552	7.45286	-2.95450	3.09503
3711.579	-0.84607	4.76151	-0.01161	2.13877
3715.546	-2.90398	4.78416	1.56930	2.46383
3719.545	-2.84138	6.77495	-0.06306	2.46801
3723.556	-3.86198	6.61013	-0.13325	2.81247
3727.549	-3.28875	6.18698	0.91567	3.36764
3731.557	-3.93139	6.54263	0.77938	4.60968
3735.558	-3.23403	6.83102	0.54046	5.69205
3739.555	-3.49611	5.01751	1.28400	6.06463
3743.580	-2.60899	3.91075	0.69985	6.43948
3747.558	-3.09772	4.21979	1.42273	2.19913
3751.559	-3.02390	4.99996	1.67201	2.99709
3755.555	-2.98032	5.16199	0.55136	2.79274
3759.556	-2.65161	4.82390	0.95199	4.10357
3763.558	-2.61607	5.95283	1.26145	3.21899
3767.558	-2.79476	5.96286	0.95112	3.33948
3771.557	-2.88777	5.29758	1.34656	4.41212
3775.559	-2.87205	5.21777	0.82166	4.37427
3779.557	-3.05867	5.38148	0.51026	5.46726
3783.568	-2.99168	5.78157	1.35574	2.57140
3787.558	-3.31660	5.42162	0.62337	2.98511
3791.518	-3.18799	5.84929	0.95465	4.22650
3795.556	-3.36421	5.73156	1.25741	4.17151
3799.540	-3.49972	6.09479	1.13268	4.30532
3803.556	-3.60670	5.54650	1.26041	4.35045
3807.550	-3.51918	5.96511	1.08755	4.23537
3811.558	-3.26460	6.03594	1.33096	4.29181
3815.557	-3.40749	5.49548	1.11271	4.78117
3819.557	-3.50113	5.76917	1.32193	4.08441
3823.578	-3.21926	5.11461	1.32265	2.34122
3827.555	-3.13412	3.54661	1.36176	1.98692
3831.558	-3.00965	3.63313	1.12804	1.56488
3835.557	-3.57592	4.86613	1.00476	1.05442
3839.520	-2.99656	3.19167	0.73960	1.62499
3843.558	-3.19949	3.13771	0.43929	1.16314
3847.558	-3.30675	3.65626	1.25877	1.54398
3851.556	-3.08372	3.29750	1.27720	1.54578
3855.519	-3.26782	3.82866	0.90567	3.08119
3859.559	-3.33599	3.67308	1.16694	3.25610
3863.525	-2.88710	3.91785	0.92172	2.80470
3867.560	-2.93042	3.86263	0.52538	3.46803
3871.580	-3.09995	3.93349	0.41323	5.76808
3875.562	-3.11549	3.81734	0.86823	2.99716
3879.558	-3.09480	4.01746	1.08738	3.11444
3883.539	-3.28365	4.17020	1.07966	4.15185
3887.521	-3.05749	4.32236	1.64065	4.46573
3891.557	-2.97839	4.16045	1.61141	3.68880
3895.558	-2.72382	4.43600	1.12479	2.91553
3899.556	-2.72288	4.37079	1.01620	2.86089
3903.560	-2.52309	4.28662	-0.24664	2.72320
3907.517	-2.67652	4.10246	1.19430	1.51638
3911.561	-2.85930	4.16881	1.16550	-0.45941
3915.560	-3.26146	4.63474	-2.03992	1.89182
3919.560	-3.43212	4.44317	1.29514	3.08411
3923.517	-2.81952	4.21917	1.17198	2.84262
3927.517	-2.98920	4.76894	1.64007	1.79207
3931.558	-2.79295	4.32461	0.79677	2.72666
3935.555	-2.38026	4.58816	-0.08942	2.79232
3939.561	-2.58187	4.85493	-0.64369	2.97773
3943.560	-2.61110	4.82418	1.33815	2.86591
3947.559	-2.97329	5.85692	0.80099	2.88718
3951.555	-2.86675	5.33035	0.88619	2.86912
3955.560	-3.36060	5.37961	0.84898	2.90447
3959.563	-2.60894	5.81831	1.61456	2.89491
3963.557	-2.42250	5.71424	1.20492	2.48222
3967.561	-2.34599	5.81899	0.92244	1.76055
3971.560	-2.47120	5.87408	0.63744	1.88679
3975.518	-2.26594	5.01468	0.40499	1.76937
3979.558	-2.22005	5.47880	-1.18170	2.04609
3983.562	-2.54336	5.52967	-0.31560	1.76736
3987.563	-2.63608	5.83346	-0.60754	1.58630
3991.561	-3.09785	6.02626	-1.12335	1.71971
3995.561	-3.11096	6.01139	2.47910	1.66200
3999.554	-2.75913	5.96164	1.41018	1.51548
4003.559	-2.76765	5.93149	1.21229	1.61460
4007.544	-2.72018	5.72769	1.39599	1.52083
4011.562	-2.31762	5.29376	0.28825	1.58302
4015.582	-2.63259	5.47065	0.44611	1.74238
4019.560	-2.46456	5.31481	-0.23167	1.49870
4023.563	-2.29020	5.04187	-0.27885	2.21698
4027.562	-1.97989	5.62592	-0.16759	2.11059
4031.554	-2.06570	5.98202	0.84520	1.46609
4035.562	-1.49336	5.51673	1.56754	1.93568
4039.561	-1.17580	5.26568	2.10062	1.96576
4043.560	-0.27113	5.43329	2.73489	3.29505
4047.554	-0.35963	5.27160	4.31519	3.90134
4051.555	-0.24674	4.85410	4.59600	3.85510
4055.562	0.41442	4.67039	4.65333	2.61882
4059.561	0.29605	5.19949	3.56269	1.44287
4063.564	-0.08704	5.27680	3.90704	1.84667
4067.560	0.18583	5.38150	4.45096	1.45133
4071.562	0.19005	5.27229	3.83174	1.74481
4075.562	-0.15270	4.96234	3.33235	1.85416
4079.561	0.12543	4.71157	3.78946	2.29193
4083.564	0.19804	4.71748	3.60474	3.69979
4087.561	0.11352	3.05122	3.40106	4.11835
4091.543	0.26892	3.72434	2.97797	4.01846
4095.534	0.27595	4.32526	3.28150	3.43601
4099.562	0.24798	4.36475	3.75788	4.14482
4103.563	0.18509	4.12916	3.81350	4.55698
4107.565	0.05500	4.62529	3.96525	4.92539
4111.565	0.14737	4.36692	4.47166	3.27928
4115.564	-0.04574	4.46505	4.07461	3.40940
4119.562	0.04006	4.41061	4.94346	3.51818
4123.562	-0.00382	4.48378	4.19326	3.54361
4127.567	-0.17665	4.40052	3.77997	3.12322
4131.562	-0.11749	3.99306	3.69491	5.21369
4135.552	-0.24165	4.17448	4.42659	3.09673
4139.562	-0.34114	4.27643	4.31558	3.29019
4143.564	-0.26838	4.02369	4.03690	2.98726
4147.561	-0.04142	3.83940	4.42363	5.43253
4151.561	0.77940	3.48878	4.10668	3.20969
4155.564	0.45887	3.74317	3.65764	3.66965
4159.562	0.92406	3.25008	3.39470	3.96969
4163.567	0.61275	3.80955	4.18275	3.37125
4167.565	0.50140	4.03616	3.57276	3.17285
4171.565	0.38715	4.00935	3.88050	3.16663
4175.564	0.59615	4.05946	3.50825	4.16499
4179.563	0.63109	4.15548	3.60749	3.44037
4183.569	0.74347	4.21511	3.67405	3.72277
4187.565	0.66650	4.35872	3.31205	4.04312
4191.558	0.64568	4.62697	3.44864	3.31307
4195.564	0.69474	4.02287	3.34499	3.87810
4199.564	0.54337	4.31459	3.35746	3.69009
4203.567	0.51406	4.30754	3.47534	3.77994
4207.561	0.45899	4.37673	3.32469	3.75946
4211.562	0.35308	4.43914	3.33572	3.92771
4215.547	0.32357	4.35775	3.52049	3.95414
4219.560	0.41946	4.15967	3.01744	3.94470
4223.537	0.39760	3.89447	2.99866	3.91886
4227.565	0.26485	3.77007	4.01324	4.16912
4231.521	-0.12848	4.65107	3.27885	2.89811
4235.563	-2.18890	4.50270	0.54059	3.89402
4239.565	-3.31071	4.83980	0.27739	1.69107
4243.563	-3.82460	3.91946	0.21688	0.37196
4247.522	-3.22928	3.53691	-0.04140	0.07368
4251.564	-3.65114	3.16548	-1.84718	-0.05054
4255.553	-3.62311	2.62294	-1.99307	-1.28709
4259.558	-3.69662	2.21116	-1.39051	-1.51411
4263.570	-3.57525	2.21126	-2.13366	-2.01016
4267.567	-3.62889	2.20949	-1.99476	-1.66438
4271.462	-3.58279	2.21723	-1.64206	-1.41749
4275.567	-3.62459	2.14388	-1.59658	-0.67242
4279.565	-3.74901	2.11050	-2.00542	-1.35789
4283.565	-3.79346	1.99423	-1.83228	-0.72697
4287.568	-3.78402	2.10558	-1.61597	-0.70701
4291.565	-3.86795	2.10751	-2.06265	-0.80168
4295.565	-3.85839	2.00183	-2.01776	-0.87204
4299.546	-3.85036	1.92815	-2.21427	-1.07437
4303.537	-3.85832	2.10513	-2.12444	-1.00376
4307.566	-3.85056	2.01128	-1.54351	-1.34194
4311.568	-3.76809	2.03071	-2.03635	-1.50598
4315.522	-3.86744	2.07124	-2.02334	-1.54497
4319.465	-3.73522	1.90750	-2.15492	-1.61320
4323.563	-3.87356	2.07033	-2.14848	-1.81687
4327.565	-3.86299	2.04740	-2.34567	-1.70833
4331.567	-4.13288	1.95105	-2.47365	-2.01903
4335.462	-3.96239	1.71108	-2.06820	-1.96434
4339.555	-4.04663	1.84304	-2.34324	-2.98537
4343.555	-4.57924	2.21325	-2.16686	-3.47709
4347.565	-5.19970	1.84664	-2.30189	-3.98951
4351.465	-3.37930	1.74800	-2.50375	-4.54401
4355.568	-3.67470	1.73449	-2.15720	-2.96579
4359.566	-3.42074	1.78899	-1.55249	-2.36646
4363.572	-3.83917	1.69656	-1.68201	-2.04096
4367.463	-3.64345	1.59275	-2.45215	-1.84617
4371.565	-3.65974	1.53325	-1.06661	-1.62931
4375.565	-3.58086	1.46215	-1.40720	-1.93369
4379.568	-3.45944	1.59237	-0.77804	-0.41645
4383.469	-3.49886	1.38227	-1.04888	-2.01601
4387.566	-3.54022	1.35221	-2.44601	-1.52560
4391.567	-3.73047	1.44868	-1.14650	-2.21666
4395.565	-3.71854	1.30962	-0.57994	-2.88104
4399.463	-3.87685	1.43215	-1.84409	-2.65008
4403.566	-3.99803	1.38403	-1.03702	-2.89633
4407.567	-4.20879	1.69399	-0.44346	-2.82095
4411.568	-4.24601	1.59694	-0.88426	-2.78024
4415.467	-4.40954	1.99351	-0.66645	-2.79144
4419.566	-4.46924	1.93327	-0.82434	-2.70899
4423.549	-4.13428	2.34284	-1.12866	-2.37123
4427.567	-2.17794	2.42892	-0.67320	0.56548
4431.466	-1.97820	3.51959	2.88817	1.17852
4435.568	-1.84079	3.45850	1.75104	0.85969
4439.570	-1.57654	2.18206	2.25662	0.95596
4443.568	-1.31141	2.59545	2.76319	1.14513
4447.571	-1.42970	3.01507	3.01992	0.74862
4451.526	-1.03957	2.35939	2.96280	0.77079
4455.568	-0.72290	2.42587	1.55931	0.62058
4459.565	-0.91497	2.60155	2.29047	1.30614
4463.470	-0.73752	2.79118	2.82546	0.78331
4467.568	-0.88230	3.17292	2.85947	0.90398
4471.566	-0.90771	2.80246	2.41881	0.56055
4475.568	-0.76436	2.19577	2.67103	1.05480
4479.469	-0.70188	2.59836	2.87252	1.51493
4483.568	-0.71079	2.39450	2.66340	1.07493
4487.568	-0.65670	2.46365	2.45993	2.26863
4491.567	-0.68905	2.57350	2.96703	1.72029
4495.468	-0.80766	3.07736	3.22930	1.79333
4499.568	-0.80880	2.89290	3.03497	1.43387
4503.568	-0.84769	3.28794	3.36243	1.67202
4507.539	-0.87150	3.06598	3.22690	1.76252
4511.477	-0.89431	2.94926	2.82028	1.37732
4515.570	-1.06778	3.41938	3.60168	1.63619
4519.569	-1.07150	3.43217	3.29943	1.61861
4523.569	-1.04057	3.37457	3.69664	1.23157
4527.570	-1.09289	3.61085	3.27455	1.64473
4531.567	-1.11876	3.48037	3.26139	1.36364
4535.569	-1.14960	2.93287	3.56850	1.40499
4539.567	-1.10395	3.41139	3.10718	0.37424
4543.465	-1.05833	2.47220	2.89968	1.03752
4547.556	-1.08847	2.26222	3.14689	0.62062
4551.568	-1.13305	1.28957	2.75893	-0.60232
4555.568	-1.11204	0.95595	2.80805	0.19275
4559.470	-0.98678	1.36823	3.38137	-1.58031
4563.568	-1.01112	1.59036	3.34336	-3.50238
4567.572	-0.94706	1.34361	3.30834	-2.76055
4571.570	-0.81129	1.34654	3.58166	-2.15919
4575.465	-0.82945	1.31763	2.83133	-2.06897
4579.568	-0.76372	1.26142	3.26794	-2.25650
4583.567	-0.83610	1.40429	3.17933	-2.06761
4587.570	-0.77955	1.16945	3.35753	-2.16418
4591.438	-0.86855	1.47572	3.46436	-2.23217
4595.569	-0.78945	1.48009	3.25649	-2.12632
4599.569	-0.87056	1.64931	3.42144	-1.88484
4603.445	-0.85233	1.57268	3.61866	-0.66247
4607.435	-0.99067	1.78000	3.35818	-2.00833
4611.444	-1.01015	1.89280	3.21649	-1.93655
4615.444	-1.04568	1.82643	3.42584	-1.95847
4619.448	-1.10023	1.68966	3.68033	-1.98042
4623.578	-1.13347	1.99469	4.20049	-1.68457
4627.443	-1.14464	1.61780	3.50590	-1.81829
4631.445	-1.13139	1.75810	3.85343	-1.78888
4635.436	-1.10006	1.64823	3.89377	-1.98391
4639.574	-1.11025	1.78045	3.52648	-1.00947
4643.447	-1.08602	1.72492	3.41642	-1.85697
4647.445	-1.11636	1.34275	3.13437	-1.68933
4651.443	-0.98105	1.17538	3.64160	-1.75316
4655.407	-0.75223	0.78201	3.34700	-1.87522
4659.445	-0.82692	1.01428	3.43269	-1.93670
4663.447	-0.82846	0.87692	3.35130	-2.14576
4667.447	-0.54577	0.77312	3.27497	-2.34568
4671.471	-0.74203	0.54881	3.41921	-1.91963
4675.403	-0.74059	0.51842	3.36344	-2.41099
4679.418	-0.93071	0.38903	3.39767	-1.87609
4683.445	-0.68888	0.17890	3.17153	-0.90488
4687.468	-0.75074	0.27697	3.17601	-0.74042
4691.448	-0.54026	-0.09253	2.64876	-0.48664
4695.448	-0.60057	0.15184	2.97104	-0.85551
4699.446	-0.67948	0.14302	3.42651	-0.02795
4703.464	-0.92262	0.66383	3.21349	1.45202
4707.449	-0.84481	0.97699	3.34084	1.07501
4711.450	-1.04751	1.43554	3.14397	0.84222
4715.447	-0.87905	0.77550	3.22388	1.22371
4719.440	-0.80496	1.81296	3.41110	0.50276
4723.442	-0.86915	1.60259	3.21646	0.91774
4727.446	-1.06676	1.62052	3.24335	1.03327
4731.447	-0.82173	1.81789	3.72672	1.04119
4735.469	-1.05101	1.11326	2.36376	-0.06696
4739.442	-0.85381	1.31037	3.04529	-1.17314
4743.449	-0.57123	1.82181	3.28194	0.61205
4747.446	-0.33099	2.11424	4.69904	0.96151
4751.450	-0.18526	2.76739	4.60232	0.25742
4755.448	-0.14543	2.06806	4.21985	0.26293
4759.446	-0.21981	2.31858	5.14990	0.64485
4763.448	0.04105	2.39074	4.47538	0.52989
4767.451	0.24649	2.43242	4.86956	0.92506
4771.447	0.21383	2.70910	4.87562	0.44623
4775.447	0.24043	3.06381	5.32151	0.32459
4779.448	0.34206	3.31068	4.90902	0.69314
4783.440	0.33712	3.12181	3.93260	0.38187
4787.445	0.45678	3.39654	3.93438	0.56588
4791.405	0.43495	3.15410	4.38166	0.86615
4795.447	0.46269	3.34518	4.42126	0.85064
4799.413	0.52605	3.73350	5.50092	0.92611
4803.426	0.58456	3.30656	4.54328	0.81633
4807.448	0.68424	3.56635	4.59724	1.00627
4811.446	0.82253	3.61666	4.36367	1.11414
4815.447	1.11755	3.75809	4.44065	0.97228
