time (ms)	lx (deg)	ly (deg)	rx (deg)	ry (deg)
0.000	2.13948	-1.71581	0.82002	-1.08010
4.009	1.59812	-1.44751	0.63541	-1.10116
7.982	2.28987	-1.51865	0.62248	-1.19311
12.008	2.20245	-1.60003	0.73042	-1.54559
15.972	2.21551	-1.47449	0.78684	-1.65744
20.010	1.86102	-1.49906	0.72059	-1.14893
24.008	2.14853	-1.61966	0.77161	-1.30029
28.010	2.21051	-1.62972	0.73030	-0.98765
31.978	2.25389	-1.53571	0.67635	-0.82858
36.002	1.95336	-1.47381	1.00065	-1.01460
40.012	2.07883	-1.57011	0.86912	-1.13821
43.968	2.01151	-1.46120	0.71099	-1.30905
47.970	2.33361	-1.57510	0.68630	-1.60785
52.005	2.21967	-1.62348	0.86282	-1.82112
56.009	1.91774	-1.57438	0.74173	-1.63502
60.013	2.11227	-1.67620	0.67846	-1.27406
64.003	1.93876	-1.58615	0.67029	-1.06308
68.011	2.28787	-1.53180	0.82295	-1.41217
72.012	2.04346	-1.61980	0.73166	-1.37731
76.011	2.05392	-1.52063	0.76565	-1.40360
80.003	1.93628	-1.63204	0.77848	-1.37466
83.974	2.05489	-1.52470	0.74719	-1.33611
88.011	2.13661	-1.42950	0.86868	-1.23097
91.977	2.05462	-1.49881	0.95289	-1.29886
96.009	2.09442	-1.42517	0.81389	-1.24465
100.009	2.06766	-1.67213	0.88840	-1.25411
104.007	1.89979	-1.69768	0.81741	-1.23695
108.006	2.28720	-1.64640	0.83984	-1.20006
112.006	2.11579	-1.69999	0.83719	-1.25154
116.009	2.13658	-1.72130	1.10452	-1.39281
120.011	2.22230	-1.61904	1.11063	-1.39132
124.012	2.35764	-1.63092	1.04756	-1.31116
128.012	2.43947	-1.65786	0.95921	-1.27797
131.995	2.05901	-1.68432	1.06657	-1.25131
136.009	2.11633	-1.63022	0.89096	-1.36268
140.011	2.04726	-1.67684	0.77952	-1.33312
144.004	1.94486	-1.59332	0.84198	-1.27769
148.013	2.19432	-1.44659	0.86503	-1.23621
151.980	2.21883	-1.32512	0.85463	-1.29954
156.013	2.24986	-1.07002	0.97447	-1.19264
159.971	2.21789	-1.19018	0.92187	-1.13871
163.976	1.99451	-0.56354	1.10202	-0.99723
168.013	3.81271	0.73605	0.76796	0.50413
172.012	1.24414	0.98427	0.65972	1.45660
176.012	-2.40902	6.52920	1.54882	5.17281
180.015	5.25867	7.72572	12.23822	11.60470
184.013	1.98177	7.86482	4.98859	13.10483
188.014	NaN	NaN	NaN	NaN
192.022	NaN	NaN	NaN	NaN
196.010	NaN	NaN	NaN	NaN
200.010	NaN	NaN	NaN	NaN
204.011	NaN	NaN	NaN	NaN
208.007	NaN	NaN	NaN	NaN
212.012	NaN	NaN	NaN	NaN
215.997	NaN	NaN	NaN	NaN
219.974	NaN	NaN	NaN	NaN
223.976	NaN	NaN	NaN	NaN
228.011	NaN	NaN	NaN	NaN
232.012	NaN	NaN	0.53999	11.33024
236.009	NaN	NaN	NaN	NaN
240.012	19.37316	13.17190	1.63908	6.21433
244.015	2.84128	8.40873	0.19390	10.79306
248.012	2.66602	3.48130	-1.81248	6.53769
252.015	4.54752	3.65516	NaN	NaN
256.001	4.34428	0.88432	-2.57273	3.37198
260.004	1.22576	3.08977	-0.76687	3.24194
264.014	-2.26631	4.37511	-1.70849	0.33412
268.015	-1.91095	4.35785	-0.81133	-0.11447
272.015	-2.06287	3.52851	-0.71020	0.07757
276.015	-2.18704	3.40059	-0.85409	-0.07387
280.014	-2.33958	3.11191	-0.68159	-0.18322
284.013	-2.31492	2.78851	-1.55574	-0.21760
287.986	-3.87675	3.36745	-1.58981	-0.27748
291.913	-3.68799	2.92267	-1.76998	-0.31588
296.017	-3.97182	1.95320	-1.91261	-0.65024
299.982	-4.15006	2.64987	-1.53855	-0.87098
304.013	-2.46932	0.42320	-1.95101	-1.02509
308.019	-2.43853	-0.38848	-1.32351	-0.84722
312.013	-2.10198	-0.29282	-3.07073	-0.84774
316.014	-1.32924	0.12367	-3.62711	-0.75096
320.013	-1.52625	-0.17925	-2.34309	-0.70263
324.017	1.14084	0.08589	-1.82529	-0.51100
328.012	-0.96398	0.26962	-1.83831	-0.54636
332.016	-0.58617	0.62622	-1.42337	-0.31079
336.017	-0.90254	0.53862	-1.23833	-0.21010
340.018	-0.59719	0.36200	-0.71982	-0.69708
344.010	1.27901	0.37644	-0.79320	-0.49071
348.015	0.41092	0.30168	-0.69459	-0.48071
352.017	0.73578	0.36463	-0.56143	-0.49869
356.018	0.52128	0.14571	-0.54987	-0.61124
360.011	0.16640	0.19906	-0.53830	-0.60657
364.011	0.80766	0.05677	-0.41514	-0.80703
368.013	0.75938	0.10249	-0.41288	-0.72785
371.913	0.52644	0.01819	-0.29848	-0.84597
376.012	0.74005	-0.11996	-0.24835	-0.86763
380.016	0.73776	-0.19296	-0.13469	-0.91213
384.014	0.85131	-0.19728	-0.13436	-0.90500
387.914	0.85974	-0.34720	-0.05877	-0.91390
392.014	0.84565	-0.37043	0.01635	-0.88757
396.014	0.86054	-0.35368	-0.08542	-0.94838
400.014	0.90289	-0.36647	-0.10011	-0.88458
403.913	0.92711	-0.35872	-0.17936	-0.85628
408.017	0.89188	-0.44469	-0.21775	-0.79832
412.015	0.82600	-0.46656	-0.31183	-0.82184
416.015	0.92614	-0.51954	-0.44721	-0.73103
420.018	0.88200	-0.59820	-0.44145	-0.59145
423.982	0.84081	-0.61647	-0.62382	-0.47212
428.017	0.70479	-0.41278	-0.59446	-0.59585
432.018	0.80553	-0.45481	-0.74670	-0.40714
435.914	1.04446	-0.39667	-0.73781	-0.23697
440.016	0.86562	-0.53644	-0.70459	-0.39415
444.015	0.87560	-0.46424	-0.75645	-0.65382
448.014	0.74873	-0.85728	-0.62987	-0.66238
451.914	0.56734	-0.78202	-0.56270	-0.48065
456.019	-0.08418	-0.90173	-0.36025	-0.35893
460.016	0.49076	-0.62359	-0.42621	-0.27887
463.979	0.77163	-0.53864	-0.24966	-0.39917
467.919	0.69548	-0.12257	-0.37650	-0.13572
472.019	0.63111	-0.45550	-0.27130	-0.03576
476.015	0.51664	-0.25315	-0.57260	-0.06674
479.981	0.55168	-0.26249	-0.37052	-0.14524
483.919	0.60325	-0.15363	-0.30319	-0.45736
488.017	0.66121	-0.29834	-0.29044	-0.40823
491.982	0.83461	-0.43215	-0.40673	-0.36718
496.019	0.85401	-0.39202	-0.52920	-0.25939
499.919	0.86858	-0.56971	-0.34268	-0.22861
504.016	0.32814	-0.96670	-0.29984	-0.27396
507.985	0.42966	-0.62683	-0.32575	-0.46307
512.020	0.83007	-0.61995	-0.53126	-0.46197
516.020	0.74364	-0.39678	-0.40070	-0.53413
520.016	0.77526	-0.73915	-0.33258	-0.65295
524.018	0.81364	-0.69359	-0.37889	-0.52233
528.020	0.89207	-0.60555	-0.23165	-0.46946
531.921	1.26785	-0.13500	-0.29816	-0.39820
536.017	1.27549	0.35729	-0.28572	-0.44091
540.021	2.62806	0.59399	-0.29932	-0.47679
544.021	0.57486	0.28329	-0.38479	-0.44366
547.920	0.71707	0.31630	-0.33404	-0.59545
552.017	0.61940	0.04326	-0.28627	-0.50708
556.022	0.95512	-0.08457	-3.20620	-3.60723
559.981	0.71481	-0.18027	-6.07440	-3.60790
563.889	1.15488	-0.07180	-6.03606	-3.60453
568.020	1.57932	-0.07074	-5.63164	-3.54123
572.018	0.61206	-0.39746	-0.51031	-0.67114
575.894	0.73479	-0.40942	-0.54709	-0.73911
579.919	0.70933	-0.55077	-0.32136	-0.77121
583.892	0.90036	-0.57658	-0.59339	-0.62853
587.894	0.82027	-0.39337	-0.50731	-0.69616
591.903	1.47432	-0.33945	-0.06887	-0.44178
595.887	0.58267	0.38133	-0.24510	0.54440
599.873	0.79434	0.19413	-0.28044	1.64973
603.890	0.49510	0.25313	-0.46336	2.56274
607.892	0.24522	0.57347	8.92726	7.22776
611.920	-2.51192	6.85030	9.27953	7.69842
615.895	7.37360	9.25566	6.64036	5.80685
619.893	NaN	NaN	-0.96976	2.08755
623.892	NaN	NaN	NaN	NaN
627.896	NaN	NaN	NaN	NaN
631.897	NaN	NaN	NaN	NaN
635.880	NaN	NaN	NaN	NaN
639.893	NaN	NaN	NaN	NaN
643.890	NaN	NaN	NaN	NaN
647.892	NaN	NaN	NaN	NaN
651.891	NaN	NaN	NaN	NaN
655.898	NaN	NaN	NaN	NaN
659.931	NaN	NaN	NaN	NaN
663.896	NaN	NaN	NaN	NaN
667.906	NaN	NaN	NaN	NaN
671.893	NaN	NaN	NaN	NaN
675.893	NaN	NaN	NaN	NaN
679.859	NaN	NaN	NaN	NaN
683.856	NaN	NaN	NaN	NaN
687.894	NaN	NaN	NaN	NaN
691.891	NaN	NaN	NaN	NaN
695.892	NaN	NaN	NaN	NaN
699.890	NaN	NaN	NaN	NaN
703.895	NaN	NaN	NaN	NaN
707.892	NaN	NaN	NaN	NaN
711.894	NaN	NaN	NaN	NaN
715.894	NaN	NaN	NaN	NaN
719.856	NaN	NaN	NaN	NaN
723.890	NaN	NaN	NaN	NaN
727.851	NaN	NaN	-5.55079	8.15212
731.892	NaN	NaN	-2.85324	9.49447
735.892	4.44578	4.89731	-2.52414	12.12234
739.921	4.94408	5.56536	-2.66278	12.00690
743.898	4.09678	2.21340	-3.17596	3.28279
747.894	2.67652	2.88157	-5.51968	0.74047
751.895	-5.04319	1.52734	-2.87747	0.56466
755.900	-5.21013	3.46740	-1.30069	0.63682
759.895	-5.04115	3.21272	-2.49939	0.51633
763.862	-2.73085	-0.49914	-2.16416	0.30202
767.895	-2.21130	-0.71034	-2.38373	-0.09430
771.924	-1.23027	-0.87228	-0.11533	-0.16378
775.896	-0.53448	-0.37165	-1.04424	-0.72693
779.898	2.33849	-0.43270	-0.94465	0.05424
783.898	1.38374	-0.09418	-1.78203	-0.10864
787.923	1.62716	-0.02171	-1.37399	0.16994
791.896	2.07380	-0.04996	-0.99864	-0.19461
795.899	1.89394	-0.12097	-0.59625	-0.44986
799.895	1.99335	0.10234	-0.60039	-0.60102
803.896	1.77238	0.23305	-0.93515	-0.42476
807.896	0.13129	0.31963	-0.67223	-0.35854
811.900	0.48813	0.20264	-0.56927	-0.28366
815.898	1.25240	0.25082	-0.29223	-0.23340
819.891	0.83987	0.20416	-0.79307	-0.08652
823.896	0.75201	0.30149	-0.88118	-0.25914
827.895	1.09113	0.33721	-0.55950	-0.38357
831.896	0.98653	0.25633	-0.58563	-0.29889
835.888	1.87329	0.16022	-0.47483	-0.33187
839.897	0.65650	0.16104	-0.36352	-0.44560
843.889	0.52533	0.14554	-0.55386	-0.45911
847.893	0.46351	0.12141	-0.49396	-0.40892
851.922	0.44259	0.03548	-0.19373	-0.49523
855.901	0.66749	-0.03742	-0.35424	-0.50275
859.894	0.53577	0.06038	-0.51334	-0.52634
863.898	0.54498	0.06644	-0.34588	-0.55518
867.890	0.99013	0.03044	-0.26964	-0.49503
871.897	0.59516	-0.03325	-0.31439	-0.49567
875.899	0.67826	0.01272	-0.28639	-0.53530
879.897	0.63144	-0.01839	-0.19340	-0.59153
883.897	0.57414	-0.11967	-0.32091	-0.62266
887.865	0.46083	-0.14805	-0.31808	-0.61851
891.898	0.60627	-0.14814	-0.25019	-0.60408
895.897	0.67260	-0.12173	-0.27480	-0.56962
899.894	0.68469	-0.14247	-0.33042	-0.51910
903.900	0.77417	-0.12441	-0.27215	-0.55180
907.862	0.74424	-0.07375	-0.26329	-0.39109
911.898	0.73126	-0.11330	-0.32580	-0.61896
915.898	0.77086	-0.12287	-0.29041	-0.55101
919.898	0.79838	-0.32139	-0.46693	-0.62538
923.900	0.83419	-0.27798	-0.61506	-0.55973
927.877	0.89344	-0.32272	-0.52242	-0.51486
931.893	0.87840	-0.23661	-0.64856	-0.50613
935.897	0.94023	-0.24687	-0.64985	-0.50193
939.898	0.96527	-0.37034	-0.67521	-0.50943
943.897	0.95671	-0.48122	-0.64953	-0.56437
947.897	0.95576	-0.40878	-0.67896	-0.59957
951.897	0.96966	-0.52674	-0.70501	-0.64965
955.900	1.03220	-0.55284	-0.62843	-0.65009
959.899	1.11638	-0.58025	-0.63163	-0.69669
963.867	1.12933	-0.57421	-0.63965	-0.69324
967.897	1.13509	-0.63720	-0.57181	-0.80770
971.892	1.03823	-0.59065	-0.58717	-0.79873
975.898	1.01553	-0.52897	-0.56950	-0.87500
979.897	1.10400	-0.45127	-0.41715	-0.89490
983.898	1.06877	-0.35076	-0.38077	-0.91624
987.900	1.17592	-0.47652	-0.40348	-0.86568
991.899	1.13397	-0.46585	-0.51180	-0.82473
995.890	1.08909	-0.53010	-0.54349	-0.95577
999.900	0.95696	-0.51648	-0.41827	-1.01960
1003.900	1.00020	-0.50219	-0.55699	-1.00470
1007.900	0.93324	-0.38381	-0.59972	-1.02091
1011.891	1.03387	-0.49341	-0.65893	-0.97259
1015.899	1.03913	-0.46109	-0.62575	-0.94000
1019.899	0.95703	-0.48915	-0.63814	-0.87198
1023.902	0.88215	-0.38287	-0.70757	-0.86894
1027.899	0.75590	-0.51198	-0.75873	-0.77247
1031.865	0.76588	-0.43362	-0.68221	-0.82378
1035.858	0.80091	-0.46529	-0.61076	-0.92214
1039.897	0.85084	-0.44459	-0.49277	-0.88147
1043.867	0.91078	-0.41030	-0.54960	-0.83516
1047.904	0.88820	-0.40869	-0.52547	-0.83635
1051.887	0.87473	-0.45942	-0.49522	-0.86751
1055.891	0.79151	-0.46525	-0.55195	-0.77049
1059.902	0.73516	-0.52046	-0.58101	-0.68520
1063.901	0.79523	-0.41787	-0.48604	-0.72079
1067.900	0.68265	-0.41052	-0.55168	-0.58952
1071.900	0.75891	-0.14503	-0.53533	-0.66095
1075.894	0.73293	-0.12707	-0.56108	-0.47327
1079.900	0.67553	-0.11079	-0.54456	-0.37306
1083.902	0.58724	-0.16171	-0.62119	-0.41115
1087.899	0.57717	-0.05961	-0.72595	-0.41559
1091.894	0.50570	-0.15543	-0.73372	-0.45087
1095.867	0.51944	-0.11771	-0.81960	-0.36792
1099.903	0.50178	-0.02134	-0.72881	-0.37715
1103.903	0.51096	0.04430	-0.77680	-0.37126
1107.894	0.49401	0.09649	-0.66250	-0.32602
1111.899	0.54049	0.21372	-0.64719	-0.28922
1115.898	0.60344	0.06694	-0.65895	-0.34185
1119.900	0.55210	0.02597	-0.79397	-0.35973
1123.898	0.55570	0.15764	-0.86074	-0.33381
1127.903	0.66498	0.23252	-0.89475	-0.34004
1131.904	0.70608	-0.01722	-0.83729	-0.40666
1135.881	1.02657	-0.21615	-0.78019	-0.36900
1139.876	1.15950	-0.21853	-0.78389	-0.45017
1143.902	1.19728	-0.28714	-0.76325	-0.55253
1147.900	1.39693	-0.27549	-0.68905	-0.53617
1151.900	1.15960	-0.28439	-0.88696	-0.63797
1155.868	1.19636	-0.35946	-0.79543	-0.69704
1159.903	1.00772	-0.38631	-0.76749	-0.74897
1163.903	1.05880	-0.47251	-0.63044	-0.77999
1167.902	1.04769	-0.58163	-0.50366	-0.69778
1171.895	1.17979	-0.62587	-0.33417	-0.62139
1175.898	1.11368	-0.71973	-0.20331	-0.64292
1179.901	1.22916	-0.62466	-0.08713	-0.47461
1183.900	1.22672	-0.59851	-0.20142	-0.46298
1187.902	1.11812	-0.41979	-0.18673	-0.21139
1191.904	0.95988	-0.19471	-0.18065	-0.36935
1195.902	0.90912	-0.28627	-0.12568	-0.21226
1199.903	0.88274	-0.33895	-0.13642	-0.37830
1203.894	0.98628	-0.58859	-0.13263	-0.30169
1207.902	1.10140	-0.31204	-0.24939	-0.26494
1211.903	1.01767	-0.36741	-0.51446	-0.24480
1215.913	0.99814	-0.45071	-0.49267	-0.29018
1219.862	1.19172	-0.22325	-0.42988	-0.42301
1223.905	1.01141	-0.19223	-0.56965	-0.40203
1227.903	0.91617	-0.16970	-0.53955	-0.37776
1231.905	1.05659	-0.30703	-0.56984	-0.43781
1235.909	0.97968	-0.42468	-0.60722	-0.49339
1239.904	0.90431	-0.85976	-0.77295	-0.70726
1243.902	0.81116	-1.80186	-0.95261	-0.83806
1247.904	0.76965	-2.22075	-0.89401	-1.63217
1251.894	0.67737	-2.06130	-1.06081	-1.45031
1255.905	0.79866	-2.04566	-1.06644	-1.77847
1259.896	0.71551	-2.13453	-0.95507	-1.73462
1263.882	0.72231	-2.01192	-1.00655	-1.73181
1267.905	0.75945	-1.76343	-1.06428	-1.68164
1271.903	0.73553	-2.06884	-1.15573	-1.62353
1275.903	0.73131	-1.83453	-1.24019	-1.69635
1279.905	0.74766	-1.92718	-1.18088	-1.73107
1283.801	0.77161	-1.81610	-1.24181	-1.68543
1287.906	0.84677	-1.78561	-1.19582	-1.72028
1291.905	0.88235	-1.76318	-1.16054	-1.71239
1295.903	0.89217	-1.76811	-1.11757	-1.71981
1299.906	0.90833	-1.73387	-1.08393	-1.66760
1303.870	0.90401	-1.72462	-1.03126	-1.68305
1307.868	0.85835	-1.72419	-1.05818	-1.68636
1311.904	0.80114	-1.81363	-1.02707	-1.68086
1315.807	0.69541	-1.74739	-1.03364	-1.69029
1319.903	0.52054	-1.76604	-1.05054	-1.68145
1323.903	0.64399	-1.90682	-1.18172	-1.64416
1327.869	0.55659	-1.92254	-1.21660	-1.66435
1331.909	0.56416	-2.07645	-1.16969	-1.70340
1335.906	0.41174	-2.12886	-1.09485	-1.64898
1339.909	0.20775	-2.11329	-1.06081	-1.63778
1343.887	0.35352	-2.22393	-1.08108	-1.63206
1347.805	0.34040	-2.20483	-1.16662	-1.57744
1351.905	0.36486	-2.13289	-1.13524	-1.55045
1355.906	0.37541	-2.11832	-1.05498	-1.58326
1359.909	0.40328	-2.19206	-1.00191	-1.64300
1363.906	0.45812	-2.15463	-1.03141	-1.60180
1367.905	0.44887	-2.02820	-0.99174	-1.61433
1371.906	0.47284	-2.00432	-0.94981	-1.60720
1375.901	0.47468	-2.00787	-0.95986	-1.58184
1379.804	0.42969	-1.95174	-0.81037	-1.63638
1383.906	0.44713	-1.93649	-0.75513	-1.66763
1387.898	0.55793	-2.00729	-0.75957	-1.70313
1391.905	0.55446	-2.11192	-0.74739	-1.77091
1395.906	0.66761	-1.94982	-0.80181	-1.86789
1399.904	0.67546	-1.99333	-0.84853	-1.85717
1403.906	0.61605	-2.02814	-0.86806	-1.81613
1407.905	0.55431	-2.07475	-0.83374	-1.90654
1411.914	0.54955	-2.15306	-0.86587	-1.98805
1415.908	0.42820	-2.18436	-0.94688	-1.92202
1419.911	0.58508	-2.17620	-0.84577	-1.83168
1423.905	0.34764	-2.17096	-0.94247	-1.67162
1427.907	0.28272	-2.23015	-0.98085	-1.70035
1431.906	0.19973	-2.27157	-1.03039	-1.71643
1435.909	0.25093	-2.19361	-1.09941	-1.55179
1439.908	0.17134	-2.19285	-1.06270	-1.70408
1443.908	0.22574	-2.21994	-1.05012	-1.66906
1447.906	0.21688	-2.26902	-1.07530	-1.59686
1451.918	0.33774	-2.22232	-1.11112	-1.65063
1455.906	0.60478	-2.16512	-1.17463	-1.56753
1459.911	0.58248	-2.15397	-1.18872	-1.70383
1463.909	0.58396	-2.12062	-1.16954	-1.72847
1467.899	0.55870	-2.10087	-1.13811	-1.76262
1471.894	0.50396	-2.08022	-1.13563	-1.82645
1475.908	0.43830	-2.02378	-0.98519	-1.89331
1479.908	0.50046	-2.01262	-0.95385	-1.92871
1483.911	0.42495	-2.06652	-0.96671	-1.92322
1487.906	0.58066	-2.15925	-1.01164	-1.89704
1491.911	0.72734	-2.13606	-1.01377	-1.87485
1495.908	0.85463	-2.10935	-0.96891	-1.81538
1499.909	0.74801	-2.24991	-0.88850	-1.90306
1503.907	0.83493	-2.17243	-0.81801	-1.82477
1507.911	0.92071	-2.03358	-0.80208	-1.87724
1511.909	1.04253	-2.12638	-0.80831	-1.88670
1515.908	0.98583	-2.06789	-0.83518	-1.84111
1519.909	1.00149	-2.16705	-0.85121	-1.84478
1523.912	1.00526	-2.25789	-0.87016	-1.82536
1527.910	0.97571	-2.07352	-0.82523	-1.81128
1531.908	0.94542	-2.10962	-0.82687	-1.78440
1535.907	0.70759	-2.09101	-0.82498	-1.79326
1539.911	0.79811	-2.05687	-0.88329	-1.86698
1543.907	0.66315	-2.15947	-0.78099	-1.80795
1547.911	0.64779	-2.36043	-0.78985	-1.87626
1551.889	0.44855	-2.34351	-0.69074	-1.84398
1555.912	0.42035	-2.51338	-0.74260	-1.81884
1559.914	0.25227	-2.53135	-0.89230	-1.74026
1563.872	0.34762	-2.40680	-0.95219	-1.72102
1567.909	-0.24344	-2.40064	-1.97104	-1.73969
1571.912	-2.30273	-2.00431	-2.79887	-1.79275
1575.908	-3.35071	-3.22824	-3.67907	-1.70416
1579.909	-0.17067	-3.57429	-2.95448	-1.84484
1583.908	-0.55761	-3.63673	-2.92411	-1.75001
1587.910	-1.06587	-3.90208	-2.77300	-1.80070
1591.903	-1.58577	-3.94453	-2.30437	-1.78290
1595.900	-1.88484	-1.91501	-2.95381	-1.71104
1599.910	-1.87790	-1.62638	-3.09849	-1.61466
1603.753	-1.59410	-1.52280	-3.08884	-1.73358
1607.899	-3.24249	-0.81411	-3.20328	-1.83633
1611.785	-1.02384	-0.61149	-3.29325	-1.67705
1615.786	-1.71122	-1.41422	-3.01301	-1.68769
1619.807	-1.61478	-1.17610	-2.95319	-1.58614
1623.783	-1.57615	-1.27581	-3.17247	-1.60377
1627.783	-1.68277	-1.38639	-3.10173	-1.51414
1631.785	-1.71151	-1.23632	-3.22797	-3.41978
1635.783	-1.85291	-1.51163	-3.28162	-3.35821
1639.769	-1.74992	-1.41153	-5.39320	-3.42979
1643.784	-1.89193	-1.38700	-3.25429	-1.49562
1647.748	-1.88063	-1.66224	-3.25379	-1.38165
1651.778	-1.91328	-1.99292	-3.28469	-1.32121
1655.783	-1.85432	-2.00115	-3.29582	-1.34207
1659.798	-1.89932	-2.21395	-3.34838	-1.30491
1663.786	-1.96395	-2.20935	-3.38756	-1.28705
1667.806	-2.02487	-2.12285	-3.36109	-1.25146
1671.783	-2.11695	-2.10415	-3.38523	-1.26972
1675.783	-2.12171	-2.17251	-3.35308	-1.26620
1679.783	-2.07197	-2.23321	-3.29498	-1.29543
1683.783	-2.04218	-2.17954	-3.19892	-1.29677
1687.784	-1.96650	-2.19529	-3.17982	-1.26141
1691.787	-1.94057	-2.08727	-3.08053	-1.24994
1695.785	-1.85182	-2.03836	-3.02286	-1.22660
1699.808	-1.91028	-1.97425	-2.95884	-1.22094
1703.785	-1.86370	-1.89534	-2.94069	-1.22351
1707.785	-1.85713	-1.86984	-2.88014	-1.23387
1711.783	-1.78292	-1.79712	-2.79894	-1.24036
1715.807	-1.72694	-1.79375	-2.80038	-1.23393
1719.793	-1.69242	-1.74775	-2.79005	-1.24171
1723.748	-1.66854	-1.75785	-2.79520	-1.23007
1727.777	-1.63385	-1.68532	-2.78773	-1.30797
1731.779	-1.62044	-1.67039	-2.79545	-1.32982
1735.787	-1.59011	-1.58029	-2.81013	-1.38447
1739.786	-1.62837	-1.60210	-2.85106	-1.48527
1743.784	-1.60573	-1.57720	-6.92814	-3.86332
1747.808	-1.63462	-1.54394	-2.87643	-1.44997
1751.790	-1.33403	-1.07056	-2.87502	-1.38541
1755.788	-1.73537	-1.41971	-2.92302	-1.39051
1759.789	-1.81820	-1.32522	-2.90574	-1.55303
1763.826	-1.81726	-1.20286	-2.93730	-1.44744
1767.775	-1.71238	-1.28821	-2.95755	-1.55526
1771.787	-1.77000	-1.31269	-2.95950	-1.54174
1775.786	-1.73564	-1.32220	-2.99995	-1.59669
1779.807	-1.72679	-1.40934	-3.04021	-1.56348
1783.785	-1.63132	-1.46673	-3.08070	-1.44157
1787.786	-1.71950	-1.56815	-3.10200	-1.50904
1791.788	-1.53582	-1.67497	-3.07476	-1.52286
1795.780	-1.59539	-1.62285	-3.08453	-1.55768
1799.787	-1.64265	-1.75934	-3.13034	-1.54698
1803.785	-1.62036	-1.77293	-3.13563	-1.39145
1807.761	-1.64531	-1.87201	-3.11376	-1.40460
1811.755	-1.78530	-1.86136	-3.11502	-1.42005
1815.785	-1.84813	-1.85313	-3.17836	-1.42190
1819.785	-1.85219	-1.80291	-3.13378	-1.42181
1823.788	-1.86697	-1.78173	-3.12757	-1.37331
1827.815	-1.89875	-1.72810	-3.07768	-1.36187
1831.786	-1.90086	-1.59025	-3.06771	-1.26238
1835.786	-2.00958	-1.59102	-3.02091	-1.22347
1839.788	-2.04166	-1.31772	-2.96406	-1.18092
1843.794	-2.05276	-1.27798	-2.90864	-1.09780
1847.750	-2.09844	-1.08771	-2.85301	-1.08835
1851.790	-2.11259	-1.05788	-2.85631	-0.98127
1855.785	-2.13643	-0.95788	-5.68224	-3.55965
1859.813	-2.12882	-1.02396	-5.72581	-3.61351
1863.792	-2.17940	-0.90944	-5.73070	-3.69412
1867.787	-2.29914	-1.09493	-2.70617	-0.91226
1871.791	-2.32867	-0.95777	-2.68373	-0.91533
1875.809	-2.37761	-0.89256	-2.66630	-0.87951
1879.787	-2.39215	-0.95885	-2.72159	-0.87746
1883.787	-2.38831	-0.92492	-2.73449	-0.83251
1887.795	-2.34020	-0.79880	-2.75363	-0.87922
1891.814	-2.32647	-0.97195	-2.77862	-0.90240
1895.787	-2.26009	-1.02787	-2.78701	-0.93389
1899.788	-2.22696	-1.09240	-2.78206	-0.93113
1903.749	-2.26319	-1.11990	-2.80946	-0.95990
1907.778	-2.16572	-1.23495	-2.82392	-0.97231
1911.789	-2.14751	-1.26681	-2.84445	-1.01991
1915.788	-2.12644	-1.43554	-2.86606	-1.02895
1919.754	-2.05415	-1.31990	-2.87066	-1.07921
1923.811	-2.01114	-1.31413	-2.86928	-1.09305
1927.790	-1.92300	-1.45413	-2.89272	-1.14210
1931.768	-1.91464	-1.49479	-2.90027	-1.17667
1935.789	-1.91950	-1.47960	-2.90282	-1.20497
1939.812	-1.92986	-1.37905	-2.90589	-1.20457
1943.788	-1.94097	-1.34347	-2.92869	-1.21177
1947.789	-1.99729	-1.34539	-2.90257	-1.20810
1951.789	-1.97123	-1.15576	-2.83635	-1.19172
1955.812	-1.96908	-1.05842	-2.80075	-1.10014
1959.790	-1.91714	-1.11869	-2.85024	-1.05191
1963.792	-1.93212	-0.97739	-2.85153	-0.99149
1967.751	-1.93157	-1.18136	-2.88740	-0.97318
1971.805	-1.93269	-0.55313	-2.89059	-1.00434
1975.780	-1.93839	-0.20126	-2.86623	-0.96809
1979.790	-1.88794	-0.88167	-2.92062	-0.91633
1983.801	-1.68602	-0.05040	-3.00037	-0.94716
1987.811	-2.02364	-0.91345	-2.96599	-0.96830
1991.791	-1.97587	-1.03600	-2.97960	-1.03767
1995.788	-2.08565	-1.16802	-3.01433	-1.09489
1999.791	-2.01699	-1.17733	-3.03739	-1.21959
2003.814	-2.00076	-1.16041	-3.05073	-1.22766
2007.788	-1.95497	-1.11355	-3.07694	-1.32978
2011.788	-1.89064	-1.12235	-3.07704	-1.33189
2015.762	-1.83610	-1.19580	-3.09688	-1.32435
2019.795	-2.18198	-0.79934	-3.10854	-1.27793
2023.789	-2.07051	-0.87105	-3.11465	-1.32626
2027.788	-2.08513	-0.89197	-3.12816	-1.35878
2031.752	-2.12429	-1.06788	-3.15802	-1.30317
2035.811	-2.08384	-0.92476	-3.19311	-1.25417
2039.789	-2.05501	-0.98250	-3.19825	-1.20963
2043.753	-2.01099	-0.96912	-3.17982	-1.20526
2047.792	-2.00048	-0.98753	-3.18329	-1.20595
2051.815	-2.00428	-1.01915	-3.15434	-1.17994
2055.775	-2.02629	-0.64488	-3.14080	-1.18155
2059.786	-2.04148	-1.08981	-2.97190	-1.22742
2063.759	-2.00767	-1.20265	-2.93042	-1.28911
2067.816	-2.02004	-1.27557	-2.83737	-1.30100
2071.792	-2.04525	-1.34296	-2.75571	-1.25633
2075.794	-2.00628	-1.17808	-2.71307	-1.29066
2079.793	-1.98583	-1.15054	-2.69537	-1.23317
2083.798	-1.98321	-1.23062	-2.66040	-1.20473
2087.789	-2.03303	-1.12985	-2.74078	-1.16510
2091.791	-2.07970	-1.30685	-2.68123	-1.15312
2095.754	-2.13276	-1.17580	-2.75230	-1.04076
2099.790	-2.06032	-1.30470	-2.75212	-1.03979
2103.791	-1.91667	-1.28469	-2.44970	-1.08305
2107.787	0.82516	-1.27355	-1.62170	-0.99511
2111.789	1.94466	-1.27526	0.47525	-0.93138
2115.795	2.92978	-1.30846	1.03039	-0.88909
2119.790	2.96176	-1.48203	2.86710	-0.90544
2123.791	4.11609	-1.46634	3.07825	-0.98846
2127.791	4.64090	-1.63492	3.44369	-0.91775
2131.795	4.89530	-1.70039	1.76110	-2.58241
2135.796	5.27444	-1.71058	2.11532	-3.10575
2139.766	5.36533	-1.87084	1.86593	-3.18120
2143.792	5.28598	-1.93626	1.74117	-3.30607
2147.794	5.16406	-2.04675	1.84971	-3.35053
2151.792	5.43037	-2.00466	1.84485	-3.40103
2155.757	5.47606	-2.04352	2.09725	-3.40334
2159.794	5.48686	-2.02579	2.15851	-3.43606
2163.804	5.57997	-2.04617	2.05650	-3.45091
2167.757	5.63601	-2.00068	2.08570	-3.45317
2171.792	5.63977	-1.94588	4.11996	-0.87432
2175.794	5.67044	-1.89994	3.74300	-0.87075
2179.784	5.59302	-1.78531	4.12878	-0.81318
2183.783	5.53336	-1.78880	4.30875	-0.93086
2187.792	5.40511	-1.76422	4.10629	-1.23526
2191.793	5.17142	-1.68564	4.22389	-1.36858
2195.797	5.28746	-1.69245	3.48556	-3.57890
2199.791	5.27941	-1.68726	3.82578	-3.59839
2203.791	5.24562	-1.67892	0.53411	-3.72528
2207.794	5.23081	-1.64434	0.66928	-3.99517
2211.796	5.20792	-1.65420	4.22293	-1.40358
2215.792	5.18515	-1.77435	4.33379	-1.77773
2219.793	5.17070	-1.80475	4.17559	-1.46479
2223.764	5.17309	-1.98866	4.13651	-1.54560
2227.795	5.17083	-1.95149	4.10910	-1.46447
2231.794	5.24715	-1.94874	4.17576	-1.50206
2235.794	5.26098	-1.89708	4.00556	-1.35399
2239.795	5.27506	-1.78724	4.21896	-1.31355
2243.797	5.30919	-1.82672	4.25645	-1.26378
2247.792	5.30271	-1.73565	4.28202	-1.25906
2251.795	5.29022	-1.49777	4.24510	-1.26457
2255.796	5.24388	-1.55784	4.18825	-1.28817
2259.786	5.20868	-1.66035	4.10594	-1.26444
2263.822	5.07705	-1.42083	4.12142	-1.28909
2267.792	5.00260	-1.45533	4.03127	-1.32090
2271.793	4.96063	-1.36880	3.94495	-1.36417
2275.786	4.95342	-1.29765	3.93468	-1.34023
2279.793	4.91013	-1.32513	4.08239	-1.32919
2283.795	4.92679	-1.28858	3.99232	-1.38238
2287.758	4.84174	-1.31250	4.02421	-1.38047
2291.805	4.80386	-1.32908	4.02060	-1.36155
2295.794	4.74590	-1.33471	4.03791	-1.37727
2299.806	4.74752	-1.36443	4.04540	-1.33173
2303.794	4.70281	-1.33393	4.12614	-1.25200
2307.797	4.77207	-1.38141	4.12673	-1.22066
2311.796	4.84612	-1.48435	4.19608	-1.18739
2315.791	4.84824	-1.54098	4.23147	-1.28099
2319.793	4.90225	-1.61290	4.26679	-1.22374
2323.796	4.94684	-1.65605	4.30221	-1.27376
2327.793	4.93876	-1.75961	4.35176	-1.36924
2331.796	4.99300	-1.90114	4.39350	-1.41698
2335.792	5.03009	-1.84805	4.39693	-1.51884
2339.790	5.14156	-1.95116	4.44568	-1.58285
2343.803	5.17213	-2.22733	4.38080	-1.57475
2347.757	5.22854	-2.22711	4.29354	-1.56213
2351.794	5.25766	-2.26431	4.31662	-1.42760
2355.793	5.30623	-2.17725	4.30087	-1.54297
2359.791	5.36686	-2.16465	4.37865	-1.62932
2363.794	5.43654	-2.09333	4.41230	-1.51950
2367.795	5.44318	-2.06421	4.27763	-1.58261
2371.800	5.35153	-1.95627	4.33999	-1.62378
2375.794	5.36597	-1.92978	4.14330	-1.57501
2379.795	5.36833	-2.04529	4.26691	-1.66997
2383.796	5.36553	-1.82897	4.35393	-1.35460
2387.788	5.27712	-1.86297	4.40103	-1.38574
2391.785	5.23073	-1.80193	4.46125	-1.44483
2395.796	5.33546	-1.80748	4.62559	-1.57647
2399.794	5.36973	-1.88741	4.44324	-1.61046
2403.801	5.54734	-1.88351	4.82784	-1.62302
2407.798	6.95929	-1.95137	6.05682	-1.68536
2411.759	7.97456	-3.61683	6.99416	-1.98889
2415.795	8.68041	-4.20823	7.50622	-2.10163
2419.800	9.12033	-4.37963	8.17466	-2.68389
2423.795	8.39887	-4.38046	8.45223	-3.17803
2427.795	8.58682	-6.04472	8.44837	-4.15360
2431.795	8.53467	-7.04975	8.44050	-5.54574
2435.679	8.67272	-7.47105	8.55161	-6.01417
2439.795	8.61193	-8.63278	8.53294	-5.99118
2443.798	8.86844	-9.99328	8.62413	-6.94613
2447.795	8.92985	-10.10331	8.64053	-7.22474
2451.798	8.78522	-9.53376	8.71737	-7.33672
2455.798	8.87217	-9.06465	8.76161	-7.32590
2459.796	8.87646	-9.30172	8.95695	-7.00516
2463.797	8.91352	-9.29497	8.97944	-7.09024
2467.807	8.90747	-9.41792	9.06080	-7.14677
2471.779	8.99654	-9.66797	9.19005	-7.15121
2475.794	8.95482	-9.92934	9.17331	-7.18583
2479.760	9.02634	-9.95847	9.25898	-7.27901
2483.699	9.07622	-9.93819	9.31984	-7.23274
2487.799	9.12744	-10.05572	9.21544	-7.35157
2491.797	9.04326	-9.62286	9.19957	-7.34119
2495.797	9.12551	-9.56578	9.09437	-7.26990
2499.802	8.96859	-9.65962	8.91682	-7.24548
2503.798	9.03965	-9.52691	9.08418	-7.28440
2507.809	8.97879	-9.75183	8.95891	-7.35615
2511.796	9.05555	-9.98051	9.03333	-7.35270
2515.801	9.00150	-10.03169	9.05529	-7.45381
2519.799	9.03999	-10.00566	8.99102	-7.42387
2523.797	9.22010	-9.97456	8.95736	-7.25215
2527.798	9.02406	-9.61119	8.91871	-7.24687
2531.763	8.97949	-9.73011	8.84864	-7.06265
2535.797	9.11165	-9.69984	8.93178	-7.18339
2539.761	9.13903	-9.65341	8.93709	-7.16236
2543.797	8.97438	-9.53851	8.95922	-7.15721
2547.804	9.00842	-9.60950	8.88373	-6.96306
2551.802	8.87450	-9.62500	8.88772	-7.03477
2555.798	8.99305	-9.69198	8.88361	-7.01303
2559.799	8.89555	-9.58097	8.81913	-7.02782
2563.765	8.90454	-9.53397	8.77281	-6.98514
2567.804	8.92089	-9.42919	8.79686	-7.07410
2571.797	8.87350	-9.46532	8.77751	-7.09925
2575.799	8.96058	-9.40952	8.81343	-7.10285
2579.800	8.98181	-9.43251	8.85194	-7.09832
2583.799	8.75655	-9.76256	8.83311	-7.07348
2587.800	8.84135	-9.66253	8.92493	-7.05471
2591.799	8.81794	-9.78274	9.02501	-7.06120
2595.791	9.05366	-9.84180	9.07111	-7.07555
2599.764	9.02864	-9.91386	9.08830	-7.16806
2603.799	9.14438	-10.03128	9.12689	-7.18362
2607.797	9.02392	-10.34003	9.26239	-7.22742
2611.800	9.06603	-10.09785	9.20765	-7.28675
2615.798	9.03123	-10.22298	9.23843	-7.27881
2619.801	9.08442	-10.18862	9.18888	-7.25643
2623.799	8.93278	-10.20879	9.17846	-7.24674
2627.798	9.04541	-10.03621	9.13419	-7.38707
2631.795	9.06569	-9.94429	9.08287	-7.41102
2635.799	9.02755	-9.83624	9.09742	-7.60002
2639.765	8.93365	-9.75137	8.97283	-7.68450
2643.634	8.95985	-9.79376	9.06410	-7.53848
2647.674	8.99087	-10.55003	9.13598	-7.57568
2651.636	9.05328	-10.18093	9.09352	-7.53221
2655.674	9.03992	-10.68722	9.13274	-7.56659
2659.677	9.09072	-10.62202	9.26887	-7.64219
2663.674	9.05720	-10.58527	9.18344	-7.58743
2667.637	9.03975	-10.92292	9.23268	-7.64073
2671.674	9.03386	-10.93010	9.26914	-7.56935
2675.674	9.16177	-10.91618	9.25067	-7.59177
2679.673	8.79157	-10.88968	9.26186	-7.49020
2683.671	8.09294	-10.09027	7.11731	-7.56919
2687.669	7.47343	-10.63801	6.66675	-7.50734
2691.670	6.27184	-10.49249	4.07322	-7.36592
2695.675	4.75847	-9.95412	2.85962	-7.31949
2699.675	3.96256	-10.09612	1.83174	-7.19758
2703.675	2.49570	-9.54321	2.11224	-7.38856
2707.700	2.29691	-9.23674	1.72478	-7.20151
2711.676	2.40957	-9.42716	1.96786	-7.08540
2715.676	3.19585	-9.30522	2.41943	-7.09820
2719.675	3.32142	-9.49087	2.43387	-7.08394
2723.666	2.92745	-9.80821	1.99545	-7.11742
2727.710	2.36371	-9.57631	1.77417	-7.09217
2731.640	2.07747	-9.66933	1.77866	-7.05849
2735.675	1.91181	-9.59584	1.59068	-7.10819
2739.696	2.05675	-9.41747	1.71189	-7.02760
2743.676	1.85338	-9.46187	1.86325	-7.00356
2747.676	1.81275	-9.52881	1.72175	-6.86199
2751.679	1.82564	-9.49280	1.79961	-6.95391
2755.699	1.87681	-9.40031	1.83742	-6.92004
2759.678	2.00197	-9.26383	1.80690	-6.97180
2763.640	1.92830	-9.29127	1.65262	-6.78972
2767.669	1.87473	-9.22570	1.63507	-6.62811
2771.698	1.90929	-9.17932	1.65540	-6.70550
2775.675	1.96053	-9.14400	1.62229	-6.69767
2779.675	1.92178	-9.06195	1.66004	-6.63712
2783.676	1.91724	-8.97617	1.70187	-6.60840
2787.701	1.89649	-8.90367	1.65089	-6.58781
2791.679	1.92850	-8.88920	1.68431	-6.63213
2795.677	2.00938	-8.89753	1.60640	-6.60778
2799.678	2.04356	-8.82723	1.65051	-6.53351
2803.710	1.99932	-8.80916	1.65262	-6.47904
2807.676	1.93799	-8.78491	1.69845	-6.46722
2811.677	2.01469	-8.79103	1.83970	-6.48108
2815.678	1.91261	-8.82358	1.79787	-6.51048
2819.702	1.92064	-8.73536	1.79976	-6.55965
2823.676	1.84852	-8.62944	1.48563	-6.49405
2827.677	1.24463	-8.45241	-0.00539	-6.31121
2831.689	0.39124	-5.46528	-1.69192	-4.78478
2835.681	-0.22281	-3.43052	-2.15621	-3.50311
2839.674	-1.50896	-3.34114	-2.16912	-2.89815
2843.635	-0.42127	-2.79604	-2.09541	-2.70877
2847.678	0.02268	-2.73099	-1.75962	-2.25333
2851.672	0.02119	-2.83271	-1.03265	-2.63181
2855.677	-0.20365	-3.14580	-1.62720	-3.32151
2859.677	-0.34295	-3.20291	-2.14835	-2.97970
2863.640	-0.53404	-3.09034	-2.51403	-2.63322
2867.702	-0.72784	-2.78112	-2.72258	-2.46294
2871.677	-0.76943	-2.55081	-2.62583	-2.43489
2875.678	-1.08140	-2.45599	-2.62075	-2.35226
2879.676	-0.78952	-2.36013	-2.50615	-2.09939
2883.681	-0.84927	-2.39908	-2.22604	-1.98254
2887.675	-1.07304	-2.47367	-2.44190	-2.23155
2891.674	0.58431	-1.87735	-2.40365	-2.15523
2895.671	0.07128	-1.90351	-2.00770	-2.17088
2899.670	0.20941	-1.85629	-2.09076	-2.23755
2903.677	-1.15337	-2.17714	-1.85668	-2.03950
2907.642	-0.29185	-1.85817	-1.85041	-1.94609
2911.679	-1.07215	-2.43276	-2.29976	-1.94680
2915.706	-1.07850	-2.64320	-2.42034	-1.86467
2919.677	-1.18297	-2.54056	-2.28202	-1.98244
2923.681	-1.21484	-2.37160	-2.23467	-2.01623
2927.678	-1.17927	-1.92205	-2.42644	-1.95746
2931.706	-1.03287	-1.76077	-2.23013	-1.88241
2935.680	-1.13551	-1.40546	-2.26319	-1.92547
2939.678	-1.20150	-2.29498	-2.22755	-1.81182
2943.676	-1.24969	-2.30223	-1.77367	-1.82519
2947.701	-1.22338	-2.44131	-2.04899	-1.74980
2951.679	-1.27199	-2.41552	-2.35799	-1.79367
2955.678	-1.28559	-2.39827	-2.35065	-1.81402
2959.677	-1.08083	-1.98266	-2.28063	-1.86919
2963.676	2.67182	-1.83333	-2.29131	-1.82840
2967.679	-1.24349	-2.21787	-2.34634	-1.75620
2971.642	-1.25949	-2.15108	-2.19928	-1.84087
2975.668	-1.23047	-2.26050	-2.30586	-1.88164
2979.704	-1.22077	-2.19445	-2.28105	-1.79111
2983.680	-1.29052	-2.14180	-2.30107	-1.80681
2987.680	-1.20564	-2.20160	-2.19103	-1.79507
2991.678	-1.24295	-2.17218	-2.09700	-1.86039
2995.704	-1.27103	-2.15583	-1.92986	-1.80814
2999.679	-1.29998	-2.08103	-1.82281	-1.81356
3003.678	-1.30521	-2.14027	-1.85631	-1.76020
3007.679	-1.34485	-2.22542	-2.07085	-1.77017
3011.705	-1.23707	-2.18094	-2.05663	-1.80100
3015.643	-1.25299	-2.20181	-2.13802	-1.81225
3019.679	-1.26321	-2.22086	-2.29622	-1.80746
3023.680	-1.32381	-2.25084	-2.10721	-1.74411
3027.705	-1.23124	-2.22837	-2.21378	-1.74716
3031.644	-1.15771	-2.31329	-2.41777	-1.71615
3035.645	-1.05148	-2.35470	-2.28574	-1.64452
3039.683	-1.07505	-2.57901	-2.40263	-1.63563
3043.640	-1.07584	-2.50202	-2.43942	-1.60177
3047.680	-1.12457	-2.62416	-2.45988	-1.62345
3051.680	-1.08616	-2.46496	-2.39564	-1.69093
3055.681	-1.03774	-2.36909	-2.38170	-1.72210
3059.641	-1.05689	-2.34539	-2.36544	-1.68365
3063.682	-1.09683	-2.17229	-2.30201	-1.65705
3067.680	-1.19341	-2.12793	-2.11737	-1.73422
3071.682	-1.09973	-2.10550	-2.15665	-1.86350
3075.685	-1.12668	-1.95906	-2.08912	-1.84388
3079.681	-1.22308	-1.95363	-2.15051	-1.85381
3083.681	-1.28571	-1.89490	-2.22698	-1.78847
3087.683	-1.25942	-1.85035	-2.15123	-1.72699
3091.708	-1.21273	-1.88487	-2.31160	-1.61102
3095.684	-1.22826	-1.85550	-2.17551	-1.55358
3099.674	-1.06674	-1.83722	-2.19864	-1.68007
3103.680	-1.12179	-1.76536	-2.26866	-1.67691
3107.704	-1.09301	-1.72196	-2.34376	-1.68000
3111.682	-1.06994	-1.67414	-2.15648	-1.72363
3115.683	-0.99668	-1.68979	-2.01365	-1.57466
3119.684	-1.09212	-1.68018	-1.84287	-1.59634
3123.684	-1.08232	-1.64482	-1.91789	-1.56428
3127.682	-1.09016	-1.61276	-1.84490	-1.57646
3131.682	-0.96589	-1.57392	-1.87842	-1.56464
3135.682	-0.87210	-1.47515	-1.74442	-1.62762
3139.685	-0.81739	-1.43256	-1.69964	-1.62019
3143.687	-0.96730	-1.43230	-1.88078	-1.53637
3147.682	-0.99884	-1.55194	-2.49084	-1.53359
3151.681	-1.37769	-1.60191	-3.81244	-1.45503
3155.682	-2.76069	-1.47132	-3.97390	-1.39232
3159.683	-3.41409	-1.25129	-4.38420	-1.21555
3163.645	-3.29698	-1.28539	-4.17188	-1.20419
3167.682	-2.96049	-1.20280	-4.01502	-1.14843
3171.685	-2.89807	-1.32442	-3.70779	-1.19153
3175.681	-2.89225	-1.39963	-3.64098	-1.15191
3179.685	-2.94564	-1.38607	-3.70482	-1.13923
3183.671	-2.96582	-1.43706	-3.80322	-1.12617
3187.683	-2.91705	-1.30582	-3.76322	-1.13950
3191.685	-2.98287	-1.24728	-3.79460	-1.13337
3195.681	-3.21196	-1.20825	-3.72677	-1.13950
3199.683	-3.08547	-1.20214	-3.69452	-1.11029
3203.683	-3.07251	-1.25652	-3.70700	-1.14880
3207.683	-3.02484	-1.23195	-3.69429	-1.19970
3211.682	-3.04870	-1.27297	-3.72909	-1.18315
3215.683	-3.16723	-1.25423	-3.72437	-1.21785
3219.680	-3.10762	-1.06950	-3.81442	-1.18298
3223.684	-3.13739	-1.10518	-3.90150	-1.19773
3227.649	-3.05432	-1.01743	-3.92917	-1.22078
3231.685	-3.08097	-1.10708	-3.92536	-1.21464
3235.687	-3.01992	-1.10255	-3.90785	-1.19333
3239.683	-2.95193	-1.15558	-3.91986	-1.21554
3243.686	-3.01470	-1.11511	-3.96553	-1.28292
3247.687	-2.94176	-1.15703	-3.96577	-1.22031
3251.699	-2.95960	-1.02854	-3.90439	-1.23554
3255.685	-2.92725	-1.14824	-3.87754	-1.20904
3259.683	-2.87267	-1.07218	-3.93858	-1.17129
3263.648	-2.85975	-1.12035	-3.89861	-1.19679
3267.668	-2.87438	-1.17722	-3.85481	-1.22739
3271.686	-2.88227	-1.18282	-3.82462	-1.18564
3275.683	-2.83204	-1.12311	-3.78417	-1.29732
3279.681	-2.75071	-1.14261	-3.84184	-1.38208
3283.687	-2.32697	-1.07136	-3.94947	-1.39699
3287.684	-2.73009	-1.10318	-4.01307	-1.38638
3291.686	-2.71067	-1.08131	-3.94920	-1.36194
3295.688	-2.69225	-1.23454	-4.04137	-1.39069
3299.687	-2.54920	-1.14483	-4.09448	-1.39625
3303.683	-2.62048	-1.14916	-4.02515	-1.40876
3307.680	-2.62682	-1.07851	-4.04105	-1.36013
3311.678	-2.70750	-1.14756	-4.04006	-1.31524
3315.685	-2.73385	-1.14590	-4.03979	-1.24802
3319.684	-2.80048	-1.11455	-4.17087	-1.18502
3323.685	-2.74422	-1.10850	-4.22249	-1.15274
3327.684	-2.82281	-1.16477	-4.16026	-1.09919
3331.691	-2.93819	-0.93252	-4.16376	-1.06000
3335.684	-2.91827	-1.05497	-4.13053	-1.08244
3339.685	-2.98636	-1.09083	-4.11824	-1.03280
3343.652	-3.03883	-1.05424	-4.11942	-1.06905
3347.653	-3.04316	-0.99266	-4.13969	-1.01692
3351.661	-3.10527	-0.99784	-4.17008	-1.07441
3355.687	-3.10678	-1.08406	-4.22246	-1.05449
3359.683	-3.13100	-1.04961	-4.22306	-1.08561
3363.652	-3.10510	-0.98244	-4.20531	-1.09212
3367.685	-3.15055	-1.03716	-4.16213	-1.10816
3371.688	-3.15585	-1.01506	-4.11626	-1.12076
3375.685	-3.15377	-1.10244	-4.14483	-1.08839
3379.686	-3.18004	-1.06647	-4.13584	-0.98573
3383.685	-2.05321	-0.85929	-4.15290	-0.98556
3387.684	-1.42744	-0.79170	-4.07863	-0.99561
3391.676	-1.55784	-0.74108	-3.99877	-0.88112
3395.688	-1.50068	-0.77888	-3.90014	-0.90819
3399.688	-2.98081	-1.02291	-3.88567	-0.85923
3403.685	-2.77676	-0.97327	-3.80164	-0.84412
3407.687	-2.84655	-1.00495	-3.64086	-0.78928
3411.686	-2.94245	-1.00040	-3.65616	-0.80174
3415.686	-2.73511	-1.01799	-3.59157	-0.77987
3419.686	-2.70936	-0.92948	-3.52719	-0.75382
3423.686	-2.85497	-0.93673	-3.50111	-0.77968
3427.689	-2.92802	-1.01249	-3.54640	-0.72888
3431.687	-2.93317	-1.02464	-3.66486	-0.73230
3435.652	-2.95913	-0.97118	-3.70680	-0.75957
3439.690	-2.93366	-1.08780	-3.62037	-0.77663
3443.689	-2.95364	-1.01733	-3.81049	-0.86513
3447.687	-2.96525	-0.99856	-4.01998	-0.88598
3451.687	-2.93938	-1.01749	-3.98074	-0.98681
3455.686	-2.93562	-1.08386	-4.03243	-1.03294
3459.691	-2.92480	-1.09421	-6.57979	-4.09782
3463.652	-2.96945	-1.21316	-6.71302	-4.02475
3467.687	-2.99965	-1.28136	-6.58095	-3.98424
3471.655	-2.94985	-1.29744	-6.35608	-4.04823
3475.668	-2.90218	-1.31030	-8.10323	-3.97695
3479.688	-1.59926	-1.09248	-3.44772	-1.06799
3483.653	-0.27570	-0.01710	-0.48051	1.00536
3487.690	1.64617	1.66570	-0.22884	1.67961
3491.690	3.81713	7.40625	2.44219	2.09956
3495.686	5.47132	3.36556	3.14494	3.91689
3499.689	7.82250	3.62026	6.38442	3.90082
3503.687	7.94102	4.25677	7.08910	4.72310
3507.691	10.15192	4.88718	9.04093	4.83403
3511.686	10.03890	5.08721	8.76782	5.46990
3515.683	10.07281	5.39750	8.95302	6.03604
3519.689	10.14167	5.43677	8.74850	6.37533
3523.587	10.10576	5.50260	8.68596	6.00998
3527.687	10.13381	5.59314	8.68043	6.30704
3531.687	10.11053	5.55325	8.93084	6.08236
3535.688	10.21353	5.61208	9.03810	6.20495
3539.693	10.28714	5.60800	9.10942	6.33793
3543.689	10.17769	5.58291	9.16712	6.27705
3547.691	10.06080	5.58159	9.17723	6.29219
3551.652	10.01739	5.57961	9.19771	6.34512
3555.586	10.01862	5.57950	9.22799	6.36118
3559.659	9.94457	5.41063	9.35092	6.38580
3563.689	9.66009	5.45235	9.32144	6.34557
3567.690	9.55398	5.36924	9.40091	6.16470
3571.589	9.67133	5.18784	9.40163	6.13539
3575.689	9.61633	5.18604	9.36145	5.93065
3579.689	9.64593	5.19095	9.35901	5.82040
3583.692	9.58946	5.10502	9.37428	5.53877
3587.693	9.58427	5.17260	9.38320	5.66985
3591.688	9.62056	5.18012	9.40574	5.87789
3595.685	9.52130	5.22347	9.26021	5.91576
3599.675	9.44291	5.18671	9.17297	5.96334
3603.689	9.46392	5.28793	9.18514	5.97061
3607.692	9.46343	5.41008	8.98731	5.88339
3611.690	9.53407	5.28986	9.00012	5.94503
3615.691	9.52654	5.37214	9.12723	6.02914
3619.594	9.52019	5.48620	9.14689	5.93907
3623.688	9.56752	5.53885	9.22042	5.78673
3627.688	9.46116	5.47334	9.14808	5.77243
3631.692	9.50865	5.43730	8.86020	5.68988
3635.693	9.38465	5.50965	8.98453	5.59316
3639.690	9.33939	5.54889	8.99198	5.46432
3643.656	9.27827	5.51623	9.12977	5.39080
3647.693	9.32651	5.57883	8.84944	5.53044
3651.694	9.54527	5.51168	9.09727	5.44561
3655.690	9.37378	5.51400	9.11677	5.34763
3659.694	9.53163	5.58765	9.20035	5.37096
3663.690	9.79819	5.52862	8.97867	5.34977
3667.661	9.52116	5.50869	9.01583	5.38780
3671.691	9.48091	5.57643	9.08413	5.33617
3675.694	9.68107	5.58658	9.09098	5.45733
3679.570	9.51553	5.67159	9.15147	5.38111
3683.591	9.70603	5.58092	9.21430	5.46906
3687.529	9.69699	5.66930	9.19401	5.39469
3691.564	9.64695	5.56338	9.15120	5.44810
3695.564	9.68679	5.48699	9.14793	5.46154
3699.592	9.64410	5.50567	9.21198	5.55690
3703.565	9.59443	5.56839	9.17490	5.55006
3707.564	9.57539	5.55120	9.16390	5.77723
3711.566	9.53057	5.57880	9.16680	5.88862
3715.560	9.61428	5.56659	9.16124	5.74308
3719.530	9.60664	5.61336	9.17471	5.84302
3723.565	9.66311	5.58285	9.23565	5.80787
3727.644	9.59144	5.50497	9.11121	5.80457
3731.695	9.60796	5.49972	9.12527	5.90615
3735.569	9.54240	5.53620	9.19043	5.88146
3739.565	9.65568	5.57239	9.21374	5.88585
3743.565	9.68676	5.61133	9.19087	5.86563
3747.559	9.66094	5.55240	9.06073	5.98508
3751.567	9.51450	5.53794	9.08604	5.98095
3755.565	9.59431	5.53342	9.06359	6.00076
3759.566	9.64892	5.53605	9.08396	6.00868
3763.589	9.64593	5.47418	9.15304	6.06733
3767.570	9.66583	5.49175	9.09923	6.09415
3771.567	9.67447	5.51661	9.11469	6.08486
3775.569	9.69057	5.57087	9.10001	6.18255
3779.560	9.79226	5.58223	9.07833	6.24721
3783.570	9.81243	5.59793	9.05843	6.29151
3787.567	9.70574	5.62258	8.99997	6.30018
3791.564	9.82983	5.62717	9.02215	6.30281
3795.589	9.78797	5.69325	9.05301	6.33189
3799.567	9.78112	5.69405	8.98419	6.25870
3803.565	9.72315	5.67459	8.98765	6.27576
3807.571	9.66171	5.73807	8.83495	6.23056
3811.610	9.57814	5.75195	8.84428	6.17418
3815.567	9.54064	5.75020	8.77499	6.15258
3819.564	9.45092	5.67239	8.68031	6.06680
3823.567	9.49542	5.65965	8.62151	6.20758
3827.594	9.49043	5.58363	8.58541	6.19996
3831.567	9.46667	5.54009	8.55816	5.88261
3835.567	9.29493	4.73956	8.55105	4.99217
3839.566	8.75555	3.00089	7.27738	3.59678
3843.560	8.41735	2.65418	6.02205	1.20782
3847.567	8.18606	0.77819	5.84731	1.10600
3851.571	7.56232	1.15198	6.00391	1.04798
3855.531	7.20751	0.46065	5.86086	0.19417
3859.540	7.17150	0.20259	5.94695	-0.30699
3863.571	7.14675	-0.00200	5.83513	-0.13564
3867.568	7.21848	-0.01957	5.86327	-0.18885
3871.567	6.99798	0.08541	5.84453	-0.07253
3875.570	7.01216	0.16751	5.79131	0.02292
3879.568	7.00365	-0.08008	5.78750	0.20443
3883.569	6.88910	0.04670	5.66602	-0.01620
3887.570	6.77504	-0.10791	5.64506	-0.29311
3891.571	6.61376	-0.51849	5.70775	-0.43218
3895.557	6.63311	-0.96286	5.72259	-0.61818
3899.559	6.59385	-0.82970	5.69588	-0.51118
3903.567	6.51091	-0.30463	5.67521	-0.51788
3907.592	6.52745	-0.45117	5.67843	-0.45584
3911.568	6.48164	-0.57536	5.65870	-0.37272
3915.568	6.48588	-0.69008	5.62957	-0.52924
3919.570	6.50560	-0.72886	5.67755	-0.45876
3923.592	6.33870	-0.25161	5.70767	-0.63091
3927.570	6.32252	-0.49249	5.77463	-0.59603
3931.568	6.34728	-0.53166	5.81666	-0.64542
3935.568	6.45040	-0.55370	5.81732	-0.75506
3939.591	6.52473	-0.51762	5.78841	-0.86260
3943.568	6.50917	-0.45192	5.79580	-0.93113
3947.570	6.60519	-0.54185	5.78551	-0.86755
3951.571	6.63081	-0.49347	5.83869	-0.78561
3955.592	6.65693	-0.55769	5.83680	-0.88739
3959.570	6.68800	-0.61446	5.85669	-0.92171
3963.534	6.67050	-0.52633	5.86533	-0.92323
3967.571	6.59890	-0.65660	5.83191	-0.93097
3971.563	6.59317	-0.61053	5.82697	-0.98757
3975.577	6.64584	-0.66311	5.80634	-0.99804
3979.552	6.65936	-0.59347	5.83110	-0.94100
3983.567	6.58944	-0.60370	5.84205	-0.91936
3987.594	6.52902	-0.48328	5.87022	-0.89989
3991.572	6.56314	-0.52509	5.92903	-0.91541
3995.568	6.59268	-0.67853	5.94551	-0.92052
3999.534	6.60568	-0.72030	5.99730	-0.91876
4003.594	6.52424	-0.84040	5.99190	-0.91397
4007.569	6.48935	-0.84947	6.03356	-0.92613
4011.568	6.53722	-0.97361	6.07756	-0.92909
4015.570	6.61298	-0.81345	6.10892	-0.91783
4019.591	6.61031	-0.95688	6.15784	-0.90561
4023.536	6.58489	-0.99674	6.15335	-0.86590
4027.569	6.62664	-0.86227	6.14724	-0.85379
4031.567	6.64009	-0.97104	6.10021	-0.80268
4035.596	6.67250	-0.94319	6.03064	-0.81956
4039.572	6.56694	-0.90551	5.99777	-0.87717
4043.528	6.55900	-0.86663	6.06090	-0.89360
4047.570	6.68555	-0.89574	6.03729	-0.91308
4051.595	6.67287	-0.80533	6.07297	-0.80620
4055.570	6.77147	-0.75745	5.93060	-0.66758
4059.562	6.77981	-0.81110	5.91833	-0.94785
4063.570	6.78644	-0.60000	5.82695	-0.97734
4067.595	6.85865	-0.67547	5.77337	-0.87931
4071.573	6.84243	-0.65512	5.68482	-0.82669
4075.577	6.30632	-0.65059	5.04265	-0.56561
4079.570	3.89535	-0.67292	1.87852	-0.88125
4083.568	2.08736	-0.62611	0.48078	-0.91824
4087.572	1.75054	-0.74310	-1.37059	-0.92039
4091.572	0.46078	-0.70268	-1.37905	-1.10396
4095.551	0.18695	-0.99036	-2.38816	-1.13718
4099.597	-0.77451	-1.00945	-1.90624	-1.18100
4103.563	-0.46398	-0.75728	-2.13980	-1.30829
4107.574	-0.11895	-0.81671	-2.11140	-1.43754
4111.572	-0.23036	-0.81315	-1.74613	-1.60002
4115.595	-0.51153	-0.76734	-1.67028	-1.48551
4119.574	-0.83230	-0.83307	-1.86208	-1.43296
4123.571	-0.61275	-1.01112	-2.44066	-1.47336
4127.572	-0.71399	-1.09320	-2.29969	-1.56449
4131.596	-0.79620	-1.00361	-2.45230	-1.65980
4135.575	-1.03431	-1.17692	-2.49295	-1.55313
4139.574	-0.92152	-1.13501	-2.34362	-1.60446
4143.573	-1.05582	-1.11664	-2.23687	-1.63053
4147.593	-1.05875	-1.18655	-2.29158	-1.54949
4151.572	-1.04543	-1.21966	-2.40538	-1.54468
4155.574	-1.10837	-1.25057	-2.27134	-1.49014
4159.576	-1.06788	-1.27887	-2.36108	-1.56820
4163.574	-1.14593	-1.33888	-2.39064	-1.55973
4167.575	-1.15922	-1.19989	-2.32409	-1.55819
4171.575	-1.16793	-1.33008	-2.38402	-1.54877
4175.578	-1.16438	-1.29368	-2.38053	-1.55788
4179.576	-1.10460	-1.24658	-2.32412	-1.58084
4183.578	-1.14107	-1.16439	-2.32531	-1.63984
4187.573	-1.15109	-1.17111	-2.21660	-1.57478
4191.570	-1.14454	-1.08422	-2.13628	-1.56638
4195.579	-1.17317	-1.18377	-2.26777	-1.65409
4199.572	-1.19118	-1.26760	-2.30739	-1.53533
4203.576	2.33204	-4.76590	-2.29364	-1.49699
4207.572	-1.18215	-1.07703	-2.26636	-1.44079
4211.575	-1.17240	-1.13522	-2.18966	-1.34760
4215.573	-1.31193	-1.28460	-2.16520	-1.37805
4219.536	-1.23511	-1.04755	-2.08099	-1.46596
4223.574	-1.26187	-1.22503	-2.09859	-1.41976
4227.574	-1.27782	-0.94626	-2.19018	-1.46156
4231.569	-1.26113	-1.03433	-2.11732	-1.42686
4235.576	-1.30451	-1.07233	-6.17629	-4.13378
4239.573	-1.21447	-1.31241	-6.58379	-1.33462
4243.575	-1.05567	-0.73577	-2.13755	-1.43900
4247.572	-1.05513	-1.13037	-2.05189	-1.39163
4251.573	-1.10403	-1.25385	-2.16706	-1.45625
4255.575	-1.14533	-1.30186	-2.15514	-1.48658
4259.575	-1.10214	-1.29818	-2.16962	-1.50754
4263.574	-1.01965	-1.20742	-2.17549	-1.54001
4267.576	-1.16210	-0.99940	-2.06565	-1.58838
4271.553	-1.16300	-0.90902	-1.99196	-1.48517
4275.586	-1.13615	-1.14964	-2.18496	-1.55484
4279.538	-0.94430	-1.04152	-2.11264	-1.50174
4283.576	-1.04198	-0.84025	-2.11351	-1.53737
4287.574	-1.13958	-1.05968	-2.11874	-1.53523
4291.580	-0.96876	-1.14637	-2.10263	-1.53284
4295.577	-1.01179	-0.98837	-2.02805	-1.53651
4299.574	-1.09807	-1.06375	-2.13608	-1.53948
4303.578	-1.25751	-1.00686	-2.18339	-1.57018
4307.579	-1.02240	-0.83417	-2.20570	-1.51780
4311.574	-1.06217	-0.88344	-2.25605	-1.53521
4315.574	-1.11539	-0.92880	-2.27122	-1.48411
4319.575	-0.98204	-0.92231	-2.27060	-1.47920
4323.576	-0.98020	-0.95751	-2.19754	-1.47366
4327.576	-1.04181	-1.02003	-2.17859	-1.40544
4331.575	-1.23608	-1.05264	-2.11522	-1.41316
4335.571	-1.26842	-0.95858	-2.25261	-1.37814
4339.573	-1.18411	-0.88231	-2.31091	-1.36332
4343.558	-1.14685	-0.87420	-2.23541	-1.43526
4347.575	-1.18344	-0.84652	-2.24151	-1.38620
4351.578	-1.12229	-0.86762	-2.15675	-1.40538
4355.558	-1.04697	-0.93501	-2.10761	-1.39421
4359.575	-0.98442	-0.92171	-2.11348	-1.48933
4363.539	-1.02283	-0.96755	-2.08062	-1.44002
4367.575	-1.36665	-0.94811	-2.14325	-1.41026
4371.577	-1.34495	-0.88737	-2.09556	-1.48331
4375.579	-0.92964	-0.81946	-2.06880	-1.44460
4379.579	-0.91155	-0.72338	-2.09274	-1.41629
4383.575	-1.09125	-0.73255	-2.04257	-1.26714
4387.578	-1.11447	-0.66523	-2.01865	-1.37252
4391.581	-0.91264	-0.86977	-1.92956	-1.39694
4395.580	-0.95145	-0.85808	-1.99503	-1.29048
4399.572	-1.12876	-0.87420	-2.03923	-1.23073
4403.580	-1.05816	-0.93955	-2.10976	-1.22779
4407.577	-1.14288	-0.95259	-2.09730	-1.23364
4411.578	-1.06927	-1.05728	-2.12828	-1.16689
4415.576	-1.07031	-1.04779	-2.13581	-1.14090
4419.544	-1.14618	-1.23380	-2.16761	-1.17121
4423.574	-1.18306	-1.23865	-2.20818	-1.20617
4427.577	-1.10872	-1.36482	-2.27201	-1.32207
4431.575	-1.15677	-1.42913	-2.31413	-1.24130
4435.552	-1.10539	-1.40721	-2.37181	-1.14590
4439.543	-1.13050	-1.30135	-2.33742	-1.11697
4443.575	-1.18706	-1.20808	-2.35241	-1.22737
4447.579	-1.21951	-1.37550	-2.36002	-1.21463
4451.579	-1.25190	-1.40048	-2.38606	-1.29506
4455.577	-1.30575	-1.32877	-2.36661	-1.33997
4459.576	-1.21430	-1.32956	-2.39386	-1.32592
4463.576	-1.10943	-1.35593	-2.46317	-1.29620
4467.582	-1.23231	-1.38401	-2.45938	-1.31961
4471.574	-1.23049	-1.38803	-2.43607	-1.25936
4475.579	-1.21824	-1.32114	-2.37332	-1.27636
4479.559	-1.24969	-1.28309	-2.38011	-1.31705
4483.582	-1.24446	-1.21994	-2.34728	-1.26455
4487.577	-1.23933	-1.25322	-2.34996	-1.22544
4491.580	-1.34304	-0.98503	-2.37122	-1.17062
4495.578	-1.25012	-0.93810	-2.33432	-1.05301
4499.581	-1.21504	-1.19443	-2.32900	-1.10633
4503.579	-1.38022	-1.34336	-2.34713	-1.14364
4507.579	-1.38508	-1.31572	-2.29698	-1.11102
4511.580	-1.39202	-1.38541	-2.27607	-1.10071
4515.580	-1.33463	-1.42792	-2.26232	-1.14093
4519.567	-1.16456	-1.32723	-2.28227	-1.07668
4523.578	0.73235	-1.41784	-0.18760	-1.11036
4527.577	1.69520	-1.61359	-0.35797	-1.12088
4531.580	2.77436	-2.96907	1.59611	-1.48425
4535.577	4.09251	-3.34609	1.85398	-1.88034
4539.581	4.52695	-3.65001	3.39270	-2.58124
4543.576	4.87288	-5.12249	3.66024	-3.09308
4547.579	4.74619	-5.05221	3.62939	-3.44997
4551.578	4.95221	-5.85938	4.29187	-4.12018
4555.581	5.27311	-6.68917	4.33068	-4.78054
4559.584	5.46005	-6.54381	5.03760	-5.16561
4563.582	1.24305	-11.17181	5.30948	-4.97044
4567.578	4.80302	-7.33943	5.30778	-5.19257
4571.543	5.25640	-7.19851	5.67615	-5.10331
4575.581	5.70735	-7.18203	5.88925	-4.99672
4579.586	5.45277	-7.12346	5.69780	-5.16312
4583.581	5.64621	-7.43038	5.59990	-5.21743
4587.579	6.08934	-12.13086	5.92515	-5.33021
4591.582	6.30173	-11.77013	5.70121	-5.36472
4595.446	5.66897	-7.46670	5.90742	-5.42887
4599.586	5.98803	-7.49142	5.73433	-5.50998
4603.564	5.90774	-7.66664	5.81943	-5.67535
4607.580	6.03091	-7.78895	5.87943	-5.56742
4611.580	5.78072	-7.57181	6.01726	-5.61501
4615.577	6.18161	-7.55234	6.02406	-5.59443
4619.582	3.43237	-7.67203	5.84198	-5.60851
4623.581	5.35160	-7.56432	5.80528	-5.66279
4627.584	5.44761	-7.61150	5.88397	-5.66253
4631.578	5.71482	-7.61150	5.94695	-5.68456
4635.581	6.36868	-7.45895	5.95842	-5.66413
4639.578	5.81513	-7.71725	5.96647	-5.62589
4643.579	5.84927	-7.79889	5.92469	-5.53117
4647.578	5.96009	-7.55828	5.92228	-5.48349
4651.579	5.90659	-7.99950	5.86907	-5.43336
4655.579	6.57139	-8.01977	5.81457	-5.36851
4659.481	5.98933	-8.03158	5.77531	-5.45209
4663.583	5.81393	-8.35110	5.88945	-5.55973
4667.582	6.00609	-8.34705	5.97651	-5.54091
4671.580	6.19692	-8.23733	5.77770	-5.28606
4675.582	6.35836	-8.25126	5.83940	-5.11399
4679.586	6.37170	-8.40723	5.82316	-5.25471
4683.582	6.77130	-8.32976	5.84257	-5.22982
4687.560	6.62258	-8.19527	5.69158	-5.25982
4691.583	6.21490	-8.25740	5.81634	-5.19483
4695.579	6.11643	-8.28136	5.91428	-5.42545
4699.583	6.23822	-8.24337	5.91734	-5.48293
4703.581	6.28040	-8.25282	5.81695	-5.48952
4707.582	6.33378	-8.25014	5.82024	-5.47160
4711.581	6.38898	-8.29169	5.91953	-5.51308
4715.580	6.23940	-8.32467	5.99907	-5.58181
4719.454	6.17887	-8.35466	6.05800	-5.63696
4723.481	6.26414	-8.54215	6.13238	-5.69498
4727.457	6.13169	-8.65793	6.14312	-5.69907
4731.456	6.11888	-8.62150	6.13002	-5.72191
4735.457	6.16380	-8.63914	6.04551	-5.76285
4739.584	6.20516	-8.74340	6.13319	-5.75468
4743.455	6.27672	-8.73007	6.16199	-5.75911
4747.455	6.17420	-8.74905	6.13240	-5.74194
4751.457	6.21549	-8.68277	6.12641	-5.71725
4755.458	6.17921	-8.67252	6.08357	-5.69361
4759.459	6.22890	-8.61034	6.10725	-5.64986
4763.456	6.25968	-8.70247	5.97772	-5.60262
4767.454	6.29928	-8.66707	5.94175	-5.55634
4771.449	6.38763	-8.58594	5.82953	-5.48868
4775.439	6.49256	-8.52058	5.85708	-5.41106
4779.461	6.57585	-8.58047	5.90654	-5.40173
4783.460	6.65524	-8.54494	5.87511	-5.35406
4787.586	6.68227	-8.53231	5.76507	-5.36863
4791.457	6.58687	-8.48811	5.81862	-5.37901
4795.460	6.64574	-8.47671	5.79145	-5.37525
4799.455	6.66501	-8.40857	5.72748	-5.40266
4803.481	6.74158	-8.10001	5.69915	-5.40393
4807.459	6.76816	-8.40258	5.73939	-5.43847
4811.460	6.78906	-8.27906	5.78089	-5.42472
4815.455	6.78987	-8.20840	5.83252	-5.46360
4819.438	6.78449	-8.30496	5.89033	-5.53406
4823.459	6.72594	-8.23205	0.48622	-8.38563
4827.459	6.72107	-8.22183	0.90661	-8.58468
4831.461	6.74354	-8.23497	1.29201	-8.60458
4835.459	6.76652	-8.19306	1.44547	-8.65461
4839.453	6.84367	-8.33903	1.62872	-8.69262
4843.457	6.91469	-8.41779	1.90068	-8.70637
4847.458	6.97673	-8.40508	1.98747	-8.67276
4851.486	6.94377	-8.58477	2.08525	-8.69871
4855.456	6.87173	-8.40804	2.11955	-8.68180
4859.433	6.82970	-8.53995	2.24559	-8.65486
4863.460	6.90028	-8.49561	6.02028	-6.97167
4867.482	6.74995	-8.94362	6.08936	-6.50261
4871.457	6.28869	-8.96803	6.08436	-6.92758
4875.460	6.57181	-8.81008	6.11584	-6.70989
4879.464	6.73150	-8.80960	6.13265	-6.69845
4883.485	6.67309	-8.76479	6.22277	-6.68874
4887.458	6.56422	-8.55537	6.17987	-6.79972
4891.459	6.30745	-8.53181	6.18105	-6.64971
4895.459	6.45177	-8.37185	6.24703	-6.66607
4899.418	6.53867	-8.17378	6.23530	-6.56860
4903.419	6.64354	-7.92070	6.25066	-6.53615
4907.457	6.64729	-8.43478	6.22022	-6.48961
4911.462	6.53926	-7.90318	5.91378	-6.48300
4915.457	6.34076	-7.23836	5.31039	-5.51819
4919.459	5.86462	-5.75654	4.09429	-4.42190
4923.459	5.02243	-4.34925	3.60660	-3.79758
4927.459	4.70145	-3.39386	2.52812	-1.96834
4931.485	4.60054	-2.06158	2.80852	-1.06492
4935.463	4.66827	-1.78092	3.53046	-1.20986
4939.462	4.57357	-2.02685	3.12346	-1.33771
4943.427	4.44312	-2.96254	3.17849	-1.69997
4947.482	4.42891	-3.09665	2.80669	-1.48491
4951.459	4.37172	-3.05247	2.79156	-1.45055
4955.458	4.32597	-2.80421	2.93750	-1.47998
4959.460	4.16566	-1.82714	2.92978	-1.20765
4963.452	4.01751	-1.94648	2.88628	-1.25004
4967.458	3.88599	-1.74212	2.88557	-1.26884
4971.460	3.94001	-1.61355	3.02022	-1.20765
4975.459	3.91445	-1.88984	2.80446	-1.36769
4979.489	3.84525	-1.69365	2.84497	-1.42692
4983.442	3.85345	-1.85954	2.86925	-1.34849
4987.457	3.77757	-1.89366	2.92728	-1.30060
4991.461	3.68406	-1.78338	2.99940	-1.25279
4995.485	3.67536	-1.76697	2.88316	-1.30251
4999.458	3.72993	-1.71172	2.95307	-1.23275
5003.459	3.59402	-1.71596	2.93874	-1.09626
5007.460	3.66439	-1.60019	2.89027	-1.16339
5011.482	3.73435	-1.61550	2.82979	-1.21741
5015.460	3.67949	-1.67304	2.86056	-1.18545
5019.461	3.62316	-1.60835	2.96987	-1.25285
5023.461	3.62687	-1.61268	2.94941	-1.25620
5027.483	3.63238	-1.57991	2.78226	-1.10048
5031.463	3.64832	-1.65407	2.73568	-1.07606
5035.458	3.69076	-1.82964	2.79119	-1.11660
5039.462	3.72719	-1.75423	2.81739	-1.08695
5043.452	3.60727	-1.62951	2.68658	-0.83495
5047.460	3.61913	-1.67905	2.60307	-0.83108
5051.463	3.54561	-1.69224	2.56055	-0.81957
5055.462	3.59718	-1.57888	2.54965	-0.73315
5059.482	3.57004	-1.62135	2.42074	-0.61633
5063.461	3.58670	-1.37710	2.38501	-0.64157
5067.461	3.55342	-1.41805	2.37307	-0.61025
5071.461	3.55592	-1.24793	2.44601	-0.56198
5075.485	3.50061	-1.27483	2.55049	-0.57829
5079.463	3.45796	-1.36185	2.57169	-0.60690
5083.464	3.42302	-1.29648	2.57578	-0.66257
5087.463	3.41446	-1.29225	2.63727	-0.72774
5091.488	3.40680	-1.23067	2.63051	-0.72916
5095.426	3.45000	-1.25201	2.61803	-0.79094
5099.460	3.45346	-1.26302	2.67187	-0.90439
5103.462	3.51394	-1.20292	2.70730	-0.94735
5107.479	3.63278	-1.24371	2.75106	-0.93786
5111.465	3.57819	-1.28592	2.75589	-0.99428
5115.464	3.59397	-1.28127	2.72536	-1.04363
5119.462	3.67423	-1.26420	2.61033	-1.09210
5123.488	3.72697	-1.22484	2.88203	-1.12871
5127.461	3.69904	-1.24290	2.80669	-1.14474
5131.464	3.67000	-1.23481	2.90223	-1.16072
5135.463	3.71332	-1.25373	2.79280	-1.19539
5139.485	3.73463	-1.19771	2.93891	-1.22877
5143.462	3.81162	-1.17563	2.79689	-1.23302
5147.466	3.79131	-1.14177	2.69559	-1.21074
5151.432	3.72758	-1.14860	2.90859	-1.20226
5155.459	3.78981	-1.17573	2.78334	-1.14982
5159.426	3.83008	-1.27468	2.90638	-1.08426
5163.427	3.62341	-0.90927	2.74497	-1.12795
5167.466	2.96158	-1.38136	1.66284	-1.12013
5171.487	0.78441	-1.23760	-0.99464	-1.21314
5175.465	-0.12007	-1.40449	-1.63343	-1.23369
5179.464	-0.80302	-1.69323	-1.88318	-1.29367
5183.426	-0.41748	-1.73412	-1.57860	-1.26977
5187.489	0.25721	-1.74664	-1.35278	-1.31373
5191.444	0.39045	-1.72886	-1.06751	-1.29705
5195.461	0.13431	-1.80615	-1.08239	-1.39026
5199.464	-0.10386	-1.77292	-1.12499	-1.50557
5203.466	-0.12749	-1.81437	-1.23570	-1.44079
5207.463	-0.06137	-1.78151	-1.18016	-1.39719
5211.464	-0.30223	-1.80519	-1.16550	-1.32835
5215.466	-0.44189	-2.01388	-1.11015	-1.17592
5219.429	-0.17122	-1.95484	-1.09941	-1.03755
5223.464	-0.27421	-1.96463	-1.18396	-1.03277
5227.468	-0.29543	-1.85414	-1.15057	-1.32021
5231.463	-0.21882	-1.82898	-1.14129	-1.26695
5235.468	-0.33732	-1.75472	-1.17575	-1.03948
5239.464	-0.32816	-1.86042	-1.17292	-1.03302
5243.463	-0.29716	-1.77545	-1.13392	-1.24083
5247.466	-0.37286	-1.79579	-1.16309	-1.30059
5251.461	-0.34930	-1.71936	-1.15518	-1.13662
5255.464	-0.41820	-1.69070	-1.16235	-1.27826
5259.466	-0.39663	-1.75597	-1.08986	-1.27472
5263.428	-0.40539	-1.93112	-1.07701	-1.30996
5267.468	-0.31893	-1.80444	-1.09899	-1.40078
5271.466	-0.35161	-1.80037	-1.02660	-1.32709
5275.463	-0.31754	-1.79206	-1.02456	-1.27077
5279.464	-0.30205	-1.84074	-1.08468	-1.33851
5283.469	-0.28220	-1.77836	-1.17803	-1.34885
5287.464	-0.26314	-1.67826	-1.18192	-1.29449
5291.466	-0.22016	-1.60502	-1.30218	-1.30623
5295.463	-0.25671	-1.48156	-1.13873	-1.30509
5299.469	-0.31615	-1.53650	-1.11035	-1.23729
5303.467	-0.15985	-1.70278	-1.19254	-1.18185
5307.463	-0.11133	-1.60769	-1.18217	-1.18891
5311.467	-0.15590	-1.60684	-1.06312	-1.09774
5315.453	-0.20896	-1.63738	-0.94946	-1.08245
5319.428	-0.14640	-1.55157	-0.96718	-1.01938
5323.464	-0.20259	-1.46595	-0.90949	-1.07407
5327.467	-0.21395	-1.49674	-0.92979	-1.03944
5331.470	-0.23194	-1.44704	-0.97402	-1.00853
5335.469	-0.30029	-1.63518	-1.10058	-0.96197
5339.426	-0.27232	-1.60395	-1.08458	-1.12428
5343.465	-0.20244	-1.63998	-1.30479	-1.18942
5347.470	-0.31580	-1.39814	-1.12524	-1.07494
5351.467	-0.25830	-1.86438	-0.94502	-1.32231
5355.467	-0.28915	-1.71935	-1.15543	-1.31608
5359.433	-0.29091	-1.76230	-1.24630	-1.31028
5363.469	-0.25887	-1.61877	-1.21804	-1.34843
5367.478	-0.22596	-1.60530	-1.25277	-1.35730
5371.465	-0.12692	-1.70814	-1.05771	-1.40837
5375.465	-0.01596	-1.91012	-0.73489	-1.44391
5379.468	0.09339	-1.85893	-0.37477	-1.47213
5383.471	0.30580	-1.82560	-0.50498	-1.56927
5387.429	0.23319	-1.87394	-0.66923	-1.47390
5391.466	0.10535	-1.74206	-0.65305	-1.54984
5395.471	0.21681	-1.74038	-0.52835	-1.53669
5399.466	0.28875	-1.83282	-0.48436	-1.55867
5403.468	0.25180	-1.98727	-0.57712	-1.55095
5407.432	0.30627	-2.01438	-0.34980	-1.60081
5411.434	0.37060	-1.84405	-0.31377	-1.62428
5415.468	0.43832	-2.01639	-0.28538	-1.74325
5419.467	0.38601	-1.85296	-0.39931	-1.75647
5423.466	0.32600	-1.78545	-0.40403	-1.85330
5427.470	0.37360	-2.04854	-0.40000	-1.84990
5431.465	0.30042	-1.97269	-0.28696	-1.78506
5435.465	0.43683	-1.99487	-0.29277	-1.76113
5439.464	0.43135	-2.04607	-0.36233	-1.73162
5443.471	0.33551	-1.90663	-0.44974	-1.63587
5447.467	0.42413	-2.00706	-0.24378	-1.57738
5451.467	0.54610	-1.99581	-0.27446	-1.63106
5455.467	0.49852	-2.11035	-0.20497	-1.53185
5459.470	0.45537	-2.06626	-0.32856	-1.50430
5463.468	0.46696	-1.84708	-0.36578	-1.65436
5467.466	0.41400	-1.96420	-0.33101	-1.52831
5471.469	0.45750	-2.12433	-0.19435	-1.54921
5475.470	0.52543	-1.99609	-0.36871	-1.47586
5479.467	0.47093	-2.09492	-0.29054	-1.55004
5483.448	0.48597	-2.02635	-0.26254	-1.61445
5487.468	0.52478	-2.00050	-0.25036	-1.68241
5491.470	0.54151	-1.93939	-0.45544	-1.78433
5495.466	0.47443	-2.11224	-0.28309	-1.86864
5499.469	0.49155	-2.06725	-0.30620	-1.89909
5503.468	0.49048	-2.17841	-0.33459	-1.97812
5507.473	0.45889	-2.17319	-0.28972	-1.96212
5511.470	0.53081	-2.20490	-0.23877	-1.92559
5515.468	0.49825	-2.08521	-0.32900	-1.96549
5519.472	0.48773	-2.00223	-0.47180	-1.98253
5523.435	0.45609	-1.99355	-0.35943	-1.89717
5527.467	0.46108	-2.03735	-0.35196	-1.84971
5531.432	0.47899	-2.07001	-0.36668	-1.96076
5535.469	0.46569	-2.09999	-0.29776	-1.89994
5539.472	0.60863	-2.13354	-0.33660	-1.77837
5543.433	0.49984	-1.96544	-0.27962	-1.86959
5547.470	0.53193	-2.03855	-0.36283	-1.89593
5551.471	0.50860	-2.06836	-0.37281	-1.76608
5555.473	0.62523	-2.00774	-0.49570	-1.78114
5559.472	0.58940	-1.95673	-0.47832	-1.85783
5563.474	0.68846	-1.94391	-0.34831	-1.84195
5567.437	0.67853	-2.02425	-0.26872	-1.90943
5571.473	0.60431	-2.05051	-0.38097	-1.92479
5575.483	0.62493	-2.07065	-0.35623	-1.86126
5579.469	0.55136	-1.98605	-0.36928	-1.75061
5583.475	0.71218	-1.88942	-0.39040	-1.77253
5587.473	0.69307	-2.00699	-0.51493	-1.62300
5591.471	0.70771	-1.98085	-0.51939	-1.57229
5595.469	0.75387	-1.96237	-0.60406	-1.51355
5599.472	0.69238	-2.00362	-0.57056	-1.56185
5603.475	0.69181	-2.10673	-0.57178	-1.48371
5607.470	0.68268	-2.12383	-0.61970	-1.44278
5611.467	0.63015	-2.08278	-0.65657	-1.40889
5615.468	0.66647	-2.17435	-0.67585	-1.38425
5619.471	0.63471	-2.17099	-0.71972	-1.40170
5623.465	0.67593	-2.18417	-0.71365	-1.43123
5627.469	0.63972	-2.23331	-0.72598	-1.46964
5631.470	0.60985	-2.28118	-0.68042	-1.52870
5635.472	0.61054	-2.26439	-0.51674	-1.50831
5639.472	0.59049	-2.32106	-0.27667	-1.39020
5643.471	0.59039	-2.34095	-0.20872	-1.35789
5647.470	0.55275	-2.31217	-0.14618	-1.43233
5651.472	0.51081	-2.28358	-0.22802	-1.51809
5655.463	0.49877	-2.37053	-0.21174	-1.52440
5659.434	0.46217	-2.28362	-0.34447	-1.55455
5663.434	0.48656	-2.26027	-0.18204	-1.71343
5667.475	0.41365	-2.19628	-0.13573	-1.78339
5671.472	0.39703	-2.01764	-0.22415	-1.78919
5675.470	0.33811	-1.76539	-0.24339	-1.88240
5679.472	0.29302	-1.86919	-0.28977	-1.78851
5683.472	0.27260	-2.00037	-0.33809	-1.77512
5687.473	0.25445	-1.98369	-0.43140	-1.76532
5691.442	0.25666	-1.76650	-0.44383	-1.73744
5695.471	0.24520	-1.75885	-0.42075	-1.80266
5699.472	0.26277	-1.79358	-0.46651	-1.74178
5703.472	0.32972	-1.85337	-0.45095	-1.68041
5707.470	0.32977	-1.88504	-0.45274	-1.55930
5711.473	0.33665	-1.94012	-0.29679	-1.47172
5715.472	0.42549	-1.96715	-0.29960	-1.40569
5719.470	0.40390	-2.05059	-0.11863	-1.38338
5723.472	0.42502	-2.07096	0.00015	-1.38033
5727.436	0.39710	-2.03710	0.01013	-1.33495
5731.459	0.43313	-2.07553	-0.07187	-1.37742
5735.464	0.39993	-2.16616	-0.03251	-1.40767
5739.472	0.35732	-2.21872	0.04427	-1.37168
5743.471	0.36087	-2.25703	0.02822	-1.39620
5747.346	0.27724	-2.21941	0.06736	-1.42965
5751.474	0.26019	-2.26367	0.07676	-1.47847
5755.346	0.27580	-2.25871	0.07770	-1.54844
5759.347	0.22428	-2.28221	0.01161	-1.80075
5763.345	0.22490	-2.25877	-0.00494	-1.84456
5767.347	0.21306	-2.25279	-0.07597	-1.94534
5771.347	0.20306	-2.24589	-0.07381	-2.03488
5775.348	0.21509	-2.34376	-0.13086	-2.04118
5779.342	0.24567	-2.28814	-0.17008	-2.01669
5783.312	0.28019	-2.14281	-0.21532	-2.07587
5787.349	0.35988	-2.09369	-0.22107	-2.02628
5791.348	0.44812	-2.05560	-0.23244	-2.00593
5795.347	0.43120	-2.17821	-0.25557	-1.93569
5799.347	0.37462	-2.08410	-0.28624	-1.96237
5803.348	0.38037	-2.04318	-0.25207	-1.82469
5807.347	0.26979	-2.06035	-0.18943	-1.77105
5811.371	0.30980	-1.98860	-0.12265	-1.72135
5815.349	0.27093	-1.96296	-0.09964	-1.69538
5819.340	0.23795	-1.90035	-0.02318	-1.64702
5823.333	0.29508	-1.91287	0.09892	-1.62102
5827.340	0.25143	-1.85879	0.22899	-1.59484
5831.351	0.26694	-1.83126	-0.00720	-1.59488
5835.348	0.26366	-1.79224	-0.04730	-1.65191
5839.347	0.23788	-1.72663	-0.01839	-1.68245
5843.370	0.37157	-1.70104	-0.03159	-1.76676
5847.312	0.36881	-1.67214	-0.13536	-1.76805
5851.312	0.41390	-1.67151	-0.27885	-1.74584
5855.351	0.35893	-1.63192	-0.27910	-1.78034
5859.376	0.39087	-1.67740	-0.29677	-1.92260
5863.325	0.42514	-1.82530	-0.41157	-2.07032
5867.350	0.44783	-1.76964	-0.38618	-2.03822
5871.349	0.44946	-1.73918	-0.39045	-2.18415
5875.373	0.46388	-1.92398	-0.43668	-2.21396
5879.350	0.36869	-1.96205	-0.42311	-2.21119
5883.350	0.42758	-1.92858	-0.39534	-2.17772
5887.351	0.41631	-1.82170	-0.35931	-2.15448
5891.373	0.43323	-1.76487	-0.45252	-2.30531
5895.350	0.30630	-1.85464	-0.43395	-2.40503
5899.356	0.32384	-1.87087	-0.43103	-2.40821
5903.350	0.38646	-1.83697	-0.43299	-2.30097
5907.376	0.44130	-1.82269	-0.30955	-2.26128
5911.352	0.43147	-1.75035	-0.37022	-2.09914
5915.351	0.37943	-1.80567	-0.47927	-2.04526
5919.348	0.33332	-1.80116	-0.39013	-2.05008
5923.373	0.40519	-1.73320	-0.36742	-2.10272
5927.350	0.41383	-1.77992	-0.26230	-2.19760
5931.313	0.41455	-1.86087	-0.30724	-2.17253
5935.349	0.31320	-1.98376	-0.29798	-2.13340
5939.344	0.32493	-1.96817	-0.41981	-2.01505
5943.351	0.32776	-2.06213	-0.39842	-2.01781
5947.352	0.31866	-2.02922	-0.41214	-2.00468
5951.352	0.18725	-1.81975	-0.36993	-1.95220
5955.350	0.20097	-1.98995	-0.35538	-1.95146
5959.350	0.20832	-2.17533	-0.35658	-2.00735
5963.350	0.31704	-2.18265	-0.35323	-2.08880
5967.314	0.19467	-2.11037	-0.36102	-2.23619
5971.375	0.22678	-2.10942	-0.42294	-1.97482
5975.351	0.22105	-2.21307	-0.46505	-2.02544
5979.351	0.20015	-2.14920	-0.47098	-2.06897
5983.352	0.27041	-2.21018	-0.46180	-1.87151
5987.361	0.25895	-2.01695	-0.45137	-1.84627
5991.353	0.31111	-2.05521	-0.44100	-1.86700
5995.350	0.30843	-2.06206	-0.55128	-1.98841
5999.315	0.33052	-2.08511	-0.51721	-2.07168
6003.376	0.34079	-2.05063	-0.56148	-2.00297
6007.350	0.36355	-2.16309	-0.60995	-2.10964
6011.352	0.31454	-1.93479	-0.54404	-2.14507
6015.350	0.36199	-1.88918	-0.49656	-2.10082
6019.312	0.35402	-1.63130	-0.44465	-2.10868
6023.352	0.34809	-1.59897	-0.44688	-2.25366
6027.339	0.37442	-1.41611	-0.30210	-2.22330
6031.349	0.35216	-1.96819	-0.35362	-2.40526
6035.372	0.39226	-1.95276	-0.32476	-2.36572
6039.349	0.41762	-1.95529	-0.30411	-2.36191
6043.309	0.46396	-1.89102	-0.29501	-2.33155
6047.354	0.58272	-1.58991	-0.26594	-2.30602
6051.375	0.40742	-2.02575	-0.26458	-2.24673
6055.350	0.44460	-2.00023	-0.25684	-2.13011
6059.351	0.43038	-2.10461	-0.30195	-1.87462
6063.352	0.42120	-2.29410	-0.29121	-1.57564
6067.346	0.43574	-2.15712	-0.34891	-2.15208
6071.324	0.46170	-2.18693	-0.46311	-2.02906
6075.352	0.50361	-2.10754	-0.48016	-1.90851
6079.353	0.43150	-1.93838	-0.43678	-1.89408
6083.378	0.45065	-1.92289	-0.43671	-1.79273
6087.357	0.36464	-2.03149	-0.36613	-1.76474
6091.350	0.41832	-1.90654	-0.46420	-1.76626
6095.356	0.44227	-1.84699	-0.43740	-1.81614
6099.376	0.45929	-1.90626	-0.44778	-1.67135
6103.356	0.43524	-1.71855	-0.57985	-1.87185
6107.355	0.47957	-1.61302	-0.62866	-1.89511
6111.346	0.48294	-1.61349	-0.47296	-1.80640
6115.375	0.36258	-1.50893	-0.37769	-1.73557
6119.354	0.38474	-1.52231	-0.29826	-1.71279
6123.352	0.43946	-1.50197	-0.41070	-1.65775
6127.354	0.32479	-1.53740	-0.40708	-1.59653
6131.376	0.39003	-1.42008	-0.68471	-1.61371
6135.315	0.32513	-1.40164	-0.51783	-1.62717
6139.353	0.32774	-1.37357	-0.42241	-1.68178
6143.351	0.30913	-1.55771	-0.55106	-1.70981
6147.380	0.25617	-1.37843	-0.38268	-1.67727
6151.357	0.23971	-1.45340	-0.21678	-1.65910
6155.319	0.25470	-1.44173	-0.13781	-1.72267
6159.355	0.30575	-1.44972	-0.21946	-1.78740
6163.378	0.26952	-1.43698	-0.34531	-1.78560
6167.353	0.28535	-1.56973	-0.34035	-1.81335
6171.354	0.30064	-1.77662	-0.26763	-1.87416
6175.353	0.29141	-1.67461	-0.30141	-1.90520
6179.377	0.29267	-1.71110	-0.34459	-1.91083
6183.354	0.28021	-1.85057	-0.35653	-1.90988
6187.359	0.29900	-1.78789	-0.33032	-1.90137
6191.357	0.27664	-1.89004	-0.35712	-1.89809
6195.362	0.28612	-1.96649	-0.40834	-1.89466
6199.353	0.27508	-2.04802	-0.47391	-1.89273
6203.318	0.26848	-2.07154	-0.48428	-1.91509
6207.355	0.27324	-2.01843	-0.46403	-1.93349
6211.377	0.28659	-2.01687	-0.54044	-1.99089
6215.358	0.29689	-2.02650	-0.60109	-2.02075
6219.320	0.33635	-1.73659	-0.60094	-2.06046
6223.351	0.38301	-1.71990	-0.50582	-2.12079
6227.377	0.38593	-1.67869	-2.35786	-4.52012
6231.353	0.31047	-1.67932	-1.63960	-4.71815
6235.343	0.35635	-1.78703	-0.55719	-2.10522
6239.344	0.42976	-1.79258	-0.60059	-2.06972
6243.355	0.45758	-1.74722	-0.58560	-2.11677
6247.354	0.41313	-1.82359	-0.48771	-2.13941
6251.357	0.33307	-1.82688	-0.79139	-1.93652
6255.355	0.36856	-1.87538	-0.68176	-1.87116
6259.356	0.47607	-1.82094	-0.57176	-1.94082
6263.357	0.46880	-1.81851	-0.59791	-1.81520
6267.353	0.30918	-1.77878	-0.42363	-1.74184
6271.317	0.28096	-1.82411	-0.45279	-1.85212
6275.358	0.39097	-1.84380	-0.56056	-1.90576
6279.334	0.43763	-1.74216	-0.53761	-1.90748
6283.317	0.53431	-1.72870	-0.42710	-2.04451
6287.363	0.60672	-1.74812	-0.36424	-2.04390
6291.361	0.39169	-1.71595	-0.34352	-2.07711
6295.354	0.46989	-1.77623	-0.34727	-2.04619
6299.357	0.48071	-1.77546	-0.68908	-1.98406
6303.358	0.40996	-1.83965	-0.58756	-1.93523
6307.359	0.43634	-1.76860	-0.60275	-1.85193
6311.357	0.41507	-1.79355	-0.77469	-1.86693
6315.360	0.42507	-1.80383	-0.82406	-1.85988
6319.353	0.48297	-1.85102	-0.80024	-1.83877
6323.371	0.45247	-1.86431	-0.73521	-1.80231
6327.354	0.33149	-1.93548	-0.74364	-1.70433
6331.352	0.30717	-1.92166	-0.78876	-1.66015
6335.355	0.30749	-1.97145	-0.87860	-1.62893
6339.324	0.32228	-1.98097	-0.90160	-1.56561
6343.354	0.21006	-1.94930	-0.80153	-1.51135
6347.319	0.22917	-1.90663	-0.61930	-1.56089
6351.355	0.31419	-1.92858	-0.63531	-1.51937
6355.359	0.85932	-1.90846	0.19412	-1.46776
6359.359	1.09924	-1.88185	0.09848	-1.10878
6363.322	0.97462	-1.73702	-0.06758	-1.21598
6367.356	1.08753	-1.72231	-0.20281	-1.14581
6371.360	1.17721	-1.69279	-0.19737	-1.09645
6375.357	1.22142	-1.62709	-0.13176	-1.09474
6379.358	1.31446	-1.59520	-0.08634	-1.07418
6383.355	1.24533	-1.44940	-0.03762	-1.03103
6387.361	1.37392	-1.48673	0.00849	-1.08752
6391.324	1.35931	-1.55680	0.13895	-1.04685
6395.356	1.36972	-1.46253	0.34454	-1.17816
6399.358	1.40284	-1.50208	0.34836	-1.19192
6403.341	1.41043	-1.43785	-4.93617	-4.81353
6407.356	1.41943	-1.42516	-5.05787	-4.71746
6411.357	1.49822	-1.47844	-5.20169	-4.62921
6415.358	1.53203	-1.43912	0.24649	-1.43915
6419.361	1.57248	3.35554	0.23887	-1.49552
6423.358	1.48734	-1.69447	0.33320	-1.75861
6427.357	1.52474	-1.77778	0.37693	-1.96220
6431.358	1.54100	-1.70048	0.47465	-1.87409
6435.356	1.54887	-1.61115	0.53813	-1.97762
6439.356	1.65034	-1.67260	0.67268	-2.01410
6443.347	1.43622	-1.65675	0.50359	-1.95976
6447.349	1.18490	-1.53563	0.56429	-1.97086
6451.359	1.38704	-1.42992	0.64255	-1.91064
6455.357	1.38716	-1.41056	0.53193	-1.93488
6459.359	1.34078	-1.28582	0.43301	-1.92371
6463.321	1.47446	-1.29322	0.48691	-1.90588
6467.353	1.49178	-1.18833	0.52359	-1.88874
6471.321	1.54658	-1.13668	0.50887	-1.80105
6475.358	1.56724	-1.01679	0.42120	-1.68956
6479.364	1.02134	-1.12000	0.38224	-1.69805
6483.364	1.04540	-1.10087	0.41229	-1.70440
6487.358	1.04094	-1.10192	0.47522	-1.74997
6491.363	1.21913	-1.18812	0.41512	-1.65068
6495.357	1.06982	-1.23395	0.33990	-1.66348
6499.363	0.92398	-1.38007	0.37032	-1.61441
6503.358	0.85498	-1.46549	0.34201	-1.57166
6507.360	0.82702	-1.55087	0.36764	-1.49163
6511.358	0.93296	-1.56721	0.25520	-1.39199
6515.362	0.99750	-1.48557	0.33171	-1.18832
6519.359	0.95519	-1.54044	0.40812	-1.26702
6523.360	1.16007	-1.51124	0.41388	-1.29054
6527.356	1.18527	-1.55095	0.37953	-1.16457
6531.356	1.20581	-1.53832	0.34804	-1.14525
6535.355	1.20695	-1.49455	0.28940	-1.09548
6539.359	1.26386	-1.56644	0.26386	-1.07307
6543.361	1.37578	-1.50212	0.23284	-1.14417
6547.259	1.36020	-1.48034	0.22579	-1.17720
6551.358	1.39515	-1.43975	0.14784	-1.23533
6555.361	1.42077	-1.39912	0.27503	-1.22966
6559.358	1.37022	-1.43716	0.34149	-1.34598
6563.258	1.35544	-1.47773	0.33489	-1.41075
6567.358	1.28150	-1.51504	0.33506	-1.48053
6571.357	1.34304	-1.47814	0.35963	-1.49006
6575.355	1.31339	-1.51147	0.35856	-1.54514
6579.365	1.43448	-1.58557	0.39080	-1.59802
6583.360	1.48935	-1.56530	0.43219	-1.63612
6587.358	1.52372	-1.61665	0.44599	-1.63883
6591.361	1.54415	-1.61942	0.46234	-1.67264
6595.363	1.53319	-1.52836	0.48048	-1.66794
6599.362	1.48709	-1.55145	0.47284	-1.66675
6603.360	1.53081	-1.58498	0.45182	-1.58502
6607.361	1.56315	-1.42770	0.44532	-1.60861
6611.363	1.61426	-1.44859	0.42969	-1.52238
6615.362	1.59588	-1.23557	0.41623	-1.47786
6619.363	1.61483	-1.18665	0.39288	-1.45273
6623.361	1.59137	-1.25256	0.40770	-1.44436
6627.360	1.52709	-0.99900	0.36829	-1.38996
6631.361	1.48563	-1.12144	0.40058	-1.33229
6635.358	1.47804	-1.13515	0.40805	-1.24817
6639.362	1.40063	-1.28157	0.44085	-1.09171
6643.262	1.29789	-1.24401	0.52858	-1.09939
6647.361	1.17637	-0.97513	0.48433	-1.13855
6651.358	1.07654	-1.00226	0.45276	-1.08445
6655.322	1.22276	-0.99463	0.58257	-1.04245
6659.364	1.17505	-0.93991	0.62774	-1.05235
6663.361	1.14737	-0.92343	0.73156	-1.05631
6667.324	1.16002	-0.96518	0.75992	-1.10257
6671.364	1.10795	-1.08356	0.84161	-1.13760
6675.258	1.09996	-1.10418	0.82101	-1.18477
6679.324	1.02727	-1.09353	0.86793	-1.36510
6683.360	1.03526	-1.03041	0.88572	-1.46583
6687.363	1.04766	-1.09195	0.84543	-1.57901
6691.368	1.06910	-1.18933	0.85888	-1.68596
6695.329	1.02637	-1.20089	0.87150	-1.67508
6699.363	0.98179	-1.28149	0.86820	-1.75611
6703.362	0.95691	-1.28786	0.81895	-1.75573
6707.258	0.92882	-1.31392	0.81724	-1.81757
6711.362	0.87111	-1.32501	0.82650	-1.84847
6715.324	0.85711	-1.29030	0.78022	-1.86159
6719.363	0.83382	-1.21658	0.77072	-1.84641
6723.264	0.90103	-1.21015	0.78707	-1.79370
6727.362	0.89701	-1.18529	0.73374	-1.71079
6731.367	0.94572	-1.09100	0.69712	-1.62609
6735.347	1.03692	-1.07430	0.61005	-1.44499
6739.274	1.05753	-1.00400	0.53490	-1.27738
6743.361	1.12417	-1.03940	0.42393	-1.11325
6747.325	1.09790	-1.02858	0.45944	-1.26843
6751.364	1.13804	-0.98078	0.28394	-1.14227
6755.259	1.23719	-1.10537	0.31622	-1.24835
6759.364	1.28879	-1.09608	0.32280	-1.25888
6763.325	1.32500	-1.08770	-2.45681	-5.18978
6767.361	1.34718	-1.11324	-2.62316	-5.06382
6771.363	1.38339	-1.15137	-2.67026	-4.94101
6775.361	0.76171	3.51327	0.10605	-1.73061
6779.358	0.24505	3.54907	0.11548	-2.30532
6783.323	1.23843	-1.30619	0.04941	-2.07023
6787.261	1.31382	-1.40809	0.02797	-1.91282
6791.242	1.34653	-1.42421	0.03194	-1.90545
6795.234	1.17532	-1.48933	0.09292	-1.88837
6799.239	1.24054	-1.45744	0.09949	-1.84193
6803.263	1.42050	-1.48852	0.38256	-1.79013
6807.236	1.51258	-1.51301	0.97246	-1.44864
6811.203	1.46157	-1.41734	1.25942	-1.14700
6815.203	1.46117	-1.42352	0.83915	-1.10086
6819.231	1.44421	-1.24522	0.89386	-1.23245
6823.227	1.43047	-0.94138	0.70007	-1.12658
6827.231	1.34787	-0.91973	0.40134	-1.35193
6831.241	1.50730	-0.99866	0.59230	-1.30625
6835.230	1.60675	-1.07457	-5.05944	-4.83389
6839.237	1.64000	-0.95745	0.53627	-1.53492
6843.238	1.53830	-1.12293	0.37655	-1.84512
6847.242	1.49696	-1.04766	0.30528	-1.84109
6851.365	1.38458	-1.00341	0.30027	-1.83309
6855.237	1.35747	-0.98075	0.33590	-1.68955
6859.237	1.34718	-0.93823	0.30622	-1.61919
6863.240	1.31384	-0.91637	0.31575	-1.65494
6867.366	1.62743	-0.87812	0.30726	-1.56456
6871.239	1.96181	-0.87590	0.44994	-1.60446
6875.238	1.97277	-0.83448	0.48979	-1.61153
6879.238	2.03444	-0.79658	0.59066	-1.55864
6883.205	2.23078	-0.78653	0.71260	-1.43048
6887.239	2.30913	-0.73815	0.80017	-1.38856
6891.245	2.40436	-0.64940	0.96219	-1.30253
6895.239	1.77638	-1.03739	0.92219	-1.30059
6899.231	1.86575	-1.43249	1.01655	-1.26526
6903.248	1.88655	-1.55401	1.10844	-1.25097
6907.221	1.90190	-1.88329	0.86225	-1.26698
6911.239	1.81610	-1.80811	0.90039	-1.31097
6915.241	1.53327	-1.76146	0.96053	-1.32066
6919.240	1.42578	-1.97419	0.79461	-1.32643
6923.243	1.37570	-1.92974	0.68109	-1.33821
6927.239	1.33557	-1.99841	0.74930	-1.34683
6931.240	3.41056	-1.64557	0.55984	-1.34214
6935.241	3.81301	-1.58815	0.06611	-1.30252
6939.240	1.43721	-1.71270	0.12079	-1.33741
6943.242	1.37002	-1.50647	-0.02057	-1.38095
6947.231	1.34375	-1.65188	-0.00462	-1.44547
6951.203	1.44346	-1.78648	0.11309	-1.45557
6955.240	1.61748	-1.73916	0.30533	-1.60404
6959.239	1.71759	-1.93271	-0.20894	-1.74182
6963.234	1.65659	-1.52834	0.13650	-1.64801
6967.239	1.71699	-1.42104	0.15332	-1.79302
6971.209	1.82076	-1.41868	-5.78794	-4.92943
6975.242	1.83541	-1.48208	-1.98271	-4.87075
6979.239	1.85331	-1.53376	-0.24152	-4.89853
6983.240	1.85140	-1.52515	-0.17216	-4.90592
6987.241	1.82343	-1.49544	0.17174	-1.92175
6991.218	1.84357	-1.53040	0.13327	-1.83634
6995.211	1.83303	-1.37764	0.21616	-1.94123
6999.239	1.76981	-1.21344	0.26758	-1.80170
7003.240	1.73799	-1.26369	0.39373	-1.70932
7007.243	1.67236	-1.27721	0.31166	-1.63053
7011.233	1.65932	-1.32935	0.15789	-1.39669
7015.243	1.68617	-1.33197	0.11366	-1.35998
7019.240	1.74804	-1.34665	0.18891	-1.33813
7023.244	1.70008	-1.35787	0.19020	-1.22681
7027.236	1.70080	-1.37120	0.17640	-1.26623
7031.205	1.76393	-1.43664	0.14546	-1.24991
7035.232	1.70040	-1.56186	0.08021	-1.29929
7039.243	1.81317	-1.69565	0.09818	-1.28051
7043.201	1.74050	-1.86882	-0.03087	-1.25719
7047.240	1.77179	-1.97219	-0.05177	-1.31133
7051.237	1.76200	-2.07929	-0.05348	-1.35730
7055.245	1.72565	-2.04180	-0.07143	-1.43027
7059.244	1.69837	-2.07182	-0.00243	-1.44043
7063.242	1.70249	-2.07477	0.07614	-1.52461
7067.241	1.66324	-2.07702	0.36573	-1.62623
7071.243	1.51655	-2.08337	0.39311	-1.69170
7075.240	1.15714	-2.14257	0.44879	-1.73518
7079.243	1.38726	-2.03521	0.36730	-1.83832
7083.244	1.17761	-2.02297	0.30382	-1.91357
7087.207	1.31907	-1.95321	0.26699	-1.92415
7091.209	1.26205	-1.87660	0.17092	-1.92525
7095.283	1.31310	-1.83229	0.29893	-1.96264
7099.245	1.40948	-1.74483	0.32575	-1.98718
7103.243	1.37034	-1.68023	0.25949	-2.05673
7107.236	1.31481	-1.59158	0.37251	-2.09366
7111.247	1.31838	-1.57810	0.70322	-2.07923
7115.243	1.34700	-1.51957	0.46433	-2.11507
7119.238	1.34802	-1.51877	0.59297	-2.12168
7123.270	1.17369	-1.49800	0.54431	-2.12433
7127.246	1.17083	-1.61766	0.49411	-2.12720
7131.243	1.14027	-1.54687	0.50473	-2.16635
7135.243	1.25910	-1.58131	0.46547	-2.21122
7139.244	1.35886	-1.60488	0.39169	-2.23953
7143.246	1.40646	-1.70694	0.26130	-2.26598
7147.245	1.33311	-1.70175	0.20417	-2.31097
7151.245	1.33939	-1.80251	0.05286	-2.34314
7155.234	1.45485	-1.91724	-0.12627	-2.39237
7159.243	1.41859	-1.96819	-0.00807	-2.41346
7163.206	1.50031	-1.95936	-0.09532	-2.42102
7167.242	1.51345	-2.10595	-0.13148	-2.43834
7171.238	1.63507	-2.07809	-0.12501	-2.44798
7175.244	1.67531	-2.17928	-0.14903	-2.39728
7179.242	1.73869	-2.20586	-0.18864	-2.40497
7183.247	1.79120	-2.20427	-0.25532	-2.38191
7187.243	1.78401	-2.18106	-0.25460	-2.36038
7191.244	1.82611	-2.23212	-0.28349	-2.30535
7195.250	1.87852	-2.22839	-0.29741	-2.16673
7199.245	1.93740	-2.17425	-0.22415	-2.12208
7203.238	1.99250	-2.06550	-0.29123	-2.07678
7207.246	2.01972	-1.91923	-0.29471	-1.94685
7211.244	2.04376	-1.89340	-0.36710	-1.87421
7215.246	2.03600	-1.76900	-0.46592	-1.76874
7219.211	2.01189	-1.73630	-0.55635	-1.76392
7223.209	2.00043	-1.71455	-0.53682	-1.60216
7227.247	1.99260	-1.69156	-0.29577	-1.54259
7231.208	2.00576	-1.67408	-0.34913	-1.46270
7235.246	2.00063	-1.67361	-0.25237	-1.39184
7239.238	2.00626	-1.65847	-0.33839	-1.35492
7243.245	1.98680	-1.64174	-0.20013	-1.22807
7247.246	1.90292	-1.63763	-0.32558	-1.15732
7251.247	1.81662	-1.69128	-0.22447	-1.13083
7255.245	1.85085	-1.68284	-0.25195	-1.12345
7259.245	1.77464	-1.70507	-0.29860	-1.10062
7263.204	1.85452	-1.66981	-0.19735	-1.07161
7267.240	1.86432	-1.63498	-0.04822	-1.09783
7271.245	1.90180	-1.58447	-0.06194	-1.10220
7275.244	1.93782	-1.49750	-0.00310	-1.12902
7279.243	2.06803	-1.35046	-0.03606	-1.13968
7283.238	2.02795	-1.12847	-0.01913	-1.09897
7287.248	2.10449	-0.98458	-0.24172	-0.96112
7291.212	2.07484	-0.65680	-0.54302	-0.77675
7295.248	2.19990	-0.32424	-0.56759	-0.49891
7299.242	2.26168	-0.59001	-0.27714	-0.70475
7303.245	2.38316	-0.63894	-0.11056	-0.59166
7307.248	2.55465	3.61638	-0.10942	-0.67639
7311.247	2.58294	3.68427	-0.35618	-0.36177
7315.245	2.58088	-0.61469	-0.40403	-0.40599
7319.249	2.57105	-0.49520	-0.40045	-0.32812
7323.230	2.58677	-0.56835	-0.46232	-0.33679
7327.248	2.67397	-0.67570	-0.45994	-0.22898
7331.238	2.55911	-0.74573	-0.63320	-0.17860
7335.249	2.55012	-0.88475	-0.50768	-0.14298
7339.247	0.16610	3.81418	-0.43487	-0.16102
7343.212	-0.05837	4.02108	-0.60049	-0.08200
7347.240	0.00481	3.98370	-0.54979	-0.07405
7351.245	0.04261	4.09736	-0.49818	-0.02746
