time (ms)	lx (deg)	ly (deg)	rx (deg)	ry (deg)
0.000	NaN	NaN	NaN	NaN
4.005	NaN	NaN	NaN	NaN
8.002	NaN	NaN	NaN	NaN
12.003	NaN	NaN	NaN	NaN
15.968	NaN	NaN	NaN	NaN
20.001	NaN	NaN	NaN	NaN
24.006	NaN	NaN	NaN	NaN
28.005	NaN	NaN	NaN	NaN
32.002	NaN	NaN	NaN	NaN
36.001	NaN	NaN	NaN	NaN
40.010	NaN	NaN	NaN	NaN
43.971	NaN	NaN	NaN	NaN
48.001	NaN	NaN	NaN	NaN
52.002	NaN	NaN	NaN	NaN
55.968	NaN	NaN	-0.44095	14.31685
60.001	8.22650	7.09435	-0.58617	13.42609
64.005	8.84726	6.09932	-1.16386	7.64644
68.006	8.53923	4.71558	-4.29574	5.01543
72.005	8.48525	2.98222	NaN	NaN
76.008	3.52118	0.06783	NaN	NaN
79.993	-3.83220	0.22934	-1.94669	1.07609
84.003	-4.12710	0.80258	-4.53157	1.15593
88.004	-3.63473	0.22039	-1.32738	0.61967
92.006	-3.96219	0.00248	-0.99184	0.10167
95.970	-0.40102	-0.18475	-1.62594	-0.02181
100.003	-0.56582	-0.40104	-1.13739	-0.32362
104.004	0.37032	-0.37874	-1.30687	-0.55954
108.004	1.68372	-0.29898	-1.54929	-0.32766
111.965	0.04993	-0.50532	-2.81580	-0.42954
115.999	0.14608	-0.56348	-4.03878	-0.26864
120.007	-0.21698	-0.45443	-2.03947	-0.47952
124.004	-0.17558	-0.53446	-1.18470	-0.56466
127.972	0.62933	-0.46144	-1.45113	-0.55797
132.008	1.08721	-0.50679	-1.26071	-0.58610
136.006	0.80260	-0.47190	-1.26170	-0.53597
140.006	0.60359	-0.44077	-0.65863	-0.54834
144.006	0.83396	-0.33413	-0.53813	-0.48172
148.001	0.73407	-0.44948	-0.63923	-0.41870
152.009	0.82315	-0.30004	-0.57243	-0.39883
156.005	0.92202	-0.46046	-0.65811	-0.33472
160.010	0.80471	-0.64564	-0.55778	-0.29887
163.999	0.91907	-0.48436	-0.53488	-0.18246
168.006	1.03253	-0.55117	-0.60354	-0.12026
172.006	1.10819	-0.67467	-0.62230	-0.08272
175.970	0.97405	-0.64837	-0.56587	-0.08004
179.965	1.00615	-0.77510	-0.61344	-0.12787
184.010	1.05615	-0.71458	-0.85471	-0.12455
188.005	1.04555	-0.69799	-0.79734	-0.15648
192.006	1.03987	-0.61273	-0.86086	-0.22210
196.011	0.95755	-0.68163	-0.90004	-0.23303
200.005	0.97626	-0.57575	-0.85359	-0.40578
203.996	0.96777	-0.52502	-0.96430	-0.65925
208.009	0.88994	-0.41897	-0.93770	-0.60947
211.979	0.84751	-0.43493	-0.92676	-0.56629
216.005	0.74508	-0.48008	-0.95559	-0.64087
220.005	0.85096	-0.46596	-0.79801	-0.63709
224.011	0.67446	-0.53691	-0.76704	-0.59797
228.010	0.62791	-0.59555	-0.71650	-0.61614
232.011	0.60086	-0.72500	-0.70171	-0.61929
235.971	0.76670	-0.93314	-0.66635	-0.59860
239.970	0.58521	-0.93005	-0.64503	-0.58422
244.041	0.68883	-0.87366	-0.68913	-0.54210
247.976	0.77350	-0.82481	-0.72508	-0.50118
252.009	0.86682	-0.74222	-0.91480	-0.42538
256.007	0.81526	-0.92799	-0.80287	-0.41304
260.018	0.85741	-0.96623	-0.59052	-0.39791
264.009	0.84369	-1.01107	-1.70028	-0.31805
268.003	0.70012	-1.02218	-2.42649	-0.14603
272.005	0.80344	-1.07062	-4.76340	-1.57668
275.909	0.73270	-0.95461	-0.84042	-0.17740
280.008	0.66699	-0.78677	-0.77503	-0.15986
284.008	0.68159	-0.69813	-0.55441	0.00465
288.009	0.68685	-0.75415	-0.71422	0.02264
291.899	0.57994	-0.59029	-0.70203	0.11847
296.008	0.60022	-0.71444	-0.83394	0.19954
300.010	0.62672	-0.75657	-0.60198	0.28065
304.011	0.67997	-0.69689	-0.74332	0.44421
308.010	0.81997	-0.63811	-0.70528	0.67122
312.012	0.96859	-0.58557	-0.83116	0.64057
316.007	0.79732	-0.58502	-0.94189	0.51134
320.006	0.87163	-0.63857	-0.85515	0.57383
324.011	0.92056	-0.63603	-0.69355	0.60576
328.008	0.85230	-0.65082	-0.86798	0.63060
332.004	1.01779	-0.66637	-0.98050	0.58604
336.010	1.01528	-0.67839	-0.91701	0.59106
340.013	1.09849	-0.67554	-0.98328	0.53727
343.977	1.04833	-0.70156	-1.03099	0.40812
348.012	1.16247	-0.64686	-1.06178	0.41759
352.009	1.18329	-0.67118	-1.25158	0.42521
355.908	0.99008	-0.64809	-1.06875	0.38496
360.011	0.95467	-0.61068	-0.96457	0.32870
363.973	1.04699	-0.57842	-1.04362	0.23819
368.013	0.93495	-0.49348	-1.01139	0.18221
371.941	0.89014	-0.48899	-0.99864	0.11006
375.972	0.92507	-0.50222	-1.14516	0.15940
380.009	0.85602	-0.49150	-1.21819	0.15731
384.010	0.94532	-0.61121	-1.24176	0.08479
387.910	0.97239	-0.58494	-0.95993	0.14418
392.007	0.86652	-0.62213	-1.02169	0.10952
396.009	0.90145	-0.58314	-1.01104	0.13392
400.009	0.88900	-0.60657	-0.97278	0.08736
403.906	0.92815	-0.67806	-1.04238	0.10614
408.011	0.88907	-0.73451	-0.84865	0.08758
411.998	0.94693	-0.71937	-0.71293	0.11822
416.002	1.01615	-0.80223	-0.79245	0.18824
419.906	0.95460	-0.81476	-0.80702	0.16908
424.012	1.04533	-0.83011	-0.60282	0.44988
428.011	1.03300	-0.82244	-0.63717	0.52338
432.010	1.03335	-0.89236	-1.02223	0.62612
435.910	1.06595	-0.80246	-1.07488	0.61923
440.011	1.04300	-0.86670	-0.89326	0.63027
444.010	1.04967	-0.88133	-1.04111	0.40171
448.012	1.06207	-0.81622	-1.16027	0.34751
451.911	1.05371	-0.87184	-1.07319	0.58167
456.010	1.01913	-0.98313	-1.13933	0.60103
460.010	1.03540	-1.07678	-1.11551	0.75856
464.013	1.04253	-1.10713	-0.99380	0.79105
467.913	1.04257	-1.04497	-1.18666	0.76390
472.009	1.05061	-1.09387	-1.21050	0.63982
476.009	1.05907	-1.09938	-1.12194	0.56112
479.977	1.07555	-1.16297	-1.11519	0.69335
484.013	1.11415	-1.26351	-1.12015	0.62352
488.011	1.05724	-1.14381	-1.12506	0.66580
491.976	1.02253	-1.29791	-1.08822	0.59084
495.995	0.94582	-1.32819	-1.05758	0.59442
500.016	0.85992	-1.27341	-1.04850	0.62088
504.013	0.99769	-1.21456	-1.05798	0.56028
508.008	0.97956	-1.18037	-1.10919	0.48150
512.007	0.98874	-1.22452	-1.04999	0.34927
515.908	1.08887	-1.27445	-1.01015	0.29648
520.010	1.00511	-1.31610	-1.12983	0.36936
524.010	1.03960	-1.32239	-1.06912	0.26482
528.015	1.28958	-1.15489	-1.12482	0.27271
531.910	1.34204	-1.13639	-1.13561	0.17478
536.008	1.06949	-0.73877	-1.12164	0.29353
540.007	1.12191	-0.04738	-1.18847	0.37134
544.010	0.74397	0.23540	-1.04979	0.39163
547.879	0.74928	0.07715	-1.05791	0.34633
552.009	0.59727	0.15517	-0.93192	0.29765
556.014	0.63203	-0.07511	-1.12157	0.21306
560.012	0.97445	-0.14853	-1.28918	0.15547
564.015	0.95256	-0.31064	-1.13501	0.22737
568.014	0.79218	-0.38557	-1.09629	0.31612
572.013	0.89322	-0.47557	-1.14236	0.16017
576.017	0.80027	-0.71533	-1.25882	0.22321
579.915	0.77101	-0.70882	-1.32118	0.14943
584.012	0.83280	-0.73308	-1.22769	0.06832
588.013	0.88240	-0.73707	-1.23950	0.00788
592.013	0.78240	-0.68611	-1.23268	-0.07483
595.911	0.81999	-0.65863	-1.21960	-0.13145
600.014	0.82975	-0.63759	-1.18177	-0.17701
604.013	0.82694	-0.58079	-1.06582	-0.15590
608.011	0.81749	-0.60415	-1.07083	-0.18805
611.917	0.81642	-0.48003	-1.00462	-0.22271
615.976	0.80461	-0.40015	-0.98425	-0.22266
620.012	0.86309	-0.42491	-0.91125	-0.28376
624.004	0.88111	-0.30710	-0.88051	-0.31872
627.912	0.85074	-0.33316	-0.87488	-0.29353
632.013	0.80848	-0.30191	-0.82394	-0.35505
635.887	0.80397	-0.27694	-0.79682	-0.33272
640.013	0.78957	-0.32569	-0.81982	-0.20474
643.911	0.81722	-0.45550	-0.87543	-0.14774
647.886	0.88461	-0.38494	-0.87034	0.07081
651.892	0.79580	-0.41881	-0.87342	0.25775
655.888	0.66392	-0.44521	-0.97598	0.38547
659.856	0.65508	-0.38580	-0.93688	0.37499
663.892	0.56436	-0.29211	-0.99886	0.32999
667.871	0.57831	-0.30145	-0.95616	0.15834
671.890	0.59486	-0.24289	-0.89939	0.02741
675.881	0.54627	-0.22306	-0.94495	0.05883
679.891	0.50929	-0.19317	-0.93832	0.18960
683.856	0.55706	-0.24078	-0.88349	-0.07717
687.891	0.45396	-0.21355	-0.86490	-0.11009
691.880	0.33166	-0.17702	-0.97402	-0.04035
695.891	0.42988	-0.43337	-0.80523	-0.09956
699.887	0.53079	-0.28697	-0.90346	-0.25974
703.893	0.55287	-0.27362	-0.94140	-0.12177
707.881	0.55813	-0.26972	-0.97085	-0.09004
711.881	0.53610	-0.30553	-0.91924	-0.13012
715.891	0.61965	-0.24681	-0.83741	-0.07350
719.889	0.55411	-0.05755	-0.82439	0.00191
723.885	0.54850	-0.23792	-0.91924	0.00571
727.894	0.56153	-0.02055	-1.02588	0.11714
731.887	0.57525	0.04848	-1.08227	0.07478
735.850	0.64493	0.08185	-1.18681	0.05796
739.881	0.63156	0.18998	-1.10341	-0.01891
743.889	0.58597	0.27504	-1.13690	-0.01555
747.890	0.54994	0.34804	-1.13283	-0.07550
751.853	0.52473	0.37523	-1.02933	-0.18070
755.862	0.54773	0.35801	-1.05034	-0.35347
759.892	0.50743	0.40795	-0.92902	-0.25415
763.891	0.50406	0.41225	-1.02069	-0.39061
767.888	0.48051	0.40554	-0.90825	-0.41500
771.890	0.43006	0.40718	-1.06344	-0.45743
775.890	0.42909	0.36499	-0.93224	-0.49534
779.889	0.36864	0.33876	-0.86860	-0.51890
783.889	0.39005	0.30062	-0.81399	-0.55227
787.922	0.39641	0.23735	-0.82640	-0.57006
791.878	0.39760	0.21330	-0.77642	-0.60882
795.881	0.38973	0.18152	-0.70243	-0.61910
799.854	0.36318	0.10096	-0.68511	-0.60610
803.881	0.35958	0.12742	-0.71804	-0.63132
807.890	0.35712	0.05054	-0.68513	-0.66419
811.891	0.38534	0.09293	-0.69486	-0.69701
815.892	0.39263	0.01901	-0.67166	-0.63580
819.882	0.40000	0.00286	-0.67240	-0.63234
823.892	0.43239	0.00477	-0.71744	-0.54831
827.898	0.41753	-0.00877	-0.77292	-0.47288
831.891	0.40829	-0.06200	-0.82731	-0.44966
835.882	0.46768	-0.04788	-0.98323	-0.40212
839.856	0.55300	-0.06699	-1.00290	-0.41913
843.892	0.63481	-0.02182	-0.94026	-0.28600
847.893	0.60004	-0.02124	-0.77501	-0.26275
851.892	0.70300	-0.01476	-0.72372	-0.22402
855.891	0.79459	-0.05106	-0.45778	-0.24799
859.893	0.61930	-0.10235	0.12617	-0.20764
863.889	0.81392	-0.11710	-0.74908	-0.22216
867.893	0.87664	-0.22205	-0.41231	-0.37247
871.894	0.79014	-0.18357	-0.61206	-0.29400
875.892	0.96388	-0.30533	-0.74233	-0.32360
879.891	0.77151	-0.28161	-0.96998	-0.28105
883.871	0.72017	-0.21453	-0.87997	-0.25524
887.895	0.71436	-0.22449	-0.75851	-0.19209
891.894	0.72131	-0.28716	-0.94465	-0.20694
895.891	0.69030	-0.30368	-0.84434	-0.25592
899.884	0.67893	-0.38105	-0.80875	-0.17768
903.893	0.70727	-0.30716	-0.75744	-0.21970
907.891	0.74307	-0.35325	-0.82414	-0.27450
911.891	0.79305	-0.41511	-0.93959	-0.28828
915.883	0.77372	-0.49181	-0.90949	-0.41721
919.885	0.80836	-0.40738	-0.80168	-0.39381
923.854	0.79923	-0.30854	-0.91582	-0.51221
927.900	0.85897	-0.29060	-0.91024	-0.61660
931.895	0.81915	-0.43409	-0.90981	-0.54692
935.893	0.82645	-0.33831	-0.83801	-0.65063
939.856	1.04200	-0.49006	-0.74119	-0.67313
943.895	0.99278	-0.41297	-0.74057	-0.73109
947.885	0.99814	-0.34448	-0.83118	-0.71825
951.892	1.04287	-0.36226	-0.75109	-0.75680
955.891	0.97792	-0.27750	-0.65881	-0.70089
959.864	1.03037	-0.27310	-0.54932	-0.66205
963.861	1.08175	-0.20542	-0.55369	-0.67139
967.892	1.11353	-0.24072	-0.57960	-0.64142
971.895	1.22514	-0.28083	-0.68429	-0.64832
975.893	1.22700	-0.24180	-0.65198	-0.68094
979.886	1.22216	-0.31019	-0.69124	-0.68175
983.893	1.18765	-0.27298	-0.69352	-0.68357
987.891	0.96839	-0.19553	-0.64104	-0.59950
991.855	1.06379	-0.22171	-0.61791	-0.69617
995.889	0.90756	0.06067	-0.65699	-0.65696
999.892	0.40534	-0.06476	-0.83166	-0.60179
1003.893	0.27029	-0.25664	-0.88686	-0.63937
1007.893	0.62441	-0.24604	-0.92197	-0.70502
1011.893	0.85287	-0.24213	-0.83858	-0.85225
1015.870	0.80657	-0.26163	-0.72501	-0.81076
1019.892	0.64382	-0.19207	-0.84731	-0.91184
1023.857	0.78503	-0.25694	-0.84672	-0.55215
1027.885	0.84381	-0.20936	-0.97040	-0.68772
1031.895	0.89188	-0.33718	-0.97008	-0.77851
1035.896	0.90498	-0.56481	-0.94971	-0.61729
1039.858	0.81163	-0.59580	-0.87158	-0.75367
1043.886	0.97737	-0.55235	-0.96380	-0.73542
1047.861	0.94701	-0.64927	-0.88401	-0.85373
1051.856	0.95361	-0.62822	-0.91048	-0.94155
1055.894	0.89855	-0.53278	-1.02714	-0.90764
1059.894	0.90448	-0.44459	-1.03220	-0.84765
1063.893	0.87195	-0.52526	-0.98360	-0.86143
1067.898	0.88475	-0.52233	-0.99186	-0.69497
1071.895	0.90689	-0.67876	-0.91463	-0.53653
1075.897	0.91066	-0.51562	-0.87024	-0.58663
1079.898	0.88947	-0.31669	-0.93589	-0.57939
1083.873	1.00382	-0.42274	-0.99293	-0.51270
1087.896	0.98871	-0.43916	-0.94410	-0.35899
1091.862	1.01203	-0.42534	-0.99139	-0.39928
1095.897	1.03794	-0.44069	-0.91942	-0.48121
1099.895	1.06274	-0.51641	-0.93867	-0.38138
1103.895	1.16461	-0.68402	-0.91277	-0.50098
1107.897	1.11271	-0.81442	-0.89292	-0.49040
1111.898	1.00903	-0.80275	-0.89237	-0.45433
1115.894	1.09152	-0.69100	-0.74675	-0.60282
1119.900	0.90289	-0.62967	-0.94001	-0.60179
1123.885	1.22174	-0.74991	-0.99817	-0.57374
1127.863	1.14129	-0.69923	-0.87736	-0.70167
1131.899	0.96164	-0.62594	-0.76330	-0.62160
1135.893	0.99095	-0.92842	-0.77841	-0.73801
1139.895	1.28946	-0.85791	-0.77632	-0.78337
1143.898	1.64942	-1.47595	-0.44874	-1.54808
1147.896	2.22285	-2.39177	0.28158	-2.06261
1151.898	3.01304	-2.20393	0.73573	-1.56580
1155.890	3.03410	-2.24995	1.03429	-1.93137
1159.861	2.84861	-2.69206	0.87739	-2.07381
1163.898	2.28764	-2.79672	0.75858	-1.92928
1167.869	1.97602	-2.41027	0.91331	-1.82435
1171.900	2.51814	-1.87224	0.82545	-2.07517
1175.898	2.27595	-2.70736	0.85374	-1.86488
1179.860	2.61872	-2.75578	0.95566	-2.08949
1183.898	2.51440	-2.63788	1.01367	-1.84407
1187.895	2.32637	-2.70427	1.04890	-2.03197
1191.896	2.50635	-2.15328	1.11534	-2.03587
1195.897	2.38353	-2.52275	1.17150	-2.09915
1199.899	2.42502	-2.71710	1.06523	-2.07813
1203.890	2.42639	-2.69800	1.06602	-2.11758
1207.882	2.54516	-2.74249	1.07329	-2.15243
1211.897	2.55713	-2.48852	0.97536	-2.18622
1215.902	2.62182	-2.60498	1.09212	-2.23074
1219.889	2.41526	-2.49451	0.95204	-2.19338
1223.897	2.51433	-2.52500	0.98953	-2.20854
1227.897	2.43771	-2.52988	1.00003	-2.25353
1231.900	2.50940	-2.50157	0.95413	-2.20744
1235.890	2.47737	-2.60265	0.92991	-2.11092
1239.899	2.46999	-2.68793	0.92505	-2.16568
1243.878	2.39034	-2.62246	0.95063	-2.25733
1247.898	2.38088	-2.55781	0.89029	-2.27670
1251.901	2.36881	-2.35794	0.98060	-2.30665
1255.897	2.40523	-2.42437	0.96767	-2.27546
1259.897	2.32132	-2.50678	0.99114	-2.33668
1263.900	2.38695	-2.34140	1.09472	-2.37562
1267.900	2.28995	-2.52571	1.13531	-2.41406
1271.899	2.26760	-2.50305	1.10286	-2.40404
1275.901	2.24772	-2.54745	1.15940	-2.42262
1279.899	2.33313	-2.55225	1.14553	-2.47954
1283.889	2.35776	-2.68270	1.15781	-2.55838
1287.899	2.36705	-2.70434	1.15208	-2.54706
1291.900	2.48993	-2.68705	1.18053	-2.63051
1295.861	2.63737	-2.61340	1.18820	-2.61493
1299.902	2.54189	-2.59910	1.17947	-2.60706
1303.862	2.61677	-2.66484	1.18277	-2.57926
1307.899	2.64619	-2.89162	1.19028	-2.54878
1311.902	2.74801	-2.94668	1.12965	-2.48583
1315.905	2.61511	-3.09869	1.16818	-2.38313
1319.898	2.62254	-3.20356	1.09460	-2.42029
1323.897	2.64938	-3.21997	1.02337	-2.21921
1327.902	2.78528	-3.14530	0.99005	-2.30186
1331.907	2.73776	-3.30519	0.88406	-2.21947
1335.891	2.72692	-3.30871	0.93306	-2.25660
1339.898	2.66295	-3.16369	1.02677	-2.16507
1343.900	2.64200	-3.26735	1.24719	-2.11769
1347.796	2.61850	-3.21653	1.31533	-2.06462
1351.900	2.58925	-3.12465	1.19128	-2.07420
1355.897	2.50514	-3.13057	1.09854	-2.08039
1359.901	2.29322	-3.12739	0.91810	-2.10472
1363.903	0.61697	-2.97361	-1.28698	-1.94510
1367.900	-0.72814	-2.64427	-1.65664	-2.07023
1371.900	-0.41363	-1.75172	-2.73420	-1.95478
1375.870	-0.86654	-2.60954	-2.54784	-1.96430
1379.904	-0.66603	-2.26570	-1.95772	-1.84428
1383.899	-0.51942	-2.27695	-1.98095	-1.81605
1387.901	-0.49565	-2.15209	-1.74166	-1.90899
1391.897	-0.55659	-2.25942	-1.69059	-1.93710
1395.903	-0.64330	-2.01136	-1.75384	-1.81050
1399.900	-0.68491	-1.95600	-1.98725	-1.65025
1403.899	-0.77451	-2.06212	-2.04738	-1.42754
1407.899	-0.75759	-1.97629	-2.01704	-1.55042
1411.906	-0.74826	-2.12221	-2.12667	-1.39938
1415.885	-0.72228	-2.11011	-2.07921	-1.27557
1419.898	-0.72997	-2.14956	-2.15485	-1.33900
1423.900	-0.73546	-2.12775	-1.99354	-1.49840
1427.908	-0.75918	-2.10297	-2.12491	-1.45773
1431.864	-0.77419	-2.10721	-2.11918	-1.56439
1435.899	-0.81009	-2.05004	-2.08954	-1.54310
1439.899	-0.85763	-2.02808	-2.19075	-1.44563
1443.903	-0.82178	-2.14899	-2.15053	-1.31622
1447.901	-0.85458	-2.12302	-2.08183	-1.72161
1451.900	-0.88475	-2.11276	-2.06929	-1.54245
1455.901	-0.80573	-2.21056	-2.12104	-1.59205
1459.903	-0.80151	-2.16784	-2.12850	-1.46780
1463.900	-0.86483	-2.14991	-2.02366	-1.72656
1467.902	-0.83520	-2.04370	-2.02507	-1.60622
1471.900	-0.88729	-2.09665	-1.92877	-1.78385
1475.902	-0.92120	-2.21218	-1.87855	-1.81444
1479.903	-0.92944	-2.22133	-1.96333	-1.75694
1483.900	-0.92128	-2.21674	-1.94826	-1.82209
1487.879	-0.94457	-2.25374	-1.95292	-1.89489
1491.904	-0.93842	-2.32256	-1.84391	-1.85098
1495.905	-0.93157	-2.33189	-1.75657	-2.03001
1499.888	-0.97956	-2.28922	-1.66001	-2.04006
1503.903	-0.96715	-2.19550	-1.54353	-2.03117
1507.901	-0.93262	-2.21711	-1.37942	-2.10089
1511.899	-0.96829	-2.30830	-1.35958	-2.19850
1515.866	-0.96924	-2.31636	-1.32875	-2.18503
1519.903	-0.99147	-2.39728	-1.31813	-2.16296
1523.908	-1.15081	-2.31975	-1.41787	-2.13799
1527.902	-0.91500	-2.27095	-1.44758	-2.06967
1531.905	-1.04002	-2.21111	-1.44173	-1.92996
1535.902	-0.84113	-2.11325	-1.58602	-1.83812
1539.899	-0.93755	-2.06479	-1.65726	-1.65551
1543.894	-1.05853	-2.06022	-1.79646	-1.66520
1547.905	-1.04592	-2.07752	-1.80975	-1.51816
1551.903	-1.08718	-2.10486	-1.75962	-1.47020
1555.904	-1.06746	-2.20273	-1.83523	-1.41467
1559.902	-1.12633	-2.19953	-1.86828	-1.42951
1563.903	-1.15630	-2.31587	-1.89357	-1.41405
1567.903	-1.07850	-2.42110	-1.90353	-1.36050
1571.904	-1.09311	-2.41099	-1.92468	-1.37781
1575.906	-1.03533	-2.40052	-1.92780	-1.41722
1579.903	-0.96802	-2.50656	-1.91826	-1.48730
1583.900	-1.02196	-2.61850	-1.90388	-1.54476
1587.909	-0.91423	-2.56297	-1.88440	-1.48703
1591.905	-0.93654	-2.62804	-1.85004	-1.56739
1595.904	-0.92592	-2.65700	-1.85388	-1.57876
1599.902	-0.88493	-2.56738	-1.83905	-1.58813
1603.905	-0.90274	-2.56243	-1.82095	-1.63869
1607.902	-0.94261	-2.58859	-1.83608	-1.60950
1611.905	-0.95036	-2.51233	-1.84381	-1.63751
1615.906	-0.96003	-2.50337	-1.83417	-1.57046
1619.908	-1.00199	-2.50723	-1.83189	-1.56791
1623.892	-1.08770	-2.44643	-1.82056	-1.51900
1627.904	-1.07579	-2.43112	-1.81676	-1.47748
1631.908	-1.12946	-2.39201	-1.77846	-1.50375
1635.912	-1.17324	-2.32327	-1.74903	-1.46904
1639.866	-1.18034	-2.27227	-1.69820	-1.47015
1643.866	-1.23193	-2.21989	-1.70908	-1.47550
1647.905	-1.17875	-2.19981	-1.73026	-1.44846
1651.905	-1.05302	-2.14533	-1.72976	-1.45121
1655.904	-1.05262	-2.17681	-1.76081	-1.44042
1659.906	-0.98866	-2.14036	-1.78724	-1.43613
1663.907	-0.94103	-2.07389	-1.77003	-1.44426
1667.771	-0.92614	-2.06723	-1.78525	-1.45641
1671.758	-0.86674	-2.01582	-1.72421	-1.47760
1675.867	-0.82754	-1.98420	-1.66026	-1.55107
1679.778	-0.78300	-2.01164	-1.70477	-1.75233
1683.770	-0.73374	-1.98288	-1.75136	-1.78539
1687.778	-0.71833	-1.97822	-1.67246	-1.86425
1691.780	-0.71298	-1.93494	-1.67787	-1.81263
1695.781	-0.68312	-1.94232	-1.76051	-1.95221
1699.771	-0.64801	-1.97405	-1.70970	-1.94641
1703.780	-0.60942	-1.99998	-1.75580	-2.00550
1707.779	-0.59707	-1.96442	-1.79710	-1.96927
1711.768	-0.58238	-1.94191	-1.77387	-1.97591
1715.774	-0.56654	-2.04514	-1.93135	-2.10122
1719.778	-0.51875	-2.07161	-1.99801	-2.05441
1723.784	-0.54816	-2.07383	-2.07494	-2.00471
1727.777	-0.65739	-2.23462	-2.07591	-1.92995
1731.806	-0.70642	-2.29766	-2.10907	-1.84530
1735.778	-0.82957	-2.27785	-2.04919	-1.88270
1739.782	-0.79002	-2.30620	-1.82264	-1.83346
1743.781	-0.83491	-2.30198	-1.67382	-1.75859
1747.803	-0.80282	-2.33194	-1.68806	-1.74098
1751.780	-0.87768	-2.35861	-1.61446	-1.73673
1755.751	-0.88396	-2.38237	-1.53542	-1.86643
1759.778	-0.93728	-2.32028	-1.67258	-1.88300
1763.807	-0.95095	-2.32855	-1.60320	-1.84962
1767.777	-0.95202	-2.41846	-1.60191	-1.83578
1771.780	-0.91413	-2.45512	-1.65032	-1.85042
1775.779	-0.88026	-2.44604	-1.65257	-1.89957
1779.780	-0.87344	-2.46393	-1.67618	-1.83437
1783.780	-0.84709	-2.49536	-1.75163	-1.85402
1787.784	-0.82754	-2.46301	-1.86397	-1.89643
1791.789	-0.80781	-2.40184	-1.87294	-1.92929
1795.778	-0.76469	-2.38120	-1.97770	-1.91546
1799.778	-0.74804	-2.33349	-2.00063	-1.83483
1803.783	-0.69900	-2.31754	-2.00279	-1.81662
1807.778	-0.66337	-2.34749	-2.02408	-1.74420
1811.803	-0.60684	-2.34439	-2.00966	-1.79339
1815.781	-0.58838	-2.23758	-2.00435	-1.77367
1819.782	-0.57784	-2.18739	-2.00284	-1.71882
1823.782	-0.55654	-2.11236	-1.99094	-1.73974
1827.807	-0.56332	-2.08308	-1.99183	-1.75068
1831.786	-0.55669	-2.03206	-1.95158	-1.76772
1835.787	-0.56436	-1.99414	-1.94404	-1.74009
1839.748	-0.58017	-1.99795	-1.96313	-1.75655
1843.805	-0.62915	-2.04328	-1.95339	-1.81905
1847.785	-0.64198	-2.02806	-1.94942	-1.81444
1851.783	-0.73975	-2.04211	-1.96786	-1.85801
1855.780	-0.79424	-2.07415	-1.99647	-1.87974
1859.772	-0.88324	-2.21334	-2.01375	-1.93975
1863.780	-0.89381	-2.15863	-2.03063	-1.90354
1867.783	-0.93435	-2.28967	-2.00443	-1.98289
1871.783	-0.88825	-2.40995	-2.00700	-2.01581
1875.775	-0.91120	-2.40038	-2.04686	-1.99547
1879.782	-0.91582	-2.47362	-2.10305	-2.00971
1883.782	-0.91210	-2.55298	-2.03975	-1.68704
1887.782	-0.87064	-2.66629	-2.01749	-1.65982
1891.774	-0.84163	-2.69810	-1.93447	-1.57484
1895.781	-0.84865	-2.69807	-1.97312	-1.66602
1899.783	-0.86463	-2.73316	-2.03469	-1.37077
1903.781	-0.92162	-2.74043	-2.01461	-1.70786
1907.749	-0.92115	-2.72216	-2.01070	-1.75533
1911.784	-0.97636	-2.63609	-1.78384	-1.73474
1915.785	-0.99856	-2.63642	-1.77348	-1.72681
1919.771	-1.01278	-2.56639	-1.84490	-1.70952
1923.777	-1.07299	-2.55920	-1.87024	-1.85549
1927.785	-1.15339	-2.49253	-1.99949	-1.73410
1931.787	-1.16543	-2.58666	-1.90668	-1.78784
1935.789	-1.18177	-2.47564	-1.92956	-1.89720
1939.806	-1.12700	-2.43750	-1.84607	-1.87055
1943.782	-1.07182	-2.53205	-1.81575	-1.91469
1947.782	-1.00285	-2.41756	-1.80749	-1.83727
1951.783	-1.00501	-2.39724	-1.73601	-1.93244
1955.810	-0.99474	-2.42994	-1.80003	-1.89250
1959.784	-1.06947	-2.33888	-1.77377	-1.91511
1963.750	-1.04332	-2.36515	-1.80727	-1.85163
1967.782	-1.17391	-2.24665	-1.83806	-1.74660
1971.808	-1.13285	-2.24760	-1.78416	-1.63143
1975.784	-1.32684	-2.20644	-1.82381	-1.65242
1979.784	-1.12618	-2.25480	-1.80742	-1.65174
1983.785	-1.23843	-2.28190	-1.86208	-1.62426
1987.807	-1.22060	-2.19621	-1.81751	-1.67399
1991.784	-1.24821	-2.13647	-1.86375	-1.75372
1995.786	-1.26225	-2.09585	-1.85737	-1.73524
1999.788	-1.37037	-2.09774	-1.79614	-1.58164
2003.799	-1.16424	-2.16472	-1.72483	-1.75333
2007.781	0.92748	-2.39360	-0.16829	-1.98152
2011.780	1.70264	-2.51013	0.46088	-2.43576
2015.781	2.50390	-3.42510	1.53696	-2.24096
2019.810	2.85942	-4.32234	1.27512	-2.36146
2023.785	2.44747	-3.64316	1.38761	-2.40125
2027.782	2.25992	-4.24620	1.47481	-2.52642
2031.784	2.04671	-3.69305	1.53905	-2.68314
2035.811	2.05192	-3.59742	1.51792	-2.53364
2039.749	2.02691	-3.67086	1.67043	-2.58689
2043.786	2.12664	-3.67553	1.65218	-2.67142
2047.751	2.35152	-3.81213	1.80266	-2.71217
2051.781	2.48805	-3.99003	1.82157	-2.72347
2055.787	2.48983	-3.90100	1.87044	-2.71303
2059.786	2.48235	-3.87649	1.84247	-2.65370
2063.749	2.48173	-3.82019	1.84533	-2.72474
2067.806	2.52597	-3.80813	1.86610	-2.67683
2071.785	2.36609	-3.80850	1.89007	-2.68708
2075.784	2.41078	-3.81439	1.88757	-2.63948
2079.786	2.40114	-3.83560	1.92079	-2.59259
2083.790	2.42384	-3.88508	1.88509	-2.67626
2087.765	2.39108	-3.90569	1.91362	-2.68918
2091.786	2.43811	-3.96165	1.87783	-2.63850
2095.783	2.39131	-3.97475	1.63494	-2.67642
2099.810	2.37171	-3.97787	1.61359	-2.68894
2103.786	2.52414	-4.22929	1.60866	-2.66339
2107.789	2.51765	-4.25030	1.64615	-2.67066
2111.784	2.48601	-4.35169	1.56228	-2.79820
2115.809	2.47402	-4.51566	1.55779	-2.69776
2119.784	2.60315	-4.42197	1.58185	-2.91386
2123.786	2.63081	-4.53245	1.52493	-2.84771
2127.778	2.68658	-4.49286	1.54066	-2.87150
2131.810	2.71486	-4.48565	1.52077	-2.87832
2135.790	2.74660	-4.57955	1.49684	-2.85991
2139.750	2.76208	-4.54709	1.54787	-2.83460
2143.786	2.82823	-4.55463	1.57491	-2.73098
2147.789	2.83073	-4.56668	1.65493	-2.70058
2151.785	2.85650	-4.57461	1.69101	-2.79163
2155.787	2.88950	-4.63398	1.72919	-2.78657
2159.790	2.90275	-4.39294	1.75064	-2.66174
2163.791	2.92760	-4.41398	1.71010	-2.60251
2167.789	2.94599	-4.31234	1.73559	-2.58973
2171.765	2.96616	-4.20194	1.67702	-2.48872
2175.749	2.98750	-4.23074	1.62897	-2.39682
2179.754	2.95247	-4.34747	1.59427	-2.44174
2183.786	2.94238	-4.07714	1.65332	-2.38712
2187.784	2.82930	-3.94828	1.66790	-2.46944
2191.788	2.74323	-4.03665	1.65116	-2.52963
2195.792	2.66501	-3.91549	1.61555	-2.65553
2199.787	2.56342	-3.87788	1.62792	-2.64161
2203.789	2.56775	-3.87510	1.62882	-2.75184
2207.789	2.60966	-3.87532	1.68982	-3.01688
2211.773	2.58910	-3.82803	1.67087	-2.98302
2215.783	2.54955	-3.88390	1.67335	-3.09725
2219.788	2.50147	-3.92309	1.73780	-2.95919
2223.789	2.53749	-3.87756	1.73680	-2.59846
2227.789	2.61815	-3.95386	1.74139	-2.63694
2231.789	2.66313	-4.12829	1.77365	-2.53168
2235.793	2.69614	-4.04372	1.72213	-2.29315
2239.787	2.79639	-4.14173	1.73690	-2.33802
2243.757	2.78416	-4.15365	1.69252	-2.29351
2247.792	2.85153	-4.24482	1.65838	-2.22798
2251.786	2.80053	-4.24437	1.58180	-2.14755
2255.782	2.81694	-4.25697	1.48292	-2.19017
2259.793	2.79142	-4.28821	1.39120	-2.40090
2263.789	2.81645	-4.26085	1.38937	-2.37935
2267.790	2.77490	-4.34197	1.34105	-2.47152
2271.788	2.71785	-4.27327	1.27760	-2.38514
2275.790	2.72523	-4.25648	1.23161	-2.29872
2279.789	2.66427	-4.23023	1.21345	-2.51685
2283.786	2.65305	-4.09748	1.29434	-2.77808
2287.786	2.57600	-4.13754	1.25875	-2.76952
2291.794	2.53885	-4.13907	1.38054	-2.89178
2295.788	2.50590	-4.11388	1.34606	-2.88372
2299.787	2.47038	-4.04624	1.40209	-2.85946
2303.787	2.39715	-4.04102	1.43540	-2.81415
2307.792	2.34332	-4.08071	1.33768	-2.85463
2311.790	2.25018	-3.98691	1.25262	-2.88699
2315.790	2.26462	-3.99475	1.36057	-2.90860
2319.787	2.24592	-4.15092	1.36122	-2.88935
2323.791	2.24906	-4.09150	1.36967	-2.91211
2327.792	2.22456	-4.13895	1.26994	-2.87994
2331.790	2.24686	-4.11100	1.19733	-2.76757
2335.784	2.21276	-4.07856	1.13992	-2.68819
2339.792	2.29738	-4.20120	1.11306	-2.64284
2343.790	2.35890	-4.43446	1.13263	-2.55640
2347.789	2.35994	-4.32123	1.22268	-2.58728
2351.788	2.32597	-4.27122	1.27269	-2.52376
2355.792	2.35127	-4.44070	1.30811	-2.49657
2359.790	2.33284	-4.47588	1.29420	-2.50834
2363.791	2.39158	-4.39455	1.35586	-2.45586
2367.791	2.38447	-4.32629	1.35519	-2.41128
2371.795	2.37419	-4.48263	1.36506	-2.43004
2375.792	2.41408	-4.36562	1.36293	-2.46153
2379.773	2.41232	-4.29224	1.37067	-2.45567
2383.789	2.46414	-4.11507	1.38788	-2.48833
2387.791	2.48591	-4.03881	1.33497	-2.46932
2391.789	2.52156	-4.01254	1.37600	-2.50164
2395.788	2.62553	-3.77105	1.37079	-2.56355
2399.791	2.63499	-3.74302	1.38582	-2.61190
2403.792	2.74957	-3.92098	1.45678	-2.64715
2407.789	2.73662	-3.95363	1.56065	-2.70044
2411.791	2.62910	-3.92326	1.57647	-2.76019
2415.791	2.65785	-3.85691	1.60784	-2.77024
2419.775	2.56176	-3.97570	1.67107	-2.89287
2423.752	2.42257	-4.08974	1.67229	-2.93046
2427.789	2.32149	-4.04601	1.70296	-2.97564
2431.789	2.33024	-4.16902	1.70286	-3.00002
2435.794	2.36294	-4.15129	1.66006	-3.04806
2439.793	2.32047	-4.13670	1.57371	-3.07668
2443.791	2.32954	-4.10053	1.52270	-3.10286
2447.793	2.27188	-4.03936	1.45408	-3.10179
2451.795	2.25736	-3.90846	1.44188	-3.06767
2455.793	2.26249	-3.91937	1.39659	-3.04494
2459.787	2.30467	-3.85593	1.36526	-2.88528
2463.756	2.31998	-3.65144	1.32612	-2.79646
2467.797	2.33536	-3.61428	1.30888	-2.72188
2471.791	2.38975	-3.51200	1.26736	-2.65251
2475.790	2.39270	-3.51471	1.26592	-2.61411
2479.792	2.38737	-3.44254	1.30744	-2.63844
2483.794	2.37654	-3.43337	1.36469	-2.52022
2487.753	2.38967	-3.43556	1.44366	-2.50285
2491.790	2.35489	-3.42961	1.44592	-2.43149
2495.791	2.38360	-3.47439	1.50068	-2.44318
2499.795	2.43498	-3.47403	1.42365	-2.47196
2503.767	2.34981	-3.44456	1.38590	-2.50530
2507.790	2.48364	-3.48296	1.46926	-2.51180
2511.791	2.35697	-3.46552	1.38929	-2.54238
2515.779	2.15219	-3.54953	1.07217	-2.69313
2519.754	0.18241	-3.37278	-1.21988	-2.64004
2523.792	-1.27227	-3.30458	-3.66093	-2.64090
2527.791	-2.58484	-3.39780	-5.34907	-2.62118
2531.795	-5.31935	-2.81885	-7.33005	-2.56820
2535.792	-6.12941	-2.63846	-8.24225	-2.53702
2539.792	-7.33693	-2.32237	-9.88389	-2.66179
2543.783	-9.66315	-2.58704	-10.67512	-2.73191
2547.795	-9.64892	-2.13109	-12.05865	-2.67278
2551.788	-10.73162	-2.17195	-12.16909	-2.72543
2555.794	-11.05739	-1.74436	-12.47361	-2.68238
2559.792	-11.20211	-1.54461	-12.36682	-2.50023
2563.793	-11.07561	-1.46006	-12.33229	-2.60249
2567.797	-11.24597	-1.75911	-12.21923	-2.51296
2571.794	-11.30178	-1.93500	-12.22258	-2.54577
2575.793	-11.54213	-1.86023	-12.24896	-2.62905
2579.800	-11.65525	-1.98348	-12.35722	-2.67547
2583.806	-11.74254	-1.99459	-12.29389	-2.69159
2587.755	-11.80987	-1.86996	-12.30296	-2.68033
2591.792	-11.85602	-2.01313	-12.26500	-2.62797
2595.797	-11.91971	-2.00275	-12.16513	-2.66837
2599.792	-11.98070	-2.19206	-12.14489	-2.66375
2603.792	-12.07728	-2.10865	-12.10613	-2.61650
2607.795	-12.00519	-2.22504	-12.11766	-2.58966
2611.797	-11.96175	-2.32743	-12.14385	-2.57474
2615.792	-12.00702	-2.46522	-12.02990	-2.66887
2619.795	-11.95919	-2.40963	-12.03330	-2.62688
2623.794	-11.78747	-2.45733	-11.98237	-2.55237
2627.780	-11.72208	-2.30814	-11.96047	-2.46496
2631.795	-11.72684	-2.25845	-11.96413	-2.46081
2635.796	-11.62378	-2.25300	-11.98056	-2.34734
2639.796	-11.57079	-2.01990	-11.93417	-2.39633
2643.795	-11.42897	-2.26185	-11.87227	-2.33730
2647.795	-11.40014	-2.11806	-11.89245	-2.32220
2651.794	-11.33745	-2.05188	-11.92686	-2.25892
2655.796	-11.33070	-1.96472	-11.90569	-2.25343
2659.798	-11.27047	-1.95785	-11.96608	-2.20247
2663.796	-11.23561	-1.87660	-12.01333	-2.19980
2667.795	-11.27989	-1.83707	-12.02276	-2.12020
2671.789	-11.27586	-1.85085	-12.05490	-2.15278
2675.799	-11.22334	-1.86283	-12.12122	-2.13550
2679.797	-11.23096	-1.95982	-12.07813	-2.12762
2683.796	-11.24452	-2.09276	-12.12324	-2.13148
2687.797	-11.28245	-2.06486	-12.21748	-2.14048
2691.808	-11.30970	-2.22898	-12.23943	-2.21234
2695.793	-11.33208	-2.38585	-12.29372	-2.29409
2699.793	-11.46711	-2.11306	-12.23059	-2.23267
2703.795	-11.52278	-2.15902	-12.25981	-2.23213
2707.661	-11.51602	-1.92138	-12.24043	-2.20378
2711.670	-11.58058	-2.00687	-12.20152	-2.26296
2715.658	-11.48980	-2.06725	-12.16698	-2.28590
2719.661	-11.54983	-2.27107	-12.17098	-2.30263
2723.693	-11.57941	-2.18488	-12.09735	-2.36548
2727.669	-11.61609	-2.21707	-12.11289	-2.39860
2731.672	-11.65601	-2.34796	-12.04429	-2.49095
2735.634	-11.65535	-2.08338	-12.03880	-2.48589
2739.666	-11.67370	-2.10183	-12.02777	-2.37835
2743.672	-11.60325	-2.26461	-12.01533	-2.38103
2747.670	-11.55152	-2.40296	-12.05288	-2.34436
2751.673	-11.56259	-2.48051	-12.11541	-2.42414
2755.670	-11.57188	-2.53679	-12.12198	-2.49712
2759.638	-11.60854	-2.59685	-12.12566	-2.42300
2763.670	-11.62678	-2.61398	-12.12208	-2.47578
2767.671	-11.59453	-2.65254	-12.21290	-2.47406
2771.696	-11.59375	-2.57503	-12.22241	-2.46020
2775.667	-11.57019	-2.67869	-12.25467	-2.39242
2779.668	-11.48880	-2.77494	-12.25846	-2.37447
2783.673	-11.52452	-2.79704	-12.20705	-2.32280
2787.696	-11.53415	-2.80476	-12.19375	-2.29426
2791.671	-11.58270	-2.85010	-12.09674	-2.30887
2795.675	-11.58849	-2.86027	-12.10696	-2.31257
2799.644	-11.49979	-2.76354	-12.00433	-2.30212
2803.663	-11.46030	-2.66343	-11.92992	-2.30685
2807.674	-11.42816	-2.48201	-11.91312	-2.31377
2811.672	-11.38805	-2.46791	-11.92942	-2.29424
2815.673	-11.38280	-2.25254	-11.88123	-2.29697
2819.692	-11.40055	-2.33127	-11.80609	-2.30744
2823.671	-11.44981	-2.22745	-11.78595	-2.30049
2827.671	-11.44649	-2.09201	-11.77313	-2.33555
2831.672	-11.48933	-1.96800	-11.79082	-2.32998
2835.702	-11.41562	-1.96163	-11.82276	-2.30613
2839.671	-11.38583	-1.92032	-11.84867	-2.27527
2843.663	-11.38819	-1.96622	-11.89723	-2.21119
2847.672	-11.40477	-1.94866	-11.96448	-2.22751
2851.698	-11.41311	-1.97201	-12.01067	-2.20521
2855.674	-11.41345	-2.04297	-12.08110	-2.21834
2859.672	-11.40515	-2.11027	-12.13567	-2.21255
2863.637	-11.41447	-2.15191	-12.08758	-2.15596
2867.693	-11.39933	-2.19275	-12.05229	-2.12569
2871.671	-11.36599	-2.24469	-12.10051	-2.09209
2875.672	-11.32106	-2.24283	-12.08618	-2.15733
2879.674	-11.31238	-2.38186	-12.08478	-2.17127
2883.673	-11.28061	-2.39754	-12.08653	-2.24576
2887.673	-11.28374	-2.36823	-12.05836	-2.29304
2891.671	-11.30309	-2.42341	-12.08499	-2.23515
2895.674	-11.28202	-2.44759	-12.12578	-2.22746
2899.676	-11.31798	-2.45704	-12.13545	-2.20928
2903.672	-11.34225	-2.54043	-12.13130	-2.30695
2907.674	-11.31918	-2.54849	-12.17748	-2.30197
2911.672	-11.30667	-2.55926	-12.21224	-2.34128
2915.673	-11.36164	-2.44667	-12.23969	-2.37750
2919.674	-11.25309	-2.38626	-12.10561	-2.45047
2923.666	-10.19024	-2.50331	-11.57419	-2.37314
2927.636	-8.99254	-1.43781	-9.67623	-2.17598
2931.641	-8.83832	-1.45069	-9.13289	-2.18493
2935.674	-8.63020	-1.61810	-9.00457	-2.09809
2939.677	-8.72248	-1.36948	-8.87670	-1.92780
2943.671	-8.78767	-1.21342	-8.95913	-1.88305
2947.672	-8.62971	-1.55422	-9.30810	-1.82566
2951.672	-8.56816	-1.36343	-9.61684	-1.60181
2955.673	-8.50821	-1.56140	-9.30068	-1.46394
2959.674	-8.50394	-1.41819	-9.30602	-1.64726
2963.634	-8.39909	-1.38567	-9.45230	-1.46061
2967.673	-8.41434	-1.38776	-9.29200	-1.30666
2971.674	-8.44807	-1.27036	-9.29133	-1.30514
2975.672	-8.40035	-1.30452	-9.10581	-1.40678
2979.700	-8.44492	-1.30267	-8.97150	-1.34863
2983.676	-8.44130	-1.30885	-9.05708	-1.53194
2987.674	-8.40747	-1.39341	-9.06477	-1.49739
2991.677	-8.42182	-1.33376	-8.96746	-1.36800
2995.667	-8.40227	-1.34129	-8.90773	-1.51837
2999.673	-8.43991	-1.34834	-8.94772	-1.50839
3003.675	-8.43804	-1.32021	-8.87033	-1.46357
3007.658	-8.47214	-1.26138	-8.81213	-1.45060
3011.700	-8.45431	-1.22761	-8.82892	-1.50005
3015.675	-8.40235	-1.25604	-8.77814	-1.48121
3019.670	-8.35823	-1.26925	-8.78134	-1.38654
3023.675	-8.33282	-1.29138	-8.82906	-1.33325
3027.698	-8.30707	-1.27367	-8.80784	-1.47061
3031.672	-8.26262	-1.24473	-8.81894	-1.36271
3035.677	-8.26235	-1.25378	-8.80662	-1.27249
3039.674	-8.21869	-1.23364	-8.82831	-1.29615
3043.708	-8.20746	-1.22212	-8.76064	-1.35549
3047.669	-8.16617	-1.17713	-8.74144	-1.31228
3051.668	-8.16452	-1.23607	-8.80553	-1.33537
3055.675	-8.22095	-1.22107	-8.79538	-1.30807
3059.667	-7.13422	-1.24199	-8.48753	-1.33525
3063.674	-4.31548	-1.22178	-5.35013	-1.36554
3067.675	-1.51367	-1.32870	-3.76663	-1.16215
3071.677	1.22548	-1.62974	-1.88172	-1.33145
3075.698	3.13452	-2.27451	0.83903	-1.35314
3079.675	3.74098	-2.70148	2.32791	-1.42102
3083.676	6.35434	-3.04138	3.67442	-1.43372
3087.677	8.51773	-3.24633	5.36083	-1.40132
3091.701	9.42366	-3.10382	7.05327	-1.39434
3095.675	11.78519	-3.90601	9.46667	-1.37459
3099.675	11.65061	-3.07143	9.45592	-1.34068
3103.676	11.71339	-3.23721	9.88887	-1.37947
3107.668	11.68710	-3.55583	10.48545	-1.40522
3111.687	11.64320	-3.57489	10.13917	-1.40327
3115.675	11.66249	-3.62029	10.06708	-1.42447
3119.676	11.36980	-3.75042	10.52192	-1.44454
3123.668	11.62930	-3.78144	10.47955	-1.52031
3127.677	11.72705	-3.74573	10.79215	-1.76497
3131.661	11.80471	-3.71314	10.55740	-1.95877
3135.672	11.72548	-3.60371	10.56893	-2.23892
3139.673	11.55552	-3.55435	10.65709	-2.06643
3143.678	11.54039	-3.57623	10.55948	-2.10651
3147.676	11.45002	-3.44849	10.47304	-2.05307
3151.676	11.39146	-3.38232	10.51626	-2.22579
3155.702	11.15346	-3.52380	10.45061	-2.22985
3159.680	11.04051	-3.50778	10.46556	-2.27939
3163.679	10.91267	-3.46265	10.46189	-2.32560
3167.679	10.95827	-3.37242	10.47122	-2.36217
3171.708	10.97466	-3.39051	10.37563	-2.36321
3175.639	10.90612	-3.57163	10.42737	-2.29677
3179.643	10.83740	-3.75351	10.44950	-2.27960
3183.640	10.86615	-3.79453	10.51830	-2.25302
3187.673	10.82909	-3.90943	10.46150	-2.18485
3191.680	10.84104	-3.75096	10.47420	-2.19959
3195.680	10.87876	-3.89297	10.45577	-2.09560
3199.678	10.94727	-3.85528	10.45845	-2.05478
3203.679	11.24294	-3.91484	10.45377	-2.09337
3207.678	11.23022	-3.84385	10.50249	-2.03369
3211.679	11.31817	-3.85352	10.48192	-1.99920
3215.659	11.24626	-3.75747	10.38975	-1.96334
3219.680	11.36439	-3.84436	10.26040	-1.97131
3223.678	11.48680	-3.85558	10.24658	-1.96048
3227.680	11.58286	-3.91133	10.28404	-1.97580
3231.678	11.46685	-3.94072	10.19558	-2.00823
3235.679	11.60627	-4.06182	10.14852	-1.99956
3239.678	11.66501	-4.02752	10.16048	-2.04687
3243.680	11.54899	-4.15800	10.18644	-2.08083
3247.679	11.52636	-4.11152	10.22147	-2.12876
3251.680	11.48930	-4.29565	10.21601	-2.16560
3255.677	11.43948	-4.09747	10.21841	-2.17787
3259.673	11.50246	-4.10084	10.29870	-2.15810
3263.678	11.52800	-4.18859	10.23440	-2.23729
3267.681	11.35725	-4.32613	10.25867	-2.23499
3271.681	11.42825	-4.34673	10.28006	-2.23575
3275.679	11.37257	-4.32890	10.22438	-2.17065
3279.676	11.35003	-4.18525	10.35815	-2.18393
3283.681	11.37402	-4.15260	10.42857	-2.24037
3287.679	11.36665	-3.91369	10.40185	-2.22983
3291.677	11.33507	-3.78455	10.52382	-2.24193
3295.682	11.33915	-3.53258	10.44153	-2.23164
3299.671	11.33349	-3.27301	10.36617	-2.19813
3303.642	11.26056	-2.94731	10.32248	-2.21963
3307.680	11.16316	-3.14213	10.35313	-2.30308
3311.681	11.19786	-2.73757	10.38132	-2.29382
3315.683	11.32154	-3.08237	10.42151	-2.24879
3319.690	11.31142	-2.88528	10.33793	-2.23101
3323.681	11.47331	-2.93355	10.32721	-2.16643
3327.681	10.88707	-2.87688	9.49482	-2.09811
3331.680	9.03675	-2.85222	8.57782	-2.07673
3335.681	9.06342	-2.77661	8.44863	-2.02438
3339.663	9.84108	-2.60609	8.70636	-1.70904
3343.676	11.72434	-2.63153	7.92279	-1.86645
3347.680	15.71607	-1.19694	2.87487	-1.87026
3351.680	15.96615	0.16807	17.14554	2.58316
3355.680	16.61662	1.96679	16.25770	2.59549
3359.679	18.30723	3.58001	19.55259	5.17394
3363.681	NaN	NaN	NaN	NaN
3367.681	NaN	NaN	NaN	NaN
3371.679	NaN	NaN	NaN	NaN
3375.684	NaN	NaN	NaN	NaN
3379.682	NaN	NaN	NaN	NaN
3383.646	NaN	NaN	NaN	NaN
3387.675	NaN	NaN	NaN	NaN
3391.678	NaN	NaN	NaN	NaN
3395.677	NaN	NaN	NaN	NaN
3399.679	NaN	NaN	NaN	NaN
3403.680	NaN	NaN	NaN	NaN
3407.644	NaN	NaN	NaN	NaN
3411.680	NaN	NaN	NaN	NaN
3415.681	NaN	NaN	NaN	NaN
3419.684	NaN	NaN	NaN	NaN
3423.642	NaN	NaN	NaN	NaN
3427.681	NaN	NaN	NaN	NaN
3431.645	NaN	NaN	NaN	NaN
3435.681	NaN	NaN	NaN	NaN
3439.643	NaN	NaN	NaN	NaN
3443.685	NaN	NaN	NaN	NaN
3447.681	NaN	NaN	NaN	NaN
3451.679	NaN	NaN	NaN	NaN
3455.679	NaN	NaN	NaN	NaN
3459.644	NaN	NaN	NaN	NaN
3463.678	NaN	NaN	NaN	NaN
3467.682	NaN	NaN	NaN	NaN
3471.647	NaN	NaN	NaN	NaN
3475.681	NaN	NaN	NaN	NaN
3479.681	NaN	NaN	NaN	NaN
3483.701	NaN	NaN	NaN	NaN
3487.674	NaN	NaN	NaN	NaN
3491.641	NaN	NaN	NaN	NaN
3495.681	NaN	NaN	-1.55965	13.47111
3499.681	NaN	NaN	NaN	NaN
3503.681	NaN	NaN	-1.19911	0.42887
3507.684	-5.29730	15.14172	-1.09425	-0.57928
3511.681	-4.34295	-1.41259	-1.08914	-1.13150
3515.684	-3.77387	-1.40990	-1.61756	-1.51529
3519.684	-2.69539	-1.21295	-1.02231	-1.28786
3523.687	-2.72110	-1.16889	-0.32342	-1.22242
3527.685	-2.28011	-0.80380	0.44480	-1.22591
3531.681	0.12635	-0.08208	1.54668	-1.12250
3535.683	3.18094	-0.64029	2.03117	-0.92636
3539.585	3.24731	-0.14471	1.99595	-0.86736
3543.690	3.43004	-0.63820	1.56533	-0.79284
3547.667	3.40235	-0.75253	1.14384	-0.73855
3551.682	2.24916	-0.94177	1.42146	-0.63686
3555.684	2.35422	-0.77005	1.10690	-0.59461
3559.683	2.37493	-0.82160	1.34428	-0.61460
3563.684	2.51287	-1.00904	1.57429	-0.72635
3567.682	2.49664	-1.23615	1.66822	-0.73570
3571.685	2.15497	-1.22687	1.65609	-0.73658
3575.682	2.41093	-0.61549	1.60402	-0.69430
3579.683	3.26210	-0.69372	1.63546	-0.62788
3583.686	3.52257	-0.59367	1.62698	-0.62242
3587.580	2.44133	-0.73515	1.60707	-0.49568
3591.650	2.43144	-0.72329	1.60660	-0.58477
3595.683	2.61320	-0.48129	1.62817	-0.64671
3599.683	2.54890	-0.46409	1.64010	-0.61653
3603.686	2.57974	-0.55242	1.64015	-0.48604
3607.647	2.55324	-0.42474	1.64407	-0.31140
3611.683	2.65703	-0.48229	1.57989	-0.36842
3615.648	2.81746	-0.40936	1.56191	-0.28571
3619.687	2.75955	-0.42938	1.65897	-0.35295
3623.685	2.75093	-0.50516	1.74459	-0.55664
3627.685	2.69000	-0.59925	1.67618	-0.47371
3631.665	2.69693	-0.61898	1.79725	-0.48682
3635.688	2.70822	-0.62597	1.83900	-0.52604
3639.648	2.67078	-0.60338	1.90182	-0.54376
3643.688	2.65302	-0.66621	1.89315	-0.56646
3647.687	2.63452	-0.67339	1.99570	-0.58552
3651.685	2.61736	-0.75853	2.00378	-0.64268
3655.686	2.57129	-0.60181	1.93400	-0.66140
3659.684	2.51358	-0.48463	1.96050	-0.74398
3663.683	2.44202	-0.53654	1.90559	-0.78244
3667.689	2.38046	-0.47097	1.83382	-0.76447
3671.683	2.32630	-0.35294	1.78615	-0.81828
3675.649	2.27924	-0.25246	1.68186	-0.88584
3679.685	2.28591	-0.28496	1.55293	-0.98121
3683.653	2.19373	-0.24312	1.55122	-0.93577
3687.687	2.22124	-0.19253	1.54678	-1.08645
3691.688	2.12297	-0.15912	1.47122	-1.15947
3695.683	2.12228	-0.09280	1.44770	-1.11687
3699.690	2.11487	-0.08855	1.43377	-1.12539
3703.683	2.10325	-0.05647	1.41355	-1.16094
3707.685	2.12228	-0.03586	1.41886	-1.19217
3711.686	2.23434	-0.03206	1.42707	-1.23771
3715.689	2.31086	-0.03411	1.47139	-1.21211
3719.683	2.28782	0.01150	1.49145	-0.98067
3723.685	2.30412	0.04812	1.47362	-1.08957
3727.685	2.34664	0.10381	1.46112	-0.82680
3731.687	2.45445	0.09057	1.43912	-0.82137
3735.685	2.33977	0.24292	1.45676	-0.73988
3739.675	2.36428	0.25702	1.52181	-0.71489
3743.649	2.38732	0.35592	1.46385	-0.74040
3747.564	2.42716	0.43737	1.48409	-0.74444
3751.650	2.37746	0.46161	1.48768	-0.67772
3755.559	2.28073	0.47935	1.48734	-0.63533
3759.555	2.12166	0.49934	1.45713	-0.63248
3763.563	2.05452	0.52369	1.45301	-0.72992
3767.560	2.09913	0.47369	1.47781	-0.68731
3771.561	2.06964	0.36668	1.50725	-0.70675
3775.560	1.98038	0.43919	1.52922	-0.68427
3779.564	1.97941	0.47773	1.55331	-0.65105
3783.560	1.94558	0.47458	1.54351	-0.60968
3787.561	1.91184	0.46071	1.60313	-0.67347
3791.560	1.93207	0.39323	1.57062	-0.71982
3795.553	1.89389	0.34948	1.49547	-0.67760
3799.561	2.04084	0.30031	1.49904	-0.66724
3803.543	2.19598	0.09314	1.54998	-0.61986
3807.560	2.09551	0.06588	1.56719	-0.53307
3811.563	2.15135	0.17608	1.50859	-0.59312
3815.561	2.13958	0.04745	1.50817	-0.53803
3819.563	2.28685	0.07196	1.51167	-0.45711
3823.564	2.28383	-0.13857	1.45247	-0.54197
3827.586	2.31777	-0.12370	1.35504	-0.67622
3831.561	2.39190	-0.14589	1.26130	-0.67727
3835.562	2.35920	-0.33699	1.20849	-0.75838
3839.564	2.43134	-0.34906	1.20648	-0.74181
3843.563	2.32875	-0.34407	1.27522	-0.70049
3847.556	2.32791	-0.33119	1.38240	-0.71991
3851.564	2.33866	-0.30176	1.41494	-0.77121
3855.564	2.32251	-0.38077	1.40703	-0.75075
3859.527	2.31720	-0.37888	1.33031	-0.72852
3863.561	2.28363	-0.43828	1.39984	-0.80268
3867.562	2.30162	-0.34080	1.25937	-0.78102
3871.563	2.35811	-0.38689	1.33654	-0.67854
3875.589	2.31631	-0.27786	1.42124	-0.70340
3879.567	2.29889	-0.20933	1.44108	-0.63124
3883.564	2.25082	-0.23921	1.42320	-0.60971
3887.530	2.34186	0.00852	1.38617	-0.65031
3891.590	2.36814	0.15344	1.31736	-0.59640
3895.564	2.36217	0.00790	1.31771	-0.48685
3899.563	2.36745	0.15354	1.28727	-0.45158
3903.565	2.38774	0.12580	1.27656	-0.45126
3907.588	2.37099	0.21856	1.28341	-0.37709
3911.563	2.37159	0.24654	1.36734	-0.34274
3915.561	2.35434	0.29411	1.33076	-0.42559
3919.563	2.35576	0.37165	1.38818	-0.52037
3923.562	2.38140	0.40349	1.36670	-0.51168
3927.549	2.37310	0.39210	1.36908	-0.55761
3931.561	2.35216	0.27395	1.32247	-0.56433
3935.565	2.32404	0.17733	1.36881	-0.59206
3939.559	2.22391	0.13225	1.39239	-0.52994
3943.565	2.22755	0.15050	1.35998	-0.56725
3947.562	2.18684	0.08957	1.35869	-0.53735
3951.563	2.20753	0.02376	1.38193	-0.56697
3955.563	2.22235	0.10831	1.41291	-0.54585
3959.566	2.27580	0.06031	1.40676	-0.56424
3963.564	2.26230	0.01971	1.39753	-0.50224
3967.564	2.24098	-0.07034	1.42238	-0.45623
3971.558	2.35092	-0.04633	1.47742	-0.42139
3975.566	2.29637	-0.03719	1.47127	-0.35808
3979.564	2.35132	0.00132	1.45740	-0.31955
3983.566	2.43739	0.08538	1.37074	-0.30737
3987.557	2.45079	0.07247	1.39936	-0.30026
3991.567	2.48530	0.05263	1.32426	-0.32446
3995.568	2.46201	0.11048	1.30548	-0.34394
3999.563	2.50794	0.06045	1.24855	-0.33921
4003.592	2.47677	0.10837	1.15945	-0.32285
4007.567	2.39108	0.14263	1.17741	-0.27624
4011.546	2.42882	0.20862	1.21896	-0.20533
4015.561	2.27367	0.37013	1.24811	-0.16491
4019.589	2.19668	0.64349	1.44946	-0.15585
4023.566	2.80481	0.84323	1.92788	0.45288
4027.561	-0.62918	1.08281	1.11125	1.94964
4031.563	-1.26396	0.83984	-0.61836	0.73654
4035.558	-2.32251	1.52889	10.13888	1.76930
4039.563	-2.04607	3.03021	NaN	NaN
4043.563	NaN	NaN	NaN	NaN
4047.563	NaN	NaN	4.40823	15.13622
4051.553	NaN	NaN	NaN	NaN
4055.532	NaN	NaN	NaN	NaN
4059.565	NaN	NaN	NaN	NaN
4063.564	NaN	NaN	NaN	NaN
4067.565	NaN	NaN	NaN	NaN
4071.562	NaN	NaN	NaN	NaN
4075.563	NaN	NaN	NaN	NaN
4079.563	NaN	NaN	NaN	NaN
4083.564	NaN	NaN	NaN	NaN
4087.566	NaN	NaN	NaN	NaN
4091.567	NaN	NaN	NaN	NaN
4095.531	NaN	NaN	NaN	NaN
4099.563	NaN	NaN	NaN	NaN
4103.564	NaN	NaN	NaN	NaN
4107.567	NaN	NaN	NaN	NaN
4111.564	NaN	NaN	NaN	NaN
4115.565	NaN	NaN	NaN	NaN
4119.576	NaN	NaN	NaN	NaN
4123.569	NaN	NaN	NaN	NaN
4127.566	NaN	NaN	NaN	NaN
4131.567	NaN	NaN	NaN	NaN
4135.549	NaN	NaN	NaN	NaN
4139.530	NaN	NaN	NaN	NaN
4143.568	NaN	NaN	NaN	NaN
4147.570	NaN	NaN	NaN	NaN
4151.538	NaN	NaN	13.26046	11.06335
4155.566	NaN	NaN	10.59920	5.52239
4159.589	NaN	NaN	0.77054	12.32346
4163.566	NaN	NaN	-1.63586	11.07191
4167.568	8.05986	2.99530	-2.73561	1.84953
4171.567	-3.94755	0.13714	-2.49949	1.48726
4175.569	-4.28288	1.76287	-1.74479	-0.48328
4179.567	-4.09342	1.47549	-1.51035	-1.07981
4183.567	-3.99879	0.75247	-1.38572	-1.07679
4187.569	-3.96367	-0.35731	-1.39329	-1.56941
4191.568	-1.23883	-0.18307	-1.49289	-1.48234
4195.566	-1.71546	0.06460	-1.60159	-1.44446
4199.569	-0.64704	-0.26467	-1.63866	-0.93366
4203.570	0.32136	0.02338	-1.58644	-0.55425
4207.568	0.06043	-0.07306	-1.27061	-0.67021
4211.569	0.27470	0.09699	-1.03124	-0.62607
4215.568	1.85923	-0.07823	-0.19943	-0.50390
4219.547	2.09561	-0.05836	-0.28046	-0.40677
4223.571	1.99213	-0.07348	0.00223	-0.40287
4227.569	1.70908	-0.03462	0.23348	-0.27030
4231.571	0.95028	-0.00885	-0.09418	-0.26062
4235.568	0.83741	0.00765	-0.07599	-0.23778
4239.535	0.94676	0.01662	-0.04919	-0.18537
4243.571	0.87892	0.06095	0.04204	-0.14365
4247.539	1.03508	0.07685	-0.02641	-0.15543
4251.570	1.14082	0.10288	-0.00960	-0.12191
4255.562	1.01109	0.12855	0.00504	-0.07661
4259.560	1.03635	0.12129	-0.00146	-0.04021
4263.561	1.00799	0.09936	-0.02248	-0.08260
4267.570	0.97477	0.07128	-0.05033	-0.05951
4271.567	0.97956	0.06559	-0.07520	-0.07077
4275.569	0.93093	-0.02964	-0.08096	-0.27662
4279.571	0.94934	0.03081	-0.07780	-0.46074
4283.565	0.87902	-0.03960	-0.08051	-0.39855
4287.563	0.92391	-0.11710	-0.06840	-0.44544
4291.570	0.84627	-0.14533	-0.02407	-0.49024
4295.571	0.84535	-0.18061	-0.02732	-0.72643
4299.569	0.79744	-0.22876	0.02904	-0.75781
4303.565	0.81846	-0.23008	0.07698	-0.82965
4307.573	0.80019	-0.19415	0.14640	-0.86617
4311.569	0.73771	-0.18869	0.09150	-0.88123
4315.542	0.64263	-0.10550	0.08530	-0.92244
4319.571	0.64106	-0.10694	0.13769	-0.92165
4323.569	0.62908	0.12237	0.16256	-0.90875
4327.572	0.66345	0.11144	0.24554	-0.91769
4331.568	0.66702	0.32254	0.22388	-0.89909
4335.572	0.73975	0.21751	0.17588	-0.90836
4339.533	0.76895	0.32576	0.20872	-0.86465
4343.553	0.82441	0.43918	0.19584	-0.82327
4347.572	0.59106	0.32508	0.15955	-0.72742
4351.571	0.53766	0.31239	0.14255	-0.64468
4355.570	0.54895	0.29728	0.14310	-0.59894
4359.571	0.57436	0.34836	0.16122	-0.41005
4363.567	0.44304	0.23583	0.10801	-0.52351
4367.570	0.38122	0.03983	0.11059	-0.40359
4371.568	0.37097	-0.03089	0.07696	-0.42747
4375.572	0.34201	-0.05469	0.00444	-0.46099
4379.571	0.39345	-0.25072	-0.04239	-0.40812
4383.570	0.38926	-0.22945	-0.01085	-0.48380
4387.567	0.44170	-0.29197	-0.02670	-0.50597
4391.570	0.43693	-0.31883	-0.08110	-0.55797
4395.571	0.51537	-0.35562	-0.19216	-0.59240
4399.569	0.56277	-0.38772	-0.16496	-0.65882
4403.570	0.58116	-0.38596	-0.22343	-0.73492
4407.572	0.73297	-0.42393	-0.20886	-0.79951
4411.570	0.66707	-0.39248	-0.18722	-0.90398
4415.564	0.76925	-0.39506	-0.18978	-0.84481
4419.572	0.81818	-0.44671	-0.10155	-0.82493
4423.536	0.78330	-0.29061	-0.03122	-0.78732
4427.554	0.71412	-0.16941	-0.21552	-0.68001
4431.537	0.69387	-0.06768	-0.19809	-0.68900
4435.570	0.70345	-0.19840	-0.12374	-0.62751
4439.571	0.69365	-0.24231	-0.14024	-0.51327
4443.570	0.71888	-0.22666	-0.10232	-0.53106
4447.470	0.71523	-0.37713	-0.08192	-0.49923
4451.572	0.64104	-0.27720	-0.03375	-0.48519
4455.572	0.63153	-0.37987	-0.01169	-0.48335
4459.571	0.63605	-0.40076	-0.02859	-0.42601
4463.472	0.64548	-0.20825	-0.03072	-0.38647
4467.561	0.64260	-0.41050	0.01839	-0.37564
4471.565	0.65533	-0.39572	0.08403	-0.34396
4475.575	0.70074	-0.46498	0.21708	-0.33605
4479.475	0.72955	-0.44309	0.28719	-0.27960
4483.573	0.80344	-0.49029	0.39737	-0.29018
4487.574	0.85133	-0.48253	0.53083	-0.21829
4491.569	0.85426	-0.47667	0.35665	-0.37710
4495.480	0.93105	-0.47974	0.34345	-0.55262
4499.573	0.85692	-0.38318	0.26575	-0.67320
4503.571	0.84166	-0.27485	0.18891	-0.72262
4507.572	0.84543	-0.32710	0.19025	-0.84980
4511.475	0.81047	-0.26059	0.25006	-0.93789
4515.560	0.85669	-0.16786	-0.03407	-0.81547
4519.572	0.85719	-0.07521	-0.00464	-0.91142
4523.571	0.83699	-0.04862	-0.05482	-0.88603
4527.571	0.84639	0.00957	-0.07267	-0.90657
4531.572	0.83151	0.08170	-0.09890	-0.87504
4535.575	0.81868	0.12848	-0.06805	-0.34363
4539.575	0.83503	0.15817	-0.02407	-0.35792
4543.471	0.87592	0.15397	-0.00581	-0.16164
4547.574	0.91123	0.10415	-0.00541	-0.22421
4551.566	0.91363	0.09297	0.01261	-0.06026
4555.570	0.94676	0.14184	-0.00338	-0.08884
4559.474	0.98814	0.08326	0.03512	-0.05275
4563.531	1.01273	0.02164	0.06889	-0.05283
4567.578	1.02568	0.10266	0.13414	-0.09679
4571.573	1.00075	0.12005	0.07259	-0.03593
4575.472	1.02553	0.13461	0.09393	-0.01764
4579.572	1.02642	0.09950	0.05147	-0.07818
4583.572	0.99147	0.17658	0.07217	-0.12320
4587.572	0.95750	0.17775	0.01370	-0.14813
4591.577	0.85893	0.30188	0.06624	-0.16336
4595.540	0.77970	0.36055	0.07651	-0.18729
4599.572	0.72824	0.36197	0.13893	-0.20247
4603.572	0.62699	0.39408	0.09736	-0.22051
4607.577	0.60235	0.38382	0.14925	-0.22709
4611.573	0.49627	0.35296	0.16675	-0.21606
4615.539	0.49364	0.36909	0.20177	-0.22364
4619.570	0.47170	0.24577	0.23016	-0.26374
4623.472	0.46289	0.25204	0.24904	-0.31135
4627.574	0.46157	0.13677	0.28550	-0.41323
4631.575	0.46130	0.07430	0.31205	-0.51711
4635.556	0.48232	-0.13107	0.33089	-0.58368
4639.577	0.42070	-0.31592	0.30761	-0.60341
4643.574	0.37608	-0.56022	0.30659	-0.64323
4647.576	0.48954	-0.56516	0.30203	-0.64741
4651.578	0.51163	-0.62699	0.31488	-0.64485
4655.473	0.69479	-0.65408	0.30347	-0.62689
4659.575	0.72672	-0.72525	0.30367	-0.63094
4663.577	0.67342	-0.68866	0.30300	-0.57118
4667.575	0.70072	-0.76100	0.27170	-0.56584
4671.471	0.61811	-0.74445	0.26441	-0.62485
4675.576	0.59419	-0.68761	0.20963	-0.59424
4679.565	0.66253	-0.72588	0.19976	-0.54532
4683.577	0.73893	-0.65710	0.17400	-0.51739
