time (ms)	lx (deg)	ly (deg)	rx (deg)	ry (deg)
0.000	1.57138	-2.03082	0.59431	-2.05106
4.008	1.59660	-2.07999	0.53352	-1.96402
8.007	1.55048	-1.99718	0.63007	-2.12124
12.009	1.54100	-2.08270	0.62873	-1.92075
16.001	1.55836	-1.88378	0.67836	-1.93046
20.010	1.70184	-1.82747	0.58590	-1.93015
24.019	1.66113	-1.84277	0.61794	-1.99208
28.009	1.69743	-1.92578	0.64967	-1.93134
32.000	1.69983	-2.23684	0.78908	-1.94376
36.015	1.71104	-1.99317	0.79478	-1.95982
40.012	1.73777	-1.93909	0.71151	-1.99080
44.008	1.70415	-2.03431	0.73000	-2.27885
48.001	1.75453	-1.85690	0.77280	-2.20948
51.969	1.75557	-1.76849	0.65049	-2.14327
56.010	1.80923	-1.75596	0.71285	-2.11180
59.973	1.63918	-1.95052	0.70072	-2.20912
63.907	1.64201	-1.96712	0.74052	-2.19392
68.011	1.59524	-1.85645	0.73223	-2.15410
72.012	1.63273	-1.92098	0.56247	-2.16028
76.011	1.37689	-1.30328	0.52076	-1.19614
79.909	0.74305	-0.83681	0.38405	-1.43726
84.006	0.92946	-0.30197	0.04100	-0.85584
88.009	0.90617	-0.46078	0.21028	-1.24593
92.009	1.13744	-0.73403	0.04619	-1.76686
95.908	1.21519	-0.78389	-0.09210	-1.92354
100.009	1.16892	-0.84086	-0.24899	-1.72146
104.012	1.18532	-0.74301	-0.36807	-1.89320
108.012	1.08584	-0.80057	-0.22869	-1.52266
112.003	0.97536	-0.62715	-0.35000	-1.73396
116.011	1.09289	-0.53790	-0.34526	-1.54300
119.973	0.99668	-0.49752	-0.40690	-1.64023
123.977	1.01533	-0.47342	-0.39633	-1.77365
128.013	1.03074	-0.50591	-0.40710	-1.61068
132.007	1.16520	-0.52874	-0.42447	-1.67592
136.013	1.25190	-0.41761	-0.41656	-1.70758
140.009	1.15684	-0.52566	-0.42470	-1.62314
143.909	1.14553	-0.68927	-0.22495	-1.42407
148.009	1.08202	-0.51571	-0.13081	-1.27057
151.973	1.05644	-0.36683	-0.00658	-1.13099
156.012	0.96839	-0.34413	-0.05867	-1.21593
159.917	0.98057	-0.44984	0.14449	-1.29802
164.015	0.96842	-0.39623	0.06135	-1.30393
167.975	0.91622	-0.50543	-0.12394	-1.32380
172.011	0.80280	-0.47638	0.03254	-1.18365
175.908	0.81697	-0.39056	-0.00784	-1.18663
180.010	0.78362	-0.54179	-0.07902	-1.28598
183.974	0.78362	-0.71379	-0.05254	-1.32512
188.014	0.85218	-0.73521	0.10384	-1.24499
191.908	0.70119	-0.74677	-0.01988	-1.31742
196.011	0.88542	-0.72915	-0.10277	-1.22217
200.013	0.76605	-0.72661	-0.11468	-1.35184
204.006	0.82265	-0.67480	-0.16064	-1.27159
207.911	0.75099	-0.77426	-0.20489	-1.18364
212.012	0.95172	-0.66680	-0.10483	-1.22152
216.014	1.00521	-0.81912	-0.18588	-1.34749
220.015	0.95145	-0.69122	-0.16998	-1.32074
223.910	0.94820	-0.75944	-0.01276	-1.24209
228.013	0.66288	-0.76824	0.03839	-1.26812
232.010	0.75821	-0.63399	-0.07143	-1.20374
235.976	0.73146	-0.56138	-0.04440	-1.24954
239.908	0.82523	-0.40927	-0.00300	-1.28993
244.010	0.81965	-0.37384	0.07443	-1.24924
247.985	0.64518	-0.30378	0.12679	-1.21549
252.012	0.70868	-0.28261	0.09969	-1.17743
255.909	0.72136	-0.26246	-0.04544	-1.31933
260.012	0.62905	-0.37010	-0.03827	-1.22545
264.017	0.83699	-0.30680	-0.00799	-1.25987
268.011	0.77903	-0.35799	-0.10783	-1.22179
271.913	0.70360	-0.57231	-0.18909	-1.22370
276.011	0.68283	-0.88658	-0.17129	-1.28955
280.015	0.74029	-0.77106	-0.16936	-1.38012
284.016	0.71223	-0.64449	-0.21683	-1.35506
287.997	0.51786	-0.59358	-0.27413	-1.44610
292.009	0.89731	-0.38079	-0.29538	-1.32547
296.012	0.70963	-0.26169	-0.25632	-1.28172
300.014	0.69980	-0.32192	-0.24286	-1.11530
303.879	0.49612	-0.09370	-0.22859	-1.09417
308.014	0.47639	-0.04619	-0.20095	-1.01286
311.976	0.44505	0.04257	-0.16412	-0.82516
316.010	0.48225	0.01531	-0.10051	-0.85258
319.915	0.55828	-0.00286	-0.09351	-0.79505
324.014	0.42539	0.02338	-0.06594	-0.77922
328.013	0.18899	0.05556	-0.09751	-0.77892
331.977	0.29498	0.10434	-0.06713	-0.73838
335.912	0.33682	0.03273	-0.04073	-0.79972
340.015	0.32724	-0.06240	-0.00539	-0.95539
344.015	0.36266	-0.07012	-0.07857	-1.02099
348.014	0.30511	-0.17369	-0.04363	-1.03861
351.912	0.33943	-0.37628	-0.12463	-0.88428
356.017	0.39933	-0.37732	-0.17705	-1.06051
360.012	0.41189	-0.52789	-0.31578	-0.99656
364.014	0.42519	-0.45728	-0.24371	-1.07668
367.910	0.49369	-0.66421	-0.28069	-0.99154
371.994	0.47545	-0.50500	-0.17921	-0.92391
376.015	0.53731	-0.46701	-0.20343	-1.02056
380.012	0.48505	-0.45747	-0.31002	-1.08385
384.019	0.57076	-0.53571	-0.28624	-1.19819
388.016	0.55359	-0.68786	-0.31233	-1.14995
392.014	0.55821	-0.75660	-0.27185	-1.27436
396.015	0.48267	-0.66086	-0.20812	-1.23659
399.915	0.52006	-0.41826	-0.30312	-1.17931
404.016	0.51304	-0.40798	-0.21487	-1.00685
408.015	0.40859	-0.29714	-0.23626	-1.08358
411.889	0.34474	-0.45229	-0.29813	-1.01624
415.889	0.33839	-0.49152	-0.28863	-1.05096
419.856	0.31739	-0.66077	-0.27143	-1.13974
423.892	0.28160	-0.54616	-0.30538	-1.01604
427.890	0.26922	-0.60522	-0.27269	-1.13304
431.883	0.27160	-0.59203	-0.29309	-0.99974
435.856	0.26731	-0.77268	-0.38184	-0.96140
439.854	0.30508	-0.66013	-0.43286	-0.98015
443.890	0.34878	-0.58474	-0.38789	-0.89125
447.883	0.37444	-0.51979	-0.48877	-0.92107
451.888	0.46711	-0.62099	-0.47239	-0.90112
455.891	0.35809	-0.66559	-0.40075	-0.93097
459.875	0.33302	-0.73643	-0.37851	-1.03819
463.895	0.29282	-0.69837	-0.47448	-0.94919
467.892	0.25445	-0.80470	-0.51257	-1.00759
471.892	0.32014	-0.75104	-0.52565	-0.99966
475.891	0.35581	-0.84966	-0.50001	-1.06303
479.889	0.40775	-0.84561	-0.50433	-1.09602
483.892	0.43428	-0.82039	-0.51113	-1.13499
487.892	0.46433	-0.85544	-0.49257	-1.18772
491.891	0.41020	-0.96011	-0.47736	-1.22034
495.872	0.45805	-1.03281	-0.56019	-1.32051
499.891	0.55213	-0.99886	-0.61000	-1.39157
503.886	0.45301	-0.89308	-0.62024	-1.29072
507.893	0.35980	-0.93038	-0.59183	-1.37998
511.883	0.48088	-0.82354	-0.66508	-1.34385
515.892	0.64228	-0.86928	-0.67898	-1.38276
519.891	0.68335	-0.70394	-0.65546	-1.37756
523.890	0.66863	-0.64817	-0.68436	-1.33759
527.883	0.61009	-0.66745	-0.56046	-1.34487
531.891	0.54488	-0.72699	-0.59523	-1.44685
535.893	0.59287	-0.69384	-0.61600	-1.48695
539.890	0.46061	-0.64717	-0.50654	-1.49195
543.886	0.40958	-0.62218	-0.54054	-1.45548
547.892	0.48892	-0.67122	-0.53488	-1.50120
551.858	0.55146	-0.68816	-0.65526	-1.43939
555.889	0.48215	-0.70506	-0.64697	-1.58137
559.885	0.40077	-0.79386	-0.61876	-1.57199
563.899	0.37804	-0.88750	-0.62657	-1.55689
567.891	0.37884	-0.89011	-0.52307	-1.64007
571.891	0.30952	-1.05153	-0.66523	-1.65068
575.891	0.26242	-1.02665	-0.70427	-1.63324
579.894	0.23954	-0.97786	-0.54495	-1.65775
583.880	0.28146	-1.03517	-0.52091	-1.63302
587.881	0.35055	-1.00771	-0.57486	-1.58690
591.914	0.32424	-1.03715	-0.54969	-1.44289
595.892	0.28562	-0.94104	-0.53947	-1.50492
599.890	0.33878	-1.02132	-0.54974	-1.50641
603.856	0.40713	-0.95755	-0.43976	-1.52501
607.886	0.37204	-1.00306	-0.41834	-1.51898
611.892	0.27076	-0.92860	-0.55113	-1.48913
615.892	0.14434	-0.87971	-0.53369	-1.51992
619.852	0.05043	-0.82243	-0.63402	-1.64210
623.886	0.23822	-0.87543	-0.61431	-1.66346
627.864	0.10364	-0.87768	-0.76054	-1.75117
631.893	0.13220	-0.82712	-0.84171	-1.77054
635.894	0.11247	-0.87996	-0.91237	-1.79171
639.884	0.22792	-0.90212	-0.88768	-1.79440
643.894	0.26580	-0.94395	-0.99645	-1.78439
647.895	0.10686	-0.98954	-1.00695	-1.82149
651.856	0.07006	-0.96577	-1.04431	-1.81872
655.902	0.16159	-1.00526	-1.01908	-1.86159
659.892	0.26959	-1.01562	-1.05964	-1.76264
663.897	0.21234	-0.96442	-1.03436	-1.70300
667.875	0.24587	-0.97406	-1.00209	-1.61514
671.885	0.30655	-1.03010	-0.92549	-1.57290
675.892	0.32047	-0.91438	-0.79766	-1.58981
679.892	0.27545	-0.75720	-0.65082	-1.47520
683.892	0.26091	-0.82726	-0.72784	-1.38662
687.885	-0.05703	-0.70633	-0.77580	-1.30364
691.892	0.06582	-0.65077	-0.69824	-1.23368
695.893	0.14948	-0.58607	-0.53203	-1.20014
699.894	0.17268	-0.58358	-0.69620	-1.05241
703.892	0.11540	-0.54331	-0.85071	-1.03114
707.893	0.16968	-0.59096	-0.68295	-1.12326
711.889	0.22065	-0.91638	-0.74454	-1.11899
715.895	0.07731	-0.68869	-0.92403	-1.22263
719.896	0.13771	-0.87305	-0.87815	-1.31555
723.893	0.17345	-0.91081	-0.79493	-1.45121
727.894	0.01742	-0.89484	-0.81133	-1.63248
731.892	0.12734	-0.70568	-0.87488	-1.76226
735.893	0.11044	-0.80580	-0.88929	-1.40671
739.896	0.14091	-0.78553	-0.87674	-1.46553
743.896	0.21092	-0.92897	-0.91644	-1.22052
747.897	0.21964	-0.87250	-0.78183	-1.40704
751.895	0.19737	-0.96025	-0.72551	-1.57174
755.895	0.30377	-0.66868	-0.81223	-1.52450
759.896	0.35903	-0.83207	-0.61280	-1.32301
763.897	0.31454	-0.69884	-0.80751	-1.39377
767.888	0.25344	-0.82602	-0.91448	-1.11865
771.896	0.28500	-0.90688	-0.88892	-1.20722
775.894	0.23909	-0.72071	-0.88870	-1.33594
779.895	0.32861	-0.56211	-0.88743	-1.19970
783.886	0.27399	-0.85809	-0.84188	-1.18233
787.896	0.28754	-0.87988	-0.92430	-1.17641
791.884	0.24113	-0.66416	-0.92840	-1.27622
795.887	0.20564	-0.71815	-0.84900	-1.32612
799.888	0.04787	-0.94987	-0.75888	-1.38634
803.896	0.04224	-0.91030	-0.79156	-1.40004
807.892	-0.08014	-0.62901	-0.65225	-1.40820
811.858	-0.08014	-0.53270	-0.47103	-1.28447
815.897	-0.14099	-0.62473	-0.45445	-1.32945
819.895	-0.21882	-0.65561	-0.65379	-1.44796
823.894	-0.14972	-0.69740	-0.43304	-1.47018
827.893	-0.11612	-0.62520	-0.37345	-1.59283
831.892	-0.04557	-0.58697	-0.33464	-1.67194
835.866	-0.13727	-0.68583	-0.38226	-1.50064
839.895	-0.06659	-0.75149	-0.37109	-1.51591
843.899	-0.05217	-0.74720	-0.41291	-1.43711
847.887	-0.03264	-0.75246	-0.41765	-1.39517
851.862	-0.01961	-0.85323	-0.37258	-1.41591
855.899	0.06765	-0.87569	-0.44150	-1.43507
859.895	0.08200	-0.93921	-0.59322	-1.49384
863.890	0.09235	-0.90876	-0.53749	-1.52104
867.879	0.02966	-0.87385	-0.57163	-1.45803
871.900	-0.11366	-0.84727	-0.55324	-1.44806
875.885	-0.16754	-0.84180	-0.60230	-1.46818
879.862	-0.19256	-0.68448	-0.59573	-1.51618
883.896	-0.22574	-0.73502	-0.61392	-1.60283
887.899	-0.13908	-0.67005	-0.61913	-1.70142
891.898	-0.08547	-0.64401	-0.56044	-1.68962
895.896	-0.07929	-0.59797	-0.63511	-1.66435
899.896	-0.12724	-0.64337	-0.63799	-1.66532
903.896	-0.13332	-0.61765	-0.59047	-1.65600
907.896	-0.13506	-0.58808	-0.56627	-1.62757
911.888	-0.00194	-0.59889	-0.59766	-1.63335
915.892	0.09694	-0.66309	-0.63868	-1.62169
919.893	0.11972	-0.78394	-0.66022	-1.63728
923.897	0.20030	-0.79343	-0.66124	-1.60788
927.896	0.15481	-0.79055	-0.63796	-1.61035
931.898	0.11543	-0.80968	-0.57138	-1.58618
935.897	0.09299	-0.68436	-0.58528	-1.58094
939.897	0.05624	-0.57544	-0.58171	-1.56076
943.897	0.10773	-0.40732	-0.57627	-1.57988
947.897	0.02435	-0.32830	-0.52108	-1.56221
951.860	0.18698	-0.63760	-0.60965	-1.58809
955.899	0.12754	-0.61216	-0.60129	-1.60189
959.864	0.13952	-0.59815	-0.50959	-1.57907
963.898	0.12880	-0.45801	-0.52840	-1.55623
967.902	0.13550	-0.55891	-0.58627	-1.46774
971.898	0.08006	-0.57959	-0.48708	-1.43094
975.897	0.09974	-0.58662	-0.45984	-1.28859
979.896	-0.12838	-0.55399	-0.51917	-1.27110
983.898	-0.07512	-0.52080	-0.51302	-0.99502
987.898	-0.16754	-0.66307	-0.53758	-1.23426
991.892	0.03075	-0.60920	-0.42772	-1.16774
995.897	-0.20544	-0.54716	-0.51386	-1.12401
999.898	0.09207	-0.60287	-0.42380	-1.22385
1003.890	-0.10493	-0.57559	-0.44760	-1.11143
1007.890	-0.15791	-0.62051	-0.41857	-1.08016
1011.897	-0.06606	-0.59902	-0.36055	-1.53411
1015.898	0.12823	-0.47242	-0.41934	-1.50503
1019.899	0.06155	-0.50728	-0.44192	-1.44098
1023.891	0.05832	-0.46581	-0.45475	-1.38259
1027.899	0.05006	-0.37129	-0.48639	-1.42423
1031.897	0.14526	-0.42687	-0.52471	-1.44506
1035.899	0.22581	-0.40379	-0.51121	-1.45599
1039.898	0.19293	-0.39261	-0.50453	-1.52770
1043.866	0.17457	-0.36175	-0.60826	-1.54751
1047.899	0.11064	-0.41159	-0.66667	-1.60103
1051.863	0.10533	-0.39850	-0.54898	-1.65079
1055.864	0.09617	-0.22113	-0.63290	-1.59679
1059.861	0.09681	-0.30805	-0.59620	-1.52639
1063.900	0.13062	-0.24061	-0.62809	-1.43262
1067.906	0.01348	-0.31918	-0.55426	-1.36017
1071.900	0.04859	-0.41612	-0.60119	-1.21545
1075.899	0.14089	-0.67050	-0.60464	-1.09975
1079.912	0.03229	-0.62414	-0.66312	-1.10421
1083.881	-0.06753	-0.61345	-0.72561	-1.05713
1087.872	0.00881	-0.19904	-0.67322	-1.08225
1091.901	-0.01514	-0.14159	-0.66682	-1.03414
1095.900	0.26068	-0.21151	-0.71126	-0.99585
1099.900	0.38003	-0.28126	-0.77015	-0.97445
1103.894	0.26699	-0.55232	-0.79129	-0.96424
1107.900	0.35675	-0.60055	-0.80615	-0.93530
1111.899	0.21187	-0.50179	-0.83451	-0.92302
1115.898	0.18866	-0.39683	-0.86339	-0.92281
1119.860	0.16166	-0.51948	-0.89225	-0.87146
1123.934	0.26252	-0.32698	-0.89718	-0.99158
1127.899	0.30394	-0.38972	-0.87560	-0.96377
1131.900	0.22368	-0.36602	-0.90708	-1.06843
1135.903	0.29838	-0.49274	-0.84086	-1.16541
1139.900	0.34930	-0.50832	-0.84605	-1.25430
1143.902	0.21527	-0.47490	-0.79694	-1.13085
1147.901	0.22539	-0.36329	-0.73516	-0.95856
1151.902	0.26242	-0.43177	-0.71570	-1.29467
1155.903	0.19090	-0.28420	-0.84565	-1.38177
1159.901	0.08423	-0.33494	-0.80674	-1.48639
1163.909	0.28860	-0.41219	-0.66749	-1.65932
1167.880	0.46512	-0.34139	-0.67062	-1.61942
1171.902	0.10850	-0.14517	-0.61315	-1.54337
1175.902	0.18534	-0.21442	-0.67208	-1.50608
1179.906	0.28121	-0.16355	-0.71563	-1.26958
1183.861	0.00712	-0.23214	-0.76047	-1.03837
1187.870	-0.12717	-0.11003	-0.76067	-1.55583
1191.900	-0.01032	-0.12710	-0.75260	-1.49145
1195.900	-0.08820	-0.12827	-0.79518	-1.32849
1199.903	-0.00573	-0.29776	-0.81935	-1.29767
1203.904	0.25331	-0.34890	-0.83957	-1.30037
1207.891	0.30744	-0.22784	-0.69640	-1.44409
1211.893	0.27763	-0.21208	-0.79804	-1.44267
1215.800	0.28312	-0.22595	-0.79910	-1.33202
1219.903	0.53344	-0.22955	-0.85826	-1.22325
1223.902	2.75707	0.13286	0.40579	-0.96930
1227.901	4.33707	0.32863	2.84081	-0.88662
1231.801	6.56395	0.11442	3.74560	-0.77260
1235.903	6.73037	0.60449	4.20550	-0.53716
1239.862	7.03555	0.55707	6.24222	-0.77878
1243.900	7.36533	0.66906	6.39930	-0.63511
1247.801	7.33701	0.37500	6.24678	-0.40557
1251.870	7.13913	0.50219	5.69956	-0.45102
1255.865	7.15557	0.52705	4.86677	-0.35411
1259.905	7.05437	0.63576	5.34390	-0.22885
1263.800	7.00783	0.73232	5.94445	-0.13972
1267.906	6.94262	0.84357	6.03660	-0.27466
1271.901	7.27306	0.65303	5.66172	-0.25719
1275.903	7.17592	0.54645	5.87246	-0.35449
1279.802	7.32683	0.62604	6.00212	-0.29205
1283.903	7.40623	0.72724	5.94882	-0.33437
1287.905	7.05723	0.69323	5.95145	-0.24157
1291.886	6.99157	0.69069	5.92324	-0.18139
1295.796	7.17431	0.77164	5.83510	-0.05990
1299.902	7.12483	0.67723	5.87857	0.21992
1303.903	7.30637	0.59896	5.86479	0.01449
1307.867	7.18794	0.45868	5.88741	-0.12154
1311.906	7.17565	0.45427	5.88390	-0.13281
1315.901	7.26007	0.52182	5.89392	-0.05685
1319.900	7.20861	0.55819	5.93799	-0.05892
1323.903	7.15152	0.60777	5.93073	0.02187
1327.905	7.11418	0.61359	5.94899	0.04538
1331.896	7.08197	0.64746	5.95624	0.10805
1335.898	7.12246	0.67738	5.93254	0.04711
1339.903	7.08551	0.59506	5.99441	-0.02076
1343.908	6.99629	0.65342	5.98169	-0.07528
1347.904	7.03663	0.67060	6.02210	-0.10453
1351.903	6.91755	0.68833	5.98687	-0.20653
1355.902	6.97123	0.67864	6.00187	0.08595
1359.908	7.04306	0.64231	6.05066	0.11540
1363.903	7.16283	0.64490	5.92815	-0.05106
1367.879	7.04005	0.56676	6.06294	-0.29667
1371.904	7.19334	0.55913	6.13699	-0.37798
1375.908	7.10963	0.51709	6.11496	-0.28488
1379.875	7.23753	0.42508	6.17661	-0.38272
1383.906	7.19893	0.51825	6.12026	-0.19635
1387.904	7.25255	0.44500	6.00158	-0.14388
1391.874	7.42441	0.41196	6.16729	-0.23845
1395.905	7.33833	0.35142	6.05260	-0.23557
1399.905	7.32277	0.26601	6.20271	-0.23911
1403.901	7.29477	0.34914	6.11891	-0.37011
1407.906	7.23091	0.47567	6.25865	-0.34682
1411.906	7.24866	0.29294	6.33665	-0.37087
1415.892	7.44145	0.14542	6.26968	-0.31063
1419.894	7.29875	0.01629	6.24173	-0.23252
1423.909	7.29201	0.02736	6.40506	-0.32260
1427.865	7.48051	0.21883	6.25777	-0.40707
1431.903	7.36227	0.12825	6.27989	-0.37472
1435.906	7.21577	0.10756	6.38918	-0.45717
1439.911	7.42278	-0.01454	6.48066	-0.42217
1443.868	7.31074	0.01247	6.45667	-0.47039
1447.903	7.39803	0.11934	6.30656	-0.42745
1451.779	7.30991	-0.09073	6.46108	-0.37859
1455.803	7.21887	-0.00777	6.39979	-0.26307
1459.746	7.15760	0.05419	6.44584	-0.33035
1463.761	7.18601	-0.02520	6.20965	-0.19044
1467.779	7.27904	0.04752	6.25931	-0.02843
1471.804	7.19605	0.01156	6.50944	0.04888
1475.783	7.01912	-0.10124	6.35586	-0.04206
1479.783	7.11415	-0.07314	6.29805	-0.09556
1483.776	7.06066	-0.10794	6.28092	0.03342
1487.780	7.17258	-0.18286	6.37371	-0.18065
1491.772	7.40892	-0.18644	6.24612	-0.03206
1495.783	7.17409	-0.34723	6.24379	-0.19618
1499.787	7.25011	-0.32122	6.20688	0.13397
1503.799	7.28154	-0.28444	6.27027	-0.13946
1507.774	7.42673	-0.25602	6.37199	-0.02931
1511.784	7.36059	-0.31840	6.29940	-0.07057
1515.781	7.38329	-0.30266	6.30982	-0.09148
1519.803	7.33984	-0.37569	6.33400	-0.06997
1523.783	7.37748	-0.35612	6.32772	-0.24979
1527.743	7.32690	-0.31088	6.37236	-0.39833
1531.784	7.22019	-0.35597	6.31223	-0.23745
1535.805	7.22588	-0.34776	6.32515	-0.15898
1539.782	7.13707	-0.26449	6.38067	-0.00165
1543.779	7.23482	-0.24087	6.36692	-0.19949
1547.753	7.17150	-0.12515	6.32814	-0.20334
1551.810	7.10651	-0.09188	6.28695	-0.20543
1555.781	7.06105	-0.23519	6.35939	-0.20602
1559.745	7.05445	-0.15655	6.31193	-0.22950
1563.746	6.88113	-0.49157	5.95493	-0.20817
1567.804	5.00883	-0.13761	2.69762	-0.16899
1571.787	2.97651	0.11380	0.25304	-0.06058
1575.782	0.97355	0.02619	-1.74729	-0.04975
1579.782	-0.82272	0.20200	-4.37611	-0.39645
1583.791	-3.36236	0.35098	-5.68281	-0.29346
1587.765	-4.95869	0.24934	-8.51149	-0.31147
1591.785	-6.75798	0.40839	-9.84207	-0.34663
1595.745	-9.35232	0.47916	-11.16206	-0.41585
1599.805	-10.51686	1.04388	-12.39378	-0.41540
1603.792	-11.84865	1.10126	-13.91434	-0.35492
1607.781	-13.36589	1.41629	-14.35598	-0.43694
1611.781	-13.83973	1.36135	-16.08972	-0.25726
1615.807	-14.19065	1.79592	-16.16404	-0.26206
1619.783	-14.43172	2.00861	-15.95867	0.07158
1623.784	-14.36509	1.74571	-14.40137	-0.36677
1627.784	-14.09896	1.74745	-14.34848	-0.05559
1631.749	-14.08993	1.39913	-14.80927	0.04776
1635.784	-14.18363	1.60088	-14.86762	0.19207
1639.782	-14.17640	1.76332	-14.87350	0.07933
1643.784	-14.10814	1.82515	-14.90343	0.00730
1647.774	-14.29005	1.65612	-15.04013	0.01337
1651.784	-14.22916	1.68987	-14.91272	-0.03393
1655.782	-14.43927	1.94136	-14.85834	-0.00002
1659.783	-14.24354	1.62905	-14.69265	-0.00726
1663.776	-14.25336	1.62787	-14.54179	-0.02906
1667.784	-14.15596	1.57508	-14.66777	-0.08649
1671.766	-14.17157	1.79804	-14.79101	-0.18536
1675.781	-13.82157	1.97139	-14.67604	-0.20892
1679.810	-13.59741	2.15381	-14.57629	-0.25374
1683.786	-12.92694	2.12341	-14.55535	-0.28626
1687.783	-14.30734	1.69203	-14.56616	-0.22610
1691.785	-14.09348	1.55581	-14.51888	-0.26562
1695.809	-14.23879	1.77751	-14.45912	-0.14642
1699.783	-14.16809	1.89990	-14.46989	-0.22367
1703.784	-14.14154	1.67064	-14.61936	-0.23850
1707.784	-14.04895	1.58610	-14.60500	-0.37112
1711.812	-14.22102	1.85843	-14.55583	-0.30442
1715.773	-14.28860	1.65866	-14.50174	-0.19383
1719.786	-14.28254	1.53170	-14.52556	-0.24437
1723.783	-14.31740	1.57080	-14.51318	-0.23765
1727.819	-14.32563	1.76612	-14.51465	-0.27869
1731.786	-17.47694	2.02810	-14.51979	-0.22090
1735.786	-14.33439	1.63407	-14.62233	-0.15807
1739.783	-16.23373	1.85901	-14.57013	-0.19531
1743.797	-15.88927	1.94529	-14.63874	-0.20583
1747.785	-15.25850	1.98957	-14.53391	-0.20422
1751.788	-15.77005	6.20539	-14.59300	-0.17016
1755.755	-16.15689	6.23850	-14.67897	-0.15497
1759.808	-17.07032	6.56281	-15.04802	-0.08939
1763.785	-17.66553	6.61389	-15.45929	-0.01897
1767.788	-17.63574	6.73748	-15.68230	-0.01254
1771.788	-17.25042	6.78956	-15.69374	0.06308
1775.808	-15.85481	1.99590	-15.40726	0.04434
1779.784	-15.75297	2.05263	-15.52200	0.04401
1783.785	-15.56738	1.48832	-15.53637	-0.05631
1787.785	-15.85159	1.82132	-15.82396	0.01432
1791.811	-15.77596	1.90749	-15.78899	0.00945
1795.772	-15.86420	1.96718	-15.81861	0.13733
1799.750	-15.89960	1.89346	-15.85007	0.28764
1803.786	-15.78214	1.80486	-15.81612	0.17960
1807.778	-15.72269	1.83182	-15.79526	0.16800
1811.785	-15.72393	1.89020	-15.89524	0.16168
1815.786	-15.66470	1.79479	-15.85079	0.18992
1819.787	-15.64250	1.82068	-15.81456	0.17927
1823.784	-15.55211	1.66937	-15.86383	0.28129
1827.786	-15.68546	1.72051	-15.84222	0.30099
1831.787	-15.56326	1.65103	-16.00741	0.25130
1835.787	-15.56309	1.63151	-15.87651	0.19656
1839.810	-15.48898	1.60434	-15.85166	0.10984
1843.787	-15.42929	1.59262	-15.84865	0.16398
1847.785	-15.43950	1.72728	-15.90876	0.29496
1851.750	-15.43983	1.87289	-15.85207	0.19965
1855.812	-15.42850	1.85665	-15.82835	0.16496
1859.785	-15.40272	1.87018	-15.88188	0.19106
1863.786	-15.46512	1.88244	-15.90504	0.18561
1867.751	-15.50467	2.01164	-15.91319	0.18224
1871.782	-15.51965	2.04538	-15.93940	0.17908
1875.751	-15.58753	1.96952	-15.94463	0.07617
1879.765	-15.60302	1.95149	-15.83783	0.22562
1883.786	-15.64834	1.98914	-15.91805	0.21930
1887.791	-15.71754	1.95779	-15.90217	0.33118
1891.788	-15.75911	1.91477	-15.92147	0.30871
1895.785	-15.82398	1.91557	-15.89744	0.37779
1899.786	-15.84702	1.90515	-15.85809	0.40494
1903.812	-15.91817	1.84597	-15.87145	0.36404
1907.785	-15.89409	1.56878	-15.84481	0.35704
1911.786	-15.83037	1.77123	-15.86592	0.09315
1915.787	-15.85529	1.79155	-15.78161	0.20436
1919.803	-15.88622	1.80264	-15.80783	0.35933
1923.779	-15.84341	1.72187	-15.80326	0.30514
1927.786	-15.91218	1.73091	-15.87171	0.33099
1931.790	-15.91542	1.60596	-15.88658	0.31046
1935.785	-15.77883	1.54184	-15.82028	0.40975
1939.785	-15.81261	1.49707	-15.78965	0.39939
1943.787	-15.83448	1.46666	-15.78738	0.32018
1947.788	-15.84114	1.50106	-15.75964	0.24632
1951.785	-15.67151	1.58018	-15.68529	0.28180
1955.787	-14.56950	1.57311	-15.11889	0.24728
1959.787	-11.74247	1.35113	-12.46855	0.39966
1963.760	-9.11496	1.25466	-11.79655	0.40266
1967.790	-5.84247	-0.22456	-8.40286	0.17739
1971.796	-3.93398	-0.87008	-6.64315	-0.00476
1975.786	-1.72421	-1.97041	-4.75773	-0.66608
1979.790	0.72062	-1.92329	-2.40038	-0.37509
1983.790	1.96303	-1.76741	-0.49073	-0.40149
1987.788	4.55934	-1.77934	1.49440	-0.72596
1991.788	5.66973	-1.17180	3.43125	-0.40523
1995.791	6.72886	-1.53611	4.22624	-0.28660
1999.795	7.05481	-1.67753	5.08685	-0.35426
2003.752	7.12701	-1.55066	5.85431	-0.48513
2007.788	7.04941	-1.63647	5.59484	-0.56632
2011.790	7.06237	-1.62256	5.44158	-0.64151
2015.792	7.05208	-1.66852	5.40287	-0.75389
2019.792	7.11445	-1.56366	5.39030	-0.73773
2023.789	7.21415	-1.57398	5.50606	-0.83797
2027.790	7.19427	-1.61219	5.52386	-0.98314
2031.791	7.11242	-1.63849	5.54604	-0.52145
2035.786	7.16583	-1.64912	5.57021	-0.58410
2039.790	7.09661	-1.33318	5.67878	-0.63472
2043.791	7.03367	-1.46636	5.68541	-0.90607
2047.788	6.93802	-1.49284	5.63670	-0.61313
2051.789	6.91180	-1.34136	5.71389	-0.63760
2055.753	6.84252	-1.18720	5.67735	-0.65947
2059.789	6.85412	-1.28789	5.66103	-0.86845
2063.791	6.77027	-1.38829	5.71910	-0.44028
2067.790	6.78287	-1.13042	5.77802	-0.69228
2071.790	6.72403	-1.07456	5.80430	-0.51707
2075.793	6.71444	-1.21510	5.75259	-0.41622
2079.791	6.79684	-1.21536	5.71234	-0.57110
2083.789	6.74741	-0.95407	5.66762	-0.40847
2087.770	6.79919	-1.21496	5.69561	-0.36540
2091.791	6.71449	-1.05618	5.65521	-0.34268
2095.795	6.74320	-0.97752	5.68281	-0.36877
2099.791	6.78747	-1.10631	5.64430	-0.43749
2103.789	6.80533	-1.14813	5.61728	-0.27571
2107.791	6.81042	-1.16896	5.56138	-0.29834
2111.794	6.84316	-1.22493	5.60947	-0.28974
2115.788	6.77793	-1.17841	5.59145	-0.27763
2119.790	6.80254	-1.09992	5.57296	-0.25696
2123.791	6.77543	-0.92215	5.60580	-0.32888
2127.783	6.74362	-1.02345	5.58272	-0.36414
2131.783	6.74450	-1.00372	5.70455	-0.36856
2135.792	6.72408	-0.89103	5.76915	-0.40150
2139.753	6.72257	-0.89743	5.74500	-0.43779
2143.792	6.70612	-0.84767	5.86921	-0.34332
2147.791	6.65950	-0.83914	5.66091	-0.33852
2151.792	6.66340	-0.75131	5.84249	-0.24945
2155.791	6.62336	-0.58330	5.54843	-0.08894
2159.796	6.59652	-0.70345	5.62699	-0.08729
2163.793	6.59334	-0.65641	5.69802	-0.13802
2167.793	6.62236	-0.72518	5.74136	-0.10293
2171.766	6.63308	-0.79940	5.72799	-0.13352
2175.756	6.61038	-0.87340	5.82324	-0.16983
2179.790	6.57840	-0.86208	5.84033	-0.08590
2183.794	6.61496	-0.65984	5.81442	-0.01488
2187.792	6.62846	-0.72710	5.75369	-0.14609
2191.795	6.71285	-0.70531	5.82059	-0.16575
2195.792	6.86435	-0.59393	5.71104	-0.20097
2199.793	7.18525	-0.64039	5.77472	-0.23099
2203.790	6.69669	-0.52611	5.80850	-0.22195
2207.759	6.52238	-0.63402	5.77888	-0.22856
2211.776	6.60051	-0.62025	5.80865	-0.21290
2215.790	6.64753	-0.56199	5.82068	-0.22726
2219.791	6.63279	-0.55416	5.80081	-0.13340
2223.797	6.65294	-0.49096	5.81791	-0.15945
2227.793	6.63154	-0.48084	5.79850	-0.12823
2231.794	6.64396	-0.48702	5.80518	-0.11444
2235.791	6.60568	-0.47062	5.78912	-0.11854
2239.794	6.56015	-0.47370	5.81712	-0.14140
2243.793	6.59050	-0.47108	5.83405	-0.14595
2247.792	6.60835	-0.52329	5.82341	-0.18511
2251.796	6.63903	-0.51365	5.81656	-0.18103
2255.794	6.65336	-0.54049	5.85723	-0.19588
2259.795	6.65977	-0.53639	5.85701	-0.22218
2263.793	6.64322	-0.48978	5.82653	-0.25470
2267.794	6.61606	-0.58651	5.78917	-0.21746
2271.795	6.61565	-0.52385	5.75487	-0.19099
2275.796	6.54884	-0.53243	5.72473	-0.22045
2279.795	6.57428	-0.55778	5.77996	-0.26073
2283.794	6.62552	-0.57352	5.69276	-0.39090
2287.798	6.73544	-0.63180	5.68858	-0.43118
2291.797	6.54002	-0.64814	5.60534	-0.36724
2295.774	6.52427	-0.64300	5.57734	-0.43873
2299.793	6.58802	-0.61296	5.50114	-0.38143
2303.795	6.65350	-0.61228	5.49851	-0.39362
2307.790	6.56870	-0.58356	5.40294	-0.11800
2311.792	6.56233	-0.56192	5.32538	-0.30977
2315.792	6.68173	-0.61511	5.36654	-0.33003
2319.796	6.96907	-0.62971	5.63496	-0.37701
2323.792	9.30097	0.23282	8.16046	-0.11430
2327.797	10.99188	1.34004	9.47268	2.08709
2331.796	11.93315	3.76686	10.94406	3.46571
2335.795	13.78209	4.19432	11.73849	5.00637
2339.787	13.71437	4.99848	12.53646	5.92849
2343.758	13.86053	6.44390	14.25765	7.89767
2347.796	14.04061	7.38395	13.74500	8.13337
2351.691	13.91907	7.83583	13.63902	7.97591
2355.794	13.98449	7.84078	13.54063	8.15490
2359.793	14.09056	7.86331	13.39616	8.09779
2363.794	13.97040	7.91759	13.68916	7.56355
2367.691	14.28807	7.99103	13.93857	7.82952
2371.799	14.42470	8.07123	14.14733	7.90332
2375.797	14.45409	8.15263	14.14618	8.07392
2379.766	14.26380	8.21428	14.14656	8.14766
2383.800	14.16431	8.27130	14.18389	8.35277
2387.794	14.15997	8.25265	14.28361	8.47128
2391.794	14.15281	8.33810	14.32968	8.41510
2395.796	14.38297	8.29770	14.37333	8.32134
2399.691	14.33753	8.26966	14.30207	8.49530
2403.797	14.30510	8.35120	14.38283	8.38143
2407.797	14.36260	8.34740	14.41769	8.49479
2411.758	14.24758	8.27714	14.43910	8.47342
2415.698	14.16795	8.27537	14.41592	8.48067
2419.781	14.00478	8.24883	14.28203	8.56534
2423.790	13.97374	8.18246	14.22200	8.73483
2427.758	13.99786	8.21636	14.15918	8.77042
2431.694	14.13552	8.19392	14.12392	8.97502
2435.759	14.11643	8.14960	14.09999	8.63001
2439.797	13.92437	8.14255	14.13486	8.79295
2443.794	14.01221	8.21815	14.02230	8.59420
2447.694	13.94378	8.38704	14.14114	8.57036
2451.793	13.83030	8.35686	14.09640	8.68166
2455.797	13.83128	8.37624	14.06023	8.97811
2459.797	13.87524	8.32251	13.97234	8.89062
2463.695	13.89978	8.18446	13.94605	8.79573
2467.795	13.96846	8.22552	14.00933	8.84830
2471.795	13.89989	8.23051	13.96269	8.67955
2475.798	13.89547	8.28753	14.09180	8.73383
2479.665	13.87763	8.28204	14.14158	8.63863
2483.796	13.91965	8.25916	14.04930	8.63802
2487.672	13.87583	8.24357	14.23209	8.67648
2491.670	13.88726	8.16738	14.23897	8.41576
2495.672	13.86254	8.09024	14.06457	8.37981
2499.671	13.94679	8.18170	14.00583	8.46901
2503.672	13.93522	8.11246	14.26692	8.43109
2507.659	13.95495	8.09270	14.27867	8.42227
2511.669	14.03884	8.07500	14.59888	8.51243
2515.671	13.95180	8.07586	14.25520	8.39617
2519.671	14.02176	8.04293	14.43554	8.31931
2523.672	14.11320	7.89680	14.50360	8.33778
2527.667	14.19581	7.62870	14.41780	8.09359
2531.674	14.23818	7.51124	14.18337	8.11049
2535.669	14.35805	7.54980	14.41217	8.18888
2539.671	14.16350	7.73342	14.30680	8.09535
2543.673	14.35191	7.63163	14.53728	8.07302
2547.647	14.38160	7.50328	14.56402	8.11739
2551.637	14.40251	7.48369	14.55018	8.36197
2555.672	14.46347	7.50822	14.30764	8.29854
2559.670	14.35440	7.51602	14.25182	8.07150
2563.670	14.35086	7.54990	14.45700	8.01431
2567.636	14.37371	7.55096	14.20931	8.08386
2571.672	14.31545	7.53889	14.31957	8.09223
2575.675	14.35097	7.53859	14.42074	8.11782
2579.674	14.37035	7.55724	14.11545	8.10884
2583.671	14.56946	7.54194	14.21381	8.10592
2587.674	14.41382	7.50489	14.13629	7.99519
2591.633	14.52016	7.55359	14.22207	8.14146
2595.672	14.62177	7.52602	14.11927	8.12109
2599.672	14.39511	7.54317	14.25995	8.02860
2603.671	14.45935	7.43915	14.17441	7.95651
2607.664	14.51484	7.38325	14.30745	8.00296
2611.672	14.43384	7.31434	14.30960	7.88708
2615.637	14.57541	7.30534	14.52300	7.93424
2619.652	14.52495	7.34412	14.66401	7.95339
2623.695	14.55258	7.29409	14.33029	7.95618
2627.674	14.33234	7.32262	14.29902	8.10771
2631.674	14.57745	7.44588	14.42882	7.98336
2635.671	14.34820	7.29011	14.80236	7.92791
2639.681	14.33863	7.32119	14.56946	8.11504
2643.673	14.33029	7.34590	14.56929	8.21244
2647.673	14.32649	7.34152	14.36369	8.01283
2651.638	14.48152	7.34881	14.31088	8.42902
2655.672	14.25333	7.39865	14.52402	8.13336
2659.673	14.42141	7.40079	14.72241	8.12472
2663.672	14.44169	7.39311	14.36593	8.39800
2667.675	14.40235	7.38229	14.56876	8.54667
2671.673	14.32344	7.39767	14.25459	8.31325
2675.657	14.33464	7.35651	14.11482	8.31175
2679.676	14.59789	7.34051	14.32810	8.19055
2683.673	14.46577	7.36515	14.45416	8.21053
2687.673	14.53151	7.34740	14.49658	8.16441
2691.676	14.47794	7.37931	14.63379	8.10320
2695.674	14.55469	7.36310	14.76948	7.83736
2699.673	15.85823	5.11776	14.95035	6.02241
2703.673	16.47769	4.18549	15.28129	3.88802
2707.672	16.53733	1.86883	14.98451	2.57612
2711.676	16.07171	1.45462	15.56141	1.79395
2715.661	16.50163	1.29511	15.53693	1.33629
2719.674	16.22711	0.77547	15.27841	0.88208
2723.673	16.40002	0.40045	15.36735	0.72393
2727.674	16.37145	0.24469	15.50734	0.61521
2731.677	16.47607	0.36126	15.82410	0.78763
2735.676	16.43293	1.04916	15.86048	1.02189
2739.652	16.46674	1.00107	15.77610	1.18021
2743.675	16.45829	0.42473	15.74964	0.85688
2747.677	16.48938	0.10701	15.81419	0.77627
2751.646	16.47817	-0.30922	15.83099	0.79389
2755.674	16.49859	-0.30795	15.74304	0.58609
2759.642	16.49581	0.25899	15.83149	0.49794
2763.690	16.51799	-0.01325	15.81952	0.54019
2767.669	16.51714	0.05920	15.99461	0.60253
2771.676	16.51901	0.11650	16.00140	0.50038
2775.674	16.51351	0.08986	16.01060	0.53057
2779.674	16.53046	-0.17192	16.03593	0.50670
2783.670	16.50284	-0.06261	16.02048	0.48378
2787.676	16.48481	-0.08223	16.10786	0.50007
2791.672	16.45044	-0.16516	16.07377	0.49165
2795.676	16.42343	-0.13877	16.00532	0.49732
2799.666	16.39365	-0.07359	15.97874	0.60815
2803.673	16.39066	-0.03469	15.95589	0.65802
2807.639	16.42220	-0.03602	15.87830	0.70175
2811.676	16.47580	-0.12782	15.83223	0.75765
2815.667	16.48766	-0.19260	15.96720	0.79488
2819.639	16.45516	-0.17366	15.93880	0.88739
2823.677	16.75864	-0.18959	15.93240	0.83565
2827.676	16.80603	-0.22770	15.91379	0.84930
2831.675	16.81585	-0.17788	15.83090	0.85178
2835.677	17.10909	0.08906	15.96856	0.80166
2839.673	16.97620	0.08088	15.93169	0.81667
2843.672	17.00139	0.02875	15.94972	0.74228
2847.682	16.90586	-0.10858	15.99035	0.75125
2851.678	16.85546	-0.20257	15.95209	0.81768
2855.677	16.91847	-0.23317	16.03288	0.75345
2859.679	16.85059	-0.15171	16.08216	0.71474
2863.700	16.95801	0.12236	16.05883	0.64434
2867.679	16.82602	-0.02821	16.06066	0.75760
2871.675	16.89266	0.08253	16.09238	0.62284
2875.675	17.05596	0.00969	16.16280	0.61341
2879.701	16.94641	-0.12453	16.09325	0.62429
2883.656	16.97025	-0.25452	16.09105	0.64235
2887.638	16.63644	-0.27644	15.61640	0.76307
2891.677	15.55964	-0.30897	14.14247	0.56166
2895.701	14.80540	-0.82959	10.79193	0.32843
2899.679	12.26448	-1.62122	8.02046	0.04867
2903.678	10.52377	-1.99354	6.52858	-0.81741
2907.677	8.67781	-2.15775	5.11285	-1.45379
2911.701	6.72616	-2.63781	4.49674	-2.46784
2915.677	4.74476	-2.62822	3.28476	-2.53633
2919.676	3.92544	-2.54588	1.23781	-2.72255
2923.678	4.15821	-2.54797	1.60838	-2.69584
2927.680	4.06473	-2.57598	2.10719	-2.71413
2931.679	4.14690	-2.47402	2.21990	-2.73657
2935.676	4.35102	-2.55537	2.55495	-2.75186
2939.679	4.22634	-2.62550	2.31416	-2.76191
2943.702	3.71456	-3.14320	1.99538	-2.70927
2947.677	2.98861	-3.19949	1.54391	-2.63247
2951.681	2.98086	-3.53470	1.27549	-2.55202
2955.641	3.32093	-3.67286	1.40623	-2.58600
2959.703	3.24815	-3.80996	1.66460	-2.57438
2963.678	2.84232	-3.72050	1.61431	-2.46795
2967.680	3.21532	-3.89551	1.94364	-2.57979
2971.694	3.02591	-3.94097	1.65681	-2.63024
2975.682	3.39072	-3.95774	1.75840	-2.59027
2979.680	3.05303	-3.94109	1.72475	-2.90818
2983.680	3.07219	-3.90133	1.76854	-2.50251
2987.680	2.87772	-3.89024	1.93589	-2.50953
2991.671	2.98534	-3.89243	1.87537	-2.55035
2995.662	3.18368	-3.65673	1.92319	-2.66951
2999.681	3.11039	-3.57894	1.89811	-2.63302
3003.684	3.06380	-3.49975	1.91338	-2.53713
3007.663	3.12472	-3.45456	1.88155	-2.58809
3011.680	2.99762	-3.40803	1.89411	-2.50419
3015.681	3.09268	-3.46712	1.92361	-2.56574
3019.677	3.12556	-3.28461	1.93132	-2.41551
3023.684	2.96356	-3.25250	2.00941	-2.51046
3027.679	3.00878	-3.16069	1.96595	-2.49529
3031.678	2.99878	-3.14028	1.96375	-2.55842
3035.681	2.99888	-3.13326	1.98155	-2.62627
3039.683	2.99307	-3.18275	1.99151	-2.59907
3043.683	2.97200	-3.20795	1.99017	-2.67771
3047.674	2.99094	-3.13966	1.96410	-2.67686
3051.641	3.00378	-3.01861	1.89659	-2.69002
3055.683	3.06051	-3.04243	1.96757	-2.64545
3059.644	3.03031	-3.10828	1.98799	-2.46727
3063.679	2.97131	-3.10345	1.96781	-2.60340
3067.680	2.98675	-3.05740	2.00847	-2.52665
3071.685	2.91896	-3.19261	1.98008	-2.55111
3075.681	2.92544	-3.21568	2.02354	-2.56916
3079.683	2.86480	-3.27604	1.90661	-2.48558
3083.678	2.85762	-3.38464	1.85723	-2.45015
3087.685	2.83558	-3.31466	1.89858	-2.45684
3091.681	2.82573	-3.43321	1.86146	-2.43721
3095.679	2.83539	-3.54339	1.84421	-2.42089
3099.681	2.86079	-3.45729	1.84728	-2.42790
3103.685	2.87977	-3.46423	1.75642	-2.46474
3107.680	2.90780	-3.33600	1.89575	-2.44026
3111.682	2.85955	-3.30890	2.01181	-2.41850
3115.680	2.97049	-3.39360	1.97609	-2.48032
3119.683	2.92913	-3.17037	1.86635	-2.49017
3123.680	2.94903	-3.12209	1.89808	-2.36831
3127.685	2.91837	-2.73270	1.90408	-2.35999
3131.682	3.08300	-2.80351	1.85430	-2.34662
3135.686	3.11826	-2.83174	1.89605	-2.24838
3139.684	3.07674	-2.74325	1.91102	-2.25138
3143.679	3.05095	-2.72304	1.92691	-2.29146
3147.680	3.08156	-2.66119	1.96115	-2.40080
3151.678	3.10361	-2.70241	1.86868	-2.48031
3155.683	2.95109	-2.61805	1.92820	-2.33703
3159.684	3.08483	-2.53413	1.83747	-2.17936
3163.683	3.11297	-2.48923	1.78756	-2.18225
3167.685	3.10020	-2.51301	1.79569	-2.35446
3171.683	3.13608	-2.59368	1.83657	-2.36385
3175.654	3.07372	-2.54790	1.89816	-2.41935
3179.685	2.99309	-2.47262	1.90088	-2.37068
3183.686	2.91666	-2.42183	1.87198	-2.34050
3187.644	3.01348	-2.38684	1.82413	-2.12241
3191.682	3.10824	-2.29617	1.84592	-2.05216
3195.682	3.03016	-2.21874	1.83908	-2.15595
3199.686	3.08045	-2.33980	1.72329	-2.09335
3203.684	3.09201	-2.37850	1.75877	-2.05424
3207.681	3.12811	-2.40368	1.64967	-2.11799
3211.684	3.17727	-2.88073	1.72255	-2.04987
3215.666	3.16381	-2.72243	1.81996	-2.09885
3219.680	3.22396	-2.79742	1.76063	-2.07369
3223.681	3.25191	-2.68033	1.84238	-2.10004
3227.681	3.25266	-1.98917	1.73705	-2.04010
3231.685	3.25097	-2.39814	1.81151	-1.91854
3235.682	3.20476	-1.83127	1.78518	-1.92787
3239.685	3.22181	-2.35281	1.76157	-1.59207
3243.682	3.14795	-2.24002	1.76125	-1.28582
3247.581	2.18798	0.50388	1.46556	-0.59052
3251.682	11.16855	0.78813	-2.42366	-1.00844
3255.683	-2.22364	3.88457	0.54900	1.19320
3259.677	NaN	NaN	NaN	NaN
3263.681	NaN	NaN	NaN	NaN
3267.689	NaN	NaN	NaN	NaN
3271.685	NaN	NaN	NaN	NaN
3275.686	NaN	NaN	NaN	NaN
3279.688	NaN	NaN	NaN	NaN
3283.694	NaN	NaN	NaN	NaN
3287.682	NaN	NaN	NaN	NaN
3291.681	NaN	NaN	NaN	NaN
3295.680	NaN	NaN	NaN	NaN
3299.657	NaN	NaN	NaN	NaN
3303.682	NaN	NaN	NaN	NaN
3307.677	NaN	NaN	NaN	NaN
3311.684	NaN	NaN	NaN	NaN
3315.683	NaN	NaN	NaN	NaN
3319.686	NaN	NaN	NaN	NaN
3323.682	NaN	NaN	NaN	NaN
3327.681	NaN	NaN	NaN	NaN
3331.681	NaN	NaN	NaN	NaN
3335.686	NaN	NaN	NaN	NaN
3339.670	NaN	NaN	NaN	NaN
3343.682	NaN	NaN	NaN	NaN
3347.679	NaN	NaN	NaN	NaN
3351.648	NaN	NaN	NaN	NaN
3355.687	NaN	NaN	NaN	NaN
3359.685	NaN	NaN	NaN	NaN
3363.683	NaN	NaN	NaN	NaN
3367.687	NaN	NaN	0.19368	13.34307
3371.689	12.95529	5.25221	0.11235	12.78719
3375.689	10.83355	0.74745	0.11406	0.61613
3379.684	11.00254	0.90839	-1.00610	-2.25278
3383.654	-2.24235	0.02793	-2.03985	-2.00044
3387.689	-2.03957	-1.90635	-1.69671	-1.93531
3391.685	-1.90324	-2.37088	-0.39057	-2.34913
3395.686	0.73005	-2.48581	0.79287	-2.15457
3399.686	4.37594	-2.28165	3.57011	-1.82067
3403.588	4.57398	-2.17785	4.08090	-1.72229
3407.700	5.77723	-2.05979	3.26676	-1.68849
3411.683	4.14186	-2.07307	2.98883	-1.74207
3415.686	3.79794	-1.92671	2.80139	-1.68039
3419.587	3.83238	-1.80420	2.74056	-1.63383
3423.666	3.77056	-1.48506	2.66617	-1.75473
3427.642	3.66266	-1.69398	2.60483	-1.74907
3431.647	3.64652	-1.62027	2.58182	-1.75852
3435.652	3.52638	-1.50497	2.55928	-1.69526
3439.688	3.47745	-1.48636	2.67056	-1.77516
3443.684	3.42809	-1.42037	2.53518	-1.77999
3447.684	3.42576	-1.51529	2.55819	-1.84367
3451.653	3.42841	-1.63235	2.49166	-1.96609
3455.686	3.38132	-1.70421	2.44759	-2.03050
3459.685	3.34257	-2.11400	2.44251	-2.08573
3463.684	3.31657	-2.31977	2.51259	-2.11091
3467.586	3.36443	-2.40988	2.50957	-2.13183
3471.686	3.44310	-2.57429	2.63712	-2.08256
3475.686	3.39930	-2.25155	2.72709	-2.10085
3479.684	3.48088	-2.61808	2.77384	-2.13733
3483.692	3.49436	-2.49682	2.67078	-2.11069
3487.685	3.45386	-2.16008	2.70267	-2.08037
3491.686	3.46924	-1.95867	2.70453	-2.10305
3495.690	3.49451	-1.76442	2.72714	-2.14143
3499.691	3.50081	-1.53768	2.70693	-2.12639
3503.690	3.47977	-1.84319	2.77344	-2.18115
3507.666	3.62022	-1.43183	2.64116	-2.17817
3511.686	3.51973	-1.31821	2.57018	-2.27838
3515.687	3.54606	-1.16693	2.55346	-2.27243
3519.684	3.56035	-1.12965	2.46251	-2.23618
3523.686	3.58813	-1.12684	2.40446	-2.29237
3527.558	3.58981	-1.18070	2.36906	-2.35516
3531.589	3.59958	-1.08805	2.34790	-2.42648
3535.561	3.67079	-1.19150	2.31081	-2.47629
3539.560	3.65608	-1.24003	2.38363	-2.43529
3543.564	3.64296	-1.29396	2.31562	-2.38993
3547.561	3.67091	-1.33145	2.30975	-2.44583
3551.526	3.62580	-1.47492	2.29515	-2.42771
3555.528	3.71454	-1.51407	2.38697	-2.37248
3559.524	3.72212	-1.76197	2.38033	-2.38898
3563.552	3.70749	-1.98640	2.40528	-2.35567
3567.561	3.82205	-1.53336	2.44001	-2.34196
3571.565	3.79944	-1.38381	2.40042	-2.35717
3575.564	3.74849	-1.35549	2.34074	-2.36721
3579.585	3.77206	-1.64549	2.50070	-2.35897
3583.561	3.76351	-1.55490	2.45450	-2.34733
3587.563	3.73122	-1.61863	2.43682	-2.31611
3591.563	3.76005	-1.78231	2.50699	-2.23511
3595.573	3.74347	-1.80191	2.50670	-2.25824
3599.562	3.70514	-1.83365	2.43704	-2.27065
3603.563	3.66261	-1.80492	2.44794	-2.22316
3607.565	3.75178	-1.12147	2.44566	-2.30038
3611.586	3.69039	-1.43665	2.34567	-2.38871
3615.564	3.70542	-1.57678	2.46057	-2.35729
3619.525	3.69247	-1.65614	2.50400	-2.31830
3623.562	3.69434	-1.68706	2.46099	-2.36665
3627.558	3.68107	-1.71961	2.50204	-2.44759
3631.562	3.64773	-1.62684	2.36450	-2.53554
3635.528	3.71454	-1.62451	2.45607	-2.44857
3639.563	3.69091	-1.77395	2.51997	-2.38367
3643.587	3.65725	-1.72605	2.53751	-2.22693
3647.562	3.59550	-1.73397	2.51024	-2.23310
3651.529	3.53958	-1.75831	2.55829	-2.23175
3655.562	3.56774	-1.80407	2.51341	-2.39427
3659.586	3.54685	-1.81165	2.48391	-2.31960
3663.563	3.55150	-1.80150	2.55227	-2.31700
3667.562	3.50647	-1.86138	2.55302	-2.43179
3671.564	3.48721	-1.90012	2.53739	-2.27197
3675.561	3.55414	-1.96095	2.56599	-2.18771
3679.561	3.41983	-1.83432	2.50620	-2.14000
3683.574	3.38404	-1.80073	2.50239	-2.30705
3687.566	3.51493	-1.88973	2.50645	-2.26258
3691.554	3.54366	-1.84996	2.63299	-2.27482
3695.567	3.59898	-1.93933	2.59188	-2.09709
3699.567	3.61555	-2.13167	2.52852	-2.13270
3703.529	3.55340	-1.63897	2.55554	-2.23069
3707.555	3.59834	-1.83493	2.45723	-2.06637
3711.565	3.66360	-1.84899	2.51633	-2.03461
3715.565	3.71174	-2.01990	2.46885	-2.14839
3719.550	3.63572	-1.86285	2.37005	-2.04917
3723.564	3.69862	-1.46969	2.45644	-2.12158
3727.566	3.71266	-1.75342	2.50447	-2.11451
3731.567	3.75412	-1.77794	2.68707	-2.12365
3735.563	3.76018	-1.89598	2.61573	-2.10803
3739.557	3.78526	-1.98781	2.47271	-2.13427
3743.529	3.83841	-1.80459	2.45663	-2.16514
3747.566	3.84896	-1.67913	2.50053	-2.17982
3751.565	3.84930	-1.26538	2.49198	-2.17859
3755.590	3.84920	-1.69877	2.49414	-2.23092
3759.567	3.75912	-2.05322	2.58682	-2.20399
3763.532	3.82077	-2.16603	2.56429	-2.21521
3767.563	3.87801	-1.77399	2.66221	-2.23417
3771.556	3.95234	-1.78631	2.61119	-2.27265
3775.565	4.03549	-1.46584	2.61560	-2.28905
3779.565	3.97160	-1.32635	2.58284	-2.29716
3783.569	3.97785	-1.42576	2.63938	-2.39604
3787.558	3.96036	-1.84385	2.62992	-2.44777
3791.565	3.95493	-2.11808	2.65654	-2.42440
3795.564	3.98316	-1.84902	2.69052	-2.40786
3799.567	3.85385	-1.65772	2.73885	-2.41948
3803.558	3.83954	-1.64375	2.67885	-2.40456
3807.566	3.87312	-1.70502	2.67061	-2.43196
3811.565	3.83707	-2.04727	2.68289	-2.37915
3815.567	3.94922	-1.77951	2.74365	-2.40344
3819.566	3.87401	-1.92517	2.65949	-2.29987
3823.577	3.77874	-1.80892	2.63982	-2.23545
3827.567	3.77357	-1.71671	2.58400	-2.20689
3831.568	3.71234	-1.86187	2.62618	-2.17864
3835.566	3.75613	-1.88900	2.60272	-2.13684
3839.567	3.77874	-1.94347	2.63361	-2.17121
3843.557	3.79514	-1.94752	2.61798	-2.18673
3847.559	3.80463	-1.98625	2.62363	-2.17173
3851.592	3.80525	-1.99066	2.60718	-2.13095
3855.567	3.83250	-1.83645	2.57132	-2.20320
3859.566	3.78378	-1.87175	2.52349	-2.20142
3863.566	3.78449	-1.91933	2.53741	-2.23702
3867.564	3.88327	-1.97775	2.60087	-2.35143
3871.567	3.85405	-2.02638	2.58940	-2.32546
3875.569	3.83542	-1.94648	2.58816	-2.35991
3879.568	3.76547	-1.73179	2.66095	-2.45821
3883.570	3.79312	-1.58767	2.58390	-2.39042
3887.541	3.79900	-1.78582	2.51715	-2.52081
3891.566	3.69830	-2.11314	2.53877	-2.58669
3895.567	3.86622	-2.04985	2.37322	-2.49080
3899.569	3.93475	-1.85087	2.28484	-2.53279
3903.569	3.98689	-1.69557	2.44564	-2.41774
3907.569	3.89878	-1.65361	2.37069	-2.33347
3911.572	3.81192	-1.80236	2.40959	-2.32971
3915.567	3.86590	-1.79254	2.37773	-2.58136
3919.567	3.84246	-1.85065	2.45725	-2.47211
3923.569	3.81239	-1.80806	2.45250	-2.62271
3927.552	3.80221	-1.81252	2.46149	-2.47332
3931.532	3.82037	-1.83400	2.51395	-2.40968
3935.531	3.83272	-1.81186	2.54509	-2.34489
3939.566	3.95394	-1.82645	2.54838	-2.38345
3943.533	3.76658	-1.96853	2.50660	-2.41577
3947.562	3.79275	-2.02347	2.50340	-2.42789
3951.571	3.90649	-2.26117	2.43711	-2.56152
3955.568	4.03359	-2.09897	2.32360	-2.55242
3959.569	3.96876	-2.05883	2.52414	-2.65465
3963.564	3.97155	-2.17455	2.58108	-2.61277
3967.569	3.90654	-2.20238	2.59455	-2.47497
3971.569	4.04451	-2.34008	2.59024	-2.52788
3975.532	4.07182	-2.31360	2.60099	-2.49173
3979.563	4.16793	-2.33081	2.49577	-2.55331
3983.574	4.08325	-2.41427	2.32647	-2.53301
3987.568	4.14105	-2.41412	2.45292	-2.60891
3991.570	4.13110	-2.44760	2.51613	-2.53295
3995.560	4.16374	-2.58043	2.47806	-2.48084
3999.569	4.17522	-2.43166	2.46669	-2.56236
4003.568	4.16658	-2.33757	2.37805	-2.59030
4007.571	4.03451	-2.34016	2.33688	-2.47939
4011.574	4.07071	-2.39219	2.27389	-2.55139
4015.573	4.03228	-2.45676	2.23774	-2.59752
4019.572	3.94426	-2.34145	2.24547	-2.61096
4023.572	3.88495	-2.43081	2.24019	-2.60584
4027.565	3.94579	-2.41015	2.23992	-2.61925
4031.576	3.84582	-2.53664	2.23804	-2.64747
4035.570	3.93643	-2.51396	2.26666	-2.59888
4039.570	3.88362	-2.51830	2.20248	-2.56267
4043.571	3.88863	-2.47772	2.13817	-2.52857
4047.571	3.82741	-2.38556	2.24483	-2.45561
4051.564	3.87502	-2.44552	2.24968	-2.50653
4055.561	3.84878	-2.48497	2.24074	-2.53160
4059.570	3.88908	-2.41685	2.27875	-2.43951
4063.573	3.88853	-2.27092	2.31066	-2.46067
4067.570	3.93255	-2.13089	2.27860	-2.39787
4071.571	3.90301	-1.91981	2.31502	-2.40066
4075.564	3.94379	-1.92350	2.25756	-2.36251
4079.569	3.95451	-2.04839	2.24217	-2.31299
4083.568	4.04117	-1.93570	2.24849	-2.30879
4087.575	4.04579	-1.95456	2.35930	-2.30680
4091.579	4.07241	-2.06661	2.43045	-2.31560
4095.542	3.94443	-2.02670	2.49421	-2.21657
4099.570	4.01435	-2.00893	2.40305	-2.24396
4103.570	4.01608	-1.95708	2.65850	-2.35209
4107.565	4.02396	-2.05676	2.48193	-2.45479
4111.570	3.96923	-2.04573	2.40962	-2.67594
4115.571	3.95552	-2.03153	2.40278	-2.50051
4119.533	3.85894	-1.96092	2.47318	-2.43719
4123.574	3.85612	-2.01882	2.46000	-2.59275
4127.572	3.82682	-2.05338	2.60859	-2.63347
4131.576	3.77698	-2.01804	2.61820	-2.64507
4135.558	3.72225	-2.04655	2.56255	-2.67362
4139.586	3.65935	-2.01561	2.48069	-2.60913
4143.573	3.64370	-2.07744	2.54365	-2.57219
4147.571	3.68513	-2.14728	2.54724	-2.53745
4151.534	3.65680	-2.06059	2.59841	-2.46312
4155.573	3.69946	-2.09051	2.64785	-2.39161
4159.570	3.71671	-1.99963	2.63410	-2.25841
4163.572	3.67002	-2.08637	2.51296	-2.16272
4167.570	3.69716	-2.06513	2.54311	-2.17159
4171.569	3.69264	-2.08285	2.38905	-2.15803
4175.574	3.76035	-2.07303	2.39842	-2.10759
4179.540	3.73445	-2.06086	2.35749	-2.05995
4183.572	3.75385	-2.04115	2.44254	-2.03304
4187.565	3.79144	-2.00565	2.37932	-1.95214
4191.573	3.78941	-2.01967	2.39938	-1.97696
4195.573	3.83547	-1.99101	2.37488	-1.93117
4199.573	3.79425	-1.98665	2.31534	-1.95548
4203.471	3.79396	-2.02070	2.30078	-1.95419
4207.573	3.80742	-2.02245	2.36339	-1.96387
4211.571	3.82687	-2.02617	2.39458	-1.95936
4215.574	3.80532	-1.99482	2.43952	-1.90484
4219.472	3.78538	-1.95358	2.44412	-1.90104
4223.577	3.80209	-1.96355	2.47006	-1.81358
4227.572	3.91640	-1.98225	2.45493	-1.78211
4231.572	3.92949	-1.99307	2.50613	-1.84962
4235.474	4.11587	-1.98253	2.43697	-1.86043
4239.574	4.09582	-2.02761	2.44804	-1.92202
4243.573	4.02463	-2.12196	2.47269	-1.99689
4247.574	4.02389	-2.24612	2.42480	-2.02030
4251.564	4.02003	-2.14849	2.46119	-2.00254
4255.578	4.04665	-2.09614	2.45284	-2.04592
4259.568	4.10639	-2.02927	2.39933	-2.07293
4263.566	4.06100	-2.09736	2.43431	-1.98859
4267.474	3.97862	-2.01956	2.40436	-1.91474
4271.573	4.01830	-2.22225	2.36264	-1.73674
4275.574	4.05463	-2.13790	2.30558	-2.01963
4279.575	4.03295	-2.02339	2.32689	-2.03222
4283.471	4.05300	-2.13969	2.28752	-1.97226
4287.577	4.17413	-2.26918	2.28891	-1.98808
4291.572	4.17048	-2.24007	2.29768	-1.99866
4295.576	4.06967	-2.11578	2.25538	-1.93783
4299.479	3.96792	-2.10124	2.22837	-1.87363
4303.534	4.10031	-2.07783	2.20453	-1.92966
4307.573	3.97978	-2.18387	2.19289	-2.11555
4311.573	4.13404	-2.36849	2.17232	-2.04439
4315.472	4.00924	-2.42587	2.23727	-2.12474
4319.575	3.91860	-2.32628	2.27796	-2.09929
4323.573	3.85960	-2.24443	2.22178	-2.19258
4327.574	3.82667	-1.94383	2.28811	-2.22141
4331.472	3.84063	-1.98087	2.28950	-2.13585
4335.574	3.78805	-2.23903	2.38236	-2.18095
4339.577	3.84374	-2.10539	2.45797	-2.20825
4343.574	3.83448	-2.25203	2.42240	-2.18344
4347.472	3.81511	-2.07654	2.39666	-2.23113
4351.539	3.77864	-1.95649	2.47023	-2.10785
4355.574	3.75309	-2.06730	2.53568	-2.05216
4359.575	3.73744	-1.82068	2.53020	-1.99755
4363.474	3.81780	-1.84540	2.63559	-2.02651
4367.574	3.86862	-1.81017	2.64173	-1.95981
4371.574	3.84624	-1.91669	2.66392	-1.88745
4375.574	3.84989	-1.99058	2.64277	-1.80451
4379.475	3.86788	-1.90129	2.64086	-1.71000
4383.577	3.92615	-1.85901	2.56406	-1.65795
4387.578	3.90518	-1.87072	2.60171	-1.71603
4391.574	3.94708	-1.91686	2.57095	-1.68101
4395.472	4.03818	-2.10378	2.53370	-1.74009
4399.566	4.05066	-2.09083	2.52280	-1.86931
4403.577	4.05829	-2.12749	2.51007	-1.92440
4407.576	4.07253	-2.27214	2.43630	-2.01237
4411.472	3.97019	-2.20030	2.33935	-1.95629
4415.575	3.98929	-2.10831	2.33026	-1.93257
4419.577	4.00576	-2.21172	2.37951	-1.88675
4423.578	4.00114	-2.20831	2.35107	-2.00352
4427.478	3.93097	-2.29140	2.39277	-2.13621
4431.577	3.87277	-2.30564	2.35999	-2.09907
4435.575	3.82341	-2.25589	2.33970	-2.13086
4439.578	3.77362	-2.23731	2.36529	-2.15264
4443.473	3.71402	-2.18204	2.26921	-2.15492
4447.576	3.69684	-2.26984	2.26391	-2.21708
4451.580	3.69373	-2.19589	2.28261	-2.24162
4455.577	3.71874	-2.27842	2.32365	-2.45532
4459.473	3.73065	-2.41811	2.34433	-2.44344
4463.579	3.76734	-2.59599	2.32617	-2.53388
4467.576	3.77938	-2.76805	2.30085	-2.56321
4471.567	3.85970	-3.00693	2.29773	-2.57043
4475.474	3.85778	-2.97794	2.34790	-2.64918
4479.578	3.94695	-3.04215	2.36126	-2.61905
4483.575	3.94315	-3.08940	2.41883	-2.61919
4487.584	3.97573	-3.11352	2.49047	-2.61127
4491.478	3.98101	-3.04914	2.49456	-2.59409
4495.576	3.99808	-3.04698	2.49297	-2.60606
4499.579	4.00586	-3.00164	2.53464	-2.57902
4503.581	4.02675	-2.99671	2.53035	-2.53731
4507.477	3.99566	-2.94860	2.53964	-2.43798
4511.548	3.95560	-2.89976	2.58358	-2.43914
4515.577	3.96162	-2.86982	2.64327	-2.46605
4519.541	3.93475	-2.89382	2.64852	-2.49097
4523.477	3.91660	-2.86371	2.66375	-2.48824
4527.574	3.93235	-2.93159	2.65547	-2.52740
4531.574	3.94824	-3.01937	2.63180	-2.56007
4535.575	3.95649	-3.14985	2.59175	-2.49903
4539.447	4.04260	-3.12827	2.56978	-2.47259
4543.581	4.00082	-3.26412	2.54155	-2.46278
