time (ms)	lx (deg)	ly (deg)	rx (deg)	ry (deg)
0.000	-0.03772	0.44166	-0.72883	-0.17048
4.009	0.09113	0.50606	-0.75307	-0.20670
8.008	0.12409	0.18416	-0.92056	-0.35487
12.014	0.34682	0.17382	-0.99248	-0.43943
16.015	0.14692	0.40834	-0.86905	-0.43063
20.015	0.01601	0.49804	-0.70295	-0.57326
24.038	0.05204	0.54423	-0.73682	-0.61353
28.013	0.06093	0.57129	-0.68079	-0.68908
32.026	0.12910	0.31401	-0.59637	-0.66216
36.015	0.16792	0.31970	-0.16541	-0.66970
40.005	0.16216	0.34222	-0.45701	-0.67194
44.016	0.18400	0.39057	-0.27935	-0.65275
48.015	0.17283	0.32694	-0.38167	-0.60894
52.014	0.20765	0.33943	-0.15665	-0.57660
56.018	0.16578	0.30057	-0.30550	-0.46645
60.010	0.25319	0.09935	-0.29677	-0.43008
64.016	0.30401	0.04751	-0.32603	-0.35675
68.011	0.30419	0.09845	-0.30069	-0.34298
72.008	0.34107	0.04135	-0.32660	-0.28340
76.015	0.30558	0.02097	-0.34538	-0.32296
80.018	0.26319	-0.05611	-0.39901	-0.28133
84.013	0.24654	-0.05621	-0.47927	-0.39426
87.985	0.27741	-0.06774	-0.52850	-0.41950
92.018	0.23810	-0.05899	-0.55930	-0.62195
96.017	0.18976	-0.04493	-0.57592	-0.71787
100.017	0.19492	-0.07450	-0.55352	-0.79730
104.015	0.10721	0.12315	-0.55153	-0.92864
108.016	0.09331	0.18527	-0.57540	-0.87818
111.980	0.11704	0.19248	-0.63315	-0.75398
116.018	0.09649	0.22690	-0.69915	-0.80043
119.984	0.06152	0.21840	-0.72039	-0.80502
124.017	0.08115	0.25080	-0.74121	-0.82305
128.008	0.07004	0.27933	-0.71635	-0.79784
132.016	0.05204	0.28022	-0.74950	-0.82233
136.015	0.09185	0.31081	-0.75789	-0.80181
140.014	0.11349	0.30738	-0.75953	-0.76233
143.981	0.12109	0.34927	-0.78928	-0.77701
148.016	0.15985	0.29414	-0.77446	-0.68010
152.017	0.17206	0.25053	-0.62766	-0.73960
156.016	0.15710	0.22868	-0.59176	-0.75834
160.014	0.18462	0.16845	-0.61945	-0.81897
164.016	0.23309	0.13632	-0.51721	-0.86783
168.015	0.27438	0.08841	-0.56553	-0.91179
172.016	0.37390	0.08478	-0.61523	-0.93586
176.017	0.35437	0.05059	-0.76389	-0.98705
179.980	0.34784	0.03210	-0.63622	-1.03951
183.977	0.36112	0.20301	-0.99154	-0.96168
188.019	0.38683	0.18207	-0.89088	-0.91200
191.979	0.39070	0.17705	-0.72831	-0.89688
196.021	0.38030	0.33205	-0.76809	-0.87084
200.022	0.40405	0.33292	-0.88510	-0.61708
204.023	0.42964	0.34502	-0.78563	-0.63884
208.017	0.44515	0.20999	-0.69379	-0.57877
212.016	0.56091	0.28451	-0.74422	-0.62056
216.017	0.39005	0.35958	-0.75754	-0.67956
220.020	0.36233	0.31393	-0.68665	-0.61813
224.020	0.31330	0.32231	-0.77166	-0.63389
228.019	0.22939	0.01836	-0.88858	-0.72418
232.017	0.17350	-0.11788	-0.69985	-0.72555
236.020	0.24711	-0.13975	-0.78652	-0.72785
239.994	0.16399	0.03725	-0.67769	-0.67627
243.980	0.20388	-0.05484	-0.60498	-0.51260
247.985	0.18762	0.08829	-0.26488	-0.32211
252.021	0.63387	0.09323	-0.00819	0.24799
256.019	0.09855	1.08570	0.29277	0.66642
260.016	0.06182	2.83682	-0.95753	1.57219
263.915	-0.00968	2.93924	0.02420	2.73116
268.017	-1.12712	4.30316	-0.07242	4.57363
272.019	-0.59416	4.74344	-0.02040	6.78027
276.019	NaN	NaN	NaN	NaN
280.014	NaN	NaN	NaN	NaN
284.016	NaN	NaN	NaN	NaN
288.017	NaN	NaN	NaN	NaN
292.018	NaN	NaN	NaN	NaN
296.018	NaN	NaN	NaN	NaN
300.016	NaN	NaN	NaN	NaN
304.013	NaN	NaN	NaN	NaN
308.019	NaN	NaN	NaN	NaN
312.020	NaN	NaN	NaN	NaN
315.985	NaN	NaN	NaN	NaN
320.021	NaN	NaN	NaN	NaN
324.018	NaN	NaN	NaN	NaN
328.019	NaN	NaN	NaN	NaN
332.008	NaN	NaN	NaN	NaN
335.984	NaN	NaN	NaN	NaN
340.021	NaN	NaN	NaN	NaN
344.020	NaN	NaN	NaN	NaN
348.023	NaN	NaN	NaN	NaN
351.987	NaN	NaN	NaN	NaN
356.019	NaN	NaN	NaN	NaN
360.017	NaN	NaN	NaN	NaN
364.018	NaN	NaN	NaN	NaN
367.982	NaN	NaN	NaN	NaN
372.021	NaN	NaN	NaN	NaN
376.020	NaN	NaN	NaN	NaN
379.983	NaN	NaN	NaN	NaN
383.982	NaN	NaN	NaN	NaN
388.027	0.66742	-1.70058	NaN	NaN
392.022	3.23435	5.19626	NaN	NaN
396.016	-1.31404	2.44519	-2.98621	4.79128
400.020	6.06581	4.95872	-3.42307	4.61113
404.021	-2.86037	1.01506	-1.76502	4.02749
408.019	-2.82041	2.27664	-1.35668	3.44283
411.919	-1.63601	-0.06014	-1.04744	2.10410
416.003	-0.79039	0.11439	-1.32609	1.69032
420.018	-0.51006	0.01501	-2.99591	1.51923
424.022	2.58692	0.26601	-1.60747	1.40233
428.021	1.71149	0.40133	-1.25577	1.13586
432.023	1.29253	0.58947	-1.18344	0.91403
435.984	0.79590	0.51484	0.46974	0.96686
440.020	1.37285	0.21471	0.56850	0.99354
444.024	1.11713	0.37651	-0.58625	0.96868
448.019	0.63163	0.15967	-0.31707	0.92854
451.990	0.62526	0.25101	-0.66585	0.94777
456.023	0.64933	0.40459	-0.68481	0.83874
460.024	0.40308	0.29145	-0.61918	0.76867
464.021	0.46800	0.25735	-0.68876	0.75348
468.022	0.47691	0.20144	-0.95576	0.72426
472.023	0.29863	0.20349	-0.53183	0.73514
475.920	0.27508	0.14273	-0.67439	0.67584
480.020	0.27346	0.06150	-0.88637	0.73188
484.022	0.26857	0.09927	-0.86892	0.72304
488.022	0.29999	0.10096	-0.83900	0.69065
491.920	0.26793	0.07281	-0.72221	0.63251
496.024	0.21480	0.15344	-0.86662	0.66640
500.004	0.28004	0.04694	-0.86724	0.52494
504.034	0.29158	0.02415	-1.00318	0.43710
508.023	0.31600	-0.00562	-0.98988	0.31121
512.023	0.27781	-0.07899	-0.92827	0.30354
516.022	0.29590	-0.15856	-0.94346	0.16582
519.989	0.30736	-0.18686	-0.96212	0.15022
523.922	0.44155	-0.25710	-1.00975	0.06127
528.021	0.38033	-0.26282	-1.07785	-0.01086
532.021	0.37809	-0.29331	-1.11209	-0.05212
536.023	0.43137	-0.33329	-1.09080	-0.09920
540.014	0.56769	-0.36367	-1.05734	-0.13076
544.023	0.37700	-0.32571	-1.06872	-0.12701
548.024	0.31255	-0.23087	-1.03697	-0.03923
552.027	0.31603	-0.10543	-1.00610	0.08572
555.989	0.46636	-0.01337	-0.97055	0.15109
560.026	0.20259	-0.15180	-0.90019	0.04870
564.023	0.22048	-0.34604	-0.80178	0.21008
568.022	0.25138	-0.11925	-0.84878	0.17052
572.024	0.20919	-0.06259	-0.65146	0.20750
576.024	0.17087	-0.08625	-0.65131	0.15522
580.024	0.13928	-0.12474	-0.70434	0.09126
584.023	0.28021	-0.08968	-0.68645	0.12729
588.027	0.55250	0.01980	-0.67012	-0.07593
591.991	0.66372	0.06227	-0.60722	-0.06664
596.021	0.62345	0.10207	-0.64871	-0.05715
600.021	0.62967	0.11127	-0.64503	-0.12806
604.029	0.63335	0.18504	-0.62570	-0.26719
608.027	0.42867	0.16850	-0.59297	-0.19250
612.025	0.50103	0.27445	-0.54831	-0.20746
615.898	0.51905	0.40537	-0.57836	-0.19727
619.920	0.50143	0.60200	-0.56697	-0.18295
623.898	0.57530	0.63690	-0.48125	-0.08662
627.895	0.58873	0.60323	-0.43385	-0.02997
631.892	0.50746	0.66491	-0.38472	0.12640
635.892	0.45517	0.48244	-0.25036	0.22448
639.899	0.46753	0.36986	-0.25249	0.23162
643.890	0.43371	0.20994	-0.19459	0.34644
647.897	0.50679	0.05715	-0.14015	0.41867
651.922	0.52314	-0.05926	-0.11751	0.26665
655.902	0.47629	-0.02915	-0.20901	0.31680
659.900	0.49565	0.00440	-0.20048	0.27928
663.902	0.50386	-0.00191	-0.29468	0.24575
667.925	0.48773	-0.07780	-0.36985	0.16244
671.870	0.46582	-0.15066	-0.51999	0.01876
675.899	0.44393	-0.08322	-0.55863	0.12019
679.898	0.43021	-0.09142	-0.69419	-0.11949
684.029	0.39005	-0.14951	-0.75861	-0.09310
687.901	0.36268	-0.16335	-0.74578	-0.14516
691.900	0.29170	-0.12315	-0.90026	-0.21169
695.902	0.28433	-0.07991	-0.94358	-0.23723
699.923	0.27170	-0.04960	-0.95681	-0.26915
703.899	0.28076	0.00390	-1.01340	-0.28149
707.904	0.30414	-0.01906	-1.00836	-0.35536
711.889	0.33714	0.06018	-0.98564	-0.40639
715.902	0.34273	0.11895	-0.97782	-0.46522
719.901	0.42725	0.05792	-0.94428	-0.56227
723.863	0.40616	0.14894	-0.93430	-0.56724
727.901	0.39070	0.15978	-0.96085	-0.45216
731.920	0.32263	0.20590	-0.97576	-0.52067
735.901	0.30079	0.20699	-0.97713	-0.45938
739.899	-0.09994	0.21735	-1.05979	-0.42653
743.857	-0.31310	0.20823	-1.11859	-0.49640
747.899	-0.09024	0.20192	-1.06369	-0.41244
751.899	0.00385	0.21388	-1.07641	-0.33602
755.868	0.16206	0.15314	-1.17721	-0.34761
759.902	-0.06830	-0.00659	-1.24783	-0.18245
763.896	-0.07860	-0.02594	-1.24339	-0.26527
767.903	0.03651	-0.06794	-1.16615	-0.20946
771.902	0.04440	-0.00022	-1.18368	-0.19455
775.900	0.10294	-0.00467	-0.88977	-0.13034
779.924	0.24954	0.00795	-1.06560	-0.04552
783.902	0.01278	-0.06108	-1.10467	-0.07170
787.900	0.04527	-0.12390	-1.05984	-0.06246
791.906	0.24095	-0.19367	-1.05657	-0.14748
795.893	0.38876	-0.22118	-1.24471	-0.26383
799.896	0.24222	-0.29891	-1.26994	-0.15842
803.904	0.25994	-0.28616	-1.19825	-0.14012
807.866	0.17906	-0.35670	-1.12333	-0.32079
811.869	0.23912	-0.29182	-1.14655	-0.33067
815.902	0.26582	-0.26377	-1.01871	-0.37257
819.906	0.19090	-0.28290	-0.98638	-0.25807
823.901	0.36752	-0.21757	-1.15429	-0.30501
827.928	0.49535	-0.07728	-0.96388	-0.40274
831.896	0.36879	0.11237	-1.10556	-0.30648
835.900	0.04718	0.00830	-1.12903	-0.41027
839.891	-0.08771	0.16959	-1.08314	-0.33764
843.897	-0.12362	0.22329	-1.12241	-0.37656
847.902	-0.23944	0.19094	-1.02173	-0.40450
851.900	0.59910	0.35748	-0.92929	-0.43243
855.904	0.43661	0.35048	-0.98209	-0.49064
859.899	0.36635	0.36905	-0.95420	-0.46781
863.901	0.25403	0.35583	-1.02201	-0.53632
867.866	0.25227	0.33466	-0.95045	-0.55509
871.904	0.29766	0.21243	-1.03248	-0.58528
875.903	0.41728	0.23646	-0.98703	-0.65756
879.884	0.57985	0.28374	-0.98023	-0.69388
883.902	0.55394	0.25727	-0.87515	-0.73203
887.901	0.45708	0.40942	-0.87719	-0.79918
891.902	0.47351	0.31097	-0.88341	-0.82889
895.903	0.43214	0.36328	-0.92232	-0.83151
899.905	0.32568	0.38587	-1.02595	-0.81971
903.901	0.33027	0.52899	-1.14342	-0.72954
907.895	0.51304	0.76463	-1.04744	-0.84613
911.903	0.44497	0.83929	-1.12975	-0.81365
915.905	0.56019	0.70137	-1.00201	-0.76954
919.893	0.40345	1.00393	-0.98636	-0.66682
923.895	0.34300	0.88549	-0.95864	-0.50681
927.900	0.40139	0.89301	-1.25170	-0.34723
931.903	0.39288	0.91045	-1.22965	-0.37903
935.905	0.46770	0.88754	-1.24029	-0.33600
939.901	0.62895	0.93397	-1.20695	-0.18739
943.903	0.61372	0.85773	-1.04689	-0.12333
947.903	0.67476	0.86771	-0.92758	-0.11037
951.904	0.66062	0.75887	-0.96293	-0.33705
955.906	0.64240	0.40893	-0.71491	-0.28706
959.903	0.60116	0.32101	-0.74211	-0.43263
963.871	0.62364	0.42153	-0.77049	-0.42545
967.904	0.58518	0.40926	-0.97402	-0.55180
971.894	0.60786	0.24992	-0.92277	-0.67138
975.902	0.71198	0.17629	-0.82717	-0.54569
979.903	0.71126	0.16764	-0.81037	-0.59940
983.902	0.52260	0.29899	-0.86098	-0.64439
987.903	0.58133	0.20842	-0.92574	-0.68472
991.905	0.51073	0.25961	-0.93912	-0.74091
995.869	0.50992	0.30016	-0.92817	-0.76665
999.906	0.52004	0.42537	-1.02211	-0.77492
1003.864	0.42879	0.45775	-0.98189	-0.81716
1007.901	0.52798	0.50314	-1.01839	-0.82013
1011.906	0.51344	0.47752	-0.98345	-0.85383
1015.906	0.47897	0.46150	-0.99563	-0.76624
1019.904	0.40211	0.49259	-0.99730	-0.82225
1023.905	0.29193	0.43003	-1.00427	-0.84600
1027.906	0.30372	0.30817	-1.03114	-0.84226
1031.904	0.27408	0.24923	-1.08073	-0.89854
1035.897	0.24512	0.17827	-1.10021	-0.92724
1039.903	0.18698	0.27458	-1.07857	-0.92792
1043.900	0.21494	0.21479	-1.04377	-0.95031
1047.898	0.20973	0.26827	-1.13938	-1.00197
1051.897	0.10034	0.22178	-1.13387	-1.09530
1055.909	0.18323	0.31682	-1.13675	-1.12682
1059.906	0.16352	0.43649	-1.07731	-1.15897
1063.870	0.22753	0.54934	-1.14645	-1.25078
1067.932	0.33496	0.54849	-1.08202	-1.21053
1071.902	0.27406	0.58000	-1.02900	-1.23643
1075.903	0.30987	0.80855	-0.93569	-1.25533
1079.906	0.35399	0.79841	-0.85421	-1.16382
1083.905	0.30372	0.86115	-1.07287	-1.02255
1087.882	0.38794	0.86007	-1.10482	-1.08078
1091.907	0.32354	0.89148	-0.79201	-0.99156
1095.906	0.34293	0.87838	-0.95589	-0.99572
1099.900	0.35950	0.90188	-0.83863	-0.96172
1103.906	0.42589	0.85072	-1.18550	-0.92717
1107.907	0.34655	0.75270	-1.02620	-0.92958
1111.908	0.29240	0.65069	-0.87220	-0.92927
1115.907	0.48803	0.54724	-1.00653	-0.92623
1119.904	0.40331	0.48496	-1.05977	-0.93669
1123.908	0.46264	0.45668	-1.03573	-0.95563
1127.895	0.58377	0.37644	-0.97142	-1.00165
1131.888	0.65528	0.24892	-0.95400	-1.01576
1135.905	0.69010	0.19967	-1.07872	-1.03847
1139.905	0.73285	0.16086	-1.01057	-1.03601
1143.880	0.72017	0.09889	-1.01928	-0.94878
1147.897	0.80263	0.07317	-1.03188	-1.00595
1151.906	0.85347	0.00055	-1.05223	-0.99628
1155.910	0.95465	-0.00137	-1.12715	-1.00890
1159.904	0.91939	-0.04485	-1.24079	-1.02927
1163.898	0.90061	0.05749	-1.23511	-1.06543
1167.906	0.92487	0.01794	-1.21333	-1.08611
1171.904	0.85540	0.09211	-1.39855	-1.17043
1175.903	0.81032	0.10692	-1.48014	-1.11728
1179.874	0.77203	0.11899	-1.39986	-1.25731
1183.869	0.79972	0.16133	-1.32453	-1.22770
1187.906	0.69111	0.19222	-1.22519	-1.31498
1191.867	0.62079	0.21272	-1.28095	-1.33978
1195.909	0.57769	0.21878	-1.18430	-1.39731
1199.872	0.58059	0.18514	-1.14632	-1.17554
1203.907	0.56853	0.19573	-1.00804	-1.08039
1207.910	0.56982	0.11639	-0.87354	-1.02227
1211.899	0.51341	0.14002	-1.03230	-0.86946
1215.910	0.46316	0.06391	-0.94304	-0.83593
1219.909	0.46607	0.02890	-0.91339	-0.81137
1223.872	0.55309	0.00641	-0.84493	-0.87666
1227.910	0.50726	-0.03322	-0.84126	-1.11835
1231.910	0.50210	-0.04150	-0.85791	-1.14238
1235.910	0.52788	-0.02654	-0.88346	-1.11543
1239.907	0.60687	-0.02867	-0.92666	-1.05424
1243.897	0.53039	-0.10906	-0.88403	-1.04954
1247.908	0.50123	-0.15170	-1.00794	-1.05856
1251.904	0.45795	-0.15031	-1.02484	-1.12331
1255.905	0.43991	-0.15615	-1.07644	-1.20313
1259.899	0.48790	-0.21981	-1.11107	-1.19311
1263.906	0.50838	-0.28429	-1.16029	-1.19393
1267.870	0.39929	-0.29602	-1.24287	-1.18304
1271.910	0.39651	-0.34256	-1.24694	-1.15463
1275.900	0.37452	-0.36770	-1.26733	-1.11035
1279.907	0.38839	-0.38030	-1.27728	-1.04344
1283.907	0.35117	-0.40801	-1.21695	-1.00442
1287.909	0.29165	-0.27423	-1.25133	-1.04794
1291.872	0.34285	-0.22468	-1.11827	-0.95970
1295.884	0.26473	-0.34530	-1.06857	-0.93761
1299.867	0.41517	-0.13744	-1.15590	-0.89228
1303.871	0.37951	-0.27308	-1.06381	-0.94121
1307.795	0.36635	-0.33642	-1.01466	-0.93286
1311.908	0.34037	-0.35305	-1.15803	-0.86431
1315.908	0.36491	-0.18428	-1.06587	-0.86913
1319.912	0.32861	-0.18082	-1.07460	-0.84580
1323.914	0.29560	0.02018	-1.08254	-0.85052
1327.912	0.34839	-0.02221	-1.08063	-0.89826
1331.909	0.27371	-0.15980	-1.01968	-0.85374
1335.909	0.28791	-0.10799	-0.97953	-0.89760
1339.914	0.29337	-0.06943	-0.96145	-0.90220
1343.910	0.29818	-0.13115	-0.92686	-0.86870
1347.909	0.32255	-0.09288	-0.94090	-0.86261
1351.914	0.33583	0.05022	-0.87409	-0.82849
1355.809	0.41147	0.09452	-0.91517	-0.81102
1359.912	0.44547	0.10230	-0.91693	-0.83521
1363.875	0.66156	0.13259	-0.84803	-0.75472
1367.881	0.58230	0.07976	-0.86379	-0.67894
1371.809	0.67208	0.05201	-0.87768	-0.53617
1375.910	0.59429	0.01652	-0.92334	-0.41420
1379.876	0.61536	0.04301	-0.88319	-0.28441
1383.909	0.60818	0.06160	-0.90006	-0.14212
1387.911	0.64059	0.01881	-0.87280	-0.20583
1391.889	0.58466	-0.04102	-0.77881	-0.41123
1395.907	0.51428	-0.08881	-0.79255	-0.45009
1399.911	0.37809	-0.11038	-0.72424	-0.21190
1403.784	0.44976	-0.12220	-0.63640	-0.03295
1407.910	0.38167	-0.18783	-0.63739	-0.03740
1411.909	0.33642	-0.25264	-0.76555	-0.12048
1415.911	0.29029	-0.35553	-0.77818	-0.23771
1419.818	0.30481	-0.27202	-0.88704	-0.35766
1423.909	0.22490	-0.31501	-0.65585	-0.39795
1427.910	0.27753	-0.38016	-0.74466	-0.44771
1431.911	0.28188	-0.29274	-0.72876	-0.43626
1435.809	0.19978	-0.28489	-0.82578	-0.47222
1439.914	0.25783	-0.16365	-0.91309	-0.46816
1443.911	0.32407	-0.14035	-1.14873	-0.36888
1447.910	0.39172	0.10720	-1.26433	-0.44928
1451.810	0.40296	0.26789	-1.35395	-0.51591
1455.911	0.43271	0.26580	-1.34219	-0.62913
1459.909	0.64536	0.28656	-1.30270	-0.63351
1463.903	0.62057	0.32515	-1.12514	-0.69501
1467.795	0.72784	0.15167	-1.15975	-0.70342
1471.873	0.86448	-0.06487	-0.77114	-1.10071
1475.911	1.94491	-2.05443	0.02807	-2.12291
1479.911	2.44638	-2.86500	0.35677	-2.98483
1483.808	2.39515	-3.13073	0.68593	-3.41379
1487.911	2.25801	-3.25291	0.98353	-3.25884
1491.891	2.41826	-3.49584	1.10303	-3.58352
1495.913	2.27999	-3.76045	1.10747	-4.00706
1499.809	2.41294	-3.95062	1.09051	-4.28604
1503.896	2.24983	-4.13132	1.11187	-4.64217
1507.914	2.29540	-4.13716	1.00161	-4.40214
1511.914	2.37463	-4.05201	1.08736	-4.37752
1515.915	2.40746	-3.93243	1.17632	-4.41972
1519.911	2.46791	-4.01645	1.13886	-4.51744
1523.912	2.38509	-3.92024	1.09936	-4.52123
1527.913	2.38985	-3.89173	1.03717	-4.34429
1531.815	2.34798	-4.01140	1.01226	-4.50772
1535.912	2.31165	-4.10278	0.96961	-4.62737
1539.913	2.38288	-4.10087	1.05741	-4.63287
1543.896	2.29280	-4.10847	1.07713	-4.69516
1547.814	2.25687	-4.03174	1.09986	-4.64345
1551.912	2.26329	-4.14575	1.09703	-4.64078
1555.913	2.25134	-4.10906	0.99856	-4.70542
1559.915	2.22899	-4.14121	1.01079	-4.75350
1563.916	2.19618	-4.22317	1.04764	-4.82099
1567.916	2.16964	-4.35012	1.07049	-4.88250
1571.912	2.12954	-4.53913	1.10455	-4.87858
1575.913	2.11911	-4.67732	1.13816	-4.90326
1579.816	2.11234	-4.61180	1.09817	-4.88613
1583.912	2.10225	-4.59340	1.05049	-4.92103
1587.911	2.11651	-4.60853	1.07969	-4.94160
1591.916	2.15262	-4.57775	1.15917	-4.96948
1595.810	2.16659	-4.59718	1.26488	-4.93013
1599.912	2.15784	-4.73433	1.28194	-4.83690
1603.913	2.10954	-4.89031	1.20708	-4.75022
1607.916	2.09965	-4.87799	1.18912	-4.74406
1611.812	2.14622	-4.82356	1.17133	-4.70915
1615.913	2.12079	-4.87186	1.14077	-4.67630
1619.914	2.24718	-4.75545	1.13519	-4.65803
1623.914	2.20399	-4.82643	1.15280	-4.61337
1627.825	2.12419	-4.90422	1.09658	-4.59828
1631.911	2.15237	-4.73171	1.02231	-4.56415
1635.915	2.17182	-4.70198	0.97340	-4.57022
1639.915	2.15274	-4.67303	0.93899	-4.58120
1643.818	2.18334	-4.68766	0.93363	-4.60950
1647.791	2.23890	-4.83127	0.90096	-4.68694
1651.790	2.20260	-4.85042	0.82310	-4.67435
1655.788	2.12520	-4.69622	0.76796	-4.70961
1659.810	2.16835	-4.67757	0.77153	-4.69944
1663.791	2.14409	-4.64395	0.80057	-4.65819
1667.792	2.04961	-4.68416	0.79727	-4.66947
1671.789	2.05407	-4.51499	0.81225	-4.69865
1675.880	2.03952	-4.56614	0.84086	-4.68440
1679.788	1.96796	-4.51335	0.86523	-4.71117
1683.752	1.82346	-4.65612	0.87746	-4.71195
1687.791	1.79762	-4.76510	0.91071	-4.72442
1691.784	1.80397	-4.67058	0.91076	-4.74532
1695.791	1.81151	-4.67409	0.93750	-4.78407
1699.790	1.79522	-4.68834	0.93512	-4.82143
1703.788	1.80772	-4.71717	0.94775	-4.87879
1707.789	1.75421	-4.72449	0.94959	-4.94439
1711.793	1.82899	-4.71845	0.95177	-4.98005
1715.774	1.80496	-4.93508	0.95914	-4.98889
1719.787	1.79108	-5.07150	0.96107	-5.01152
1723.793	1.81704	-5.14801	0.97040	-5.01848
1727.793	1.87123	-5.28777	0.96854	-5.02926
1731.791	1.87815	-5.31696	0.94157	-5.06140
1735.792	1.87398	-5.22039	0.91726	-5.04649
1739.783	1.90076	-5.27589	0.88654	-5.05292
1743.791	1.88150	-5.32869	0.80272	-5.06415
1747.754	1.88390	-5.20937	0.80310	-4.98739
1751.789	1.86484	-5.26795	0.74352	-4.96672
1755.802	1.85457	-5.30262	0.73833	-4.95388
1759.795	1.83536	-5.23966	0.60952	-4.93359
1763.789	1.70403	-5.23296	0.60238	-4.81568
1767.792	0.95586	-4.91188	0.42274	-4.65592
1771.784	-0.25009	-4.06553	-1.74633	-3.74264
1775.792	-1.22762	-1.76683	-3.46454	-2.92841
1779.791	-2.40622	-0.87343	-4.67113	-1.52165
1783.790	-4.21849	-0.07293	-6.05243	-1.12491
1787.818	-6.76080	0.67477	-6.66611	-1.01533
1791.794	-6.62309	0.69312	-7.06505	-0.39784
1795.795	-6.41045	0.93171	-7.26825	-0.08906
1799.770	-6.26743	1.18662	-7.19635	0.10751
1803.787	-6.23292	1.22361	-7.09282	-0.00190
1807.792	-5.93841	1.01072	-7.19253	-0.06950
1811.792	-6.14975	1.21331	-7.33200	-0.00858
1815.790	-6.17062	1.28917	-7.19776	-0.07623
1819.813	-6.10352	1.39658	-7.24879	0.12347
1823.793	-6.18507	1.35975	-7.27353	0.20762
1827.792	-6.21176	1.45770	-7.33332	0.15404
1831.794	-6.17028	1.45082	-7.29619	0.19395
1835.795	-6.15642	1.54238	-7.32151	0.15399
1839.782	-6.17884	1.56397	-7.30283	0.09667
1843.793	-6.22758	1.56331	-7.34416	0.06203
1847.794	-6.25021	1.52039	-7.34226	0.04646
1851.785	-6.31970	1.47879	-7.36076	0.04751
1855.792	-6.32740	1.41633	-7.37155	0.03450
1859.796	-6.35780	1.37786	-7.40330	0.07683
1863.793	-6.38871	1.29031	-7.44886	0.03721
1867.816	-6.40957	1.22798	-7.42529	0.05640
1871.792	-6.38572	1.34096	-7.43959	0.04699
1875.793	-6.37418	1.45936	-7.51530	0.00416
1879.791	-6.36265	1.47282	-7.51783	0.06612
1883.787	-6.34341	1.35576	-7.44564	0.14789
1887.794	-6.28727	1.41224	-7.41614	0.12858
1891.791	-6.33589	1.40574	-7.42580	0.13414
1895.790	-6.32132	1.34407	-7.45382	0.19361
1899.784	-6.35952	1.37983	-7.44745	0.22979
1903.791	-6.38413	1.36975	-7.31977	0.31486
1907.791	-6.39650	1.42998	-7.29506	0.32022
1911.794	-6.40141	1.54361	-7.23108	0.24397
1915.814	-6.46265	1.48060	-7.24891	0.17551
1919.796	-6.54788	1.40024	-7.23274	-0.04053
1923.780	-6.56929	1.36764	-7.20577	0.21322
1927.792	-6.55880	1.43409	-7.23022	0.21378
1931.787	-6.56312	1.35979	-7.25179	0.09015
1935.794	-6.54060	1.28785	-7.23401	0.09917
1939.796	-6.52054	1.16158	-7.31064	0.01045
1943.795	-6.44275	1.12626	-7.28005	0.00917
1947.784	-6.33302	1.10826	-7.31367	-0.12383
1951.794	-6.38043	1.06693	-7.32932	0.00348
1955.796	-6.33897	1.12116	-7.30385	-0.11466
1959.796	-6.08794	1.12676	-7.24962	0.19526
1963.821	-3.77743	1.07990	-4.62762	0.04456
1967.791	-1.06356	0.88249	-3.59466	-0.15143
1971.797	0.68116	0.52767	-1.07828	-0.32954
1975.800	3.14360	-1.37785	0.51942	-0.84622
1979.817	3.89414	-2.00754	2.06914	-1.02624
1983.793	5.08921	-2.04872	4.21148	-1.41625
1987.792	6.28955	-2.17045	5.39962	-2.07167
1991.796	7.93973	-4.40855	6.67294	-2.18098
1995.815	9.39685	-3.28608	7.49759	-2.17849
1999.794	9.95232	-4.11310	8.16267	-2.56250
2003.797	10.55562	-3.98280	8.68686	-2.76282
2007.774	10.71873	-3.49765	9.27847	-2.56720
2011.817	10.33987	-3.89397	8.91144	-2.55822
2015.758	9.98728	-4.18093	8.73039	-2.73495
2019.796	10.34163	-3.93787	9.09355	-3.01498
2023.794	10.12335	-3.67318	9.06356	-3.01058
2027.817	10.16084	-3.80963	9.18550	-2.97853
2031.795	9.80674	-3.83568	9.09952	-2.90478
2035.795	9.77459	-3.81228	9.17178	-2.93126
2039.795	9.80657	-3.80955	9.13119	-2.97583
2043.824	9.37796	-3.50416	9.10468	-3.01476
2047.785	9.27866	-3.55228	9.16975	-3.00971
2051.755	9.68445	-3.40640	9.15171	-3.06434
2055.758	9.76134	-3.31974	9.10153	-3.08963
2059.801	9.82773	-3.34902	9.11201	-3.09328
2063.797	9.69303	-3.54876	9.13845	-2.98710
2067.759	9.75044	-3.83389	9.15137	-2.93348
2071.797	9.77944	-4.17681	9.04773	-2.92087
2075.830	9.63378	-4.27740	9.02868	-2.98179
2079.796	9.82072	-3.92434	9.01714	-2.98933
2083.792	9.87656	-3.41166	9.05884	-2.98490
2087.792	10.02605	-3.74162	9.20027	-3.01400
2091.800	10.01460	-3.69087	9.19133	-3.03338
2095.798	10.04470	-3.85833	9.10110	-3.06414
2099.794	10.01684	-3.96878	9.08527	-2.98289
2103.796	10.02302	-4.06915	9.08648	-2.98139
2107.820	10.00731	-4.18785	9.09427	-3.04193
2111.797	10.14720	-4.20910	9.05676	-3.11730
2115.794	10.06460	-4.41204	9.10064	-3.05524
2119.799	10.12140	-4.09030	9.01416	-2.94980
2123.798	10.21178	-3.85068	8.99065	-2.95834
2127.802	10.27809	-4.00237	9.00743	-2.95644
2131.798	10.23240	-4.01433	8.97310	-2.90996
2135.795	10.01359	-3.92844	8.92072	-2.91376
2139.798	9.88808	-3.88867	8.90420	-2.88806
2143.798	10.02964	-3.89283	8.87702	-2.92476
2147.799	9.85308	-3.84182	8.88964	-2.95950
2151.797	9.92184	-3.94087	8.85528	-2.98588
2155.800	9.66805	-4.02030	8.87510	-2.93276
2159.798	9.79539	-3.99194	8.90383	-2.96115
2163.799	9.82175	-4.02825	8.90882	-3.02591
2167.797	9.79578	-4.02566	8.92762	-3.06086
2171.799	9.76987	-4.25945	8.94382	-3.09734
2175.764	9.75020	-4.23194	8.94833	-3.13130
2179.797	9.74825	-4.28890	8.94021	-3.17324
2183.798	9.74562	-4.29792	8.93169	-3.16663
2187.801	9.61846	-4.34337	8.95653	-3.09853
2191.797	9.63419	-4.31348	8.92723	-3.12201
2195.801	9.69448	-4.13791	8.93067	-3.10751
2199.799	9.78211	-4.20798	8.97888	-3.15088
2203.801	9.87179	-3.95869	9.01656	-3.23210
2207.799	9.77040	-4.18177	9.10453	-3.20986
2211.802	9.82069	-4.22279	8.98983	-3.27909
2215.798	9.82963	-4.18349	8.91040	-3.31555
2219.801	9.84431	-4.10763	8.86042	-3.28798
2223.799	9.89051	-4.07094	8.73650	-3.31741
2227.796	9.69487	-4.23510	8.75218	-3.30040
2231.798	9.62560	-4.09771	8.73659	-3.33608
2235.799	9.68689	-4.12490	8.76932	-3.37458
2239.800	9.70188	-4.11375	8.90257	-3.37378
2243.798	9.47927	-4.16313	8.90468	-3.29975
2247.800	9.57616	-4.14604	8.90250	-3.23908
2251.803	9.65052	-4.16107	8.85756	-3.14642
2255.800	9.47070	-4.04868	8.95932	-3.23344
2259.789	9.33038	-4.24042	8.68087	-3.33163
2263.802	9.21474	-4.94701	7.87516	-3.86532
2267.804	8.74825	-6.88572	7.03934	-5.10695
2271.798	8.13276	-7.27180	5.34786	-5.68596
2275.800	7.65051	-7.83347	6.04963	-5.73658
2279.800	6.39217	-7.89833	5.38993	-5.92331
2283.806	6.34518	-8.51755	5.16514	-6.18004
2287.762	6.07668	-9.13403	5.37133	-6.83032
2291.798	6.02168	-9.34765	5.21080	-7.50402
2295.798	5.99966	-9.47562	5.40031	-7.41088
2299.803	5.95717	-9.48757	5.60263	-7.43574
2303.799	5.91739	-9.13278	5.56731	-7.34247
2307.798	5.98169	-9.42670	5.45462	-7.19101
2311.799	5.97403	-9.42310	5.34892	-7.27499
2315.792	5.87334	-9.46120	5.33069	-7.38152
2319.801	5.89954	-9.43936	5.26204	-7.45294
2323.800	5.86990	-9.47641	5.29558	-7.47402
2327.800	5.87354	-9.54365	5.32255	-7.58018
2331.803	5.77237	-9.52834	5.34540	-7.66104
2335.802	5.77089	-9.52180	5.40926	-7.58955
2339.801	5.76667	-9.46434	5.39389	-7.59392
2343.800	5.82513	-9.28445	5.31834	-7.45918
2347.798	5.90210	-9.34087	5.30884	-7.43338
2351.802	5.83481	-9.35897	5.33300	-7.42723
2355.802	5.76217	-9.41461	5.39008	-7.38451
2359.804	5.86526	-9.30599	5.44640	-7.35833
2363.808	5.80671	-9.25073	5.51000	-7.25868
2367.795	5.76296	-9.54403	5.49522	-7.31868
2371.801	5.78492	-9.47835	5.46667	-7.31095
2375.802	5.76812	-9.72994	5.39532	-7.28805
2379.804	5.71067	-9.82145	5.38838	-7.27930
2383.797	5.76632	-9.49571	5.39118	-7.31312
2387.803	5.73593	-9.65990	5.38287	-7.35294
2391.765	5.44279	-9.95414	5.35748	-7.33808
2395.800	5.50894	-9.83278	5.39773	-7.38699
2399.801	5.64697	-9.95326	5.40002	-7.40441
2403.801	5.60045	-9.97283	5.57881	-7.43906
2407.799	5.60401	-10.08049	5.42173	-7.48395
2411.801	5.68563	-9.98825	5.40872	-7.44439
2415.801	5.59624	-9.90723	5.50124	-7.45933
2419.808	5.69821	-9.84312	5.37286	-7.49955
2423.782	5.79880	-9.68878	5.33320	-7.56941
2427.765	5.79182	-9.56805	5.34277	-7.57396
2431.800	5.84721	-9.65234	5.37050	-7.57138
2435.802	5.77875	-9.67799	5.24087	-7.66186
2439.798	5.75129	-9.55110	5.31339	-7.63074
2443.804	5.74866	-9.46745	5.32673	-7.63439
2447.800	5.67543	-9.45129	5.32801	-7.58724
2451.803	5.78570	-9.32893	5.29536	-7.57949
2455.799	5.86801	-9.32126	5.12723	-7.51967
2459.807	5.48696	-9.29186	4.90195	-7.27457
2463.794	4.59396	-9.18649	3.31373	-7.41026
2467.793	3.14320	-8.30266	1.25590	-7.30414
2471.801	0.75804	-6.54345	-0.77920	-6.07908
2475.807	-0.88344	-6.44663	-3.09884	-5.73376
2479.801	-2.63262	-4.55120	-4.26923	-5.07599
2483.801	-4.18383	-4.52855	-5.95437	-4.45315
2487.801	-6.16415	-3.74980	-7.34499	-3.63475
2491.673	-6.63362	-2.27402	-9.50527	-3.30845
2495.774	-7.55918	-1.41861	-9.58347	-2.47508
2499.765	-7.94910	-1.05257	-9.44887	-2.16032
2503.801	-7.88183	-0.93829	-9.28538	-2.53837
2507.803	-7.84175	-1.15892	-9.14902	-2.68891
2511.803	-8.07224	-1.50248	-9.00823	-2.55364
2515.802	-8.29205	-1.16869	-9.29154	-2.49950
2519.799	-8.61991	-1.17968	-9.83142	-2.50092
2523.698	-9.02989	-1.01234	-9.80934	-2.33023
2527.801	-8.20624	-1.21760	-9.68230	-2.30975
2531.803	-8.43387	-1.35907	-9.46198	-2.33104
2535.801	-8.10978	-1.50509	-9.41356	-2.28824
2539.702	-8.23126	-1.35141	-9.34075	-2.36904
2543.807	-8.52617	-1.44728	-9.32386	-2.39471
2547.787	-8.50481	-1.42476	-9.22373	-2.40778
2551.799	-8.51666	-1.53165	-9.35672	-2.29163
2555.805	-8.43591	-1.40244	-9.35515	-2.27859
2559.803	-8.38250	-1.54606	-9.08498	-2.26348
2563.809	-8.32789	-1.58117	-9.22859	-2.23088
2567.803	-8.27824	-1.56544	-9.19336	-2.22720
2571.706	-8.31384	-1.57235	-9.11090	-2.15775
2575.806	-8.28874	-1.56272	-9.17549	-2.22798
2579.806	-8.35719	-1.51408	-9.21964	-2.13260
2583.805	-8.33316	-1.52731	-9.17159	-2.16304
2587.703	-8.29455	-1.56663	-9.09802	-2.11600
2591.770	-8.29931	-1.50327	-9.11685	-2.09264
2595.806	-8.29280	-1.52118	-9.16049	-2.14277
2599.803	-8.26962	-1.50110	-9.25444	-2.12393
2603.703	-8.21398	-1.46528	-9.16334	-2.22129
2607.800	-8.22219	-1.40835	-9.16644	-2.29566
2611.804	-8.23041	-1.39266	-9.24834	-2.20232
2615.806	-8.20882	-1.41319	-9.30491	-2.22334
2619.805	-8.23021	-1.36103	-9.34367	-2.19200
2623.802	-8.22377	-1.34522	-9.37054	-2.12485
2627.769	-8.25450	-1.29262	-9.29164	-2.04656
2631.784	-8.30308	-1.29548	-9.07743	-2.03484
2635.806	-8.32128	-1.29090	-9.09972	-2.03442
2639.802	-8.39817	-1.29003	-8.95557	-1.95658
2643.802	-8.42180	-1.30118	-8.90182	-1.89468
2647.806	-8.50086	-1.28305	-8.85766	-1.84080
2651.808	-8.54425	-1.34772	-8.82671	-1.81662
2655.802	-8.62008	-1.34618	-8.83333	-1.77800
2659.804	-8.67097	-1.30747	-8.74343	-1.76195
2663.804	-8.72134	-1.34071	-8.75402	-1.74185
2667.806	-8.68904	-1.37613	-8.66552	-1.69673
2671.797	-8.70383	-1.39949	-8.65620	-1.68661
2675.767	-8.76951	-1.41471	-8.70233	-1.65637
2679.806	-8.77218	-1.39246	-8.90042	-1.62038
2683.680	-8.73584	-1.35804	-8.76728	-1.51490
2687.680	-8.72946	-1.27658	-8.82320	-1.47254
2691.683	-8.73242	-1.25932	-8.86042	-1.49852
2695.681	-8.68802	-1.23747	-8.89732	-1.45026
2699.705	-8.64073	-1.20978	-8.97247	-1.45077
2703.681	-8.60715	-1.15352	-8.97278	-1.43912
2707.683	-8.44334	-1.23883	-8.92842	-1.47398
2711.680	-8.40847	-1.22147	-8.93304	-1.47703
2715.683	-8.37473	-1.31124	-8.94205	-1.55735
2719.680	-8.35301	-1.36095	-8.88668	-1.61220
2723.677	-8.27518	-1.40032	-8.87685	-1.65880
2727.682	-8.30075	-1.52275	-8.89102	-1.67265
2731.674	-8.30515	-1.53217	-8.90718	-1.82643
2735.679	-8.33673	-1.49612	-8.92074	-1.81422
2739.680	-8.40579	-1.53403	-8.90948	-1.77082
2743.683	-8.50590	-1.53557	-8.92902	-1.70671
2747.706	-8.57311	-1.42724	-8.91318	-1.89617
2751.681	-8.55503	-1.37733	-8.88414	-1.86787
2755.688	-8.52627	-1.31630	-8.92159	-1.92984
2759.678	-8.54108	-1.37178	-8.91984	-1.95653
2763.674	-8.38899	-1.36886	-8.94217	-1.93606
2767.685	-8.49991	-1.50654	-8.89199	-1.74623
2771.684	-8.48095	-1.48749	-8.92185	-1.78623
2775.683	-8.36137	-1.67878	-8.95494	-1.75476
2779.702	-8.43404	-1.62713	-8.90807	-1.77389
2783.683	-8.37568	-1.79587	-8.89858	-1.77803
2787.683	-8.39933	-1.75052	-8.97588	-1.78712
2791.685	-8.35692	-1.68904	-8.94288	-1.73841
2795.703	-8.39455	-1.65191	-8.91277	-1.86912
2799.683	-8.36321	-1.51612	-8.87651	-1.83445
2803.662	-8.39622	-1.53431	-8.87886	-1.89588
2807.680	-8.47333	-1.46209	-8.89572	-1.85376
2811.704	-8.42377	-1.35918	-8.95656	-1.85637
2815.680	-8.47277	-1.27467	-8.94937	-1.92410
2819.683	-8.49952	-1.29618	-8.89865	-1.88714
2823.681	-8.54275	-1.33469	-8.87462	-1.73535
2827.676	-8.58561	-1.34529	-8.87261	-1.73550
2831.683	-8.58709	-1.33935	-8.86856	-1.77339
2835.682	-8.57685	-1.48223	-8.88879	-1.66839
2839.684	-8.52416	-1.44306	-8.90180	-1.73392
2843.697	-8.52324	-1.19214	-8.92105	-1.64928
2847.674	-8.41400	-1.43697	-8.93784	-1.62029
2851.681	-8.40082	-1.31901	-8.96077	-1.50648
2855.682	-8.41255	-1.41056	-9.03382	-1.55061
2859.705	-8.35221	-1.46597	-8.95445	-1.50704
2863.683	-8.28327	-1.45996	-8.89802	-1.63082
2867.688	-8.29460	-1.51756	-8.91536	-1.66491
2871.681	-8.23342	-1.45685	-8.88501	-1.65494
2875.683	-8.20554	-1.41622	-8.80427	-1.74321
2879.688	-8.21753	-1.29881	-8.81133	-1.72156
2883.686	-8.20039	-1.26964	-8.86391	-1.73738
2887.650	-8.63571	-1.21139	-9.65464	-1.59046
2891.679	-9.12952	-0.64714	-10.29022	-0.55286
2895.681	-9.29553	-0.16923	-10.15418	-0.43066
2899.645	-9.72486	1.01154	-10.35508	0.05534
2903.686	-9.91979	1.20848	-10.12895	0.17671
2907.707	-9.59863	0.63510	-9.61038	-0.30880
2911.687	-9.06397	0.19454	-9.84679	-0.65022
2915.653	-9.03580	0.57546	-10.12544	-0.54375
2919.683	-9.32026	0.53322	-10.27792	-0.30727
2923.716	-9.29688	0.88074	-10.31941	-0.18724
2927.667	-9.42566	1.10447	-10.28210	-0.02516
2931.677	-9.59049	1.00656	-10.27664	0.16103
2935.682	-9.40115	1.02811	-10.15218	0.37167
2939.683	-9.57732	1.12032	-10.04949	0.22527
2943.685	-9.52068	1.17813	-10.15653	0.20145
2947.683	-9.35017	1.14275	-10.20981	-0.03703
2951.683	-9.37938	1.19238	-10.22500	0.04502
2955.679	-9.46413	1.16916	-10.30411	0.13701
2959.682	-9.46594	1.07732	-10.26951	-0.03215
2963.687	-9.57763	1.16612	-10.21760	-0.07129
2967.650	-9.63334	1.08299	-10.15966	0.17012
2971.677	-9.65462	1.01807	-10.12712	0.33036
2975.686	-9.67410	0.87744	-10.01867	0.30536
2979.686	-9.72204	0.86654	-10.00950	0.21045
2983.686	-9.71908	0.88935	-10.03987	0.25486
2987.645	-9.69161	0.86795	-10.03205	0.31401
2991.684	-9.73263	0.83652	-9.95740	0.35285
2995.685	-9.78881	0.80370	-9.93501	0.40063
2999.665	-9.83498	0.79898	-9.88270	0.34921
3003.687	-9.88099	0.83008	-9.81857	0.39205
3007.688	-9.89068	0.81574	-9.84611	0.39209
3011.657	-9.88292	0.76492	-9.82934	0.30681
3015.685	-9.87211	0.75878	-9.79479	0.22645
3019.712	-9.85091	0.78296	-9.85062	0.26522
3023.686	-9.76719	0.76621	-9.87849	0.23751
3027.686	-9.77469	0.76076	-9.91310	0.22936
3031.688	-9.78276	0.72909	-9.92979	0.19506
3035.654	-9.84597	0.74863	-9.91912	0.16104
3039.687	-9.80872	0.77148	-9.89085	0.06132
3043.685	-9.74292	0.62733	-9.97719	0.05947
3047.685	-9.68074	0.70516	-10.00531	0.03933
3051.646	-9.69221	0.67695	-9.97645	-0.00379
3055.687	-9.70555	0.66441	-10.00256	0.05247
3059.649	-9.71773	0.54634	-10.05132	0.11047
3063.684	-9.74330	0.57426	-10.02822	0.09409
3067.680	-9.76218	0.52141	-10.04610	0.13139
3071.687	-9.76787	0.44853	-10.08880	0.18424
3075.686	-9.84633	0.42588	-10.12272	0.15820
3079.684	-9.79946	0.36982	-10.12832	0.16595
3083.679	-9.75705	0.48364	-10.10362	0.20376
3087.685	-7.68150	0.42287	-9.46136	0.14265
3091.684	-4.64697	0.29245	-6.68766	0.09724
3095.687	-1.42144	0.23137	-4.72704	0.15557
3099.680	-0.62171	-1.03951	-2.59227	-0.04443
3103.686	1.46921	-2.03531	-2.06954	-0.28103
3107.687	2.83061	-2.36367	-0.29235	-0.80368
3111.687	3.55031	-2.81256	1.73274	-1.54449
3115.684	3.96451	-2.62874	1.91541	-1.80669
3119.685	4.09160	-2.59026	2.10917	-1.52315
3123.688	5.56185	-2.75526	3.73258	-1.39552
3127.688	5.42466	-2.86014	3.45930	-1.58719
3131.680	5.52050	-2.64322	3.09758	-1.69512
3135.686	5.17115	-2.80265	2.76168	-1.82251
3139.693	5.16679	-2.85126	2.91760	-1.91954
3143.689	5.52173	-2.86866	3.39099	-1.98668
3147.678	5.29113	-2.94087	3.78840	-2.06382
3151.686	5.47643	-3.00123	3.66122	-2.16947
3155.686	5.29752	-2.87737	3.57960	-2.19456
3159.688	5.17747	-2.84378	3.80542	-2.29726
3163.691	5.18614	-2.75331	3.52415	-2.26975
3167.692	5.08123	-2.85112	3.66441	-2.31109
3171.691	4.86133	-2.99785	3.66357	-2.33538
3175.682	4.94982	-2.92995	3.71095	-2.35340
3179.652	4.93548	-2.89058	3.65883	-2.41083
3183.650	4.89451	-2.99874	3.55946	-2.19928
3187.651	4.75312	-2.89691	3.45306	-2.16355
3191.654	4.75137	-2.86765	3.50469	-2.10084
3195.687	4.63001	-2.63997	3.49616	-2.13348
3199.690	4.58454	-2.63148	3.55335	-2.16411
3203.691	4.58708	-2.67379	3.53140	-2.13473
3207.687	4.57522	-2.71699	3.57817	-2.20560
3211.688	4.58900	-2.61318	3.56514	-2.17963
3215.689	4.65104	-2.64009	3.58724	-2.24617
3219.668	4.62411	-2.58255	3.61755	-2.26375
3223.687	4.67727	-2.55430	3.62519	-2.28532
3227.694	4.63171	-2.53461	3.72106	-2.37771
3231.688	4.63149	-2.53711	3.73300	-2.40961
3235.691	4.66092	-2.49333	3.75709	-2.45630
3239.688	4.69628	-2.54926	3.77839	-2.51413
3243.690	4.74230	-2.59345	3.77159	-2.53525
3247.689	4.75302	-2.61165	3.79962	-2.53931
3251.689	4.75112	-2.62765	3.82245	-2.55557
3255.690	4.77449	-2.65649	3.82245	-2.54560
3259.680	4.77887	-2.64973	3.82872	-2.55347
3263.688	4.77269	-2.70335	3.80179	-2.58052
3267.696	4.77619	-2.75060	3.77384	-2.60951
3271.689	4.77924	-2.69114	3.70336	-2.58334
3275.682	4.76078	-2.61246	3.57609	-2.59511
3279.686	4.80687	-2.63013	3.64434	-2.65542
3283.689	4.80635	-2.63670	3.65171	-2.63961
3287.688	5.00413	-2.59618	3.68903	-2.69936
3291.691	4.95925	-2.51489	3.63040	-2.65054
3295.691	4.90200	-2.51375	3.55834	-2.76438
3299.689	4.81411	-2.48457	3.36485	-2.76482
3303.657	4.73973	-2.58247	3.38976	-2.66877
3307.692	4.88759	-2.50788	3.50165	-2.68888
3311.691	4.92095	-2.36170	3.47601	-2.54316
3315.690	4.96593	-2.38032	3.44068	-2.52112
3319.692	5.05297	-2.40810	3.42510	-2.63509
3323.682	5.13048	-2.40418	3.38298	-2.43999
3327.690	5.05082	-2.35065	3.34165	-2.26206
3331.689	4.83080	-2.31356	3.43679	-2.32771
3335.692	4.73029	-2.39803	3.37744	-2.24184
3339.694	4.87670	-2.42038	3.34682	-2.23502
3343.688	4.90952	-2.44873	3.51886	-2.18529
3347.695	4.91233	-2.36141	3.44894	-2.19318
3351.688	4.79903	-2.56126	3.27215	-2.14351
3355.683	4.31445	-2.46876	2.10912	-2.20425
3359.689	2.38350	-2.07954	1.20202	-1.99930
3363.689	0.80692	-1.68971	-2.94413	-2.00680
3367.691	-1.06369	-1.19325	-4.91940	-1.66399
3371.693	-3.71940	-0.95816	-6.11358	-1.81670
3375.690	-5.42965	-0.55136	-7.21936	-1.80485
3379.692	-5.84520	-0.55228	-8.03545	-1.83721
3383.686	-7.02391	-0.31908	-8.75994	-1.65251
3387.597	-8.39717	-0.25298	-10.00771	-1.58141
3391.693	-8.93811	0.35868	-10.12063	-1.41883
3395.688	-9.00523	-0.19200	-10.24130	-0.98229
3399.692	-8.83011	-0.05083	-9.82821	-0.88096
3403.690	-8.51591	-0.01475	-9.93044	-1.11622
3407.692	-8.78193	-0.10400	-9.71380	-1.21910
3411.692	-8.89119	-0.11180	-10.00755	-1.25844
3415.690	-9.40402	-0.06859	-10.34179	-1.01548
3419.686	-9.13356	-0.03329	-10.52621	-0.99033
3423.692	-9.23176	-0.01158	-10.41844	-0.84711
3427.673	-8.69814	-0.07892	-10.45903	-0.86461
3431.690	-8.81501	0.01019	-10.60833	-0.80676
3435.697	-8.95554	0.05943	-10.33838	-0.96109
3439.691	-8.74886	-0.09753	-10.42910	-0.96482
3443.659	-8.74699	0.04485	-10.34612	-1.06302
3447.692	-8.83810	-0.02652	-10.40380	-1.02735
3451.591	-8.92745	0.11442	-10.16666	-1.02570
3455.693	-8.88862	0.23016	-10.33317	-0.93953
3459.693	-8.88746	0.26856	-10.01871	-1.06191
3463.694	-8.80168	0.28962	-10.01688	-1.09452
3467.652	-8.77974	0.32313	-9.93927	-1.14166
3471.683	-8.78399	0.36640	-9.98624	-1.06373
3475.656	-8.85509	0.43971	-9.99436	-1.07285
3479.692	-8.89034	0.45074	-10.05712	-1.04158
3483.590	-8.87733	0.46249	-10.07617	-1.04162
3487.689	-8.92423	0.46334	-10.04232	-0.93821
3491.691	-8.96627	0.47234	-10.06636	-0.86468
3495.692	-9.02839	0.44156	-10.08228	-0.82093
3499.592	-9.11140	0.40652	-9.97630	-0.73213
3503.691	-9.10381	0.30790	-9.99816	-0.65430
3507.694	-9.14963	0.31426	-10.04521	-0.62061
3511.660	-9.17072	0.22961	-10.06896	-0.54199
3515.576	-9.26768	0.21229	-10.00461	-0.61129
3519.690	-9.28192	0.33401	-9.99274	-0.64083
3523.693	-9.05950	0.22610	-10.00776	-0.60483
3527.693	-8.99344	0.20406	-10.01017	-0.59685
3531.591	-9.12541	0.20634	-9.98112	-0.67866
3535.695	-8.98690	0.21037	-9.99176	-0.75615
3539.695	-8.99915	0.22145	-9.97599	-0.74782
3543.695	-9.02140	0.19025	-9.99539	-0.84804
3547.592	-9.01525	0.20976	-9.99390	-0.84158
3551.681	-8.94261	0.20295	-10.01077	-0.81918
3555.656	-8.98634	0.25432	-9.97558	-0.87694
3559.692	-8.93300	0.26052	-10.05851	-0.88024
3563.592	-8.93958	0.23069	-10.14172	-0.87646
3567.692	-8.98833	0.22006	-10.14352	-0.87328
3571.696	-8.99298	0.13406	-10.17392	-0.87777
3575.691	-9.02503	0.06378	-10.17836	-0.82098
3579.562	-9.00387	0.02118	-10.19572	-0.78809
3583.694	-9.02924	-0.02331	-10.18387	-0.74191
3587.695	-9.02699	-0.13166	-10.23887	-0.69870
3591.694	-9.01080	-0.11000	-10.21649	-0.63324
3595.593	-8.98988	-0.22566	-10.22483	-0.58178
3599.694	-8.98714	-0.27774	-10.23565	-0.51364
3603.690	-8.97373	-0.33459	-10.13474	-0.47843
3607.693	-9.01801	-0.29138	-10.11334	-0.47550
3611.591	-9.03333	-0.36062	-10.10634	-0.41685
3615.659	-9.10707	-0.34134	-10.08695	-0.34119
3619.693	-9.05417	-0.31960	-9.98807	-0.30275
3623.695	-9.12827	-0.34220	-10.02333	-0.29293
3627.592	-9.10978	-0.35596	-10.05452	-0.31027
3631.694	-9.09761	-0.32150	-10.09797	-0.42858
3635.667	-8.96714	-0.35026	-10.11389	-0.50094
3639.693	-8.93559	-0.32950	-10.10413	-0.59978
3643.592	-8.98215	-0.36608	-10.11062	-0.52942
3647.658	-9.01092	-0.25495	-10.07783	-0.63567
3651.695	-8.97349	-0.27372	-10.09018	-0.61678
3655.694	-8.91771	-0.20449	-9.97560	-0.72719
3659.592	-8.84559	-0.11177	-9.97572	-0.84611
3663.694	-8.83900	-0.21175	-10.03760	-0.75423
3667.710	-8.83394	-0.06939	-10.06063	-0.93771
3671.699	-8.83738	0.06993	-10.08577	-0.84039
3675.593	-8.85737	0.00840	-10.00090	-0.85769
3679.656	-8.98341	0.20715	-10.02632	-0.79754
3683.694	-9.06426	0.22328	-10.05789	-0.75702
3687.697	-9.00842	0.28133	-10.12633	-0.73003
3691.592	-9.26901	0.27426	-10.64518	-0.70350
3695.693	-10.21156	1.06213	-11.97474	-0.61768
3699.695	-12.16883	1.23626	-12.89579	0.12462
3703.694	-12.79130	2.28539	-14.65207	1.08600
3707.598	-13.24518	3.30797	-14.18953	1.09442
3711.697	-13.26728	3.84965	-13.84457	1.37255
3715.696	-13.26521	3.88460	-13.30054	1.45372
3719.572	-12.91430	3.75800	-13.41056	1.53248
3723.565	-12.50534	3.62819	-13.59804	1.44697
3727.571	-12.47103	3.02388	-13.61171	1.21291
3731.570	-12.82427	3.14089	-13.75416	1.36956
3735.571	-12.77643	3.43694	-13.66955	1.41328
3739.532	-13.20207	3.61318	-14.00863	1.60616
3743.534	-13.15094	3.50647	-14.24513	1.69247
3747.571	-13.03105	3.52897	-14.00830	1.77524
3751.571	-13.25103	3.56562	-13.78827	1.69686
3755.701	-13.10412	3.55143	-14.03715	1.58182
3759.574	-13.01265	3.40471	-14.02197	1.68587
3763.567	-13.03774	3.41722	-14.07464	1.52255
3767.563	-12.92748	3.40143	-14.07583	1.59348
3771.595	-13.19244	3.48795	-13.95865	1.54217
3775.570	-13.11858	3.47733	-13.75146	1.52803
3779.573	-13.10386	3.50456	-13.69785	1.51060
3783.571	-13.03369	3.49917	-13.50945	1.46337
3787.564	-12.96755	3.50024	-13.86649	1.43333
3791.570	-12.83930	3.48958	-13.86242	1.41259
3795.575	-13.03152	3.45339	-13.87496	1.40295
3799.574	-12.98999	3.38342	-13.69774	1.43523
3803.566	-12.96114	3.37928	-13.80416	1.44975
3807.549	-12.98527	3.29941	-13.86357	1.47744
3811.573	-12.95895	3.31067	-13.77649	1.48641
3815.569	-13.02200	3.37035	-13.99798	1.61182
3819.568	-13.00410	3.42273	-13.99905	1.74137
3823.569	-13.05891	3.42725	-13.96239	1.70633
3827.573	-13.00622	3.41835	-13.93050	1.81244
3831.572	-13.09153	3.46235	-13.92526	1.59278
3835.567	-13.06749	3.49360	-13.88015	1.70845
3839.573	-12.98480	3.65649	-13.80243	1.71975
3843.578	-12.89720	3.59031	-13.77708	1.64210
3847.574	-12.98327	3.48473	-13.75650	1.71749
3851.574	-13.03345	3.48656	-13.66618	1.72464
3855.571	-13.04269	3.49446	-13.66419	1.73271
3859.572	-13.10212	3.55756	-13.74374	1.83087
3863.577	-13.16332	3.60821	-13.72491	1.79866
3867.572	-13.09103	3.61994	-13.71959	1.74928
3871.579	-13.10064	3.62824	-13.83367	1.78446
3875.575	-13.03892	3.58292	-13.91752	1.73259
3879.572	-13.05439	3.51817	-13.92426	1.82791
3883.574	-13.02608	3.49426	-13.97241	1.89601
3887.575	-13.11304	3.44611	-14.09675	2.02317
3891.538	-13.16950	3.28581	-14.08902	2.08164
3895.536	-13.04066	3.23618	-14.12992	2.08131
3899.572	-13.06699	3.34571	-14.12940	2.04264
3903.574	-12.97523	3.28062	-14.03442	1.93637
3907.572	-12.93762	3.28614	-13.90679	1.81178
3911.577	-12.92005	3.40040	-13.93111	1.83913
3915.572	-12.90871	3.35730	-14.00524	1.97883
3919.571	-12.97349	3.29146	-13.88535	1.95395
3923.573	-12.98659	3.27688	-14.03489	2.05865
3927.575	-13.01383	3.28407	-13.96288	2.06269
3931.566	-13.02639	3.35132	-13.83566	2.10118
3935.577	-12.94782	3.35417	-13.91498	1.93602
3939.573	-12.44945	3.34929	-13.68548	2.16950
3943.572	-9.26609	3.38870	-11.40357	2.05837
3947.575	-6.84284	3.25396	-9.83917	2.05841
3951.574	-4.38107	1.58975	-7.70258	1.67803
3955.577	-2.12783	0.55726	-5.43059	0.73197
3959.579	-0.50609	0.24552	-3.53424	0.43881
3963.567	0.86453	0.01175	-2.94569	-0.06815
3967.574	1.96239	-0.35945	-0.61181	0.07119
3971.574	3.75101	-0.76283	0.13965	-0.00186
3975.567	5.75718	-0.77109	1.28460	-0.16347
3979.574	6.05540	-1.14194	2.78426	-0.26346
3983.585	6.86440	-1.37007	2.97077	-0.25513
3987.574	7.20585	-1.84547	3.90516	-0.40662
3991.574	7.41175	-1.55548	4.13031	-0.48371
3995.571	7.07038	-1.00796	3.81316	-0.50839
3999.573	6.54528	-1.20999	3.34779	-0.49972
4003.574	6.19081	-1.16059	3.46320	-0.54071
4007.573	6.72842	-1.33723	4.11204	-0.58969
4011.575	6.91882	-1.21631	4.16714	-0.75766
4015.542	6.97866	-1.54620	4.31600	-0.87492
4019.573	6.74415	-1.63097	4.45698	-0.84699
4023.574	6.52174	-1.47752	4.34206	-0.96835
4027.566	6.29918	-1.60256	4.37813	-0.90561
4031.576	6.28646	-1.32587	4.47360	-0.84939
4035.574	6.19704	-1.41601	4.32148	-1.01066
4039.539	6.32875	-1.51885	4.47501	-1.21233
4043.598	6.37067	-1.44536	4.58614	-1.28785
4047.577	6.47465	-1.44629	4.63590	-1.28823
4051.580	6.29997	-1.54789	4.59914	-1.30122
4055.564	6.14580	-1.55730	4.62054	-1.35448
4059.543	6.10480	-1.53895	4.66672	-1.29587
4063.580	6.04001	-1.51116	4.67187	-1.32772
4067.574	6.01041	-1.53739	4.71979	-1.36082
4071.575	6.05783	-1.57845	4.71126	-1.39668
4075.574	6.02784	-1.61266	4.69117	-1.41244
4079.577	5.95024	-1.52028	4.75176	-1.41058
4083.577	6.10453	-1.41394	4.78388	-1.37114
4087.576	6.23567	-1.40305	4.75371	-1.35806
4091.615	6.19505	-1.36091	4.68558	-1.26091
4095.577	6.15767	-1.42602	4.69186	-1.19901
4099.542	6.19393	-1.49875	4.66521	-1.11253
4103.576	6.32640	-1.54267	4.61588	-1.14517
4107.577	6.30901	-1.65240	4.55445	-1.01765
4111.576	6.26760	-1.49983	4.43480	-1.12290
4115.572	6.33740	-1.47600	4.31287	-1.13782
4119.575	6.33434	-1.52676	4.38692	-1.06746
4123.576	6.57303	-1.24244	4.46122	-1.00889
4127.578	6.49538	-1.21509	4.34250	-0.97343
4131.576	6.41758	-1.31141	4.28404	-1.00226
4135.578	6.34724	-1.37071	4.26625	-0.98019
4139.579	6.40778	-1.15883	4.18790	-0.96674
4143.576	6.35400	-1.29232	4.14517	-0.96966
4147.578	6.38146	-1.23321	4.11540	-0.94219
4151.577	6.40597	-1.13165	4.31084	-0.96433
4155.576	6.50643	-1.03172	4.32861	-0.93356
4159.576	6.35662	-1.02822	4.32989	-0.85726
4163.580	6.29193	-1.00652	4.26778	-0.86784
4167.578	6.29269	-1.13464	4.20605	-0.84739
4171.576	6.22782	-1.16893	4.42822	-0.87503
4175.581	6.42638	-1.20195	4.26830	-0.85632
4179.579	6.31620	-1.19157	4.23021	-0.88896
4183.570	6.28288	-1.27944	4.27817	-0.92867
4187.602	6.30303	-1.33338	4.28533	-0.99032
4191.542	6.32897	-1.46186	4.33434	-1.03408
4195.582	6.23925	-1.52454	4.26494	-1.09471
4199.578	6.29004	-1.42694	4.22794	-1.14300
4203.576	6.37842	-1.48361	4.24687	-1.18015
4207.578	6.43133	-1.42285	4.19701	-1.20676
4211.578	6.52409	-1.42333	4.16996	-1.26887
4215.579	6.50631	-1.45099	4.04112	-1.30879
4219.577	6.42633	-1.46837	4.16492	-1.31246
4223.552	6.37339	-1.51267	4.30245	-1.34142
4227.577	6.33020	-1.48133	4.37283	-1.36182
4231.577	6.49276	-1.47245	4.36592	-1.36052
4235.573	6.46287	-1.39367	4.40340	-1.31249
4239.580	6.55099	-1.37117	4.29335	-1.22263
4243.544	6.53811	-1.34826	4.31622	-1.15322
4247.578	6.51224	-1.32753	4.15727	-1.07663
4251.578	6.44089	-1.32722	4.38521	-1.12490
4255.579	6.36140	-1.37988	4.45200	-1.15219
4259.583	6.37925	-1.37314	4.52252	-1.22810
4263.579	6.33998	-1.38497	4.57736	-1.16469
4267.578	6.37692	-1.40471	4.59736	-1.15087
4271.580	6.33954	-1.42200	4.59763	-1.21279
4275.586	6.23540	-1.34560	4.57379	-1.25002
4279.582	6.23631	-1.43470	4.59951	-1.23180
4283.572	6.29455	-1.28181	4.64788	-1.30423
4287.581	7.57110	-1.38913	5.15623	-1.31538
4291.580	9.62803	-1.49947	7.98836	-1.45068
4295.583	11.65287	-2.08359	8.75417	-2.20675
4299.576	12.18630	-3.49338	9.90142	-2.76884
4303.579	12.11669	-4.29352	10.93067	-2.92260
4307.547	12.02048	-4.24232	10.85181	-3.41029
4311.579	11.98163	-4.71723	11.08419	-3.79045
4315.573	12.17701	-5.74492	11.38073	-4.63360
4319.578	12.20729	-4.70019	11.24012	-4.67008
4323.579	12.31279	-4.67418	11.57358	-5.09206
4327.544	12.27799	-4.83339	11.45376	-4.98179
4331.582	12.47385	-4.99746	11.42596	-5.04505
4335.578	12.50101	-5.13884	11.42251	-5.03520
4339.582	12.52180	-5.48174	11.61473	-5.18197
4343.580	12.76052	-5.67217	11.74625	-5.27370
4347.514	12.56711	-5.93486	11.72964	-5.32969
4351.579	12.57732	-6.10572	11.84408	-5.23416
4355.581	12.61427	-5.95170	11.92802	-5.30562
4359.581	12.58183	-5.81285	12.02943	-5.25769
4363.571	12.55997	-5.96823	12.20017	-5.20885
4367.581	12.53249	-6.01213	12.18462	-5.15155
4371.544	12.52270	-6.17327	12.03035	-5.11994
4375.576	12.54585	-6.15950	12.14245	-5.18797
4379.583	12.42692	-6.07950	12.16830	-5.30832
4383.580	12.33605	-6.13284	12.04431	-5.23923
4387.575	12.44335	-5.98221	11.41113	-4.98670
4391.545	12.40553	-5.93194	11.91598	-4.76642
4395.584	12.51610	-5.50513	11.97923	-4.67287
4399.582	12.49514	-5.36091	11.95850	-4.76193
4403.584	12.49235	-5.17282	11.69052	-4.78540
4407.584	12.49178	-5.62156	11.76074	-5.08427
4411.583	12.50221	-6.01410	11.90044	-5.09766
4415.582	12.42524	-6.10691	11.73136	-5.03332
4419.579	12.22656	-5.73429	11.69638	-4.88958
4423.581	12.37683	-5.97566	11.60192	-5.06172
4427.546	12.49306	-5.84430	11.81332	-4.85788
4431.581	12.42695	-6.04705	11.78462	-4.78878
4435.581	12.49438	-6.10520	11.55814	-4.74688
4439.581	12.58793	-5.90338	11.59044	-4.88147
4443.481	12.58077	-5.90544	11.49629	-4.88308
4447.582	12.77745	-5.96421	11.73119	-4.94500
4451.583	12.69422	-5.83188	11.75488	-4.95370
4455.580	12.52729	-5.62060	11.65615	-4.93531
4459.549	12.54043	-5.28333	11.72422	-4.93481
4463.582	12.44650	-5.38945	11.69298	-4.93135
4467.585	12.24865	-5.64530	11.59999	-4.93925
4471.566	12.36833	-5.42053	11.63001	-4.83770
4475.490	12.27007	-5.61221	11.74577	-4.97673
4479.581	12.02136	-5.74914	11.73283	-4.98737
4483.582	12.06285	-5.79446	12.02610	-5.03304
4487.584	11.96477	-5.87174	11.91590	-5.08403
4491.550	11.93534	-6.19174	11.99716	-5.13385
4495.546	11.91619	-6.18903	11.97218	-5.10203
4499.583	11.95826	-6.52921	11.98094	-5.07896
4503.581	12.21077	-6.26773	11.91628	-5.04267
4507.483	12.36539	-6.25050	11.92999	-5.10528
4511.584	12.13702	-6.29212	12.07524	-5.10973
4515.560	12.30808	-6.38885	12.08024	-5.16558
4519.581	12.28609	-6.31254	12.07187	-5.19100
4523.485	12.35962	-6.24375	12.12355	-5.16728
4527.582	12.30140	-6.24194	12.05203	-5.20623
4531.585	12.32359	-6.41617	12.05426	-5.20951
4535.582	12.40761	-6.30201	11.30500	-5.08678
4539.484	11.23373	-6.35444	9.54344	-5.09944
4543.585	9.37515	-6.27789	6.47105	-5.19313
4547.585	8.36278	-6.32975	4.96957	-5.23906
4551.585	5.95395	-6.40282	2.99797	-5.48237
4555.485	4.23199	-6.47924	2.46308	-5.59867
4559.585	3.07736	-6.59214	1.57929	-5.80153
4563.584	2.67848	-6.41068	1.65974	-5.71347
4567.579	2.69997	-6.34994	1.86139	-5.59440
4571.482	3.11861	-6.42092	2.16240	-5.72400
4575.586	3.50061	-6.44678	1.90396	-5.68166
4579.586	3.28983	-6.49804	1.66061	-5.87158
4583.583	2.90577	-6.64315	1.60330	-5.86845
4587.484	2.28859	-6.98489	1.10581	-5.94988
4591.548	2.37842	-6.79324	1.11732	-5.95025
4595.578	2.69044	-6.89160	0.90882	-5.87855
4599.547	2.56337	-6.84604	1.20574	-5.86983
4603.439	2.49213	-6.90673	1.32319	-5.83318
4607.586	2.51242	-6.77330	1.33550	-5.82381
4611.587	2.41338	-6.91245	1.38758	-5.87468
4615.585	2.43305	-6.88323	1.40001	-5.91677
4619.448	2.41113	-6.88637	1.46422	-5.94214
4623.588	2.40342	-6.81103	1.55896	-5.90544
4627.584	2.51348	-6.79324	1.52268	-5.90714
4631.583	2.48671	-6.74843	1.52694	-5.84029
4635.585	2.54648	-6.67007	1.53416	-5.79624
4639.555	2.55554	-6.63549	1.54892	-5.77754
4643.583	2.54271	-6.64454	1.62468	-5.73137
4647.584	2.51257	-6.57638	1.60082	-5.61729
4651.484	2.55770	-6.54119	1.56412	-5.62541
4655.584	2.55646	-6.51456	1.60506	-5.61853
4659.584	2.52347	-6.50323	1.63388	-5.59973
4663.585	2.54829	-6.48771	1.67586	-5.58514
4667.483	2.56315	-6.51715	1.67387	-5.57745
4671.583	2.52639	-6.48910	1.65599	-5.55127
4675.593	2.54343	-6.33641	1.75994	-5.57400
4679.571	2.32399	-6.40354	1.74216	-5.56694
4683.587	2.26076	-6.24260	1.76703	-5.56342
4687.589	2.31227	-6.18380	1.78597	-5.48248
4691.589	2.38734	-6.29037	1.84044	-5.51704
4695.585	2.40543	-6.35479	1.88172	-5.58482
4699.482	2.50506	-6.42086	1.83055	-5.49958
4703.585	2.40288	-6.23248	1.70737	-5.57799
4707.585	2.32082	-6.14138	1.75865	-5.55248
4711.587	2.31993	-6.30627	1.74848	-5.55470
4715.588	2.32107	-6.16715	1.76244	-5.57097
4719.587	2.32952	-6.31092	1.74965	-5.49736
4723.584	2.31978	-6.32335	1.70279	-5.56556
4727.588	2.27830	-6.31225	1.65528	-5.53722
4731.486	2.27203	-6.36317	1.57245	-5.54436
4735.585	2.26514	-6.39304	1.54872	-5.52205
4739.588	2.24227	-6.33188	1.47836	-5.41885
4743.585	2.24123	-6.29977	1.45795	-5.32698
4747.485	2.14570	-6.36952	1.46219	-5.30190
4751.585	2.22198	-6.36740	1.50247	-5.17252
4755.587	2.22022	-6.43887	1.51320	-5.18942
4759.459	2.26247	-6.45214	1.56732	-5.20750
4763.456	2.17375	-6.33145	1.67881	-5.24448
4767.450	2.19484	-6.27570	1.68992	-5.19432
4771.454	2.31777	-6.29468	1.60895	-5.20700
4775.459	2.39453	-6.34126	1.65847	-5.12771
4779.465	2.46962	-6.32256	1.74241	-5.18857
4783.461	2.49857	-6.41246	1.78927	-5.29449
4787.464	2.45183	-6.26079	1.80873	-5.19880
4791.426	2.56495	-6.29395	1.83697	-5.21037
4795.457	2.37959	-5.80867	1.80980	-4.85467
4799.463	2.31658	-5.02133	1.73616	-4.33360
4803.427	2.25677	-3.47705	1.47863	-2.96373
4807.461	1.95592	-2.14213	1.04434	-1.23307
4811.454	1.80028	-0.23250	0.69330	-0.31046
4815.462	1.69393	0.61425	0.43931	0.00017
4819.467	1.55467	1.07073	0.43986	0.46759
4823.463	1.65793	1.25294	0.53416	0.52753
4827.484	1.51266	0.77786	0.58426	0.19612
4831.465	1.56144	0.19179	0.66260	-0.09092
4835.464	1.59660	0.32584	0.35819	-0.02080
4839.460	1.38113	0.72959	0.28570	0.09803
4843.486	1.47945	1.21272	0.28791	0.45646
4847.462	1.46013	1.52178	0.20926	0.46934
4851.446	1.38828	1.77585	0.10572	0.67306
4855.463	1.47191	2.04228	0.13228	0.83991
4859.462	1.50046	2.17013	0.17578	1.07653
4863.464	1.59241	1.97694	0.10816	0.74531
4867.427	1.47915	1.97424	0.08180	0.97844
4871.465	1.38562	1.67225	-0.00151	1.03572
4875.454	1.41105	1.58648	-0.03651	0.98060
4879.465	1.39110	1.98395	-0.02588	1.25756
4883.463	1.37498	1.86135	0.08587	1.23918
4887.466	1.26545	1.99077	0.24666	1.23912
4891.429	1.28296	1.83065	0.34159	1.21666
4895.466	1.32728	1.78048	0.55448	1.27034
4899.464	1.33428	1.84796	0.51309	1.27723
4903.466	1.21616	1.78158	0.38199	1.21655
4907.465	1.19668	1.86431	0.43455	1.23882
4911.465	1.23176	1.69177	0.44502	1.18063
4915.467	1.20981	1.79786	0.47004	1.19262
4919.465	1.27924	1.86140	0.49681	1.17436
4923.485	1.23933	1.92573	0.45470	1.17506
4927.463	1.29107	1.94941	0.28945	1.18467
4931.465	1.35871	1.91549	0.27763	1.20340
4935.438	1.36161	1.97950	0.36879	1.24703
4939.461	1.33510	1.90697	0.26334	1.24943
4943.463	1.35179	1.83204	0.24589	1.22804
4947.465	1.38245	1.87969	0.26639	1.26336
4951.463	1.40561	1.84949	0.29570	1.34080
4955.464	1.44220	1.89326	0.28153	1.45300
4959.463	1.46707	1.91624	0.25368	1.45953
4963.464	1.38108	1.90686	0.26642	1.38905
4967.467	1.28884	1.94822	0.31813	1.13104
4971.468	1.23742	1.77486	0.32049	1.22992
4975.453	1.11536	1.79775	0.38065	1.23324
4979.457	1.04024	1.74103	0.33392	1.28546
4983.468	0.87997	1.79143	0.27659	1.25295
4987.458	0.95070	1.75110	0.30811	1.38768
4991.427	0.89652	1.83190	0.34273	1.37822
4995.428	0.83255	1.92257	0.35593	1.37248
4999.469	0.70459	1.91188	0.48096	1.19918
5003.456	0.64292	1.85179	0.51093	1.23322
5007.465	0.55419	1.88004	0.48617	1.09789
5011.466	0.49612	1.93636	0.36965	1.17721
5015.466	0.46701	1.98355	0.31709	1.12516
5019.459	0.42529	2.05009	0.23636	1.09779
5023.467	0.83297	2.04797	0.36596	1.05948
5027.467	1.52903	2.01335	0.43976	1.05321
5031.466	3.32837	2.85615	0.80595	1.50139
5035.460	5.61483	4.85360	3.59824	4.31891
5039.466	7.77127	5.65034	6.08848	5.25346
5043.464	9.40822	7.59813	8.65159	7.28815
5047.467	10.75054	8.42207	9.75314	7.77547
5051.460	11.97372	8.51004	11.34070	8.41658
5055.431	12.32878	8.91286	11.79185	9.69275
5059.452	12.80921	9.12608	12.62771	10.10046
5063.463	13.78747	9.82917	12.78085	11.79167
5067.439	13.63412	11.19552	13.11031	11.64851
5071.464	13.58203	11.20490	13.04784	11.20116
5075.465	13.59581	10.71418	12.92550	10.07561
5079.469	13.70045	10.56785	13.08077	10.07507
5083.458	13.84586	10.38321	13.17659	10.16769
5087.468	13.69029	10.34149	13.46097	10.58232
5091.465	13.64063	10.22622	13.87258	10.93399
5095.469	13.63906	10.35047	13.62725	10.99014
5099.469	13.63799	10.39173	13.83645	10.72579
5103.468	13.61637	10.40360	13.79234	10.62370
5107.467	13.56273	10.33915	13.73910	10.53001
5111.466	13.51684	10.29566	13.73067	10.60554
5115.460	13.41610	10.28125	13.69678	10.47032
5119.466	13.29170	10.26033	13.70868	10.34687
5123.467	13.31598	10.29697	13.85779	10.30188
5127.471	13.25468	10.33520	13.91724	10.63112
5131.488	13.12915	10.33779	13.81263	10.50069
5135.469	13.00052	10.36387	13.84478	10.41530
5139.469	12.92632	10.41457	13.68244	10.50425
5143.432	12.82481	10.54310	13.46177	10.59058
5147.467	12.79185	10.66689	13.62870	10.73084
5151.467	12.70605	10.70612	13.50938	10.70487
5155.468	12.69826	10.72961	13.58324	10.82399
5159.465	12.69615	10.75024	13.53029	10.74619
5163.435	12.82059	10.79788	13.45486	10.82493
5167.467	12.65479	10.81986	13.37153	11.05376
5171.466	12.63594	10.88814	13.35315	11.21602
5175.468	12.68501	10.91623	13.11909	11.26462
5179.476	12.75613	10.95768	13.10038	11.38620
5183.467	12.81183	10.93329	12.97156	11.28447
5187.458	12.86237	10.89660	12.93868	11.36313
5191.472	12.95577	10.84228	12.84626	11.35194
5195.467	13.04865	10.81646	12.87081	11.42256
5199.467	13.11392	10.77529	12.82859	11.41223
5203.468	13.20035	10.79297	12.74223	11.50036
5207.469	13.18920	10.81810	12.78481	11.47157
5211.462	13.11756	10.78119	12.79126	11.47620
5215.471	13.20846	10.65102	12.73635	11.43376
5219.467	13.18042	10.63604	12.80164	11.40555
5223.472	13.16527	10.52149	12.77750	11.33833
5227.468	13.18588	10.51634	12.78375	11.25605
5231.468	13.22784	10.45473	12.78920	11.17833
5235.471	13.23236	10.38380	12.80185	11.04097
5239.430	13.16833	10.43342	12.82375	11.08225
5243.469	13.15981	10.33524	12.84529	10.99474
5247.469	13.06598	10.32483	12.87848	10.73377
5251.472	12.97966	10.32933	12.92670	10.87579
5255.473	12.99020	10.31970	13.08150	10.66443
5259.463	12.96908	10.36456	13.19788	10.50426
5263.469	12.93092	10.38135	13.08882	10.47529
5267.450	12.95108	10.45708	13.37371	10.67071
5271.470	12.96046	10.44129	13.29831	10.91445
5275.472	12.86152	10.49658	13.36699	10.88632
5279.477	12.88562	10.47150	13.42730	10.80795
5283.468	12.87813	10.47848	13.49885	10.73349
5287.471	12.91281	10.49900	13.59021	10.83941
5291.433	12.92800	10.46320	13.61991	10.91538
5295.470	12.94683	10.44421	13.67213	10.89170
5299.471	12.95548	10.41413	13.68007	10.81060
5303.433	12.98120	10.38277	13.68654	10.86043
5307.459	12.99750	10.39271	13.69975	10.97610
5311.464	12.99618	10.32285	13.63780	10.97035
5315.468	12.97660	10.29383	13.64002	10.94262
5319.470	13.37862	10.34186	13.97227	10.95826
5323.469	15.19939	10.72699	15.53396	10.90300
5327.470	16.21155	11.98465	17.05369	12.69776
5331.470	17.49413	12.18650	18.93534	12.54544
5335.472	17.12228	12.11839	18.34753	11.90863
5339.465	17.03495	11.67461	18.79273	11.77293
5343.471	16.72004	11.96953	18.39268	11.34063
5347.471	16.43955	11.96564	18.08962	11.83935
5351.452	16.75750	11.27839	17.41440	11.78801
5355.442	16.99004	11.52619	18.07170	11.55062
5359.469	17.01038	11.59021	18.52172	11.72600
5363.433	17.04979	11.65070	18.77678	11.76864
5367.470	17.21972	11.85795	19.03946	11.63025
5371.469	17.22767	11.73073	19.01133	11.51924
5375.472	17.11915	11.70636	18.95002	11.57894
5379.470	17.08850	11.70625	18.66735	11.41182
5383.475	17.05718	11.73444	18.27843	11.44985
5387.475	17.05435	11.72735	18.48407	11.48202
5391.471	16.97513	11.77714	18.45679	11.40830
5395.460	16.96364	11.83897	18.54553	11.39431
5399.473	16.86903	11.90172	19.00543	11.44751
5403.470	16.78308	11.95058	18.91149	11.47490
5407.472	16.73880	12.03889	18.89923	11.36657
5411.470	16.80343	12.02896	18.69305	11.52098
5415.434	16.73495	12.03442	18.69492	11.43728
5419.473	16.68915	12.07993	18.48407	11.51958
5423.471	16.65594	12.06876	18.47200	11.52076
5427.472	16.60910	12.08164	18.41811	11.49829
5431.471	16.61334	12.14708	18.39346	11.60211
5435.395	16.67277	12.18398	18.25787	11.65291
5439.475	16.69964	12.14088	18.27769	11.61908
5443.472	16.76274	12.07656	18.24683	11.62087
5447.475	16.75700	11.97511	18.47423	11.52500
5451.372	16.79675	11.96742	18.64656	11.44910
5455.473	16.77880	11.93741	18.46952	11.46717
5459.474	16.74965	11.92960	18.42112	11.50242
5463.473	16.79370	11.87165	18.29181	11.51794
5467.372	16.76146	11.83070	18.37198	11.51836
5471.475	16.87103	11.68764	18.55559	11.64121
5475.456	17.01614	11.56578	18.59764	11.60152
5479.469	17.26420	11.47648	18.51594	11.74556
5483.364	17.24449	11.43772	18.49894	11.65258
5487.470	17.50665	11.41828	18.64652	11.61257
5491.475	17.56507	11.53538	18.48396	11.65719
5495.476	16.74255	11.51199	17.82838	11.70439
5499.373	16.04659	11.27446	14.70186	11.47019
5503.474	13.69160	11.09123	11.53894	9.41061
5507.473	12.11916	8.33106	8.74777	7.64763
5511.476	10.29231	7.13100	7.43520	6.81592
5515.466	9.72443	5.44281	6.37744	4.37972
5519.467	8.87547	4.41869	5.52895	3.77458
5523.472	8.62865	3.74294	5.60126	2.97771
5527.473	7.38451	2.97593	4.75006	1.17277
5531.373	6.95783	1.71857	3.02866	0.78895
5535.474	6.39570	0.87594	2.08332	0.66760
5539.477	4.96519	0.94096	2.24126	0.52745
5543.471	4.33572	0.32422	2.10724	0.38524
5547.377	3.32921	0.17861	2.29376	0.35356
5551.476	3.75860	0.19301	2.62464	0.33374
5555.437	4.33927	0.06841	2.48037	0.28766
5559.467	4.21150	0.01028	2.43711	0.09869
5563.361	4.29275	-0.09394	2.37149	-0.00653
5567.486	4.52619	-0.16017	2.34317	-0.02997
5571.473	4.20543	-0.29104	2.34641	-0.06215
5575.473	4.30509	-0.26779	2.43194	-0.21555
5579.371	4.21037	-0.27498	2.51953	-0.20131
5583.476	4.23606	-0.29375	2.58105	-0.29451
5587.475	4.21799	-0.25629	2.66461	-0.31020
5591.440	4.27400	-0.23467	2.71595	-0.24856
5595.374	4.30966	-0.25886	2.72444	-0.29899
5599.473	4.22394	-0.18433	2.69477	-0.29324
5603.466	4.21911	-0.13593	2.80843	-0.28095
5607.476	4.19200	-0.15053	2.83974	-0.16626
5611.373	4.07441	0.03748	2.88463	-0.13992
5615.476	4.08061	0.01207	2.87066	-0.16621
5619.473	4.13421	0.03646	2.89641	-0.21457
5623.476	3.99618	-0.02320	2.90638	-0.08254
5627.374	3.94036	0.18318	2.90141	-0.07128
5631.474	3.88184	0.06233	2.82078	-0.10915
5635.474	3.99339	-0.02677	2.71577	-0.21947
5639.475	4.04305	-0.11405	2.60542	-0.16704
5643.378	3.85891	-0.04475	2.74143	-0.13542
5647.476	3.86368	-0.15337	2.62994	-0.20730
5651.476	3.90521	0.11625	2.63710	-0.39133
5655.475	4.01863	0.04194	2.57033	-0.18720
5659.377	3.92396	-0.10715	2.56894	-0.20840
5663.476	3.84901	-0.05950	2.50075	-0.20920
5667.474	3.78689	-0.10511	2.49456	-0.22152
5671.476	3.73102	-0.17836	2.45292	-0.24680
5675.374	3.68955	-0.18534	2.45894	-0.22743
5679.480	3.65653	-0.15085	2.60582	-0.17222
5683.438	3.67689	-0.02274	2.58606	-0.23501
5687.473	3.61686	0.03226	2.55958	-0.22838
5691.370	3.60835	0.09134	2.58903	-0.22418
5695.476	3.56064	0.14588	2.55101	-0.29407
5699.475	3.55614	-0.04744	2.53756	-0.28074
5703.475	3.56635	-0.12745	2.57892	-0.32671
5707.373	3.57970	-0.04355	2.60939	-0.29939
5711.475	3.56638	-0.14660	2.67333	-0.27897
5715.475	3.57866	-0.16594	2.67241	-0.28932
5719.478	3.61911	-0.22947	2.74380	-0.30479
5723.378	3.66572	-0.23896	2.76671	-0.39530
5727.472	3.67437	-0.26464	2.85321	-0.35530
5731.478	3.68164	-0.30652	2.82566	-0.36674
5735.476	3.66471	-0.27990	2.85665	-0.38684
5739.346	3.70808	-0.29967	2.87361	-0.38872
5743.476	3.73376	-0.31776	2.96064	-0.43241
5747.480	3.77229	-0.33719	2.89047	-0.55997
5751.477	3.75445	-0.34208	2.89465	-0.48050
5755.344	3.76658	-0.37753	2.87220	-0.49183
5759.479	3.75973	-0.13982	2.97782	-0.50037
5763.479	3.74347	-0.05854	2.89839	-0.45040
5767.477	3.74854	-0.02212	2.90532	-0.43134
5771.372	3.73527	-0.19629	2.90284	-0.41139
5775.478	3.72642	-0.13673	2.89950	-0.38752
5779.475	3.78014	-0.01755	2.89180	-0.45512
5783.482	3.77281	-0.22053	2.75690	-0.38940
5787.375	3.79373	-0.23627	2.81041	-0.32406
5791.456	3.79485	-0.17879	2.79144	-0.31784
5795.351	3.77315	-0.28621	2.72523	-0.30892
5799.351	3.81017	-0.32133	2.61105	-0.31940
5803.312	3.78254	-0.30532	2.56067	-0.34592
5807.355	3.85617	-0.35173	2.52825	-0.35340
5811.355	3.83505	-0.40482	2.57184	-0.30253
5815.321	3.84663	-0.37596	2.49865	-0.33879
5819.480	3.86477	-0.37342	2.50001	-0.29887
5823.315	3.78047	-0.34658	2.44898	-0.25492
5827.355	3.91291	-0.40027	2.50727	-0.19073
5831.351	3.90649	-0.43664	2.55428	-0.24886
5835.352	3.94903	-0.50657	2.59084	-0.21110
5839.356	3.90318	-0.52177	2.62695	-0.13449
5843.356	3.80189	-0.36628	2.47350	-0.23361
5847.353	3.57896	-0.47718	0.60210	-0.28438
5851.347	2.00978	-0.39503	-0.94758	-0.31007
5855.336	0.53056	-0.39846	-1.02015	-0.41369
5859.353	0.07907	-0.88200	-1.66398	-0.70066
5863.318	-0.01278	-0.67857	-1.81027	-0.80938
5867.353	0.05398	-0.73291	-1.11224	-0.86932
5871.353	0.20628	-0.69549	-0.81161	-0.81949
5875.357	0.86342	-0.77861	-0.84292	-0.73755
5879.355	0.49503	-0.83745	-0.77173	-0.81092
5883.360	0.49381	-0.91553	-0.83238	-0.80560
5887.353	0.27421	-1.03353	-1.13548	-0.73413
5891.320	0.26029	-0.90803	-0.91837	-0.71935
5895.354	0.08455	-1.07885	-0.84091	-0.65463
5899.348	0.09046	-0.97928	-0.88987	-0.65482
5903.355	0.11280	-0.95494	-0.88875	-0.58163
5907.354	0.06041	-1.01965	-0.86493	-0.61246
5911.353	0.00412	-1.14172	-0.85429	-0.56258
5915.354	-0.11242	-1.17987	-0.95112	-0.53543
5919.356	-0.10260	-1.21658	-0.98953	-0.60847
5923.356	-0.14228	-1.16881	-1.06786	-0.65220
5927.353	-0.10180	-1.11891	-1.10112	-0.68473
5931.345	-0.10404	-1.14922	-1.13412	-0.79107
5935.358	-0.09178	-1.23953	-1.23169	-0.73649
5939.329	-0.00238	-1.12783	-1.30397	-0.76235
5943.354	0.00553	-1.16939	-1.35120	-0.78926
5947.354	0.08319	-1.22582	-1.36903	-0.85279
5951.356	0.21954	-1.13945	-1.46241	-0.83989
5955.354	0.18695	-1.06573	-1.50266	-0.88274
5959.357	0.22852	-1.06277	-1.52967	-0.93419
5963.355	0.20958	-1.05696	-1.52764	-0.96299
5967.355	0.14618	-0.98216	-1.51105	-0.97994
5971.357	0.10480	-0.95119	-1.45725	-0.95838
5975.359	0.01531	-0.90185	-1.44381	-1.00386
5979.349	0.01551	-0.90970	-1.38577	-1.12403
5983.357	-0.08996	-0.99868	-1.34968	-1.27512
5987.353	-0.13759	-0.99068	-1.36829	-1.24839
5991.321	-0.16931	-1.00027	-1.36985	-1.29949
5995.324	-0.13692	-1.19268	-1.35040	-1.31350
5999.356	-0.15588	-0.99662	-1.31106	-1.32865
6003.318	-0.14709	-0.90063	-0.95239	-1.25938
6007.358	-0.16452	-0.93138	-0.96512	-1.18710
6011.351	-0.17062	-0.95717	-0.82957	-1.18201
6015.355	-0.11158	-0.96920	-0.78089	-1.23480
6019.353	-0.04564	-1.03749	-0.96792	-1.33372
6023.321	-0.11595	-0.90550	-0.91800	-1.50634
6027.354	-0.06127	-0.76779	-0.91172	-1.35661
6031.359	-0.04003	-0.73838	-0.87232	-1.45608
6035.354	-0.06063	-0.70113	-0.93899	-1.42685
6039.354	-0.09733	-0.66158	-0.84811	-1.46599
6043.379	-0.09083	-0.64384	-0.92889	-1.46040
6047.356	-0.13362	-0.63223	-0.99941	-1.50432
6051.357	-0.16246	-0.59064	-0.97747	-1.61652
6055.358	-0.16558	-0.55250	-1.03367	-1.67245
6059.346	-0.15767	-0.62652	-1.03570	-1.78114
6063.337	-0.17067	-0.55976	-0.95398	-1.82338
6067.357	-0.14121	-0.57869	-1.01960	-1.76757
6071.357	-0.07202	-0.62078	-0.98018	-1.77219
6075.352	-0.03015	-0.75718	-0.96832	-1.72357
6079.356	-0.02266	-0.80255	-0.91679	-1.67913
6083.356	0.05505	-0.79664	-0.98829	-1.71472
6087.361	0.08480	-0.73289	-1.00469	-1.69639
6091.351	0.09282	-0.73274	-0.98445	-1.68732
6095.324	0.15784	-0.81800	-1.07897	-1.66959
6099.355	0.14052	-0.83803	-1.08289	-1.70253
6103.351	0.15335	-0.83189	-1.15302	-1.67724
6107.352	0.20621	-0.83271	-1.15640	-1.64661
6111.356	0.13729	-0.69055	-1.21020	-1.63722
6115.357	0.16275	-0.66923	-1.22444	-1.62507
6119.356	0.16390	-0.72983	-1.25977	-1.64203
6123.318	0.22013	-0.74960	-1.25575	-1.68359
6127.357	0.23989	-0.81149	-1.09217	-1.68771
6131.362	0.23626	-0.95826	-1.14176	-1.41553
6135.359	0.26480	-1.24113	-0.99273	-1.53776
6139.348	0.20214	-0.76227	-1.10606	-1.35343
6143.358	0.18221	-0.80347	-1.08232	-1.40921
6147.321	0.19978	-0.75696	-1.00015	-1.35956
6151.357	0.21092	-0.62070	-0.99916	-1.42196
6155.357	0.17650	-0.84108	-0.93413	-1.41759
6159.359	0.14670	-0.91491	-0.84843	-1.45311
6163.322	0.13595	-0.87802	-0.74312	-1.43934
6167.358	0.15367	-0.81730	-0.68647	-1.38303
6171.358	0.13424	-0.66747	-0.81927	-1.41264
6175.357	0.15057	-0.84930	-0.94021	-1.47162
6179.358	0.07567	-0.72223	-0.87672	-1.56989
6183.361	0.04882	-0.73728	-0.85334	-1.61640
6187.352	0.07718	-0.60729	-0.98162	-1.68665
6191.356	0.10391	-0.83119	-0.85384	-1.79337
6195.360	0.04497	-0.89688	-0.93269	-1.92960
6199.367	0.23631	-0.81487	-0.86431	-1.98912
6203.358	0.38186	-1.04914	-0.77191	-1.92806
6207.357	0.42666	-0.96010	-0.95651	-1.98907
6211.362	0.32776	-0.95746	-0.82573	-2.01450
6215.360	0.40447	-0.95852	-0.87473	-2.02281
6219.354	0.31821	-0.85876	-0.75369	-1.96108
6223.358	0.37367	-0.90491	-0.90034	-1.95182
6227.362	0.38916	-0.79481	-0.70598	-1.87086
6231.323	0.39325	-0.89010	-0.72372	-1.72214
6235.357	0.31925	-0.88802	-0.64307	-1.79051
6239.357	0.32886	-0.86768	-0.46820	-1.64478
6243.359	0.24785	-0.90825	-0.44214	-1.62703
6247.363	0.24592	-0.87198	-0.36620	-1.59691
6251.351	0.23083	-0.83273	-0.46492	-1.52419
6255.360	0.27617	-0.80423	-0.53123	-1.47545
6259.356	0.26217	-0.81596	-0.52778	-1.47118
6263.361	0.30570	-0.83243	-0.59119	-1.45552
6267.357	0.45118	-0.81368	-0.57312	-1.42948
6271.339	0.35347	-0.87048	-0.65389	-1.40323
6275.362	0.30297	-0.87203	-0.62992	-1.38668
6279.361	0.50036	-0.88003	-0.73139	-1.38722
6283.363	0.48902	-1.06636	-0.81000	-1.38888
6287.327	0.46475	-1.03716	-0.84089	-1.35848
6291.363	0.51279	-1.09743	-0.80583	-1.35849
6295.364	0.46113	-1.06423	-0.81042	-1.41282
6299.360	0.42261	-1.05199	-0.79846	-1.45327
6303.358	0.49565	-1.08914	-0.82972	-1.52835
6307.362	0.40725	-1.02753	-0.98467	-1.47877
6311.355	0.50500	-1.04294	-0.84406	-1.55868
6315.354	0.41673	-1.04655	-0.82126	-1.65589
6319.359	0.50800	-1.18650	-0.81975	-1.72239
6323.360	0.46880	-1.12526	-0.90895	-1.80459
6327.359	0.52463	-1.15911	-0.73888	-1.73226
6331.354	0.48091	-1.07116	-0.86575	-1.74253
6335.362	0.53240	-0.96151	-0.80714	-1.79230
6339.360	0.57252	-0.94930	-0.83860	-1.64300
6343.360	0.67496	-0.92285	-0.88329	-1.67527
6347.354	0.74305	-0.93089	-0.94207	-1.58722
6351.364	0.74873	-1.12875	-0.89006	-1.50059
6355.335	0.75511	-1.18955	-0.88982	-1.49274
6359.361	0.68682	-1.35040	-0.92738	-1.46189
6363.369	0.58369	-1.15442	-0.89398	-1.41780
6367.325	0.59052	-1.07487	-0.74099	-1.40986
6371.360	0.66439	-1.13975	-0.85304	-1.42365
6375.364	0.65114	-0.97559	-0.70918	-1.45797
6379.364	0.63218	-0.98812	-0.65610	-1.42782
6383.362	0.57310	-1.01138	-0.73265	-1.45940
6387.368	0.53004	-0.94702	-0.71541	-1.42949
6391.326	0.52751	-0.96647	-0.72930	-1.49896
6395.320	0.53538	-0.96506	-0.63888	-1.51898
6399.361	0.56895	-0.89738	-0.60493	-1.50481
6403.361	0.59094	-0.85167	-0.62943	-1.45059
6407.362	0.61369	-0.87400	-0.67965	-1.47117
6411.354	0.57714	-0.86698	-0.74233	-1.52254
6415.363	0.63354	-0.85842	-0.80627	-1.55944
6419.364	0.68553	-0.89717	-0.81387	-1.55902
6423.363	0.75737	-0.88813	-0.88696	-1.53602
6427.366	0.76017	-0.89986	-0.90795	-1.46346
6431.363	0.75593	-0.89703	-0.90272	-1.72176
6435.363	0.76816	-0.87223	-0.84741	-1.65488
6439.329	0.73553	-0.85214	-0.90202	-1.80437
6443.330	0.65796	-0.91285	-0.90448	-1.83309
6447.364	0.62129	-0.94669	-0.92135	-1.82834
6451.363	0.60469	-1.07201	-0.89455	-1.90624
6455.364	0.57955	-1.12087	-0.90160	-1.88710
6459.362	0.42777	-1.03850	-0.87699	-1.84368
6463.362	0.43845	-1.18083	-0.93869	-1.87172
6467.363	0.37400	-0.93768	-0.90274	-1.90646
6471.365	0.43569	-0.87393	-0.82334	-1.90245
6475.363	0.45738	-0.84096	-0.85880	-1.89300
6479.342	0.55699	-0.95139	-0.81903	-1.89029
6483.364	0.56136	-0.86748	-0.81131	-1.87543
6487.362	0.66364	-1.09485	-0.72677	-1.87236
6491.334	0.57324	-1.04340	-0.69918	-1.87895
6495.364	0.59238	-1.00914	-0.73104	-1.87099
6499.327	0.46316	-0.91225	-0.70052	-1.89955
6503.366	0.68069	-0.87762	-0.63292	-1.90588
6507.263	0.70551	-0.83188	-0.63632	-1.89526
6511.376	0.70047	-0.88969	-0.69848	-1.88501
6515.362	0.64091	-0.94268	-0.68181	-1.85198
6519.352	0.63789	-0.95019	-0.65392	-1.86174
6523.356	0.65216	-0.98210	-0.65069	-1.83074
6527.359	0.62995	-0.91762	-0.67456	-1.82810
6531.362	0.58163	-0.84305	-0.71598	-1.77648
6535.360	0.63163	-0.79515	-0.69747	-1.78118
6539.264	0.68422	-0.82706	-0.67208	-1.74542
6543.365	0.84247	-0.78175	-0.65273	-1.66670
6547.365	0.85476	-0.73911	-0.69836	-1.62244
6551.365	0.82513	-0.73510	-0.62044	-1.54781
6555.263	0.95636	-0.71472	-0.54528	-1.52114
6559.363	0.99010	-0.67485	-0.46247	-1.48714
6563.339	0.90721	-0.67009	-0.48314	-1.46794
6567.365	0.95566	-0.65749	-0.44688	-1.43532
6571.367	0.88815	-0.68729	-0.39378	-1.42062
6575.363	0.96537	-0.74140	-0.41293	-1.39080
6579.365	0.89676	-0.77083	-0.42343	-1.36102
6583.366	0.63828	-0.84237	-0.43373	-1.32240
6587.267	0.84468	-0.80256	-0.40370	-1.30753
6591.366	0.79349	-0.92628	-0.46420	-1.28248
6595.366	0.65357	-1.01305	-0.51466	-1.24475
6599.367	0.71479	-1.08487	-0.53317	-1.20125
6603.349	0.62704	-1.10062	-0.53396	-1.16241
6607.364	0.63206	-1.24589	-0.58637	-1.07112
6611.368	0.57578	-1.23318	-0.64546	-1.10215
6615.366	0.68461	-1.17469	-0.68831	-0.97099
6619.275	0.60682	-1.22486	-0.72129	-0.82748
6623.329	0.63590	-1.31744	-0.82320	-0.90300
6627.333	0.68866	-1.26080	-0.79784	-0.93763
6631.364	0.68471	-1.30079	-0.89389	-0.92310
6635.264	0.68191	-1.22318	-0.79213	-1.03267
6639.364	0.75186	-1.19599	-0.86907	-0.92430
6643.371	0.75727	-1.27047	-0.88297	-0.82767
6647.331	0.75163	-1.43712	-0.80910	-0.83794
6651.237	0.60992	-1.63630	-0.58166	-0.90513
6655.365	0.65225	-1.61171	-0.64878	-0.85857
6659.365	0.75397	-1.59092	-0.57575	-0.84822
6663.365	0.68223	-1.29778	-0.80491	-0.95328
6667.367	0.72087	-1.49318	-0.66285	-1.07542
6671.368	0.67734	-1.05977	-0.77310	-1.13990
6675.368	0.63749	-1.10305	-0.67159	-0.92089
6679.365	0.55905	-1.34433	-0.59853	-0.88916
6683.271	0.55290	-1.34358	-0.62439	-0.88150
6687.352	0.42959	-1.26004	-0.76585	-0.89094
6691.359	0.69858	-1.57522	-0.80947	-0.95514
6695.366	0.60439	-1.59432	-0.52461	-0.97659
6699.265	0.59061	-1.55209	-0.64910	-1.00384
6703.370	0.48917	-1.45820	-0.58243	-1.02022
6707.334	0.48857	-1.55182	-0.55955	-1.26942
6711.368	0.37370	-1.41005	-0.63685	-1.06383
6715.263	0.20869	-1.39204	-0.39298	-1.14104
6719.367	0.23539	-1.45921	-0.49669	-1.19282
6723.367	0.32563	-1.57809	-0.45800	-1.22884
6727.361	0.32466	-1.45116	-0.74662	-1.15784
6731.265	0.44249	-1.52610	-0.68196	-1.07331
6735.364	0.43629	-1.47418	-0.92282	-0.84204
6739.366	0.31473	-1.37164	-1.00132	-1.05725
6743.363	0.45319	-1.32026	-1.02032	-0.79052
6747.369	0.59952	-1.28851	-0.70680	-1.04980
6751.365	0.61014	-1.20412	-0.81084	-1.06036
6755.371	0.61265	-1.11572	-0.91401	-0.95281
6759.369	0.68466	-1.17248	-0.88840	-0.75071
6763.371	0.70928	-1.11707	-0.81873	-0.85685
6767.369	0.69565	-1.09650	-0.92294	-0.85752
6771.338	0.67238	-1.07222	-0.95562	-0.92122
6775.368	0.62357	-1.14453	-0.73027	-0.94398
6779.369	0.58858	-1.51914	-0.32255	-0.97162
6783.363	0.59302	-1.23939	-0.36623	-1.00679
6787.370	0.72702	-1.35891	-0.38564	-1.07400
6791.328	0.68506	-1.28010	-0.43140	-1.09571
6795.266	0.63620	-1.47202	-0.50525	-1.04006
6799.369	0.60975	-1.58786	-0.64094	-1.03479
6803.330	0.63312	-1.41007	-0.79126	-1.05810
6807.369	0.61292	-1.28742	-0.96435	-1.03476
6811.372	0.76094	-1.41090	-0.73295	-0.93752
6815.365	0.76057	-1.48485	-0.74809	-0.87773
6819.369	0.80059	-1.43611	-1.04223	-0.73296
6823.368	0.90572	-1.38706	-1.19301	-0.65657
6827.237	0.81473	-1.39238	-0.98968	-0.82869
6831.245	0.68992	-1.20132	-1.02950	-0.79445
6835.244	0.72168	-1.30082	-1.04069	-0.69493
6839.245	0.71049	-1.30525	-0.81233	-0.62624
6843.243	0.68826	-1.35475	-0.73821	-0.66212
6847.243	0.70762	-1.35323	-0.80674	-0.70685
6851.207	0.74494	-1.38418	-0.73958	-0.72110
6855.243	0.59709	-1.38271	-0.81339	-0.81111
6859.203	0.51761	-1.37518	-1.00496	-0.91927
6863.245	0.60496	-1.34253	-0.80647	-0.82764
6867.243	0.73114	-1.38908	-0.72670	-0.89544
6871.208	0.77220	-1.46925	-0.70273	-0.88859
6875.374	0.52210	-1.46895	-0.70871	-0.85178
6879.245	0.40102	-1.45854	-0.80007	-0.96483
6883.242	0.70198	-1.33533	-0.74962	-0.98250
6887.247	0.80146	-1.33865	-0.64337	-0.81577
6891.242	0.60905	-1.35018	-0.62012	-0.81719
6895.245	0.53989	-1.37830	-0.58575	-0.80979
6899.233	0.37794	-1.24229	-0.69568	-0.89326
6903.234	0.53719	-1.15684	-0.56687	-0.81729
6907.245	0.33588	-1.17982	-0.54910	-0.93934
6911.208	0.25875	-1.20323	-0.46540	-0.83373
6915.245	0.26689	-1.19603	-0.37698	-0.77640
6919.246	0.38983	-1.14532	-0.38894	-0.68477
6923.268	0.34325	-0.94692	-0.23291	-0.41929
6927.245	0.33977	-0.79096	-0.21306	-0.25947
6931.245	0.29863	-0.85956	-0.23954	-0.38530
6935.248	0.26041	-0.77221	-0.23182	-0.45488
6939.237	0.28585	-0.54149	-0.26840	-0.33980
6943.212	0.33216	-0.65561	-0.24301	-0.29913
6947.245	0.38149	-0.62412	-0.14144	-0.31357
6951.247	0.40080	-0.54205	-0.14692	-0.22401
6955.245	0.35092	-0.51773	-0.17558	-0.21512
6959.246	0.35715	-0.54022	-0.61141	-0.25153
6963.248	0.45557	-0.52600	-0.72109	-0.33116
6967.243	0.51629	-0.55494	-0.56131	-0.41543
6971.237	0.55607	-0.60485	-0.51939	-0.61825
6975.246	0.45386	-0.62839	-0.60903	-0.73163
6979.214	0.56113	-0.66669	-0.65077	-0.99549
6983.231	0.61987	-0.79575	-0.70508	-0.94421
