time (ms)	lx (deg)	ly (deg)	rx (deg)	ry (deg)
0.000	2.89114	-3.89775	1.73371	-2.26767
4.008	3.00561	-3.97979	1.72280	-2.42658
8.008	3.02519	-3.90931	1.65867	-2.29995
12.009	3.08894	-3.85266	1.57362	-2.34927
16.004	2.67509	-4.01773	1.57486	-2.40754
20.009	2.54284	-3.98989	1.38146	-2.48378
24.010	2.55822	-3.96247	1.27477	-2.59206
28.009	2.66553	-3.92923	1.44150	-2.63140
32.002	2.86566	-3.89129	1.48297	-2.56125
36.011	2.68593	-3.85321	1.45681	-2.61705
39.973	2.83885	-3.75151	1.43181	-2.60275
44.008	2.89240	-3.84255	1.45403	-2.60072
47.975	2.61696	-3.80321	1.44240	-2.60316
52.009	2.99309	-3.89142	1.46241	-2.56928
56.013	2.66662	-3.79804	1.45470	-2.59958
60.005	2.52631	-3.54861	0.90736	-2.30804
64.004	1.72622	-1.92007	0.69593	-1.68121
68.010	0.98268	-1.37543	-0.19901	-0.40255
72.013	1.49941	-1.03184	0.19142	-0.14539
76.011	1.97463	-0.47539	0.58530	0.17711
80.009	1.93058	-0.84247	0.47215	-0.11907
84.009	1.45328	-1.55341	0.46257	-0.45457
88.011	1.06066	-2.23387	0.10627	-0.90647
92.015	1.29184	-2.11217	0.18122	-0.76814
96.002	1.51678	-1.81131	-0.00176	-0.58485
99.989	1.75657	-0.81134	-0.29329	-0.49622
103.972	1.36856	-1.26676	-0.19271	-0.20776
107.975	1.65257	-0.94101	-0.28103	-0.18917
112.008	1.54887	-1.22552	0.30104	-0.32278
115.972	1.46511	-0.83075	0.10275	-0.44320
120.014	1.44574	-0.76089	-0.09044	-0.52115
124.011	1.32203	-0.46196	0.04425	-0.51496
128.034	1.39760	-0.31822	-0.07286	-0.62660
132.009	1.40723	-0.42893	-0.04015	-0.63104
136.016	1.55395	-0.46606	-0.06656	-0.45026
139.997	1.53525	-0.66099	-0.14727	-0.36898
144.005	1.43329	-0.83680	-0.01211	-0.39852
148.011	1.57436	-0.79326	0.05810	-0.45923
152.013	1.35658	-1.06819	0.04705	-0.49372
156.011	1.32421	-0.94520	0.07247	-0.52636
160.004	1.45681	-0.49830	0.08778	-0.45605
164.012	1.51013	-0.56915	0.06343	-0.49399
168.012	1.49426	-0.67817	0.14359	-0.57581
172.013	1.53203	-0.58683	0.14290	-0.57397
176.020	1.50876	-0.50733	0.12878	-0.50733
180.012	1.43634	-0.63196	0.07976	-0.49339
184.011	1.49951	-0.44809	0.14335	-0.51280
188.014	1.47970	-0.56623	0.07691	-0.50932
192.004	1.50447	-0.57208	-0.15208	-0.51893
196.012	1.52434	-0.56843	-0.21008	-0.45674
200.013	1.51988	-0.53060	-0.13918	-0.37417
204.012	1.52092	-0.60685	-0.13354	-0.33670
208.005	1.45323	-0.73054	-0.19911	-0.24941
212.011	1.44818	-0.81161	-0.15074	-0.18575
216.013	1.38567	-0.87712	-0.17484	-0.13953
220.016	1.06612	-0.85857	-0.15322	-0.10250
224.008	1.02908	-0.78543	-0.15513	-0.10153
228.013	0.81913	-0.84403	-0.13352	-0.03066
232.013	0.80751	-0.77475	-0.15563	-0.02853
236.013	0.85471	-0.74888	-0.13069	-0.04542
240.013	0.94874	-0.55926	-0.05748	-0.05725
244.013	0.97447	-0.58070	-0.03668	-0.06607
248.010	0.97601	-0.58365	-0.02827	-0.14658
252.013	0.95182	-0.66345	-0.02169	-0.16030
256.011	0.59394	-0.49314	-0.07460	-0.23902
260.014	0.75203	-0.61375	-0.06013	-0.29207
264.003	0.88602	-0.54536	-0.17067	-0.40886
268.005	0.73546	-0.59315	-0.17675	-0.41115
272.011	0.89443	-0.66527	-0.25143	-0.43311
276.013	1.11020	-0.60253	-0.28476	-0.36306
280.014	0.97884	-0.67626	-0.26503	-0.35971
284.015	1.10502	-0.68299	-0.34208	-0.42138
288.006	0.92999	-0.79022	-0.45686	-0.44125
292.013	0.93515	-0.78230	-0.53076	-0.47213
296.013	0.90589	-0.83236	-0.60761	-0.51411
300.017	0.91091	-0.84219	-0.65027	-0.48066
304.007	0.78640	-0.87650	-0.61531	-0.51381
307.984	0.63583	-0.89472	-0.59476	-0.47799
312.013	0.80878	-0.90335	-0.66193	-0.44819
316.013	0.84555	-0.89574	-0.70556	-0.46558
320.014	0.73335	-0.89107	-0.66067	-0.47301
324.011	0.76814	-0.90045	-0.72322	-0.44724
328.013	0.73230	-0.92615	-0.69265	-0.44180
332.012	0.77077	-0.88704	-0.69647	-0.41283
336.007	0.79382	-0.90656	-0.68568	-0.36821
340.012	0.93984	-0.87406	-0.65111	-0.34977
344.016	0.72724	-0.93335	-0.60277	-0.33979
347.998	0.89508	-0.93922	-0.62037	-0.26373
351.924	0.98070	-0.92961	-0.64531	-0.23729
355.976	0.96971	-0.88915	-0.66126	-0.23366
360.013	1.02876	-0.82418	-0.59349	-0.21106
364.014	1.04466	-0.74593	-0.60436	-0.19110
367.975	1.08326	-0.76005	-0.54669	-0.22691
372.014	1.10445	-0.49797	-0.52997	-0.22709
376.013	1.08733	-0.43264	-0.57431	-0.28033
379.979	1.10415	-0.38747	-0.59131	-0.40519
384.019	1.11745	-0.24603	-0.60781	-0.46320
388.014	1.24796	-0.12213	-0.64064	-0.45567
391.981	1.23791	-0.25812	-0.56419	-0.56642
396.017	1.22883	-0.16839	-0.47455	-0.69043
400.010	1.11889	-0.41656	-0.46371	-0.64044
404.015	1.05632	-0.46909	-0.45073	-0.68655
408.017	1.22050	-0.41083	-0.44408	-0.83467
412.013	0.94606	-0.51601	-0.33412	-0.88477
415.982	0.93946	-0.42185	-0.25614	-0.84582
419.979	0.91078	-0.34928	-0.16256	-0.92393
424.014	0.86535	-0.49654	-0.15923	-0.88103
428.020	0.86252	-0.48484	-0.09853	-0.91122
431.915	0.72451	-0.64443	-0.08463	-0.94172
436.016	0.75288	-0.61695	-0.03209	-0.98661
440.013	0.68538	-0.70931	-0.03534	-1.02646
444.014	0.77397	-0.64480	0.00186	-1.09596
447.920	0.89292	-0.57827	0.06765	-1.09631
452.015	0.85215	-0.51962	0.06204	-1.10118
456.015	0.93254	-0.42997	0.01303	-1.16713
460.016	0.91872	-0.27437	-0.03102	-1.19077
463.915	0.96549	-0.61317	-0.07562	-1.17120
468.016	0.90468	-0.60463	-0.02375	-1.21055
472.005	0.93403	-0.55027	0.08607	-1.17411
475.978	0.87662	-0.44956	0.20961	-1.11359
479.915	0.81168	-0.35103	0.30697	-1.02428
484.013	0.74156	-0.16074	0.22917	-1.01803
488.013	0.73134	-0.09429	-0.06698	-1.02772
492.018	0.57520	0.04709	-0.31540	-1.01641
495.915	0.58255	-0.03287	-0.25686	-0.98899
500.015	0.57863	-0.34302	-0.26113	-1.04759
504.019	0.57339	-0.26346	-0.03998	-1.06993
508.021	0.55533	-0.14397	-0.05993	-1.05637
511.926	0.61240	-0.08848	-0.19564	-1.08219
516.015	0.58444	-0.00405	-0.14156	-1.13883
520.015	0.61136	0.04217	-0.14739	-1.17768
524.016	0.63114	0.10829	-0.17625	-1.17927
527.914	0.66501	0.01685	-0.17695	-1.18016
532.016	0.71283	0.14727	-0.19174	-1.14571
536.018	0.71300	0.02278	-0.17010	-1.14574
540.017	0.74856	-0.19256	-0.16543	-1.11769
543.915	0.76002	-0.28174	-0.13967	-1.05147
548.017	0.76474	-0.15934	-0.14598	-0.94060
552.019	0.77898	-0.29530	-0.18707	-0.92085
556.018	0.77203	-0.26420	-0.14963	-0.80399
559.920	0.70288	-0.40508	-0.15958	-0.73793
564.020	0.70585	-0.50988	-0.24922	-0.61921
568.019	0.74131	-0.61921	-0.31377	-0.61700
572.017	0.76945	-0.67163	-0.36772	-0.58912
576.019	0.53515	-0.79998	-0.39881	-0.60124
580.017	0.57530	-0.89957	-0.43522	-0.51075
584.019	0.48234	-0.92075	-0.46296	-0.64007
588.018	0.63484	-0.75706	-0.43912	-0.58548
591.888	0.55647	-0.76145	-0.50408	-0.66297
596.020	0.64392	-0.77207	-0.48160	-0.72722
599.982	0.83997	-0.74535	-0.45907	-0.64914
604.018	0.72248	0.05983	-0.42485	-0.71376
607.922	0.55347	-0.62137	-0.48234	-0.73107
612.022	0.41628	-0.57773	-0.39750	-0.81612
616.019	0.14690	-0.44089	-0.41643	-0.84464
620.021	0.18990	-0.23134	-0.36477	-0.90966
623.917	0.21914	-0.28576	-0.32084	-0.93927
628.017	0.28793	-0.30681	-0.32407	-0.97751
632.020	0.30533	-0.38843	-0.46889	-1.06522
636.021	0.34739	-0.54010	-0.42398	-0.93951
639.919	0.31841	-0.53508	-0.42090	-1.12676
644.022	0.35414	-0.41412	-0.41259	-1.01463
648.018	0.35074	-0.54844	-0.34767	-1.15506
652.021	0.28905	-0.33963	-0.17132	-1.21707
655.916	0.46604	-0.38137	-0.25838	-1.28286
660.020	0.41209	-0.24930	-0.18606	-1.29330
664.023	0.45217	-0.38442	-0.18735	-1.26434
668.021	0.47445	-0.38422	-0.22815	-1.27233
671.918	0.50103	-0.35043	-0.14799	-1.18645
676.017	0.47552	-0.33095	-0.09299	-1.17977
679.976	0.46731	-0.29835	-0.11853	-1.06672
684.009	0.46445	-0.25040	-0.07666	-0.98070
687.923	0.47527	-0.32924	-0.11711	-0.95670
691.984	0.50768	-0.32029	-0.22219	-1.06287
695.983	0.59878	-0.38973	-0.22430	-1.01994
700.021	0.68000	-0.41393	-0.25880	-1.00700
703.920	0.58362	-0.46532	-0.25756	-0.95607
707.895	0.56659	-0.56485	-0.30054	-0.94959
711.898	0.62456	-0.51085	-0.29121	-0.99418
715.897	0.62402	-0.58303	-0.36278	-1.08039
719.865	0.64506	-0.56464	-0.33191	-1.07001
723.895	0.67136	-0.47823	-0.25771	-1.16791
727.855	0.67992	-0.51733	-0.20673	-1.21637
731.895	0.76811	-0.40430	-0.18355	-1.23843
736.024	0.78746	-0.42214	-0.14002	-1.25257
739.894	0.70992	-0.33059	-0.01400	-1.23297
743.896	0.67958	-0.16168	-0.03199	-1.22940
747.894	0.49964	-0.66580	-0.01911	-1.23270
751.889	0.42157	-0.51813	0.00231	-1.24860
755.894	0.33501	-0.72055	0.02149	-1.21020
759.899	0.25108	-0.71730	0.02780	-1.17227
763.899	0.48096	-0.68988	0.00965	-1.06469
767.883	0.55647	-0.68992	-0.05850	-1.02867
771.886	0.49220	-0.69383	-0.13503	-0.93067
775.898	0.42008	-0.60961	-0.16335	-0.96790
779.896	0.31955	-0.70480	-0.21410	-0.92010
783.895	0.25167	-0.53158	-0.21959	-0.91133
787.895	0.31553	-0.69300	-0.26024	-0.86870
791.934	0.34481	-0.71118	-0.32756	-0.85605
795.896	0.43559	-0.86615	-0.29106	-0.89665
799.895	0.50230	-0.96762	-0.32109	-0.89886
803.895	0.51706	-0.96210	-0.29692	-0.77822
807.899	0.53371	-0.93483	-0.25914	-0.84739
811.868	0.46636	-0.73453	-0.19993	-0.83047
815.867	0.43567	-0.59212	-0.13856	-0.84173
819.895	0.38427	-0.77282	-0.14930	-0.81333
823.898	0.35005	-0.95887	-0.18581	-0.78652
827.896	0.37196	-0.80169	-0.17519	-0.79964
831.898	0.33295	-0.75896	-0.24862	-0.81213
835.895	0.31945	-0.67727	-0.28582	-0.80460
839.897	0.30682	-0.58055	-0.37415	-0.77714
843.897	0.31392	-1.05126	-0.29950	-0.76478
847.897	0.29007	-0.97664	-0.38055	-0.74917
851.885	0.33558	-0.75675	-0.42733	-0.65229
855.885	0.33848	-0.71190	-0.46961	-0.78881
859.898	0.32248	-0.66311	-0.55600	-0.81233
863.920	0.35171	-0.71369	-0.53054	-0.84331
867.899	0.35481	-0.72572	-0.59215	-0.88657
871.896	0.30620	-0.80820	-0.58297	-0.87383
875.896	0.21467	-0.74990	-0.59203	-0.84956
879.895	0.24386	-0.68928	-0.57091	-0.80994
883.900	0.07671	-0.66367	-0.53915	-0.84375
887.898	0.17913	-1.05003	-0.57913	-0.82842
891.900	0.15067	-0.99048	-0.59369	-0.81317
895.898	0.14121	-0.97272	-0.60806	-0.83520
899.897	0.22559	-0.99761	-0.63119	-0.72949
903.898	0.29146	-0.83429	-0.62756	-0.71262
907.886	0.27763	-0.77452	-0.55493	-0.71710
911.892	0.24877	-0.70190	-0.59622	-0.72060
915.899	0.44686	-0.68767	-0.65399	-0.82948
919.898	0.39633	-0.52901	-0.55587	-0.92163
923.898	0.42219	-0.52531	-0.55972	-0.90332
927.923	0.50240	-0.53099	-0.61466	-0.88334
931.901	0.45941	-0.65368	-0.62749	-0.87392
935.884	0.50470	-0.62769	-0.57793	-0.81297
939.901	0.60751	-0.71389	-0.58471	-0.82869
943.892	0.69672	-0.57788	-0.60895	-0.83810
947.894	0.78744	-0.54853	-0.61637	-0.76278
951.896	0.92242	-0.54677	-0.64337	-0.69267
955.897	0.91252	-0.39428	-0.66417	-0.60099
959.893	0.91805	-0.41355	-0.63714	-0.61515
963.900	0.96331	-0.45367	-0.68409	-0.56153
967.901	0.98578	-0.42343	-0.69635	-0.60469
971.901	0.96785	-0.47730	-0.66094	-0.61304
975.917	1.01759	-0.50325	-0.59734	-0.66403
979.891	1.03667	-0.43523	-0.66156	-0.74399
983.900	0.95852	-0.35752	-0.67881	-0.88596
987.899	0.88731	-0.25422	-0.66139	-0.89871
991.866	0.89108	-0.27567	-0.73350	-0.89601
995.900	0.83898	-0.21229	-0.76342	-0.97694
999.902	0.82168	-0.26220	-0.67935	-1.02562
1003.902	0.85404	-0.31460	-0.59516	-1.06635
1007.892	0.93840	-0.36582	-0.68518	-1.06561
1011.899	0.77972	-0.45330	-0.75216	-0.93722
1015.900	0.73144	-0.45169	-0.75216	-0.85301
1019.900	0.69791	-0.45494	-0.79114	-0.87831
1023.894	0.64985	-0.48730	-0.82823	-0.81009
1027.899	0.69538	-0.51905	-0.84411	-0.68553
1031.899	0.71953	-0.55216	-1.02508	-0.43948
1035.902	0.71613	-0.64821	-1.16059	-0.49794
1039.893	0.85389	-0.72009	-0.93038	-0.47450
1043.869	0.73074	-0.75596	-0.98546	-0.43824
1047.899	0.59461	-0.79242	-0.78923	-0.38514
1051.902	0.62064	-0.87648	-0.69417	-0.36779
1055.903	0.67111	-0.91386	-0.50922	-0.37592
1059.888	0.68543	-0.91575	-0.58826	-0.41878
1063.892	0.62106	-0.94999	-0.65340	-0.40347
1067.906	0.87803	-0.98419	-0.68789	-0.44841
1071.892	1.08869	-1.02277	-0.57277	-0.49834
1075.901	0.99789	-1.00137	-0.81491	-0.44440
1079.903	0.81223	-0.85513	-0.84441	-0.44792
1083.900	0.72513	-0.88976	-1.00727	-0.41692
1087.924	0.86019	-0.80114	-0.88384	-0.29688
1091.900	0.88183	-0.84906	-0.77997	-0.34311
1095.902	0.83654	-0.72518	-0.74310	-0.43770
1099.901	0.81392	-0.77850	-0.67903	-0.40824
1103.901	0.85275	-0.96375	-0.76965	-0.42314
1107.902	0.86079	-1.11981	-0.70749	-0.29797
1111.904	0.90805	-1.10072	-0.48356	-0.19173
1115.900	0.86838	-1.05404	-0.40460	-0.22893
1119.904	0.90614	-1.20193	-0.21854	-0.18870
1123.903	0.83875	-1.28445	-0.22192	-0.19586
1127.867	0.97169	-1.42165	-0.12841	-0.20515
1131.903	0.97956	-1.38050	-0.27222	-0.16716
1135.893	1.01995	-1.38334	-0.22993	-0.19096
1139.905	1.13561	-1.38877	-0.27731	-0.10876
1143.886	1.18825	-1.37641	-0.35593	-0.13761
1147.903	1.26014	-1.34302	-0.29411	-0.06267
1151.893	1.30789	-1.25448	-0.35519	-0.10195
1155.900	1.01990	-1.10456	-0.31049	-0.12218
1159.904	1.17049	-0.87904	-0.34332	-0.13267
1163.900	1.16282	-0.73490	-0.30414	-0.18552
1167.898	1.19497	-0.66243	-0.22648	-0.18147
1171.902	1.10653	-0.41514	-0.43837	-0.20023
1175.902	1.07957	-0.10529	-0.47798	-0.31400
1179.908	1.14754	-0.07081	-0.51237	-0.35316
1183.899	0.91840	-0.15640	-0.53168	-0.36350
1187.899	0.93311	-0.13066	-0.64367	-0.43254
1191.867	0.66240	-0.33241	-0.65861	-0.42245
1195.904	0.68563	-0.38237	-0.64627	-0.39455
1199.897	0.67570	-0.25737	-0.66625	-0.33889
1203.902	0.53788	-0.33994	-0.46500	-0.45792
1207.904	0.52284	-0.42755	-0.79014	-0.47851
1211.902	0.45986	-0.30071	-0.74412	-0.50267
1215.901	0.52324	-0.34822	-0.79104	-0.63118
1219.902	0.50949	-0.50669	-0.75496	-0.62023
1223.903	0.48284	-0.55542	-0.69791	-0.63055
1227.865	0.67558	-0.59291	-0.77459	-0.61357
1231.901	0.69938	-0.70329	-0.74154	-0.59139
1235.903	0.69826	-0.68101	-0.72563	-0.77990
1239.902	0.67655	-0.63818	-0.78794	-0.90323
1243.906	0.72268	-0.60324	-0.79459	-0.91652
1247.894	0.69923	-0.56180	-0.85870	-0.97905
1251.904	0.70893	-0.50076	-0.79320	-0.92447
1255.902	0.68846	-0.47013	-0.82322	-0.96885
1259.903	0.53153	-0.49958	-0.79885	-0.94963
1263.903	0.58305	-0.50952	-0.80091	-0.94933
1267.907	0.48383	-0.34852	-0.83133	-0.88417
1271.894	0.60062	-0.36074	-0.81342	-0.88313
1275.905	0.46795	-0.41168	-0.80473	-0.92543
1279.895	0.32876	-0.44183	-0.82560	-0.86646
1283.902	0.38189	-0.42639	-1.33336	-0.73159
1287.904	0.38298	-0.55182	-0.97246	-0.71964
1291.867	0.30910	-0.64699	-1.73088	-0.69726
1295.904	0.37189	-0.90511	-1.18572	-0.69495
1299.868	0.45232	-0.96455	-1.13990	-0.71076
1303.902	0.40941	-0.97290	-0.88143	-0.66274
1307.904	0.55074	-1.14000	-0.94763	-0.64872
1311.898	0.43145	-1.05415	-0.92820	-0.69138
1315.906	0.43418	-1.16009	-0.86920	-0.65596
1319.902	0.40735	-1.06685	-0.84535	-0.72766
1323.905	0.56880	-0.96883	-0.75891	-0.68947
1327.904	0.64220	-1.02008	-0.78739	-0.76191
1331.908	0.76575	-0.75712	-0.78650	-0.70465
1335.905	0.75059	-0.77284	-0.83610	-0.52502
1339.906	0.73412	-0.56366	-0.75069	-0.56098
1343.907	0.50932	-0.59164	-0.74238	-0.51415
1347.906	0.49880	-0.63035	-0.81627	-0.57026
1351.895	0.55111	-0.55474	-0.84605	-0.51431
1355.900	0.54902	-0.45734	-0.83463	-0.53828
1359.871	0.65883	-0.43375	-0.82890	-0.54686
1363.906	0.59285	-0.37706	-0.79593	-0.47034
1367.910	0.61062	-0.39075	-0.80555	-0.44728
1371.903	0.46346	-0.40890	-0.82225	-0.46005
1375.905	0.50103	-0.52441	-0.81218	-0.45829
1379.907	0.49436	-0.49852	-0.83391	-0.51220
1383.904	0.41167	-0.48476	-0.84032	-0.45751
1387.906	0.38780	-0.54655	-0.70965	-0.45144
1391.905	0.41621	-0.45546	-0.53270	-0.41274
1395.905	0.34464	-0.32701	-0.61908	-0.46656
1399.868	0.28014	-0.32335	-0.68868	-0.53535
1403.905	0.12734	-0.35154	-0.82312	-0.55764
1407.806	0.01839	-0.52617	-0.67935	-0.65020
1411.909	0.07875	-0.62284	-0.71317	-0.70329
1415.867	0.22227	-0.60729	-0.82528	-0.62027
1419.905	0.27121	-0.52922	-0.72511	-0.82616
1423.905	0.30037	-0.46705	-0.73789	-0.95588
1427.904	0.33077	-0.41377	-0.77734	-0.95199
1431.904	0.37360	-0.46198	-0.79746	-0.96585
1435.907	0.45314	-0.53765	-0.78647	-1.02167
1439.786	0.74605	-0.75834	-0.80890	-0.91917
1443.905	2.25692	-0.91808	0.20355	-1.14007
1447.907	2.90990	-1.46699	1.27128	-1.23982
1451.906	3.41864	-1.35174	1.57560	-1.73961
1455.809	3.41281	-2.46836	2.09831	-1.45509
1459.906	3.50220	-3.14223	1.70117	-1.66642
1463.906	3.15958	-2.59241	1.69183	-2.40354
1467.905	3.22930	-2.64351	1.72875	-2.79346
1471.907	3.15760	-2.92315	1.81022	-2.54831
1475.890	3.23133	-2.46538	1.84862	-2.53740
1479.870	3.27094	-2.80733	1.79205	-2.66879
1483.906	3.43242	-2.84540	1.90574	-2.43898
1487.809	3.41132	-3.05790	2.08287	-2.61218
1491.906	3.40771	-3.06088	2.22086	-2.74524
1495.905	3.41896	-3.14238	2.05358	-2.75652
1499.907	3.63453	-3.24878	2.01303	-2.81657
1503.806	3.30235	-3.45166	2.06347	-2.77201
1507.905	3.26351	-3.33550	2.09308	-2.77810
1511.907	3.24452	-3.31838	2.23293	-2.78441
1515.910	3.38496	-3.22793	2.15745	-2.76471
1519.803	3.28271	-3.35653	2.10540	-2.76220
1523.905	3.20595	-3.19710	2.20158	-2.67259
1527.906	3.25698	-3.20577	2.17968	-2.66921
1531.907	3.24123	-3.52800	2.17601	-2.64842
1535.810	3.19642	-3.67608	2.24321	-2.69427
1539.907	3.18925	-3.64673	2.22867	-2.65160
1543.872	3.17354	-3.83608	2.14434	-2.60732
1547.907	3.20555	-3.63328	2.20825	-2.63268
1551.811	3.25817	-3.81281	2.15779	-2.66922
1555.910	3.31455	-3.84386	2.16384	-2.63655
1559.889	3.26099	-3.91551	2.15968	-2.64642
1563.905	3.24118	-3.97098	2.13732	-2.69785
1567.910	3.28805	-3.94037	2.09219	-2.73413
1571.911	3.30388	-3.98181	2.06034	-2.73654
1575.906	3.29001	-3.93873	2.22166	-2.74623
1579.906	3.30166	-3.92219	2.25464	-2.79723
1583.909	3.35449	-3.84756	2.30491	-2.78365
1587.909	3.28808	-3.78360	2.22798	-2.79502
1591.900	3.29248	-3.75185	2.37345	-2.82079
1595.907	3.36715	-3.93774	2.18501	-2.78031
1599.907	3.30421	-3.58570	2.18347	-2.80809
1603.902	3.14684	-3.54164	1.76812	-2.76500
1607.908	0.71886	-3.32437	-0.43502	-2.73783
1611.910	-0.10126	-3.48318	-2.98527	-2.75799
1615.909	-2.27805	-3.11519	-4.85073	-2.65775
1619.909	-3.80510	-2.65026	-6.03049	-2.62035
1623.909	-5.57854	-1.98719	-7.55257	-2.42875
1627.908	-6.42883	-2.14486	-8.61838	-2.34970
1631.912	-7.53608	-1.66758	-9.27815	-2.13283
1635.909	-8.00900	-1.61540	-9.54966	-1.92824
1639.909	-8.28024	-1.59082	-9.48171	-1.78667
1643.880	-8.24062	-1.45486	-9.37844	-1.68256
1647.911	-8.16340	-1.53058	-9.28997	-1.72555
1651.909	-8.15180	-1.45230	-9.24402	-1.74885
1655.908	-8.15788	-1.56607	-9.60077	-1.59975
1659.910	-8.15122	-1.51088	-9.85794	-1.56897
1663.914	-8.21738	-1.48591	-9.47350	-1.62518
1667.911	-8.24361	-1.46875	-9.44544	-1.62022
1671.876	-8.27484	-1.43615	-9.43998	-1.62316
1675.920	-8.30772	-1.46864	-9.38702	-1.66496
1679.867	-8.29771	-1.40680	-9.38692	-1.71000
1683.896	-8.26048	-1.36729	-9.35563	-1.75685
1687.901	-8.26070	-1.26974	-9.40392	-1.77389
1691.874	-8.27081	-1.06220	-9.39557	-1.82596
1695.911	-8.28622	-0.96152	-9.39576	-1.83891
1699.908	-8.25549	-1.13006	-9.37648	-1.86441
1703.905	-8.22915	-1.07470	-9.32876	-1.87466
1707.910	-8.13916	-1.44025	-9.31518	-1.84813
1711.912	-8.14246	-1.55180	-9.33744	-1.86768
1715.913	-8.12396	-1.34362	-9.32221	-1.88180
1719.910	-8.06577	-1.28848	-9.34302	-1.86542
1723.911	-8.08929	-1.09903	-9.33831	-1.82836
1727.910	-8.08920	-1.61085	-9.32369	-1.75701
1731.911	-8.14660	-1.75966	-9.29147	-1.74590
1735.909	-8.15382	-1.51432	-9.26652	-1.77222
1739.910	-8.21784	-1.60230	-9.21996	-1.71729
1743.785	-8.33253	-1.53420	-9.20131	-1.68130
1747.785	-8.33071	-1.56069	-9.18552	-1.71728
1751.787	-8.33178	-1.44051	-9.20134	-1.69819
1755.786	-8.39163	-1.35145	-9.20371	-1.73565
1759.808	-8.45159	-1.29381	-9.24034	-1.72728
1763.788	-8.46439	-1.23225	-9.23244	-1.69777
1767.785	-8.51887	-1.19341	-9.23826	-1.74633
1771.778	-8.59065	-1.21477	-9.29140	-1.80007
1775.785	-8.62134	-1.09360	-9.34539	-1.83803
1779.786	-8.68868	-1.21576	-9.38373	-1.84568
1783.786	-8.70594	-1.18624	-9.43499	-1.76957
1787.787	-8.67864	-1.15524	-9.45742	-1.80680
1791.789	-8.66193	-1.20566	-9.49975	-1.81084
1795.751	-8.73230	-1.17339	-9.50749	-1.84718
1799.749	-8.75092	-1.20861	-9.49781	-1.81246
1803.786	-8.78331	-1.30590	-9.49294	-1.77035
1807.809	-8.79121	-1.26130	-9.50861	-1.79549
1811.788	-8.73262	-1.41659	-9.54515	-1.70625
1815.762	-8.68567	-1.44404	-9.53977	-1.73160
1819.785	-8.63816	-1.46892	-9.49791	-1.77711
1823.809	-8.59936	-1.40727	-9.44141	-1.84499
1827.787	-8.63770	-1.39210	-9.37382	-1.95825
1831.789	-8.61734	-1.44170	-9.41409	-1.97658
1835.787	-8.55901	-1.55186	-9.45356	-1.85934
1839.809	-8.55450	-1.67901	-9.50805	-1.89065
1843.787	-8.56852	-1.76620	-9.53545	-2.02701
1847.787	-8.67549	-1.69225	-9.60615	-1.90014
1851.792	-8.72394	-1.62699	-9.52483	-1.99271
1855.782	-8.70577	-1.50494	-9.59365	-1.91311
1859.786	-8.82383	-1.48321	-9.51141	-1.93281
1863.790	-8.77133	-1.16728	-9.37392	-1.87535
1867.786	-8.86619	-1.11716	-9.49950	-1.79306
1871.814	-8.87864	-0.60109	-9.17251	-1.37845
1875.789	-8.79921	0.65787	-9.32538	-0.74863
1879.787	-5.62839	0.24934	-1.20080	-1.07645
1883.788	-0.74196	3.87683	-0.69938	10.94651
1887.813	-3.28986	13.87464	-14.19471	6.01240
1891.788	NaN	NaN	NaN	NaN
1895.790	NaN	NaN	NaN	NaN
1899.790	NaN	NaN	NaN	NaN
1903.811	NaN	NaN	NaN	NaN
1907.788	NaN	NaN	NaN	NaN
1911.789	NaN	NaN	NaN	NaN
1915.783	NaN	NaN	NaN	NaN
1919.788	NaN	NaN	NaN	NaN
1923.783	NaN	NaN	NaN	NaN
1927.785	NaN	NaN	NaN	NaN
1931.787	NaN	NaN	NaN	NaN
1935.788	NaN	NaN	NaN	NaN
1939.766	NaN	NaN	NaN	NaN
1943.748	NaN	NaN	NaN	NaN
1947.790	NaN	NaN	NaN	NaN
1951.789	NaN	NaN	NaN	NaN
1955.790	NaN	NaN	NaN	NaN
1959.787	NaN	NaN	NaN	NaN
1963.752	NaN	NaN	NaN	NaN
1967.792	11.88349	10.54249	NaN	NaN
1971.793	NaN	NaN	NaN	NaN
1975.817	-3.96795	10.60323	-0.69471	13.18208
1979.750	-3.15419	-3.39404	-0.05812	7.93010
1983.780	-2.88104	-2.80259	2.75467	13.13126
1987.793	-1.80838	-3.09280	-1.69693	-3.58855
1991.816	-2.31530	-3.27087	-3.60435	-3.53081
1995.790	-0.55548	-3.45648	-3.36297	-3.31660
1999.790	0.02869	-3.89761	-2.29250	-3.31933
2003.791	2.28286	-3.69532	0.30322	-3.22398
2007.783	2.04594	-3.72088	0.07542	-3.24386
2011.754	0.64861	-3.98826	0.22197	-3.23644
2015.796	1.33847	-4.07067	0.06964	-3.30806
2019.790	0.86486	-4.19129	0.23644	-3.31433
2023.812	1.06046	-4.38670	0.23346	-3.24748
2027.789	1.22397	-4.48071	0.24927	-3.30727
2031.788	1.42389	-4.51884	0.26416	-3.30880
2035.790	1.58666	-4.58404	0.26480	-3.28604
2039.815	1.34566	-4.51247	0.32752	-3.36908
2043.790	1.29764	-4.52120	0.32739	-3.39786
2047.790	1.22057	-4.40964	0.38020	-3.44325
2051.789	1.23054	-4.31310	0.45455	-3.44987
2055.813	1.19351	-4.31775	0.81004	-3.47838
2059.792	1.16153	-4.15137	0.77766	-3.46355
2063.776	1.18545	-3.92430	0.93200	-3.37733
2067.790	1.21370	-3.81450	0.91187	-3.28789
2071.822	1.09214	-3.82743	1.06272	-3.22048
2075.789	1.00633	-3.71668	1.05153	-3.25959
2079.753	1.02950	-3.74855	1.11082	-3.17617
2083.792	1.00893	-3.69459	1.28435	-3.21475
2087.816	1.00645	-3.69988	1.36930	-3.18980
2091.791	1.08242	-3.74480	1.39066	-3.14336
2095.792	1.04563	-3.87423	1.46050	-3.06911
2099.797	1.19626	-3.86159	1.40653	-3.07084
2103.793	1.17619	-3.86521	1.36047	-3.00231
2107.754	1.23493	-3.94584	1.32600	-2.98731
2111.791	1.20038	-3.95733	1.29549	-3.03950
2115.792	1.23104	-4.04572	1.18681	-3.03035
2119.818	1.28541	-4.05392	1.12908	-3.07706
2123.790	1.30521	-4.05611	1.10321	-3.08740
2127.789	1.41382	-4.04636	0.96102	-3.02589
2131.791	1.44175	-4.05605	0.88096	-3.01511
2135.814	1.48253	-3.91280	0.78550	-3.01176
2139.789	1.52895	-3.86163	0.72002	-3.03307
2143.791	1.54582	-3.74245	0.73605	-3.09656
2147.755	1.53022	-3.71539	0.69025	-3.22691
2151.813	1.57009	-3.73857	0.68613	-3.24951
2155.791	1.57629	-3.70979	0.63352	-3.22970
2159.787	1.60419	-3.63667	0.62134	-3.23204
2163.787	1.67759	-3.54524	0.53823	-3.20120
2167.819	1.73475	-3.48926	0.44956	-3.19418
2171.791	1.71193	-3.58711	0.37144	-3.21732
2175.793	1.71288	-3.49239	0.41427	-3.21688
2179.792	1.62393	-3.56144	0.36702	-3.18747
2183.819	1.58797	-3.48210	0.57818	-3.27090
2187.793	1.57721	-3.29681	0.60885	-3.21726
2191.794	1.46965	-3.46600	0.76017	-3.15191
2195.791	1.39989	-3.28779	0.67958	-3.08810
2199.815	1.40291	-3.14027	0.51508	-3.11143
2203.795	1.44299	-3.20597	0.60650	-3.12270
2207.794	1.37126	-3.15371	0.55096	-3.11040
2211.795	1.35643	-3.17731	0.65801	-3.10392
2215.816	1.37565	-3.13075	0.73273	-3.10479
2219.792	1.37811	-3.05448	0.70764	-3.10805
2223.791	1.39185	-3.08488	0.79416	-3.15260
2227.790	1.40564	-3.19069	0.75340	-3.17233
2231.795	1.40395	-3.40981	0.74414	-3.13223
2235.792	1.46291	-3.38861	0.77511	-3.13753
2239.791	1.51692	-3.67296	0.84898	-3.10896
2243.792	1.54316	-3.63954	0.89850	-3.08088
2247.794	1.54641	-3.72320	0.98162	-3.15713
2251.796	1.52270	-3.68794	1.03434	-3.46432
2255.794	1.51157	-3.82254	0.97063	-3.47667
2259.793	1.45572	-3.72919	1.08418	-3.51469
2263.797	1.46400	-3.74738	0.99534	-3.59797
2267.795	1.48535	-3.58209	1.02342	-3.57891
2271.780	1.51358	-3.33293	1.02407	-3.44983
2275.797	1.53895	-3.35421	0.92224	-3.52645
2279.795	1.57473	-3.40042	0.84476	-3.54662
2283.757	1.56603	-3.35204	0.69511	-3.53234
2287.793	1.52407	-3.37963	0.58173	-3.60709
2291.794	1.54299	-3.53290	0.52113	-3.56134
2295.797	1.55087	-3.47035	0.45999	-3.56191
2299.766	1.60898	-3.60180	0.67464	-3.49844
2303.793	1.60062	-3.47309	0.60312	-3.22333
2307.795	1.61344	-3.73374	0.64900	-3.31546
2311.797	1.60871	-3.75304	0.72216	-3.27700
2315.794	1.66549	-3.73065	0.77823	-3.25880
2319.794	1.58006	-3.83570	0.74394	-3.35570
2323.794	1.54356	-3.90747	0.65258	-3.35369
2327.795	1.48820	-3.91345	0.67657	-3.39478
2331.796	1.52268	-3.95391	0.63605	-3.39602
2335.793	1.51226	-3.83428	0.65982	-3.45225
2339.794	1.47598	-3.87616	0.63379	-3.40355
2343.795	1.43466	-3.84703	0.58168	-3.41039
2347.793	1.45770	-3.86217	0.57615	-3.45436
2351.757	1.40023	-3.82577	0.55642	-3.47866
2355.773	1.44599	-3.83670	0.47507	-3.49668
2359.791	1.42935	-3.83460	0.39973	-3.50602
2363.795	1.46578	-3.74590	0.34687	-3.50122
2367.794	1.49515	-3.73971	0.33613	-3.46082
2371.797	1.46670	-3.70874	0.36911	-3.45031
2375.794	1.53262	-3.75617	0.35911	-3.43008
2379.793	1.63261	-3.78233	0.35576	-3.37422
2383.795	1.65108	-3.80119	0.41251	-3.37264
2387.796	1.65443	-3.80413	0.45085	-3.34605
2391.771	1.66448	-3.78746	0.44209	-3.31797
2395.785	1.72835	-3.78328	0.53366	-3.38590
2399.787	1.70395	-3.75944	0.55267	-3.37302
2403.796	1.73437	-3.75290	0.68977	-3.35324
2407.796	1.71543	-3.78346	0.76203	-3.38119
2411.796	1.71310	-3.84382	0.95643	-3.37624
2415.797	1.77853	-3.88570	1.05486	-3.41246
2419.762	1.76966	-3.85162	0.94842	-3.39168
2423.763	1.78709	-3.88350	0.98921	-3.39924
2427.795	1.76497	-3.94864	1.01134	-3.37210
2431.798	1.79790	-3.89191	1.08554	-3.38034
2435.807	1.82170	-3.92447	1.06962	-3.42430
2439.798	1.80419	-3.94099	1.04243	-3.41121
2443.794	1.80685	-3.95075	1.09552	-3.37607
2447.795	1.81195	-3.92473	1.11144	-3.43943
2451.797	1.82579	-3.96458	1.08899	-3.43946
2455.695	1.82916	-4.03101	1.06111	-3.56587
2459.795	1.84009	-4.07470	1.00725	-3.54262
2463.795	1.80186	-4.21882	1.06054	-3.45756
2467.797	1.78654	-4.38878	1.09787	-3.41672
2471.799	1.73457	-4.54608	1.11946	-3.36773
2475.796	1.70003	-4.56625	1.12238	-3.23433
2479.784	1.65979	-4.03999	1.18594	-3.17081
2483.796	1.57037	-3.91912	1.22908	-3.03915
2487.770	1.55472	-3.91534	1.18986	-2.75234
2491.759	1.54450	-4.04138	1.15359	-2.65942
2495.797	1.57128	-3.89958	1.15575	-2.65753
2499.799	1.50160	-4.02955	1.11913	-2.73404
2503.798	1.48560	-4.13116	1.10772	-2.68266
2507.796	1.54830	-3.92242	1.05744	-2.69867
2511.796	1.55631	-3.94149	1.01099	-2.65032
2515.796	1.61153	-3.93288	1.01437	-2.63596
2519.800	1.64372	-3.88720	0.98095	-2.67984
2523.794	1.67080	-3.97808	0.93609	-2.73343
2527.797	1.66306	-4.01475	0.91979	-2.77102
2531.797	1.67353	-4.06915	0.91877	-2.76817
2535.800	1.63078	-4.06479	0.86942	-2.84713
2539.799	1.59698	-4.12877	0.90835	-2.86839
2543.795	1.59078	-4.07093	0.85205	-2.91217
2547.797	1.68615	-4.17817	0.88468	-2.90365
2551.799	1.64412	-4.12548	0.83652	-2.96031
2555.761	1.67164	-4.11584	0.83416	-2.99143
2559.798	1.58795	-4.10148	0.81292	-3.04680
2563.778	1.59308	-4.15410	0.76409	-3.08125
2567.800	1.57124	-4.15098	0.77930	-3.08840
2571.797	1.56461	-4.17649	0.73221	-3.12210
2575.796	1.60905	-4.20422	0.81910	-3.15006
2579.797	1.73856	-4.18144	1.02563	-3.13266
2583.801	2.07626	-4.17025	1.46273	-3.14817
2587.796	2.77059	-4.20762	2.16230	-3.13913
2591.762	2.48909	-4.21168	2.35261	-3.21921
2595.801	2.32283	-4.50782	2.19425	-3.43603
2599.807	2.36264	-4.64779	2.20855	-3.52800
2603.761	2.47489	-4.58407	2.25251	-3.43218
2607.788	2.53853	-4.67616	2.03635	-3.48759
2611.798	2.70205	-4.86272	2.06431	-3.53778
2615.801	2.65131	-4.64006	2.14352	-3.58190
2619.798	2.77307	-4.63684	2.17574	-3.60822
2623.798	2.78206	-4.83120	2.23105	-3.68499
2627.799	2.79072	-4.97815	2.18786	-3.99234
2631.800	2.84529	-4.94504	2.34646	-3.64328
2635.800	2.89522	-4.85741	2.32164	-3.62240
2639.800	2.92738	-4.86311	2.37808	-3.67740
2643.800	2.98829	-5.01931	2.35402	-3.46880
2647.813	2.96975	-5.10665	2.32412	-3.36350
2651.799	2.97396	-5.00794	2.20889	-3.16881
2655.796	2.97698	-4.96835	2.33509	-3.15297
2659.799	3.01264	-5.02382	2.36859	-3.08452
2663.764	2.97215	-4.97874	2.38053	-3.10994
2667.796	2.94292	-4.92429	2.39805	-3.09713
2671.796	2.91574	-4.90438	2.37283	-3.12659
2675.805	2.86544	-4.80475	2.36824	-3.16081
2679.760	2.77574	-4.86937	2.31190	-3.13302
2683.803	2.77795	-4.84156	2.33811	-3.15026
2687.784	2.76760	-4.80678	2.35677	-3.24714
2691.763	2.75440	-4.79286	2.36294	-3.35675
2695.803	2.77641	-4.75048	2.39356	-3.35787
2699.798	2.70597	-4.71018	2.44502	-3.49716
2703.802	2.64314	-4.68280	2.47227	-3.52845
2707.799	2.66791	-4.63867	2.48146	-3.86226
2711.803	2.74967	-4.63098	2.40649	-3.76541
2715.799	2.75386	-4.65560	2.36752	-3.81320
2719.799	2.76000	-4.57847	2.42312	-3.66469
2723.803	2.79463	-4.55813	2.41546	-3.67505
2727.669	2.82204	-4.47160	2.35055	-3.71008
2731.798	2.78976	-4.47286	2.27922	-3.74120
2735.802	2.83311	-4.50146	2.27397	-3.73950
2739.801	2.84170	-4.48768	2.30652	-3.69358
2743.803	2.87787	-4.54972	2.35576	-3.61962
2747.803	2.92871	-4.61131	2.28559	-3.62717
2751.812	3.06370	-4.54615	2.19745	-3.68154
2755.801	3.05177	-4.59908	2.27602	-3.61935
2759.767	2.96601	-4.67915	2.34396	-3.59118
2763.801	2.87180	-5.07683	2.26227	-3.66798
2767.804	2.97794	-4.85442	2.41271	-3.74630
2771.782	3.09555	-4.96833	2.40967	-3.77613
2775.642	2.99591	-4.76886	2.37077	-3.86551
2779.667	2.95710	-4.73341	2.48502	-4.02683
2783.674	3.07694	-4.73445	2.39886	-4.05097
2787.677	3.06209	-4.91824	2.38016	-3.91212
2791.675	3.05959	-4.76880	2.41732	-3.99859
2795.642	3.05848	-4.80508	2.38759	-3.96547
2799.676	3.07162	-4.75855	2.32241	-3.97784
2803.641	3.09785	-4.69827	2.30752	-3.96313
2807.669	3.11260	-4.64635	2.25330	-3.91679
2811.678	3.12403	-4.52372	2.18961	-3.75287
2815.678	3.12106	-4.62423	2.18966	-3.58588
2819.644	3.15261	-5.35012	2.24968	-3.86248
2823.677	3.37118	-5.35956	2.34394	-4.28916
2827.678	3.42858	-6.27192	2.40910	-4.95181
2831.679	3.44646	-7.27980	2.41573	-5.29543
2835.679	3.80443	-7.17346	2.54566	-5.55334
2839.700	3.89239	-6.85057	2.53972	-5.19024
2843.678	3.94918	-6.90340	2.75064	-4.84214
2847.677	4.06883	-6.81955	2.81677	-5.22051
2851.679	3.98780	-6.56624	2.72942	-4.94320
2855.673	3.97017	-6.98846	2.85239	-4.95353
2859.660	3.98857	-6.98034	2.88510	-4.89074
2863.676	3.97145	-6.99172	2.93621	-5.28402
2867.676	3.93586	-7.12567	2.93889	-5.38726
2871.703	3.95631	-7.12066	2.92020	-5.26539
2875.677	3.93994	-7.08138	2.90005	-5.16627
2879.680	3.85449	-7.03027	2.89133	-5.05084
2883.675	3.58163	-7.06206	2.88574	-4.97186
2887.701	3.60880	-7.05132	2.89495	-5.26972
2891.678	3.54472	-7.00251	2.83472	-5.17442
2895.641	3.54675	-6.98744	2.82727	-5.21027
2899.675	3.39579	-6.74810	2.78894	-5.20702
2903.700	3.54836	-6.51354	2.74992	-5.24989
2907.679	3.43313	-6.67310	2.70574	-5.15452
2911.679	3.39982	-6.59418	2.67786	-5.11179
2915.679	3.40529	-6.50931	2.70589	-5.08397
2919.679	3.34922	-6.52445	2.69165	-5.02756
2923.681	3.32009	-6.57581	2.62311	-4.96935
2927.676	3.31034	-6.45875	2.57177	-4.94521
2931.677	3.41320	-6.38287	2.56320	-4.95621
2935.703	3.53073	-6.42801	2.53585	-4.97046
2939.680	3.50145	-6.46113	2.51784	-4.98947
2943.659	3.53629	-6.61479	2.46090	-4.97621
2947.642	3.47163	-6.80898	2.49912	-4.94403
2951.704	3.30195	-7.02975	2.59869	-4.95356
2955.679	3.40148	-7.26830	2.52862	-4.98327
2959.677	3.59602	-7.04927	2.53924	-5.04516
2963.642	3.79648	-7.20057	2.65780	-5.00893
2967.678	3.71799	-7.22893	2.81640	-5.07646
2971.681	3.94135	-7.05942	2.75378	-5.08047
2975.677	3.85582	-7.22045	2.72053	-5.12696
2979.682	3.80762	-7.19994	2.61553	-5.19816
2983.672	3.70275	-7.21842	2.66798	-5.18467
2987.679	3.69830	-7.12696	2.74690	-5.12487
2991.679	3.60731	-7.14257	2.84866	-5.23769
2995.678	3.54929	-7.10148	2.73798	-5.30141
2999.705	3.51782	-7.02626	2.67709	-5.26015
3003.679	3.58509	-6.99558	2.71278	-5.31623
3007.678	3.37850	-6.90984	2.68509	-5.36700
3011.678	3.33418	-6.89834	2.78235	-5.41648
3015.708	3.24533	-6.88218	2.84677	-5.57555
3019.680	3.16849	-6.83725	2.69183	-5.47471
3023.679	2.96720	-6.83581	2.95421	-5.57911
3027.647	3.05313	-6.78013	2.88069	-5.54451
3031.707	3.00730	-6.80608	2.85685	-5.53516
3035.680	2.98406	-6.83311	2.90138	-5.60503
3039.679	2.97866	-6.79889	2.87294	-5.61655
3043.645	2.96703	-6.81920	2.91388	-5.59846
3047.703	2.96030	-6.82051	2.90634	-5.52140
3051.681	3.04576	-6.85477	2.86066	-5.46998
3055.680	3.06075	-6.82009	2.90213	-5.48222
3059.681	3.11698	-6.82792	2.83942	-5.43990
3063.703	3.13118	-6.85919	2.75499	-5.43704
3067.661	3.16545	-6.85253	2.76893	-5.36350
3071.680	3.20911	-6.85012	2.72739	-5.31327
3075.680	3.24677	-6.85886	2.66694	-5.39404
3079.707	3.26354	-6.83992	2.65726	-5.39563
3083.681	3.31286	-6.89148	2.63537	-5.34920
3087.682	3.38775	-6.93919	2.66367	-5.43757
3091.681	3.49453	-6.93084	2.68935	-5.47377
3095.701	3.50959	-6.99405	2.77517	-5.41567
3099.644	3.57041	-6.91234	2.84469	-5.48296
3103.684	3.57206	-7.01032	2.82883	-5.47849
3107.645	3.65994	-7.04330	2.87505	-5.43147
3111.702	3.63594	-7.09121	2.93950	-5.46783
3115.679	3.64674	-7.20957	3.07676	-5.50803
3119.686	3.64654	-7.20722	3.07021	-5.50241
3123.680	3.62875	-7.25244	3.19467	-5.48763
3127.705	3.64622	-7.26731	3.18309	-5.61778
3131.679	3.55918	-7.30621	3.17445	-5.69552
3135.682	3.31217	-7.46850	3.15503	-5.68435
3139.681	3.29773	-7.64540	3.16515	-5.74760
3143.706	3.14627	-7.61752	3.13717	-5.74716
3147.684	3.13793	-7.75687	3.18346	-5.75339
3151.658	2.99500	-7.95071	3.16787	-5.78604
3155.682	3.00425	-7.86190	3.16317	-5.83899
3159.705	3.00495	-7.95003	3.06654	-5.81231
3163.685	2.98151	-8.09899	3.08783	-5.84395
3167.649	3.13890	-7.79362	2.99215	-5.74806
3171.647	4.08693	-6.94314	3.71219	-5.73438
3175.704	6.79917	-6.94205	5.63763	-5.60071
3179.684	8.23345	-5.77050	7.43061	-5.42929
3183.681	10.09008	-6.37312	8.27163	-5.21459
3187.683	10.91796	-6.55578	10.23911	-5.10021
3191.697	11.09250	-7.07353	10.63437	-5.04879
3195.676	12.30848	-7.11443	11.57334	-5.06047
3199.681	13.08190	-7.25510	11.97496	-4.93768
3203.684	13.54797	-6.89960	12.19887	-4.77025
3207.708	13.71622	-6.90446	12.21848	-4.62820
3211.682	13.59708	-6.87616	11.94479	-4.63059
3215.683	13.60932	-6.96321	11.95617	-4.61728
3219.684	13.77593	-7.00491	11.95570	-4.57082
3223.705	13.81773	-7.13855	12.16617	-4.53092
3227.647	13.90158	-7.00247	12.23234	-4.52624
3231.646	13.43383	-6.91222	12.36447	-4.50893
3235.649	13.27854	-6.81307	12.26988	-4.43255
3239.705	13.24727	-6.60056	12.38055	-4.41389
3243.685	12.53045	-6.63267	12.60954	-4.40301
3247.681	12.03531	-6.42966	12.43362	-4.42609
3251.683	11.91334	-6.48550	12.41925	-4.51129
3255.711	12.21350	-6.38136	12.44721	-4.59216
3259.685	12.09840	-6.50507	12.51984	-4.51020
3263.684	12.19152	-6.46898	12.55176	-4.61557
3267.685	12.53729	-6.65109	12.28306	-4.49401
3271.689	12.71920	-6.71797	12.27232	-4.43231
3275.669	12.89499	-6.68171	12.20951	-4.49106
3279.690	13.10537	-6.44503	12.42494	-4.49672
3283.684	12.61937	-6.64097	12.22563	-4.61147
3287.676	12.36369	-6.47432	12.37510	-4.39646
3291.684	12.55259	-6.45602	12.46183	-4.49608
3295.682	12.67135	-6.38442	12.32835	-4.36136
3299.682	12.67676	-6.40868	12.31661	-4.43403
3303.679	12.91982	-6.52980	12.33977	-4.51406
3307.686	12.98523	-6.65954	12.33811	-4.65700
3311.688	12.99602	-6.58536	12.47212	-4.51389
3315.683	13.07248	-6.46888	12.40212	-4.55637
3319.680	12.87518	-6.37704	12.52615	-4.60544
3323.685	12.66911	-6.57119	12.48606	-4.62966
3327.684	12.79352	-6.53569	12.53514	-4.65283
3331.683	12.79796	-6.55557	12.50962	-4.58110
3335.685	12.81797	-6.61686	12.45769	-4.56738
3339.684	12.92847	-6.63412	12.42917	-4.57225
3343.685	12.91746	-6.75217	12.39795	-4.52564
3347.684	12.94966	-6.78820	12.41831	-4.48157
3351.688	12.98572	-6.87481	12.40595	-4.41180
3355.686	13.09657	-6.80521	12.40579	-4.35312
3359.658	13.13969	-6.92289	12.39537	-4.44124
3363.683	13.25543	-6.98742	12.34458	-4.30683
3367.652	13.36793	-7.30427	12.30966	-4.28119
3371.652	13.39699	-7.28709	12.34126	-4.40391
3375.685	13.51307	-7.17186	12.39599	-4.47466
3379.691	13.59729	-7.22319	12.33593	-4.74868
3383.687	13.69572	-7.24556	12.32658	-5.00627
3387.684	13.63438	-7.26230	12.20714	-5.09343
3391.650	13.53153	-7.43882	12.27858	-5.28173
3395.687	13.46496	-7.48599	12.29789	-5.23914
3399.677	13.46599	-7.40893	12.30682	-5.03997
3403.676	13.38924	-7.30380	12.27875	-5.00807
3407.688	13.29502	-7.34530	12.34690	-5.05760
3411.687	13.46794	-7.31957	12.37124	-5.06696
3415.688	13.28658	-7.21196	12.28967	-4.96560
3419.684	13.28319	-7.19250	12.22831	-4.94906
3423.687	13.30350	-7.09607	12.17252	-4.87204
3427.685	13.22403	-7.06597	12.23296	-4.83426
3431.691	13.24830	-6.95910	12.26934	-4.78760
3435.686	13.19049	-6.87857	12.28147	-4.75434
3439.685	13.24139	-6.88650	12.31829	-4.71761
3443.650	13.26561	-6.75085	12.39868	-4.73015
3447.687	13.08267	-7.03219	12.46486	-4.75782
3451.682	13.09854	-6.84801	12.50288	-4.77485
3455.686	13.10273	-6.82540	12.54682	-4.81333
3459.685	13.01906	-7.07803	12.55186	-4.73387
3463.688	12.95346	-7.14579	12.62549	-4.74947
3467.690	12.94292	-7.23348	12.65101	-4.62241
3471.690	13.02094	-7.23328	12.78663	-4.61071
3475.649	12.97307	-7.36386	12.82842	-4.55631
3479.698	12.98883	-7.35382	12.86487	-4.56111
3483.668	13.09701	-7.44009	12.89713	-4.54443
3487.689	13.18844	-7.42255	12.89020	-4.55601
3491.690	13.32334	-7.29716	12.64475	-4.58610
3495.692	13.51881	-7.36670	12.73325	-4.62632
3499.689	13.31532	-7.30235	12.47553	-4.63269
3503.685	13.45496	-7.23474	12.77190	-4.79721
3507.650	13.20371	-7.02509	12.29621	-4.94786
3511.688	13.09485	-6.64549	12.34626	-5.21072
3515.688	12.70478	-6.76257	12.22853	-5.01849
3519.687	12.30694	-7.09884	12.44323	-5.10483
3523.683	12.54431	-6.75235	12.41028	-5.06481
3527.692	12.94217	-6.74080	12.38751	-5.14721
3531.686	12.93863	-6.92214	12.51577	-5.29264
3535.689	13.02398	-7.18577	12.59942	-5.39690
3539.689	13.17927	-6.97547	12.48812	-5.23934
3543.692	13.12762	-6.50208	12.33428	-5.19899
3547.690	12.87541	-6.65872	12.38772	-5.21242
3551.689	13.02269	-6.69248	12.48871	-5.11954
3555.687	12.97231	-6.74300	12.30114	-5.03504
3559.691	13.19729	-6.68864	12.47103	-5.01986
3563.688	13.23593	-6.79076	12.57467	-4.97756
3567.688	13.28427	-7.02412	12.59413	-4.97536
3571.687	13.26450	-7.18085	12.59637	-4.91461
3575.693	13.41615	-7.35823	12.76723	-4.96411
3579.689	13.18167	-7.00072	12.62991	-5.00196
3583.690	13.35362	-6.86320	12.81889	-5.04045
3587.688	14.53512	-6.71233	13.35388	-4.89654
3591.656	15.24711	-6.64107	15.99014	-4.85146
3595.690	17.27540	-6.81843	15.85871	-4.76794
3599.690	17.50469	-6.74870	16.30252	-4.88493
3603.696	17.39180	-6.79928	16.35564	-4.96805
3607.679	16.30366	-7.27457	16.03022	-4.71832
3611.681	15.69397	-7.17227	15.84622	-4.76424
3615.687	16.46325	-6.91688	15.89526	-4.89422
3619.691	16.80539	-7.32418	16.12458	-4.86304
3623.691	16.50286	-7.61171	16.01922	-4.57184
3627.688	17.07048	-6.91152	15.99482	-4.54266
3631.689	17.19144	-6.61351	16.28313	-4.71916
3635.691	17.03532	-6.61929	16.42373	-4.96140
3639.690	16.61053	-6.55008	16.17722	-4.70216
3643.652	16.84661	-6.51559	16.40866	-4.77296
3647.697	16.80464	-6.51291	16.59449	-4.77790
3651.656	16.93753	-6.56965	16.61906	-4.92493
3655.692	17.04421	-6.90242	16.45076	-4.74746
3659.691	16.92794	-7.02834	16.34730	-4.71871
3663.652	16.95665	-6.88882	16.28805	-4.53848
3667.691	16.86296	-6.66653	16.39146	-4.80034
3671.691	16.67287	-6.28895	16.53952	-4.82775
3675.692	16.51691	-6.64234	16.45380	-4.90391
3679.645	16.78717	-6.46390	16.57559	-4.91226
3683.695	17.02828	-6.47621	16.52775	-4.95653
3687.696	17.12133	-6.75230	16.37940	-4.88379
3691.674	16.79750	-6.76201	16.14082	-4.84482
3695.694	16.95796	-6.52447	16.20716	-4.75370
3699.693	16.91263	-6.52727	16.42176	-4.77638
3703.593	16.72546	-6.53221	16.55042	-4.92079
3707.689	16.55112	-6.31749	16.40920	-4.98990
3711.654	16.66116	-6.25237	16.45580	-4.93310
3715.687	16.67182	-6.30655	16.58001	-4.99271
3719.589	16.79941	-6.33989	16.70670	-4.97913
3723.687	16.62293	-6.44379	16.70037	-4.98458
3727.691	16.84116	-6.21600	16.62664	-5.05083
3731.688	16.65922	-6.28553	16.71626	-5.11603
3735.590	16.50295	-6.29220	16.59966	-5.18135
3739.693	16.58475	-6.29212	16.83225	-5.18052
3743.690	16.49805	-6.30846	16.77357	-5.23712
3747.691	16.62345	-6.30156	16.70083	-5.20330
3751.693	16.67551	-6.36625	16.75787	-5.22764
3755.690	16.60778	-6.59905	16.69211	-5.24798
3759.690	16.54079	-6.55142	16.25859	-5.11506
3763.692	16.80064	-6.56862	16.63368	-5.13866
3767.692	16.53103	-6.64590	16.55190	-5.21877
3771.694	16.42905	-6.92182	16.60527	-5.04681
3775.665	16.68992	-6.76075	16.51999	-4.94190
3779.655	16.74610	-6.65283	16.43316	-4.92916
3783.699	16.72703	-6.78308	16.45400	-4.91072
3787.693	16.63088	-6.84200	15.88479	-4.91910
3791.688	14.38628	-6.80411	11.94577	-4.87569
3795.690	11.55542	-6.68633	9.01644	-4.88504
3799.697	10.22310	-7.03171	6.49479	-5.06866
3803.693	8.63216	-7.27702	4.61965	-5.53123
3807.694	5.47537	-7.38063	3.02692	-6.96058
3811.693	3.30515	-7.81342	0.60622	-6.73880
3815.561	1.57508	-7.89624	-1.47982	-6.88490
3819.566	0.62342	-7.61638	-3.31756	-6.66752
3823.534	-1.31394	-7.83951	-5.19884	-6.92897
3827.568	-4.45861	-7.78224	-6.56823	-7.04219
3831.558	-5.78936	-7.55047	-7.61343	-6.93827
3835.567	-6.00747	-7.75692	-9.53675	-7.01376
3839.566	-9.18608	-7.62987	-10.00755	-7.01394
3843.570	-8.92573	-7.52206	-10.25076	-6.96485
3847.559	-9.19537	-7.51667	-10.77936	-6.89864
3851.565	-9.63756	-7.62965	-10.44129	-6.88866
3855.530	-9.03006	-7.29188	-9.95201	-6.92016
3859.571	-9.17633	-7.16720	-10.06321	-6.94653
3863.527	-9.15863	-7.20815	-10.37018	-6.89082
3867.567	-8.90892	-7.11178	-10.31206	-6.90762
3871.568	-9.37771	-7.10986	-10.53140	-6.79113
3875.566	-9.54377	-7.31977	-10.43476	-6.86113
3879.591	-9.30805	-7.00101	-10.53485	-6.77759
3883.573	-9.21524	-7.23330	-10.52053	-6.71034
3887.567	-9.09609	-7.32681	-10.30281	-6.57267
3891.571	-9.31984	-7.35508	-10.21938	-6.59375
3895.592	-9.40011	-7.45195	-10.30360	-6.63690
3899.571	-9.17742	-7.10146	-10.22156	-6.62524
3903.559	-9.22600	-7.06016	-10.31251	-6.61906
3907.561	-9.37073	-7.21094	-10.37337	-6.60828
3911.593	-9.25743	-7.55398	-10.19890	-6.51060
3915.568	-9.29609	-7.63570	-10.10742	-6.48470
3919.569	-9.30252	-7.25756	-10.07396	-6.49595
3923.570	-9.23053	-7.09007	-10.12520	-6.46821
3927.595	-9.29937	-7.14614	-10.06720	-6.45021
3931.568	-9.38093	-7.21459	-10.03525	-6.49082
3935.570	-9.18422	-7.49217	-10.15494	-6.48886
3939.569	-9.28137	-7.39777	-10.06939	-6.61660
3943.595	-9.35778	-7.62921	-10.03967	-6.61231
3947.538	-9.26087	-7.19575	-10.07293	-6.52405
3951.567	-9.17609	-6.95776	-10.10463	-6.49808
3955.567	-9.30206	-6.90748	-10.09845	-6.50454
3959.595	-9.29307	-7.02392	-10.14035	-6.47220
3963.567	-9.23884	-7.39128	-10.17274	-6.41949
3967.569	-9.25035	-7.59640	-10.13042	-6.46100
3971.570	-9.18637	-7.78579	-10.25627	-6.44182
3975.593	-9.21786	-7.71344	-10.27218	-6.47322
3979.567	-9.21662	-7.55046	-10.16305	-6.69271
3983.576	-9.23490	-7.58111	-10.20219	-6.50206
3987.554	-9.32400	-7.43230	-10.21664	-6.45857
3991.560	-9.39494	-7.59640	-10.19959	-6.41424
3995.571	-9.45322	-7.60599	-10.20801	-6.40359
3999.569	-9.49011	-7.56848	-10.19046	-6.41790
4003.573	-9.55425	-7.61201	-10.22096	-6.45255
4007.573	-9.53757	-7.64504	-10.22923	-6.45762
4011.570	-9.60056	-7.61847	-10.24911	-6.47226
4015.570	-9.66969	-7.69185	-10.16377	-6.46833
4019.571	-9.60282	-7.54181	-10.07151	-6.49150
4023.569	-9.60996	-7.52391	-10.02858	-6.43234
4027.582	-9.55944	-7.49628	-10.02771	-6.40593
4031.568	-9.54160	-7.41179	-10.05522	-6.39391
4035.571	-9.51351	-7.30488	-10.06388	-6.37371
4039.596	-9.50581	-7.31213	-10.00940	-6.38922
4043.573	-9.58207	-7.15438	-10.02021	-6.37963
4047.569	-9.64962	-7.08318	-9.98704	-6.34158
4051.538	-9.51930	-7.23673	-9.99534	-6.37052
4055.596	-9.51392	-7.13538	-9.99614	-6.34846
4059.570	-9.27714	-7.13181	-10.00179	-6.37581
4063.570	-8.68276	-7.14133	-10.01698	-6.49435
4067.570	-8.24961	-7.09413	-10.06718	-6.44463
4071.538	-8.23741	-7.13324	-10.06518	-6.50957
4075.571	-8.61011	-7.11434	-10.10918	-6.38818
4079.572	-8.71062	-7.14310	-10.12200	-6.44458
4083.576	-8.93689	-7.06362	-10.19416	-6.41662
4087.598	-9.04907	-7.15768	-10.09058	-6.44779
4091.575	-9.14087	-7.16571	-10.09402	-6.41982
4095.571	-9.41694	-7.15992	-10.00526	-6.45672
4099.569	-9.50279	-7.18396	-10.00309	-6.42306
4103.594	-9.43402	-7.07523	-10.09248	-6.46212
4107.571	-9.15055	-6.91914	-9.93735	-6.32789
4111.573	-9.11619	-6.69950	-9.88596	-5.95467
4115.563	-9.00268	-5.59349	-9.87170	-4.79571
4119.604	-9.00135	-5.26894	-9.78835	-4.79139
4123.574	-9.16552	-5.60836	-9.76295	-4.90200
4127.571	-9.31243	-6.01792	-9.74473	-5.25346
4131.572	-8.90025	-6.67560	-9.80057	-5.46756
4135.572	-8.86786	-5.79960	-9.90421	-5.61902
4139.572	-8.79397	-5.68122	-9.90910	-5.35250
4143.571	-8.64267	-5.86854	-9.91958	-5.12654
4147.570	-8.70844	-5.73055	-9.95878	-5.11325
4151.597	-8.76069	-5.73267	-9.80279	-5.15361
4155.547	-8.69261	-5.52948	-9.67025	-5.13229
4159.572	-8.75002	-5.44538	-9.73453	-5.18498
4163.571	-8.67020	-5.51817	-9.67321	-5.20273
4167.577	-8.62731	-5.80070	-9.82250	-5.23344
4171.574	-8.63990	-5.80464	-9.94708	-5.24705
4175.575	-8.62527	-5.88558	-10.02473	-5.23996
4179.574	-8.60703	-5.67550	-9.85006	-5.20054
4183.598	-8.59192	-5.52742	-9.77276	-5.25977
4187.551	-8.67907	-5.65987	-9.84987	-5.31946
4191.573	-8.69644	-5.53028	-9.67726	-5.31593
4195.559	-8.66292	-5.38916	-9.72491	-5.41681
4199.600	-8.59512	-5.27094	-9.79175	-5.43451
4203.574	-8.53278	-5.59862	-9.75447	-5.46363
4207.573	-8.49840	-5.54006	-9.79860	-5.54244
4211.537	-8.53435	-5.73565	-9.73499	-5.62241
4215.600	-8.45616	-5.44065	-9.63250	-5.59565
4219.575	-8.47767	-5.58594	-9.68076	-5.50764
4223.575	-8.47017	-5.59052	-9.68189	-5.44219
4227.575	-8.55937	-5.66801	-9.73885	-5.46335
4231.601	-8.50942	-5.64314	-9.78096	-5.28933
4235.574	-8.51188	-5.63763	-9.78500	-5.35224
4239.542	-8.53156	-5.69112	-9.86726	-5.27012
4243.574	-8.54277	-5.71317	-9.93521	-5.21501
4247.598	-8.63010	-5.74550	-9.73615	-5.29181
4251.575	-8.60016	-5.68657	-9.64615	-5.27217
4255.537	-8.61072	-5.70011	-9.48321	-5.19627
4259.574	-8.62353	-5.64698	-9.75830	-5.16136
4263.597	-8.61897	-5.55509	-9.62319	-5.19291
4267.576	-8.63250	-5.64738	-9.68295	-5.26278
4271.573	-8.63180	-5.63513	-9.62072	-5.21931
4275.576	-8.64065	-5.81370	-9.38223	-5.26676
4279.583	-8.62137	-5.91980	-9.39784	-5.28223
4283.573	-8.61108	-5.97669	-9.43508	-5.27843
4287.575	-8.60669	-6.03129	-9.50752	-5.29428
4291.571	-8.68545	-6.26288	-9.58210	-5.33054
4295.577	-8.61681	-6.25173	-9.52212	-5.32346
4299.578	-8.59796	-6.19665	-9.50489	-5.39520
4303.572	-8.57459	-5.88979	-9.57725	-5.38745
4307.574	-8.52923	-5.90683	-9.57191	-5.35759
4311.577	-8.55860	-5.75638	-9.62258	-5.19894
4315.577	-8.63071	-5.46980	-9.56262	-5.21137
4319.567	-8.64058	-5.68397	-9.59947	-5.14452
4323.566	-8.66581	-5.60723	-9.55451	-5.24049
4327.576	-8.61635	-5.66728	-9.57524	-5.15191
4331.575	-8.68805	-5.91188	-9.52343	-5.23567
4335.575	-8.66377	-5.94745	-9.55085	-5.24888
4339.575	-8.71945	-5.78905	-9.65148	-5.13617
4343.580	-8.87912	-5.77179	-9.55990	-5.27085
4347.577	-8.86141	-5.89430	-9.48565	-5.19808
4351.576	-8.86238	-5.72692	-9.59998	-5.19153
4355.574	-9.01201	-5.65980	-9.67799	-5.26905
4359.576	-8.87265	-5.61502	-9.52982	-5.22847
4363.551	-8.83997	-5.64263	-9.53603	-5.25120
4367.577	-8.88000	-5.57583	-9.52024	-5.30772
4371.575	-8.90093	-5.56180	-9.65751	-5.35653
4375.577	-8.89046	-5.70539	-9.61942	-5.21184
4379.577	-8.74360	-5.41327	-9.68906	-5.23579
4383.576	-8.75274	-5.50421	-9.60847	-5.14876
4387.579	-8.69979	-5.32691	-9.60357	-5.17350
4391.578	-8.67243	-5.33377	-9.62483	-5.11443
4395.577	-8.66137	-5.43909	-9.63332	-5.09892
4399.577	-8.62680	-5.38836	-9.57833	-5.04979
4403.560	-8.69149	-5.59967	-9.58405	-5.07960
4407.578	-8.72692	-5.65624	-9.59604	-5.14374
4411.575	-8.80355	-5.70001	-9.61474	-5.13162
4415.577	-8.84731	-5.67447	-9.59351	-5.20561
4419.577	-8.86873	-5.57121	-9.62321	-5.26941
4423.582	-8.91028	-5.62498	-9.56600	-5.25905
4427.577	-8.94610	-5.61239	-9.54691	-5.33748
4431.579	-9.00114	-5.58636	-9.57785	-5.32580
4435.575	-9.01520	-5.56782	-9.58215	-5.34373
4439.581	-8.92219	-5.59572	-9.59481	-5.33044
4443.576	-8.92684	-5.58862	-9.58263	-5.38715
4447.575	-8.89877	-5.51818	-9.56863	-5.36738
4451.575	-8.85904	-5.51578	-9.58386	-5.39118
4455.582	-8.84501	-5.42397	-9.55396	-5.41050
4459.540	-8.75378	-5.40570	-9.58531	-5.38208
4463.577	-8.71855	-5.39944	-9.56072	-5.35133
4467.578	-8.67633	-5.40621	-9.55485	-5.36762
4471.578	-8.70813	-5.41736	-9.53475	-5.36043
4475.578	-8.80643	-5.39640	-9.52613	-5.40001
4479.540	-8.69115	-5.42058	-9.55316	-5.39259
4483.580	-8.76239	-5.32588	-9.58743	-5.38260
4487.559	-8.72976	-5.25813	-9.54672	-5.39342
4491.541	-7.02524	-5.24150	-9.05785	-5.42069
4495.577	-6.36189	-5.35115	-7.43642	-5.42687
4499.579	-3.54747	-5.40751	-6.24528	-5.31275
4503.578	-3.27108	-5.76378	-5.11243	-5.09605
4507.575	-2.27288	-5.58622	-4.61669	-5.20007
4511.579	-1.93683	-5.51248	-3.68374	-5.18589
4515.576	-1.59432	-5.62427	-3.04605	-4.91570
4519.476	0.47416	-5.52909	-2.44415	-4.69420
4523.579	0.90364	-4.59100	-0.85977	-4.74773
4527.578	1.64193	-3.99373	-1.56310	-4.62577
4531.571	-1.78550	-4.10489	-0.21460	-4.50819
4535.583	-1.98588	-4.00795	0.14861	-3.57093
4539.578	12.73580	-1.39371	-0.46845	-4.16478
4543.578	4.37048	-4.31374	-2.76086	-4.00132
4547.576	-1.92825	12.20183	10.96605	-0.79004
4551.583	NaN	NaN	NaN	NaN
4555.579	NaN	NaN	NaN	NaN
4559.580	NaN	NaN	NaN	NaN
4563.580	NaN	NaN	NaN	NaN
4567.581	NaN	NaN	NaN	NaN
4571.551	NaN	NaN	NaN	NaN
4575.573	NaN	NaN	NaN	NaN
4579.574	NaN	NaN	NaN	NaN
4583.579	NaN	NaN	NaN	NaN
4587.579	NaN	NaN	NaN	NaN
4591.537	NaN	NaN	NaN	NaN
4595.549	NaN	NaN	NaN	NaN
4599.540	NaN	NaN	NaN	NaN
4603.578	NaN	NaN	NaN	NaN
4607.547	NaN	NaN	NaN	NaN
4611.561	NaN	NaN	NaN	NaN
4615.548	NaN	NaN	NaN	NaN
4619.581	NaN	NaN	NaN	NaN
4623.579	NaN	NaN	NaN	NaN
4627.579	NaN	NaN	NaN	NaN
4631.576	NaN	NaN	NaN	NaN
4635.579	NaN	NaN	NaN	NaN
4639.579	NaN	NaN	20.75108	5.79174
4643.580	NaN	NaN	17.63700	5.08384
4647.579	NaN	NaN	15.65847	4.00975
4651.582	NaN	NaN	16.02681	3.09849
4655.481	NaN	NaN	15.69215	3.28941
4659.578	3.22477	-0.92671	1.25719	2.76704
4663.580	15.00047	3.34510	1.25937	-1.04754
4667.543	15.58817	4.81019	1.60990	-0.98426
4671.580	15.20154	4.37468	3.02326	-1.13472
4675.481	15.28388	2.76405	5.69750	-0.97603
4679.539	15.28658	2.62750	7.53188	-0.84942
4683.584	1.99582	-1.43101	6.43626	-0.93633
4687.586	8.55205	-0.27684	6.59782	-0.96340
4691.586	6.66085	-0.63404	6.57049	-0.89381
4695.579	7.42576	-1.28138	6.46600	-0.91058
4699.582	7.88027	-1.30329	6.37449	-0.98775
4703.580	8.17082	-1.36984	6.41998	-0.90856
4707.480	8.10659	-1.31294	6.48627	-0.83649
4711.580	7.66370	-1.22856	6.55300	-0.72232
4715.585	7.47448	-1.24764	6.47264	-0.72572
4719.580	7.33806	-1.14496	6.39614	-0.76368
4723.586	7.32143	-1.05833	6.36797	-0.69503
4727.583	7.25460	-1.08133	6.32657	-0.68832
4731.548	7.36174	-1.00465	6.30700	-0.59411
4735.576	7.57673	-1.02572	6.30085	-0.50380
4739.585	7.56369	-0.94158	6.33005	-0.49540
4743.583	7.63979	-0.91022	6.37479	-0.37719
4747.580	7.61195	-1.15426	6.35540	-0.33550
4751.581	7.53308	-1.34033	6.38013	-0.38672
4755.587	7.53408	-1.28869	6.26792	-0.39725
4759.582	7.57473	-1.37437	6.17595	-0.29979
4763.581	7.66655	-1.47853	6.26336	-0.34013
4767.585	7.62155	-1.43728	6.25647	-0.33961
4771.484	7.62031	-1.43086	6.27069	-0.33412
4775.583	7.63662	-1.30864	6.29717	-0.48236
4779.557	7.60548	-1.08492	6.28582	-0.52513
4783.584	7.59722	-1.20886	6.29560	-0.60044
4787.484	7.59483	-0.74953	6.22777	-0.77166
4791.583	7.53605	-0.94352	6.11474	-0.89875
4795.585	7.55564	-1.12287	6.18026	-0.89006
4799.556	7.55093	-0.76995	6.12347	-0.87099
4803.591	7.57317	-0.83188	6.22221	-0.95366
4807.581	7.55981	-0.72836	6.25877	-1.02938
4811.582	7.53979	-0.55940	6.29261	-1.07936
4815.584	7.53435	-0.45029	6.44721	-1.02792
4819.569	7.43337	-0.44416	6.41915	-1.02437
4823.581	7.34628	-0.54494	6.43800	-1.00836
4827.584	7.31389	-0.52509	6.45669	-0.99065
4831.584	7.32133	-0.44126	6.53612	-1.01525
4835.587	7.30146	-0.50080	6.55136	-0.94851
4839.582	7.40118	-0.46102	6.49301	-0.93008
4843.585	7.43364	-0.60416	6.48433	-0.92652
4847.581	7.44589	-0.57426	6.48117	-0.96496
4851.453	7.46753	-0.77700	6.54016	-0.87429
4855.455	7.53001	-1.04438	6.57534	-0.80727
4859.458	7.42434	-0.86847	6.53029	-0.73102
4863.460	7.48502	-1.19285	6.56400	-0.70856
4867.542	7.49966	-1.58085	6.55381	-0.63354
4871.461	7.33947	-1.79191	6.53710	-0.67626
4875.460	7.34533	-1.75183	6.51479	-0.73479
4879.459	7.16859	-1.32610	6.37204	-0.73493
4883.458	7.24520	-1.17267	6.29717	-0.75383
4887.459	7.35893	-1.01106	6.34451	-0.71326
4891.449	7.33440	-1.04691	6.49139	-0.66037
4895.459	7.17135	-0.65502	6.40302	-0.65027
4899.459	7.35681	-0.52073	6.43611	-0.60211
4903.463	7.59668	0.04549	6.32331	-0.35115
4907.449	9.26720	1.19257	6.60928	0.55564
4911.451	4.01124	2.99880	1.96977	1.31860
4915.485	15.05408	4.12276	17.09828	4.07397
4919.422	13.30141	7.34435	17.49790	5.48618
4923.461	8.69789	4.65413	19.13935	14.15926
4927.461	NaN	NaN	NaN	NaN
4931.483	NaN	NaN	NaN	NaN
4935.455	NaN	NaN	NaN	NaN
4939.460	NaN	NaN	NaN	NaN
4943.459	NaN	NaN	NaN	NaN
4947.454	NaN	NaN	NaN	NaN
4951.424	NaN	NaN	NaN	NaN
4955.459	NaN	NaN	NaN	NaN
4959.456	NaN	NaN	NaN	NaN
4963.457	NaN	NaN	NaN	NaN
4967.457	NaN	NaN	NaN	NaN
4971.422	NaN	NaN	NaN	NaN
4975.460	NaN	NaN	NaN	NaN
4979.458	NaN	NaN	NaN	NaN
4983.457	NaN	NaN	NaN	NaN
4987.461	NaN	NaN	NaN	NaN
4991.422	NaN	NaN	NaN	NaN
4995.458	NaN	NaN	NaN	NaN
4999.458	NaN	NaN	NaN	NaN
5003.421	NaN	NaN	NaN	NaN
5007.460	NaN	NaN	NaN	NaN
5011.460	NaN	NaN	NaN	NaN
5015.461	NaN	NaN	NaN	NaN
5019.484	NaN	NaN	NaN	NaN
5023.461	NaN	NaN	NaN	NaN
5027.459	NaN	NaN	NaN	NaN
5031.458	9.61093	1.82023	-2.44970	-0.98407
5035.457	-3.26480	-0.06411	-1.02377	-1.23521
5039.423	-2.72233	-1.37269	-1.73180	-2.38348
5043.454	-3.02744	-1.72188	-2.17380	-1.84872
5047.461	-1.55539	-1.76435	-1.61262	-1.83713
5051.463	2.35367	-1.67270	-0.21827	-1.97449
5055.425	4.44948	-1.55953	1.21410	-1.87616
5059.460	4.19825	-1.51594	1.03372	-1.68409
5063.475	2.92517	-1.72085	1.74697	-1.82589
5067.461	2.71062	-1.62774	1.89761	-1.78681
5071.425	2.68492	-1.60895	1.73090	-1.80888
5075.458	3.03821	-1.59175	1.24200	-1.86105
5079.460	3.09426	-1.54550	1.36514	-1.88486
5083.460	2.69416	-1.31753	1.35020	-1.80814
5087.464	2.38734	-1.38449	1.31344	-1.81566
5091.431	2.35387	-1.29383	1.45264	-1.79483
5095.461	2.27134	-1.44503	1.60194	-1.75508
5099.463	2.41787	-1.40520	1.28117	-1.71976
5103.461	2.06969	-1.18878	1.19718	-1.72304
5107.486	2.04991	-1.20379	1.05925	-1.67745
5111.463	1.98236	-1.14158	0.92666	-1.73002
5115.450	2.01494	-1.09509	0.84198	-1.65881
5119.454	2.06134	-1.12847	0.98998	-1.67108
5123.486	2.03018	-1.09577	1.05245	-1.66477
5127.462	2.08639	-1.25502	1.13104	-1.90247
5131.462	2.19492	-1.25480	1.06327	-1.85906
5135.462	2.12082	-1.37531	1.03039	-1.85491
5139.490	2.14501	-1.35841	1.00509	-1.97244
5143.462	2.13871	-1.37187	1.01107	-2.15129
5147.462	2.16134	-1.38225	1.10013	-2.15145
5151.461	2.19963	-1.41894	1.08229	-2.22264
5155.487	2.25761	-1.41953	1.17413	-2.23299
5159.431	2.25030	-1.47110	1.20559	-2.24799
5163.430	2.22763	-1.52105	1.25213	-2.22550
5167.426	2.25870	-1.54786	1.22933	-2.26541
5171.485	2.22195	-1.57016	1.16907	-2.21128
5175.462	2.24894	-1.50093	1.13174	-2.18581
5179.463	2.27367	-1.48805	1.12152	-2.22278
5183.461	2.27976	-1.38388	1.14856	-2.25660
5187.488	2.26207	-1.31247	1.17441	-2.22145
5191.430	2.25826	-1.41166	1.11457	-2.11933
5195.467	2.22919	-1.38623	1.05959	-2.06012
5199.448	2.17289	-1.40524	0.99936	-2.02607
5203.487	2.18662	-1.24002	1.12722	-1.97970
5207.426	2.18414	-1.16330	1.26666	-1.81009
5211.466	2.15034	-1.04748	1.17790	-1.59710
5215.465	2.15271	-1.08861	1.22293	-1.45924
5219.465	2.07802	-1.04331	1.14464	-1.43420
5223.465	2.04089	-0.97737	1.20363	-1.33478
5227.466	2.01880	-1.06661	1.25446	-1.36676
5231.461	2.01565	-1.11624	1.23069	-1.37249
5235.492	2.04577	-1.09891	1.16290	-1.43099
5239.463	2.04706	-1.13230	1.13199	-1.35714
5243.459	2.05370	-1.13835	1.10879	-1.36487
5247.463	2.05568	-1.10707	1.03186	-1.40916
5251.488	2.09886	-1.25689	0.96879	-1.41591
5255.466	2.13656	-1.33368	1.00784	-1.50126
5259.464	2.22312	-1.50058	0.95212	-1.49855
5263.465	2.31302	-1.47424	0.94768	-1.59702
5267.468	2.27895	-1.62624	0.95532	-1.64652
5271.475	2.39891	-1.71203	0.99206	-1.62957
5275.427	2.35169	-1.72765	1.02320	-1.65857
5279.466	2.42351	-1.75367	1.09795	-1.69306
5283.466	2.47393	-1.75324	1.19348	-1.74866
5287.443	2.41499	-1.79228	1.33701	-1.85629
5291.430	2.39879	-1.90195	1.33616	-1.94476
5295.428	2.34723	-1.91514	1.37922	-2.26773
5299.487	2.38254	-1.97731	1.41338	-2.15370
5303.462	2.30509	-2.01449	1.45621	-2.27877
5307.465	2.25739	-2.01843	1.52285	-2.28043
5311.464	2.27617	-2.03623	1.54827	-2.34437
5315.488	2.25556	-1.97434	1.54398	-2.39575
5319.469	2.21767	-2.05680	1.54408	-2.38258
5323.453	2.16595	-1.95829	1.53805	-2.35263
5327.465	2.14867	-1.92619	1.57007	-2.29192
5331.467	2.25558	-2.10371	1.52114	-2.15662
5335.465	2.27444	-2.06136	1.54165	-2.19256
5339.465	2.32446	-2.10859	1.64553	-2.18581
5343.467	2.31470	-2.05555	1.49366	-1.97512
5347.467	2.33522	-2.06925	1.61126	-1.87175
5351.466	2.25945	-2.04890	1.45304	-1.79379
5355.434	2.28028	-1.98261	1.42451	-1.89221
5359.470	2.28784	-2.00549	1.50733	-1.92752
5363.469	2.22909	-2.03635	1.62832	-2.03682
5367.441	2.23035	-2.00284	1.41980	-2.14491
5371.468	2.26596	-2.03898	1.36057	-2.12829
5375.469	2.23722	-2.00291	1.32781	-2.10679
5379.458	2.17598	-1.89257	1.35306	-2.20691
5383.468	2.13581	-1.85087	1.24578	-2.11884
5387.467	2.11299	-1.76407	1.24014	-2.07654
5391.473	2.09128	-1.70346	1.13223	-2.04848
5395.458	2.09437	-1.73765	1.15558	-1.98028
5399.468	2.05893	-1.78205	1.13221	-1.89250
5403.467	2.02069	-1.79454	1.10420	-1.94309
5407.447	1.96900	-1.78852	1.03017	-1.86486
5411.468	1.95579	-1.75323	1.03007	-1.83508
5415.469	1.93427	-1.71199	1.03273	-1.81254
5419.467	2.06446	-1.73093	1.09232	-1.69793
5423.468	2.17891	-1.71158	1.03677	-1.67299
5427.471	2.16905	-1.48364	1.04061	-1.60623
5431.469	2.19504	-1.50168	1.05304	-1.63547
5435.468	2.27352	-1.61489	1.08971	-1.60760
5439.466	2.28363	-1.67191	1.13504	-1.61780
5443.460	2.27243	-1.52401	1.11038	-1.63207
5447.469	2.27290	-1.47165	1.10556	-1.62916
5451.462	2.35749	-1.45271	1.18822	-1.60151
5455.467	2.38913	-1.38682	1.18884	-1.58920
5459.474	2.37612	-1.46660	1.23121	-1.59866
5463.469	2.27332	-1.41478	1.12883	-1.61570
5467.468	2.24681	-1.37574	1.17349	-1.60865
5471.468	2.22765	-1.34323	1.09646	-1.61854
5475.467	2.15685	-1.47179	1.06086	-1.58626
5479.431	2.10632	-1.56685	1.11683	-1.60771
5483.468	2.15673	-1.49643	1.10380	-1.65784
5487.432	2.20015	-1.44609	1.11566	-1.70082
5491.439	2.23818	-1.63435	1.18460	-1.68269
5495.467	2.19041	-1.70295	1.24176	-1.78886
5499.468	2.23268	-1.68080	1.28737	-1.88154
5503.470	2.22936	-1.50837	1.27966	-2.11139
5507.470	2.26539	-1.87522	1.38285	-2.08290
5511.470	2.22518	-1.60303	1.41209	-2.21268
5515.468	2.23804	-1.58339	1.41898	-2.04860
5519.469	2.26656	-1.66610	1.48540	-2.01155
5523.467	2.26071	-1.64415	1.49250	-2.01906
5527.470	2.24911	-1.54470	1.50767	-1.97977
5531.458	2.20399	-1.54363	1.55747	-1.89098
5535.457	2.20079	-1.54668	1.57255	-1.94267
5539.471	2.16639	-1.53766	1.55524	-1.86666
5543.469	2.17103	-1.49389	1.50614	-1.79727
5547.432	2.09740	-1.63165	1.40797	-1.81348
5551.467	2.06934	-1.62381	1.28393	-1.76160
5555.473	2.05031	-1.62368	1.16300	-1.68459
5559.469	2.10134	-1.72707	1.01285	-1.66506
5563.470	2.13804	-1.77709	0.99000	-1.74041
5567.470	2.15319	-1.69501	0.98199	-1.75628
5571.471	2.30177	-1.81963	0.99556	-1.74150
5575.436	2.38405	-1.87471	0.98812	-1.79946
5579.470	2.44442	-1.86268	1.07939	-1.86069
5583.472	2.40090	-1.95293	1.18309	-1.93726
5587.464	2.55368	-1.95288	1.16838	-1.99610
5591.472	2.42713	-1.94774	1.16744	-1.90019
5595.473	2.42104	-1.95273	1.38123	-1.89028
5599.468	2.51547	-1.97305	1.23067	-1.91836
5603.375	2.53563	-1.99414	1.32034	-1.91854
5607.472	2.56230	-2.01361	1.34041	-1.79648
5611.470	2.57610	-1.99460	1.37724	-1.71989
5615.440	2.58343	-2.01088	1.43282	-1.71382
5619.447	2.49084	-2.05506	1.47010	-1.76499
5623.469	2.50947	-2.06866	1.38736	-1.73266
5627.470	2.56037	-2.05160	1.29070	-1.74447
5631.469	2.54853	-1.99965	1.34311	-1.77975
5635.369	2.58234	-1.97359	1.38493	-1.85306
5639.472	2.58135	-1.92663	1.34043	-1.90071
5643.469	2.46976	-1.94827	1.30876	-1.85498
5647.471	2.38588	-1.83376	1.30384	-1.93062
5651.473	2.22857	-1.86033	1.30285	-1.99481
5655.469	2.39460	-1.80314	1.23382	-1.99454
5659.465	2.33593	-1.79786	1.18341	-2.04453
5663.470	2.39104	-1.79826	1.09840	-2.02439
5667.344	2.33113	-1.70051	1.17587	-2.06570
5671.470	2.26723	-1.65370	1.15712	-2.05258
5675.472	2.23590	-1.72444	1.15908	-1.99986
5679.427	2.17509	-1.67380	1.09964	-1.93031
5683.474	2.12905	-1.60705	1.14541	-1.87733
5687.472	2.17765	-1.66156	1.28956	-1.90338
5691.472	2.20659	-1.71350	1.30761	-1.91950
5695.473	2.40216	-1.83431	1.41360	-1.82909
5699.374	2.41063	-1.88405	1.48062	-1.89918
5703.470	2.43404	-1.98884	1.61054	-1.87304
5707.468	2.50662	-1.94871	1.64615	-1.86814
5711.473	2.43989	-1.99808	1.69550	-1.84413
5715.370	2.33730	-1.90144	1.73403	-1.85997
5719.473	2.45220	-1.86795	1.79505	-1.87011
5723.474	2.39844	-1.98597	1.82785	-1.91699
5727.473	2.39089	-2.01591	1.80692	-1.90552
5731.370	2.32575	-2.05109	1.67045	-1.87234
5735.473	2.29280	-2.15954	1.57845	-1.80714
5739.460	2.24708	-2.12294	1.61644	-1.80075
5743.471	2.17182	-1.97202	1.60270	-1.72798
5747.370	2.18639	-2.01796	1.54465	-1.70974
5751.434	2.14141	-2.04123	1.47399	-1.75015
5755.471	2.18042	-2.14005	1.48870	-1.66161
5759.436	2.35531	-2.04829	1.45683	-1.57689
5763.371	2.48668	-2.18192	1.48381	-1.62671
5767.470	2.43910	-1.99459	1.45720	-1.49328
5771.473	2.55321	-1.94150	1.48488	-1.55808
5775.473	2.56062	-1.99465	1.50408	-1.56397
5779.369	2.56030	-2.01369	1.55958	-1.55932
5783.474	2.53023	-1.96083	1.56265	-1.53752
5787.475	2.57073	-1.93433	1.60022	-1.51150
5791.434	2.51799	-1.87564	1.52097	-1.41979
5795.336	2.45002	-1.92581	1.47992	-1.28334
5799.477	2.27478	-2.06131	1.41591	-1.22619
5803.477	2.27679	-2.08972	1.31548	-1.09816
5807.474	2.30244	-2.12551	1.37407	-1.39957
5811.373	2.23630	-2.09320	1.33872	-1.33608
5815.475	2.29096	-2.13034	1.27008	-1.39804
5819.438	2.33648	-2.24278	1.20385	-1.34164
5823.454	2.26619	-2.26733	1.25361	-1.36555
5827.362	2.19685	-2.32746	1.21241	-1.31176
5831.473	2.20188	-2.37780	1.21581	-1.22783
