time (ms)	lx (deg)	ly (deg)	rx (deg)	ry (deg)
0.000	0.87679	-1.20817	-0.17315	-0.35549
3.976	0.82573	-1.22592	-0.01042	-0.36558
7.973	0.84061	-1.21498	-0.11577	-0.28233
11.978	0.84257	-1.24191	-0.14206	-0.30425
15.998	0.85684	-1.20487	-0.17933	-0.22493
19.974	0.84409	-1.26547	-0.17216	-0.20336
23.974	0.92321	-1.24238	-0.20474	-0.17096
27.973	0.94286	-1.27962	-0.38286	-0.20376
31.997	0.95988	-1.33581	-0.53217	-0.21431
35.975	0.86753	-1.39159	-0.51260	-0.28115
39.977	0.88818	-1.45505	-0.67888	-0.26174
43.977	0.87753	-1.52810	-0.77129	-0.28350
47.968	0.69121	-1.60095	-0.71801	-0.29372
51.972	0.62617	-1.65514	-0.75714	-0.30740
55.976	0.65977	-1.58457	-0.73461	-0.32281
59.975	0.37184	-1.58782	-0.82717	-0.34588
63.977	0.67583	-1.40966	-0.81526	-0.44507
67.978	0.58568	-1.23450	-0.85275	-0.49570
71.977	0.44912	-1.31254	-0.65156	-0.46933
75.975	0.31516	-1.13758	-0.73508	-0.50185
79.985	0.30461	-1.02572	-0.74771	-0.36873
83.977	0.22666	-0.90656	-0.70744	-0.26947
87.942	0.31913	-1.03360	-0.40827	-0.08458
91.979	0.44795	-0.83989	-0.50068	0.15595
95.970	0.59297	-0.75401	-0.24917	0.09157
99.978	0.64275	-0.58991	-0.13369	0.33389
103.979	0.63957	-0.57667	-0.23162	0.45271
107.978	0.49321	-0.52890	-0.20301	0.45025
111.962	0.61982	-0.33847	-0.23599	0.30974
115.974	0.89205	-0.35507	-0.23820	0.35496
119.977	0.90971	-0.22612	-0.37906	0.35329
123.975	0.82218	-0.26377	-0.56989	0.31904
127.978	0.91569	-0.20806	-0.29148	0.03561
131.977	1.08036	-0.11670	-0.40653	0.02172
135.978	1.09840	-0.14653	-0.42408	-0.15642
139.975	1.06510	-0.16773	-0.44815	-0.06858
143.947	1.13692	-0.18705	-0.46224	-0.10342
147.977	1.01486	-0.19412	-0.65449	-0.07715
151.941	0.97732	-0.18105	-0.55930	-0.02219
155.970	0.86389	-0.23775	-0.59302	-0.08876
159.977	0.76990	-0.19843	-0.60588	-0.17396
163.981	0.78694	-0.20593	-0.54540	-0.21573
167.977	0.64488	-0.21374	-0.46138	-0.27644
171.977	0.80841	-0.23194	-0.41973	-0.20366
175.980	0.77094	-0.25672	-0.41221	-0.18947
179.986	0.67456	-0.24969	-0.18405	-0.04903
183.978	0.69379	-0.23319	-0.34124	-0.04460
187.978	0.68645	-0.21257	-0.34087	-0.09897
191.984	0.76268	-0.16652	-0.25780	-0.06816
195.942	0.76082	-0.09820	-0.31287	-0.06237
199.979	0.75139	-0.03839	-0.25994	-0.14174
203.978	0.69953	-0.08028	-0.23951	-0.14949
207.971	0.75377	-0.08711	-0.26577	-0.16105
211.977	0.78374	-0.00447	-0.31895	-0.11835
215.980	0.75893	0.01299	-0.48244	-0.09179
219.980	0.73000	0.02654	-0.51255	-0.01988
223.979	0.76742	0.08495	-0.51207	-0.01014
227.979	0.68972	0.11728	-0.46877	-0.06605
231.979	0.69662	0.14690	-0.49078	-0.04266
235.968	0.67568	0.14511	-0.58779	-0.16988
239.970	0.71685	-0.02430	-0.62357	-0.15617
243.978	0.74578	-0.08913	-0.52054	-0.18055
247.981	0.81878	-0.09963	-0.66178	-0.19237
251.979	0.92515	-0.22543	-0.66288	-0.14971
255.982	0.82121	-0.17683	-0.70042	-0.13701
259.977	0.73727	-0.25257	-0.59545	-0.12667
263.979	0.59161	-0.29772	-0.76397	-0.20106
267.981	0.34114	-0.37424	-0.83667	-0.27107
271.980	0.53185	-0.33492	-0.65094	-0.30262
275.981	0.50076	-0.37451	-0.65843	-0.31670
279.947	0.66069	-0.43018	-0.47890	-0.33098
283.980	0.53476	-0.41804	-0.44199	-0.32308
287.982	0.50629	-0.41173	-0.45919	-0.32886
291.979	0.44872	-0.34849	-0.47190	-0.29470
295.979	0.28448	-0.35489	-0.58138	-0.28970
299.979	0.37308	-0.33575	-0.53488	-0.22614
303.981	0.37062	-0.32984	-0.67963	-0.21995
307.978	0.45351	-0.35913	-0.67699	-0.18029
311.980	0.44227	-0.35078	-0.83096	-0.18280
315.982	0.46741	-0.42202	-0.87964	-0.15534
319.886	0.50011	-0.45605	-0.77560	-0.07755
323.975	0.60739	-0.48037	-0.90458	-0.05429
327.979	0.63062	-0.47550	-0.94887	-0.03690
331.979	0.70263	-0.55761	-0.88853	-0.04803
335.946	0.31607	-0.64522	-0.99040	-0.08803
339.979	0.49252	-0.79251	-1.08564	-0.04353
343.980	0.24698	-0.90177	-0.98941	-0.07538
347.980	0.47947	-0.79581	-0.88763	-0.06510
351.982	0.34298	-0.79970	-0.56168	-0.05124
355.982	0.29079	-0.78845	-0.50066	0.02900
359.980	0.47656	-0.85492	-0.66908	0.07646
363.948	0.40809	-0.84847	-0.67404	-0.00803
367.973	0.32503	-0.82038	-0.66642	-0.05116
371.979	0.33466	-0.84937	-0.79635	-0.07844
375.983	0.40115	-0.81195	-0.61910	-0.18290
379.986	0.41385	-0.84374	-0.56076	-0.17724
383.982	0.25587	-0.84736	-0.61352	-0.28816
387.981	0.26128	-0.79660	-0.72104	-0.37737
391.983	0.17045	-0.86963	-0.69479	-0.55291
395.978	0.23058	-0.81462	-0.70496	-0.64550
399.882	0.46252	-0.89231	-0.66409	-0.77301
403.957	0.30347	-0.91336	-0.67868	-0.78523
407.982	0.32389	-0.92007	-0.67997	-0.86731
411.962	0.39308	-0.89733	-0.66732	-0.85134
415.894	0.50567	-0.91294	-0.77516	-0.82406
419.983	0.52803	-0.89026	-0.69630	-0.75407
423.983	0.61928	-0.84307	-0.69891	-0.81335
427.983	0.45991	-0.81162	-0.75017	-0.63385
431.882	0.29994	-0.71476	-0.70819	-0.51539
435.979	0.53108	-0.77578	-0.72265	-0.82142
439.983	0.39814	-0.74693	-0.76866	-0.63866
443.970	0.51448	-0.69817	-0.72953	-0.45847
447.883	0.42725	-0.67105	-0.64704	-0.41259
451.984	0.36129	-0.64810	-0.72737	-0.58138
455.980	0.47517	-0.64233	-0.70278	-0.61264
459.945	0.32754	-0.66510	-0.69779	-0.80483
463.855	0.18782	-0.70188	-0.72613	-0.73332
467.981	0.14176	-0.72498	-0.78546	-0.54569
471.946	0.17839	-0.78699	-0.75987	-0.42115
475.982	0.28039	-0.76691	-0.71191	-0.44346
479.881	0.34313	-0.75605	-0.78441	-0.30276
483.983	0.35759	-0.70616	-0.83545	-0.25281
487.953	0.38851	-0.77165	-0.88887	-0.21584
491.984	0.33662	-0.76395	-0.98122	-0.22793
495.954	0.24701	-0.71102	-0.99241	-0.16169
499.984	0.34154	-0.67769	-1.02861	-0.14872
503.985	0.26448	-0.66570	-1.06403	-0.08788
507.982	0.23703	-0.67092	-1.03836	-0.06348
511.987	0.35486	-0.40132	-1.05396	-0.04144
515.982	0.29766	-0.51346	-1.18882	-0.08916
519.982	0.23587	-0.48313	-1.10165	-0.09510
523.986	0.20460	-0.16187	-1.01598	-0.16087
527.889	0.21127	-0.26240	-1.01531	-0.24276
531.980	0.19653	-0.11515	-1.02588	-0.34733
535.984	0.19221	-0.08946	-1.06833	-0.46312
539.982	0.19549	-0.09142	-1.04094	-0.60458
543.987	0.20693	-0.15993	-1.07882	-0.62785
547.983	0.21006	-0.10171	-1.01189	-0.59420
551.984	0.24619	-0.19551	-1.11244	-0.63289
555.985	0.26175	-0.22342	-1.08855	-0.77883
559.883	0.28679	-0.31749	-1.01734	-0.80215
563.949	0.33595	-0.39556	-1.03067	-0.81069
567.986	0.36998	-0.50317	-0.99305	-0.82032
571.978	0.34201	-0.46327	-0.91991	-0.81161
575.885	0.20785	-0.55871	-0.94877	-0.84713
579.986	0.21720	-0.64446	-0.83803	-0.80224
583.983	0.25252	-0.59504	-0.70762	-0.82969
587.984	0.30285	-0.66500	-0.90448	-0.83713
591.987	0.19236	-0.79912	-0.80853	-0.84294
595.984	0.23212	-0.85308	-0.67637	-0.82232
599.986	0.07187	-0.95740	-0.72972	-0.74604
603.988	0.09140	-0.95859	-0.62072	-0.75023
607.990	-0.01938	-1.15955	-0.72546	-0.70649
611.959	0.05974	-1.11718	-0.65742	-0.69463
615.985	0.07205	-1.14380	-0.68625	-0.73358
619.984	0.25552	-1.16535	-0.64034	-0.73763
623.990	0.16600	-0.85494	-0.93217	-0.77266
627.984	0.16690	-0.94870	-0.91150	-0.80876
631.988	0.05867	-0.91512	-0.96008	-0.78502
635.987	0.05529	-1.03446	-1.00821	-0.79140
639.987	0.00097	-1.07569	-0.92363	-0.79480
643.952	0.10232	-1.00293	-0.87977	-0.84662
647.988	0.12950	-1.11566	-0.72384	-0.83550
651.948	0.16087	-0.97302	-0.85158	-0.85806
655.883	0.14918	-0.80640	-0.79575	-0.84565
659.987	0.04202	-0.86868	-0.70747	-0.84619
663.987	-0.10364	-0.96873	-0.69486	-0.81541
667.985	-0.12163	-0.94478	-0.55840	-0.74624
671.887	-0.13062	-1.02767	-0.58776	-0.71881
675.858	-0.18174	-1.01172	-0.44998	-0.70643
679.863	-0.13059	-1.01036	-0.46237	-0.68767
683.859	-0.05140	-0.90590	-0.43614	-0.60076
687.854	0.06381	-0.98025	-0.50902	-0.54863
691.859	0.32625	-0.88561	-0.55972	-0.47324
695.865	0.70151	-0.90437	-0.64771	-0.45383
699.840	0.44673	-0.96102	-0.64858	-0.41174
703.856	0.64997	-1.01298	-0.59543	-0.43351
707.862	0.22850	-0.95535	-0.69523	-0.42742
711.823	0.17345	-0.92935	-0.67618	-0.44677
715.825	0.12925	-0.93496	-0.78104	-0.45210
719.884	0.12369	-0.94070	-0.80615	-0.44584
723.862	0.08316	-0.87855	-0.78985	-0.45245
727.863	0.04842	-0.86677	-0.85783	-0.53766
731.863	0.10381	-0.84265	-0.83645	-0.55103
735.891	0.02673	-0.89465	-0.89575	-0.66488
739.857	-0.04159	-0.91007	-0.87049	-0.68808
743.856	-0.01318	-0.88680	-0.84605	-0.74821
747.863	-0.05599	-0.86767	-0.78168	-0.78461
751.853	-0.07205	-0.86103	-0.78186	-0.77560
755.862	-0.06371	-0.85666	-0.81359	-0.78590
759.861	-0.03556	-0.85634	-0.77603	-0.78337
763.864	0.05832	-0.83778	-0.72838	-0.73409
767.884	0.08890	-0.78185	-0.72640	-0.74336
771.862	0.05130	-0.79962	-0.72176	-0.65589
775.862	0.00489	-0.86270	-0.65977	-0.56084
779.863	0.02191	-0.83492	-0.57704	-0.42198
783.856	-0.03757	-0.79887	-0.44130	-0.20309
787.862	-0.08123	-0.80975	-0.30883	-0.22220
791.861	-0.10113	-0.80784	-0.27264	-0.10914
795.864	-0.01045	-0.83515	-0.30545	-0.01397
799.857	-0.01228	-0.80531	-0.40626	-0.21747
803.864	0.02271	-0.75122	-0.33938	-0.29378
807.861	0.12141	-0.71057	-0.35749	-0.22627
811.866	0.02430	-0.72918	-0.30712	-0.29711
815.887	-0.07373	-0.67693	-0.29831	-0.33193
819.864	-0.02112	-0.64222	-0.42194	-0.32583
823.851	-0.11041	-0.60252	-0.49130	-0.40343
827.864	-0.08445	-0.55288	-0.43869	-0.35168
831.886	-0.04018	-0.49245	-0.55607	-0.42616
835.861	-0.09803	-0.49975	-0.66109	-0.55222
839.867	-0.08619	-0.48102	-0.71851	-0.52632
843.864	-0.08783	-0.62732	-0.62687	-0.52353
847.855	-0.17670	-0.64046	-0.72067	-0.55129
851.867	-0.25723	-0.53585	-0.75801	-0.48152
855.864	-0.30317	-0.40215	-0.87031	-0.51184
859.866	-0.30265	-0.46131	-0.84391	-0.50380
863.866	-0.24974	-0.50544	-0.51830	-0.48674
867.830	-0.16057	-0.53161	-0.53907	-0.41645
871.861	-0.31578	-0.53346	-0.71347	-0.49447
875.864	-0.11523	-0.61683	-0.75841	-0.37305
879.889	-0.22323	-0.56552	-0.74895	-0.29458
883.870	-0.22281	-0.60212	-0.76466	-0.36274
887.864	-0.22189	-0.48611	-0.89614	-0.29708
891.866	-0.23284	-0.43420	-0.88222	-0.20908
895.886	-0.36501	-0.52546	-0.75295	-0.18034
899.864	-0.24383	-0.49175	-0.59238	-0.14372
903.870	-0.07736	-0.45729	-0.35226	-0.06150
907.847	-0.13486	-0.40384	-0.62873	-0.16235
911.840	-0.07353	-0.40352	-0.63640	-0.28088
915.864	-0.13640	-0.43234	-0.70235	-0.27347
919.864	-0.25110	-0.39181	-0.80905	-0.44760
923.867	-0.22011	-0.29192	-0.65369	-0.53783
927.892	-0.15742	-0.27257	-0.45413	-0.49648
931.867	-0.11108	-0.32423	-0.77555	-0.55707
935.866	-0.12421	-0.32095	-0.70950	-0.48799
939.866	-0.06770	-0.26300	-0.62707	-0.46618
943.832	-0.05003	-0.30867	-0.71322	-0.46481
947.863	-0.06693	-0.33693	-0.77873	-0.50955
951.867	-0.07813	-0.38210	-0.82855	-0.37312
955.866	-0.10984	-0.38657	-0.89227	-0.24814
959.889	-0.06728	-0.39062	-0.99171	-0.29039
963.867	-0.04373	-0.38198	-0.99866	-0.28130
967.864	-0.00544	-0.40817	-1.00670	-0.20845
971.832	-0.00102	-0.44531	-0.99410	-0.18870
975.890	-0.01851	-0.39264	-1.01476	-0.16211
979.864	-0.03973	-0.37517	-0.84290	-0.15929
983.868	-0.03065	-0.41189	-1.01074	-0.23297
987.866	-0.02167	-0.36915	-0.92319	-0.23705
991.888	-0.02447	-0.36222	-0.90443	-0.24560
995.864	0.00010	-0.34234	-0.97822	-0.29245
999.865	-0.04812	-0.39221	-0.97780	-0.33489
1003.866	-0.03936	-0.42437	-0.98033	-0.39355
1007.866	-0.08155	-0.43018	-0.95043	-0.38811
1011.866	-0.08120	-0.46044	-0.86148	-0.42072
1015.865	-0.16913	-0.48527	-0.82538	-0.43550
1019.827	-0.21075	-0.51357	-0.80067	-0.46688
1023.867	-0.29702	-0.57399	-0.67141	-0.49768
1027.867	-0.32680	-0.56052	-0.62965	-0.49729
1031.854	-0.26865	-0.56842	-0.55917	-0.50055
1035.829	-0.23177	-0.52793	-0.41296	-0.50163
1039.891	-0.33486	-0.44938	-0.31434	-0.49806
1043.869	-0.23222	-0.44113	-0.59692	-0.49983
1047.866	-0.22053	-0.23249	-0.50545	-0.49265
1051.866	-0.24460	-0.22607	-0.59511	-0.20902
1055.891	-0.00707	-0.28830	-0.52069	-0.41955
1059.868	-0.16122	-0.21303	-0.67089	-0.51356
1063.868	-0.09255	-0.35670	-0.77600	-0.32417
1067.868	-0.23577	-0.27925	-0.70695	-0.34845
1071.894	-0.19129	-0.26091	-0.76461	-0.36000
1075.832	-0.21889	-0.23303	-0.82181	-0.18168
1079.866	-0.14578	-0.34242	-0.88431	-0.25790
1083.872	-0.32704	-0.40468	-0.75754	-0.38699
1087.888	-0.44969	-0.32052	-0.77893	-0.31006
1091.866	-0.51947	-0.46087	-0.72878	-0.23329
1095.865	-0.35055	-0.45117	-0.67829	-0.23868
1099.869	-0.45964	-0.51825	-0.64287	-0.24758
1103.893	-0.39311	-0.61513	-0.52644	-0.26225
1107.868	-0.46713	-0.60871	-0.49661	-0.15075
1111.871	-0.38859	-0.65240	-0.52813	-0.12663
1115.849	-0.16836	-0.60736	-0.57895	-0.05864
1119.839	0.08793	-0.61609	-0.50843	-0.24140
1123.870	-0.16581	-0.56411	-0.41055	-0.26521
1127.864	-0.26058	-0.41388	-0.48167	-0.20361
1131.868	-0.28168	-0.42893	-0.55024	-0.21966
1135.861	-0.08411	-0.20359	-0.63712	-0.34115
1139.870	-0.28888	-0.40632	-0.61605	-0.14596
1143.867	-0.02727	-0.30534	-0.61072	-0.09636
1147.832	-0.23192	-0.12064	-0.66216	-0.21816
1151.864	-0.29054	-0.13090	-0.67886	-0.22131
1155.869	-0.12483	-0.10486	-0.70260	-0.23868
1159.860	-0.10476	-0.01041	-0.68662	-0.33571
1163.869	-0.10476	-0.06205	-0.79407	-0.31110
1167.872	-0.05562	0.10561	-0.85682	-0.37808
1171.867	-0.20301	0.14219	-0.80124	-0.30032
1175.868	-0.12674	0.23860	-0.72568	-0.25528
1179.869	-0.20018	0.04095	-0.84255	-0.24620
1183.860	-0.12878	0.09786	-0.80528	-0.09964
1187.867	-0.17601	0.00236	-0.84275	-0.20928
1191.867	-0.07157	0.26616	-0.84424	-0.25139
1195.871	-0.07986	0.11997	-0.95413	-0.21019
1199.863	-0.12317	0.06098	-0.89892	-0.11372
1203.867	-0.18042	-0.04627	-0.95921	-0.14338
1207.867	-0.21830	0.10775	-0.97417	-0.19750
1211.831	-0.19261	-0.17750	-0.72429	-0.13005
1215.828	1.49557	0.37109	0.19713	-0.07942
1219.872	4.43830	0.20550	1.89644	0.09383
1223.870	6.84874	0.08297	4.82616	-0.02048
1227.868	8.29178	0.15054	5.91933	-0.15309
1231.871	9.34696	0.51683	8.10440	-0.09439
1235.871	11.24700	0.22749	8.34038	0.02090
1239.869	11.33275	0.16319	9.38059	-0.07252
1243.871	12.41561	0.19135	10.12289	0.02282
1247.864	13.34432	0.28881	11.76112	0.13718
1251.869	13.34636	0.41740	11.99367	0.25877
1255.868	12.44903	0.37804	11.76340	0.18822
1259.872	11.95964	0.37138	11.17589	0.21140
1263.862	11.81441	0.41654	10.95308	0.11203
1267.868	11.93170	0.42198	11.07761	0.05506
1271.865	12.30848	0.48635	11.24242	0.08455
1275.870	12.21466	0.43671	11.51683	0.19576
1279.872	12.09909	0.53741	11.75900	0.26271
1283.834	12.17324	0.39396	11.53925	0.19872
1287.870	12.29334	0.50187	11.41154	-0.00076
1291.868	12.36130	0.53513	11.31235	0.09827
1295.864	12.27206	0.46901	11.24550	-0.03341
1299.848	12.17146	0.42100	11.22912	0.04602
1303.870	12.20261	0.40642	11.40367	0.04121
1307.868	12.24787	0.37799	11.42232	-0.06783
1311.833	12.53299	0.45069	11.44590	-0.06376
1315.869	12.65999	0.42164	11.51411	-0.09377
1319.872	12.76841	0.25710	11.52002	-0.06966
1323.852	12.59219	0.33239	11.59806	-0.14164
1327.843	12.72069	0.26600	11.61042	-0.19480
1331.869	12.57775	0.24583	11.58272	-0.25633
1335.870	12.85815	0.10575	11.67353	-0.32541
1339.872	12.57101	-0.06223	11.79760	-0.35097
1343.772	12.80204	0.06244	11.81370	-0.30856
1347.870	12.77211	-0.20260	11.96762	-0.22909
1351.870	12.84838	-0.16239	11.83158	-0.04156
1355.871	13.03974	-0.18781	11.88886	-0.24729
1359.871	12.73805	-0.31208	11.82875	-0.17275
1363.864	13.22399	-0.22715	11.86612	-0.49357
1367.856	12.85451	-0.30697	11.86184	-0.51970
1371.873	12.90777	-0.33687	12.05511	-0.49996
1375.869	13.02120	-0.45865	11.95244	-0.27823
1379.872	12.96232	-0.35168	12.00379	-0.24498
1383.869	12.99809	-0.38442	12.02359	-0.13455
1387.874	13.32259	-0.31884	12.24261	-0.04808
1391.770	13.15600	-0.37427	12.03140	-0.23202
1395.871	13.18541	-0.37379	12.00827	-0.30870
1399.873	13.20562	-0.22261	11.89865	-0.16529
1403.870	13.29937	-0.25043	11.96441	-0.14627
1407.776	13.12561	-0.22441	12.11178	-0.08870
1411.874	13.09176	-0.09865	12.15789	-0.06697
1415.873	13.10676	-0.02875	12.00566	-0.06205
1419.875	13.11627	0.11609	12.05290	-0.06199
1423.875	12.89067	0.03084	12.06883	-0.06255
1427.874	13.14305	-0.13152	12.15085	-0.21819
1431.873	13.30068	0.12454	12.34387	-0.02930
1435.871	13.80594	2.15003	12.68262	1.58469
1439.770	14.38570	2.96679	14.15342	3.72249
1443.831	15.22611	5.45429	14.92744	4.75470
1447.857	15.41914	5.72747	15.88431	5.89279
1451.872	15.90068	7.43082	15.96154	7.50950
1455.772	14.76614	8.64839	15.95248	8.65854
1459.873	15.18698	9.42199	15.42089	9.33902
1463.872	14.83587	10.32917	15.61099	9.70321
1467.872	15.18354	10.64038	15.87076	9.93620
1471.877	15.33848	9.99836	16.14020	10.00756
1475.883	15.20099	9.97078	15.91647	9.43759
1479.872	15.34843	10.14148	16.18290	9.72950
1483.875	15.43339	10.24518	16.19917	9.59253
1487.770	15.26388	10.41565	16.31939	9.86184
1491.870	15.16202	10.63914	16.24139	9.99749
1495.872	15.11280	10.63069	16.34764	10.08390
1499.871	15.17221	10.60695	16.23290	10.15329
1503.770	15.13325	10.68953	16.38700	10.32684
1507.875	15.17302	10.62757	16.38020	10.40274
1511.873	15.15314	10.59022	16.43907	10.22540
1515.875	15.13882	10.66053	16.46144	10.41843
1519.741	15.10140	10.65931	16.49891	10.44262
1523.876	15.14578	10.59167	16.46445	10.40737
1527.876	15.13912	10.43611	16.48652	10.45124
1531.854	15.12072	10.23928	16.47381	10.58278
1535.772	15.32405	10.12295	16.45770	10.50763
1539.874	15.23128	10.31777	16.43985	10.69389
1543.874	15.18837	10.53953	16.43017	10.64380
1547.873	15.21118	10.51093	16.48216	10.60448
1551.779	15.31923	10.30356	16.49225	10.50458
1555.876	15.25919	10.35548	16.45099	10.54199
1559.873	15.23750	10.47014	16.43907	10.61809
1563.875	15.26293	10.26264	16.43882	10.75324
1567.775	15.21978	10.23115	16.46352	10.84762
1571.867	15.23704	10.26155	16.41825	10.90565
1575.874	15.23447	10.23614	16.28574	10.78307
1579.876	15.24690	10.28007	16.31342	10.90408
1583.740	15.27582	10.25244	16.26577	10.71056
1587.876	15.31380	10.28410	16.31036	10.66491
1591.875	15.33086	10.24980	16.36941	10.61978
1595.875	15.29771	10.25322	16.30689	10.75577
1599.772	15.24214	10.25175	16.38648	10.74304
1603.874	15.19930	10.26997	16.46503	10.54453
1607.877	15.26129	10.24565	16.52161	10.61164
1611.875	15.23560	10.33109	16.48191	10.63188
1615.756	15.34764	10.36632	16.55452	10.61049
1619.873	15.43176	10.42534	16.58414	10.61161
1623.873	15.42878	10.37462	16.60285	10.54493
1627.876	15.51525	10.39888	16.59348	10.54679
1631.774	15.59133	10.35883	16.58074	10.56732
1635.876	15.77906	10.34963	16.58083	10.60107
1639.877	15.92354	10.28428	16.57953	10.66569
1643.876	15.89040	10.34708	16.71205	10.70650
1647.775	15.95491	10.31668	16.80316	10.72393
1651.839	15.75532	10.28905	16.67979	10.72187
1655.840	15.97613	10.23611	16.58624	10.44451
1659.876	16.10220	7.83164	16.59709	8.70023
1663.780	16.17118	7.26027	16.61133	5.63054
1667.875	16.26877	4.46905	16.30931	4.36252
1671.878	16.13042	3.39980	15.70167	3.47059
1675.878	16.12987	2.23758	15.03223	2.62014
1679.776	16.22961	0.33462	14.72754	0.44176
1683.874	16.00149	-1.30325	14.70342	-0.93739
1687.884	15.77759	-2.62180	14.77688	-1.20835
1691.876	15.83577	-2.98846	14.61092	-3.04618
1695.774	15.88718	-4.40867	15.31992	-3.37568
1699.842	15.85416	-4.73619	14.66229	-3.72330
1703.875	15.91555	-6.65433	14.62993	-5.47364
1707.715	15.81029	-7.43749	14.64368	-5.52604
1711.750	15.74798	-8.19326	14.48220	-5.87181
1715.749	15.50903	-8.47105	14.36430	-6.14836
1719.766	15.13908	-8.73177	14.43149	-6.02039
1723.751	15.14865	-8.79295	14.45502	-6.30775
1727.745	14.70862	-9.01956	14.36826	-6.23374
1731.752	14.74750	-8.95728	14.16226	-6.25397
1735.751	14.50153	-8.96922	14.21439	-6.22512
1739.751	14.51444	-9.16937	14.18039	-6.41706
1743.881	14.60946	-9.25419	14.19231	-6.49201
1747.743	14.56604	-9.38690	14.13188	-6.62208
1751.753	14.37291	-9.41048	14.18955	-6.57672
1755.750	14.38230	-9.39943	14.06338	-6.71054
1759.751	14.44006	-9.49429	14.04638	-6.78249
1763.752	14.28410	-9.53739	13.93447	-6.90683
1767.756	14.23832	-9.58242	13.81399	-6.99743
1771.752	14.14154	-9.60977	13.76249	-7.10108
1775.744	14.12793	-9.73538	13.57673	-7.12955
1779.757	14.16541	-9.75002	13.93146	-7.16420
1783.758	14.19259	-9.70336	13.96928	-7.16622
1787.731	13.99188	-9.62013	14.15013	-7.08723
1791.774	13.87134	-9.51061	14.14875	-7.06566
1795.752	13.70893	-9.40988	14.46247	-7.10644
1799.743	13.75584	-9.39269	14.34655	-7.13295
1803.767	13.46000	-9.28028	14.48013	-7.08562
1807.744	13.59701	-9.22562	14.44266	-6.86926
1811.753	13.57921	-9.16216	14.43319	-6.92694
1815.753	13.41188	-9.12338	14.55972	-6.85741
1819.754	13.56969	-9.04887	14.57652	-6.81344
1823.755	13.50912	-9.00072	14.63867	-6.79508
1827.733	13.52491	-8.96858	14.67400	-6.80535
1831.750	13.62024	-8.98160	14.58557	-6.80377
1835.717	13.53395	-8.99697	14.58048	-6.81599
1839.747	13.60763	-9.09532	14.45095	-6.81316
1843.754	13.67056	-9.16297	14.45230	-6.84247
1847.714	13.71385	-9.32737	14.45123	-6.92044
1851.756	13.73083	-9.49238	14.29923	-6.98206
1855.747	13.91219	-9.55197	14.17318	-7.07485
1859.753	13.89482	-9.80910	14.08622	-7.16559
1863.755	14.03825	-9.82547	14.10503	-7.23603
1867.755	13.94146	-9.83119	14.06415	-7.23344
1871.744	14.23193	-9.79238	14.02564	-7.31321
1875.754	14.13339	-9.90631	14.10335	-7.21364
1879.718	13.91844	-9.50637	14.02716	-7.29051
1883.754	13.88050	-9.26093	14.02459	-7.30841
1887.748	13.65181	-9.13998	14.20108	-7.25740
1891.759	13.85152	-8.80365	13.98106	-6.98552
1895.715	13.51253	-8.59009	13.88570	-6.70194
1899.752	13.42768	-9.19252	13.92884	-6.84395
1903.748	13.98903	-9.12315	13.62252	-6.79820
1907.755	17.63651	-9.62188	7.75122	-7.80295
1911.734	19.67387	-6.55121	18.39632	-5.58048
1915.758	20.02808	-6.80601	20.61745	-4.93263
1919.753	21.68775	-6.19297	21.85833	-4.57766
1923.755	22.29042	-3.60971	22.40453	-3.30128
1927.753	22.31037	-3.32280	22.97753	-1.14128
1931.755	22.70123	1.03287	7.96595	2.06197
1935.746	-19.99372	-12.06641	NaN	NaN
1939.756	-19.99372	-12.07209	NaN	NaN
1943.721	-19.99372	-12.07401	NaN	NaN
1947.759	-19.99372	-12.07497	NaN	NaN
1951.768	NaN	NaN	NaN	NaN
1955.713	NaN	NaN	NaN	NaN
1959.716	NaN	NaN	NaN	NaN
1963.718	NaN	NaN	NaN	NaN
1967.753	NaN	NaN	NaN	NaN
1971.756	NaN	NaN	NaN	NaN
1975.754	NaN	NaN	NaN	NaN
1979.754	NaN	NaN	NaN	NaN
1983.752	NaN	NaN	NaN	NaN
1987.755	NaN	NaN	NaN	NaN
1991.751	NaN	NaN	NaN	NaN
1995.719	NaN	NaN	NaN	NaN
1999.756	NaN	NaN	NaN	NaN
2003.756	NaN	NaN	NaN	NaN
2007.756	NaN	NaN	NaN	NaN
2011.720	NaN	NaN	NaN	NaN
2015.786	NaN	NaN	NaN	NaN
2019.721	NaN	NaN	NaN	NaN
2023.757	NaN	NaN	NaN	NaN
2027.756	NaN	NaN	NaN	NaN
2031.760	NaN	NaN	NaN	NaN
2035.742	NaN	NaN	NaN	NaN
2039.754	NaN	NaN	NaN	NaN
2043.760	NaN	NaN	NaN	NaN
2047.755	NaN	NaN	NaN	NaN
2051.758	NaN	NaN	NaN	NaN
2055.753	NaN	NaN	NaN	NaN
2059.718	NaN	NaN	NaN	NaN
2063.782	NaN	NaN	NaN	NaN
2067.757	NaN	NaN	NaN	NaN
2071.756	NaN	NaN	NaN	NaN
2075.756	NaN	NaN	NaN	NaN
2079.754	NaN	NaN	NaN	NaN
2083.754	NaN	NaN	NaN	NaN
2087.757	NaN	NaN	NaN	NaN
2091.759	NaN	NaN	NaN	NaN
2095.758	NaN	NaN	NaN	NaN
2099.758	NaN	NaN	NaN	NaN
2103.753	NaN	NaN	NaN	NaN
2107.757	NaN	NaN	NaN	NaN
2111.757	-15.84750	-2.61737	NaN	NaN
2115.759	-16.01060	-2.41380	NaN	NaN
2119.753	-16.02788	-1.94254	-17.86573	-0.80701
2123.757	-4.56585	5.62618	-17.70579	-2.71020
2127.757	-4.30800	-8.50150	-17.47642	-5.10648
2131.757	-4.58022	-8.47297	-5.28301	-7.08843
2135.758	-4.43310	-9.86087	-4.81966	-8.02299
2139.756	-4.51647	-11.71936	-4.84255	-8.36776
2143.760	-5.37074	-10.48028	-5.00381	-8.07828
2147.722	-7.09847	-9.86899	-13.02497	-7.61900
2151.754	-9.21950	-9.73906	-12.60370	-7.72828
2155.757	-9.79592	-8.37128	-12.20148	-7.21138
2159.720	-10.83496	-7.44717	-10.99788	-7.34483
2163.758	-10.82952	-7.70864	-11.26717	-7.33855
2167.758	-10.29426	-11.48437	-11.22821	-7.49592
2171.759	-10.00006	-7.53572	-11.49948	-7.41448
2175.759	-9.91127	-7.54826	-11.42580	-7.55625
2179.759	-11.15310	-8.01356	-10.96514	-7.58183
2183.779	-11.11208	-7.90748	-11.25734	-7.49775
2187.757	-11.21584	-7.74747	-11.29140	-7.64840
2191.761	-10.63478	-7.95386	-11.24798	-7.72051
2195.760	-10.83223	-7.60779	-11.29963	-7.75462
2199.761	-10.96636	-7.37814	-11.18312	-7.74300
2203.760	-10.76968	-7.70934	-11.25536	-7.72596
2207.758	-10.91562	-7.89960	-11.30498	-7.69114
2211.760	-11.08125	-8.25950	-11.35745	-7.65852
2215.757	-11.18785	-8.55121	-11.46404	-7.58695
2219.760	-11.08780	-8.48303	-11.55045	-7.49875
2223.760	-10.92322	-8.01960	-11.49464	-7.37878
2227.760	-11.06566	-8.23991	-11.25588	-7.43425
2231.762	-11.15384	-8.48443	-11.23492	-7.46378
2235.758	-11.14964	-8.47637	-11.37472	-7.46832
2239.761	-11.09437	-8.10238	-11.27128	-7.45199
2243.745	-11.10111	-8.07552	-11.33354	-7.50817
2247.761	-10.98114	-7.47564	-11.58701	-7.54054
2251.762	-10.91511	-8.15096	-11.45705	-7.42588
2255.760	-10.92949	-8.21227	-11.40021	-7.45665
2259.759	-10.90236	-8.30064	-11.26820	-7.57256
2263.764	-10.96208	-8.35194	-11.23647	-7.68642
2267.759	-10.97932	-8.33076	-11.21207	-7.74726
2271.759	-11.00556	-8.38210	-11.28775	-7.80350
2275.723	-11.01443	-8.30668	-11.23568	-7.82332
2279.767	-11.02983	-8.24611	-11.09403	-7.95368
2283.759	-11.05342	-8.19128	-11.14808	-7.96671
2287.759	-11.07534	-8.04964	-11.24428	-8.05656
2291.763	-11.11948	-8.11689	-11.13590	-8.05846
2295.764	-11.17706	-7.87928	-11.12159	-8.09564
2299.718	-11.15936	-7.82234	-11.26851	-8.09242
2303.761	-10.95581	-7.55879	-11.26810	-8.09210
2307.760	-10.96968	-7.62965	-11.30639	-7.95676
2311.764	-10.72913	-7.66244	-11.39837	-7.87169
2315.758	-10.84896	-7.71431	-11.33292	-7.84851
2319.758	-10.71063	-7.72651	-11.40989	-7.78313
2323.762	-10.75713	-7.91484	-11.34848	-7.88572
2327.754	-10.79171	-8.27539	-11.32602	-7.94200
2331.763	-10.82330	-8.77045	-11.24652	-7.87658
2335.761	-10.82052	-8.90887	-11.31858	-7.80657
2339.761	-10.83448	-9.04345	-11.20032	-8.01898
2343.764	-10.75488	-9.06640	-11.16600	-7.98198
2347.759	-10.87211	-9.03488	-11.17515	-8.05438
2351.762	-10.90631	-9.13992	-11.00309	-7.92376
2355.764	-10.99724	-9.35825	-10.96727	-7.98927
2359.761	-11.09066	-9.40010	-11.02256	-7.98047
2363.761	-11.15924	-9.31421	-10.93990	-8.06286
2367.749	-11.15800	-9.09275	-10.96291	-8.04450
2371.754	-11.16624	-9.02415	-11.01110	-8.06649
2375.760	-11.10421	-8.27958	-10.96944	-7.94377
2379.762	-11.05942	-8.00034	-10.98882	-7.95965
2383.762	-10.99554	-8.06113	-11.02966	-7.94370
2387.761	-11.04788	-8.43478	-11.17887	-7.83175
2391.756	-11.03406	-7.49959	-11.26290	-6.80876
2395.761	-10.99427	-4.88567	-11.62897	-5.75220
2399.765	-11.13640	-4.30689	-11.83840	-3.63559
2403.762	-11.08873	-2.40395	-12.20830	-3.07341
2407.764	-11.35069	-1.06930	-12.19519	-1.63980
2411.734	-11.60327	0.83139	-12.01955	-0.94764
2415.761	-11.28527	1.28331	-12.06503	-0.41242
2419.760	-11.29486	1.37418	-11.90497	0.07805
2423.754	-11.23757	1.29802	-12.21933	-0.01265
2427.763	-11.68810	1.11803	-12.30192	-0.43205
2431.761	-11.79301	0.57754	-12.63976	-0.26402
2435.764	-11.90500	0.89048	-12.76220	-0.32957
2439.762	-12.04519	0.99935	-12.77839	-0.12059
2443.726	-12.01032	1.26993	-12.67870	-0.03295
2447.765	-11.98199	1.48419	-12.60661	0.10978
2451.747	-12.04785	1.52400	-12.49441	0.14086
2455.663	-12.00804	1.64813	-12.64922	0.06491
2459.762	-11.97113	1.33193	-12.74237	0.15761
2463.766	-11.90131	1.34209	-12.78163	0.03926
2467.764	-11.87505	1.51304	-12.80261	-0.01934
2471.663	-12.07557	1.72114	-12.86657	-0.01960
2475.765	-12.09842	1.77333	-12.75880	-0.10756
2479.764	-11.97945	1.72389	-12.67820	0.00267
2483.761	-12.06546	1.71397	-12.63100	0.02437
2487.664	-11.95505	1.63983	-12.72612	0.19825
2491.767	-11.99322	1.55552	-12.74870	0.29241
2495.757	-11.94698	1.45421	-12.81257	0.56232
2499.762	-11.91581	1.40143	-12.83604	0.41422
2503.766	-12.00797	1.51485	-12.84503	0.21373
2507.764	-11.96292	1.63493	-12.83751	0.23448
2511.764	-11.97581	1.65584	-12.90690	0.29647
2515.762	-12.02940	1.49634	-12.85999	0.50192
2519.637	-12.03249	1.47901	-12.83654	0.43639
2523.763	-12.12917	1.55381	-12.84196	0.49995
2527.764	-12.21274	1.56523	-12.79236	0.45692
2531.766	-12.17127	1.56512	-12.77301	0.38968
2535.678	-12.06862	1.55081	-12.78731	0.40519
2539.764	-12.02266	1.62942	-12.76376	0.34767
2543.766	-11.93132	1.68956	-12.75035	0.35169
2547.763	-11.75857	1.65988	-12.74497	0.39360
2551.769	-11.79674	1.59813	-12.72820	0.45240
2555.763	-11.80255	1.63382	-12.68224	0.41428
2559.765	-11.84991	1.76636	-12.65659	0.36852
2563.765	-11.78190	1.84184	-12.68047	0.36735
2567.767	-11.88190	1.83179	-12.70381	0.35832
2571.768	-11.74285	1.84181	-12.75160	0.40258
2575.763	-11.79584	1.94185	-12.77351	0.39797
2579.757	-11.82478	1.95100	-12.71623	0.54666
2583.647	-11.86365	1.97516	-12.67367	0.65603
2587.764	-11.90908	1.92067	-12.56146	0.73644
2591.765	-11.91265	1.85023	-12.40143	0.75888
2595.768	-11.93907	1.91883	-12.37245	0.83296
2599.662	-12.02769	1.89931	-12.39132	0.68446
2603.768	-12.05551	1.78837	-12.40777	0.58265
2607.766	-12.05236	1.80823	-12.58829	0.67926
2611.765	-12.20740	1.67406	-12.66998	0.56795
2615.770	-12.09237	1.69289	-12.53651	0.78584
2619.737	-12.00977	1.68122	-12.24310	0.74604
2623.764	-9.46713	1.57572	-10.92473	0.58758
2627.763	-6.62165	1.58864	-8.16994	0.75356
2631.768	-2.97893	0.59600	-6.56449	0.52827
2635.763	-2.32367	0.23898	-4.83533	0.53860
2639.764	-2.19028	0.01587	-4.44186	0.40994
2643.765	-1.49557	-0.09040	-2.41477	0.36622
2647.768	-0.93850	-0.03285	-2.42213	0.39380
2651.766	-1.05691	1.08765	-2.48121	0.36906
2655.767	-1.21688	0.16526	-3.07622	0.46043
2659.767	-1.96437	0.06911	-3.49535	0.34872
2663.768	-1.78724	0.33478	-3.22804	0.20021
2667.767	-0.92252	-0.00325	-2.49709	0.03793
2671.768	-0.88649	-0.02445	-2.14228	0.07385
2675.765	-0.73126	-0.03061	-2.13001	-0.09776
2679.769	-0.86327	0.00621	-2.12634	-0.06692
2683.767	-1.45874	0.10538	-2.22059	-0.10394
2687.768	-1.58272	0.08932	-2.24812	-0.07437
2691.778	-1.47159	0.08640	-2.05596	-0.01011
2695.771	-1.54939	-0.05820	-2.12771	0.15950
2699.763	-1.52178	-0.01962	-2.13767	0.11830
2703.766	-1.58202	-0.07365	-2.24946	0.02905
2707.768	-1.52930	-0.23504	-2.16870	0.05284
2711.769	-1.49006	-0.20484	-2.20317	0.02133
2715.766	-1.50924	-0.15754	-2.19975	0.13853
2719.765	-1.49870	0.08868	-1.93851	0.14665
2723.769	-1.49555	0.15399	-1.92062	0.18321
2727.768	-1.43850	-0.01577	-1.80216	0.17006
2731.766	-1.42486	0.10448	-1.81949	0.18225
2735.765	-1.41330	0.09529	-1.72857	0.15504
2739.767	-1.36697	0.07704	-1.76123	0.15916
2743.636	-1.32203	-0.10906	-1.82730	0.10690
2747.630	-1.28812	-0.03903	-1.82715	0.12582
2751.635	-1.21333	0.19097	-1.86142	0.17268
2755.641	-1.19971	0.20811	-1.94664	0.18701
2759.642	-1.20338	0.13142	-2.14099	0.13489
2763.641	-1.25959	0.06335	-2.48678	0.16869
2767.645	-1.27390	0.04181	-1.79760	0.13198
2771.642	-1.28120	0.05229	-2.01637	0.15899
2775.643	-1.19800	0.03771	-2.09343	0.16519
2779.606	-1.18929	0.09406	-2.28177	0.13701
2783.645	-1.28303	-0.00619	-2.43840	0.05164
2787.643	-1.28551	0.00089	-2.11980	0.06094
2791.636	-1.30357	0.01771	-2.08491	0.04795
2795.651	-1.34150	-0.10931	-2.13071	-0.00092
2799.648	-1.36303	-0.10446	-2.05915	-0.04649
2803.642	-1.31558	-0.17487	-2.00242	-0.10830
2807.664	-1.31530	-0.01704	-1.94570	-0.17628
2811.644	-1.30236	-0.07351	-2.01208	-0.12084
2815.643	-1.33671	-0.02012	-1.98199	-0.16435
2819.642	-1.33289	-0.09922	-1.96804	-0.15164
2823.666	-1.34467	-0.16475	-1.95505	-0.20424
2827.644	-1.23342	0.07041	-1.96908	-0.14374
2831.631	-1.19681	0.14397	-2.03305	-0.13194
2835.639	-1.19046	0.09498	-2.06466	-0.09193
2839.635	-1.16265	0.21381	-2.18964	-0.07395
2843.643	-1.15550	0.30926	-2.24683	-0.01969
2847.604	-1.16756	0.30339	-2.29317	0.08901
2851.647	-1.15535	0.30933	-2.34731	0.11841
2855.668	-1.17652	0.30637	-2.41918	0.16269
2859.644	-1.17096	0.30801	-2.42919	0.19909
2863.647	-1.20824	0.39441	-2.42312	0.25400
2867.648	-1.17503	0.33415	-2.41772	0.27717
2871.669	-1.16419	0.31234	-2.38831	0.29989
2875.639	-1.20487	0.31839	-2.31601	0.28645
2879.646	-1.19209	0.25278	-2.38905	0.28450
2883.644	-1.18693	0.29532	-2.34436	0.28987
2887.671	-1.21082	0.20352	-2.31490	0.31500
2891.645	-1.17823	0.20563	-2.09621	0.32702
2895.651	-1.21311	0.13880	-2.14620	0.28181
2899.658	-1.25771	0.18165	-2.22002	0.26829
2903.669	-1.25116	0.19373	-2.20691	0.30494
2907.643	-1.23082	0.21850	-2.22991	0.24291
2911.644	-1.23938	0.21388	-2.25781	0.17805
2915.616	-1.17892	0.32046	-2.25699	0.05914
2919.668	-1.23680	0.32778	-2.30972	-0.00243
2923.644	-1.21430	0.45050	-2.20758	0.10670
2927.647	-1.21092	0.46993	-2.21660	0.18089
2931.643	-1.20321	0.33233	-2.26718	0.27968
2935.640	-1.09921	0.43032	-2.25575	0.26367
2939.646	-1.10202	0.41090	-2.30722	0.02468
2943.608	-1.10710	0.48838	-2.24584	-0.02503
2947.648	-1.08701	0.36946	-2.22022	0.14998
2951.646	-1.05424	0.33088	-2.21110	0.25784
2955.627	-1.00511	0.40030	-2.30246	0.15377
2959.646	-1.05959	0.39272	-2.27067	0.15715
2963.609	-1.08745	0.34941	-2.30645	0.11046
2967.671	-1.06461	0.21739	-2.34312	0.17047
2971.647	-1.16461	0.08494	-2.35167	0.18710
2975.646	-1.21596	0.11699	-2.24056	-0.03017
2979.648	-1.21839	0.07714	-2.23370	-0.11668
2983.647	-1.24322	0.06338	-2.23858	-0.01718
2987.645	-1.19557	-0.00579	-2.20557	-0.05229
2991.646	-1.17962	-0.02040	-2.15078	-0.04390
2995.650	-1.23327	0.02802	-2.09990	-0.06288
2999.639	-1.27234	-0.06052	-2.07194	-0.07403
3003.649	-1.10001	-0.13940	-2.02366	-0.11577
3007.610	0.22296	-0.25766	-1.05337	-0.01200
3011.647	2.35605	-0.71084	0.51272	-0.34141
3015.672	4.58190	-2.40158	2.17195	-1.05623
3019.644	4.77601	-1.99911	2.63623	-1.67073
3023.647	4.75489	-2.51536	2.73477	-1.59611
3027.646	4.76909	-2.79092	4.05443	-1.90029
3031.670	4.89089	-2.77622	4.14302	-1.78787
3035.647	4.97999	-2.92236	3.20874	-1.59248
3039.646	4.99251	-2.94408	3.38580	-1.68527
3043.647	4.99783	-3.10451	3.44164	-1.72075
3047.675	5.05762	-3.17844	3.67771	-1.81490
3051.643	5.09441	-3.03895	3.81696	-1.96829
3055.645	5.06188	-3.10213	3.80725	-1.95353
3059.648	5.12994	-3.15252	3.85392	-2.02875
3063.676	5.13282	-3.17269	3.76099	-2.10683
3067.646	5.16034	-3.26745	3.79843	-2.17188
3071.647	5.13845	-3.33969	3.74982	-2.27604
3075.652	5.12088	-3.35979	3.67311	-2.23967
3079.649	5.09973	-3.33526	3.65465	-2.25610
3083.640	5.10160	-3.41021	3.72437	-2.37250
3087.649	5.08522	-3.34781	3.70302	-2.36744
3091.649	5.08441	-3.28420	3.72625	-2.37757
3095.673	5.03900	-3.26918	3.70084	-2.35403
3099.649	5.02844	-3.18818	3.70114	-2.32021
3103.648	4.99820	-3.12539	3.71031	-2.28421
3107.650	4.92184	-3.01052	3.80713	-2.27265
3111.670	4.90245	-3.08079	3.85128	-2.17492
3115.647	4.89240	-3.01210	3.88147	-2.09940
3119.649	4.90728	-2.95399	3.95335	-2.03079
3123.623	4.89676	-2.79064	3.97573	-2.08409
3127.652	4.93802	-2.55918	3.94982	-2.04647
3131.650	4.92110	-2.52455	3.94312	-1.99150
3135.646	4.79092	-2.35516	3.93833	-1.88060
3139.649	4.89306	-2.85480	3.95034	-1.92433
3143.674	4.90967	-2.93338	3.97973	-1.92948
3147.649	4.97632	-2.89267	3.94216	-2.03820
3151.650	4.94898	-2.68483	3.89397	-2.01828
3155.648	4.96135	-2.63360	3.82069	-1.97896
3159.671	4.96657	-2.69237	3.83557	-1.98063
3163.648	4.83040	-2.61200	3.85409	-1.98269
3167.640	4.66083	-2.40257	3.81461	-1.96065
3171.649	4.73281	-2.41558	3.87475	-2.04750
3175.674	4.75691	-2.44824	3.89224	-2.13305
3179.649	4.86032	-2.47602	3.90746	-2.09661
3183.650	4.80606	-2.25083	3.86541	-2.06557
3187.649	4.82907	-2.33611	3.87418	-2.01831
3191.673	4.71772	-2.24775	3.83235	-1.88745
3195.649	4.67372	-2.21644	3.87023	-1.80484
3199.650	4.59273	-2.10346	3.84989	-1.75666
3203.651	4.55127	-2.21336	3.81923	-1.71362
3207.672	4.57352	-2.14913	3.84938	-1.81975
3211.651	4.56101	-2.19243	3.83354	-1.85413
3215.613	4.55502	-2.09976	3.80320	-1.77283
3219.650	4.61053	-2.05745	3.76211	-1.78295
3223.653	4.54432	-2.06387	3.76492	-1.81874
3227.648	4.53347	-1.82721	3.71028	-1.78610
3231.649	4.48239	-1.88391	3.70551	-1.67477
3235.649	4.51470	-1.61397	3.65336	-1.74529
3239.650	4.54323	-1.73476	3.55726	-1.72580
3243.650	4.52367	-1.85485	3.58331	-1.79336
3247.630	4.55722	-1.91287	3.83403	-1.85319
3251.650	4.56577	-2.04741	3.73018	-1.90959
3255.651	4.66139	-1.93846	3.81926	-1.95910
3259.649	4.65656	-2.03194	3.89547	-1.96804
3263.648	4.76529	-1.94965	3.99502	-2.00749
3267.652	4.78247	-1.95217	3.98474	-2.08360
3271.654	4.80293	-2.10666	4.03478	-2.08671
3275.649	4.81939	-2.11662	4.02468	-2.10471
3279.650	4.81527	-2.22850	4.04031	-2.20452
3283.617	4.78641	-2.22629	4.06937	-2.25943
3287.655	4.84644	-2.31672	4.14589	-2.30059
3291.643	4.82678	-2.38890	4.08187	-2.31045
3295.650	4.82560	-2.31964	4.03737	-2.34129
3299.649	4.74548	-2.35637	3.98919	-2.32856
3303.655	4.73162	-2.28047	3.96202	-2.30903
3307.651	4.64127	-2.32908	3.86450	-2.31658
3311.654	4.57835	-2.29294	3.84518	-2.26665
3315.650	4.53749	-2.24949	3.84844	-2.31422
3319.657	4.48340	-2.18554	3.76957	-2.27512
3323.654	4.44307	-2.15152	3.81293	-2.22908
3327.652	4.49970	-2.16211	3.77533	-2.15265
3331.626	4.42673	-2.03402	3.77770	-2.13655
3335.617	4.45222	-1.86476	3.74953	-2.11379
3339.653	4.44112	-1.86573	3.78472	-2.08211
3343.615	4.47891	-1.80416	3.80809	-2.06323
3347.650	4.48061	-1.75550	3.84698	-2.12566
3351.654	4.49077	-1.78315	3.89125	-2.03411
3355.653	4.53322	-1.76597	3.85916	-2.05437
3359.653	4.63967	-1.71780	4.35815	-2.05556
3363.651	6.80905	-1.92502	5.29098	-2.09460
3367.657	8.87309	-2.05094	8.10554	-2.01308
3371.652	9.87044	-2.28933	8.84181	-1.98978
3375.651	12.19747	-2.63208	10.32169	-1.91520
3379.650	12.39923	-2.57000	11.48323	-2.07778
3383.657	13.88485	-2.56139	12.69474	-1.99487
3387.654	13.37996	-2.29824	13.26638	-1.91699
3391.651	14.07508	-2.41087	13.49106	-1.79003
3395.653	14.26340	-2.54228	13.70966	-1.83391
3399.661	14.06679	-2.64565	13.70181	-1.81051
3403.618	14.24716	-2.71493	13.71872	-1.81785
3407.657	14.31300	-2.78779	13.71242	-1.79178
3411.658	14.38663	-2.83548	13.88960	-1.83893
3415.655	14.80331	-2.75467	14.11545	-1.95323
3419.617	14.54560	-2.88393	14.14868	-2.06925
3423.655	14.53870	-2.92531	14.20635	-2.13544
3427.616	14.54651	-2.92922	14.15713	-2.31963
3431.654	14.50753	-2.99943	14.20910	-2.43080
3435.652	14.57232	-3.04817	14.25695	-2.62083
3439.655	14.59421	-3.14807	14.29580	-2.68628
3443.650	14.63637	-3.17695	14.37822	-2.75067
3447.653	14.61557	-3.26596	14.46880	-2.74269
3451.656	14.62129	-3.31409	14.46601	-2.81774
3455.634	14.67834	-3.47715	14.51551	-2.81308
3459.653	14.59008	-3.60067	14.45812	-2.82262
3463.655	14.56720	-3.61041	14.34054	-2.82232
3467.655	14.52853	-3.78076	14.22783	-2.76991
3471.655	14.52686	-3.69140	14.22999	-2.87301
3475.653	14.56767	-3.58554	14.17873	-2.91214
3479.659	14.57697	-3.55032	14.32973	-2.94919
3483.652	14.58375	-3.55100	14.12595	-2.93158
3487.617	14.57211	-3.48125	13.97384	-2.74369
3491.656	14.66113	-3.66437	13.84899	-2.68015
3495.655	14.67249	-3.84512	13.90862	-2.74242
3499.648	14.66452	-3.84403	13.85672	-2.50820
3503.652	14.68131	-3.69906	13.79559	-2.68794
3507.654	14.73316	-3.68677	13.80187	-2.59458
3511.658	14.77201	-3.56734	13.74392	-2.65736
3515.653	14.86660	-3.85962	13.72809	-2.52394
3519.653	14.88183	-3.82213	13.69600	-2.51383
3523.656	14.93624	-3.85546	13.75385	-2.46763
3527.551	14.93490	-3.89294	13.72727	-2.41858
3531.656	14.92917	-4.02043	13.74910	-2.39725
3535.669	14.96541	-3.95946	13.76479	-2.41605
3539.628	14.98715	-3.99403	13.76242	-2.42089
3543.654	14.98924	-3.94896	13.71245	-2.40119
3547.653	15.04640	-3.93124	13.73767	-2.39214
3551.652	15.09999	-3.94539	13.69005	-2.35572
3555.617	14.98748	-4.03250	13.68811	-2.36671
3559.656	14.99417	-4.03481	13.68511	-2.38038
3563.654	14.91420	-4.08522	13.74060	-2.35172
3567.655	15.02580	-4.09031	13.80840	-2.31548
3571.657	15.11912	-3.89367	13.88355	-2.32945
3575.659	15.14454	-3.77073	13.96257	-2.34243
3579.638	15.11514	-3.83906	13.94146	-2.34067
3583.651	15.10209	-3.60090	14.04801	-2.33265
3587.654	15.08134	-3.49087	14.05988	-2.38299
3591.657	15.07944	-3.51959	14.07167	-2.41595
3595.656	15.05142	-3.49813	14.15393	-2.46677
3599.659	15.14673	-3.37828	14.21479	-2.42175
3603.655	15.19373	-3.56093	14.31027	-2.50948
3607.658	15.23840	-3.67254	14.42386	-2.48954
3611.659	15.20298	-3.54747	14.34117	-2.52807
3615.656	15.13542	-3.58968	14.39240	-2.54692
3619.654	14.96524	-3.60956	14.38225	-2.58533
3623.622	15.01218	-3.50570	14.40370	-3.04348
3627.655	14.92876	-3.60226	14.36886	-3.06474
3631.655	14.83047	-3.51464	14.34983	-2.99826
3635.655	14.70762	-3.69055	14.33497	-2.98413
3639.658	14.57520	-3.69541	14.23505	-2.90975
3643.620	14.60811	-3.78180	14.15813	-2.88611
3647.616	14.79767	-3.99612	14.20765	-2.91712
3651.655	15.21578	-3.93997	14.14609	-2.77418
3655.660	14.89418	-4.03838	14.10599	-2.80782
3659.658	15.03878	-4.01993	14.06263	-2.81893
3663.635	15.09548	-4.02550	14.12705	-2.68689
3667.657	15.27180	-4.04379	14.28107	-2.79503
3671.659	15.41783	-4.08907	14.57904	-2.79469
3675.654	15.44024	-4.14086	14.62270	-2.79200
3679.655	15.44725	-4.36165	14.58824	-2.72614
3683.654	15.31468	-4.40626	14.71849	-2.73086
3687.658	15.27975	-4.54253	14.69813	-2.79180
3691.656	15.39042	-4.61364	14.85635	-2.86470
3695.656	15.35337	-4.49745	14.88078	-2.90807
3699.663	15.40039	-4.45604	14.91369	-2.87335
3703.654	14.83497	-4.44267	14.77073	-3.00080
3707.620	14.33341	-4.56502	12.03315	-3.09159
3711.658	12.15853	-4.26686	11.11564	-3.10326
3715.620	11.56910	-4.57100	8.90955	-3.12497
3719.659	9.68486	-4.28538	8.03153	-3.20993
3723.658	9.01748	-4.44490	6.70286	-3.22836
3727.657	7.34480	-4.09514	6.02313	-3.30541
3731.657	8.03239	-4.13715	6.04588	-3.29653
3735.661	8.62724	-3.97490	6.65887	-3.33278
3739.661	8.77334	-3.90697	7.15682	-3.30152
3743.623	8.42143	-4.02234	6.98592	-3.34610
3747.633	7.69215	-4.17355	6.57193	-3.34385
3751.661	7.57605	-4.31939	6.38913	-3.30113
3755.658	7.37023	-4.28628	5.95270	-3.33160
3759.620	7.73000	-4.26573	5.94479	-3.33271
3763.656	7.81583	-4.32121	5.67627	-3.18981
3767.659	7.85575	-4.28609	5.76249	-3.20952
3771.659	7.69027	-4.42586	5.96058	-3.17034
3775.659	7.58047	-4.33992	6.00133	-3.09498
3779.534	7.43576	-4.32609	6.40815	-3.10762
3783.559	7.56308	-4.40330	6.05486	-3.19268
3787.531	7.46416	-4.48757	6.27221	-3.30298
3791.532	7.49829	-4.50881	6.13073	-3.53034
3795.499	7.44047	-4.53269	6.43008	-3.47722
3799.505	7.53135	-4.29833	6.40945	-3.22996
3803.535	7.46333	-4.27258	6.36562	-3.35757
3807.532	7.46206	-4.14583	6.49195	-3.36960
3811.536	7.37013	-3.88790	6.43432	-3.27327
3815.525	7.31108	-4.24871	6.36949	-3.37639
3819.534	7.29636	-4.11005	6.39077	-3.24300
3823.536	7.21381	-3.99071	6.34809	-3.33597
3827.498	7.22942	-3.97512	6.32225	-3.25562
3831.565	7.13495	-3.92517	6.33110	-3.33458
3835.496	7.10304	-3.96714	6.42459	-3.30292
3839.535	7.13089	-4.02193	6.35329	-3.30355
3843.536	7.15005	-4.01570	6.38003	-3.33584
3847.509	7.11794	-3.97886	6.41096	-3.32434
3851.535	7.11777	-4.08064	6.47860	-3.34245
3855.534	7.16165	-4.04345	6.36361	-3.44866
3859.532	7.11318	-4.11465	6.41342	-3.47903
3863.557	7.09424	-4.15108	6.36133	-3.36348
3867.536	7.07373	-4.13922	6.36275	-3.41510
3871.534	7.07979	-4.21773	6.43351	-3.31465
3875.524	7.15462	-4.49373	6.53921	-3.40400
3879.534	7.20700	-4.32813	6.64555	-3.33076
3883.535	7.10604	-4.36481	6.57742	-3.21897
3887.535	7.07532	-4.20857	6.54278	-3.20009
3891.535	7.07334	-4.15095	6.49193	-3.26005
3895.558	7.09475	-4.20190	6.46137	-3.29082
3899.536	7.04912	-4.17631	6.47843	-3.27271
3903.539	7.08417	-4.01041	6.46537	-3.26734
3907.533	7.11479	-3.89896	6.48311	-3.32404
3911.557	7.11034	-4.01156	6.50646	-3.33516
3915.535	7.11450	-3.84194	6.43140	-3.32733
3919.511	7.08837	-3.75056	6.41913	-3.30699
3923.536	7.05660	-3.90296	6.35106	-3.19433
3927.560	7.12547	-3.90853	6.34241	-3.29173
3931.535	7.14817	-4.34384	6.42675	-3.30285
3935.538	7.12923	-3.98760	6.38761	-3.28204
3939.538	7.02504	-3.92291	6.41699	-3.21155
3943.560	6.94015	-3.74131	6.38366	-3.03660
3947.537	7.00362	-3.64433	6.33223	-2.92900
3951.538	6.98729	-3.79268	6.31992	-3.00673
3955.540	6.93472	-3.61680	6.32559	-2.94670
3959.501	6.91706	-3.71395	6.30036	-2.87646
3963.533	6.84174	-3.64041	6.24219	-2.83008
3967.537	6.82393	-3.54922	6.24548	-2.75160
3971.537	6.75272	-3.50992	6.18505	-2.76173
3975.536	6.70501	-3.46856	6.17317	-2.78333
3979.537	6.68768	-3.41887	6.15581	-2.77129
3983.536	6.77536	-3.39233	6.06701	-2.81494
3987.535	6.83333	-3.49921	5.94499	-2.81971
3991.556	6.91452	-3.61821	5.94592	-2.90048
3995.536	7.03440	-3.75244	5.98361	-2.83014
3999.537	6.95091	-3.91832	5.97678	-2.84443
4003.535	6.96991	-3.73505	5.95773	-2.89903
4007.564	6.98321	-3.73271	5.94347	-2.91114
4011.535	7.12180	-3.59757	6.03591	-2.88208
4015.538	7.09416	-3.79082	5.94479	-2.94130
4019.538	7.14651	-3.72494	5.98761	-2.96030
4023.536	7.31853	-3.77546	5.94676	-2.93269
4027.536	7.28110	-3.94932	6.00482	-2.87330
4031.500	7.26075	-3.99515	6.15581	-2.84109
4035.539	7.35026	-4.04289	6.11908	-2.86399
4039.536	7.16620	-4.12921	6.08232	-2.89778
4043.538	7.06931	-3.84435	6.04698	-2.94075
4047.537	7.26984	-3.88011	6.16802	-2.93782
4051.538	7.44584	-3.69883	6.14224	-2.95221
4055.530	7.44484	-3.59042	6.13471	-2.91610
4059.549	7.35844	-3.59498	6.12484	-2.86866
4063.536	7.24610	-3.53292	6.13162	-2.84975
4067.539	7.39920	-3.73142	5.96873	-2.79755
4071.561	7.36547	-3.67123	6.06043	-2.77699
4075.539	7.34460	-3.65697	5.99397	-2.76932
4079.537	7.35615	-3.81844	5.99573	-2.72241
4083.533	7.22202	-3.71259	6.04323	-2.57854
4087.565	7.24757	-3.76103	5.99836	-2.53110
4091.541	7.26014	-3.76625	6.14970	-2.61770
4095.539	7.32522	-3.84359	6.04438	-2.56351
4099.539	7.23794	-3.91569	5.98388	-2.60070
4103.563	7.18166	-3.86300	6.02129	-2.53255
4107.538	7.26185	-3.87598	5.85453	-2.49179
4111.539	7.32158	-3.90827	5.84669	-2.59345
4115.538	7.25731	-3.87207	6.04890	-2.58505
4119.537	7.14726	-3.88899	5.99517	-2.51580
4123.540	7.26039	-3.86230	5.93613	-2.53906
4127.509	7.15828	-3.92251	5.88771	-2.53388
4131.538	7.20682	-3.84801	6.23422	-2.62290
4135.540	7.15159	-3.85132	6.20185	-2.66216
4139.541	6.97262	-3.77401	5.95434	-2.67613
4143.540	6.94389	-3.74617	5.79853	-2.68356
4147.577	6.50844	-3.73550	5.00573	-2.65195
4151.538	4.91511	-3.54637	2.91104	-2.65318
4155.541	4.24327	-3.37118	2.39495	-2.51038
4159.542	3.73524	-3.15871	2.11311	-2.54158
4163.543	2.96337	-3.26774	2.18726	-2.47811
4167.564	2.92213	-3.05719	2.34141	-2.40553
4171.534	3.08575	-2.83128	2.60136	-2.34476
4175.540	3.01009	-2.69430	2.86688	-2.40059
4179.539	3.40994	-2.67763	2.52409	-2.31564
4183.568	3.12306	-2.74370	2.48938	-2.36774
4187.540	3.10906	-2.62992	2.42683	-2.33623
4191.537	3.26530	-2.51690	2.29500	-2.35340
4195.539	3.20078	-2.57762	2.24351	-2.32372
4199.563	3.17700	-2.46348	2.30437	-2.33197
4203.544	3.10366	-2.44762	2.32161	-2.31410
4207.538	3.15320	-2.39686	2.22832	-2.30530
4211.506	3.20432	-2.40994	2.24069	-2.21400
4215.541	3.22289	-2.42647	2.20956	-2.25252
4219.540	3.21273	-2.44836	2.17281	-2.16111
4223.539	3.16273	-2.37051	2.11931	-2.24088
4227.539	3.15293	-2.33385	2.06423	-2.16141
4231.564	3.16532	-2.29874	2.04565	-2.05854
4235.503	3.20189	-2.33302	2.00839	-2.09150
4239.540	3.28192	-2.28961	2.04505	-2.03523
4243.542	3.36488	-2.26086	1.95225	-2.03438
4247.541	3.37000	-2.23170	1.92181	-2.01065
4251.521	3.42060	-2.20768	1.98660	-1.91852
4255.541	3.39099	-2.15900	1.98782	-1.99078
4259.540	3.35407	-2.07924	1.98950	-1.99643
4263.543	3.33357	-1.99540	2.00361	-1.97072
4267.541	3.38360	-1.98576	1.94030	-1.98830
4271.502	3.36621	-2.30017	2.04631	-2.08232
4275.542	3.39678	-2.28533	2.06332	-2.10075
4279.539	3.47438	-2.25043	2.09356	-2.19311
4283.543	3.49142	-2.36846	2.10411	-2.13232
4287.542	3.38882	-2.37109	2.11943	-2.13183
4291.530	3.49349	-2.53517	2.17281	-2.10234
4295.540	3.51226	-2.55866	2.22148	-2.07787
4299.541	3.48041	-2.77770	2.26514	-2.05500
4303.507	3.42604	-2.68006	2.34423	-2.07385
4307.540	3.42621	-2.70050	2.35672	-2.15982
4311.532	3.45531	-2.70784	2.42470	-2.22377
4315.540	3.43145	-2.56556	2.44482	-2.21876
4319.543	3.18341	-2.67026	2.32974	-2.29909
4323.541	3.19420	-2.66571	2.41113	-2.38211
4327.536	3.28484	-2.33951	2.41717	-2.15477
4331.540	3.19672	-1.88313	2.42525	-2.10636
4335.542	3.16975	-2.29348	2.47715	-2.20450
4339.545	3.11121	-2.29049	2.41816	-2.27485
4343.508	3.07055	-2.29729	2.39797	-2.25877
4347.542	3.04665	-2.09843	2.42877	-2.22709
4351.541	3.02826	-2.14324	2.37699	-2.18180
4355.544	3.01730	-2.15129	2.46649	-2.14975
4359.546	3.01561	-2.00131	2.31079	-2.12900
4363.541	3.05372	-2.03049	2.42768	-2.12894
4367.543	3.07926	-1.90206	2.38068	-2.06494
4371.506	3.04167	-1.80724	2.38918	-2.02863
4375.537	3.00702	-2.11759	2.44648	-2.02552
4379.543	2.96871	-2.18667	2.40057	-2.00823
4383.553	3.01195	-2.07124	2.34275	-1.94691
4387.544	2.93834	-2.28964	2.24624	-1.90481
4391.534	2.89178	-2.24144	2.16330	-1.86706
4395.542	2.93656	-2.34014	2.16112	-1.83683
4399.542	2.96327	-2.57357	2.18627	-1.85443
4403.547	2.97356	-2.43779	2.07422	-1.93067
4407.544	2.94200	-2.51011	2.16362	-1.93416
4411.546	3.01512	-2.55859	2.13269	-1.80017
4415.540	2.99022	-2.66362	2.04146	-2.01269
4419.536	2.98859	-2.64134	2.10597	-1.99395
4423.542	2.85311	-2.55348	2.26180	-1.94958
4427.542	2.89881	-2.49884	2.24869	-2.16415
4431.543	3.03148	-2.43325	2.18919	-1.96133
4435.543	3.22925	-2.34888	2.23538	-2.19625
4439.509	3.18131	-2.35672	2.17190	-2.13426
4443.542	3.01831	-2.24852	2.25075	-2.10037
4447.544	3.05080	-2.30754	2.31453	-2.00114
4451.543	2.89596	-2.19881	2.31123	-2.25953
4455.453	3.16337	-1.77404	2.24862	-2.14439
4459.525	3.06632	-2.06127	2.38256	-2.15839
4463.545	3.30755	-2.06319	2.27201	-2.05734
4467.545	3.01425	-2.13571	2.30201	-2.14810
4471.443	3.26077	-2.19732	2.20639	-1.99742
4475.547	2.88896	-1.99297	2.15333	-2.06713
4479.544	2.77235	-1.99032	2.28296	-2.00230
4483.547	3.10225	-1.91847	2.20634	-1.97093
4487.444	3.39159	-2.08035	2.17291	-1.98955
4491.546	2.89322	-2.11448	2.14312	-1.99745
4495.546	2.98198	-2.13503	2.15544	-2.01004
4499.546	2.97693	-2.20321	2.10451	-1.98957
4503.546	2.88049	-2.31890	2.05454	-1.96096
4507.508	2.88247	-2.27565	2.27771	-1.94432
4511.542	3.11341	-2.15469	2.11249	-1.90550
4515.546	3.10260	-2.27195	2.17712	-1.95001
4519.449	3.06365	-2.36932	2.16914	-1.95176
4523.510	3.21869	-2.40646	2.15348	-1.94414
4527.504	3.22623	-2.34257	2.25377	-2.00569
4531.545	3.14132	-2.27400	2.18897	-2.08169
4535.443	3.23197	-2.15392	2.23531	-2.11232
4539.543	3.18133	-2.24389	2.21782	-2.05863
4543.508	3.18296	-2.01173	2.17732	-1.95061
4547.545	3.11462	-2.09312	2.22126	-1.94289
4551.548	3.17962	-1.98641	2.19824	-1.94091
4555.542	3.19316	-1.99079	2.18131	-1.96781
4559.547	3.23294	-1.94197	2.21174	-1.99622
4563.546	3.38808	-1.91317	2.08904	-1.99023
4567.447	3.31440	-1.87739	2.10739	-1.93576
4571.545	3.41825	-1.94312	2.05283	-1.92368
4575.545	3.48696	-1.94518	2.07705	-1.92563
4579.550	3.55508	-1.99404	2.01843	-1.91702
4583.447	3.78397	-2.00363	1.92007	-1.99686
4587.545	3.67984	-2.04546	1.90631	-1.97376
4591.547	3.81859	-2.05187	1.92694	-2.00008
4595.545	3.79344	-2.07743	1.92609	-2.01308
4599.445	3.81320	-2.09462	1.97218	-2.04298
4603.545	3.76586	-2.09738	1.93846	-2.00068
4607.547	3.73888	-2.09054	2.07784	-2.06755
4611.548	3.70183	-2.11195	2.04128	-2.13379
4615.445	3.60524	-2.06792	2.06374	-2.13907
4619.545	3.54257	-2.05805	1.97976	-2.17816
4623.539	3.52620	-2.06911	1.99349	-2.15263
4627.537	3.41053	-2.12473	2.02847	-2.11932
4631.444	3.36567	-2.20744	1.97213	-2.09750
4635.544	3.30539	-2.21825	1.92927	-2.15551
4639.545	3.38424	-2.28465	1.96685	-2.18765
4643.509	3.47055	-2.23927	1.93410	-2.15082
4647.412	3.50321	-2.30652	1.90530	-2.16313
4651.520	3.44528	-2.36270	1.80080	-2.15666
4655.549	3.39587	-2.36273	1.81815	-2.16698
4659.548	3.24283	-2.38578	1.82936	-2.14760
4663.445	3.19118	-2.40002	1.89037	-2.18172
4667.528	3.40029	-2.38067	1.85018	-2.14571
4671.547	3.35301	-2.40991	1.90168	-2.15002
4675.549	3.29018	-2.41677	1.88157	-2.16299
4679.552	3.48590	-2.32724	1.89972	-2.15681
4683.549	3.25820	-2.21721	1.84119	-2.15269
4687.547	3.22393	-2.31949	2.04014	-2.09704
4691.547	3.25303	-2.24140	1.94087	-2.06346
4695.450	3.21626	-2.17125	1.88385	-2.08208
4699.551	3.28944	-2.14112	1.87143	-2.13912
4703.549	3.30059	-2.05017	1.91635	-2.34654
4707.543	3.35884	-1.89051	1.96397	-2.18776
4711.413	3.39747	-2.11049	1.95671	-2.13680
4715.514	3.48286	-2.25861	1.89139	-2.09966
4719.547	3.47248	-2.28978	1.90135	-2.06068
4723.546	3.47678	-2.24383	1.97089	-2.18462
4727.446	3.53669	-2.02277	2.02026	-2.15202
4731.547	3.62761	-2.16683	1.98710	-2.23749
4735.547	3.61757	-2.18149	1.99305	-2.23925
4739.546	3.58845	-2.21534	2.01838	-2.17407
4743.446	3.54492	-2.15276	2.04047	-2.06239
4747.548	3.50220	-2.18411	1.98093	-2.02745
4751.515	3.42198	-2.20548	1.96149	-1.92413
4755.547	3.57745	-2.13292	1.91350	-1.91759
4759.444	3.41159	-2.13743	1.86734	-1.86465
4763.548	3.38536	-2.08770	1.91080	-1.80684
4767.547	3.40472	-2.06197	1.86513	-1.76414
4771.547	3.29241	-2.14185	1.84252	-1.70141
4775.446	3.29441	-2.19870	1.93207	-1.72060
4779.512	3.31608	-2.26491	1.94191	-1.66057
4783.550	3.31608	-2.25649	1.90500	-1.58509
4787.550	3.44416	-2.41790	1.85683	-1.60414
4791.449	3.41303	-2.40676	1.97654	-1.59825
4795.547	3.44085	-2.31985	1.94295	-1.59749
4799.548	3.41164	-2.29649	1.93264	-1.56399
4803.548	3.39619	-2.36074	1.93879	-1.59079
4807.449	3.37210	-2.39844	1.91115	-1.60824
4811.547	3.45136	-2.31660	1.93606	-1.55228
4815.422	3.40168	-2.25996	1.97441	-1.55510
4819.424	3.39174	-2.21726	1.87738	-1.51915
4823.422	3.43684	-2.18857	1.75852	-1.52329
4827.426	3.45710	-2.12871	1.74092	-1.53507
4831.421	3.37700	-2.14752	1.74179	-1.54542
4835.424	3.46080	-2.17294	1.71223	-1.60236
4839.447	3.65203	-2.07405	1.66757	-1.58723
4843.425	3.69627	-2.04445	1.73968	-1.58164
4847.388	3.67499	-2.13130	1.65771	-1.69242
4851.426	3.61028	-2.04923	1.76924	-1.81713
4855.421	3.62902	-1.96510	1.83281	-1.84429
4859.424	3.57832	-2.01007	1.77531	-1.79331
4863.426	3.48469	-2.06075	1.78585	-1.70933
4867.425	3.55696	-1.97932	1.75627	-1.74722
4871.425	3.78437	-2.05492	1.81786	-1.79478
4875.426	3.76393	-2.05299	1.83791	-1.72930
4879.428	3.58959	-2.04606	1.79554	-1.67917
4883.418	3.48781	-2.02485	1.86883	-1.99040
4887.425	3.40833	-1.92262	1.85197	-1.90074
4891.425	3.36033	-1.68836	1.90648	-1.82327
4895.424	3.43256	-1.87238	1.92629	-1.82072
4899.426	3.40061	-1.82627	1.89493	-1.83068
4903.428	3.36151	-1.91841	1.92907	-1.78874
4907.429	3.37000	-1.92617	1.87406	-1.76507
4911.425	3.34564	-2.03779	1.91811	-1.80100
4915.387	3.31675	-2.11195	1.93408	-1.75600
4919.426	3.28684	-2.13087	1.94478	-1.70354
4923.392	3.30898	-2.09889	1.99416	-1.72838
4927.425	3.26673	-2.21162	1.98308	-1.69462
4931.425	3.23559	-2.09911	1.93497	-1.58032
4935.417	3.23091	-2.07774	1.93782	-1.56791
4939.427	3.17769	-2.10270	1.92034	-1.53643
4943.429	3.19326	-2.16523	1.87743	-1.47998
4947.427	3.14620	-2.15016	1.85145	-1.43786
4951.425	3.12757	-2.13370	1.86905	-1.44289
4955.427	3.14313	-2.09239	1.81786	-1.42945
4959.390	3.14273	-1.99775	1.79440	-1.39623
4963.406	3.13739	-2.09173	1.75280	-1.37705
4967.397	3.16656	-1.99310	1.72366	-1.31836
4971.390	3.16990	-1.98581	1.64429	-1.41322
4975.427	3.20526	-1.96862	1.68803	-1.79116
4979.426	3.21560	-2.07311	1.80789	-1.70372
4983.420	3.25971	-2.03583	1.81880	-1.77523
4987.428	3.17072	-1.99686	1.76026	-1.64830
4991.427	3.19328	-1.91764	1.82792	-1.53944
4995.426	3.14714	-1.87058	1.85053	-1.57975
4999.426	3.10337	-1.77372	1.80067	-1.73460
5003.429	3.10841	-1.68394	1.89245	-1.71392
5007.425	3.19684	-1.60646	1.92488	-1.75356
5011.426	3.17999	-1.52628	1.99550	-1.76475
5015.431	3.32422	-1.45922	2.07227	-1.75437
5019.427	3.49522	-1.37560	2.07507	-1.71715
5023.428	3.71807	-1.36867	2.05033	-1.66371
5027.428	3.41827	-1.38355	1.94540	-1.48387
5031.421	3.50108	-1.35951	1.97946	-1.58420
5035.430	3.17495	-1.39864	2.00616	-1.62343
5039.429	3.42032	-1.42036	1.97158	-1.59428
5043.429	3.56264	-1.51237	2.01588	-1.57029
5047.426	3.58027	-1.59772	2.02257	-1.59567
5051.389	3.47183	-1.78087	2.07400	-1.56527
5055.427	3.55671	-1.86348	2.01040	-1.35808
5059.428	3.60546	-1.77687	1.98288	-1.30025
5063.422	3.40657	-1.89768	1.92478	-1.31638
5067.429	3.28199	-1.88538	1.88980	-1.34537
5071.428	3.29050	-1.89525	1.92810	-1.33047
5075.426	3.35768	-1.89911	1.91181	-1.42347
5079.452	3.26510	-1.84895	1.93762	-1.44712
5083.432	3.29572	-1.80382	1.91298	-1.42515
5087.392	3.31692	-1.76968	1.98574	-1.45758
5091.421	3.17265	-1.72705	2.00190	-1.35171
5095.454	3.14130	-1.69480	1.93085	-1.36584
5099.392	3.31420	-1.71248	1.92471	-1.43743
5103.432	3.28741	-1.72425	1.66093	-1.42331
5107.435	3.34561	-1.61489	1.80169	-1.41643
5111.456	3.27408	-1.65673	1.73291	-1.38272
5115.429	3.36624	-1.75214	1.70021	-1.45034
5119.431	3.23759	-1.62850	1.75870	-1.39790
5123.430	3.36280	-1.57736	1.74516	-1.32714
5127.429	3.39238	-1.54769	1.63373	-1.32999
5131.393	3.43887	-1.52127	1.70581	-1.37257
5135.427	3.46234	-1.54465	1.67633	-1.34958
5139.432	3.37509	-1.44916	1.77402	-1.37113
5143.421	3.45284	-1.44738	1.72394	-1.43610
5147.428	3.41624	-1.45715	1.78709	-1.41890
5151.427	3.46350	-1.50653	1.81979	-1.47261
5155.429	3.49757	-1.56643	1.89905	-1.52605
5159.421	3.33841	-1.51664	1.88653	-1.39058
5163.431	3.47796	-1.52373	1.94652	-1.46848
5167.430	3.46491	-1.50973	1.90403	-1.55509
5171.412	3.46333	-1.66634	1.99136	-1.64228
5175.400	3.51315	-1.58147	1.87279	-1.49026
5179.429	3.54932	-1.53978	1.87929	-1.61755
5183.429	3.58924	-1.33367	1.95002	-1.48930
5187.393	3.53295	-1.45779	1.99059	-1.55486
5191.452	3.66135	-1.45905	2.01967	-1.48232
5195.430	3.66525	-1.52176	1.97096	-1.49087
5199.428	3.64355	-1.45152	1.94964	-1.47099
5203.432	3.66061	-1.40547	1.94873	-1.51916
5207.427	3.73680	-1.43865	1.97718	-1.52646
5211.425	3.77103	-1.57621	2.05752	-1.50764
5215.424	3.72400	-1.50536	2.01682	-1.50431
