time (ms)	lx (deg)	ly (deg)	rx (deg)	ry (deg)
0.000	1.88928	-0.99643	-0.31625	0.06642
3.992	1.84567	-0.99174	-0.43430	-0.05134
8.002	1.90686	-0.79597	-0.45294	-0.11072
11.964	1.86399	-0.86716	-0.40385	-0.04488
15.999	1.87178	-0.90398	-0.45480	-0.18649
19.992	1.84954	-0.92626	-0.36879	-0.19938
23.999	1.87825	-0.78682	-0.31583	-0.19056
28.002	1.80273	-0.74792	-0.32431	-0.29783
32.001	1.75240	-0.71754	-0.23750	-0.27175
35.962	1.73366	-0.76558	-0.21480	-0.32803
40.002	1.68538	-0.80682	-0.25371	-0.29130
44.005	1.67417	-0.86225	-0.23458	-0.32636
48.001	1.74104	-0.83292	0.03102	-0.33213
52.001	1.82467	-0.86248	0.06222	-0.31660
56.002	2.06728	-0.86008	-0.00067	-0.29128
60.002	1.90480	-0.86014	0.12957	-0.32333
64.005	2.08079	-0.81674	0.04887	-0.33059
68.026	1.94176	-0.85550	0.12141	-0.29712
71.963	2.11187	-0.83279	0.22304	-0.25154
75.996	2.03563	-0.80689	0.22574	-0.25239
79.993	1.99449	-0.80236	0.19566	-0.17777
84.025	1.91920	-0.74030	0.15449	-0.19054
88.005	1.90358	-0.66494	0.19812	-0.22439
92.003	1.54810	-0.61812	0.12741	-0.19603
96.001	1.95165	-0.63579	0.09542	-0.31039
99.993	1.86642	-0.61946	0.05639	-0.33745
104.005	1.67276	-0.65765	-0.00134	-0.34587
108.001	1.52823	-0.61388	0.05078	-0.34083
112.002	1.50018	-1.04605	-0.12463	-0.36915
115.994	1.43746	-0.70268	-0.58664	-0.31571
119.975	1.12447	-0.72037	-0.53486	-0.34871
123.976	0.89746	-0.50968	-0.95403	-0.21951
127.965	0.94616	-0.66835	-0.74315	-0.20934
131.972	1.10504	-0.54132	-0.76305	-0.18501
135.967	1.24449	-0.59945	-0.77890	-0.32778
139.962	0.95299	-0.85873	-0.67948	-0.27406
144.002	0.89091	-0.72703	-0.73471	-0.30363
148.029	0.82558	-0.57779	-0.98688	-0.24629
152.001	0.85667	-0.51406	-0.93175	-0.16115
156.004	0.81305	-0.48182	-0.87493	-0.07981
159.986	0.59972	-0.76007	-0.88622	-0.02827
163.998	0.68747	-0.59095	-0.78826	-0.01123
168.002	0.67337	-0.84552	-0.69940	0.02033
172.009	0.64985	-0.86036	-0.61364	0.16966
176.004	0.65278	-0.86021	-0.50912	0.08938
180.007	0.82250	-0.81606	-0.43036	0.17896
184.007	0.84188	-0.77397	-0.36633	0.13314
188.007	0.97211	-0.66884	-0.32213	0.13262
192.004	0.84967	-0.60596	-0.54545	0.04296
196.000	0.67752	-0.55224	-0.53865	-0.07487
200.007	0.70310	-0.55532	-0.78332	0.04517
203.969	0.62657	-0.41214	-0.70640	0.07690
208.003	0.59866	-0.36180	-0.95256	0.15747
212.028	0.76407	-0.24777	-0.39206	0.14981
216.004	0.88426	-0.19981	-1.23801	0.14287
220.002	0.82344	-0.17335	-1.06520	0.16176
224.005	0.69449	-0.22345	-0.96127	0.03332
227.970	0.69059	-0.10307	-1.09209	-0.02696
232.003	0.78250	-0.11425	-1.07267	0.00308
236.003	0.49736	-0.15838	-0.85853	-0.00718
240.005	0.46289	-0.15570	-0.89046	0.06060
243.989	0.51304	-0.19275	-0.78176	0.08542
248.007	0.74372	-0.39491	-0.93018	-0.04674
252.003	0.81178	-0.35155	-0.89887	-0.07971
256.004	0.85292	-0.38216	-0.81781	-0.12662
260.000	0.76759	-0.41919	-0.77878	-0.19311
264.006	0.76044	-0.46346	-0.98990	-0.25566
268.004	0.77022	-0.47352	-1.05937	-0.31642
271.970	0.67002	-0.48904	-0.94686	-0.23022
276.007	0.43088	-0.58337	-0.92984	-0.20547
280.004	0.43130	-0.45636	-0.85987	-0.13780
284.000	0.65136	-0.66472	-0.86017	-0.09534
287.995	0.66240	-0.58405	-0.84553	0.05121
292.009	0.76744	-0.50555	-0.78707	0.01943
296.006	0.37911	-0.60748	-0.90746	-0.07807
300.004	0.35995	-0.50789	-0.84424	-0.13668
304.005	0.33977	-0.50350	-0.73610	0.00065
308.019	0.59744	-0.48452	-0.68407	0.01702
312.004	0.76647	-0.54580	-0.48118	0.00780
316.005	0.26845	-0.72726	-0.59600	-0.07392
319.969	0.34064	-0.53237	-0.57980	-0.07211
324.058	0.41666	-0.47591	-0.59545	-0.09504
327.967	0.35270	-0.41298	-0.48659	-0.06138
331.971	0.38159	-0.43574	-0.53294	-0.08503
336.006	0.53803	-0.43165	-0.51401	0.03556
339.973	0.76992	-0.36656	-0.59483	-0.06555
344.007	0.89411	-0.44513	-0.58689	0.02383
348.006	0.48306	-0.43628	-0.69672	0.01772
352.008	0.38683	-0.38468	-0.61322	-0.00743
356.006	0.37295	-0.33337	-0.62119	0.05573
360.008	0.40447	-0.35034	-0.74856	-0.01374
364.010	0.57726	-0.32220	-0.68030	0.06033
367.991	0.46711	-0.39635	-0.74079	0.02795
372.002	0.42328	-0.50998	-0.75791	-0.00340
376.010	0.24674	-0.55031	-0.76809	0.01195
379.970	0.22847	-0.60495	-0.85796	-0.04559
384.008	0.32987	-0.46364	-0.77476	-0.03456
388.012	0.34844	-0.49805	-0.66481	-0.03528
392.009	0.50860	-0.34541	-0.69213	-0.00142
396.010	0.60801	-0.36936	-0.73896	0.00253
400.008	0.73868	-0.34825	-0.86875	-0.07841
403.999	0.53210	-0.30071	-0.73022	-0.01078
407.972	0.51741	-0.37622	-0.77613	-0.13703
411.973	0.44115	-0.22262	-0.86379	-0.16282
416.008	0.62717	-0.19513	-0.97673	-0.16090
420.001	0.59151	-0.17142	-1.20013	-0.19820
424.008	0.65052	-0.11639	-1.07421	-0.17903
427.971	0.56647	-0.12257	-1.10643	-0.21195
432.009	0.54426	-0.09929	-1.11092	-0.21428
436.012	0.60513	-0.08898	-1.04878	-0.21056
440.009	0.47748	-0.08630	-1.07619	-0.17923
444.008	0.44358	-0.09962	-0.94529	-0.08805
448.011	0.42487	-0.07129	-0.95373	0.09180
451.991	0.32841	-0.18487	-0.99504	0.00532
456.011	0.30178	-0.14907	-0.68451	0.13062
460.008	0.38325	-0.38527	-0.55848	0.15269
464.006	0.37201	-0.28568	-0.44934	0.20177
467.908	0.33399	-0.10871	-0.50029	0.26712
472.008	0.39291	-0.32725	-0.39866	0.24319
476.014	0.41239	-0.45104	-0.33873	0.27192
480.007	0.39298	-0.30399	-0.34653	0.34112
484.010	0.35802	-0.53095	-0.33367	0.33565
488.013	0.25450	-0.61161	-0.40884	0.30504
492.000	0.23755	-0.64324	-0.53627	0.26781
496.000	0.30818	-0.53217	-0.88153	0.27100
500.013	0.21668	-0.52631	-1.09902	0.26812
503.971	0.31213	-0.47381	-0.83947	0.23400
508.007	0.20524	-0.41385	-1.15181	0.08360
512.013	0.18777	-0.46819	-1.22514	0.12531
515.908	0.37829	-0.29177	-1.05761	0.21647
519.973	0.23572	-0.29433	-1.26225	0.18684
524.008	0.45396	-0.21307	-1.44570	0.16256
528.009	0.42599	-0.25224	-1.31481	0.24626
532.009	0.35275	-0.14012	-1.19748	0.40875
535.982	0.49723	0.02785	-1.10832	0.49295
540.006	0.50235	0.08749	-1.17158	0.49724
544.009	0.59272	0.00244	-0.92185	0.33641
547.926	0.66714	-0.03581	-0.88585	0.39786
552.010	0.86766	0.31050	-1.08708	0.41033
556.009	0.82672	0.24874	-0.96901	0.43966
560.008	0.64503	0.18082	-1.05185	0.35600
564.012	0.68496	0.21451	-1.10140	0.18976
567.970	0.65833	0.25911	-1.09261	0.29764
572.010	0.55424	0.19821	-1.38049	0.10968
576.000	0.62501	0.07921	-1.36710	-0.02631
579.908	0.45889	-0.01285	-1.29596	-0.10084
584.009	0.24366	-0.10842	-1.12973	-0.14966
588.009	0.46904	0.02624	-1.14888	-0.25689
592.009	0.62615	-0.03531	-1.12670	-0.31535
595.909	0.58022	-0.02117	-1.12764	-0.36712
600.011	0.54672	-0.01309	-1.15776	-0.40565
604.012	0.53178	-0.08548	-1.17572	-0.40868
608.010	0.63900	-0.09412	-1.14513	-0.33882
612.012	0.65685	-0.15773	-1.09686	-0.20330
616.013	0.73397	-0.10667	-1.08869	-0.01829
620.013	0.78215	-0.06177	-1.04999	0.34152
624.012	0.86270	-0.01026	-1.04900	0.39150
628.013	0.91636	0.04870	-0.92120	0.15583
632.010	0.98283	0.02865	-1.01226	-0.06698
636.008	0.92929	0.09824	-1.03553	0.31898
640.009	0.92522	0.09412	-0.94003	0.19829
644.013	0.91847	0.17318	-0.94048	0.09367
648.014	0.93331	0.15914	-0.93326	0.12726
652.011	0.86446	0.24821	-0.76114	-0.02393
656.012	0.98822	0.17705	-0.67422	0.00681
659.994	1.07932	0.14261	-0.65595	0.10513
663.976	0.93507	0.00301	-0.65302	0.02085
668.013	0.78528	0.02557	-0.58042	0.06354
672.010	0.79044	0.04110	-0.59746	0.01441
675.913	0.62732	0.03620	-0.54339	0.13791
679.976	0.92321	0.01598	-0.54597	0.13075
684.012	0.77751	-0.04415	-0.54898	0.10324
688.008	0.83332	-0.09812	-0.53597	0.22728
691.909	0.86391	-0.12247	-0.49287	0.31927
695.974	0.77665	-0.17666	-0.52505	0.36921
700.010	0.78022	-0.12935	-0.52091	0.41684
704.003	0.81200	-0.11047	-0.49453	0.42234
708.014	0.79699	-0.09116	-0.52672	0.39416
712.011	0.97777	-0.14060	-0.53438	0.36283
716.012	0.81347	-0.07772	-0.59208	0.26950
720.012	0.83836	-0.09924	-0.68054	0.18489
724.015	0.84719	-0.10677	-0.68712	0.08048
727.976	0.71719	-0.09377	-0.75208	-0.03009
732.011	0.56890	-0.05790	-0.76158	-0.10043
736.010	0.66342	-0.09069	-0.81553	-0.16443
739.908	0.53113	0.00181	-0.92872	-0.19496
744.010	0.64121	-0.01575	-0.88798	-0.24225
747.977	0.67491	-0.05007	-0.92232	-0.26250
752.011	0.55039	0.01719	-0.88994	-0.29907
756.014	0.56578	-0.00159	-1.00372	-0.28078
759.976	0.58069	-0.00514	-1.04404	-0.29610
764.015	0.64953	0.00306	-1.14910	-0.26002
768.014	0.65283	0.07342	-1.14888	-0.27304
772.015	0.69427	0.09283	-1.20737	-0.24528
776.016	0.81158	0.05645	-1.24506	-0.27616
780.014	0.75332	0.08306	-1.32210	-0.32635
783.999	0.81570	0.03200	-1.26046	-0.33342
787.909	0.83622	0.01876	-1.32438	-0.28616
792.011	0.71561	0.06122	-1.37022	-0.29112
796.012	0.76178	0.03623	-1.39381	-0.20827
799.891	0.81806	0.11121	-1.39693	-0.12627
803.914	0.76975	0.11703	-1.36228	0.01160
807.890	0.86624	0.20359	-1.18567	-0.12134
811.887	0.72106	0.18051	-1.28154	-0.06983
815.852	0.67915	0.13890	-1.16371	-0.02007
819.880	0.61791	0.13221	-1.19604	-0.04864
823.852	0.67645	0.06751	-1.06322	0.03329
827.852	0.69960	0.05673	-0.77394	0.03362
831.868	0.78925	0.03449	-0.95254	0.00872
835.881	0.88245	0.00410	-0.81022	-0.00092
839.889	0.89073	-0.05640	-0.80099	0.01203
843.890	0.91272	-0.16580	-0.70774	-0.08920
847.890	0.93594	-0.18910	-0.69762	-0.17711
851.912	0.86014	-0.25487	-0.65211	-0.16976
855.890	0.86731	-0.33383	-0.67771	-0.26758
859.887	0.79784	-0.44445	-0.70481	-0.35412
863.891	0.95584	-0.39089	-0.79099	-0.32330
867.914	0.92229	-0.40687	-0.70585	-0.36306
871.879	0.90917	-0.46275	-0.72032	-0.36249
875.891	0.83220	-0.43523	-0.75340	-0.35039
879.852	0.85605	-0.46718	-0.64379	-0.36284
883.883	0.85558	-0.44337	-0.65111	-0.41838
887.892	0.87743	-0.35318	-0.74223	-0.44200
891.888	0.87349	-0.40630	-0.71352	-0.48844
895.847	0.87108	-0.41515	-0.79583	-0.53153
899.913	0.81307	-0.37943	-0.75630	-0.51700
903.886	0.90547	-0.31847	-0.81099	-0.48696
907.892	0.84974	-0.31942	-0.68342	-0.53714
911.891	0.77615	-0.28223	-0.70980	-0.56250
915.912	0.62456	-0.25489	-0.72444	-0.54217
919.890	0.50954	-0.22269	-0.74531	-0.54063
923.890	0.49383	-0.17255	-0.74623	-0.51079
927.856	0.37109	-0.12710	-0.78312	-0.49655
931.884	0.36427	-0.15192	-0.83128	-0.50348
935.892	0.39626	-0.16902	-0.88215	-0.44978
939.889	0.30349	-0.15374	-0.87865	-0.37328
943.852	0.30034	-0.09127	-0.86441	-0.30546
947.869	0.23433	-0.08459	-0.85920	-0.23425
951.902	0.27483	-0.11001	-0.91979	-0.13929
955.871	0.29786	-0.18537	-0.92478	-0.06380
959.887	0.31461	-0.12939	-0.92138	0.09243
963.891	0.34923	-0.17180	-0.93797	0.09827
967.893	0.41318	-0.19056	-0.94532	0.20222
971.890	0.37469	-0.16887	-0.91376	0.31902
975.889	0.39871	-0.16648	-0.82302	0.31699
979.893	0.34764	-0.19131	-0.77491	0.40204
983.891	0.38541	-0.20498	-0.65163	0.48976
987.892	0.30486	-0.19680	-0.66848	0.49527
991.891	0.20457	-0.23619	-0.58240	0.50030
995.913	0.28627	-0.17409	-0.51542	0.47404
999.894	0.25388	-0.18319	-0.58597	0.42618
1003.891	0.22542	-0.15086	-0.69836	0.46252
1007.889	0.18886	-0.12670	-0.69618	0.49646
1011.915	0.14337	-0.10210	-0.83846	0.45505
1015.891	0.20594	-0.12477	-0.71151	0.47383
1019.891	0.19685	-0.03220	-0.86262	0.48559
1023.892	0.18966	-0.04185	-0.91731	0.46791
1027.914	0.16918	0.08720	-0.93855	0.45596
1031.893	0.18730	0.07323	-0.87699	0.49366
1035.894	0.23299	0.05352	-0.92053	0.51579
1039.891	0.21440	0.03558	-0.94919	0.51375
1043.866	0.21787	0.01595	-0.95184	0.53340
1047.892	0.20653	0.01148	-0.78305	0.51909
1051.890	0.18467	-0.04751	-0.65913	0.53267
1055.891	0.17323	-0.02378	-0.59421	0.58216
1059.917	0.14670	-0.07435	-0.42673	0.57182
1063.892	0.12486	-0.19534	-0.43187	0.55256
1067.893	0.13349	-0.17983	-0.44011	0.55544
1071.851	0.15345	-0.24784	-0.46138	0.56774
1075.884	0.17206	-0.26409	-0.45487	0.49233
1079.882	0.18809	-0.28310	-0.48349	0.40040
1083.856	0.21279	-0.31650	-0.45396	0.36937
1087.891	0.21542	-0.33861	-0.46572	0.24468
1091.888	0.17218	-0.24372	-0.54419	0.16579
1095.892	0.16809	-0.22334	-0.49108	0.12382
1099.892	0.15742	-0.13093	-0.55687	0.02435
1103.894	0.18487	-0.13535	-0.56002	-0.11306
1107.886	0.19931	-0.17837	-0.54290	-0.06036
1111.894	0.21030	-0.06404	-0.51863	-0.11144
1115.893	0.20852	-0.10126	-0.63330	-0.13293
1119.893	0.14987	-0.12939	-0.55349	-0.13443
1123.892	0.04549	-0.05879	-0.84677	-0.09042
1127.861	0.00169	0.00651	-0.79563	-0.00875
1131.896	-0.06800	0.01789	-0.90676	0.00253
1135.858	-0.04844	0.00169	-0.99434	0.04144
1139.887	-0.02184	-0.01685	-1.08398	0.07173
1143.896	-0.05142	-0.05037	-1.12742	0.12613
1147.895	-0.10915	-0.06304	-1.06297	0.15588
1151.895	-0.11915	-0.05767	-1.19609	0.16432
1155.893	-0.15580	-0.05678	-1.25342	0.14302
1159.897	-0.12736	-0.04677	-1.13722	0.09838
1163.877	-0.13925	-0.01645	-1.18423	0.08146
1167.889	-0.02988	-0.09535	-1.12936	0.06951
1171.917	0.05894	-0.06558	-1.09864	0.01682
1175.891	0.29841	-0.06364	-1.01543	-0.01680
1179.897	0.23309	-0.06187	-0.99387	-0.04830
1183.892	0.20269	-0.09902	-0.99095	-0.03630
1187.920	0.41616	-0.10489	-0.98204	-0.07936
1191.895	0.35201	-0.11430	-0.96894	-0.10199
1195.858	0.53173	-0.16156	-0.92247	-0.16483
1199.893	0.33747	-0.18666	-0.88386	-0.20764
1203.882	0.54297	-0.20659	-0.88307	-0.22381
1207.887	0.52371	-0.16531	-0.79223	-0.23254
1211.895	0.50872	-0.16999	-0.82357	-0.26260
1215.896	0.50664	-0.15821	-0.72677	-0.32818
1219.889	0.39812	-0.16137	-0.71632	-0.27476
1223.895	0.45274	-0.18823	-0.62630	-0.19431
1227.898	0.38095	-0.20803	-0.57726	-0.22726
1231.895	0.41539	-0.20977	-0.52158	-0.19630
1235.889	0.40978	-0.25042	-0.49056	-0.12819
1239.894	0.36799	-0.26645	-0.48716	-0.08349
1243.897	0.40283	-0.29550	-0.53431	0.01014
1247.877	0.42874	-0.31667	-0.55937	0.01672
1251.893	0.41286	-0.36974	-0.54230	0.02010
1255.897	0.39298	-0.31023	-0.54136	0.03436
1259.908	0.35404	-0.41328	-0.55389	0.05541
1263.898	0.44611	-0.43799	-0.57310	0.03548
1267.889	0.46103	-0.53584	-0.53180	-0.00119
1271.894	0.50513	-0.39105	-0.50523	-0.03024
1275.895	0.50448	-0.47419	-0.53101	-0.06679
1279.899	0.55473	-0.44810	-0.54595	-0.08170
1283.861	0.58282	-0.46830	-0.51336	-0.11457
1287.894	0.59796	-0.56415	-0.49835	-0.18109
1291.886	0.57659	-0.52768	-0.48718	-0.21797
1295.895	0.54121	-0.52274	-0.51091	-0.24296
1299.890	0.56831	-0.62430	-0.53863	-0.23953
1303.895	0.57243	-0.60927	-0.56277	-0.24468
1307.894	0.54230	-0.56619	-0.54193	-0.27765
1311.895	0.48867	-0.52354	-0.61387	-0.28870
1315.889	0.46917	-0.47452	-0.69181	-0.28664
1319.859	0.44482	-0.53465	-0.79109	-0.29048
1323.899	0.48681	-0.60220	-0.87488	-0.26821
1327.901	0.44753	-0.65751	-0.97690	-0.20972
1331.859	0.46090	-0.59751	-1.12799	-0.15920
1335.899	0.42725	-0.53236	-1.19683	0.04283
1339.897	0.36114	-0.48151	-1.17322	0.01185
1343.896	0.40048	-0.44540	-1.27614	0.13271
1347.898	0.38772	-0.36018	-1.18053	0.21731
1351.900	0.42539	-0.43921	-1.23134	0.28441
1355.899	0.48376	-0.36407	-1.35680	0.37335
1359.861	0.44390	-0.44617	-1.18366	0.44957
1363.898	0.45614	-0.44480	-1.13784	0.49004
1367.899	0.42800	-0.45141	-0.91086	0.53263
1371.882	0.38082	-0.42108	-0.90443	0.56098
1375.898	0.33250	-0.43117	-0.65727	0.61962
1379.901	0.28756	-0.52628	-0.60813	0.62589
1383.860	0.33273	-0.63575	-0.54034	0.63010
1387.899	0.35479	-0.41253	-0.46902	0.60156
1391.897	0.35650	-0.56442	-0.52029	0.53772
1395.891	0.38194	-0.55132	-0.47892	0.47504
1399.896	0.31714	-0.66646	-0.50063	0.38258
1403.896	0.33032	-0.63160	-0.45946	0.29743
1407.901	0.33570	-0.62211	-0.40296	0.26036
1411.894	0.27711	-0.64378	-0.44971	0.11627
1415.898	0.27944	-0.63884	-0.44961	0.05514
1419.898	0.28436	-0.68378	-0.47604	-0.01794
1423.901	0.29555	-0.66465	-0.51423	-0.07405
1427.859	0.31397	-0.66517	-0.53007	-0.17043
1431.898	0.39005	-0.66961	-0.56161	-0.20122
1435.897	0.35581	-0.66927	-0.59863	-0.29243
1439.898	0.34938	-0.64249	-0.62851	-0.26532
1443.902	0.26642	-0.56614	-0.60511	-0.29882
1447.899	0.30739	-0.59183	-0.67459	-0.31350
1451.900	0.22477	-0.60915	-0.68553	-0.37149
1455.881	0.23609	-0.59735	-0.66044	-0.36828
1459.868	0.23254	-0.59812	-0.65848	-0.40163
1463.898	0.16246	-0.56368	-0.67206	-0.36282
1467.909	0.15181	-0.44417	-0.68536	-0.43706
1471.897	0.13903	-0.43361	-0.70183	-0.41937
1475.893	0.12702	-0.46613	-0.74454	-0.43126
1479.906	0.23577	-0.48074	-0.73918	-0.36664
1483.899	0.16804	-0.45880	-0.76265	-0.43332
1487.898	0.28220	-0.46832	-0.81062	-0.39339
1491.796	0.22475	-0.49177	-0.83496	-0.36817
1495.877	0.29146	-0.49890	-0.85863	-0.28359
1499.888	0.30533	-0.48228	-0.90954	-0.20615
1503.897	0.32156	-0.52670	-0.95217	-0.19367
1507.902	0.40581	-0.55078	-0.97807	-0.15213
1511.901	0.36318	-0.52285	-0.98499	-0.02840
1515.900	0.42579	-0.59311	-1.01030	0.00825
1519.900	0.44502	-0.54672	-1.03779	0.03868
1523.903	0.42683	-0.53226	-1.05957	0.03801
1527.899	0.43438	-0.56871	-1.05550	0.09824
1531.898	0.47929	-0.65373	-1.03838	0.10984
1535.899	0.44440	-0.63237	-1.02950	0.11936
1539.904	0.42864	-0.60655	-1.02164	0.05041
1543.900	0.40358	-0.59945	-1.02580	0.01312
1547.899	0.38526	-0.62877	-0.95222	-0.08182
1551.902	0.38256	-0.62584	-0.94304	-0.10863
1555.800	0.37797	-0.60802	-0.95507	-0.25782
1559.902	0.45577	-0.53172	-0.97219	-0.14184
1563.902	0.45301	-0.36114	-1.02243	-0.15965
1567.902	0.40683	-0.50240	-1.02933	-0.18957
1571.811	0.45276	-0.42045	-1.10743	-0.07742
1575.901	0.41333	-0.42796	-1.13305	-0.01394
1579.888	0.39658	-0.40669	-1.07269	-0.08050
1583.863	0.43577	-0.43909	-1.11802	-0.08400
1587.904	0.40187	-0.46953	-1.06364	-0.22812
1591.898	0.45190	-0.41553	-0.95383	-0.12448
1595.902	0.36467	-0.44846	-1.08406	-0.16333
1599.900	0.36308	-0.50861	-1.10219	-0.13682
1603.800	0.30344	-0.50643	-1.03868	-0.22721
1607.901	0.24123	-0.55091	-1.00352	-0.15717
1611.900	0.19526	-0.57847	-0.95363	-0.11859
1615.902	0.19842	-0.59588	-0.89376	-0.15228
1619.899	0.17261	-0.65174	-0.84312	-0.22652
1623.895	0.16323	-0.65994	-0.78332	-0.29481
1627.902	0.20318	-0.63820	-0.71409	-0.29014
1631.902	0.20323	-0.65141	-0.63057	-0.31688
1635.903	0.29615	-0.67176	-0.64657	-0.28294
1639.901	0.23718	-0.64605	-0.68369	-0.24134
1643.899	0.28284	-0.67864	-0.58133	-0.11862
1647.902	0.35226	-0.68778	-0.53443	0.22127
1651.801	0.34757	-0.56849	-0.42951	0.23991
1655.900	0.35203	-0.37948	-0.49207	-0.05797
1659.904	0.34945	-0.60226	-0.48393	0.02788
1663.877	0.34953	-0.56161	-0.52957	-0.09194
1667.906	0.22378	-0.56671	-0.48222	-0.11132
1671.902	0.18459	-0.54614	-0.59285	-0.00450
1675.901	0.17566	-0.40702	-0.53945	0.02877
1679.899	0.15173	-0.44852	-0.53530	0.00477
1683.907	0.10091	-0.52192	-0.50550	-0.09164
1687.902	0.08867	-0.44295	-0.62702	-0.11410
1691.899	0.08088	-0.42824	-0.70178	-0.16007
1695.899	0.06192	-0.55568	-0.75278	-0.14289
1699.904	0.07629	-0.61586	-0.74364	-0.11300
1703.893	0.05202	-0.36394	-0.60131	-0.09146
1707.894	0.07726	-0.46966	-0.51036	0.02912
1711.901	0.10203	-0.52721	-0.54366	0.15048
1715.804	0.15094	-0.44862	-0.58454	0.17428
1719.902	0.20551	-0.46887	-0.62260	0.12116
1723.902	0.20179	-0.51565	-0.62233	0.08292
1727.903	0.27334	-0.41283	-0.54525	0.08640
1731.801	0.30520	-0.58733	-0.53486	0.03163
1735.904	0.31158	-0.62162	-0.51071	-0.02987
1739.901	0.29597	-0.57841	-0.50800	-0.08215
1743.901	0.36280	-0.56387	-0.53009	-0.06023
1747.823	0.37903	-0.59391	-0.60076	-0.06955
1751.903	0.34819	-0.71598	-0.71441	-0.12342
1755.905	0.35025	-0.61647	-0.82478	-0.08006
1759.904	0.30372	-0.65727	-1.08162	-0.10440
1763.802	0.30225	-0.68743	-1.01886	-0.18594
1767.872	0.40792	-0.60474	-0.95095	-0.18746
1771.903	0.56642	-0.52863	-1.13474	-0.15503
1775.902	0.64801	-0.53259	-1.10953	-0.25212
1779.905	0.42390	-0.47522	-1.01717	-0.27056
1783.908	0.58019	-0.52211	-0.99410	-0.29218
1787.894	0.64089	-0.46019	-1.06041	-0.32209
1791.907	0.74486	-0.35904	-0.97566	-0.29096
1795.904	0.58826	-0.38546	-0.98529	-0.41265
1799.903	0.61541	-0.37306	-0.99821	-0.44952
1803.901	0.58416	-0.32332	-0.97278	-0.51210
1807.904	0.61719	-0.26204	-0.91753	-0.50829
1811.803	0.58225	-0.27069	-0.95090	-0.54361
1815.904	0.59955	-0.28565	-0.91892	-0.59032
1819.903	0.56649	-0.32255	-0.89200	-0.62143
1823.906	0.64866	-0.27432	-0.85086	-0.54034
1827.905	0.55051	-0.25978	-0.91639	-0.51231
1831.895	0.53888	-0.21280	-0.90160	-0.55532
1835.903	0.48872	-0.24398	-0.89875	-0.56235
1839.778	0.45036	-0.21988	-0.88652	-0.53294
1843.773	0.58798	-0.14680	-0.77898	-0.46401
1847.778	1.04091	-0.24080	-0.77024	-0.39906
1851.780	2.38876	-0.29743	-0.61498	-0.45118
1855.778	3.22777	-0.69126	0.27937	-0.93461
1859.771	3.14570	-0.55596	0.91170	-1.06123
1863.784	3.20098	-1.06960	1.01992	-0.85608
1867.776	3.24954	-1.24694	1.19390	-1.14152
1871.781	3.20412	-1.19033	1.30392	-1.08361
1875.774	3.13293	-1.13681	1.10214	-0.79460
1879.742	2.81164	-0.97689	0.99690	-0.76010
1883.782	2.94483	-1.05237	1.10847	-0.68043
1887.783	2.96396	-1.07706	1.14317	-0.83866
1891.775	2.97537	-1.19349	1.20879	-0.98947
1895.738	2.91587	-1.23728	1.20246	-1.07151
1899.778	2.92931	-1.29060	1.20941	-1.06393
1903.779	2.89138	-1.26571	1.23709	-1.08975
1907.802	2.84799	-1.28719	1.20703	-1.15480
1911.781	2.77829	-1.36796	1.20866	-1.26230
1915.781	2.68804	-1.51631	1.21033	-1.21075
1919.746	2.59309	-1.42945	1.27730	-1.33435
1923.802	2.55059	-1.56470	1.33552	-1.34139
1927.744	2.53915	-1.56384	1.51278	-1.41962
1931.780	2.52582	-1.70309	1.50787	-1.47885
1935.781	2.54142	-1.76059	1.55340	-1.56960
1939.803	2.59198	-1.66158	1.56518	-1.59287
1943.783	2.50739	-1.50127	1.56697	-1.54404
1947.744	2.45634	-1.58550	1.59048	-1.57488
1951.781	2.45688	-1.40258	1.58391	-1.55240
1955.805	2.49174	-1.38267	1.63849	-1.57236
1959.783	2.49555	-1.43502	1.56742	-1.54474
1963.784	2.55891	-1.32829	1.55393	-1.60780
1967.782	2.63517	-1.28045	1.36868	-1.53177
1971.802	2.63002	-1.26314	1.43600	-1.48880
1975.782	2.64668	-1.37300	1.35340	-1.44829
1979.782	2.67841	-1.30727	1.36494	-1.40049
1983.789	2.63618	-1.40903	1.35948	-1.42992
1987.781	2.67553	-1.44662	1.33468	-1.43917
1991.780	2.73177	-1.49601	1.35194	-1.54700
1995.782	2.79946	-1.57180	1.37863	-1.60070
1999.778	2.83477	-1.60935	1.38542	-1.69283
2003.804	2.93200	-1.53796	1.45864	-1.69121
2007.780	3.00151	-1.53159	1.57875	-1.78984
2011.781	3.05031	-1.51781	1.55827	-1.87011
2015.781	3.03576	-1.46020	1.60332	-1.95103
2019.804	2.96596	-1.50828	1.69331	-1.97498
2023.782	2.98252	-1.51659	1.74836	-2.02662
2027.783	3.05741	-1.45750	1.81843	-2.03820
2031.782	3.04551	-1.45163	1.79301	-2.04029
2035.776	3.08231	-1.43929	1.88150	-1.97761
2039.782	3.10522	-1.40957	1.88529	-1.95515
2043.756	3.05808	-1.35614	1.93529	-1.89638
2047.782	3.03445	-1.35099	1.89357	-1.86762
2051.773	2.97124	-1.39526	1.86528	-1.83289
2055.783	2.92027	-1.41165	1.81850	-1.76215
2059.783	2.84413	-1.43411	1.81032	-1.79347
2063.781	2.85200	-1.54239	1.68082	-1.80990
2067.804	2.83492	-1.43375	1.53183	-1.78303
2071.783	2.78144	-1.21354	1.47784	-1.74113
2075.782	2.58564	-1.24715	1.28961	-1.79089
2079.788	2.44593	-1.16175	1.19696	-1.80179
2083.802	2.03372	-1.21266	1.31843	-1.75798
2087.785	2.05908	-1.10836	1.24220	-1.78387
2091.782	2.32840	-1.27412	1.38542	-1.81161
2095.786	2.36941	-1.17514	1.37769	-1.81343
2099.806	2.32102	-1.28001	1.39582	-1.82540
2103.781	2.49919	-1.15227	1.32679	-1.78086
2107.785	2.54940	-1.09260	1.36551	-1.70798
2111.786	2.62113	-1.07231	1.66324	-1.68234
2115.809	2.53570	-1.09174	1.82500	-1.60690
2119.779	2.49506	-1.03951	1.95579	-1.60524
2123.784	2.48733	-1.08240	2.00217	-1.58257
2127.747	2.54514	-1.19960	2.00834	-1.48081
2131.809	2.68229	-1.31823	1.92094	-1.57018
2135.746	2.68851	-1.28622	1.86841	-1.62341
2139.783	2.70381	-1.31672	1.85948	-1.68174
2143.783	2.73462	-1.38047	1.90083	-1.77279
2147.807	2.70064	-1.38954	1.95676	-1.89623
2151.783	2.72295	-1.47201	2.05863	-2.05381
2155.783	2.70225	-1.53770	1.97969	-2.12013
2159.786	2.73526	-1.44273	2.01538	-2.15433
2163.811	2.77810	-1.50064	1.98083	-2.15170
2167.764	2.81647	-1.53807	1.92485	-2.18642
2171.783	2.86774	-1.53227	1.89835	-2.19223
2175.785	2.87113	-1.52356	1.90758	-2.22867
2179.808	2.85933	-1.50520	1.89778	-2.18769
2183.789	2.86264	-1.53223	1.86270	-2.18173
2187.787	2.82264	-1.52648	1.88450	-2.14627
2191.787	2.82798	-1.54376	1.80429	-2.12538
2195.776	2.83274	-1.58641	1.72223	-2.02685
2199.788	2.89049	-1.55997	1.74149	-1.96858
2203.785	2.86581	-1.62713	1.66894	-1.99185
2207.748	2.86811	-1.71868	1.56858	-2.00024
2211.811	2.69136	-1.80526	1.54158	-2.06422
2215.787	2.52087	-1.90874	1.56313	-1.95975
2219.783	2.53729	-1.93153	1.56206	-1.95948
2223.783	2.50447	-2.04693	1.56558	-1.93449
2227.810	2.60054	-1.99089	1.55296	-1.91984
2231.784	2.60438	-2.06702	1.50946	-1.82794
2235.786	2.60887	-2.06957	1.47697	-1.73746
2239.782	2.49652	-2.04635	1.46013	-1.58044
2243.811	2.46872	-2.06823	1.45968	-1.60451
2247.785	2.54739	-2.07671	1.42000	-1.48685
2251.757	2.45309	-2.06092	1.39058	-1.59180
2255.783	2.54420	-1.99869	1.40487	-1.59227
2259.790	2.59302	-2.00997	1.33795	-1.66760
2263.782	2.57238	-2.08639	1.34485	-1.47116
2267.785	2.55609	-2.01114	1.44954	-1.48800
2271.785	2.49404	-2.04816	1.54170	-1.50790
2275.811	2.48138	-2.07642	1.56300	-1.57500
2279.785	2.49327	-2.01744	1.45113	-1.65163
2283.786	2.48230	-2.02073	1.45936	-1.69834
2287.790	2.59581	-1.98408	1.46256	-1.68156
2291.811	2.60770	-2.01984	1.52521	-1.69881
2295.783	2.57655	-2.02443	1.57855	-1.75378
2299.790	2.64094	-2.01664	1.64980	-1.74518
2303.785	2.45059	-1.98949	1.32671	-1.47860
2307.809	2.15901	-1.80909	0.44671	-1.50005
2311.788	1.08068	-1.26352	-1.53411	-1.17950
2315.786	-0.70672	-0.96905	-1.80382	-0.32543
2319.789	-1.16659	-0.07513	-2.14459	-0.48657
2323.778	-1.63388	0.07715	-3.09703	0.13248
2327.789	-1.38436	0.04250	-2.68103	-0.40275
2331.784	-1.17527	0.14986	-2.53823	-0.41027
2335.787	-1.12479	0.08869	-2.45265	-0.42395
2339.791	-1.42417	0.16897	-2.62551	-0.44413
2343.786	-1.40256	0.30664	-2.87203	-0.23421
2347.786	-1.47868	0.17565	-2.81434	-0.16681
2351.786	-1.55891	0.25376	-3.02692	-0.06501
2355.791	-1.61746	0.15013	-2.90663	-0.11093
2359.787	-1.67514	0.25752	-2.94804	-0.13808
2363.789	-1.70665	0.31003	-2.98180	-0.14291
2367.784	-1.75208	0.24882	-2.93762	-0.17225
2371.794	-1.75560	0.24721	-2.89255	-0.18973
2375.768	-1.79014	0.22299	-2.94235	-0.14773
2379.751	-1.83157	0.21190	-2.99710	-0.07923
2383.789	-1.84178	0.24389	-3.02935	-0.01747
2387.781	-1.86367	0.22385	-3.01042	0.01218
2391.790	-1.85400	0.27824	-3.03905	0.09881
2395.787	-1.83642	0.19787	-3.01042	0.16020
2399.787	-1.84585	0.20564	-2.96364	0.21131
2403.791	-1.87698	0.19826	-2.93126	0.31427
2407.790	-1.89511	0.17251	-2.85400	0.33477
2411.788	-1.88016	0.14993	-2.91502	0.43126
2415.783	-1.86303	0.15373	-2.92747	0.48439
2419.791	-1.87232	0.18257	-2.90572	0.46474
2423.789	-1.82512	0.21128	-2.87198	0.51012
2427.751	-1.81986	0.14867	-2.85061	0.50281
2431.787	-1.85675	0.15609	-2.90745	0.48844
2435.793	-1.85475	0.18143	-2.83336	0.45097
2439.789	-1.86925	0.23842	-2.81622	0.38946
2443.790	-1.89260	0.25414	-2.79399	0.36412
2447.751	-1.89030	0.31079	-2.76819	0.37240
2451.792	-1.85653	0.36928	-2.80285	0.36990
2455.788	-1.84059	0.38684	-2.74781	0.35093
2459.789	-1.83831	0.30640	-2.70983	0.33439
2463.787	-1.86826	0.38083	-2.71842	0.34970
2467.791	-1.89959	0.37243	-2.70500	0.25122
2471.790	-1.88107	0.32085	-2.66746	0.25229
2475.790	-1.85604	0.38021	-2.63611	0.23711
2479.788	-1.86080	0.35287	-2.64183	0.31100
2483.792	-1.86013	0.38135	-2.63950	0.31458
2487.794	-1.84275	0.43053	-2.64975	0.38030
2491.792	-1.81957	0.44529	-2.68185	0.38799
2495.794	-1.82708	0.45244	-2.62766	0.42896
2499.776	-1.79802	0.47738	-2.62690	0.46321
2503.789	-1.77519	0.55219	-2.55393	0.42990
2507.789	-1.71184	0.53410	-2.43828	0.46869
2511.792	-1.69431	0.57114	-2.45639	0.39434
2515.756	-1.68935	0.60807	-2.45364	0.42648
2519.791	-1.64432	0.61598	-2.44881	0.44086
2523.790	-1.70455	0.64894	-2.53157	0.36855
2527.790	-1.80400	0.63071	-2.86210	0.32834
2531.791	-2.83301	0.58786	-4.00559	0.10862
2535.790	-3.49779	0.56938	-5.63724	0.09948
2539.789	-5.52610	0.60103	-7.01597	-0.04669
2543.756	-6.43258	0.57488	-7.70129	-0.16341
2547.790	-7.49317	0.55321	-8.64524	-0.20788
2551.788	-7.69773	0.62262	-8.69372	-0.33436
2555.789	-7.95490	0.67967	-8.97317	-0.46438
2559.787	-8.09316	0.70970	-9.00356	-0.59203
2563.689	-8.08467	0.78016	-8.80774	-0.46894
2567.789	-8.19409	0.71299	-8.74762	-0.46472
2571.791	-8.04638	0.72255	-8.84772	-0.48966
2575.793	-8.14796	0.72522	-8.93384	-0.52673
2579.788	-8.03791	0.71649	-9.01312	-0.56254
2583.771	-8.07477	0.67901	-8.97472	-0.52370
2587.793	-8.12196	0.68158	-8.97973	-0.48433
2591.789	-8.11649	0.69694	-8.97426	-0.48352
2595.793	-8.15778	0.62579	-8.94922	-0.50418
2599.791	-8.14295	0.68865	-8.88961	-0.43068
2603.792	-8.11972	0.63173	-8.87559	-0.46595
2607.791	-8.15504	0.52547	-8.96460	-0.39324
2611.793	-8.09788	0.45630	-9.01982	-0.40174
2615.792	-8.10238	0.35696	-9.03432	-0.41304
2619.791	-8.07470	0.02652	-9.03856	-0.40135
2623.779	-8.11031	0.33816	-9.04674	-0.37683
2627.759	-8.08966	0.29183	-9.03198	-0.39827
2631.792	-8.07567	0.22460	-9.02418	-0.46876
2635.766	-7.98870	0.36129	-9.04546	-0.47425
2639.790	-7.92909	0.32416	-9.00222	-0.54050
2643.794	-7.88999	0.24616	-9.04633	-0.52681
2647.791	-7.82611	0.29329	-9.05158	-0.60945
2651.790	-7.79405	0.29836	-8.98993	-0.67564
2655.790	-7.80416	0.26150	-8.92239	-0.68111
2659.796	-7.78038	0.29086	-8.92730	-0.71812
2663.790	-7.79405	0.41493	-8.84976	-0.69706
2667.766	-7.76789	0.41917	-8.79535	-0.69972
2671.790	-7.74983	0.46702	-8.77594	-0.73138
2675.792	-7.73801	0.51057	-8.77296	-0.71790
2679.792	-7.73526	0.46416	-8.75880	-0.66848
2683.790	-7.75020	0.46431	-8.77999	-0.62004
2687.796	-7.80036	0.36419	-8.79984	-0.53441
2691.797	-7.83680	0.38584	-8.78466	-0.56363
2695.795	-7.86659	0.20214	-8.82078	-0.47341
2699.789	-7.89571	0.12905	-8.88307	-0.39924
2703.794	-7.88229	0.22264	-8.94065	-0.37375
2707.778	-7.88074	0.04436	-8.99019	-0.36540
2711.793	-7.90611	0.09338	-9.05279	-0.29705
2715.791	-7.92943	0.10809	-9.09836	-0.19438
2719.792	-7.98707	0.15141	-9.08699	-0.30949
2723.794	-8.01869	0.18368	-9.07470	-0.31710
2727.757	-8.04314	0.27870	-9.08580	-0.32818
2731.792	-8.07392	0.36835	-9.09633	-0.40698
2735.793	-8.13193	0.30370	-9.05637	-0.40352
2739.795	-8.10343	0.45344	-9.07963	-0.44523
2743.793	-8.10727	0.58762	-9.02067	-0.48889
2747.794	-8.12972	0.55795	-9.02898	-0.49513
2751.759	-8.14071	0.56841	-9.00486	-0.60366
2755.795	-8.13789	0.53317	-9.03169	-0.52752
2759.792	-8.12889	0.55428	-9.08667	-0.60411
2763.792	-8.09859	0.32818	-9.12464	-0.57883
2767.791	-8.04815	0.19031	-9.10768	-0.54991
2771.796	-8.08903	0.16247	-9.11508	-0.55804
2775.792	-8.12019	0.16226	-9.06526	-0.58025
2779.793	-8.09080	0.14530	-9.08689	-0.64243
2783.792	-8.05402	0.00913	-9.07022	-0.68807
2787.798	-8.14813	0.29058	-9.06296	-0.80779
2791.773	-8.19316	0.22151	-9.02387	-0.82726
2795.793	-8.31963	0.36352	-8.98789	-0.90798
2799.797	-8.40684	0.41091	-8.96227	-0.83889
2803.793	-8.48600	0.45078	-8.89720	-0.95558
2807.792	-8.44574	0.53575	-8.86720	-0.98727
2811.795	-8.49107	0.46024	-8.85790	-1.05155
2815.795	-8.50270	0.58233	-8.86008	-1.08939
2819.796	-8.50942	0.62985	-8.85095	-1.08552
2823.794	-8.53578	0.58951	-8.88617	-1.10676
2827.797	-8.19081	0.57422	-8.91122	-1.07950
2831.792	-8.29547	0.62196	-8.91754	-1.04255
2835.799	-8.25588	0.59205	-8.89625	-0.98245
2839.796	-8.14259	0.62318	-8.73361	-0.92229
2843.795	-8.04609	0.48172	-8.37881	-0.74119
2847.794	-7.50842	0.70424	-7.71230	-0.24870
2851.796	-4.99135	1.58334	-6.45334	0.37936
2855.794	-2.01774	3.65226	-0.57039	1.96324
2859.795	-3.72973	7.62997	1.99022	14.33816
2863.792	-3.32075	10.09341	0.63124	14.03891
2867.664	10.41767	9.86629	NaN	NaN
2871.796	NaN	NaN	NaN	NaN
2875.771	NaN	NaN	NaN	NaN
2879.651	NaN	NaN	NaN	NaN
2883.799	NaN	NaN	NaN	NaN
2887.674	NaN	NaN	NaN	NaN
2891.671	NaN	NaN	NaN	NaN
2895.627	NaN	NaN	NaN	NaN
2899.667	NaN	NaN	NaN	NaN
2903.667	NaN	NaN	NaN	NaN
2907.666	NaN	NaN	NaN	NaN
2911.668	NaN	NaN	NaN	NaN
2915.670	NaN	NaN	NaN	NaN
2919.669	NaN	NaN	NaN	NaN
2923.633	NaN	NaN	NaN	NaN
2927.631	NaN	NaN	NaN	NaN
2931.673	NaN	NaN	NaN	NaN
2935.671	NaN	NaN	NaN	NaN
2939.669	NaN	NaN	NaN	NaN
2943.635	NaN	NaN	NaN	NaN
2947.672	NaN	NaN	NaN	NaN
2951.635	NaN	NaN	NaN	NaN
2955.671	NaN	NaN	NaN	NaN
2959.673	NaN	NaN	NaN	NaN
2963.670	4.40137	3.39715	-1.54371	12.51019
2967.671	10.01996	7.17560	-1.32302	11.26171
2971.671	10.66102	5.52254	-1.07180	11.08098
2975.698	10.52372	5.26144	-1.41896	3.61906
2979.674	-1.66735	3.55149	-1.09185	3.42277
2983.673	-0.41606	3.55035	-1.29296	2.13406
2987.673	1.40296	3.40561	-0.51773	3.23356
2991.700	3.80980	3.60636	0.57548	2.67844
2995.689	3.48684	3.50838	1.45534	2.74637
2999.672	3.74666	3.58074	2.54336	3.02221
3003.662	3.69694	3.45942	2.79496	2.83989
3007.665	2.84286	3.46939	2.27590	2.93583
3011.673	2.99277	3.43597	2.24807	2.93554
3015.671	3.10282	3.46333	2.18892	2.88972
3019.673	3.00881	3.64065	2.15048	2.80111
3023.697	2.88128	3.44375	2.16855	2.77972
3027.673	2.88497	3.46654	2.14315	2.83821
3031.672	2.77978	3.43003	2.22681	2.72635
3035.674	2.84828	3.44833	2.19881	2.79079
3039.699	2.75794	3.51197	2.21606	2.84176
3043.670	2.77743	3.39180	2.28321	2.80185
3047.674	2.78966	3.32701	2.21479	2.78023
3051.672	2.78733	3.32811	2.21003	2.61823
3055.665	2.81120	3.27349	2.25157	2.65168
3059.673	2.88881	3.21566	2.25211	2.57071
3063.673	2.86653	3.16329	2.30913	2.54370
3067.674	2.92188	3.11336	2.25261	2.42828
3071.667	2.92720	3.07417	2.29746	2.44922
3075.674	2.99990	2.92494	2.21103	2.44463
3079.673	3.01321	3.02363	2.24750	2.39136
3083.676	3.04147	2.98007	2.23241	2.41119
3087.667	3.01381	3.06386	1.87324	2.37169
3091.675	3.00480	3.08299	1.78719	2.54413
3095.675	2.96794	3.13144	2.09100	2.68324
3099.673	3.01292	3.09031	2.00688	2.64940
3103.710	2.97990	3.14091	2.08979	2.60922
3107.668	2.97581	3.09952	1.98772	2.41370
3111.670	2.92445	3.15155	2.16776	2.51145
3115.675	2.93658	3.05918	2.20136	2.46237
3119.699	2.93012	3.21062	2.12164	2.40326
3123.673	2.95488	3.27234	2.12349	2.40003
3127.674	2.98371	3.32024	2.21677	2.39741
3131.669	2.93272	3.30478	2.28965	2.28909
3135.696	2.88812	3.22326	2.28373	2.18239
3139.636	2.80932	3.21026	2.41588	2.30018
3143.675	2.75576	3.31986	2.48587	2.16668
3147.673	2.76532	3.25029	2.46553	2.13942
3151.697	2.71716	3.30468	2.46023	2.21206
3155.673	2.75774	3.27508	2.47858	2.23464
3159.676	2.83816	3.30785	2.46060	2.26548
3163.673	2.82521	3.21445	2.48482	2.25503
3167.701	2.84618	3.24613	2.44539	2.35508
3171.649	2.79127	3.19376	2.40751	2.39964
3175.673	2.89156	3.19519	2.37686	2.48390
3179.675	2.81511	3.24142	2.37607	2.53208
3183.699	2.79741	3.32392	2.33519	2.56669
3187.674	2.77906	3.32392	2.26718	2.61221
3191.676	2.86111	3.36665	2.24064	2.63077
3195.639	2.85876	3.41108	2.22550	2.71620
3199.679	2.84922	3.47149	2.20186	2.70953
3203.639	2.87037	3.55359	2.20565	2.73883
3207.682	2.80508	3.60591	2.20433	2.74086
3211.664	2.77361	3.63742	2.25523	2.71064
3215.698	2.77423	3.60998	2.33048	2.68994
3219.675	2.77002	3.62060	2.34698	2.55666
3223.673	2.78022	3.57189	2.29644	2.59142
3227.675	2.71431	2.75946	1.36710	1.59073
3231.701	1.48605	0.96803	0.51351	0.89891
3235.672	1.83779	1.05277	0.21455	0.44919
3239.674	2.00777	1.07079	0.31148	0.68078
3243.675	1.95455	1.08582	0.74372	0.45196
3247.701	2.03434	1.05970	0.98459	0.21320
3251.676	1.83290	0.89997	0.81717	0.13864
3255.642	1.76718	0.91515	0.80689	0.14491
3259.642	1.85217	0.88536	0.74503	0.20695
3263.669	1.86412	0.80588	0.85639	0.13412
3267.639	1.79346	0.61745	0.68109	0.19776
3271.675	1.77134	0.79953	0.77972	0.06858
3275.675	1.81607	0.74712	0.61918	0.09119
3279.702	1.88122	0.79556	0.68273	0.09584
3283.679	1.95956	0.78065	0.73920	0.03233
3287.676	1.98437	0.80222	0.65355	-0.01295
3291.682	1.92158	0.75827	0.55084	-0.03451
3295.691	1.90336	0.78587	0.55595	-0.00502
3299.673	1.94350	0.82578	0.47803	-0.03362
3303.677	1.91013	0.90686	0.48004	-0.11385
3307.677	1.82254	0.98860	0.44410	-0.12213
3311.700	1.78134	1.08600	0.40551	-0.26640
3315.676	1.76366	1.04027	0.34844	-0.28775
3319.676	1.71047	1.00857	0.38172	-0.26247
3323.689	1.66911	1.00924	0.40489	-0.35086
3327.700	1.57057	0.93474	0.40420	-0.35130
3331.639	1.50800	0.86645	0.42954	-0.32347
3335.647	1.50219	0.94892	0.47259	-0.30384
3339.642	1.51997	0.84104	0.44830	-0.32819
3343.701	1.54552	0.63809	0.53888	-0.32434
3347.677	1.57359	0.65939	0.58630	-0.30110
3351.673	1.62661	0.55327	0.61260	-0.26406
3355.679	1.73514	0.45539	0.62084	-0.20882
3359.676	1.76259	0.37010	0.65186	-0.14210
3363.680	1.69974	0.24699	0.64769	-0.11815
3367.679	1.84262	-0.09515	0.64429	-0.11760
3371.676	1.84317	-0.09614	0.63114	-0.10401
3375.680	1.89057	-0.20912	0.63144	-0.07290
3379.660	1.91291	-0.14876	0.63533	-0.14195
3383.639	1.92773	-0.10751	0.64300	-0.21843
3387.643	1.95344	-0.21412	0.61744	-0.24269
3391.683	1.93522	-0.17536	0.57094	-0.20738
3395.677	1.92644	-0.20057	0.51989	-0.20373
3399.677	1.96608	-0.27678	0.48895	-0.25571
3403.682	1.95616	-0.27035	0.43775	-0.25636
3407.684	1.95106	-0.27335	0.42671	-0.26941
3411.681	1.92044	-0.27500	0.41164	-0.26066
3415.682	1.85048	-0.26912	0.39219	-0.25559
3419.669	1.74943	-0.26944	0.36973	-0.26317
3423.682	1.67742	-0.31294	0.37447	-0.25293
3427.681	1.58887	-0.31663	0.38052	-0.15761
3431.677	1.69453	-0.22089	0.32764	-0.09738
3435.680	1.75783	-0.13916	0.29247	-0.15883
3439.679	1.70425	0.25603	0.22946	-0.10282
3443.677	1.79998	0.08223	0.20877	0.03469
3447.680	1.74729	0.10742	0.26210	-0.00288
3451.642	1.72793	0.15213	0.42780	-0.06853
3455.684	1.45638	0.07740	0.25401	-0.07040
3459.677	1.42980	-0.02288	0.34310	-0.05405
3463.680	1.60382	0.21603	0.46679	0.12456
3467.679	1.69044	0.50897	0.39437	0.12563
3471.678	1.66289	0.66542	0.61707	0.22693
3475.678	1.74759	1.08473	0.51808	1.38238
3479.679	0.74702	4.22210	-3.31628	2.30707
3483.679	0.04494	4.07316	NaN	NaN
3487.682	NaN	NaN	12.95836	14.19335
3491.684	NaN	NaN	NaN	NaN
3495.680	NaN	NaN	NaN	NaN
3499.681	NaN	NaN	NaN	NaN
3503.662	NaN	NaN	NaN	NaN
3507.636	NaN	NaN	NaN	NaN
3511.642	NaN	NaN	NaN	NaN
3515.679	NaN	NaN	NaN	NaN
3519.676	NaN	NaN	NaN	NaN
3523.678	NaN	NaN	NaN	NaN
3527.679	NaN	NaN	NaN	NaN
3531.681	NaN	NaN	NaN	NaN
3535.641	NaN	NaN	NaN	NaN
3539.679	NaN	NaN	NaN	NaN
3543.681	NaN	NaN	NaN	NaN
3547.673	NaN	NaN	NaN	NaN
3551.679	NaN	NaN	NaN	NaN
3555.678	NaN	NaN	NaN	NaN
3559.683	NaN	NaN	NaN	NaN
3563.683	NaN	NaN	NaN	NaN
3567.645	NaN	NaN	NaN	NaN
3571.686	NaN	NaN	NaN	NaN
3575.647	NaN	NaN	NaN	NaN
3579.678	NaN	NaN	NaN	NaN
3583.683	NaN	NaN	NaN	NaN
3587.679	-5.85161	0.51205	NaN	NaN
3591.687	-5.77551	-2.93697	-2.65347	-0.29551
3595.686	-1.17389	-0.21028	-1.98469	-0.67102
3599.680	-1.58138	-0.90573	0.25964	-0.68110
3603.643	-1.20351	-0.65661	0.44470	-0.41183
3607.681	-1.16947	-0.50964	0.13459	-0.43132
3611.682	-1.02240	-0.43779	-1.19569	-0.56118
3615.645	-1.04213	-0.19004	-2.05806	-0.70756
3619.684	-1.00851	-0.32415	-2.52684	-0.73242
3623.682	-1.06381	-0.32025	-2.32813	-0.66059
3627.581	-1.21913	-0.21296	-2.37429	-0.65831
3631.673	-1.27415	-0.31240	-2.29894	-0.62033
3635.645	-1.24191	-0.40327	-2.30006	-0.72562
3639.683	-1.33314	-0.41506	-2.40285	-0.68542
3643.685	-1.08145	-0.22820	-2.42589	-0.72287
3647.684	-1.30707	-0.12941	-2.42171	-0.74256
3651.684	-1.94516	-0.66207	-2.39141	-0.79195
3655.685	-1.33998	-0.21213	-2.44796	-0.77441
3659.685	-1.31895	-0.43342	-2.44011	-0.77271
3663.681	-1.45678	-0.32194	-2.42413	-0.77237
3667.682	-1.45986	0.06203	-2.47390	-0.79865
3671.646	-1.54849	-0.33668	-2.45973	-0.78707
3675.684	-1.56595	-0.46728	-2.50363	-0.82713
3679.680	-1.61193	-0.36667	-2.49709	-0.83249
3683.684	-1.53406	-0.49086	-2.50263	-0.85666
3687.681	-1.65585	-0.73571	-2.47806	-0.85807
3691.580	-1.70445	-0.81861	-2.47395	-0.86090
3695.685	-1.63078	-0.64425	-2.47908	-0.86065
3699.685	-1.61982	-0.60779	-2.41110	-0.84791
3703.683	-1.63643	-0.68831	-2.45218	-0.87042
3707.581	-1.65213	-0.74609	-2.44390	-0.87363
3711.667	-1.63360	-0.75546	-2.37724	-0.88457
3715.678	-1.60910	-0.81418	-2.37330	-0.88581
3719.683	-1.57181	-0.77021	-2.31772	-0.87775
3723.687	-1.53741	-0.83139	-2.27456	-0.89109
3727.683	-1.50837	-0.81583	-2.25102	-0.88420
3731.681	-1.45304	-0.72403	-2.26631	-0.85244
3735.684	-1.41281	-0.66153	-2.33861	-0.93749
3739.649	-1.34755	-0.61748	-2.45812	-0.99491
3743.682	-1.34819	-0.60054	-2.54155	-0.99728
3747.683	-1.35462	-0.54835	-2.60921	-1.00197
3751.684	-1.28355	-0.48691	-2.68710	-1.00712
3755.684	-1.28926	-0.50740	-2.72050	-0.95230
3759.646	-1.31062	-0.49148	-2.78733	-1.00775
3763.685	-1.32724	-0.40972	-2.74209	-1.04498
3767.685	-1.32994	-0.34665	-2.74702	-1.03352
3771.686	-1.36967	-0.28682	-2.77205	-1.04344
3775.684	-1.35053	-0.23896	-2.79159	-0.96599
3779.685	-1.38798	-0.27487	-2.68586	-1.00456
3783.685	-1.40824	-0.28747	-2.53441	-0.87352
3787.688	-1.36878	-0.57577	-2.60364	-1.02468
3791.684	-1.36814	-0.81837	-2.61392	-1.02073
3795.661	-1.34686	-0.93958	-2.55180	-0.98534
3799.683	-1.38188	-0.92933	-2.51824	-1.01705
3803.685	-1.33790	-0.86363	-2.48696	-1.01154
3807.682	-1.32084	-1.12100	-2.51586	-1.00440
3811.683	-1.32711	-1.10441	-2.54608	-1.02130
3815.686	-1.28259	-1.05633	-2.58251	-0.99134
3819.685	-1.28688	-1.09968	-2.50132	-1.01099
3823.648	-1.24029	-1.15101	-2.55812	-1.00528
3827.649	-1.20906	-1.18631	-2.59019	-1.01471
3831.685	-1.22677	-1.17833	-2.61375	-0.97794
3835.675	-1.23699	-1.23775	-2.61706	-0.93707
3839.677	-1.22186	-1.31089	-2.63333	-0.97560
3843.684	-1.33274	-1.24002	-2.62395	-0.99340
3847.683	-1.35407	-1.02950	-2.61756	-0.99970
3851.689	-1.35643	-0.85883	-2.63177	-1.07617
3855.685	-1.40564	-0.93960	-2.59797	-1.11161
3859.684	-1.45244	-0.70016	-2.61644	-1.09549
3863.687	-1.51149	-0.53649	-2.65354	-1.09945
3867.692	-1.60625	-0.65484	-2.64371	-1.14497
3871.685	-1.68892	-0.48786	-2.67638	-1.18320
3875.687	-1.73705	-0.34020	-2.65835	-1.20914
3879.647	-1.66311	-0.40546	-2.69235	-1.25881
3883.687	-1.65138	-0.27551	-2.73083	-1.27678
3887.685	-1.68582	-0.27285	-2.76866	-1.24131
3891.688	-1.95297	-0.10838	-3.44362	-1.19428
3895.644	-3.89409	-0.03049	-6.29050	-1.06877
3899.587	-5.72387	0.15911	-7.95290	-1.10230
3903.687	-6.55185	-0.00086	-9.06567	-1.12255
3907.688	-7.27067	-0.05901	-9.65052	-1.17547
3911.685	-8.28388	-0.34915	-9.86512	-1.23748
3915.552	-8.09559	-0.47817	-9.31373	-1.20084
3919.559	-7.49805	-0.30162	-9.22820	-1.15105
3923.556	-7.28610	-0.03118	-9.13753	-1.10286
3927.526	-7.27834	0.03826	-9.12232	-0.98270
3931.555	-7.40665	-0.26699	-9.31417	-0.90820
3935.560	-7.58924	-0.48757	-9.61701	-1.02634
3939.561	-7.79734	-0.78511	-9.78522	-1.02619
3943.559	-7.81164	-0.67779	-10.13874	-1.10944
3947.561	-7.84021	-0.81978	-10.15951	-1.12414
3951.562	-7.81992	-0.77988	-10.12392	-1.11837
3955.561	-7.83814	-0.73438	-10.10557	-1.09034
3959.562	-7.82815	-0.80644	-10.05195	-1.08660
3963.588	-7.81831	-0.80016	-10.02858	-1.24557
3967.534	-7.92656	-0.90729	-9.87885	-1.26009
3971.563	-8.04942	-0.98900	-9.91040	-1.35675
3975.564	-8.01915	-1.02388	-9.88213	-1.34941
3979.587	-8.04231	-1.09948	-9.77990	-1.34378
3983.564	-7.96809	-1.08342	-9.61050	-1.40041
3987.563	-8.00538	-1.09003	-9.72043	-1.38331
3991.561	-8.09185	-1.07069	-9.58714	-1.29988
3995.589	-8.23197	-1.09077	-9.60543	-1.28240
3999.562	-8.19494	-1.09318	-9.59935	-1.26435
4003.563	-8.20785	-1.12990	-9.53291	-1.18127
4007.548	-8.30439	-1.09411	-9.51372	-1.16399
4011.585	-8.37536	-0.91701	-9.48487	-1.16463
4015.525	-8.31302	-0.84776	-9.46066	-1.11541
4019.562	-8.33911	-0.84502	-9.46503	-1.11594
4023.565	-8.31465	-0.59105	-9.39095	-1.15308
4027.587	-8.37334	-0.57375	-9.35880	-1.20147
4031.561	-8.35085	-0.49704	-9.28835	-1.21539
4035.562	-8.26993	-0.34464	-9.25608	-1.20942
4039.561	-8.24091	-0.25259	-9.28245	-1.36839
4043.586	-8.20510	-0.25792	-9.22666	-1.39157
4047.566	-8.17648	-0.19994	-9.18252	-1.41006
4051.531	-8.12991	-0.20602	-9.18262	-1.44034
4055.563	-8.04441	-0.05433	-9.15875	-1.52062
4059.589	-7.98376	-0.03504	-9.15800	-1.52896
4063.564	-7.94530	0.08153	-9.16005	-1.56580
4067.564	-7.93038	0.07866	-9.17253	-1.52826
4071.565	-7.90231	0.13803	-9.16032	-1.52523
4075.553	-7.90416	0.23370	-9.20700	-1.50240
4079.565	-7.92653	0.20873	-9.23933	-1.52072
4083.566	-7.95268	0.22715	-9.27953	-1.39320
4087.565	-7.98194	0.20206	-9.32296	-1.30564
4091.557	-8.01024	0.25837	-9.36228	-1.27116
4095.570	-7.95937	0.20945	-9.35068	-1.06133
4099.565	-8.04139	0.21113	-9.38924	-0.93019
4103.564	-7.99956	0.18431	-9.45334	-0.88309
4107.564	-7.94664	0.15263	-9.48717	-0.94401
4111.562	-7.97298	0.20187	-9.42192	-0.97652
4115.565	-7.90068	0.13791	-9.34995	-0.94642
4119.563	-7.88772	0.08640	-9.33468	-0.93450
4123.564	-7.89313	0.08349	-9.28746	-0.91911
4127.564	-7.88604	0.00367	-9.30503	-0.93961
4131.559	-7.86739	-0.04650	-9.29128	-0.95933
4135.557	-7.82964	-0.16508	-9.19280	-1.03140
4139.567	-7.88860	0.03340	-9.30788	-0.95870
4143.563	-7.73277	-0.03041	-8.92178	-1.03498
4147.528	-4.79854	0.28229	-6.94861	-1.10424
4151.564	-2.42225	0.09956	-5.04649	-0.77687
4155.588	-0.70896	0.11889	-3.38385	-0.74180
4159.563	0.34136	0.05131	-1.86704	-0.43075
4163.563	0.73819	-0.26256	-1.60196	-0.31804
4167.567	0.82756	-0.26305	-1.23920	0.08529
4171.588	0.67230	-0.04371	-1.44272	-0.06282
4175.539	0.33111	-0.04652	-1.52541	0.23275
4179.530	-0.15933	0.03874	-1.49331	0.19922
4183.567	-0.60188	-0.11236	-1.57704	0.28787
4187.525	-0.32645	0.05606	-1.15240	0.47049
4191.564	0.86414	1.25260	-0.21217	0.70734
4195.571	4.30006	0.66802	0.00829	0.92009
4199.530	3.70050	0.96044	1.89300	0.83660
4203.561	4.06327	1.29736	2.13442	1.04824
4207.564	-0.80022	0.69702	0.84022	0.81243
4211.571	-0.63431	0.06813	1.71141	0.71974
4215.551	3.54339	0.86179	1.98688	0.90329
4219.526	3.81298	0.88897	1.78349	1.05422
4223.567	1.88606	0.96510	1.37131	1.18008
4227.565	1.80856	0.94389	0.69784	1.19997
4231.564	1.97406	0.94591	1.01648	1.17497
4235.587	1.96452	0.92918	1.38428	1.20644
4239.564	1.91784	0.94239	1.53949	1.13641
4243.567	1.94902	0.89932	1.44775	1.25344
4247.564	1.94940	0.90937	1.34127	1.13897
4251.566	2.02071	0.92815	1.32394	1.02996
4255.568	1.93784	0.91509	1.19892	1.09575
4259.532	1.83355	0.88309	1.19125	1.06123
4263.564	1.77722	0.85642	1.22742	1.02255
4267.589	1.72699	0.81281	1.22628	0.89623
4271.565	1.70132	0.75144	1.30570	0.77927
4275.568	1.77724	0.76824	1.30645	0.91118
4279.565	1.79477	0.74854	1.16076	0.88920
4283.558	1.85933	0.83647	1.14012	0.83590
4287.569	1.97136	0.74742	1.13943	0.85662
4291.568	2.04577	0.65006	1.16818	0.80822
4295.571	1.77298	0.63919	1.18349	0.82963
4299.570	1.78091	0.63230	1.10197	0.80583
4303.566	1.90244	0.61259	1.13298	0.80818
4307.568	1.87029	0.62264	1.13409	0.80232
4311.566	1.97079	0.66824	1.13732	0.78709
4315.574	2.06523	0.68124	1.13280	0.78928
4319.569	2.06379	0.65196	1.12434	0.75229
4323.568	2.12359	0.67942	1.21363	0.69186
4327.567	2.09046	0.67182	1.24404	0.69975
4331.591	2.04252	0.70118	1.25825	0.63482
4335.568	1.96878	0.75299	1.26120	0.63121
4339.561	2.03784	0.73769	1.23637	0.64821
4343.559	2.07608	0.73345	1.28078	0.71226
4347.569	2.06305	0.76566	1.28430	0.76464
4351.531	2.06468	0.79324	1.27294	0.79994
4355.567	2.05618	1.46729	1.19023	1.40141
4359.567	0.58290	3.11244	0.96884	4.83914
4363.594	-1.32795	6.89017	-1.11918	6.66137
4367.567	NaN	NaN	12.89154	11.98631
4371.567	9.20809	15.09371	NaN	NaN
4375.566	NaN	NaN	NaN	NaN
4379.568	NaN	NaN	NaN	NaN
4383.592	NaN	NaN	NaN	NaN
4387.568	NaN	NaN	NaN	NaN
4391.565	NaN	NaN	NaN	NaN
4395.566	NaN	NaN	NaN	NaN
4399.565	NaN	NaN	NaN	NaN
4403.567	NaN	NaN	NaN	NaN
4407.566	NaN	NaN	NaN	NaN
4411.565	NaN	NaN	NaN	NaN
4415.567	NaN	NaN	NaN	NaN
4419.530	NaN	NaN	NaN	NaN
4423.552	NaN	NaN	NaN	NaN
4427.567	NaN	NaN	NaN	NaN
4431.566	NaN	NaN	NaN	NaN
4435.566	NaN	NaN	NaN	NaN
4439.568	NaN	NaN	NaN	NaN
4443.566	NaN	NaN	NaN	NaN
4447.570	NaN	NaN	NaN	NaN
4451.542	NaN	NaN	NaN	NaN
4455.570	NaN	NaN	NaN	NaN
4459.570	NaN	NaN	NaN	NaN
4463.572	NaN	NaN	NaN	NaN
4467.535	NaN	NaN	-3.89325	11.93920
4471.570	NaN	NaN	NaN	NaN
4475.566	NaN	NaN	-3.28006	12.05660
4479.566	8.03708	3.45280	-2.82229	4.10685
4483.570	-3.46783	1.76675	-0.86121	-0.64754
4487.532	-1.76058	-0.10861	-1.75994	-0.33446
4491.571	-3.23123	-0.13075	-0.96038	-0.24602
4495.568	-1.56580	-0.07678	-1.03808	-0.25260
4499.575	-1.45939	0.08138	-1.15712	0.14949
4503.576	-0.39665	0.26779	-0.76501	0.46321
4507.533	0.66682	0.18275	-0.28416	0.72212
4511.558	2.02297	0.22916	-0.39184	0.32156
4515.569	1.61022	0.21886	-0.47743	0.16765
4519.569	1.51055	0.24689	-0.26622	0.11212
4523.570	1.33143	0.28705	-0.40040	0.03126
4527.535	1.23818	0.33670	-0.39355	0.09010
4531.573	1.18832	0.32818	-0.25043	0.10322
4535.571	1.08822	0.43925	-0.23619	0.03640
4539.569	1.08979	0.38797	-0.14628	0.22891
4543.570	0.90743	0.42461	-0.14454	0.08282
4547.564	0.96678	0.40038	-0.12280	0.02808
4551.563	0.90629	0.29502	-0.13004	0.00199
4555.570	0.88523	0.27830	-0.10401	-0.00283
4559.572	0.79446	0.34626	-0.06182	-0.01389
4563.574	0.84429	0.34367	-0.04844	0.01347
4567.573	0.89101	0.32503	-0.04038	0.08111
4571.571	0.91877	0.30056	0.01958	0.13446
4575.569	0.90245	0.30066	0.03465	0.15170
4579.572	0.88441	0.34238	0.07004	0.22339
4583.570	0.93723	0.37360	0.09071	0.24839
4587.570	0.93733	0.51675	-0.04864	0.25212
4591.572	0.94894	0.42505	-0.19288	0.25798
4595.576	1.01548	0.46308	-0.15427	0.19849
4599.539	1.04697	0.45515	-0.18057	0.17342
4603.571	1.08123	0.40136	-0.19723	0.20796
4607.568	1.09125	0.29615	-0.18000	0.09244
4611.574	1.14665	0.27038	-0.22286	0.09048
4615.571	1.09519	0.25823	-0.19474	-0.00567
4619.571	1.13826	0.13316	-0.14357	-0.05748
4623.571	1.15709	0.17113	-0.27942	-0.02646
4627.540	1.15610	0.06355	-0.25877	-0.07407
4631.558	1.20045	0.01575	-0.14335	-0.11197
4635.535	1.24667	-0.05811	-0.15960	-0.03141
4639.575	1.17852	-0.13100	-0.17395	-0.05270
4643.575	1.16540	-0.18521	-0.13459	-0.06001
4647.575	1.15657	-0.27587	-0.13161	-0.12437
4651.572	0.98117	-0.32604	-0.07741	-0.07818
4655.572	0.79627	-0.32109	-0.06959	-0.07055
4659.576	0.84359	-0.37644	0.04599	-0.12718
4663.572	0.99906	-0.25779	-0.06659	-0.08633
4667.573	1.00233	-0.34487	-0.08349	-0.04843
4671.576	1.03176	-0.28239	-0.04926	-0.04552
4675.579	1.03615	-0.28410	-0.04619	-0.05087
4679.574	0.97281	-0.23633	-0.04780	-0.15971
4683.574	0.87322	-0.17380	-0.00725	-0.24374
4687.571	0.97343	-0.02104	-0.03276	-0.25438
4691.573	0.89346	-0.00311	0.02159	-0.27048
4695.571	0.97611	-0.03667	0.02231	-0.36448
4699.576	0.99908	0.05839	-0.00328	-0.29101
4703.575	1.06944	0.09277	0.00474	-0.32669
4707.574	1.10333	-0.01016	0.02435	-0.34669
4711.572	1.06766	0.03675	0.01325	-0.38048
4715.553	1.06314	-0.03411	0.03375	-0.40044
4719.573	1.07359	-0.03660	-0.00586	-0.47518
4723.575	1.11616	-0.07553	0.01228	-0.47483
4727.573	1.13742	-0.10323	0.02040	-0.34254
4731.572	1.13819	-0.15135	0.08252	-0.32137
4735.574	1.16696	-0.19656	0.02971	-0.19417
4739.573	1.20274	-0.28550	-0.07123	-0.17568
4743.574	1.22315	-0.24165	-0.21135	-0.16283
4747.576	1.21866	-0.24742	-0.23877	-0.13118
4751.575	1.27217	-0.17959	-0.28175	-0.09979
4755.474	1.49728	-0.11444	-0.31334	-0.13016
4759.568	1.45142	0.02139	-0.12945	-0.03849
4763.573	1.40475	0.05192	0.03206	0.00427
4767.575	1.56677	0.06200	0.01300	0.01302
4771.576	1.68640	0.15993	0.11419	0.02008
4775.574	1.64982	0.12598	0.06614	-0.00094
4779.574	1.65557	-0.00949	0.10245	-0.00216
4783.575	1.49656	0.15774	0.17824	0.00375
4787.578	1.59725	0.03266	0.22443	0.03201
4791.576	1.51308	-0.20518	0.21447	0.05636
4795.575	1.47732	-0.15916	0.18422	0.09877
4799.553	1.53356	-0.16062	0.26473	0.13331
4803.578	1.46345	-0.40910	0.26153	0.12519
4807.573	1.49299	-0.48585	0.18794	0.09040
4811.575	1.36648	-0.47331	0.15685	0.08742
4815.577	1.37340	-0.51181	0.15022	0.09179
4819.576	1.33205	-0.51045	0.11692	0.14234
4823.576	1.34197	-0.54396	0.10982	0.13863
4827.576	1.36208	-0.55655	0.06316	0.05653
4831.577	1.34790	-0.55310	0.07299	0.05193
4835.582	1.32069	-0.51470	0.14660	-0.01230
4839.559	1.30476	-0.46472	0.17616	-0.01921
4843.571	1.26081	-0.47777	0.14893	-0.06573
4847.576	1.18388	-0.40748	0.14002	-0.20826
4851.574	1.18574	-0.35196	0.18586	-0.18488
4855.574	1.17356	-0.25308	0.21303	-0.21723
4859.575	1.19480	-0.23311	0.12833	-0.27369
4863.577	1.16262	-0.18544	0.06899	-0.38903
4867.581	1.15555	-0.19821	-0.06249	-0.40834
4871.574	1.11589	-0.22742	0.13531	-0.41308
4875.576	1.10767	-0.18340	0.07279	-0.39606
4879.578	1.15744	-0.19679	-0.02139	-0.34388
4883.581	1.16292	-0.21224	-0.04691	-0.23984
4887.579	1.19130	-0.19532	0.05395	-0.37877
4891.577	1.14801	-0.19828	0.07890	-0.29496
4895.533	1.10733	-0.18179	0.01320	-0.19425
4899.583	1.12864	-0.15431	0.02807	-0.24064
4903.577	1.05361	-0.14480	0.06120	-0.21184
4907.576	1.02650	0.03019	0.09232	-0.18972
4911.575	1.00288	0.13747	0.13776	-0.21047
4915.581	1.04119	0.35881	0.09061	-0.22598
4919.579	1.00730	0.44524	0.11905	-0.25448
4923.556	1.03263	0.37277	0.12377	-0.26844
4927.579	1.00794	0.45670	0.13506	-0.32020
4931.579	1.01134	0.55714	0.09622	-0.29687
4935.578	1.02397	0.54345	0.06467	-0.33638
4939.579	1.04339	0.58046	0.05974	-0.42074
4943.455	1.02714	0.59124	0.01176	-0.39005
4947.446	1.06706	0.61374	-0.01948	-0.45232
4951.576	1.06714	0.58254	-0.03852	-0.46308
4955.454	1.09934	0.57846	-0.11816	-0.40282
4959.453	1.17066	0.50121	-0.11419	-0.36448
4963.412	1.26733	0.45010	-0.11262	-0.26954
4967.452	1.25709	0.48234	-0.06820	-0.42188
4971.425	1.30702	0.33860	-0.04450	-0.38729
4975.454	1.30858	0.24226	-0.07979	-0.40471
4979.444	1.32235	0.24124	-0.06008	-0.47580
4983.457	1.39024	0.15412	-0.08190	-0.38434
4987.454	1.36826	0.13849	-0.10046	-0.36056
4991.454	1.36261	-0.18798	-0.09029	-0.21671
4995.451	1.26939	-0.26962	0.00886	-0.16786
4999.451	1.20537	-0.40298	0.00715	-0.18537
5003.455	1.17297	-0.31735	0.04137	-0.30013
5007.416	1.08155	-0.37942	0.07301	-0.29863
5011.470	1.09547	-0.48856	0.07051	-0.24983
5015.450	1.03215	-0.44194	0.03956	-0.18701
5019.421	0.97986	-0.43424	0.01179	-0.24779
5023.453	1.04912	-0.66276	0.04003	-0.25038
5027.448	1.01759	-0.80724	-0.00948	-0.25761
5031.417	1.19621	-0.60711	0.04033	-0.19241
5035.451	1.31682	-0.53942	0.09540	-0.10638
5039.454	1.08515	-0.42429	0.05783	-0.00159
5043.476	1.29650	-0.27103	0.11237	-0.13674
5047.453	1.18951	-0.28319	0.10500	-0.19248
5051.452	1.27291	-0.43981	0.07376	-0.24066
5055.448	1.28336	-0.22381	0.07644	-0.09629
5059.474	1.32929	-0.36421	0.09796	-0.23999
5063.455	1.41092	-0.29653	0.08565	-0.30800
5067.415	1.48560	-0.15866	0.11644	-0.39244
5071.450	1.44408	-0.18283	0.18181	-0.30368
5075.480	1.34822	-0.13559	0.21782	-0.42153
5079.451	1.26845	-0.08494	0.20574	-0.48439
5083.458	1.22623	-0.05637	0.17290	-0.48991
5087.456	1.17518	-0.09784	0.16404	-0.50363
5091.478	1.20137	-0.15376	0.15710	-0.49411
5095.445	1.20040	-0.02800	0.21901	-0.48412
5099.416	1.19125	-0.01560	0.16779	-0.51739
5103.456	1.13853	0.06211	0.09222	-0.53270
5107.477	1.13588	0.06822	0.06812	-0.48079
5111.454	1.06974	0.01396	0.05088	-0.43306
5115.453	1.07269	-0.00646	0.07073	-0.40011
5119.452	1.07252	-0.14234	-0.04400	-0.33782
5123.478	1.07101	-0.16748	-0.10957	-0.30857
5127.456	1.10482	-0.18251	-0.07579	-0.30666
5131.455	1.03665	-0.28425	-0.10265	-0.28238
5135.452	1.00335	-0.28115	-0.13402	-0.29501
5139.447	1.00653	-0.25133	-0.13044	-0.30529
5143.456	1.01283	-0.31096	-0.12089	-0.27331
5147.455	1.05838	-0.37215	-0.08674	-0.26154
5151.456	1.04272	-0.44482	-0.03286	-0.26449
5155.454	1.01345	-0.48740	-0.03869	-0.24504
5159.453	1.03129	-0.52869	-0.05619	-0.27523
5163.456	1.01236	-0.43973	-0.04450	-0.37534
5167.445	1.04687	-0.31506	0.02685	-0.29088
5171.477	1.05508	-0.32763	-0.04673	-0.24275
5175.457	1.03851	-0.37448	-0.06212	-0.26362
5179.424	1.11559	-0.30452	-0.02569	-0.32773
5183.457	1.11120	-0.31140	-0.08825	-0.31051
5187.450	1.07669	-0.32780	-0.08292	-0.39795
5191.453	1.08609	-0.41803	-0.11146	-0.46971
5195.455	1.11244	-0.40108	-0.17946	-0.42921
5199.459	1.13462	-0.45350	-0.15509	-0.39572
5203.482	1.17637	-0.47826	-0.15367	-0.34001
5207.455	1.15409	-0.23448	-0.09748	-0.31685
5211.455	1.16433	-0.23445	-0.08403	-0.41425
5215.458	1.16161	-0.33688	0.06475	-0.46912
5219.472	1.18138	-0.32312	0.08768	-0.46782
5223.453	1.19428	-0.27822	0.18065	-0.50012
5227.457	1.21112	-0.15967	0.25172	-0.57188
5231.455	1.21623	-0.23403	0.32372	-0.52444
5235.472	1.18430	-0.25691	0.39392	-0.50941
5239.455	1.12762	-0.14735	0.42634	-0.57232
5243.455	1.09877	-0.23662	0.45713	-0.47815
5247.454	1.04868	-0.19670	0.44758	-0.52888
5251.481	1.12124	-0.35291	0.39172	-0.58270
5255.458	1.14154	-0.32508	0.37241	-0.47577
5259.454	1.08852	-0.44941	0.33580	-0.49172
5263.452	1.07388	-0.41383	0.30183	-0.51093
5267.480	0.98519	-0.44346	0.23090	-0.49550
5271.460	0.88237	-0.49855	0.20609	-0.42670
5275.456	0.88738	-0.54618	0.18923	-0.41733
5279.458	0.90349	-0.73247	0.12625	-0.34306
5283.483	0.95606	-0.74158	0.11252	-0.33012
5287.460	0.92187	-0.80950	0.06599	-0.38945
5291.457	0.97688	-0.86742	0.01985	-0.46300
5295.457	0.95542	-0.82644	0.03832	-0.49620
5299.477	0.93666	-0.91000	0.07450	-0.52858
5303.424	0.93006	-0.88305	0.08431	-0.59251
5307.458	0.96983	-0.94315	0.08140	-0.65147
5311.471	1.00067	-0.97029	0.09917	-0.64153
5315.482	1.01141	-0.96301	0.05477	-0.70839
5319.459	0.97946	-1.00281	0.01593	-0.67065
5323.457	1.01739	-0.95213	0.00032	-0.63559
5327.457	0.99727	-0.90696	-0.06706	-0.64834
5331.448	0.97038	-0.82621	-0.05229	-0.62098
5335.461	0.97544	-0.74967	-0.06577	-0.56433
5339.459	1.03337	-0.66085	-0.08934	-0.49195
5343.446	1.04275	-0.66219	-0.04341	-0.52140
5347.480	1.09333	-0.62114	-0.06065	-0.41361
5351.457	1.05761	-0.55775	-0.11860	-0.43589
5355.459	0.70039	-0.39581	-0.30548	-0.37183
5359.458	0.72824	-0.53079	-0.84399	-0.35731
5363.481	-0.03814	-0.62918	-1.85881	-0.37919
5367.456	-0.19015	-0.86113	-2.04297	-0.50502
5371.459	-0.33094	-0.90119	-1.57771	-0.57207
5375.462	-0.37094	-0.82238	-1.49081	-0.61854
5379.483	-0.36692	-0.81963	-1.15756	-0.66120
5383.462	-0.31451	-0.76617	-0.92696	-0.73542
5387.426	-0.22040	-0.74630	-1.19453	-0.75990
5391.460	-0.33288	-0.46320	-1.28241	-0.81494
5395.481	-0.28039	-0.60823	-1.29970	-0.82035
5399.460	-0.32729	-0.70781	-1.42660	-0.90324
5403.465	-0.31940	-0.69767	-1.41536	-0.99160
5407.460	-0.26711	-0.75598	-1.15560	-0.90236
5411.480	-0.24326	-0.86142	-1.34795	-0.85501
5415.457	-0.20921	-0.74858	-1.35157	-0.79830
5419.458	-0.16280	-0.67971	-1.37230	-0.75433
5423.464	-0.09535	-0.61171	-1.40864	-0.79098
5427.461	-0.06346	-0.56031	-1.31662	-0.79370
5431.457	-0.01725	-0.57462	-1.30697	-0.85738
5435.460	0.00079	-0.62237	-1.35616	-0.81889
5439.421	-0.01633	-0.63745	-1.28102	-0.75364
5443.452	-0.00089	-0.69706	-1.16379	-0.78179
5447.496	-0.00452	-0.64801	-1.18979	-0.74229
5451.461	-0.04815	-0.59854	-1.27966	-0.76363
5455.457	-0.18057	-0.62048	-1.20953	-0.76737
5459.462	-0.22147	-0.63201	-1.10038	-0.78253
5463.459	-0.26202	-0.64314	-0.95949	-0.84233
5467.456	-0.39410	-0.72042	-0.87724	-0.82856
5471.454	-0.36787	-1.15600	-0.95914	-0.85612
5475.465	-0.41115	-1.19375	-1.00901	-0.77505
5479.460	-0.37067	-1.77509	-0.97412	-0.74319
5483.461	-0.38588	-1.42351	-1.06069	-0.75231
5487.462	-0.38650	-1.49386	-1.18455	-0.69321
5491.463	-0.44922	-1.46037	-1.26711	-0.70345
5495.460	-0.42281	-1.55282	-1.39311	-0.68426
5499.459	-0.32764	-1.78910	-1.38505	-0.68523
5503.467	-0.22021	-1.75637	-1.31196	-0.65187
5507.462	-0.10711	-1.67644	-1.34944	-0.62111
5511.463	-0.15171	-1.70521	-1.44026	-0.62945
5515.460	-0.10376	-1.66266	-1.47843	-0.61596
5519.473	-0.00784	-1.57698	-1.54641	-0.63556
5523.463	-0.01794	-1.22083	-1.47419	-0.56149
5527.426	0.01742	-1.19733	-1.46777	-0.56275
5531.461	0.06356	-1.29944	-1.41613	-0.54950
5535.457	0.09245	-0.75803	-1.34219	-0.57724
5539.460	0.10997	-0.90635	-1.32443	-0.63202
5543.461	0.13394	-0.87837	-1.27296	-0.67699
5547.463	0.06021	-0.76869	-1.22824	-0.64764
5551.447	0.05728	-0.85430	-1.23608	-0.54515
5555.462	0.04398	-0.76551	-1.18780	-0.56498
5559.462	0.03881	-0.74414	-1.17629	-0.58483
5563.461	-0.00045	-0.75917	-1.18507	-0.52727
5567.463	-0.00370	-0.84362	-1.21132	-0.53755
5571.458	-0.06582	-0.87991	-1.24017	-0.56363
5575.462	-0.08857	-0.87681	-1.24942	-0.59025
5579.462	-0.10850	-0.90888	-1.32366	-0.59419
5583.426	-0.16089	-0.96346	-1.36094	-0.63323
5587.465	-0.18663	-0.99928	-1.36561	-0.66032
5591.462	-0.14632	-1.04533	-1.39130	-0.77345
5595.428	-0.05852	-0.94575	-1.42888	-0.58865
5599.461	-0.00196	-1.02315	-1.45410	-0.59882
5603.465	0.13933	-1.02797	-1.44959	-0.58042
5607.464	0.14126	-0.99299	-1.44572	-0.55812
5611.465	0.13215	-1.00263	-1.45648	-0.55757
5615.463	0.15777	-0.93593	-1.45472	-0.47989
5619.456	0.12980	-0.99804	-1.27681	-0.54015
5623.461	0.16375	-1.02124	-1.15047	-0.56829
5627.426	0.03919	-1.03026	-1.02722	-0.51336
5631.465	0.06656	-1.12493	-1.18450	-0.53169
5635.363	0.10637	-1.19336	-1.30824	-0.52966
5639.458	0.05879	-1.14907	-1.15935	-0.70670
5643.430	-0.05301	-1.10962	-1.18989	-0.68628
5647.464	-0.00107	-1.15309	-1.23935	-0.75882
5651.360	-0.08912	-1.13888	-1.12122	-0.78416
5655.462	-0.10178	-1.19795	-1.06793	-0.91501
5659.461	-0.08351	-1.22647	-1.12767	-0.96757
5663.465	-0.12655	-1.21178	-1.20001	-1.04359
5667.463	-0.13076	-1.18916	-1.20152	-1.06426
5671.461	-0.13650	-1.15282	-1.18929	-1.12821
5675.455	-0.10888	-1.13205	-1.16017	-1.13701
5679.458	-0.13320	-1.10498	-1.10115	-1.18469
5683.464	-0.12017	-1.10388	-1.05664	-1.16345
5687.463	-0.16764	-1.11161	-1.03813	-1.14024
5691.463	-0.17931	-1.10833	-1.00236	-1.08859
5695.460	-0.18003	-1.14636	-0.93068	-1.17134
5699.462	-0.19092	-1.15587	-0.96740	-1.07206
5703.466	-0.21894	-1.14280	-0.98308	-1.08184
5707.463	-0.22395	-1.21260	-0.90939	-1.09948
5711.467	-0.17707	-1.13274	-0.84141	-1.09214
5715.363	-0.21705	-0.98586	-0.88676	-1.04022
5719.435	-0.22003	-1.01142	-0.92976	-0.95188
5723.463	-0.24569	-1.00983	-1.01221	-0.88710
5727.465	-0.23956	-1.03025	-1.10296	-0.82655
5731.374	-0.25056	-0.90607	-1.15282	-0.80030
5735.465	-0.19397	-0.75827	-1.25617	-0.71038
5739.461	-0.15044	-0.90016	-1.02059	-0.74951
5743.461	0.27475	-0.92375	-0.85830	-0.57570
5747.363	1.59745	-0.91605	0.04408	-0.51869
5751.464	2.56711	-0.94247	0.59498	-0.64204
5755.465	2.87274	-0.81571	0.79776	-0.63004
5759.449	2.71969	-0.91208	0.75327	-0.71886
5763.366	1.91583	-1.08716	0.80260	-0.80888
5767.465	1.90948	-1.12708	0.74461	-0.75121
5771.465	2.05469	-1.02605	0.60205	-0.96413
5775.463	2.27974	-1.09380	0.74759	-1.02697
5779.339	2.32531	-1.19769	0.72883	-1.17096
5783.465	2.22010	-1.29082	0.83014	-1.26068
5787.466	2.36487	-1.27893	0.94619	-1.15763
5791.465	2.40590	-1.24894	0.94204	-1.22118
5795.364	2.33888	-1.23421	0.99211	-1.24935
5799.465	2.30598	-1.33876	0.98787	-1.27426
5803.433	2.24715	-1.36167	0.88858	-1.22041
5807.467	2.33306	-1.36693	0.74605	-1.23945
5811.362	2.33323	-1.43400	0.75694	-1.24593
5815.466	2.38028	-1.41742	0.76826	-1.15726
5819.464	2.36906	-1.32595	0.61270	-1.12136
5823.429	2.32815	-1.29045	0.95807	-1.09206
5827.334	2.30880	-1.31965	0.85677	-1.05054
5831.466	2.28351	-1.22016	0.86156	-1.05622
5835.467	2.16074	-1.11757	0.74052	-1.05876
5839.468	2.13779	-1.16808	0.78357	-1.05557
5843.368	2.08476	-1.13654	0.68732	-1.03329
5847.428	2.14206	-1.08048	0.81741	-1.03043
5851.465	2.09140	-1.00035	0.77166	-1.03431
5855.462	2.24146	-1.02133	0.78027	-1.07885
5859.363	2.12169	-1.01439	0.77146	-1.13980
5863.462	2.09133	-1.05586	0.77742	-1.21520
5867.430	2.09403	-1.13259	0.72925	-1.23208
5871.463	2.08037	-1.25604	0.71300	-1.35546
5875.363	2.20870	-1.31736	0.68367	-1.50995
5879.464	2.26564	-1.46729	0.68888	-1.30694
5883.427	2.23154	-1.27902	0.67278	-1.39302
5887.467	2.30635	-1.41626	0.69846	-1.38902
5891.362	2.36827	-1.47974	0.71722	-1.44280
5895.424	2.27833	-1.48187	0.76940	-1.48045
5899.466	2.23494	-1.39536	0.80925	-1.41597
5903.466	2.31312	-1.44359	0.98717	-1.31357
5907.365	2.25154	-1.23659	0.81704	-1.07034
5911.468	2.25221	-1.18492	0.67307	-1.23095
5915.430	2.32798	-1.27628	0.76454	-1.29560
5919.470	2.33881	-1.17350	0.74935	-1.32607
5923.364	2.29765	-1.29966	0.76029	-1.44186
5927.469	2.27773	-1.27283	0.76915	-1.46307
5931.467	2.24614	-1.37473	0.68459	-1.67041
5935.466	2.18515	-1.44268	0.79521	-1.64810
5939.377	2.18709	-1.34942	0.76501	-1.63242
5943.468	2.18089	-1.31565	0.69791	-1.75553
5947.465	2.15447	-1.10894	0.66605	-1.81490
5951.467	2.15869	-1.02479	0.53031	-1.79918
5955.366	2.12907	-1.04675	0.60816	-1.72980
5959.466	2.11472	-1.24966	0.60903	-1.63062
5963.470	2.05658	-1.13197	0.63521	-1.45370
5967.469	2.00896	-1.18845	0.60938	-1.69167
5971.366	2.00767	-1.46143	0.64660	-1.61812
5975.466	1.94231	-1.47211	0.62424	-1.55528
5979.468	1.99285	-1.46929	0.63456	-1.47816
5983.431	2.04074	-1.28571	0.60121	-1.48023
5987.368	2.14337	-1.14439	0.61488	-1.45951
5991.343	2.17784	-1.07539	0.64608	-1.43428
5995.345	2.23529	-1.18438	0.64464	-1.37356
5999.343	2.23030	-1.28974	0.64848	-1.40043
6003.471	2.37847	-1.27668	0.67446	-1.46645
6007.349	2.22547	-1.29523	0.67216	-1.52155
6011.344	2.28754	-1.28433	0.68523	-1.55117
6015.324	2.35424	-1.30142	0.64389	-1.51552
6019.472	2.47705	-1.23815	0.70057	-1.48946
6023.341	2.47630	-1.17678	0.59622	-1.50546
6027.346	2.46526	-1.15022	0.62992	-1.47396
6031.343	2.43929	-1.14944	0.64603	-1.43807
6035.470	2.57466	-1.16315	0.81069	-1.36651
6039.344	2.55619	-1.16617	0.76327	-1.27869
6043.348	2.53635	-1.11631	0.78898	-1.17747
6047.344	2.55029	-0.33098	0.56582	-0.41938
6051.340	0.77851	0.86162	-1.89099	0.41666
6055.338	0.80404	0.82828	-1.99282	0.92176
6059.345	-0.49686	1.72894	NaN	NaN
6063.342	-2.44908	3.61499	3.68671	9.11216
6067.342	7.43198	7.98999	0.67565	4.32372
6071.306	3.34108	15.09034	NaN	NaN
6075.344	NaN	NaN	NaN	NaN
6079.346	NaN	NaN	NaN	NaN
6083.341	NaN	NaN	NaN	NaN
6087.343	NaN	NaN	NaN	NaN
6091.342	NaN	NaN	NaN	NaN
6095.341	NaN	NaN	NaN	NaN
6099.315	NaN	NaN	NaN	NaN
6103.341	NaN	NaN	NaN	NaN
6107.348	NaN	NaN	NaN	NaN
6111.341	NaN	NaN	NaN	NaN
6115.342	NaN	NaN	NaN	NaN
6119.306	NaN	NaN	NaN	NaN
6123.343	NaN	NaN	NaN	NaN
6127.345	NaN	NaN	NaN	NaN
6131.340	NaN	NaN	NaN	NaN
6135.345	NaN	NaN	NaN	NaN
6139.328	NaN	NaN	NaN	NaN
6143.341	NaN	NaN	NaN	NaN
6147.344	NaN	NaN	NaN	NaN
6151.347	NaN	NaN	NaN	NaN
6155.342	NaN	NaN	NaN	NaN
6159.344	NaN	NaN	NaN	NaN
6163.344	NaN	NaN	NaN	NaN
6167.345	3.24061	0.83560	-2.19628	13.13095
6171.346	4.02085	4.59134	-1.73839	13.14826
6175.346	4.72753	4.65937	-2.12478	4.76252
6179.347	0.21020	4.30860	NaN	NaN
6183.346	-1.52694	0.56038	NaN	NaN
6187.312	-4.44938	1.15039	-3.24006	1.65641
6191.369	-1.94900	1.60798	-0.80210	1.48657
6195.348	-0.11920	0.57434	0.39397	0.51482
6199.343	-0.40668	0.49333	-0.32908	-0.01722
6203.346	-0.51550	0.50925	-0.40829	0.14596
6207.372	-0.30945	0.51324	-1.63068	0.24856
6211.346	-0.26264	0.79941	-0.12528	0.63735
6215.346	0.98770	1.25671	-0.05909	0.37465
6219.346	1.56082	1.24359	-0.01735	0.62667
6223.377	1.83040	1.42430	0.08852	0.44516
6227.309	1.96789	1.27065	0.11920	0.45115
6231.346	1.50254	0.69473	-0.00221	0.35720
6235.348	1.48039	0.44849	0.03688	0.24136
6239.306	1.35556	0.34448	0.12836	0.03867
6243.346	1.48250	0.41697	-0.01715	-0.04781
6247.346	1.41487	0.37719	0.06093	-0.51543
6251.346	1.50604	0.06968	-0.00720	-0.43562
6255.312	1.53771	0.12577	-0.13322	-0.30181
6259.346	1.44708	0.12619	-0.12923	-0.29652
6263.310	1.29578	0.03605	-0.18320	-0.45754
6267.347	1.27839	0.09582	-0.17750	-0.57924
6271.338	1.25270	0.06243	-0.18442	-0.57086
6275.349	1.24059	0.03630	-0.27416	-0.62478
6279.348	1.26961	0.02914	-0.23276	-0.65166
6283.349	1.28437	0.03823	-0.32116	-0.62117
6287.312	1.25592	0.01491	-0.31868	-0.61869
6291.347	1.31724	-0.05908	-0.40164	-0.58382
6295.348	1.17962	-0.09329	-0.33307	-0.53488
6299.349	1.26949	-0.09259	-0.24686	-0.58236
6303.348	1.27706	-0.04415	-0.23341	-0.59069
6307.327	1.33411	0.07689	-0.19852	-0.61914
6311.347	1.32671	0.00596	-0.26587	-0.65024
6315.347	1.36948	0.07251	-0.27716	-0.56286
6319.339	1.32173	-0.07493	-0.25976	-0.51535
6323.310	1.28834	-0.00636	-0.29647	-0.41378
6327.310	1.30774	-0.05436	-0.24286	-0.42384
6331.310	1.17637	-0.04713	-0.40474	-0.34969
6335.372	1.25979	-0.04817	-0.29687	-0.49831
6339.349	1.24133	-0.01287	-0.29652	-0.48263
6343.350	1.23647	-0.01615	-0.41425	-0.45427
6347.332	1.24307	-0.00842	-0.45130	-0.41623
6351.350	1.29236	-0.02502	-0.46314	-0.35794
6355.349	1.28859	-0.05346	-0.43946	-0.30707
6359.348	1.24902	-0.06350	-0.36750	-0.33744
6363.346	1.20358	-0.02395	-0.37859	-0.37677
6367.371	1.12960	0.01038	-0.42661	-0.46394
6371.350	1.10886	0.11548	-0.45892	-0.47713
6375.350	1.17622	0.08395	-0.39651	-0.44987
6379.348	1.15811	0.10755	-0.39725	-0.52635
6383.348	1.15322	0.12921	-0.35945	-0.62860
6387.353	1.27261	0.21616	-0.29999	-0.56912
6391.316	1.27328	0.17569	-0.27783	-0.50685
6395.349	1.22419	0.13331	-0.30176	-0.48586
6399.348	1.05121	0.07416	-0.37752	-0.48687
6403.352	1.16215	-0.00492	-0.36702	-0.54822
6407.348	1.31900	0.02964	-0.35320	-0.58323
6411.350	1.22920	0.15567	-0.36333	-0.48943
6415.348	1.24208	0.08554	-0.35412	-0.47075
6419.315	1.31969	-0.06315	-0.44415	-0.48088
