time (ms)	lx (deg)	ly (deg)	rx (deg)	ry (deg)
0.000	1.09611	-0.18671	0.13178	-0.79107
4.106	1.12812	-0.13533	0.12751	-0.84893
8.099	1.18356	-0.18963	0.09637	-0.82536
12.100	1.20254	-0.18419	0.07306	-0.82416
16.006	1.13166	-0.30104	0.08264	-0.79318
20.066	1.12288	-0.38471	0.08969	-0.73654
23.979	1.02955	-0.31580	0.12091	-0.59956
27.979	1.07383	-0.33580	0.06961	-0.57295
31.945	1.11777	-0.29336	0.05750	-0.43729
35.979	1.11561	-0.41035	0.04643	-0.42640
39.981	1.09847	-0.48028	-0.00305	-0.28922
43.977	1.10889	-0.59987	-0.07656	-0.11868
47.980	1.11234	-0.61378	-0.09686	0.05092
51.980	1.18941	-0.73193	-0.06512	0.02182
55.981	1.18326	-0.73479	-0.03321	0.09835
59.978	1.25431	-0.74019	-0.00908	0.23142
63.979	1.41841	-0.73902	-0.10878	0.16010
67.979	1.42122	-0.76634	-0.18134	0.24822
71.975	1.48369	-0.74796	-0.10116	0.34843
75.972	1.48674	-0.91975	0.05207	0.36013
79.978	1.53756	-0.86758	-0.13300	0.38856
83.978	1.55492	-0.78189	-0.09475	0.40317
87.978	1.54398	-0.69715	-0.01958	0.35405
91.978	1.26872	-0.67821	-0.08996	0.22881
95.979	1.10911	-0.47643	-0.15459	0.03427
99.979	1.00928	-0.51925	-0.12173	-0.03946
103.982	1.30871	-0.35552	-0.20993	-0.31866
107.977	1.32332	-0.31100	-0.27091	-0.20955
111.979	1.27507	-0.32251	-0.27721	-0.43691
115.953	1.21124	-0.25986	-0.27155	-0.53361
119.980	1.27170	-0.27744	-0.32335	-0.60606
123.978	1.25639	-0.23062	-0.31913	-0.67513
127.973	1.26488	-0.25735	-0.31292	-0.71429
131.979	1.33433	-0.22537	-0.30414	-0.78232
135.943	1.40904	-0.21205	-0.25431	-0.84028
139.982	1.49339	-0.19333	-0.19422	-0.84970
143.978	1.46412	-0.19602	-0.14317	-0.90634
147.981	1.26626	-0.24766	-0.05745	-0.90207
151.943	1.11601	-0.24126	-0.09006	-0.88242
155.970	0.98184	-0.26105	-0.06306	-0.88352
159.982	0.90758	-0.27738	-0.05482	-0.83281
163.981	0.95299	-0.28550	0.00983	-0.81169
167.980	0.90292	-0.29793	0.03115	-0.79587
171.956	0.86657	-0.27716	-0.09180	-0.73418
175.974	0.78416	-0.27624	-0.09091	-0.69276
179.978	0.76732	-0.28181	-0.16285	-0.67527
183.980	0.80315	-0.30482	-0.16682	-0.58945
187.979	0.75950	-0.32900	-0.16380	-0.57332
191.981	0.75992	-0.32554	-0.25694	-0.53978
195.984	0.79148	-0.29791	-0.31136	-0.49865
199.980	0.81955	-0.31687	-0.31339	-0.44444
203.948	0.85699	-0.28707	-0.38139	-0.45922
207.976	0.70161	-0.24847	-0.43616	-0.39618
211.943	0.76821	-0.25103	-0.51108	-0.39287
215.981	0.68848	-0.26333	-0.56089	-0.36151
219.979	0.71355	-0.37019	-0.65471	-0.37947
224.006	0.66352	-0.38215	-0.72484	-0.34612
227.981	0.58558	-0.40486	-0.63007	-0.36354
231.982	0.57922	-0.40313	-0.58322	-0.31840
235.981	0.57545	-0.45143	-0.65149	-0.31285
240.013	0.55652	-0.49859	-0.69010	-0.34212
243.979	0.54811	-0.51814	-0.75474	-0.34897
247.982	0.63570	-0.59100	-0.71868	-0.34306
251.982	0.64178	-0.70186	-0.78198	-0.35255
255.976	0.62201	-0.74345	-0.72394	-0.33479
259.981	0.70424	-0.70279	-0.75625	-0.30534
263.981	0.62424	-0.72184	-0.89329	-0.21996
267.981	0.69692	-0.84236	-0.66568	-0.26420
271.940	0.97502	-0.86637	-0.61677	-0.32655
275.986	0.93125	-0.88283	-0.73848	-0.32336
279.977	1.09326	-0.89153	-0.70191	-0.49755
283.978	0.92306	-0.91023	-0.74250	-0.49198
287.975	0.78399	-0.93431	-0.69362	-0.57137
291.983	0.96157	-0.97922	-0.76466	-0.43384
295.985	0.88289	-0.92566	-0.69930	-0.57482
299.983	1.01767	-0.90151	-0.73677	-0.67844
303.981	0.99809	-0.86286	-0.51051	-0.67927
307.984	0.97926	-0.86046	-0.61139	-0.67078
311.980	1.21861	-0.78670	-0.70039	-0.72799
315.985	0.99918	-0.65149	-0.73980	-0.67807
320.008	0.86912	-0.55368	-0.53962	-0.61432
323.954	0.89463	-0.49216	-0.69625	-0.49085
327.981	0.89349	-0.53122	-0.45979	-0.23275
331.984	1.07582	-0.55703	-0.39822	-0.45442
335.950	1.04004	-0.56570	-0.45604	-0.31425
339.948	1.03533	-0.47706	0.04705	-0.37084
343.981	1.00102	-0.52437	-0.27267	-0.37646
347.983	1.10187	-0.62678	-0.58516	-0.36618
351.978	1.09351	-0.64191	-0.39698	-0.37605
355.982	0.93525	-0.67908	-0.24393	-0.52735
359.986	0.97092	-0.52338	-0.31133	-0.45838
363.974	0.90346	-0.49177	-0.49885	-0.48450
367.983	0.87317	-0.38270	-0.51081	-0.49708
371.982	0.84463	-0.46000	-0.84863	-0.51784
375.985	0.86545	-0.58494	-0.88299	-0.52993
379.983	0.80878	-0.42860	-0.89823	-0.44491
383.977	0.72943	-0.45258	-0.64047	-0.47870
387.984	0.59528	-0.46519	-0.82771	-0.29741
391.982	0.68121	-0.36304	-1.02598	-0.20174
395.986	0.71665	-0.31339	-0.95080	-0.16284
400.009	0.83022	-0.29043	-0.70593	-0.18963
403.986	0.79923	-0.33697	-0.69340	-0.14379
407.952	0.92353	-0.36014	-0.44621	-0.07151
411.982	0.85414	-0.38278	-0.75459	-0.04711
415.978	0.85639	-0.54472	-0.77972	-0.04557
419.983	0.92956	-0.48995	-0.69878	-0.00067
423.986	1.10249	-0.50279	-0.65000	-0.01203
427.986	1.11162	-0.53618	-0.73382	-0.00952
431.982	1.14637	-0.57547	-0.72717	-0.06845
435.985	0.95472	-0.59029	-0.75647	-0.10694
439.987	1.01074	-0.63365	-0.66881	-0.18804
443.988	0.90120	-0.62620	-0.80009	-0.19900
447.945	0.66595	-0.58874	-0.71300	-0.27970
451.982	0.69057	-0.68767	-0.71265	-0.32917
455.988	0.75891	-0.68870	-0.66712	-0.37395
459.985	0.75392	-0.67481	-0.62863	-0.38098
463.977	0.68278	-0.67701	-0.68687	-0.39912
467.984	0.62694	-0.70874	-0.80094	-0.45724
471.986	0.52131	-0.71060	-0.80009	-0.46783
475.987	0.59990	-0.79863	-0.73389	-0.51489
479.984	0.63928	-0.84679	-0.80744	-0.54738
483.987	0.56225	-0.86608	-0.82034	-0.55670
487.977	0.61578	-0.89174	-0.75895	-0.53839
491.972	0.72675	-0.92476	-0.66057	-0.54474
495.985	0.67794	-0.92720	-0.75079	-0.53584
499.987	0.55019	-1.00306	-0.76789	-0.48768
503.985	0.65610	-1.03541	-0.89934	-0.51172
507.988	0.68248	-1.04258	-0.89498	-0.48414
511.977	0.70595	-1.07243	-0.85704	-0.42834
515.985	0.73757	-1.02463	-0.82650	-0.42534
519.949	0.74446	-0.90555	-0.86089	-0.35204
523.987	0.75064	-0.95083	-0.82885	-0.26670
527.985	0.73821	-0.90056	-0.79905	-0.21805
531.957	0.63588	-0.80995	-0.83726	-0.18983
535.984	0.62389	-0.90525	-0.84630	-0.10237
539.985	0.59322	-0.87219	-0.83287	-0.04448
543.984	0.62707	-0.79411	-0.80885	-0.02701
547.984	0.61483	-0.85522	-0.75471	0.01406
551.984	0.59858	-0.76199	-0.75077	0.06761
555.986	0.61476	-0.72979	-0.87865	0.05707
559.980	0.61369	-0.76996	-0.86726	0.05225
563.985	0.62407	-0.82419	-0.83707	-0.00549
567.988	0.54034	-0.83784	-0.78900	-0.09857
571.975	0.47793	-0.76143	-0.83513	-0.02577
575.978	0.44879	-0.76235	-0.86009	-0.03879
579.986	0.32930	-0.64718	-0.86947	-0.25288
583.988	0.48326	-0.59711	-0.65702	-0.21133
587.987	0.43708	-0.51716	-0.43708	-0.03876
591.980	0.29674	-0.36366	-0.27776	-0.03762
595.993	0.39876	-0.51110	-0.32913	-0.06513
599.987	0.40814	-0.37839	-0.57198	-0.04803
603.987	0.33754	-0.38353	-0.39584	-0.18291
607.986	0.33419	-0.36728	-0.58076	-0.05424
611.988	0.27562	-0.30899	-0.67809	-0.08789
615.986	0.44189	-0.42818	-0.64144	-0.12541
619.987	0.46855	-0.56260	-0.50364	-0.09485
623.985	0.54612	-0.52304	-0.47584	-0.13798
627.985	0.59990	-0.65826	-0.56600	-0.12054
631.987	0.62421	-0.62124	-0.61434	-0.25019
635.987	0.67506	-0.67756	-0.65146	-0.33184
639.986	0.56578	-0.65397	-0.66392	-0.41808
643.988	0.33099	-0.67248	-0.72774	-0.40540
647.950	0.38643	-0.59900	-0.79972	-0.42418
652.027	-0.03204	-0.67870	-0.74002	-0.45511
655.948	0.12781	-0.63400	-0.69662	-0.49850
659.988	0.18392	-0.70051	-0.74456	-0.49842
663.988	0.12689	-0.62978	-0.70769	-0.47149
667.987	-0.00874	-0.62652	-0.77618	-0.45374
671.980	-0.06013	-0.60018	-0.71330	-0.41877
675.990	-0.15590	-0.62689	-0.57791	-0.36717
679.990	-0.07294	-0.55929	-0.48919	-0.35411
683.989	-0.09041	-0.52805	-0.48751	-0.35868
687.983	0.07728	-0.50154	-0.38658	-0.35568
691.999	0.12230	-0.40431	-0.32508	-0.39206
695.989	0.13454	-0.36791	-0.37075	-0.35334
699.953	0.18052	-0.20816	-0.33873	-0.32884
703.888	0.25872	-0.19921	-0.22899	-0.42690
707.951	0.31024	-0.02868	-0.22514	-0.51520
711.987	0.36189	-0.00330	-0.16804	-0.57255
715.987	0.34236	0.01317	-0.11639	-0.69201
719.994	0.38467	0.04311	-0.11709	-0.68491
723.988	0.41800	-0.03668	-0.13119	-0.74608
727.988	0.45331	-0.03603	-0.12977	-0.78297
731.988	0.46758	-0.08545	-0.14523	-0.81750
735.888	0.46388	-0.08068	-0.20174	-0.77994
739.963	0.50101	-0.16069	-0.14863	-0.77957
743.989	0.51845	-0.21277	-0.14985	-0.77470
747.989	0.49870	-0.31371	-0.21016	-0.76945
751.899	0.47545	-0.20256	-0.24304	-0.72493
755.991	0.45572	-0.23459	-0.29632	-0.71225
759.991	0.49815	-0.14089	-0.32297	-0.66835
763.992	0.50545	-0.19073	-0.39231	-0.59605
767.955	0.47870	-0.09241	-0.44929	-0.50190
771.989	0.48428	-0.05417	-0.47319	-0.41359
775.993	0.46182	0.09408	-0.49222	-0.32263
779.977	0.44614	0.15130	-0.50299	-0.20780
783.895	0.38849	0.04122	-0.55595	-0.21966
787.989	0.36335	0.14676	-0.55379	-0.22102
791.992	0.40929	0.21678	-0.53682	0.01076
796.004	0.42048	0.25315	-0.51041	-0.12074
799.964	0.44333	0.25768	-0.46083	-0.03394
803.988	0.35253	0.29147	-0.44480	-0.00485
807.988	0.39209	0.34981	-0.36055	0.02962
811.991	0.36715	0.42458	-0.30578	0.05039
815.956	0.43753	0.44378	-0.25984	0.02172
819.991	0.40080	0.42373	-0.22187	0.02706
823.956	0.36298	0.47437	-0.16802	0.03056
827.991	0.35735	0.44717	-0.12838	0.01598
831.892	0.26867	0.38195	-0.09170	0.02599
835.990	0.23475	0.18502	-0.12188	-0.02162
839.992	0.22425	0.25788	-0.06780	-0.02120
843.989	0.24924	0.25219	-0.19899	-0.01240
847.888	0.18516	0.03320	-0.45736	-0.02013
851.991	0.24406	0.11935	-0.55974	-0.00164
855.991	0.21795	0.13811	-0.64027	-0.01399
859.990	0.26299	0.03506	-0.67288	-0.05392
863.893	0.22753	-0.04113	-0.67124	-0.03824
867.994	0.23343	-0.09455	-0.54620	-0.06224
871.993	0.21693	-0.03449	-0.80372	-0.08065
875.990	0.30900	-0.05874	-0.77950	-0.05593
879.886	0.30674	-0.05479	-0.84153	-0.08192
883.991	0.36861	-0.06605	-0.88466	-0.21648
887.992	0.33320	-0.15471	-0.90371	-0.34031
891.991	0.39028	-0.07159	-0.81660	-0.41352
895.897	0.34248	-0.10849	-0.70253	-0.49157
899.998	0.34094	-0.09967	-0.73871	-0.41951
903.990	0.37774	-0.16576	-0.78409	-0.57732
907.983	0.36893	-0.09410	-0.74523	-0.63285
911.894	0.22552	0.00897	-0.64635	-0.69431
915.993	0.25279	-0.03561	-0.81124	-0.60760
919.995	0.20422	0.12815	-0.91316	-0.62940
923.991	0.33958	0.18281	-0.74382	-0.62530
927.889	0.37856	0.01347	-0.60828	-0.60015
931.993	0.15821	0.04982	-0.70131	-0.58198
935.992	0.41894	0.11895	-0.44343	-0.51942
939.991	0.33774	0.04729	-0.44328	-0.48687
943.888	0.29188	0.06650	-0.40395	-0.39573
947.965	-0.10964	0.12092	-0.24403	-0.37049
951.955	0.20963	-0.02786	-0.27860	-0.25915
955.993	0.30759	0.07981	-0.55783	-0.18484
959.864	0.44472	-0.06851	-0.47716	-0.17463
963.992	0.54987	-0.11589	-0.39968	-0.25092
967.991	0.58084	-0.11154	-0.46440	-0.25191
971.992	0.59531	-0.08401	-0.31863	-0.27540
975.890	0.52088	0.07417	-0.36906	-0.35429
979.994	0.43581	-0.20025	-0.34630	-0.31170
983.995	0.44544	-0.19717	-0.56337	-0.20532
987.978	0.39787	-0.29654	-0.61300	-0.17672
991.895	0.43683	-0.33754	-0.70030	-0.21207
995.991	0.52813	-0.30257	-0.76823	-0.27642
999.990	0.59282	-0.39729	-0.69183	-0.34898
1003.991	0.56716	-0.36779	-0.68072	-0.32475
1007.895	0.47234	-0.36514	-0.67831	-0.34565
1011.994	0.38936	-0.35103	-0.60230	-0.18539
1015.991	0.36313	-0.23887	-0.53694	-0.22179
1019.956	0.27942	-0.27105	-0.43510	-0.10735
1023.894	0.27381	-0.23035	-0.57982	-0.12051
1027.957	0.23152	-0.27841	-0.41015	-0.13694
1031.959	0.27031	-0.24133	-0.37774	-0.23561
1035.996	0.29012	-0.21554	-0.56205	-0.33380
1039.894	0.31702	-0.30521	-0.49599	-0.53981
1043.992	0.39690	-0.46160	-0.54240	-0.69588
1047.991	0.24190	-0.33412	-0.34228	-0.31769
1051.993	0.51691	-0.36556	-0.50671	-0.27291
1055.891	0.28113	-0.35924	-0.39224	-0.38048
1059.870	0.25249	-0.44195	-0.33848	-0.34164
1063.868	0.28580	-0.43937	-0.40698	-0.48550
1067.868	0.31878	-0.44645	-0.38427	-0.55617
1071.954	0.42820	-0.48120	-0.39693	-0.59219
1075.863	0.47756	-0.52789	-0.43616	-0.49917
1079.860	0.18345	-0.51212	-0.35459	-0.47388
1083.872	0.19365	-0.45617	-0.32469	-0.44001
1087.837	0.31116	-0.40284	-0.24115	-0.36480
1091.872	0.69097	-0.46893	-0.27319	-0.39554
1095.868	0.31960	-0.47689	-0.26091	-0.42928
1099.875	0.31580	-0.42714	-0.23773	-0.43043
1103.870	0.33992	-0.56653	-0.25418	-0.43562
1107.872	0.38777	-0.59622	-0.35223	-0.43079
1111.872	0.40742	-0.55271	-0.29304	-0.50166
1115.869	0.45170	-0.56203	-0.26927	-0.62584
1119.868	0.46564	-0.54953	-0.25098	-0.64980
1123.871	0.57481	-0.38660	-0.27175	-0.72326
1127.870	0.60925	-0.35375	-0.48105	-0.62218
1131.867	0.53639	-0.31189	-0.42482	-0.67642
1135.869	0.55041	-0.39354	-0.41681	-0.69239
1139.869	0.40340	-0.23941	-0.49339	-0.73954
1143.870	0.40556	-0.21417	-0.40192	-0.68457
1147.869	0.48135	-0.15729	-0.38221	-0.68897
1151.869	0.52399	-0.14295	-0.42021	-0.72708
1155.846	0.39169	-0.09651	-0.34049	-0.60241
1159.871	0.53863	-0.05551	-0.35221	-0.57120
1163.870	0.75598	-0.12727	-0.33213	-0.54216
1167.861	0.72960	-0.26201	-0.39685	-0.49157
1171.873	0.52168	-0.18194	-0.40661	-0.50710
1175.869	0.66260	-0.28013	-0.52284	-0.53300
1179.869	0.66652	-0.36595	-0.43140	-0.47778
1183.862	0.91587	-0.59442	-0.41812	-0.35051
1187.872	0.99023	-0.60690	-0.55371	-0.29102
1191.873	0.78697	-0.51615	-0.55520	-0.22863
1195.870	0.74399	-0.49372	-0.67709	-0.17324
1199.876	0.96164	-0.68849	-0.74551	-0.20750
1203.836	0.97457	-0.79295	-0.71030	-0.16812
1207.833	0.88853	-0.84486	-0.78191	-0.16406
1211.871	0.82089	-0.84167	-0.67578	-0.12724
1215.899	0.88709	-0.92569	-0.62364	-0.06460
1219.873	0.81957	-0.95531	-0.51349	-0.05332
1223.855	0.84200	-1.04351	-0.44544	-0.02927
1227.871	0.73762	-0.98087	-0.35444	-0.02535
1231.864	0.81828	-0.97658	-0.29823	-0.05653
1235.872	0.83071	-0.98055	-0.25393	-0.12106
1239.871	0.81798	-1.02638	-0.24232	-0.53319
1243.871	0.95812	-1.18251	-0.20708	-0.74150
1247.843	0.95447	-3.50179	-0.18554	-1.92006
1251.871	1.09591	-4.88143	-0.37993	-2.60212
1255.873	0.96606	-4.36476	-0.26155	-3.61751
1259.870	1.01742	-4.87620	-0.17045	-4.36267
1263.870	1.15312	-4.79983	-0.11257	-4.33822
1267.870	1.12489	-4.98394	-0.16802	-4.39014
1271.874	1.12417	-5.13895	-0.03613	-4.40224
1275.871	1.15171	-5.16497	0.04834	-4.53907
1279.873	1.16977	-5.18635	-0.01405	-4.53672
1283.863	1.20636	-5.20016	-0.02462	-4.50109
1287.862	1.11710	-5.23289	0.00233	-4.61331
1291.836	1.09524	-5.21909	-0.12865	-4.60577
1295.871	0.97809	-5.16356	-0.02139	-4.68878
1299.831	1.02491	-5.24828	0.01901	-4.73868
1303.873	0.98881	-5.28613	0.06907	-4.68907
1307.873	0.99906	-5.34269	-0.01022	-4.74281
1311.865	0.89947	-5.55902	-0.02648	-4.71173
1315.873	0.87724	-5.61775	-0.06713	-4.70642
1319.875	0.91190	-5.63064	-0.08230	-4.66942
1323.877	0.87210	-5.73086	-0.07535	-4.67885
1327.833	0.86863	-5.83903	-0.00901	-4.62746
1331.872	0.95762	-5.78555	-0.03936	-4.61472
1335.873	1.07009	-5.93346	0.01169	-4.62766
1339.871	1.02888	-5.96406	0.02288	-4.53213
1343.834	1.08733	-5.99523	0.10505	-4.55778
1347.871	1.15332	-6.04144	0.06805	-4.46972
1351.872	1.13809	-6.07206	0.10488	-4.45253
1355.874	1.10693	-6.12739	0.05313	-4.48311
1359.840	1.26569	-6.17618	-0.10749	-4.49508
1363.874	1.22062	-6.09762	-0.00697	-4.58626
1367.858	1.28236	-6.19785	-0.01886	-4.64008
1371.871	1.29038	-6.28179	0.00174	-4.85076
1375.897	1.29603	-6.50955	0.00045	-4.89746
1379.873	1.20648	-6.38666	0.16300	-4.92588
1383.876	1.18101	-6.47741	0.15975	-5.07735
1387.873	0.96383	-6.49641	-0.06577	-5.02973
1391.897	1.02372	-6.38705	-0.08324	-5.05340
1395.838	1.03253	-6.33059	-0.02956	-5.16796
1399.837	0.98688	-6.40827	0.00164	-5.17419
1403.913	0.89391	-6.27095	-0.05371	-5.17599
1407.867	0.91763	-6.37559	-0.04122	-5.18925
1411.841	0.86761	-6.34701	-0.04117	-5.18124
1415.873	0.85329	-6.32055	-0.02727	-5.18124
1419.876	0.84801	-6.33563	-0.03849	-5.18632
1423.900	0.80635	-6.35239	-0.21529	-5.14214
1427.875	0.65064	-6.33673	-0.27912	-5.08537
1431.875	0.14831	-6.29999	-1.57478	-5.02116
1435.887	-1.96300	-6.19914	-3.76900	-5.03229
1439.895	-2.97455	-6.14894	-5.00802	-5.07960
1443.876	-4.37845	-5.98229	-6.63974	-5.10478
1447.876	-6.41285	-5.98165	-8.08472	-5.20055
1451.873	-7.32627	-5.68496	-8.32332	-5.28722
1455.881	-7.36410	-5.65305	-8.80650	-5.26452
1459.837	-7.85580	-5.30398	-9.25446	-5.17924
1463.839	-7.88775	-5.13815	-9.09434	-5.16086
1467.874	-7.73394	-5.08465	-8.91878	-5.19746
1471.897	-7.88064	-5.24985	-9.01220	-5.21256
1475.876	-8.01530	-5.26810	-9.12200	-5.27881
1479.875	-8.09856	-5.25482	-9.14806	-5.31185
1483.874	-8.19353	-5.22424	-9.24000	-5.36482
1487.872	-8.17537	-5.33625	-9.12023	-5.35135
1491.876	-8.13913	-5.25539	-9.10279	-5.33008
1495.838	-8.23335	-5.42726	-9.11912	-5.35265
1499.906	-8.22528	-5.43329	-9.09335	-5.39295
1503.881	-8.20449	-5.51928	-9.05582	-5.44640
1507.876	-8.25613	-5.79237	-9.02798	-5.55938
1511.877	-8.30298	-5.57535	-9.03246	-5.53797
1515.838	-8.26964	-5.63408	-9.18127	-5.60733
1519.899	-8.27367	-5.73055	-9.05734	-5.61126
1523.875	-8.26359	-5.93199	-9.07489	-5.68967
1527.875	-8.24166	-6.00138	-9.03028	-5.70440
1531.875	-8.24232	-5.85519	-9.07150	-5.73601
1535.881	-8.25034	-5.81635	-9.07605	-5.73387
1539.880	-8.28157	-6.01063	-9.07973	-5.76821
1543.874	-8.29236	-6.01727	-9.04548	-5.75253
1547.874	-8.28255	-5.88032	-9.02784	-5.77907
1551.877	-8.30082	-5.78694	-9.02058	-5.76600
1555.876	-8.34813	-5.99867	-8.97431	-5.75895
1559.876	-8.27761	-6.05395	-8.92413	-5.63828
1563.840	-8.30177	-6.11662	-8.93411	-5.58498
1567.878	-8.26111	-6.02241	-8.93217	-5.57015
1571.877	-8.30172	-6.04244	-8.88150	-5.64047
1575.876	-8.28500	-6.07827	-8.84978	-5.64854
1579.841	-8.33131	-6.14186	-8.91730	-5.64602
1583.880	-8.29511	-6.13870	-8.81438	-5.56458
1587.877	-8.32369	-6.27366	-8.82640	-5.74089
1591.875	-8.35299	-6.28019	-8.82613	-5.63102
1595.875	-8.40664	-6.32192	-8.85514	-5.56857
1599.882	-8.46048	-6.26316	-8.98295	-5.55914
1603.880	-8.41085	-6.21715	-8.92176	-5.50545
1607.877	-8.18940	-6.23244	-8.65817	-5.48892
1611.876	-5.29799	-4.63322	-6.73356	-4.71409
1615.880	-4.87333	-3.45723	-5.96434	-3.45147
1619.874	-3.05548	-2.33877	-4.35775	-2.44661
1623.877	-2.60671	-2.16655	-4.15779	-2.45162
1627.876	-2.02616	-2.25430	-3.44139	-1.93742
1631.879	-1.89491	-2.12497	-3.53790	-1.78027
1635.877	-2.05663	-2.15996	-3.75808	-1.60012
1639.878	-2.30667	-2.22113	-3.65571	-1.55588
1643.879	-2.23169	-2.26104	-3.70102	-1.64240
1647.892	-2.27677	-2.40730	-3.45408	-1.58673
1651.877	-2.13898	-2.01723	-3.33433	-1.65735
1655.875	-2.17631	-1.71180	-3.21780	-1.53016
1659.859	-2.12099	-1.58543	-3.23301	-1.52962
1663.880	-2.09735	-0.96033	-3.16795	-1.50487
1667.877	-2.02406	-0.75271	-3.18596	-1.53408
1671.876	-2.02948	-1.02601	-3.07496	-1.49241
1675.876	-2.00430	-1.08432	-3.09171	-1.47865
1679.882	-1.94050	-1.13044	-3.03519	-1.46365
1683.877	-1.91169	-1.15891	-2.94458	-1.49745
1687.877	-1.91672	-1.00781	-2.65669	-1.28447
1691.878	-1.89954	-0.92325	-2.82286	-1.27697
1695.884	-1.86047	-1.01812	-2.82365	-1.23001
1699.840	-1.88018	-0.98410	-2.93346	-1.11432
1703.840	-1.96962	-1.04072	-2.85987	-0.98615
1707.841	-1.88348	-1.18601	-2.75450	-0.96520
1711.881	-1.99778	-1.24181	-2.75693	-0.94974
1715.878	-1.93058	-1.25648	-2.71800	-0.94131
1719.843	-1.88670	-1.20572	-2.73009	-0.89199
1723.882	-1.91429	-1.20585	-2.69351	-0.81973
1727.882	-1.93046	-1.04790	-2.77978	-0.76947
1731.880	-1.93514	-0.93741	-2.83194	-0.81629
1735.880	-1.88618	-1.18032	-2.77252	-0.82650
1739.879	-1.97490	-1.19588	-2.72573	-0.75854
1743.884	-1.99097	-1.21781	-2.64597	-0.77983
1747.879	-2.06966	-1.25272	-2.63891	-0.78706
1751.879	-2.15705	-1.13575	-2.65221	-0.82383
1755.878	-2.15636	-1.05468	-2.68640	-0.83837
1759.882	-2.19328	-1.01707	-2.71337	-0.83758
1763.878	-2.32057	-1.07508	-2.76438	-0.87157
1767.842	-2.29978	-0.89986	-2.80380	-0.89559
1771.880	-2.33492	-0.77148	-2.79634	-1.05900
1775.840	-2.28534	-0.90545	-2.78998	-1.08945
1779.880	-2.34171	-0.84177	-2.83024	-1.13283
1783.879	-2.30828	-0.80143	-2.88547	-1.21531
1787.880	-2.31720	-0.73546	-2.76874	-1.19454
1791.884	-2.32513	-0.75147	-2.83591	-1.13697
1795.880	-2.28908	-0.71388	-2.90572	-1.23692
1799.879	-2.30224	-0.65707	-2.89195	-1.23193
1803.883	-2.30712	-0.64796	-2.88992	-1.20144
1807.883	-2.31579	-0.65416	-2.85217	-1.20895
1811.878	-2.34537	-0.68997	-2.81313	-1.12886
1815.880	-2.34936	-0.75858	-2.78609	-1.05316
1819.881	-2.34731	-0.78646	-2.78547	-0.99145
1823.884	-2.39096	-0.79612	-2.77282	-0.93400
1827.879	-2.38819	-0.89131	-2.73910	-0.92425
1831.883	-2.42223	-0.96848	-2.82014	-0.88791
1835.881	-2.45354	-0.92229	-2.88099	-1.01608
1839.884	-2.48740	-0.78804	-2.86096	-0.92988
1843.879	-2.50766	-0.84998	-2.87943	-0.92483
1847.883	-2.56582	-0.91341	-2.85890	-0.92951
1851.882	-2.53605	-0.86912	-2.84088	-0.83804
1855.886	-2.55718	-0.91465	-2.91039	-0.82104
1859.879	-2.62804	-0.92887	-2.91544	-0.72095
1863.845	-2.62643	-0.90892	-2.92495	-0.65384
1867.882	-2.61860	-1.06740	-2.88485	-0.61478
1871.885	-2.66147	-1.12932	-2.84799	-0.59302
1875.879	-2.68066	-1.14680	-2.76827	-0.60566
1879.880	-2.66454	-1.21293	-2.93215	-0.62811
1883.881	-2.69760	-0.97247	-2.76393	-0.54819
1887.882	-1.57917	-1.08830	-2.51656	-0.51426
1891.883	-0.04817	-1.10977	-0.40246	-0.38835
1895.884	1.30211	-1.32594	0.30126	-0.34917
1899.884	2.12141	-1.42393	0.64047	-0.33564
1903.856	2.17819	-1.39169	1.08180	-0.46198
1907.883	1.85475	-1.42406	0.68665	-0.42762
1911.871	1.65974	-1.32921	0.33235	-0.50186
1915.879	1.88407	-1.41172	0.30615	-0.44762
1919.884	1.99461	-1.50326	0.36412	-0.39273
1923.885	2.02542	-1.36482	0.39539	-0.33570
1927.882	2.21303	-1.40173	0.48175	-0.22040
1931.881	2.28980	-1.50630	0.39559	-0.12042
1935.884	2.21521	-1.36887	0.47656	-0.02174
1939.882	2.37119	-1.44329	0.53505	0.03399
1943.884	2.18919	-1.43531	0.49421	0.01011
1947.884	2.11125	-1.44369	0.50473	0.04751
1951.884	2.09735	-1.39045	0.59032	0.01717
1955.883	2.15923	-1.51628	0.62714	0.02025
1959.882	2.21043	-1.44362	0.67484	0.05456
1963.882	2.14463	-1.34271	0.73667	0.13919
1967.887	2.17854	-1.28180	0.79595	0.12871
1971.847	2.14545	-1.28212	0.86463	0.15616
1975.882	2.11725	-1.26450	0.93150	0.06716
1979.881	2.10860	-1.26982	0.97847	-0.03682
1983.884	2.09078	-1.14781	1.03674	-0.03093
1987.885	2.13819	-1.15150	1.10169	-0.05473
1991.866	2.14320	-1.15008	1.14779	-0.04956
1995.879	2.19955	-1.07319	1.15228	-0.09881
1999.886	2.23196	-1.03715	1.16615	-0.06372
2003.891	2.25181	-1.05744	1.21005	-0.09060
2007.884	2.17911	-0.90492	1.28422	-0.05716
2011.881	2.11814	-0.82693	1.31320	0.01938
2015.886	2.16166	-0.88549	1.36913	-0.11775
2019.884	2.14310	-0.78317	1.34847	-0.18162
2023.882	2.12092	-0.81101	1.32458	-0.18940
2027.886	2.16079	-0.86499	1.37803	-0.38333
2031.882	2.06416	-0.79185	1.44031	-0.58082
2035.875	2.12258	-0.85853	1.19666	-0.37086
2039.846	2.10144	-0.81907	1.18416	-0.56197
2043.885	2.04089	-0.99681	1.29256	-0.63225
2047.887	2.05169	-1.18569	1.03235	-0.63921
2051.883	1.99664	-0.99306	1.21110	-0.64054
2055.885	2.02222	-1.04364	1.09919	-0.52438
2059.884	2.03799	-1.09115	1.10673	-0.49392
2063.886	2.00457	-1.08886	1.20192	-0.46233
2067.896	2.02668	-1.10297	0.98003	-0.41447
2071.887	1.96548	-0.97565	1.01327	-0.44981
2075.866	1.92166	-1.15587	0.91227	-0.42861
2079.718	1.83372	-1.02313	0.94780	-0.40567
2083.883	1.89464	-1.04735	1.01432	-0.46765
2087.883	1.90909	-0.84303	1.06728	-0.47410
2091.759	1.90872	-0.88439	1.14290	-0.51453
2095.783	1.94858	-0.87382	1.21688	-0.65487
2099.762	2.00276	-0.72812	1.08696	-0.73241
2103.762	2.02517	-0.72577	1.16148	-0.83229
2107.725	2.04456	-0.69299	1.02952	-0.77433
2111.785	2.05405	-0.63620	1.13747	-0.89305
2115.759	2.08354	-0.60448	1.14392	-0.91846
2119.759	2.13319	-0.49444	1.02585	-0.84641
2123.730	2.08436	-0.51407	1.02536	-0.91122
2127.759	1.99639	-0.54894	0.95517	-0.76366
2131.759	1.91209	-0.50603	0.94046	-0.62373
2135.759	1.84250	-0.53553	0.70588	-0.70781
2139.761	1.77117	-0.47453	0.65593	-0.65252
2143.725	1.78235	-0.53138	0.71727	-0.56468
2147.760	1.64211	-0.54314	0.57161	-0.54159
2151.759	1.72713	-0.50410	0.68863	-0.40714
2155.762	1.67968	-0.43668	0.57654	-0.49218
2159.785	1.60786	-0.60407	0.59168	-0.47699
2163.740	1.21556	-0.90873	0.24401	-0.48442
2167.761	-0.30218	-2.22990	-2.37461	-0.69549
2171.761	-0.71151	-2.88260	-2.59510	-2.11166
2175.795	-1.52315	-3.39226	-3.12301	-2.76870
2179.760	-2.05457	-4.22279	-3.38310	-3.03795
2183.759	-2.32761	-4.36693	-3.89794	-3.38535
2187.760	-2.57877	-4.73287	-3.94861	-3.75881
2191.783	-2.73130	-4.60435	-4.10856	-3.88508
2195.760	-2.77829	-5.37325	-4.16532	-4.09353
2199.760	-2.89680	-5.76889	-4.21491	-4.34815
2203.764	-2.98215	-5.47372	-4.11377	-4.26346
2207.757	-3.15689	-5.49377	-4.17823	-4.30935
2211.749	-3.12192	-5.61369	-4.22471	-4.36460
2215.761	-3.20820	-5.60182	-4.29685	-4.47864
2219.761	-3.25842	-5.60380	-4.32242	-4.59922
2223.786	-3.27848	-5.61821	-4.36047	-4.67630
2227.761	-3.41036	-5.33232	-4.37357	-4.73976
2231.761	-3.44847	-5.46371	-4.38238	-4.86860
2235.761	-3.44322	-5.54464	-4.34339	-4.83562
2239.788	-3.46904	-5.31306	-4.31933	-4.83449
2243.724	-3.43771	-5.34144	-4.26232	-4.93274
2247.736	-3.41211	-5.29124	-4.16907	-5.02114
2251.757	-3.36320	-5.25537	-4.09318	-5.06874
2255.786	-3.33728	-5.22087	-4.13747	-5.12594
2259.760	-3.32929	-5.16846	-4.06789	-5.24206
2263.764	-3.24565	-5.12080	-4.02925	-5.28820
2267.762	-3.22933	-5.13181	-4.05110	-5.23543
2271.760	-3.22515	-5.19208	-3.99484	-5.24130
2275.761	-3.19766	-5.19086	-3.96940	-5.22717
2279.764	-3.17999	-5.21775	-3.98855	-5.22934
2283.767	-3.18037	-5.28122	-3.98316	-5.33049
2287.722	-3.20810	-5.29675	-3.98212	-5.33050
2291.753	-3.21124	-5.38481	-3.98235	-5.29004
2295.765	-3.24236	-5.49497	-4.01381	-5.26411
2299.764	-3.23850	-5.58588	-4.00396	-5.28811
2303.762	-3.26050	-5.76818	-4.05932	-5.27738
2307.767	-3.29557	-5.76118	-4.06476	-5.26199
2311.726	-3.32117	-5.73527	-4.02690	-5.31994
2315.765	-3.35805	-5.77219	-4.04804	-5.36668
2319.785	-3.41070	-5.78727	-4.04678	-5.36129
2323.765	-3.44901	-5.83781	-4.05317	-5.37540
2327.765	-3.51755	-5.93398	-4.04656	-5.31059
2331.762	-3.50989	-5.94485	-4.04421	-5.28761
2335.785	-3.57132	-5.85352	-4.08441	-5.27511
2339.762	-3.62262	-5.80199	-4.11999	-5.27802
2343.765	-3.66503	-5.84330	-4.17694	-5.23483
2347.761	-3.70270	-5.79218	-4.23688	-5.24529
2351.785	-3.76201	-5.80354	-4.22115	-5.25238
2355.765	-3.79487	-5.81164	-4.27965	-5.20571
2359.763	-3.78840	-5.82050	-4.29762	-5.13205
2363.763	-3.79626	-5.86277	-4.32617	-5.13859
2367.790	-3.76307	-5.86994	-4.36328	-5.17093
2371.748	-3.67776	-5.81391	-4.36584	-5.17374
2375.763	-3.70858	-5.84539	-4.38835	-5.24241
2379.764	-3.72449	-5.91399	-4.40172	-5.28349
2383.788	-3.66333	-5.96807	-4.39348	-5.32668
2387.762	-3.58695	-6.01947	-4.34625	-5.11611
2391.763	-3.41896	-5.85061	-4.18549	-5.09279
2395.762	-2.78859	-4.74022	-3.53674	-4.12882
2399.786	-1.74330	-2.97286	-2.70027	-3.28538
2403.765	-1.41519	-2.31390	-2.40033	-1.82819
2407.771	-1.24749	-1.40081	-2.37766	-1.98434
2411.761	-1.32091	-1.65832	-3.08283	-1.79185
2415.790	-1.46799	-2.31003	-2.95688	-1.71111
2419.764	-1.35586	-2.15725	-2.90525	-1.92222
2423.729	-1.26602	-2.15477	-2.41878	-1.81189
2427.766	-1.22782	-2.08394	-2.28913	-1.73722
2431.789	-1.15032	-1.81642	-2.25008	-1.78646
2435.763	-1.15853	-1.60925	-2.37639	-1.76368
2439.766	-1.11772	-1.72550	-2.35769	-1.43759
2443.764	-1.06813	-1.59890	-2.27548	-1.40324
2447.789	-1.11048	-1.53867	-2.19375	-1.25754
2451.764	-1.22417	-1.55765	-2.22691	-1.27093
2455.726	-1.22799	-1.57766	-2.15596	-1.46499
2459.761	-1.19100	-1.59429	-2.15073	-1.37452
2463.790	-1.18277	-1.51944	-2.00906	-1.26612
2467.766	-1.15831	-1.45960	-2.01660	-1.16298
2471.767	-1.18413	-1.49372	-1.95986	-1.16513
2475.767	-1.27686	-1.50425	-1.98167	-1.19860
2479.787	-1.27703	-1.45725	-1.89880	-1.12277
2483.765	-1.33798	-1.46052	-1.92101	-1.06496
2487.768	-1.27728	-1.44719	-1.91610	-1.05620
2491.770	-1.27495	-1.39699	-1.94032	-1.00196
2495.792	-1.20497	-1.27953	-2.01674	-1.03414
2499.754	-1.26428	-0.84994	-1.97156	-0.93359
2503.765	-1.27527	-0.83171	-1.97468	-0.82951
2507.768	-1.28415	-0.99004	-2.00254	-0.82590
2511.791	-1.30593	-0.90333	-2.06533	-0.79418
2515.766	-1.42218	-0.97598	-2.15304	-0.80655
2519.800	-1.40827	-0.94462	-2.18711	-0.82793
2523.767	-1.35822	-0.89444	-2.27231	-0.84439
2527.791	-1.23146	-0.90288	-2.20106	-0.74300
2531.769	-1.23873	-0.83828	-2.18535	-0.72456
2535.765	-1.27465	-0.81656	-2.20027	-0.69277
2539.733	-1.26153	-0.94259	-2.11911	-0.76578
2543.758	-1.23677	-0.96197	-2.15016	-0.79702
2547.764	-1.18758	-1.04084	-2.13656	-0.91845
2551.766	-1.15625	-1.08434	-2.13926	-0.99360
2555.765	-1.07617	-1.09679	-2.16612	-0.91133
2559.758	-1.01680	-1.13111	-2.11135	-0.96497
2563.769	-0.97135	-1.19351	-2.06369	-0.96850
2567.768	-0.93783	-1.14459	-2.02854	-0.91814
2571.769	-0.93455	-1.13104	-2.01766	-0.90924
2575.771	-0.98296	-1.10723	-1.99944	-0.88623
2579.748	-1.02434	-1.08600	-1.96863	-0.88813
2583.765	-1.02377	-1.20034	-1.97850	-0.72783
2587.770	-0.92103	-1.12369	-1.96035	-0.76402
2591.773	-0.78935	-0.90067	-1.91137	-0.76689
2595.766	1.40614	-0.81413	-0.28595	-0.68744
2599.767	2.36128	-0.83578	2.18974	-0.74310
2603.769	4.27205	-0.99487	2.35717	-0.55829
2607.774	4.45752	-0.98620	3.57879	-0.55282
2611.768	4.60848	-1.27316	3.96605	-0.59909
2615.769	4.76808	-1.40770	3.74792	-0.51086
2619.765	4.86781	-1.30562	3.16901	-0.51643
2623.771	4.91858	-0.91870	2.70480	-0.46269
2627.767	4.91208	-1.03341	2.62117	-0.46746
2631.770	4.96135	-1.25582	3.15983	-0.39189
2635.770	5.03558	-1.33757	3.35600	-0.40094
2639.771	5.24885	-1.40170	3.52024	-0.32590
2643.766	5.33428	-1.46426	3.64770	-0.27026
2647.770	5.40238	-1.42708	3.72568	-0.08738
2651.732	5.38796	-1.52514	1.08927	-0.44690
2655.771	5.36836	-1.51204	1.10502	-0.50505
2659.767	5.37372	-1.50149	1.23962	-4.25832
2663.768	5.42481	-1.48372	1.23211	-4.34812
2667.768	5.31455	-1.44615	1.33889	-4.28562
2671.762	5.26996	-1.45128	1.26788	-4.23490
2675.767	5.35421	-1.46549	1.25406	-0.63464
2679.767	5.28795	-1.46803	1.27452	-0.80563
2683.768	5.16462	-1.38336	1.32954	-0.77447
2687.770	5.13282	-1.21262	1.51921	-4.27793
2691.771	4.78964	-0.76343	1.65349	-4.30692
2695.769	4.76524	-0.75251	1.71429	-4.41408
2699.774	4.95258	-0.75379	1.98893	-1.05158
2703.761	4.80884	-0.88640	2.35853	-1.13993
2707.765	4.95706	-0.91108	2.11103	-1.26711
2711.782	4.97945	-0.93639	-0.06490	-1.20550
2715.771	4.83740	-1.00048	0.44812	-1.32711
2719.793	5.00787	-0.91266	1.76269	-1.51783
2723.770	4.87352	-0.92656	2.00760	-4.95864
2727.771	4.78262	-0.64375	2.14129	-5.27844
2731.768	4.90139	-0.75971	2.32488	-5.35414
2735.770	4.94736	-0.87042	2.57399	-1.78871
2739.770	4.90676	-0.80186	0.15650	-5.62614
2743.771	4.94962	-1.08416	0.85252	-5.68358
2747.735	4.99425	-1.07349	1.12519	-2.29851
2751.772	4.91430	-1.03355	1.53374	-5.73570
2755.770	4.92329	-1.04185	2.11333	-5.77618
2759.772	4.89323	-0.98252	2.59864	-5.84557
2763.772	4.90104	-0.93160	2.50756	-5.92002
2767.734	4.96928	-1.30326	0.36722	-6.00255
2771.766	5.05467	-1.55709	1.21258	-6.14517
2775.771	5.09645	-1.55858	1.19884	-6.12263
2779.767	5.10147	-1.51867	1.83642	-6.19866
2783.778	5.20721	-1.31344	2.09514	-6.24168
2787.753	5.07136	-1.29022	2.49340	-6.29802
2791.770	5.11295	-1.25687	2.78302	-6.29649
2795.769	5.11085	-1.09891	0.17427	-6.34982
2799.739	5.11026	-1.22852	0.47887	-6.38659
2803.773	5.11206	-1.29333	1.24942	-6.42333
2807.770	5.18459	-1.18049	1.95921	-6.43260
2811.775	5.19497	-1.12812	2.19623	-6.48482
2815.774	5.05548	-1.15192	3.81553	-1.69980
2819.773	5.11679	-1.15869	3.70032	-1.60124
2823.769	5.16895	-1.03119	4.18958	-1.63049
2827.773	5.10330	-1.08991	4.29695	-1.59292
2831.736	5.20556	-1.14742	4.27805	-1.62446
2835.750	5.11829	-0.97823	4.08397	-1.60512
2839.770	5.17757	-1.10139	4.23740	-1.58787
2843.735	5.26994	-0.93950	4.38398	-1.58509
2847.775	5.09212	-0.92078	4.48352	-1.58396
2851.773	5.06919	-0.98506	4.56289	-1.58141
2855.773	5.21336	-0.99453	4.53297	-1.54737
2859.772	5.33974	-1.03524	4.57470	-1.47411
2863.772	5.23622	-0.92681	4.49361	-1.60812
2867.771	5.16024	-1.07034	4.31987	-1.55613
2871.742	5.23866	-1.20868	4.43870	-1.67097
2875.771	5.03383	-1.06167	4.48934	-1.81168
2879.774	5.14685	-1.10369	4.36552	-1.81921
2883.773	5.07316	-1.25336	4.19052	-1.61548
2887.773	5.04878	-1.39335	4.21624	-1.59611
2891.771	5.12646	-1.58408	4.11895	-1.34689
2895.773	5.14244	-1.59380	4.02912	-1.42560
2899.771	5.04888	-1.29371	3.99605	-1.16878
2903.775	5.04179	-1.12862	3.94727	-1.00985
2907.776	5.03467	-1.03257	4.05722	-1.11019
2911.761	4.99142	-1.01220	4.38677	-1.08148
2915.763	5.07929	-1.08305	4.59046	-1.05177
2919.783	5.08237	-1.54427	4.42984	-1.02077
2923.733	5.10371	-1.70484	3.96192	-0.93191
2927.773	5.20514	-1.45479	3.94789	-0.96165
2931.771	5.13646	-1.27666	4.14692	-0.76514
2935.770	5.25818	-1.08608	3.90523	-0.89210
2939.771	5.15569	-1.02057	4.26294	-0.89202
2943.775	5.23477	-0.99974	4.44884	-1.02644
2947.774	5.30535	-1.01828	4.33026	-1.28825
2951.773	5.25301	-1.19831	4.47629	-1.27270
2955.733	5.29255	-1.24609	4.52750	-1.30011
2959.775	5.29966	-1.32997	4.32385	-1.40466
2963.776	5.37810	-1.49043	4.38645	-1.80206
2967.775	5.29888	-1.53310	4.30127	-1.66276
2971.775	5.34033	-1.44923	4.27503	-1.74373
2975.774	5.38253	-1.08307	4.34186	-1.67683
2979.773	5.26790	-1.27370	4.55278	-1.69566
2983.773	5.37158	-1.27865	4.56397	-1.78415
2987.737	5.38198	-1.36473	4.72110	-1.74283
2991.779	5.34144	-1.33527	4.91151	-1.69562
2995.754	5.32759	-1.18731	4.62222	-1.61068
2999.770	5.00105	-1.08565	4.02033	-1.36296
3003.776	4.06347	-0.90660	3.09203	-1.43099
3007.776	3.12215	-1.08350	0.56764	-1.13406
3011.778	1.83216	-0.92009	-0.08445	-1.09025
3015.772	1.15945	-0.90934	-0.42497	-1.36065
3019.735	1.28430	-0.89097	0.09453	-1.38403
3023.787	1.23747	-0.84399	0.30707	-1.07359
3027.776	1.31610	-0.73965	0.69982	-1.07286
3031.770	1.31126	-0.75358	0.74431	-0.78892
3035.766	1.51080	-0.67295	0.66486	-0.98677
3039.775	1.34983	-0.72223	0.45309	-0.92537
3043.774	1.37302	-0.72443	0.46517	-1.01654
3047.772	1.40633	-0.79126	0.30372	-0.98180
3051.774	1.39716	-0.82755	0.13158	-1.02258
3055.776	1.34341	-0.83231	0.14565	-1.13819
3059.775	1.38255	-0.85835	0.31057	-1.21271
3063.772	1.35410	-0.83568	0.28386	-1.19610
3067.774	1.29387	-0.70100	0.03333	-1.19467
3071.775	1.31297	-0.84558	0.05356	-1.00559
3075.773	1.32776	-0.88288	0.14072	-0.98870
3079.749	1.32771	-0.86758	0.16516	-0.92545
3083.771	1.30957	-0.83006	0.07319	-0.80682
3087.777	1.21221	-0.86263	0.16531	-1.01552
3091.774	1.22303	-0.84765	0.12143	-0.97513
3095.775	1.13313	-0.79974	0.27947	-0.82006
3099.775	1.15781	-0.74247	0.29027	-0.78393
3103.779	1.18118	-0.76212	0.31471	-0.67086
3107.777	1.17666	-0.71711	0.31836	-0.68763
3111.779	1.13437	-0.76317	0.28806	-0.69971
3115.775	1.13154	-0.79559	0.28155	-0.75342
3119.763	1.10187	-0.74164	0.23723	-0.73688
3123.766	1.11601	-0.74951	0.07746	-0.77738
3127.778	1.11745	-0.78521	-0.03541	-0.80881
3131.648	1.18425	-0.84525	-0.14829	-0.85094
3135.676	1.20236	-0.86052	-0.26500	-0.76587
3139.652	1.30759	-0.92389	-0.28729	-0.58532
3143.649	1.19294	-0.98841	-0.36499	-0.62884
3147.648	1.10437	-1.04639	-0.33230	-0.70254
3151.651	1.26061	-1.16496	-0.35700	-0.78075
3155.650	1.05557	-1.02614	-0.30811	-0.83489
3159.650	0.99293	-0.94946	-0.27659	-0.80664
3163.652	1.00283	-1.07334	-0.24696	-0.96213
3167.651	1.06986	-1.15250	-0.14042	-0.93136
3171.628	1.10311	-1.01815	-0.15106	-0.90778
3175.651	1.13320	-1.14976	-0.31272	-0.61829
3179.650	1.12824	-1.06724	-0.12890	-1.01513
3183.655	1.35142	-1.56713	-0.04849	-1.78406
3187.651	1.67147	-4.88128	0.12106	-3.92283
3191.652	1.64923	-4.93060	0.14265	-4.98298
3195.651	1.60295	-6.59394	0.23118	-5.18938
3199.618	1.60094	-6.30555	0.21219	-5.36093
3203.653	1.37206	-6.80916	0.34953	-5.64478
3207.617	1.39056	-8.38333	0.42482	-6.35439
3211.657	1.40948	-7.93594	0.25909	-6.19260
3215.673	1.46095	-8.25787	0.32784	-6.70272
3219.653	1.44562	-7.95539	0.36660	-6.51610
3223.651	1.53622	-7.75125	0.43800	-6.53052
3227.653	1.28336	-7.84894	0.38899	-6.66679
3231.680	1.31062	-7.93717	0.37166	-6.65609
3235.654	1.21169	-7.98422	0.31652	-6.90424
3239.648	1.21293	-7.88386	0.31260	-6.94763
3243.652	1.20857	-7.97098	0.26242	-6.93405
3247.676	1.26039	-8.00121	0.17000	-6.90400
3251.651	1.31754	-7.91867	0.14650	-6.97888
3255.652	1.32942	-7.94320	0.22740	-7.01303
3259.652	1.34311	-7.87789	0.29994	-7.08624
3263.674	1.32944	-7.91083	0.28634	-7.05164
3267.612	1.33743	-7.91351	0.28565	-7.10002
3271.654	1.40631	-7.85886	0.31225	-7.05963
3275.652	1.39646	-7.85292	0.23666	-7.13391
3279.674	1.30097	-7.80102	0.34861	-7.06668
3283.653	1.28559	-7.71468	0.52498	-7.08210
3287.655	1.03129	-7.79640	0.55580	-7.06789
3291.639	1.35715	-7.84198	0.55173	-7.00475
3295.679	1.25957	-8.05358	0.48813	-6.98365
3299.636	1.15444	-7.96046	0.52379	-6.92696
3303.652	1.12874	-7.87227	0.42097	-6.91748
3307.656	0.96179	-7.80685	0.46889	-6.93088
3311.657	1.09956	-7.97223	0.52463	-6.91314
3315.652	0.96413	-8.53292	0.39730	-6.88006
3319.654	0.93847	-8.52355	0.43140	-6.81333
3323.653	0.93956	-8.11398	0.37094	-6.81855
3327.655	0.91614	-8.11973	0.51205	-6.83013
3331.656	0.94897	-8.01105	0.50207	-6.86529
3335.622	0.88227	-7.93897	0.35556	-6.86892
3339.655	0.86813	-8.02611	0.43996	-6.83627
3343.674	0.80558	-8.16639	0.35203	-6.74574
3347.653	0.78178	-8.24221	0.44083	-6.79389
3351.654	0.82903	-8.35214	0.42070	-6.77409
3355.655	0.85823	-8.69274	0.42936	-6.72938
3359.678	1.10346	-8.46890	0.46048	-6.66112
3363.653	1.36318	-8.63741	0.47351	-6.62737
3367.657	1.57672	-8.49293	0.54428	-6.62433
3371.656	1.59913	-8.47638	0.49145	-6.57395
3375.678	1.47159	-8.37336	0.46068	-6.60512
3379.654	1.45616	-8.41513	0.51699	-6.69643
3383.653	1.37563	-8.37988	0.51768	-6.87044
3387.657	1.50217	-8.33139	0.52840	-6.83753
3391.679	1.33701	-8.39489	0.57746	-6.81095
3395.656	1.22620	-8.27848	0.62714	-6.72907
3399.618	1.18423	-8.20809	0.63042	-6.79606
3403.654	1.18140	-8.23401	0.64488	-6.83342
3407.679	1.16781	-8.13920	0.62809	-6.82987
3411.658	1.17661	-8.06788	0.58384	-6.80447
3415.650	0.88170	-8.05992	0.45453	-6.82259
3419.649	0.98760	-8.06163	0.50220	-6.83411
3423.680	0.96293	-8.11599	0.44629	-6.79734
3427.655	0.87128	-8.23568	0.46348	-6.76285
3431.657	0.86523	-8.19962	0.34054	-6.76962
3435.654	0.84669	-8.10700	0.27984	-6.80503
3439.682	1.01881	-8.18610	0.28878	-6.76193
3443.656	1.03134	-8.26117	0.26413	-6.80002
3447.657	1.07029	-8.36275	0.23649	-6.76147
3451.658	1.24453	-8.34748	0.25331	-6.78361
3455.678	1.29060	-8.44816	0.35325	-6.83647
3459.658	1.45777	-8.50636	0.33695	-6.88047
3463.654	1.40527	-8.52310	0.40117	-6.91035
3467.619	1.31863	-8.60254	0.37717	-6.92178
3471.679	1.33029	-8.43840	0.42795	-6.92852
3475.654	1.11489	-8.48178	0.41209	-6.88257
3479.653	1.21221	-8.49709	0.50890	-7.02698
3483.656	1.15077	-8.48622	0.55781	-7.02105
3487.681	0.99246	-8.57050	0.55491	-7.00984
3491.652	1.03451	-8.39022	0.53123	-7.06548
3495.656	1.09820	-8.45844	0.49160	-7.07210
3499.618	1.12033	-8.47427	0.41033	-7.13712
3503.681	0.95477	-8.41063	0.46984	-7.07628
3507.658	0.96251	-8.38503	0.41413	-7.09197
3511.655	0.95998	-8.37760	0.48001	-7.12338
3515.655	0.94971	-8.46821	0.34290	-7.10165
3519.656	1.03751	-8.41528	0.35898	-7.11918
3523.658	1.01866	-8.47698	0.40785	-7.05926
3527.659	0.96375	-8.35682	0.35819	-7.02472
3531.656	1.00993	-8.35070	0.40561	-7.05887
3535.658	0.94624	-8.54232	0.36017	-7.06811
3539.658	1.05947	-8.36835	0.42038	-7.06025
3543.655	0.97797	-8.29583	0.48751	-7.03912
3547.659	0.97507	-8.28978	0.49522	-7.08707
3551.623	0.98457	-8.74679	0.16022	-7.00860
3555.672	-1.32572	-8.18679	-1.32421	-6.88014
3559.656	-2.06062	-7.84163	-4.38790	-6.73028
3563.655	-3.83784	-7.92191	-5.46817	-6.43120
3567.682	-5.96412	-7.65555	-7.53118	-6.68320
3571.656	-6.91046	-6.77961	-8.14032	-6.44586
3575.658	-8.06557	-6.50187	-9.70186	-6.56124
3579.660	-8.27982	-6.03174	-10.16163	-6.26996
3583.664	-9.10047	-5.74442	-10.43815	-6.16529
3587.657	-8.58903	-5.53118	-10.29810	-5.99629
3591.660	-8.21334	-5.68590	-9.73812	-5.95745
3595.656	-8.39520	-5.85587	-9.96619	-5.88971
3599.683	-8.57597	-6.00856	-10.17228	-5.90870
3603.621	-8.56687	-5.84097	-10.27463	-5.84187
3607.656	-8.75550	-5.75477	-10.33901	-5.96070
3611.658	-8.75204	-5.74987	-10.47429	-5.96459
3615.662	-8.87234	-5.67778	-10.35476	-5.88889
3619.660	-8.96392	-5.66035	-10.34746	-5.84779
3623.647	-9.02152	-5.87807	-10.14689	-5.83962
3627.649	-8.94784	-5.82704	-10.02651	-5.80200
3631.659	-9.04558	-5.94535	-10.16319	-5.80592
3635.661	-9.04592	-6.07704	-10.13590	-5.83191
3639.659	-9.03921	-5.95531	-10.20043	-5.85898
3643.661	-9.02943	-6.24727	-10.13539	-5.85917
3647.663	-9.01878	-6.09419	-10.06821	-5.88392
3651.659	-9.03077	-6.14625	-10.06734	-5.85041
3655.658	-8.95920	-6.22851	-10.05344	-5.86639
3659.657	-8.93278	-6.28429	-10.06470	-5.85522
3663.661	-8.88930	-6.29946	-10.07810	-5.89331
3667.630	-8.82058	-6.35737	-10.06848	-5.90694
3671.658	-8.80265	-6.37955	-10.11813	-5.93070
3675.659	-8.77817	-6.37262	-10.13383	-5.96308
3679.659	-8.73344	-6.26944	-10.15764	-5.96542
3683.657	-8.72782	-6.34458	-10.16283	-5.96385
3687.656	-8.71727	-6.32120	-10.19529	-5.97621
3691.623	-8.71889	-6.32292	-10.24646	-6.00017
3695.660	-8.72035	-6.30120	-10.24372	-6.00830
3699.622	-8.73300	-6.38889	-10.25800	-6.00510
3703.660	-8.77007	-6.41309	-10.27436	-6.11118
3707.642	-8.88659	-6.37345	-10.26268	-6.21301
3711.660	-8.88799	-6.36164	-10.30144	-6.02189
3715.663	-8.94750	-6.21357	-10.30961	-6.05532
3719.661	-8.98937	-6.21500	-10.25004	-5.93051
3723.660	-8.93224	-6.25483	-10.23839	-5.93820
3727.666	-8.89974	-6.00902	-10.18195	-6.00597
3731.661	-8.92532	-5.97135	-10.12166	-6.13743
3735.660	-8.93241	-5.93549	-10.11591	-6.24419
3739.661	-8.91607	-6.03648	-10.09390	-6.19352
3743.662	-8.92762	-5.99295	-10.09470	-6.21418
3747.663	-8.99859	-6.07720	-10.10588	-6.10841
3751.656	-9.01280	-6.10982	-10.17026	-6.08033
3755.662	-9.05865	-5.98636	-10.19459	-6.10620
3759.660	-8.99111	-6.17950	-10.14230	-6.11375
3763.659	-9.02317	-6.28734	-10.24166	-6.14439
3767.620	-9.04689	-6.26797	-10.19993	-6.17068
3771.659	-9.19217	-6.34071	-10.30622	-6.14842
3775.665	-9.33026	-6.25568	-10.30468	-6.15316
3779.660	-9.30636	-6.28443	-10.24848	-6.16669
3783.662	-9.24477	-6.40230	-10.20986	-6.23086
3787.660	-9.26534	-6.48443	-10.21274	-6.23293
3791.644	-9.32567	-6.40066	-10.06898	-6.26375
3795.661	-9.20639	-6.41849	-9.96523	-6.31937
3799.625	-9.16690	-6.41581	-9.94671	-6.29240
3803.663	-9.12401	-6.27749	-9.89347	-6.33823
3807.663	-9.13436	-5.98983	-9.91462	-6.32494
3811.659	-9.12094	-5.85356	-9.91315	-6.31517
3815.667	-9.06046	-5.75783	-9.93359	-6.30163
3819.661	-8.99925	-5.70498	-9.93853	-6.23648
3823.663	-8.95460	-6.00773	-9.93985	-6.25902
3827.665	-8.95038	-5.77211	-10.07069	-6.16267
3831.650	-8.93920	-5.79010	-10.08859	-6.16388
3835.624	-8.90982	-5.71714	-10.13078	-6.16376
3839.663	-8.92609	-5.68386	-10.12118	-6.15847
3843.662	-8.92004	-5.62558	-10.15042	-6.13833
3847.661	-8.92246	-5.65766	-10.13960	-6.10961
3851.661	-8.96215	-5.60541	-10.19940	-6.10780
3855.667	-9.00152	-5.60773	-10.19402	-6.09008
3859.661	-8.99428	-5.65983	-10.19281	-6.11970
3863.660	-9.11982	-5.81862	-10.17957	-6.11016
3867.660	-9.12754	-5.89296	-10.19077	-6.04910
3871.665	-9.16719	-5.99901	-10.18125	-6.07811
3875.636	-9.18194	-6.06080	-10.19995	-6.05065
3879.660	-9.14310	-6.34980	-10.18024	-5.98230
3883.662	-9.18555	-6.26541	-10.17392	-5.91883
3887.665	-9.17370	-6.31555	-10.18911	-5.92305
3891.661	-9.16629	-6.25911	-10.17594	-5.89963
3895.624	-9.08837	-6.40032	-10.11409	-5.80492
3899.625	-9.02762	-6.47264	-10.14893	-5.78134
3903.667	-9.03265	-6.43124	-10.07661	-5.75517
3907.661	-8.99169	-6.38225	-10.08202	-5.79537
3911.664	-8.98886	-6.14075	-10.06754	-5.83321
3915.648	-8.95123	-6.16302	-10.05642	-5.85324
3919.665	-8.89959	-5.97602	-10.04817	-5.95074
3923.660	-8.87580	-5.80179	-10.03156	-6.04022
3927.663	-8.83556	-5.76008	-10.04158	-5.89486
3931.662	-8.81137	-5.86204	-10.04177	-5.97999
3935.664	-9.24796	-5.71703	-10.10877	-6.07800
3939.663	-9.94606	-5.85388	-10.42096	-6.31548
3943.663	-9.88215	-6.37600	-11.11779	-6.35280
3947.661	-10.28491	-6.82938	-11.33502	-6.51894
3951.563	-10.71305	-6.86934	-11.60735	-6.72234
3955.666	-10.70943	-6.93863	-11.61001	-6.73092
3959.666	-11.04489	-6.90804	-11.24249	-6.98772
3963.665	-10.80668	-7.07260	-11.27541	-7.03350
3967.667	-10.72007	-6.88338	-11.36067	-7.05679
3971.667	-10.84267	-6.95083	-11.61059	-7.09452
3975.664	-10.93784	-6.95712	-11.65615	-7.17704
3979.665	-11.05971	-7.02575	-11.66332	-7.23511
3983.664	-11.06110	-7.02529	-11.71701	-7.29939
3987.663	-11.07687	-7.05513	-11.81434	-7.37290
3991.663	-11.19299	-7.01284	-11.89808	-7.43910
3995.666	-11.21933	-7.03824	-12.03705	-7.44170
3999.629	-11.13219	-6.98523	-12.09980	-7.49250
4003.666	-10.99544	-6.91643	-11.95812	-7.52929
4007.663	-11.09234	-6.85093	-12.06083	-7.56568
4011.665	-11.10689	-6.87343	-11.97769	-7.68035
4015.670	-11.06714	-6.75274	-11.96565	-7.66610
4019.629	-11.12008	-6.79158	-11.91148	-7.72332
4023.622	-11.11879	-6.81662	-11.91776	-7.75134
4027.661	-11.14569	-7.00350	-11.89770	-7.74668
4031.664	-11.10443	-6.98563	-11.77903	-7.70498
4035.663	-11.15145	-7.28223	-11.86022	-7.69059
4039.653	-11.12496	-7.26718	-11.86959	-7.63592
4043.663	-11.11315	-6.92923	-11.87646	-7.72089
4047.667	-11.15157	-7.23427	-12.09937	-7.59925
4051.663	-11.14629	-7.47117	-11.87451	-7.64478
4055.666	-9.90209	-7.36792	-11.48713	-7.51794
4059.664	-8.42313	-7.23957	-9.63175	-7.46163
4063.668	-4.84992	-7.17454	-6.58533	-7.25676
4067.665	-2.90755	-7.20941	-4.85100	-6.89366
4071.667	-0.65821	-7.73210	-2.75754	-7.10258
4075.663	-0.01504	-7.86422	-1.66058	-6.71712
4079.666	1.08723	-8.15084	-0.07264	-6.47690
4083.665	4.56301	-7.99622	1.81619	-6.25503
4087.665	6.91085	-7.04929	4.41457	-6.09850
4091.664	8.16124	-7.24618	6.56662	-5.93827
4095.665	9.68030	-6.21441	6.77276	-5.68944
4099.664	10.65544	-6.43187	9.16412	-5.45094
4103.665	10.99437	-6.46455	9.59199	-5.02209
4107.664	11.10766	-6.53566	8.80437	-4.98919
4111.633	10.65987	-6.50804	8.10598	-4.97631
4115.664	10.53953	-6.42785	8.35787	-4.92387
4119.670	10.61049	-6.39562	8.57457	-4.76205
4123.666	10.94014	-6.36805	9.30266	-4.74482
4127.667	10.81446	-5.79380	9.62840	-4.72224
4131.664	10.79327	-5.67993	9.71961	-4.61191
4135.665	10.60258	-5.48114	9.37254	-4.46369
4139.667	9.80489	-5.74307	9.12350	-4.40723
4143.668	9.48714	-5.70313	9.14215	-4.33629
4147.667	9.61074	-5.51264	8.90863	-4.30208
4151.669	9.18632	-6.07251	9.08948	-4.19992
4155.668	9.24114	-5.66571	9.24619	-4.30059
4159.569	9.39808	-5.62880	9.32434	-4.24072
4163.544	9.39281	-5.57167	9.30401	-4.28245
4167.544	9.38564	-5.62050	9.22163	-4.23493
4171.522	9.26701	-5.87065	9.27987	-4.21206
4175.570	9.43716	-5.78789	9.19353	-4.21658
4179.541	9.29628	-5.92377	9.15096	-4.27966
4183.542	9.31598	-6.02456	9.16995	-4.28290
4187.543	9.42443	-6.07755	9.20255	-4.30802
4191.540	9.48425	-6.09446	9.28301	-4.29597
4195.543	9.53854	-6.04380	9.29795	-4.33831
4199.505	9.73376	-6.07133	9.35440	-4.33632
4203.544	9.83286	-6.09149	9.44696	-4.33877
4207.510	9.88839	-6.11155	9.40554	-4.44660
4211.531	9.96631	-6.12288	9.55290	-4.50488
4215.506	10.05827	-6.09412	9.55840	-4.47534
4219.545	9.86394	-6.10290	9.63435	-4.52871
4223.563	9.99277	-6.12766	9.57240	-4.48738
4227.543	10.02803	-6.12611	9.55548	-4.48417
4231.544	9.84587	-6.11630	9.46971	-4.43349
4235.541	9.85438	-6.09603	9.47459	-4.46444
4239.567	9.82597	-6.10989	9.49885	-4.56991
4243.542	10.03539	-6.11637	9.43257	-4.77092
4247.543	10.01140	-6.13997	9.58393	-4.46392
4251.508	10.11733	-6.15893	9.79344	-4.40304
4255.568	10.00812	-6.19370	9.78862	-4.48421
4259.543	9.70902	-6.22027	9.58709	-4.59351
4263.539	9.81597	-6.20960	9.57688	-4.52012
4267.505	9.72973	-6.16828	9.60965	-4.60421
4271.542	9.86189	-5.94997	9.75642	-4.59206
4275.544	9.92683	-5.96202	9.80727	-4.59543
4279.542	9.93670	-5.89992	9.73311	-4.56965
4283.512	10.07543	-5.87939	9.79052	-4.59006
4287.569	9.89347	-5.96182	9.79824	-4.48922
4291.545	9.89171	-5.84191	9.73781	-4.57047
4295.545	9.77857	-6.01220	9.61291	-4.56748
4299.508	9.93114	-5.92010	9.56685	-4.60995
4303.565	9.90720	-6.10733	9.60639	-4.56557
4307.545	9.92158	-6.10692	9.69152	-4.51251
4311.545	10.06381	-5.97485	9.58950	-4.46463
4315.542	10.11377	-5.97666	9.70239	-4.44634
4319.546	9.99530	-6.18817	9.58854	-4.43997
4323.546	10.09458	-6.18241	9.66033	-4.49318
4327.545	10.09167	-6.25645	9.70962	-4.60599
4331.541	10.08657	-6.10512	9.75213	-4.60976
4335.567	10.11452	-6.16885	9.73523	-4.57016
4339.538	10.18519	-6.12103	9.78443	-4.56820
4343.545	10.13073	-6.29284	9.79231	-4.48961
4347.545	10.13549	-6.13917	9.64719	-4.45503
4351.536	9.09928	-6.02868	9.54011	-4.50290
4355.546	9.05136	-6.01665	9.18221	-4.46369
4359.544	9.74253	-5.89661	7.63725	-4.52472
4363.547	9.40506	-6.03180	7.97858	-4.49338
4367.546	9.51759	-6.06627	8.18747	-4.50529
4371.546	9.34783	-6.14770	8.20693	-4.48141
4375.546	9.28567	-6.13877	8.31421	-4.48130
4379.525	8.96976	-6.22891	8.34358	-4.43472
4383.542	8.77851	-6.39609	8.59172	-4.47928
4387.546	8.90766	-6.29187	8.34920	-4.50712
4391.543	8.79017	-6.27315	8.21419	-4.53217
4395.544	8.91258	-6.36023	8.15100	-4.47832
4399.569	9.05197	-6.23483	8.08586	-4.45667
4403.547	8.98169	-6.21481	8.22450	-4.45970
4407.546	8.87924	-6.14535	8.15735	-4.43512
4411.548	9.01099	-5.94118	8.11318	-4.40069
4415.505	8.90080	-5.66813	8.31822	-4.37882
4419.537	8.80914	-5.61579	8.21458	-4.41791
4423.544	8.78520	-5.47607	8.21821	-4.41100
4427.543	8.89182	-5.33952	8.06813	-4.50751
4431.569	9.00692	-5.64549	8.15545	-4.49345
4435.544	8.96315	-5.48642	8.01333	-4.49028
4439.548	8.98027	-5.66924	7.99939	-4.53810
4443.548	8.98254	-5.86950	8.00116	-4.60422
4447.568	9.01910	-5.78953	7.89615	-4.64146
4451.544	8.92207	-5.73430	7.87930	-4.71711
4455.547	8.85162	-5.50613	7.99447	-4.83692
4459.546	8.65317	-5.56783	7.96466	-4.97152
4463.570	8.77264	-5.62673	7.89707	-4.92139
4467.546	8.92740	-5.42993	7.86973	-4.93349
4471.545	8.85603	-5.89615	7.95606	-4.92164
4475.545	8.74297	-5.89090	7.89303	-4.86131
4479.568	8.55874	-5.86368	7.90655	-4.78240
4483.546	8.56044	-5.74893	7.90428	-4.88082
4487.549	8.29188	-5.73128	7.91650	-4.82965
4491.546	8.32264	-5.71811	7.99698	-4.85131
4495.569	8.22120	-5.57965	8.00272	-4.78598
4499.559	8.15903	-5.60317	8.00715	-4.68695
4503.561	8.32604	-5.84551	7.96977	-4.62804
4507.546	8.42872	-5.82136	8.01092	-4.57059
4511.572	8.32595	-5.86510	8.08078	-4.53101
4515.545	8.50870	-5.94447	8.17189	-4.53578
4519.550	8.60616	-6.11149	8.07759	-4.53713
4523.544	8.56107	-5.99567	8.16005	-4.55429
4527.570	9.00866	-6.05844	8.28699	-4.53984
4531.545	8.86771	-6.35338	8.23646	-4.49843
4535.547	8.82441	-6.29666	8.36695	-4.51707
4539.546	8.81588	-6.30809	8.36166	-4.53482
4543.569	8.90548	-6.27197	8.33333	-4.54128
4547.547	8.62903	-6.02573	8.38204	-4.57582
4551.547	8.54671	-5.82012	8.39421	-4.60582
4555.549	8.52244	-5.96657	8.31992	-4.61935
4559.538	8.52044	-5.82093	8.27552	-4.68028
4563.546	8.51807	-5.64666	8.30160	-4.82371
4567.545	8.45329	-5.81401	8.24405	-4.76297
4571.546	8.50668	-5.75331	8.16853	-4.73282
4575.550	8.41881	-5.95336	8.12931	-4.75114
4579.546	8.58175	-5.82051	8.11644	-4.73962
4583.554	8.64172	-5.89962	8.11184	-4.77451
4587.510	8.58711	-5.82677	8.13760	-4.84831
4591.548	8.60875	-5.73926	8.10180	-4.83030
4595.547	8.84477	-5.82913	8.11705	-4.83363
4599.550	8.82814	-6.04969	8.15815	-4.79260
4603.549	9.02769	-6.08159	8.17177	-4.78305
4607.548	9.00169	-6.12491	8.15399	-4.70822
4611.548	9.03897	-6.06998	8.15093	-4.68238
4615.549	9.20746	-6.02720	8.15465	-4.57066
4619.552	9.13828	-5.88377	8.20184	-4.42204
4623.575	9.04350	-5.84571	8.20817	-4.31611
4627.550	8.98225	-5.63588	8.18959	-4.38271
4631.539	8.98888	-5.69090	8.22659	-4.37536
4635.548	8.91815	-5.46126	8.22978	-4.43451
4639.572	8.71526	-5.32109	8.25627	-4.49273
4643.548	8.59662	-5.37415	8.24465	-4.55728
4647.549	8.63144	-5.32254	8.28772	-4.56129
4651.547	8.54785	-5.40852	8.27666	-4.45657
4655.554	8.62874	-5.45108	8.21597	-4.42555
4659.548	8.60994	-5.35129	8.23313	-4.50685
4663.547	8.54896	-5.51329	8.21099	-4.53800
4667.547	8.63876	-5.61697	8.20590	-4.46032
4671.544	8.69275	-5.57403	8.21018	-4.50354
4675.512	8.78006	-5.73441	8.19275	-4.44470
4679.549	8.85427	-5.64640	8.24740	-4.48171
4683.549	8.89790	-5.61996	8.17614	-4.48999
4687.551	8.93428	-5.60983	8.05803	-4.29289
4691.549	8.78692	-5.64803	8.15740	-4.29044
4695.549	8.80403	-5.52426	8.22222	-4.31276
4699.550	8.73693	-5.54024	8.17369	-4.32067
4703.552	8.76981	-5.63796	8.29149	-4.41520
4707.552	8.68684	-5.60801	8.40730	-4.28462
4711.535	8.62530	-5.64635	8.41082	-4.35254
4715.545	8.75783	-5.72150	8.42726	-4.39328
4719.522	8.89930	-5.48579	8.44470	-4.45390
4723.551	8.52797	-5.44056	8.39333	-4.40828
4727.549	8.60179	-5.59538	8.30036	-4.47165
4731.550	8.60014	-5.77319	8.31540	-4.49577
4735.552	8.79698	-5.67004	8.17184	-4.56415
4739.551	8.82211	-5.93192	8.28050	-4.58377
4743.549	8.77645	-5.85000	8.30206	-4.54165
4747.551	8.71538	-5.67507	8.22207	-4.48385
4751.553	8.92946	-5.61253	8.15917	-4.43576
4755.552	8.93459	-5.84561	8.20778	-4.30981
4759.553	9.04798	-5.93594	8.17447	-4.36402
4763.549	8.89957	-5.82440	8.20902	-4.41377
4767.515	8.99881	-5.62281	8.21731	-4.56691
4771.549	8.76687	-5.76573	8.36948	-4.41170
4775.551	8.96039	-5.50054	8.30719	-4.37034
4779.552	8.66724	-5.71308	8.36399	-4.45512
4783.556	8.64609	-5.30665	8.44798	-4.29075
4787.551	9.01496	-5.66420	8.43681	-4.33362
4791.552	8.92382	-5.85419	8.36727	-4.32215
4795.525	8.99639	-5.95815	8.37016	-4.35778
4799.548	8.94627	-6.01607	8.37206	-4.35057
4803.552	8.92377	-5.99581	8.26245	-4.28449
4807.554	8.82419	-5.60258	8.24777	-4.27903
4811.550	8.80027	-5.68212	8.16204	-4.20335
4815.555	8.93806	-5.69373	8.18395	-4.12628
4819.551	8.91599	-5.74378	8.16180	-4.00115
4823.553	8.84651	-5.30951	8.09769	-3.85007
4827.553	8.08961	-5.67318	7.94036	-3.94883
4831.556	8.29710	-4.89114	7.67167	-3.82593
4835.540	8.80621	-4.87272	7.48668	-3.66826
4839.551	8.70548	-4.76121	7.75200	-3.83381
4843.550	9.43986	-5.06457	6.56375	-3.65246
4847.555	10.83606	-4.36578	1.36189	-3.97654
4851.550	1.86719	-3.52241	1.23610	-3.97343
4855.554	15.33906	-1.70999	0.92743	-3.62378
4859.553	15.45428	-0.67277	17.56706	1.03136
4863.557	15.53428	2.87456	18.20752	4.48291
4867.552	NaN	NaN	NaN	NaN
4871.551	NaN	NaN	NaN	NaN
4875.553	NaN	NaN	NaN	NaN
4879.555	NaN	NaN	NaN	NaN
4883.551	NaN	NaN	NaN	NaN
4887.550	NaN	NaN	NaN	NaN
4891.551	NaN	NaN	NaN	NaN
4895.515	NaN	NaN	NaN	NaN
4899.516	NaN	NaN	NaN	NaN
4903.552	NaN	NaN	NaN	NaN
4907.551	NaN	NaN	NaN	NaN
4911.552	NaN	NaN	NaN	NaN
4915.557	NaN	NaN	NaN	NaN
4919.516	NaN	NaN	NaN	NaN
4923.551	NaN	NaN	NaN	NaN
4927.552	NaN	NaN	NaN	NaN
4931.555	NaN	NaN	NaN	NaN
4935.516	NaN	NaN	NaN	NaN
4939.556	NaN	NaN	NaN	NaN
4943.555	NaN	NaN	NaN	NaN
4947.553	NaN	NaN	NaN	NaN
4951.555	NaN	NaN	NaN	NaN
4955.558	NaN	NaN	NaN	NaN
4959.550	NaN	NaN	NaN	NaN
4963.516	NaN	NaN	NaN	NaN
4967.560	NaN	NaN	NaN	NaN
4971.528	NaN	NaN	NaN	NaN
4975.453	NaN	NaN	NaN	NaN
4979.552	NaN	NaN	NaN	NaN
4983.552	NaN	NaN	0.60717	10.59629
4987.553	4.78789	0.20813	13.91818	0.48909
4991.451	5.55005	-3.38702	13.78813	-0.81084
4995.554	15.03878	4.59819	-0.04035	-4.10955
4999.555	14.99975	2.89652	-0.03018	-3.76125
5003.525	14.71816	-0.97073	-0.16449	-3.98969
5007.444	0.43145	-4.21631	1.73061	-3.72432
5011.552	7.64613	-2.30929	4.76657	-2.46223
5015.554	7.49085	-2.90343	4.65540	-3.07345
5019.518	7.45533	-2.87853	4.71506	-3.02664
5023.422	5.99080	-3.09371	4.77505	-3.20627
5027.552	5.49045	-2.98222	4.89395	-3.30435
5031.553	5.63786	-3.00367	4.89915	-3.36969
5035.557	5.47510	-3.06362	4.88254	-3.38911
5039.559	5.51806	-3.19299	4.99792	-3.17211
5043.556	5.51671	-3.19209	4.99103	-2.95470
5047.549	5.49001	-3.08278	5.02061	-2.99592
5051.552	5.45371	-3.12164	5.01489	-2.94272
5055.558	5.42670	-3.17212	5.05238	-3.08626
5059.556	5.46426	-3.19128	4.97669	-3.11184
5063.556	5.53085	-3.25081	4.93933	-3.21008
5067.556	5.52180	-3.34360	4.76559	-3.16272
5071.558	5.66700	-3.41650	4.87912	-3.12259
5075.554	5.59224	-3.52110	4.86862	-3.11808
5079.556	5.67828	-3.66242	4.95896	-3.08302
5083.555	5.63668	-3.70568	4.86793	-2.95725
5087.557	5.62419	-3.72891	4.92533	-3.00625
5091.554	5.64179	-3.66297	5.00416	-3.07136
5095.555	5.59474	-3.71861	4.88584	-3.04416
5099.532	5.77792	-3.59936	4.76978	-2.96079
5103.558	5.78720	-3.72108	4.88483	-2.81986
5107.556	5.83692	-3.89281	4.85785	-2.86683
5111.555	5.70735	-3.86161	4.97021	-2.80691
5115.556	5.54889	-3.83183	5.00039	-2.79717
5119.560	5.65948	-3.53848	4.89954	-2.82005
5123.561	5.74072	-3.52192	4.68752	-2.88612
5127.535	5.85264	-3.27016	4.78814	-2.96520
5131.555	5.98611	-3.47445	4.84630	-3.10097
5135.557	5.85517	-3.43865	4.76056	-3.25906
5139.555	5.76952	-3.31609	4.76879	-3.27102
5143.554	5.59698	-3.62284	4.77315	-3.14903
5147.556	5.44294	-3.61190	4.70034	-3.17200
5151.524	5.50169	-3.73823	4.66351	-3.11735
5155.520	5.41394	-3.84375	4.65767	-3.18558
5159.557	5.44844	-3.67060	4.68523	-3.12659
5163.555	5.82788	-3.59129	4.76653	-3.20019
5167.558	5.85008	-3.58425	4.72475	-3.10532
5171.550	5.90993	-3.68448	4.74126	-3.12103
5175.556	5.85369	-3.80928	4.74353	-3.03731
5179.555	5.72524	-3.88014	4.71629	-3.07524
5183.559	5.86673	-3.91131	4.71610	-3.00313
5187.556	5.97722	-3.84083	4.71237	-3.01505
5191.558	5.95798	-3.97398	4.72859	-2.96459
5195.557	5.86708	-3.98258	4.64566	-2.95687
5199.426	5.88795	-3.91746	4.59216	-2.94723
5203.430	5.86892	-4.11949	4.44608	-2.98911
5207.432	5.75608	-4.10435	4.54012	-2.99100
5211.436	5.80091	-4.09281	4.48688	-3.01056
5215.393	5.67239	-4.07921	4.57973	-2.99321
5219.430	5.63102	-4.02015	4.54816	-3.05663
5223.438	5.71254	-4.02537	4.62621	-3.06605
5227.431	5.71586	-3.87661	4.63311	-3.10682
5231.433	5.57127	-3.99157	4.73064	-3.12194
5235.396	5.53426	-3.91263	4.78910	-3.16752
5239.396	5.51924	-3.79545	4.81564	-3.19756
5243.433	5.53862	-3.78129	4.74254	-3.19909
5247.430	5.54380	-3.69430	4.77668	-3.18345
5251.434	5.59511	-3.53365	4.87042	-3.15475
5255.435	5.65150	-3.55604	4.88372	-3.06369
5259.400	5.71165	-3.46359	4.85793	-2.97203
5263.456	5.76603	-3.41089	4.87298	-2.97022
5267.432	5.85784	-3.41223	4.87973	-2.79840
5271.431	5.90855	-3.48344	4.91159	-2.82368
5275.436	6.01250	-3.40300	4.94056	-2.81363
5279.454	6.04760	-3.40295	5.00058	-2.79937
5283.444	6.13966	-3.44646	4.98837	-2.64555
5287.435	6.23415	-3.46384	5.02408	-2.62263
5291.434	6.27226	-3.42771	5.02760	-2.58178
5295.457	6.16025	-3.44119	5.06843	-2.59649
5299.398	5.22340	-3.49543	4.61124	-2.60642
5303.434	4.56190	-3.36671	2.22857	-2.56151
5307.433	3.45074	-3.18427	0.21666	-2.28358
5311.457	2.26400	-2.82111	0.12054	-2.05233
5315.436	1.53843	-2.73464	-0.17290	-2.24051
5319.435	0.84773	-2.99915	-0.50877	-1.96068
5323.437	1.00958	-2.69452	-0.47403	-1.81243
5327.458	1.18999	-2.59735	-0.28719	-1.77002
5331.432	1.65756	-2.57682	-0.09989	-1.83145
5335.435	1.28025	-2.62372	0.07033	-1.86199
5339.424	1.21390	-2.73598	0.10890	-1.97877
5343.456	1.25773	-2.70470	-0.02804	-1.94745
5347.436	1.15272	-2.74700	-0.18119	-1.91929
5351.435	1.12844	-2.70290	-0.10858	-2.05084
5355.436	1.12568	-2.86589	-0.24212	-1.98312
5359.435	1.07053	-2.69544	-0.22738	-1.97414
5363.437	1.10993	-2.81351	-0.20991	-1.96995
5367.438	1.12487	-2.72960	-0.07445	-2.08124
5371.437	1.10807	-2.78020	-0.11309	-2.09333
5375.457	1.10326	-2.63814	-0.21485	-2.22671
5379.440	1.10212	-2.42745	-0.46182	-2.17051
5383.407	1.10723	-1.93840	-0.37779	-2.17840
5387.436	1.10770	-2.15722	-0.40504	-2.10598
5391.431	0.93619	-2.07486	-0.33970	-2.05922
5395.434	0.99678	-2.01743	-0.28605	-2.01875
5399.437	0.86528	-1.79868	-0.46942	-2.14125
5403.436	0.91964	-1.76775	-0.31677	-2.18226
5407.435	0.83066	-1.69320	-0.28557	-2.07665
5411.435	0.91237	-1.84954	-0.25187	-2.11721
5415.436	0.90627	-1.76202	-0.12401	-2.19933
5419.437	0.93053	-1.74818	-0.12233	-2.13742
5423.472	0.99777	-1.83155	0.05959	-2.25802
5427.437	1.07473	-2.06381	-0.05760	-2.15604
5431.439	0.95929	-2.02170	-0.03743	-2.16621
5435.435	1.04262	-1.93492	-0.09056	-2.23094
5439.459	1.07220	-2.10358	-0.16288	-2.29386
5443.434	1.02531	-2.30082	-0.23678	-2.28747
5447.435	1.07711	-2.23785	-0.42631	-2.27252
5451.436	1.07061	-2.34288	-0.29627	-2.27992
5455.458	1.07190	-2.40962	-0.16955	-2.29892
5459.440	0.99499	-2.32820	-0.19680	-2.27974
5463.439	0.89319	-2.30036	-0.22482	-2.15979
5467.404	0.94281	-2.33543	-0.14203	-2.00512
5471.464	0.95723	-2.27308	-0.14012	-1.78540
5475.436	0.97705	-2.19850	-0.00824	-1.88942
5479.437	1.00462	-2.31834	-0.25130	-1.84953
5483.437	0.98916	-2.45120	-0.17620	-1.81064
5487.463	1.08145	-2.39245	-0.04874	-1.86405
5491.440	1.02809	-2.41444	-0.07617	-1.78573
5495.438	1.04367	-2.54283	-0.06430	-1.72381
5499.402	0.81910	-2.26920	-0.04529	-1.73699
5503.458	0.85865	-2.30864	-0.05135	-1.74464
5507.418	0.96259	-2.26005	-0.05730	-1.79233
5511.435	0.93480	-2.25638	-0.23033	-1.85214
5515.434	0.93534	-2.22475	-0.37273	-1.86488
5519.430	0.73188	-2.46121	-0.38144	-1.88096
5523.433	0.70752	-2.35757	-0.36856	-1.87371
5527.437	0.71104	-2.31617	-0.40244	-1.89654
5531.435	0.72446	-2.20209	-0.38124	-1.85584
5535.436	0.68930	-2.15338	-0.41728	-1.85511
5539.436	0.71766	-2.10662	-0.39303	-1.85015
5543.435	0.74069	-2.09258	-0.33856	-1.81581
5547.426	0.79749	-1.92626	-0.36700	-1.79599
5551.463	0.88547	-2.00102	-0.27642	-1.75609
5555.438	0.76694	-1.90640	-0.22542	-1.70754
5559.439	0.69250	-1.94003	-0.07093	-1.66174
5563.436	0.74652	-1.85396	-0.03844	-1.62030
5567.463	0.79841	-1.87494	0.01506	-1.63699
5571.438	0.85173	-1.80062	-0.05631	-1.69149
5575.437	0.96422	-1.79935	-0.15707	-1.71921
5579.437	1.11154	-1.78338	-0.04725	-1.74211
5583.464	1.22449	-1.73039	-0.08297	-1.88487
5587.402	1.05287	-1.80213	-0.05383	-1.85712
5591.409	1.22896	-1.92541	0.07646	-1.91434
5595.438	0.99271	-1.90688	0.04482	-1.85844
5599.462	0.87473	-1.97120	0.18097	-1.87906
5603.439	0.87642	-1.93980	0.21765	-1.96625
5607.441	0.94388	-1.80502	0.28401	-1.92640
5611.444	0.93996	-1.68855	0.08644	-2.02096
5615.439	0.97943	-1.69745	0.08051	-2.00662
5619.436	0.70851	-1.66137	-0.06969	-2.06199
5623.440	0.73727	-1.75338	-0.06309	-2.03193
5627.446	0.79131	-1.69547	0.08627	-2.00480
5631.432	0.85463	-1.86769	0.01437	-1.99547
5635.437	0.92780	-1.70718	-0.15883	-1.95330
5639.438	1.00983	-1.70974	-0.17613	-1.94138
5643.438	1.07478	-1.73468	-0.13665	-1.91590
5647.464	0.94358	-1.59958	-0.04303	-1.97545
5651.441	0.94567	-1.72539	-0.10955	-1.88494
5655.442	0.90847	-1.78384	-0.14101	-1.82840
5659.439	0.81414	-1.75447	-0.07413	-1.80554
5663.463	0.80330	-1.86605	-0.11044	-1.76512
5667.437	0.92478	-2.01288	-0.04936	-1.72764
5671.444	0.78367	-2.11296	-0.09183	-1.70792
5675.407	0.80749	-2.08280	-0.11679	-1.71778
5679.433	0.79756	-1.98349	-0.05869	-1.69010
5683.438	0.78444	-2.10303	-0.08304	-1.72416
5687.442	0.82558	-2.10830	-0.13925	-1.79627
5691.438	0.77037	-1.98393	-0.23110	-1.89744
5695.445	0.77680	-1.90830	-0.17338	-1.79935
5699.440	0.79781	-2.00866	-0.16293	-1.86166
5703.443	0.88912	-1.96585	-0.18506	-1.93073
5707.439	0.96869	-1.87535	-0.11759	-1.94131
5711.437	0.95400	-1.83281	-0.13136	-1.98100
5715.421	0.97673	-1.70169	-0.05954	-2.05094
5719.404	1.00658	-1.70126	-0.07579	-2.04474
5723.443	1.01585	-1.61330	-0.12813	-2.04317
5727.448	0.93435	-1.48446	-0.08709	-2.03300
5731.439	0.91125	-1.30402	-0.12051	-1.94948
5735.440	0.91346	-1.41886	-0.16940	-1.97884
5739.440	0.72216	-1.45516	-0.14481	-1.97090
5743.432	0.71752	-1.34071	-0.24587	-1.93825
5747.442	0.69575	-1.32534	-0.20000	-1.89909
5751.443	0.70523	-1.33746	-0.20058	-1.76107
5755.440	0.70429	-1.25118	-0.11553	-1.86576
5759.435	0.70995	-1.37322	-0.18504	-1.86903
5763.444	0.65409	-1.31887	-0.18660	-1.88171
5767.401	0.66419	-1.35535	-0.21998	-1.88809
5771.440	0.70521	-1.28831	-0.22792	-1.80582
5775.435	0.68094	-1.47243	-0.20348	-1.83204
5779.442	0.68915	-1.51342	-0.18184	-1.63015
5783.445	0.73953	-1.57806	-0.21986	-1.70228
5787.444	0.84491	-1.64970	-0.19387	-1.73555
5791.436	0.89451	-1.82225	-0.17742	-1.74843
5795.442	0.92763	-1.82141	-0.21681	-1.75200
5799.406	0.93894	-1.73344	-0.24219	-1.74080
5803.442	0.93740	-1.70851	-0.22470	-1.67554
5807.441	0.99732	-1.68483	-0.22321	-1.65287
5811.440	1.04404	-1.64469	-0.15975	-1.60389
5815.441	1.00065	-1.72089	-0.10046	-1.62753
5819.449	0.99730	-1.66536	-0.06497	-1.60863
5823.439	1.00052	-1.69339	-0.01345	-1.66194
5827.444	0.95023	-1.68187	0.02320	-1.62887
5831.441	0.89924	-1.64476	0.06006	-1.52873
5835.446	0.89599	-1.66060	-0.00181	-1.54954
5839.441	0.92033	-1.61861	0.06110	-1.66574
5843.440	0.89078	-1.65968	0.03872	-1.66231
5847.444	0.84895	-1.68234	0.04331	-1.73997
5851.443	0.83029	-1.64829	0.03517	-1.69700
5855.436	0.77925	-1.71434	-0.02690	-1.75854
5859.443	0.76206	-1.75712	-0.02082	-1.72076
5863.440	0.76707	-1.75027	-0.10801	-1.72840
5867.442	0.78610	-1.73415	-0.10468	-1.71748
5871.443	0.80034	-1.77706	-0.08954	-1.73421
5875.441	0.80660	-1.80618	-0.08455	-1.73724
5879.442	0.77811	-1.85176	-0.08924	-1.74690
5883.408	0.79297	-1.73844	-0.09088	-1.71189
5887.446	0.72652	-1.77593	-0.01544	-1.74536
5891.444	0.70838	-1.75925	0.00464	-1.71331
5895.441	0.71886	-1.76662	-0.01400	-1.69608
5899.444	0.79357	-1.70081	0.04011	-1.64277
5903.446	0.81193	-1.61451	0.06609	-1.65082
5907.446	0.82776	-1.60514	0.09237	-1.65834
5911.442	0.83632	-1.47280	0.09096	-1.66465
5915.443	0.84642	-1.42897	0.10133	-1.59138
5919.447	0.83965	-1.37263	0.08795	-1.58711
5923.424	0.83138	-1.26394	0.06244	-1.62875
5927.448	0.87423	-1.36698	0.03911	-1.66599
5931.442	0.94018	-1.23589	-0.05251	-1.66986
5935.444	0.98596	-1.23793	-0.13285	-1.70323
5939.442	0.93872	-1.25220	-0.15531	-1.67999
5943.444	0.92341	-1.29872	-0.16481	-1.67398
5947.442	0.87875	-1.43380	-0.09438	-1.66889
5951.342	0.84917	-1.46160	-0.12550	-1.76728
5955.443	0.71216	-1.17032	-0.24644	-1.63864
5959.442	0.66794	-0.63334	-0.44805	-1.16366
5963.433	0.68479	-0.59435	-0.39641	-0.41730
5967.436	0.71389	0.16670	-0.47592	-0.04858
5971.445	0.69226	0.08796	-0.42430	0.00790
5975.443	0.72032	-0.87244	-0.38981	-0.44135
5979.443	0.70084	-1.25374	-0.22356	-0.73837
5983.345	0.70548	-1.53865	-0.24252	-0.87593
5987.447	0.60647	-1.32507	-0.33307	-0.68723
5991.446	0.61751	-0.31044	-0.40340	-0.28031
5995.444	0.64096	-0.00206	-0.50850	-0.36663
5999.448	0.62575	0.11492	-0.48520	-0.33157
6003.447	0.66397	-0.01044	-0.41204	-0.26121
6007.419	0.64513	0.13393	-0.34573	-0.28613
6011.448	0.64814	0.07775	-0.38303	-0.32668
6015.345	0.61640	0.10453	-0.37382	-0.23430
6019.443	0.54736	0.24229	-0.36988	-0.27343
6023.443	0.52250	0.20795	-0.42629	-0.28123
6027.451	0.47358	0.28001	-0.44577	-0.28188
6031.342	0.35908	0.33456	-0.42760	-0.28116
6035.444	0.35680	0.36366	-0.49160	-0.32335
6039.443	0.27810	0.35471	-0.52056	-0.42922
6043.445	0.28955	0.31627	-0.39703	-0.43713
6047.349	0.13034	0.30455	-0.37894	-0.50501
6051.408	0.10602	0.23942	-0.36717	-0.61493
6055.444	0.05321	0.19005	-0.42755	-0.62019
6059.443	0.02735	0.13028	-0.43802	-0.63167
6063.344	-0.00025	0.06379	-0.63689	-0.67518
6067.448	-0.02561	0.07370	-0.60471	-0.71617
6071.444	-0.02747	-0.04513	-0.72774	-0.70831
6075.447	0.00742	-0.03245	-0.67794	-0.71378
6079.343	0.00424	-0.05479	-0.62064	-0.70109
6083.410	0.06601	-0.07818	-0.70697	-0.65437
6087.409	0.03770	-0.04711	-0.58275	-0.61290
6091.410	0.10927	-0.01493	-0.56806	-0.54808
6095.324	0.15995	-0.02008	-0.62672	-0.50835
6099.446	0.18400	0.04393	-0.51483	-0.44167
6103.448	0.20906	0.04595	-0.56610	-0.40574
6107.449	0.23788	0.07837	-0.41425	-0.35535
6111.345	0.27590	0.07721	-0.40971	-0.27716
6115.449	0.27413	0.09174	-0.31466	-0.24886
6119.447	0.31106	0.11035	-0.39467	-0.21377
6123.449	0.30975	0.09751	-0.34365	-0.19524
6127.346	0.23033	0.04813	-0.34313	-0.13759
6131.428	0.16782	-0.08362	-0.39730	-0.16842
6135.449	0.07453	-0.16112	-0.49910	-0.15319
6139.458	0.03477	-0.22893	-0.60660	-0.14871
6143.345	0.07758	-0.27001	-0.69295	-0.19048
6147.446	0.10786	-0.26834	-0.66082	-0.17659
6151.447	0.14486	-0.24655	-0.64245	-0.18437
6155.447	0.06279	-0.12529	-0.67089	-0.21180
6159.345	0.08192	-0.00283	-0.73049	-0.23793
6163.445	0.14481	0.07219	-0.71168	-0.24377
6167.449	0.27756	0.18396	-0.74826	-0.27217
6171.441	0.22703	0.37360	-0.73610	-0.28166
6175.348	0.27319	0.14981	-0.73221	-0.27409
6179.450	0.29873	0.17891	-0.66441	-0.31320
6183.446	0.26604	0.17250	-0.61037	-0.37920
