time (ms)	lx (deg)	ly (deg)	rx (deg)	ry (deg)
0.000	0.63161	-0.04405	-0.14208	-0.15451
3.897	0.67553	-0.14608	-0.16139	-0.09932
7.999	0.81992	-0.14170	-0.20944	-0.12084
11.963	0.87654	-0.22863	-0.29101	-0.04383
16.000	1.05677	-0.28189	-0.30595	-0.00736
19.895	0.97380	-0.28445	-0.27001	-0.17866
23.998	0.77769	-0.35225	-0.28969	-0.20475
27.998	0.61871	-0.55702	-0.35685	-0.25495
32.001	0.73623	-0.48687	-0.30962	-0.35464
35.984	0.41447	-0.59274	-0.36712	-0.41718
39.994	0.56337	-0.66093	-0.39035	-0.42828
44.006	0.46696	-0.43983	-0.37315	-0.26116
47.999	0.22065	-0.32082	-0.39904	-0.25144
51.897	0.13300	-0.50504	-0.42720	-0.22778
55.997	0.48386	-0.52945	-0.42432	-0.30148
59.996	0.46463	-0.53445	-0.38549	-0.23343
63.999	0.24445	-0.46680	-0.49041	-0.26759
67.903	0.49282	-0.43476	-0.52748	-0.28528
71.852	0.51691	-0.48977	-0.57223	-0.21570
75.999	0.46847	-0.44888	-0.60533	-0.20385
79.963	0.57295	-0.44604	-0.66593	-0.17811
83.857	0.52567	-0.57792	-0.66997	-0.14295
87.999	0.50076	-0.55708	-0.62359	-0.21125
92.000	0.53222	-0.53022	-0.61359	-0.16273
96.002	0.62141	-0.54397	-0.65709	-0.17473
100.006	0.57441	-0.55968	-0.63479	-0.16471
104.002	0.55587	-0.64287	-0.64402	-0.18521
108.000	0.44425	-0.64312	-0.62712	-0.19051
111.965	0.31590	-0.64542	-0.55967	-0.17182
115.904	0.38000	-0.63001	-0.45418	-0.20284
119.985	0.38985	-0.58651	-0.39874	-0.21670
123.963	0.38727	-0.55103	-0.47497	-0.28377
128.001	0.42961	-0.51917	-0.56406	-0.31380
131.902	0.39318	-0.49683	-0.64533	-0.37179
136.001	0.45309	-0.42664	-0.50805	-0.38718
140.000	0.41130	-0.32238	-0.53773	-0.35577
144.005	0.40174	-0.22761	-0.39043	-0.39968
147.971	0.34072	-0.24861	-0.49391	-0.36285
152.001	0.41631	-0.16969	-0.40509	-0.38830
156.001	0.35094	-0.07641	-0.50411	-0.32446
159.990	0.38956	-0.07800	-0.44398	-0.35023
163.907	0.37578	-0.18291	-0.36199	-0.29028
168.003	0.33305	-0.29488	-0.28664	-0.27433
172.004	0.23199	-0.25003	-0.25272	-0.20408
176.002	0.24420	-0.45950	-0.30997	-0.16149
179.903	0.29736	-0.46799	-0.28131	-0.11840
183.966	-0.00141	-0.48149	-0.40370	-0.14226
187.930	0.13349	-0.48437	-0.42150	-0.14499
191.879	0.06966	-0.41254	-0.80595	-0.19110
195.872	0.02392	-0.51625	-0.42591	-0.19399
199.878	0.09468	-0.53914	-0.36578	-0.18835
203.879	0.10329	-0.58480	-0.41311	-0.17779
207.881	0.00918	-0.61576	-0.40077	-0.23430
211.904	0.22902	-0.53016	-0.44433	-0.28009
215.844	0.19303	-0.54920	-0.36385	-0.29547
219.879	0.35424	-0.52380	-0.29617	-0.33680
223.878	0.48421	-0.46749	-0.24999	-0.36672
227.876	0.39273	-0.47283	-0.24609	-0.37362
231.878	0.45932	-0.48312	-0.22586	-0.38831
235.877	0.44043	-0.51099	-0.18658	-0.38416
239.876	0.39415	-0.51629	-0.19790	-0.42131
243.873	0.36201	-0.71409	-0.25490	-0.47517
247.877	0.02710	-0.94766	-0.26468	-0.51995
251.873	-0.24013	-1.28746	-0.36623	-0.59513
255.878	-0.30049	-0.98948	-0.37109	-0.61615
259.869	-0.66831	-1.12311	-0.44438	-0.64176
263.876	-0.40899	-1.13429	-0.48428	-0.63438
267.876	-0.46505	-1.23852	-0.50148	-0.75087
271.882	-0.39616	-1.26215	-0.55416	-0.75526
275.878	-0.43832	-1.18920	-0.70422	-0.77273
279.881	-0.45743	-1.15524	-0.97904	-0.81908
283.878	-0.39293	-1.24204	-0.97162	-0.78756
287.879	-0.30019	-1.20770	-0.97928	-0.74883
291.873	-0.28684	-1.08733	-0.95839	-0.66501
295.878	-0.30597	-1.09672	-1.28452	-0.49081
299.880	-0.38725	-0.98132	-1.09500	-0.41887
303.880	-0.24964	-0.93359	-1.35588	-0.42067
307.901	-0.21924	-0.79544	-1.22032	-0.30530
311.881	-0.16280	-0.72665	-1.23223	-0.37915
315.881	-0.10359	-0.61129	-1.23806	-0.31700
319.879	0.00998	-0.52994	-1.42893	-0.43690
323.879	0.02350	-0.42449	-1.23240	-0.33439
327.881	0.15687	-0.36657	-1.23288	-0.40047
331.869	0.13007	-0.35027	-1.27088	-0.35997
335.871	0.18092	-0.26852	-1.23642	-0.39518
339.872	0.29056	-0.23904	-1.21462	-0.48677
343.878	0.27197	-0.20784	-1.04446	-0.52904
347.881	0.35834	-0.16437	-1.03399	-0.55172
351.845	0.42492	-0.13078	-0.89369	-0.60881
355.873	0.50575	-0.08679	-0.73744	-0.65603
359.878	0.47909	-0.01436	-0.83508	-0.70690
363.879	0.51932	-0.03091	-0.63382	-0.72069
367.886	0.51612	-0.03842	-0.74690	-0.71168
371.845	0.52337	-0.02067	-0.78511	-0.71217
375.864	0.52669	-0.01652	-0.66886	-0.72752
379.880	0.57230	-0.01044	-0.63032	-0.69535
383.878	0.53989	0.05141	-0.60955	-0.64445
387.903	0.50086	0.08819	-0.60287	-0.61662
391.882	0.45937	0.17115	-0.58635	-0.63697
395.879	0.42638	0.20306	-0.59493	-0.61325
399.880	0.28791	0.36388	-0.58096	-0.62875
403.877	0.18385	0.31222	-0.52922	-0.66011
407.882	0.17171	0.35012	-0.55260	-0.69583
411.845	0.21356	0.34676	-0.52294	-0.67942
415.865	0.26731	0.38187	-0.49860	-0.79308
419.860	0.18387	0.38587	-0.44142	-0.80374
423.882	0.15595	0.43125	-0.44227	-0.87852
427.882	0.14188	0.46593	-0.43266	-0.93700
431.882	0.10642	0.44233	-0.45172	-0.96204
435.905	0.12307	0.33424	-0.47825	-0.99311
439.883	0.09654	0.28221	-0.55684	-1.06494
443.880	0.18956	0.17367	-0.58406	-1.05760
447.883	0.30178	0.09743	-0.58148	-1.06958
451.874	0.24855	-0.02261	-0.59317	-1.06741
455.877	0.25349	-0.14502	-0.67945	-1.00818
459.876	0.20437	-0.27065	-0.67677	-0.84075
463.880	0.20847	-0.25788	-0.70332	-0.75492
467.843	0.21256	-0.19638	-0.64218	-0.87648
471.883	0.18097	-0.26039	-0.62672	-0.73679
475.882	0.22907	-0.19737	-0.51279	-0.68747
479.880	0.23624	-0.18294	-0.44830	-0.53616
483.904	0.20812	-0.08439	-0.51905	-0.53347
487.883	0.14771	-0.15309	-0.45812	-0.59199
491.882	0.12379	-0.07721	-0.55208	-0.50356
495.881	0.18382	-0.00492	-0.45108	-0.52078
499.881	0.23510	-0.29167	-0.45599	-0.51966
503.883	0.23180	-0.34527	-0.45731	-0.54118
507.882	0.18231	-0.28693	-0.44800	-0.54878
511.847	0.25200	-0.27560	-0.47830	-0.50774
515.907	0.21586	-0.62135	-0.61416	-0.52017
519.883	0.24063	-0.67015	-0.56478	-0.50890
523.884	0.30215	-0.81451	-0.59553	-0.50688
527.883	0.22636	-0.87009	-0.57590	-0.49506
531.875	0.26046	-0.83832	-0.62191	-0.45490
535.886	0.38286	-0.82827	-0.56642	-0.43282
539.874	0.31081	-0.96255	-0.61603	-0.47269
543.873	0.35057	-1.01442	-0.59181	-0.51138
547.877	0.32761	-0.93701	-0.64665	-0.56909
551.882	0.45450	-0.94249	-0.62863	-0.64907
555.849	0.42442	-0.97762	-0.62243	-0.68375
559.882	0.61101	-0.85626	-0.63124	-0.62817
563.876	0.63181	-0.85380	-0.66985	-0.74916
567.884	0.53364	-0.87466	-0.66087	-0.83849
571.884	0.50287	-0.83750	-0.68841	-0.98222
575.885	0.55285	-0.73390	-0.62722	-1.01403
579.907	0.40877	-0.70377	-0.61054	-1.02280
583.850	0.45073	-0.55281	-0.52396	-1.03682
587.882	0.50746	-0.49968	-0.63898	-1.03005
591.885	0.45549	-0.53283	-0.71769	-0.97250
595.884	0.44398	-0.42935	-0.66369	-0.92042
599.883	0.44182	-0.37185	-0.81416	-0.80622
603.883	0.38918	-0.33893	-0.82965	-0.89135
607.848	0.45879	-0.31107	-0.83915	-0.77092
611.847	0.43961	-0.28946	-0.86620	-0.80002
615.885	0.57349	-0.26701	-0.91066	-0.73073
619.887	0.59893	-0.34401	-0.86533	-0.71370
623.865	0.69131	-0.41795	-0.93229	-0.68025
627.861	0.64977	-0.32982	-0.88247	-0.60304
631.886	0.67553	-0.31824	-0.86793	-0.59631
635.883	0.66273	-0.39248	-0.78270	-0.58552
639.887	0.64682	-0.62300	-0.78320	-0.53541
643.909	0.51815	-0.53844	-0.82918	-0.56303
647.890	0.61007	-0.49274	-0.83282	-0.55125
651.886	0.47909	-0.52356	-0.79786	-0.58557
655.886	0.46693	-0.57311	-0.84349	-0.46951
659.879	0.44234	-0.69570	-0.77751	-0.44684
663.880	0.45209	-0.87012	-0.75533	-0.39899
667.877	0.37827	-0.72020	-0.70769	-0.43683
671.885	0.36841	-0.71640	-0.67918	-0.46725
675.879	0.35655	-0.85935	-0.68992	-0.45880
679.884	0.38065	-0.91062	-0.74446	-0.47673
683.885	0.37377	-1.02641	-0.72049	-0.42364
687.882	0.43634	-0.97071	-0.67235	-0.40849
691.851	0.46038	-0.88115	-0.65359	-0.46106
695.884	0.45319	-0.93928	-0.67650	-0.48131
699.883	0.47872	-0.90629	-0.65516	-0.51937
703.885	0.53319	-0.67094	-0.62263	-0.57660
707.885	0.51381	-0.65601	-0.56394	-0.68604
711.849	0.56208	-0.76306	-0.79603	-0.62281
715.886	0.56054	-0.90178	-1.07445	-0.52707
719.885	0.51843	-0.85255	-0.93656	-0.45919
723.876	0.53426	-0.83973	-0.78689	-0.43138
727.884	0.48163	-0.83313	-0.77893	-0.48001
731.887	0.47545	-0.82364	-0.68494	-0.46143
735.884	0.42961	-0.77545	-0.72804	-0.42895
739.888	0.38313	-1.01600	-0.68930	-0.21774
743.885	0.48696	-0.70173	-0.93840	-0.16890
747.886	0.40889	-0.64303	-0.74694	-0.36040
751.886	0.46904	-0.75246	-0.77275	-0.32971
755.880	0.45028	-0.92500	-0.79679	-0.35640
759.866	0.44974	-0.82002	-0.78960	-0.34527
763.885	0.26907	-0.82751	-0.76079	-0.26795
767.885	0.41293	-0.80904	-0.74739	-0.26862
771.881	0.56960	-0.74999	-0.73280	-0.23192
775.883	0.57975	-0.85473	-0.77049	-0.19465
779.888	0.59980	-0.83907	-0.73647	-0.29943
783.886	0.57051	-0.70247	-0.71010	-0.31906
787.886	0.63531	-0.94730	-0.65387	-0.27066
791.887	0.63186	-1.03320	-0.64158	-0.30632
795.887	0.42830	-0.99198	-0.66573	-0.22089
799.885	0.63496	-0.87134	-0.57044	-0.18430
803.886	0.55488	-1.06451	-0.55888	-0.08925
807.886	0.52337	-1.18260	-0.52468	-0.01242
811.887	0.36176	-1.07055	-0.47234	0.19821
815.891	0.34188	-0.99574	-0.53456	0.05188
819.887	0.34908	-1.04957	-0.67064	-0.11651
823.888	0.32900	-1.05680	-0.61992	-0.04890
827.852	0.33881	-1.14763	-0.71615	-0.15838
831.888	0.30220	-1.05432	-0.72243	-0.07387
835.889	0.24860	-1.09449	-0.81521	-0.05752
839.886	0.26398	-1.20492	-0.75583	-0.08940
843.886	0.18936	-1.18893	-0.77588	-0.12637
847.895	0.17732	-1.08351	-0.85384	-0.26146
851.889	0.13627	-1.06593	-0.99390	-0.32008
855.887	0.14153	-1.04605	-1.09902	-0.36688
859.890	0.14692	-1.12346	-0.98591	-0.36411
863.893	0.12496	-1.04029	-1.02471	-0.36688
867.786	0.07793	-1.08583	-1.07346	-0.37378
871.883	0.05852	-0.99044	-1.10363	-0.34481
875.883	0.02705	-1.03297	-1.14151	-0.35591
879.886	0.02303	-1.01173	-1.15528	-0.37566
883.891	0.02407	-1.01642	-1.21546	-0.40653
887.888	0.02770	-1.02673	-1.22968	-0.46506
891.890	0.04432	-1.04919	-1.23000	-0.51673
895.852	0.07974	-1.01011	-1.21814	-0.45498
899.889	0.11880	-1.02988	-1.12628	-0.48177
903.885	0.08808	-1.03930	-1.16086	-0.58054
907.890	0.08887	-1.09455	-1.06297	-0.61119
911.854	0.05256	-1.04097	-0.91969	-0.53847
915.889	-0.04839	-1.07510	-0.99534	-0.43926
919.888	0.02450	-1.08588	-0.95924	-0.42115
923.889	0.04316	-1.04392	-0.85716	-0.39612
927.886	-0.02713	-1.00611	-0.78873	-0.43451
931.853	-0.04296	-0.94955	-0.79962	-0.35625
935.887	-0.00251	-0.93300	-0.68000	-0.29538
939.889	-0.11905	-0.88379	-0.71005	-0.29672
943.886	-0.07738	-0.87539	-0.81558	-0.35138
947.790	-0.07468	-0.77942	-0.78598	-0.29823
951.896	-0.10915	-0.73522	-0.79957	-0.26799
955.876	-0.06959	-0.65967	-0.84009	-0.25147
959.881	0.03296	-0.60433	-0.88493	-0.28173
963.859	-0.01109	-0.47749	-0.85672	-0.32143
967.890	0.01226	-0.46502	-0.93644	-0.31927
971.888	0.00705	-0.44902	-0.87096	-0.27532
975.888	0.02119	-0.46295	-0.94388	-0.29715
979.786	-0.00735	-0.42732	-0.99554	-0.29529
983.889	0.03028	-0.46258	-1.07443	-0.31975
987.890	-0.00119	-0.39999	-1.05582	-0.32077
991.890	0.00916	-0.42991	-1.01275	-0.38910
995.894	0.00519	-0.51016	-0.89451	-0.30275
999.856	0.08721	-0.68414	-1.07058	-0.32382
1003.890	0.15315	-0.79375	-1.04563	-0.33414
1007.888	0.14675	-1.01016	-1.03928	-0.24343
1011.895	0.02253	-1.06881	-1.19046	-0.28940
1015.893	0.22495	-1.03447	-1.10184	-0.36265
1019.890	0.27299	-0.77546	-1.06126	-0.32778
1023.890	0.24815	-0.82927	-1.10249	-0.33694
1027.788	0.32027	-0.67961	-1.11264	-0.31448
1031.853	0.32667	-0.66865	-1.12844	-0.31204
1035.891	0.47425	-0.56632	-1.16091	-0.34329
1039.873	0.46542	-0.48702	-1.14020	-0.32300
1043.891	0.46232	-0.48766	-1.12712	-0.32315
1047.891	0.45966	-0.41362	-1.09616	-0.38523
1051.895	0.40164	-0.44202	-1.13102	-0.38066
1055.888	0.44768	-0.36914	-1.08646	-0.40829
1059.894	0.41323	-0.35965	-1.07617	-0.41458
1063.892	0.43698	-0.35652	-1.16180	-0.40709
1067.893	0.47574	-0.37995	-1.20755	-0.38813
1071.741	0.52607	-0.42867	-1.17346	-0.41305
1075.892	0.58731	-0.41254	-1.18554	-0.45041
1079.889	0.55364	-0.47821	-1.20792	-0.47217
1083.884	0.60493	-0.51068	-1.21435	-0.48287
1087.892	0.61203	-0.48991	-1.20881	-0.48787
1091.893	0.53749	-0.54910	-1.20626	-0.49338
1095.890	0.67230	-0.59567	-1.22400	-0.53949
1099.860	0.75908	-0.58793	-1.22638	-0.58989
1103.892	0.86992	-0.63005	-1.24744	-0.58181
1107.786	0.79178	-0.69657	-1.26200	-0.62093
1111.891	0.75868	-0.73590	-1.21951	-0.63165
1115.890	0.80910	-0.71637	-1.24888	-0.68805
1119.901	0.77039	-0.78675	-1.25064	-0.67138
1123.895	0.75310	-0.78161	-1.20899	-0.63065
1127.892	0.70563	-0.82833	-1.21273	-0.59789
1131.894	0.75042	-0.76860	-1.26825	-0.57264
1135.891	0.72640	-0.76912	-1.32887	-0.51683
1139.898	0.79657	-0.72367	-1.27884	-0.50857
1143.893	0.79818	-0.77040	-1.22211	-0.40323
1147.893	0.70707	-0.75005	-1.18530	-0.44107
1151.897	0.66699	-0.75895	-1.23575	-0.41597
1155.897	0.69496	-0.67582	-1.10115	-0.45127
1159.895	0.64704	-0.62546	-1.07004	-0.39793
1163.883	0.69136	-0.53577	-1.15672	-0.40903
1167.856	0.60821	-0.57061	-1.15595	-0.42522
1171.896	0.71293	-0.54593	-1.12010	-0.47332
1175.895	0.70729	-0.71087	-0.98789	-0.53419
1179.894	0.70072	-0.82157	-0.94490	-0.53417
1183.891	0.72047	-0.79652	-0.92572	-0.50048
1187.895	0.71181	-0.96537	-0.85436	-0.45925
1191.893	0.74682	-1.08680	-0.83468	-0.32370
1195.892	0.73528	-1.09098	-0.72940	-0.35610
1199.895	0.48728	-1.21311	-0.78885	-0.36296
1203.894	0.74801	-1.22976	-0.84751	-0.40447
1207.861	0.69005	-1.22566	-0.77776	-0.45670
1211.855	0.74268	-1.28865	-0.76905	-0.41235
1215.769	0.65441	-1.30087	-0.78436	-0.27540
1219.760	0.75985	-1.25961	-0.74521	-0.24872
1223.770	0.63354	-1.25336	-0.64394	-0.17234
1227.766	0.56210	-1.24183	-0.51170	-0.13957
1231.769	0.53905	-1.13536	-0.58970	-0.19523
1235.766	0.48820	-1.04796	-0.54126	-0.29609
1239.768	0.31846	-1.06112	-0.59133	-0.35194
1243.771	0.43862	-0.95705	-0.62268	-0.27702
1247.734	0.34159	-0.97030	-0.75034	-0.32532
1251.764	0.41512	-0.89437	-0.71908	-0.30992
1255.763	0.40889	-0.89283	-0.86280	-0.22073
1259.767	0.39142	-0.89371	-0.69551	-0.32224
1263.771	0.33573	-0.87632	-0.61000	-0.35591
1267.795	0.29153	-0.87046	-0.79714	-0.36174
1271.772	0.33843	-0.82313	-0.84404	-0.45307
1275.769	0.49711	-0.86843	-0.85567	-0.48633
1279.769	0.56617	-0.87344	-0.72794	-0.48697
1283.794	0.60761	-0.87259	-0.73811	-0.48503
1287.767	0.54813	-0.88536	-0.42467	-0.52016
1291.771	0.49882	-0.82692	-0.43296	-0.47372
1295.736	0.48324	-0.83514	-0.42725	-0.42421
1299.767	0.30900	-0.83034	-0.49465	-0.38949
1303.735	0.36747	-0.80996	-0.68734	-0.38622
1307.733	0.42790	-0.76683	-0.74012	-0.43720
1311.769	0.58865	-0.76281	-0.94180	-0.51106
1315.791	0.57295	-0.95184	-0.82989	-0.46537
1319.769	0.54203	-0.85983	-0.72248	-0.48806
1323.770	0.51746	-0.91841	-0.99338	-0.50293
1327.771	0.41854	-0.91745	-0.94418	-0.48883
1331.794	0.40822	-0.93656	-0.85719	-0.54611
1335.753	0.49783	-0.83074	-0.75295	-0.53335
1339.769	0.61166	-0.81105	-1.00313	-0.47436
1343.773	0.64015	-0.90410	-1.06078	-0.54391
1347.763	0.67734	-0.82843	-1.14020	-0.45889
1351.775	0.61116	-0.93558	-1.04774	-0.42360
1355.771	0.59483	-0.91673	-0.96174	-0.24510
1359.770	0.56642	-0.88258	-1.07024	-0.26507
1363.770	0.61099	-0.91154	-1.06642	-0.26698
1367.770	1.41412	-0.71858	0.01085	-0.04535
1371.771	4.24542	-0.54715	1.77613	0.08681
1375.746	6.14523	-0.16882	2.27540	0.55435
1379.764	8.75771	-0.38455	5.58014	0.91565
1383.771	10.65304	0.01785	7.26310	0.74103
1387.770	11.75467	0.07337	9.15928	1.10867
1391.770	12.80933	0.11272	10.37073	1.01624
1395.794	14.27098	0.41055	10.92837	1.22584
1399.768	14.07377	0.30828	11.92089	1.31606
1403.770	14.54893	0.51714	12.61623	1.32360
1407.771	14.48969	0.70558	12.23113	1.38779
1411.738	14.36509	0.86820	12.46214	1.30703
1415.773	14.06343	0.84005	12.44548	1.34444
1419.751	14.25068	0.85392	12.23462	1.32333
1423.771	14.45940	1.09099	12.51376	1.30868
1427.765	14.41343	1.10341	12.61204	1.32331
1431.732	14.48478	1.10621	12.73158	1.24286
1435.770	14.43242	1.14315	12.80818	1.26854
1439.773	14.33886	1.10594	12.78026	1.16196
1443.765	14.38593	1.17909	12.80084	1.10555
1447.734	14.30046	1.17187	12.63818	0.94996
1451.776	14.30762	1.15217	12.74556	0.91949
1455.771	14.36933	1.13002	12.90871	1.03655
1459.763	14.36895	1.10158	12.72910	0.88921
1463.764	14.42551	1.06808	12.88508	1.14564
1467.772	14.40093	0.94900	12.83791	1.36092
1471.775	14.41031	0.82413	12.69171	1.37826
1475.763	14.41233	0.62897	12.67842	1.37658
1479.775	14.39664	0.57020	12.62915	1.29023
1483.772	14.29247	0.74276	12.71533	1.35109
1487.771	14.29133	0.73895	12.82925	1.39451
1491.773	14.30226	0.74901	12.76506	1.55073
1495.773	14.32849	0.64461	12.79506	1.61767
1499.764	14.22440	0.72354	12.78639	1.55746
1503.747	14.07987	0.64354	12.78524	1.57637
1507.773	14.03543	0.66719	12.80608	1.52104
1511.740	14.04713	0.72717	12.83111	1.39573
1515.773	13.95173	0.72253	12.87204	1.30779
1519.772	13.98646	0.82172	12.93101	1.24640
1523.773	14.03050	0.84198	12.99253	1.19762
1527.774	14.03996	0.84787	13.00780	1.10265
1531.772	14.21894	0.81811	12.96562	1.08860
1535.773	14.36339	0.79268	12.99043	1.30339
1539.734	14.38102	0.79473	12.94273	1.17769
1543.757	14.59610	0.76728	12.91788	1.18982
1547.771	14.40314	0.76270	12.93137	1.09793
1551.780	14.47911	0.75703	12.96194	1.11663
1555.768	14.58064	0.70510	13.03150	1.12486
1559.776	14.70170	0.67758	13.11749	1.15221
1563.735	14.66575	0.67079	13.14543	1.19376
1567.773	14.74871	0.69584	13.19482	1.20307
1571.773	14.74917	0.66030	13.20797	1.24150
1575.775	14.62043	0.69257	13.40701	1.21356
1579.778	14.42907	0.79153	13.22634	1.15049
1583.773	14.61141	0.68211	13.24946	1.27395
1587.768	14.76672	0.80310	13.55086	1.29751
1591.738	15.39340	0.87413	14.79670	1.47004
1595.773	16.93294	0.96455	15.82279	1.56138
1599.774	16.98641	1.18846	16.35344	1.66262
1603.799	16.83627	1.22650	17.11972	1.75904
1607.775	16.98639	1.32149	17.03990	1.74446
1611.738	17.01893	1.56318	16.69229	1.81442
1615.773	16.96085	1.41531	17.09127	2.02608
1619.796	16.94834	1.54479	16.92658	2.22018
1623.776	16.93853	1.69845	16.03827	2.19177
1627.753	16.91084	1.79943	16.16814	2.03256
1631.775	16.80448	1.84061	16.18842	1.99035
1635.767	16.55831	1.87498	16.26408	1.93353
1639.775	16.49307	1.89530	16.13496	1.90091
1643.776	16.55201	1.38364	16.24640	1.86257
1647.777	16.41039	1.16937	16.20437	1.87040
1651.765	16.38968	1.52236	16.01520	1.89043
1655.774	16.30261	0.73626	15.91374	2.01818
1659.774	16.54843	1.06372	15.86316	2.00217
1663.774	16.56378	0.98561	15.82139	2.01949
1667.796	16.68104	0.77552	15.76594	2.03994
1671.768	16.90577	0.72083	15.90738	2.04823
1675.775	16.52519	0.50570	15.90612	2.14482
1679.774	16.74979	0.57893	15.98347	2.22386
1683.775	17.02506	0.71762	16.07168	2.07793
1687.777	17.00511	0.64513	15.95571	2.08102
1691.777	17.10503	0.71885	16.15536	2.03698
1695.779	17.16348	0.77052	16.17546	2.23179
1699.774	17.17461	0.80173	16.22371	2.22837
1703.775	17.18575	0.87545	16.12488	2.24285
1707.786	17.26595	0.92952	16.06068	2.08100
1711.749	17.27839	1.04872	16.30391	2.13534
1715.772	17.19701	1.16152	16.18059	2.01832
1719.773	17.17316	1.14617	16.19556	1.87132
1723.774	17.18740	1.14336	16.22858	1.93242
1727.774	17.12573	1.09085	16.18079	1.98235
1731.768	16.90257	1.03967	16.22755	1.94773
1735.776	16.96326	1.16687	16.32734	2.09450
1739.777	16.77841	1.23802	16.40665	2.10041
1743.775	16.65047	1.24559	16.43622	2.06515
1747.772	16.34654	1.32948	16.41596	1.97778
1751.761	16.29449	1.46056	16.36706	1.94630
1755.774	16.53819	1.39057	16.50701	2.02466
1759.847	16.46407	1.43093	16.14929	2.07466
1763.768	16.06596	1.00851	15.87311	2.09276
1767.777	16.03368	1.34787	13.08437	2.09315
1771.777	13.81280	1.24410	10.76491	1.93917
1775.778	12.49625	0.60472	9.01447	1.50637
1779.795	9.65319	-0.02727	6.21556	0.80075
1783.777	8.17194	0.12114	5.40818	0.60815
1787.776	6.17761	-0.07713	2.86821	0.24962
1791.776	4.28389	-0.28846	2.29210	0.09380
1795.779	3.33747	-0.12111	1.30481	-0.02782
1799.778	1.66016	-0.11860	-0.05321	-0.09110
1803.778	1.31451	-0.22895	-0.11687	0.06913
1807.777	1.08264	-0.36879	-0.25582	0.00572
1811.780	1.16218	-0.56496	-0.14749	-0.05956
1815.812	1.27172	-0.38799	-0.07080	-0.12641
1819.775	1.14578	-0.55677	-0.13568	-0.12705
1823.776	1.13270	-0.59425	0.07887	-0.22637
1827.778	1.06002	-0.71040	0.03373	-0.25227
1831.777	0.99400	-0.82049	-0.00970	-0.32781
1835.758	0.92061	-0.89314	-0.10346	-0.39522
1839.777	1.06907	-0.99342	-0.24852	-0.56351
1843.779	1.01523	-1.15505	-0.10999	-0.54818
1847.778	0.90619	-1.29719	0.01107	-0.62314
1851.778	1.01856	-1.35029	0.06013	-0.62262
1855.779	1.00184	-1.33969	0.11749	-0.47888
1859.778	0.98623	-1.25772	0.07835	-0.49913
1863.776	1.06317	-1.33356	0.03581	-0.54247
1867.778	1.07066	-1.28786	0.02350	-0.57303
1871.778	1.05027	-1.29070	-0.00593	-0.67226
1875.772	1.08688	-1.03862	0.08843	-0.61370
1879.779	1.11154	-0.87423	0.09096	-0.65552
1883.781	1.02809	-0.65154	0.03760	-0.55062
1887.780	1.00844	-0.76546	0.06465	-0.54888
1891.783	1.05510	-0.72365	-0.02760	-0.47898
1895.777	1.01429	-0.61351	-0.03403	-0.43821
1899.778	0.99375	-0.56293	-0.00573	-0.43254
1903.777	1.02652	-0.63365	0.01752	-0.42822
1907.779	0.98554	-0.69040	0.05356	-0.46770
1911.780	0.99608	-0.53252	0.09284	-0.43813
1915.742	1.01600	-0.53413	0.13034	-0.34348
1919.750	1.02672	-0.77140	0.04633	-0.42248
1923.781	1.03937	-0.79812	0.03308	-0.34515
1927.780	0.92837	-0.93909	0.09163	-0.34627
1931.774	0.97678	-1.28668	0.04591	-0.31913
1935.742	1.03697	-1.28922	0.08934	-0.30604
1939.779	1.08589	-1.15895	0.05413	-0.25095
1943.776	1.07205	-1.13307	0.03373	-0.24757
1947.779	0.93465	-1.32693	0.04207	-0.23664
1951.779	0.85300	-1.17204	0.00181	-0.21465
1955.790	0.83019	-1.15575	-0.09704	-0.18388
1959.763	0.91239	-1.24732	-0.09207	-0.24866
1963.777	0.88153	-1.16980	-0.07962	-0.22888
1967.779	0.73742	-1.17140	0.00174	-0.26077
1971.784	0.73563	-1.22669	-0.00670	-0.23159
1975.779	0.82183	-1.18911	-0.02824	-0.28223
1979.779	0.88289	-1.18219	0.00809	-0.28338
1983.781	0.83285	-1.05541	0.00988	-0.37745
1987.783	0.70585	-1.10400	-0.00161	-0.40630
1991.781	0.65585	-1.13285	0.13856	-0.45781
1995.779	0.78248	-1.12547	0.08664	-0.48323
1999.779	0.75000	-1.12274	0.07862	-0.55889
2003.682	0.61101	-1.27349	0.05755	-0.55581
2007.779	0.64957	-1.28180	0.13612	-0.65112
2011.780	0.71796	-1.34049	0.05177	-0.58528
2015.783	0.71546	-1.29874	0.00357	-0.60192
2019.783	0.62672	-1.16644	0.05510	-0.58428
2023.782	0.59573	-1.16828	0.04025	-0.50450
2027.783	1.00601	-0.96140	0.02648	-0.52910
2031.781	2.29466	-1.08265	1.33158	-0.49964
2035.782	5.50434	-0.85551	2.99467	-0.47135
2039.780	7.57773	-1.33590	5.75839	-0.27770
2043.759	9.24037	-0.95949	6.94768	-0.28601
2047.778	10.75232	-0.71992	8.38950	-0.16166
2051.752	11.98885	-0.74490	10.59960	-0.01944
2055.779	13.84219	-1.00018	12.20793	-0.13103
2059.783	13.92978	-0.82785	12.92552	-0.11051
2063.743	14.07113	-0.93354	12.99531	-0.20026
2067.784	14.32966	-1.08635	13.05717	0.07916
2071.652	14.48557	-1.09076	13.08074	0.21561
2075.780	14.41806	-1.00819	13.24703	0.16854
2079.780	14.16109	-1.37237	13.10862	0.01689
2083.679	14.56709	-1.23153	13.26895	-0.00293
2087.774	14.50414	-1.43089	13.36551	-0.22576
2091.783	14.53507	-1.53057	13.33753	-0.37639
2095.782	14.02704	-1.40633	13.38872	-0.47749
2099.681	13.99749	-1.29557	13.34869	-0.19756
2103.784	14.29844	-1.34355	13.40293	-0.18572
2107.781	14.51056	-1.32566	13.43707	-0.04665
2111.784	14.01412	-1.48853	13.42869	-0.25088
2115.679	14.20600	-1.52909	13.46538	-0.18912
2119.745	14.16312	-1.64968	13.55630	-0.21811
2123.741	14.25485	-1.69654	13.61457	-0.11711
2127.749	13.95463	-1.58094	13.69970	-0.12337
2131.784	13.87120	-1.31253	13.72083	-0.12285
2135.782	13.99417	-1.39403	13.68145	-0.07052
2139.781	13.98167	-1.33766	13.65809	-0.07481
2143.781	14.06712	-1.37239	13.70893	-0.02892
2147.680	14.03961	-1.49713	13.74289	-0.00080
2151.746	14.04339	-1.65397	13.79220	-0.05063
2155.788	14.16739	-1.49564	13.83943	-0.03279
2159.782	14.19004	-1.57732	13.90859	-0.05890
2163.786	14.28058	-1.48476	14.05299	-0.04997
2167.768	14.12095	-1.20876	14.02209	-0.03129
2171.781	14.18417	-1.30674	13.84958	-0.06193
2175.781	14.25273	-1.45659	13.94151	-0.09910
2179.684	14.37766	-1.42146	13.98234	-0.15601
2183.782	14.47773	-1.58941	13.96930	-0.11293
2187.783	14.50428	-1.74296	14.03248	-0.12777
2191.785	14.47703	-1.74512	14.05614	-0.18754
2195.788	14.46107	-1.70479	14.12336	-0.24939
2199.780	14.28814	-1.58152	14.14119	-0.28573
2203.781	14.16965	-1.38446	13.97211	-0.40190
2207.785	14.18123	-1.36768	13.91123	-0.26633
2211.655	14.19951	-1.71219	13.85377	-0.24925
2215.786	14.34441	-1.68076	13.92711	-0.26398
2219.783	14.30738	-1.70083	13.94560	-0.26584
2223.786	14.31864	-1.76202	13.90667	-0.18583
2227.787	14.25161	-1.85068	13.93857	-0.24260
2231.786	14.18843	-1.89607	13.93868	-0.18828
2235.785	14.25368	-1.94220	14.05451	-0.09657
2239.787	14.23783	-1.91748	13.92910	-0.20874
2243.658	14.28545	-1.95609	13.84294	-0.20795
2247.786	14.35121	-1.99902	13.88654	-0.18420
2251.661	14.35973	-2.05809	13.84904	-0.14276
2255.753	14.41902	-1.78563	13.69525	-0.23529
2259.652	14.49511	-1.88243	13.63759	-0.35814
2263.660	14.41161	-1.93316	13.07622	-0.35283
2267.658	13.96246	-2.06544	11.48015	-0.39890
2271.660	11.71318	-1.83780	8.76476	-0.41251
2275.657	9.24839	-1.88469	6.28888	-0.65888
2279.658	7.13495	-1.90149	5.15591	-0.69404
2283.660	5.59555	-2.05674	2.51232	-1.16784
2287.658	4.44738	-2.20897	1.61518	-1.36496
2291.662	2.43957	-2.16299	-0.45800	-1.29801
2295.659	1.10301	-2.22684	-0.93502	-1.28360
2299.625	0.68645	-2.40476	-1.08763	-1.35458
2303.662	0.02978	-2.50082	-1.14967	-1.44081
2307.626	-0.00159	-2.48619	-0.88403	-1.50104
2311.659	-0.01303	-2.74919	-0.71109	-1.50279
2315.659	-0.13518	-2.82541	-0.82913	-1.57584
2319.660	-0.22966	-2.95413	-1.01161	-1.55752
2323.625	-0.35181	-2.92605	-1.12968	-1.56647
2327.661	-0.34866	-2.93988	-1.15344	-1.53726
2331.661	-0.51324	-2.75131	-1.15429	-1.49947
2335.663	-0.34715	-2.80697	-1.17081	-1.51247
2339.667	-0.33144	-2.75075	-1.28943	-1.54157
2343.657	-0.38633	-2.58960	-1.19552	-1.57641
2347.659	-0.33801	-2.67022	-1.11474	-1.57824
2351.661	-0.46703	-2.57856	-1.08076	-1.58109
2355.682	-0.41296	-2.45103	-1.15317	-1.55935
2359.663	-0.47527	-2.34601	-1.20271	-1.49001
2363.659	-0.50051	-2.27076	-1.14069	-1.57359
2367.660	-0.45463	-2.26144	-1.11856	-1.56742
2371.686	-0.44810	-2.19081	-1.18852	-1.60715
2375.661	-0.37365	-2.24492	-1.11226	-1.55550
2379.661	-0.36171	-2.17580	-1.16059	-1.48249
2383.626	-0.32575	-2.11786	-1.15568	-1.47387
2387.683	-0.38072	-2.18177	-1.23613	-1.49181
2391.624	-0.39566	-2.19990	-1.30995	-1.47992
2395.661	-0.44902	-2.28013	-1.22330	-1.48042
2399.660	-0.36893	-2.27199	-1.33495	-1.56657
2403.687	-0.45132	-2.38558	-1.36841	-1.50836
2407.662	-0.43018	-2.49929	-1.38912	-1.52428
2411.625	-0.44480	-2.50682	-1.36278	-1.58532
2415.660	-0.41011	-2.50582	-1.33706	-1.60482
2419.689	-0.39281	-2.54605	-1.38237	-1.60633
2423.664	-0.44708	-2.62248	-1.32989	-1.57737
2427.661	-0.42120	-2.55226	-1.37657	-1.61286
2431.663	-0.46083	-2.50044	-1.38662	-1.52558
2435.658	-0.35700	-2.40999	-1.23092	-1.56455
2439.664	-0.35280	-2.38534	-1.22873	-1.59238
2443.661	-0.42862	-2.37636	-1.26855	-1.53307
2447.664	-0.38350	-2.33936	-1.11115	-1.45488
2451.656	-0.35320	-2.25130	-1.21879	-1.41522
2455.661	-0.35735	-2.20004	-1.33527	-1.40317
2459.665	-0.44922	-2.13632	-1.12226	-1.36675
2463.649	-0.38030	-2.06008	-1.07160	-1.33882
2467.684	-0.35104	-1.97109	-1.20043	-1.33968
2471.660	-0.33139	-1.98787	-1.16151	-1.30814
2475.660	-0.37092	-2.05867	-1.13712	-1.29983
2479.661	-0.37214	-2.16540	-1.06880	-1.31622
2483.685	-0.38333	-2.19036	-1.16620	-1.27305
2487.660	-0.34675	-2.15888	-1.14521	-1.30040
2491.664	-0.33178	-1.92969	-1.22903	-1.35483
2495.623	-0.40398	-1.77461	-1.18497	-1.35565
2499.687	-0.22917	-1.94805	-1.20986	-1.34630
2503.664	-0.23043	-1.78276	-1.22720	-1.36320
2507.629	-0.27890	-2.07780	-1.21598	-1.38136
2511.666	-0.27535	-2.07574	-1.26731	-1.41033
2515.685	-0.35876	-2.28159	-1.31471	-1.43543
2519.663	-0.37216	-2.36244	-1.22127	-1.39727
2523.662	-0.46093	-2.09860	-1.31712	-1.39573
2527.626	-0.38047	-1.80984	-1.11584	-1.35670
2531.687	-0.39819	-1.75292	-1.21869	-1.31456
2535.663	-0.37432	-2.05043	-1.18019	-1.33614
2539.664	-0.49413	-2.15318	-1.06800	-1.34930
2543.664	-0.50039	-2.22255	-1.15920	-1.37843
2547.671	-0.40345	-2.21849	-1.21060	-1.38280
2551.663	-0.49790	-2.03563	-1.24937	-1.35832
2555.662	-0.46386	-2.29401	-1.24307	-1.32458
2559.630	-0.50242	-2.14792	-1.31883	-1.30294
2563.659	-0.76240	-1.92402	-1.95748	-1.31526
2567.662	-1.91838	-1.58602	-4.12461	-1.22540
2571.627	-3.73643	-1.73660	-6.30134	-1.30625
2575.665	-5.84920	-1.66829	-7.73392	-1.33094
2579.689	-6.59784	-2.01886	-9.46640	-1.36881
2583.663	-8.37138	-1.92382	-9.52777	-1.41380
2587.662	-8.78144	-1.70877	-10.38982	-1.60447
2591.665	-8.86645	-1.56903	-10.55629	-1.61582
2595.656	-9.58979	-1.54134	-10.73828	-1.91398
2599.662	-9.03132	-1.34407	-10.55711	-1.97624
2603.664	-9.02215	-1.39531	-10.52446	-1.84316
2607.663	-9.35027	-1.59127	-10.52933	-1.85091
2611.658	-9.07039	-1.49292	-10.61258	-1.98652
2615.666	-9.31658	-1.68428	-10.72323	-1.98399
2619.666	-9.55958	-1.59221	-10.88061	-1.99872
2623.668	-9.36701	-1.61902	-10.89678	-2.12938
2627.652	-9.65990	-1.74236	-10.72750	-2.28466
2631.646	-9.45194	-1.45654	-10.60296	-2.19370
2635.664	-9.57667	-1.60060	-10.58841	-2.14741
2639.667	-9.66127	-1.57822	-10.56488	-2.17360
2643.690	-9.58753	-1.56451	-10.61874	-2.08181
2647.666	-9.65922	-1.75047	-10.60821	-2.13217
2651.664	-9.63049	-1.76520	-10.68341	-1.97343
2655.665	-9.67044	-1.85747	-10.56275	-2.06091
2659.670	-9.73118	-1.75269	-10.52257	-1.97949
2663.628	-9.60099	-1.59003	-10.60229	-2.07311
2667.666	-9.66395	-1.88651	-10.54812	-2.02566
2671.665	-9.67680	-1.74054	-10.46340	-2.08154
2675.690	-9.65727	-1.71966	-10.48634	-1.97543
2679.667	-9.74439	-1.85021	-10.52336	-2.08958
2683.661	-9.75367	-1.76507	-10.61927	-1.95955
2687.665	-9.72633	-1.81312	-10.60368	-2.00495
2691.692	-9.82277	-1.91694	-10.67075	-1.95082
2695.668	-9.92663	-1.77725	-14.58055	-1.84920
2699.665	-9.78105	-1.87611	-15.05408	-1.82963
2703.666	-9.86938	-1.89385	-10.66752	-2.00285
2707.696	-9.92276	-1.82498	-14.27604	-1.59469
2711.666	-9.82443	-1.69128	-10.66646	-1.88058
2715.633	-9.84520	-1.80365	-10.67231	-2.06271
2719.667	-9.83783	-1.83174	-10.75550	-1.88054
2723.690	-9.83310	-1.77279	-10.74259	-2.15615
2727.666	-9.88095	-1.81925	-10.75579	-2.05468
2731.665	-9.80872	-1.65011	-10.72192	-1.92016
2735.668	-9.76432	-1.77448	-10.74134	-2.10862
2739.668	-9.73304	-1.80359	-10.82811	-2.27480
2743.665	-9.81751	-1.89413	-10.88975	-2.26876
2747.664	-9.76481	-1.82343	-10.89908	-2.09106
2751.669	-9.77787	-1.84007	-10.99020	-2.04679
2755.653	-9.68761	-1.70666	-10.81030	-2.10280
2759.666	-9.75022	-1.67933	-10.95165	-2.02883
2763.669	-9.73713	-1.71319	-10.90131	-2.24577
2767.678	-9.74940	-1.82389	-10.78985	-2.16461
2771.667	-9.74350	-1.89628	-10.76441	-2.18342
2775.664	-9.85654	-1.95423	-10.73492	-2.22351
2779.666	-9.80067	-2.03331	-10.76808	-2.20774
2783.665	-9.85570	-2.12083	-10.75567	-2.28135
2787.669	-9.73443	-2.14413	-10.74501	-2.28104
2791.664	-9.77915	-2.10175	-10.69383	-2.20967
2795.663	-9.81645	-2.13700	-10.63240	-2.20100
2799.630	-9.91548	-2.21068	-10.67799	-2.22615
2803.670	-9.88348	-2.22469	-10.66951	-2.23370
2807.666	-9.98831	-2.32987	-10.62348	-2.20882
2811.665	-10.04764	-2.25726	-10.63617	-2.13452
2815.667	-10.02692	-2.16402	-10.68382	-2.13091
2819.671	-10.02225	-2.19120	-10.68128	-2.09045
2823.666	-9.97789	-2.17903	-10.70562	-2.06519
2827.668	-10.02090	-2.17285	-10.73279	-2.12172
2831.667	-10.05553	-2.30161	-10.69098	-2.10065
2835.670	-10.10259	-2.32609	-10.67488	-2.11247
2839.643	-10.06891	-2.25105	-10.73210	-2.07869
2843.669	-10.02747	-2.09366	-10.75253	-2.14625
2847.668	-10.04911	-2.14669	-10.79447	-2.14042
2851.672	-10.05500	-2.02191	-10.78707	-2.13989
2855.632	-9.95656	-1.69491	-10.85334	-2.12765
2859.672	-9.91811	-1.57570	-10.82078	-2.17326
2863.670	-9.87538	-1.60575	-10.77016	-2.18364
2867.665	-9.82580	-2.02878	-10.71063	-2.27669
2871.670	-9.87160	-1.94441	-10.70970	-2.12864
2875.668	-9.86676	-1.89316	-10.62658	-2.15807
2879.655	-9.87623	-2.04011	-10.66505	-2.14870
2883.672	-9.85811	-1.90918	-10.63394	-2.22154
2887.668	-9.91931	-1.85246	-10.65216	-2.23370
2891.670	-10.00449	-1.94289	-10.65266	-2.31223
2895.666	-9.86469	-2.03783	-10.62881	-2.31941
2899.669	-9.77257	-1.78356	-10.17820	-2.49579
2903.670	-8.93716	-2.28212	-9.24160	-2.38619
2907.670	-5.90544	-2.26122	-7.15841	-2.31906
2911.670	-4.74765	-2.26830	-6.31323	-2.37715
2915.670	-3.77876	-2.61667	-5.77345	-2.33627
2919.668	-2.27176	-2.87242	-3.22158	-2.45901
2923.634	-1.26053	-3.09894	-2.91750	-2.53246
2927.669	-0.91674	-3.50373	-2.34661	-2.41424
2931.676	-0.89346	-3.69778	-2.25657	-2.42185
2935.633	-0.85168	-3.60069	-2.40409	-2.31966
2939.672	-0.84116	-3.45733	-2.42076	-2.33198
2943.671	-0.89761	-3.41809	-2.41948	-2.32469
2947.674	-0.91110	-3.44162	-2.39599	-2.41983
2951.671	-0.86498	-3.58269	-2.39817	-2.46325
2955.671	-0.85483	-3.75358	-2.21169	-2.41811
2959.671	-0.87488	-3.86992	-2.30806	-2.48264
2963.653	-0.91733	-3.83725	-2.18719	-2.50391
2967.667	-0.98234	-3.68021	-2.16845	-2.54481
2971.668	-0.93368	-3.80214	-2.10607	-2.54769
2975.673	-0.95949	-3.65710	-2.06644	-2.53811
2979.684	-1.00926	-3.61652	-1.98432	-2.56691
2983.671	-1.01062	-3.61283	-2.01474	-2.77578
2987.669	-1.00938	-3.62627	-1.97431	-2.80796
2991.668	-1.01007	-3.60484	-1.99164	-2.77124
2995.637	-1.05932	-3.48526	-1.98157	-2.80532
2999.633	-1.13911	-3.43504	-2.00631	-2.84742
3003.670	-1.15697	-3.39908	-1.98274	-2.83099
3007.662	-1.12057	-3.33247	-1.97354	-2.82434
3011.673	-1.08525	-3.32530	-1.99310	-2.80741
3015.672	-1.16982	-3.40565	-1.96142	-2.76567
3019.672	-1.18019	-3.47752	-1.95490	-2.79135
3023.670	-1.14221	-3.51111	-1.96824	-2.77596
3027.674	-1.17493	-3.54690	-1.90629	-2.71927
3031.672	-1.17805	-3.60043	-1.88333	-2.68789
3035.673	-1.20889	-3.78676	-1.80806	-2.68384
3039.670	-1.21058	-3.78121	-1.75996	-2.61741
3043.675	-1.14620	-3.75402	-1.72942	-2.57517
3047.649	-1.11030	-3.78669	-1.71870	-2.48219
3051.671	-1.14174	-3.83933	-1.74593	-2.53754
3055.673	-1.13042	-3.96282	-1.74501	-2.57490
3059.672	-1.07230	-3.93498	-1.70179	-2.65266
3063.674	-1.01151	-3.98130	-1.68511	-2.71115
3067.674	-1.09765	-3.89788	-1.55593	-2.62251
3071.670	-1.13360	-3.84080	-1.72773	-2.60506
3075.673	-1.07919	-3.50190	-1.71198	-2.52145
3079.673	-1.09522	-3.64685	-1.68503	-2.51166
3083.683	-1.08544	-3.51981	-1.71635	-2.65789
3087.669	-1.10661	-3.53429	-1.79777	-2.63044
3091.674	-0.99206	-3.64819	-1.71821	-2.59020
3095.671	-1.11549	-3.33124	-1.63078	-2.66899
3099.671	-1.12246	-3.31446	-1.84733	-2.54218
3103.669	-0.69501	-3.78272	-1.60385	-2.56541
3107.676	0.91356	-3.15062	-0.64853	-2.43831
3111.675	3.76295	-2.79359	1.44202	-1.21870
3115.673	3.39322	0.03041	3.99991	-1.10122
3119.670	7.45023	-1.46274	6.42591	-0.76050
3123.640	9.05529	-1.65679	7.93693	-0.37167
3127.712	11.22219	-1.33190	10.07894	0.04034
3131.640	11.61237	-0.29087	11.29481	0.35282
3135.636	15.05332	-0.71738	12.60245	0.42847
3139.677	15.37617	0.11242	13.25244	0.65185
3143.675	17.82278	-0.31432	14.68192	0.70115
3147.673	15.54921	0.63866	14.80959	1.37279
3151.673	15.70399	0.70792	14.55376	1.08021
3155.677	15.57297	0.61214	14.43636	1.12018
3159.676	15.65943	0.61365	14.22545	1.19775
3163.675	15.58548	0.63041	14.71447	1.36073
3167.674	15.79147	0.70454	14.46675	1.03909
3171.678	15.78752	0.58422	14.82815	1.23779
3175.674	15.63921	0.52810	14.98875	1.33343
3179.676	15.68803	0.65380	14.93290	1.41112
3183.672	15.61046	0.60935	14.78182	1.36182
3187.677	15.59031	0.61967	14.87040	1.34660
3191.674	15.58421	0.51901	14.47899	1.38351
3195.671	15.36500	0.46282	14.66935	1.41024
3199.676	15.30455	0.42559	14.76075	1.37511
3203.574	15.47886	0.32054	14.79946	1.37693
3207.637	15.41211	0.26485	14.65470	1.26124
3211.685	15.37940	0.23576	14.73462	1.35200
3215.674	15.41903	0.24606	14.81289	1.27949
3219.678	15.55386	0.17703	14.81212	1.04781
3223.674	15.48683	0.12165	14.80120	1.34588
3227.675	15.41116	0.16903	14.81159	1.18063
3231.673	15.48100	0.07127	14.72489	1.29293
3235.674	15.43014	0.15840	14.87276	1.20853
3239.674	15.47300	0.25266	14.81101	1.29642
3243.636	15.61143	0.14000	14.89794	1.23883
3247.677	15.53951	0.08698	14.82864	1.07518
3251.679	15.51545	0.25945	14.94810	1.30256
3255.647	15.58988	0.12618	14.96687	1.29290
3259.675	15.56749	-0.12199	14.91337	1.49166
3263.679	15.46816	0.30422	14.83726	1.34743
3267.679	15.40311	-0.03565	14.97810	1.25782
3271.675	15.49128	-0.01339	14.95406	1.32606
3275.639	15.63900	-0.16581	14.90109	1.26996
3279.676	15.30413	0.28026	14.74753	1.14250
3283.552	15.30972	0.06255	15.04024	1.04468
3287.552	15.57509	0.15588	15.08511	1.17954
3291.550	15.75483	-0.12833	14.81723	1.15765
3295.513	16.07434	-0.10229	14.98961	1.07332
3299.582	15.20032	-0.05499	14.85331	0.75062
3303.550	15.12171	-0.04328	15.03756	0.98227
3307.514	15.44442	-0.00697	15.13704	1.10209
3311.551	15.52748	-0.11385	14.95250	1.05632
3315.548	15.68269	-0.02225	14.92632	1.10858
3319.549	15.63628	-0.13623	14.83121	0.86100
3323.548	15.57189	-0.11401	14.93719	0.95844
3327.550	15.77655	-0.13889	14.96001	1.09482
3331.547	15.81392	-0.20607	14.77347	1.21908
3335.553	15.92310	-0.24125	14.82080	1.20426
3339.553	15.81082	-0.18381	14.85818	1.20564
3343.530	15.92797	-0.30769	14.75906	1.26729
3347.572	15.90128	-0.28565	14.75043	1.27724
3351.551	15.88736	-0.28912	14.68779	1.23025
3355.552	15.79437	-0.30030	14.61562	1.26396
3359.551	15.85400	-0.33307	14.65400	1.34912
3363.577	15.66588	-0.27603	14.61162	1.26963
3367.553	15.76407	-0.24878	14.67105	1.25173
3371.553	15.71710	-0.18698	15.09064	1.11161
3375.552	15.67892	-0.19364	14.83133	1.16401
3379.580	15.61759	-0.09453	14.90623	1.14911
3383.546	15.70908	-0.13915	14.94006	1.20707
3387.554	15.65683	-0.06037	14.79607	1.08403
3391.553	15.76773	-0.00086	14.80444	1.11862
3395.576	15.72674	-0.01253	14.91448	1.14623
3399.550	15.71384	-0.05911	14.92537	1.11120
3403.553	15.80914	-0.08146	15.02070	1.11970
3407.551	15.89017	0.39223	15.16035	1.13798
3411.575	16.13814	0.42115	15.66569	1.18011
3415.551	16.47890	0.51856	16.88109	1.27495
3419.554	16.77336	0.16538	17.04219	1.25831
3423.549	16.91638	0.44794	17.01680	1.31806
3427.537	16.66799	0.46207	16.64036	1.27576
3431.514	16.79868	0.27492	16.62890	1.34746
3435.552	16.88625	0.38310	16.39134	1.38500
3439.548	16.92319	0.16166	16.51796	1.37888
3443.576	16.87312	0.18721	16.41884	1.39981
3447.556	16.90159	0.16341	16.63184	1.43994
3451.552	16.98183	0.16367	16.73161	1.46368
3455.554	16.98857	0.14542	16.52177	1.48288
3459.575	17.03014	0.11616	16.53521	1.46609
3463.558	16.98982	0.04976	16.50640	1.49683
3467.537	16.94995	0.03513	16.50443	1.46765
3471.550	16.97145	-0.03244	16.52752	1.51978
3475.552	17.05004	-0.02761	16.50275	1.50352
3479.516	17.00387	-0.12601	16.54985	1.49994
3483.554	17.04587	-0.09415	16.56688	1.40743
3487.552	17.14896	-0.09505	16.59440	1.39709
3491.546	17.09760	-0.06304	16.56469	1.27821
3495.554	17.09594	-0.05087	16.65079	1.27728
3499.515	17.12679	-0.07604	16.82226	1.30999
3503.556	17.14395	-0.08327	16.95590	1.24767
3507.575	17.13328	-0.05948	16.96927	1.19318
3511.556	17.22941	-0.05395	17.01791	1.32597
3515.553	17.24614	-0.07390	17.07694	1.37255
3519.552	17.29708	-0.01234	17.10880	1.20938
3523.576	17.33155	0.01098	17.06986	1.25551
3527.553	17.34471	0.03653	17.14057	1.20282
3531.553	17.36888	0.07556	17.23063	1.15526
3535.551	17.36665	0.07819	17.25768	1.13426
3539.578	17.41056	0.12081	17.23494	1.20768
3543.554	17.43539	0.20215	17.22343	1.18562
3547.517	17.45822	0.18935	17.10746	1.19315
3551.555	17.45181	0.15721	17.05514	1.18577
3555.575	17.46755	0.19197	16.96194	1.22302
3559.517	17.48674	0.21636	17.00952	1.01893
3563.562	17.49907	0.20438	17.05303	1.07132
3567.554	17.54691	0.20523	17.16504	1.03892
3571.577	17.61640	0.27892	17.21320	0.97919
3575.557	17.52570	0.54328	17.06453	1.03077
3579.552	17.51611	0.75629	17.10535	1.05901
3583.553	17.46087	0.81188	17.02710	1.07919
3587.581	17.42830	0.59591	17.01340	1.14426
3591.547	17.41558	0.92933	17.00929	1.17884
3595.546	17.28240	0.83701	17.03548	1.25517
3599.557	17.18491	0.98966	17.07002	1.19565
3603.578	17.10895	0.96599	17.06853	1.29816
3607.555	17.11603	1.11799	17.00947	1.20257
3611.561	17.09034	0.87799	17.06832	1.27038
3615.517	17.15854	0.39999	17.01022	1.31322
3619.582	17.65411	0.15810	17.10519	1.32183
3623.554	17.49602	-0.15793	17.08485	1.34565
3627.558	17.54597	-0.46838	17.09322	1.32460
3631.553	17.86812	-0.35636	17.19119	1.23134
3635.516	17.79248	-0.27510	17.14334	1.25487
3639.554	17.79379	-0.42806	17.19875	1.24176
3643.556	17.62934	-0.31217	17.12280	1.26246
3647.555	17.57786	-0.38733	17.02495	1.24178
3651.577	17.66321	-0.39397	16.77627	1.26246
3655.553	17.71194	-0.31485	16.90420	1.26066
3659.554	17.71914	-0.26804	16.80073	1.26147
3663.555	17.61640	-0.20510	16.91733	1.27419
3667.576	17.45861	-0.23088	16.82811	1.31111
3671.557	17.37028	-0.21297	16.83634	1.29047
3675.538	17.38532	-0.11352	16.77077	1.32870
3679.552	17.31834	-0.17097	16.74205	1.27182
3683.545	17.31554	-0.15249	16.61867	1.24511
3687.555	17.30210	-0.18489	16.56446	1.17434
3691.558	17.35493	-0.16029	16.53541	1.12090
3695.557	17.42714	-0.12525	16.67995	1.01202
3699.525	17.37770	-0.17288	16.69839	0.89914
3703.559	17.28790	-0.17626	16.76763	0.83894
3707.557	17.33325	-0.21166	16.69290	0.89117
3711.560	17.34329	-0.20916	16.67990	0.91024
3715.555	17.40520	-0.21110	16.56433	0.86967
3719.556	17.40459	-0.26654	16.59403	0.84734
3723.557	17.44935	-0.26545	16.63567	0.86735
3727.554	17.44133	-0.28709	16.62776	0.99311
3731.558	17.47195	-0.25523	16.69816	0.97457
3735.555	17.43471	-0.24051	16.70406	1.09108
3739.558	17.45170	-0.24139	16.72576	1.12835
3743.555	17.48950	-0.21873	16.88112	1.19802
3747.580	17.52263	-0.16414	16.86782	1.22285
3751.562	17.52938	-0.14471	16.68090	1.21615
3755.557	17.52997	-0.07983	16.76711	1.22887
3759.554	17.46660	-0.09711	16.80262	1.17952
3763.559	17.51108	-0.06209	16.85773	1.25106
3767.560	17.47846	-0.07179	16.86410	1.22135
3771.558	17.46581	-0.02972	16.89980	1.22789
3775.558	17.48071	0.01725	17.02985	1.32308
3779.562	17.50789	0.08320	16.92722	1.28797
3783.559	17.50462	0.10972	16.85525	1.29923
3787.556	17.48437	0.09414	16.82217	1.41549
3791.557	17.50449	0.10124	16.86773	1.45560
3795.558	17.49532	0.12558	16.81030	1.42837
3799.548	17.53683	0.16050	16.78064	1.33101
3803.557	17.54894	0.09937	16.89375	1.45523
3807.557	17.39056	0.09331	16.49068	1.01597
3811.554	16.55728	-0.27865	15.92515	0.48069
3815.520	16.19320	-1.49656	15.37374	-0.13897
3819.556	16.09496	-1.83771	15.36634	-0.32630
3823.557	16.03941	-2.12363	15.83857	-0.53841
3827.559	16.20808	-2.18804	15.88107	-0.88985
3831.557	16.27456	-2.12735	15.72869	-0.78896
3835.558	16.11457	-2.13300	15.80611	-0.73590
3839.556	16.16704	-2.00990	15.81050	-0.69161
3843.557	16.17175	-1.95724	15.76541	-0.63093
3847.557	16.17210	-2.08627	15.73867	-0.77208
3851.557	16.14126	-2.09603	15.69686	-0.64078
3855.559	16.22064	-2.18318	15.79113	-0.71152
3859.562	16.19888	-2.31022	15.82534	-0.77876
3863.557	16.20455	-2.31676	15.82233	-0.76923
3867.559	16.17322	-2.17000	15.88479	-0.76266
3871.558	16.03868	-2.27582	15.92106	-0.81296
3875.561	16.02818	-2.43972	15.87832	-0.64836
3879.564	15.94708	-2.47173	15.71903	-0.62818
3883.541	16.03185	-2.54785	15.72212	-0.65460
3887.557	16.00007	-2.59340	15.62853	-0.79037
3891.562	15.97218	-2.58037	15.61205	-0.92610
3895.559	15.94314	-2.67261	15.74962	-0.99391
3899.558	15.98108	-2.75827	15.61541	-0.90022
3903.560	15.89724	-2.91950	15.69528	-0.88617
3907.553	15.85377	-2.93654	15.62777	-1.10160
3911.524	15.93176	-2.99846	15.69470	-1.10923
3915.560	15.90493	-3.02338	15.58129	-1.16358
3919.559	15.97975	-2.99562	15.44905	-1.18121
3923.561	16.02885	-2.99503	15.41501	-1.28072
3927.526	16.07748	-2.95136	15.35521	-1.32085
3931.560	16.05241	-2.94321	15.29656	-1.32886
3935.565	16.03137	-2.89845	15.30314	-1.36734
3939.561	16.08926	-2.88503	15.27402	-1.41906
3943.558	16.09895	-2.82559	15.22791	-1.45090
3947.561	16.16365	-2.70783	15.22414	-1.48963
3951.558	16.13015	-2.73582	15.23045	-1.51689
3955.557	16.08990	-2.71662	15.24595	-1.51635
3959.560	16.14760	-2.70969	15.21481	-1.50038
3963.562	16.11835	-2.70635	15.25845	-1.42415
3967.544	16.01802	-2.82393	15.42511	-1.34987
3971.561	16.06841	-2.84984	15.48310	-1.34928
3975.559	15.80673	-2.67647	15.54504	-1.30195
3979.561	15.82768	-2.61610	15.48734	-1.21596
3983.559	15.69811	-2.41694	15.35708	-1.29173
3987.460	15.73056	-2.19316	15.25850	-1.30710
3991.562	15.72350	-1.88619	15.31438	-1.28862
3995.560	15.71586	-1.68228	15.49658	-1.20635
3999.560	15.49068	-1.98705	15.40044	-1.18127
4003.563	15.60535	-1.76148	15.52725	-1.12603
4007.560	15.57767	-1.88904	15.44252	-1.19712
4011.554	15.77433	-1.98989	15.53803	-1.22073
4015.562	15.79460	-1.93220	14.63409	-1.10416
4019.563	15.38415	-1.96184	13.73922	-1.04704
4023.564	13.89306	-1.73485	10.90013	-0.93786
4027.561	12.53913	-1.83447	8.45125	-0.49236
4031.559	10.34127	-1.62683	5.63505	-0.64276
4035.564	7.26398	-1.57083	2.62199	-0.34620
4039.558	4.55943	-1.65344	1.68436	-0.18030
4043.564	3.56878	-1.39634	1.04426	-0.41324
4047.560	1.75602	-1.07228	-1.34591	-0.06312
4051.562	0.26227	-0.75832	-1.84101	-0.18215
4055.558	-1.15431	-0.65414	-2.87990	-0.02718
4059.560	-1.37811	-0.23165	-2.70240	0.18683
4063.561	-0.97936	0.21516	-2.52525	0.27034
4067.568	-0.70231	-0.05206	-2.40233	0.29634
4071.433	-0.74836	0.07608	-2.35952	0.22966
4075.558	-1.07475	-0.11327	-2.41028	0.34976
4079.561	-1.34626	-0.07433	-2.59361	0.37952
4083.565	-1.37744	0.08180	-2.62449	0.31369
4087.564	-1.57610	0.25267	-2.81979	0.38928
4091.525	-1.55021	0.40230	-2.44185	0.40489
4095.564	-1.56598	0.51422	-2.45408	0.42773
4099.564	-1.66524	0.55334	-2.61536	0.46103
4103.561	-1.78022	0.37355	-2.43976	0.47276
4107.562	-1.63427	0.32961	-2.40231	0.47094
4111.527	-1.72428	0.24634	-2.44125	0.36584
4115.565	-1.64124	0.53283	-2.43365	0.29484
4119.562	-1.75091	0.35641	-2.38378	0.29304
4123.563	-1.73083	0.39939	-2.46062	0.43130
4127.526	-1.76532	0.32169	-2.38940	0.49371
4131.567	-1.69879	0.30521	-2.39582	0.56051
4135.559	-1.63333	0.18984	-2.44977	0.49572
4139.564	-1.58602	0.25006	-2.37679	0.53234
4143.562	-1.56618	0.20451	-2.31718	0.51720
4147.564	-1.52739	0.41455	-2.36646	0.52939
4151.562	-1.51864	0.40368	-2.39126	0.62960
4155.564	-1.50854	0.62583	-2.38033	0.49955
4159.564	-1.60171	0.56396	-2.37186	0.54679
4163.459	-1.55187	0.55767	-2.38895	0.63131
4167.569	-1.61533	0.68638	-2.34456	0.67763
4171.567	-1.58795	0.53918	-2.24463	0.57226
4175.563	-1.56273	0.64653	-2.27283	0.54800
4179.565	-1.61146	0.69087	-2.29897	0.53835
4183.564	-1.65111	0.79641	-2.31074	0.57316
4187.566	-1.63844	0.88549	-2.29168	0.69697
4191.528	-1.69393	0.89858	-2.23742	0.65144
4195.530	-1.67918	0.93869	-2.24260	0.53689
4199.565	-1.73269	0.92841	-2.26299	0.58976
4203.564	-1.79376	0.90156	-2.19866	0.72582
4207.562	-1.75939	0.95372	-2.21001	0.61046
4211.533	-1.75761	0.85444	-2.23432	0.51998
4215.564	-1.71699	0.89655	-2.28313	0.66408
4219.556	-1.73757	0.88232	-2.28588	0.65981
4223.564	-1.64432	0.90140	-2.20815	0.67944
4227.566	-1.66249	0.84252	-2.19360	0.69851
4231.566	-1.71670	0.98453	-2.27550	0.64001
4235.564	-1.69550	0.92582	-2.31361	0.61082
4239.566	-1.69698	0.99395	-2.35303	0.56269
4243.573	-1.75161	0.89914	-2.34562	0.59874
4247.554	-1.71595	0.76876	-2.36262	0.48957
4251.563	-1.68106	0.74144	-2.35335	0.61728
4255.565	-1.67834	0.76168	-2.37768	0.66575
4259.553	-1.72165	0.58993	-2.40154	0.64124
4263.567	-1.69416	0.71262	-2.38826	0.61103
4267.566	-1.71846	0.70238	-2.33311	0.59274
4271.566	-1.65981	0.61950	-2.34186	0.51947
4275.566	-1.64563	0.41003	-2.28749	0.40431
4279.565	-1.56484	-0.33794	-2.23008	0.18789
4283.565	-1.56987	-0.20008	-2.25736	0.18493
4287.564	-1.53652	0.08103	-2.23863	-0.18322
4291.566	-1.48104	0.09760	-2.20357	-0.05676
4295.568	-1.49331	0.02854	-2.23774	-0.06113
4299.550	-1.45973	-0.31001	-2.23506	-0.18034
4303.563	-1.42270	-0.43869	-2.23630	-0.23812
4307.566	-1.38230	-0.46610	-2.24039	-0.45508
4311.566	-1.28834	-0.64104	-2.25095	-0.47504
4315.537	-1.30198	-0.72276	-2.29166	-0.57746
4319.564	-1.25815	-0.53744	-2.31767	-0.60756
4323.434	-1.24267	-0.56139	-2.38288	-0.61081
4327.440	-1.28591	-0.57887	-2.37384	-0.53753
4331.442	-1.27440	-0.61591	-2.39500	-0.50354
4335.441	-1.28918	-0.64291	-2.35231	-0.48451
4339.441	-1.20720	-0.69129	-2.30206	-0.41131
4343.444	-1.24104	-0.69613	-2.33398	-0.44671
4347.417	-1.24394	-0.71597	-2.28571	-0.36124
4351.442	-1.33175	-0.70062	-2.34002	-0.36122
4355.435	-1.33247	-0.80897	-2.21229	-0.36513
4359.440	-1.38590	-0.77504	-2.19378	-0.34003
4363.439	-1.34348	-0.70852	-2.06044	-0.23725
4367.441	-1.32051	-0.73321	-2.08808	-0.18421
4371.442	-1.34075	-0.73293	-2.10463	-0.15399
4375.440	-1.37970	-0.69807	-2.17517	-0.04934
4379.442	-1.30883	-0.68789	-2.19811	-0.11055
4383.446	-1.35727	-0.60195	-2.22688	-0.25185
4387.456	-1.35606	-0.64617	-2.16250	-0.23399
4391.434	-1.34301	-0.66954	-2.19469	-0.19937
4395.440	-1.33584	-0.73788	-2.18520	-0.33437
4399.441	-1.35970	-0.69435	-2.22468	-0.23139
4403.433	-1.34743	-0.71661	-2.29228	-0.28037
4407.441	-1.38773	-0.79693	-2.36980	-0.28050
4411.442	-1.42536	-0.76304	-2.37533	-0.38319
4415.443	-1.41660	-0.86355	-2.37773	-0.40051
4419.463	-1.38366	-0.78645	-2.22418	-0.38375
4423.443	-1.34666	-0.81880	-2.11361	-0.39217
4427.443	-1.35174	-0.75673	-2.04029	-0.33912
4431.405	-1.36876	-0.71849	-2.07202	-0.34512
4435.441	-1.40031	-0.73232	-1.99312	-0.45180
4439.406	-1.38905	-0.66071	-2.01850	-0.36947
4443.442	-1.38900	-0.59300	-1.90210	-0.35057
4447.445	-1.39249	-0.54203	-1.96665	-0.35334
4451.465	-1.38783	-0.42437	-2.04319	-0.24545
4455.444	-1.33435	-0.40699	-1.98807	-0.30513
4459.453	-1.33733	-0.39399	-1.89820	-0.10774
4463.443	-1.33780	-0.43384	-1.96794	-0.14344
4467.470	-1.32855	-0.44303	-1.97577	-0.19723
4471.425	-1.33852	-0.43868	-2.00916	-0.22082
4475.440	-1.30925	-0.48104	-2.02996	-0.33850
4479.440	-1.30238	-0.56500	-2.03776	-0.20877
4483.466	-1.26235	-0.48023	-2.08139	-0.26956
4487.443	-1.22866	-0.51931	-2.06478	-0.21724
4491.442	-1.22057	-0.48354	-2.02245	-0.12665
4495.443	-1.17235	-0.50867	-2.03179	-0.28347
4499.466	-1.18237	-0.50857	-2.03186	-0.22832
4503.445	-1.17805	-0.44028	-2.06015	-0.21642
4507.443	-1.17126	-0.38115	-2.04641	-0.27982
4511.438	-1.17880	-0.38147	-2.05214	-0.24436
4515.437	-1.12754	-0.44756	-2.10216	-0.23591
4519.443	-1.08252	-0.48456	-2.08550	-0.27770
4523.443	-1.05245	-0.39334	-2.11019	-0.23826
4527.444	-1.03806	-0.41458	-2.08771	-0.24577
4531.445	-1.02183	-0.42619	-2.11197	-0.23610
4535.442	-1.02521	-0.44474	-2.15247	-0.28710
4539.445	-1.03104	-0.50919	-2.06490	-0.21026
4543.445	-1.10165	-0.48943	-2.04555	-0.22283
4547.467	-1.16371	-0.63201	-2.10511	-0.22384
4551.445	-1.26098	-0.71177	-2.20721	-0.22554
4555.420	-1.20219	-0.77920	-2.25228	-0.33232
4559.407	-1.23022	-0.93510	-2.21663	-0.33069
4563.468	-1.26765	-0.84301	-2.17859	-0.29422
4567.443	-1.28090	-1.05695	-2.24584	-0.24577
4571.442	-1.41343	-0.87597	-2.15926	-0.18522
4575.444	-1.39736	-0.87493	-2.11802	-0.16426
4579.466	-1.46618	-0.79563	-2.03543	-0.21322
4583.446	-1.47451	-0.79620	-2.03464	-0.20495
4587.444	-1.48208	-0.95911	-1.99763	-0.21159
4591.448	-1.44810	-0.88445	-1.91437	-0.23906
4595.458	-1.40884	-0.80939	-2.06131	-0.22193
4599.436	-1.37218	-0.89821	-1.95143	-0.18179
4603.443	-1.34447	-0.85871	-2.04019	-0.18084
4607.446	-1.32165	-0.79253	-2.12895	-0.18115
4611.473	-1.27078	-0.71259	-2.01528	-0.19653
4615.445	-1.30556	-0.57708	-2.07182	-0.20152
4619.443	-1.26746	-0.55999	-2.05489	-0.24302
4623.422	-1.29107	-0.71139	-2.10473	-0.27199
4627.469	-1.29752	-0.76228	-2.12102	-0.26955
4631.403	-1.35306	-0.56328	-2.12456	-0.22307
4635.447	-1.34991	-0.46804	-2.16300	-0.23543
4639.446	-1.38843	-0.45442	-2.06034	-0.24041
4643.467	-1.42432	-0.46331	-2.00936	-0.24923
4647.444	-1.47655	-0.30994	-1.85333	-0.25276
4651.447	-1.50437	-0.31813	-1.72751	-0.26959
4655.448	-1.53991	-0.36425	-1.85028	-0.33533
4659.472	-1.48168	-0.39357	-1.71265	-0.38618
4663.448	-1.45646	-0.48630	-1.68806	-0.44420
4667.456	-1.39708	-0.42094	-1.59685	-0.46553
4671.447	-1.37605	-0.31296	-1.60915	-0.40192
4675.472	-1.29397	-0.38918	-1.58282	-0.46926
4679.445	-1.29045	-0.41966	-1.52010	-0.47427
4683.446	-1.21990	-0.43955	-1.60385	-0.43766
4687.448	-1.13350	-0.49322	-1.56375	-0.46204
4691.471	-1.09763	-0.60328	-1.68488	-0.49015
4695.447	-1.10358	-0.74959	-1.71754	-0.49064
4699.444	-1.15034	-0.76043	-1.79500	-0.41869
4703.445	-1.22117	-0.70967	-1.88720	-0.39051
4707.468	-1.21946	-0.68677	-1.89349	-0.35917
4711.446	-1.23565	-0.61756	-1.98239	-0.34636
4715.445	-1.27959	-0.69634	-1.89372	-0.31141
4719.441	-1.25691	-0.82114	-1.97178	-0.32774
4723.472	-1.19175	-0.78084	-2.06188	-0.36819
4727.444	-1.28847	-0.78335	-2.01541	-0.44156
4731.445	-1.35499	-0.82004	-2.07405	-0.41495
4735.444	-1.44237	-0.73072	-1.97500	-0.43295
4739.473	-1.45770	-0.63457	-1.95891	-0.45178
4743.447	-1.51253	-0.67963	-1.89828	-0.51637
4747.452	-1.50906	-0.67993	-1.99337	-0.64998
4751.450	-1.49577	-0.68882	-1.97664	-0.67301
4755.450	-1.47335	-0.70098	-1.95725	-0.76270
4759.454	-1.53967	-0.66785	-2.04946	-0.65371
4763.420	-1.51072	-0.55966	-2.03010	-0.66459
4767.446	-1.53540	-0.54811	-2.05573	-0.68655
4771.433	-1.58138	-0.54971	-2.03863	-0.54975
4775.446	-1.55616	-0.62696	-1.98606	-0.58363
4779.447	-1.53647	-0.64636	-2.09259	-0.55238
4783.449	-1.54901	-0.72301	-2.11814	-0.61723
4787.470	-1.54790	-0.82478	-2.15931	-0.38061
4791.445	-1.52097	-0.90747	-2.11534	-0.38070
4795.445	-1.52831	-1.00332	-2.08939	-0.45492
4799.449	-1.54968	-1.02944	-2.14000	-0.39385
4803.439	-1.53312	-1.21453	-2.01489	-0.48042
4807.439	-1.54857	-1.27289	-2.00975	-0.46098
4811.450	-1.56057	-1.41435	-1.93889	-0.49564
4815.450	-1.52072	-1.26015	-1.90153	-0.48073
4819.448	-1.52459	-1.30124	-1.87066	-0.48307
4823.447	-1.42233	-1.22798	-1.73918	-0.48460
4827.449	-0.54893	-1.21903	-1.27966	-0.51185
4831.451	-0.32506	-1.37387	-1.27113	-0.53366
4835.447	-0.33779	-1.23852	-0.81188	-0.59650
4839.448	-0.47971	-1.34958	-0.95343	-0.54338
4843.448	-0.47763	-1.35475	-0.98889	-0.59508
4847.419	-0.55530	-1.29098	-1.13881	-0.58814
4851.450	-0.54979	-1.24876	-0.97785	-0.60631
4855.448	-0.50274	-1.23427	-0.93698	-0.63228
4859.451	-0.40427	-1.17522	-0.88210	-0.73866
4863.448	-0.38405	-1.28173	-0.79193	-0.74012
4867.452	-0.28967	-1.25362	-0.76625	-0.74323
4871.453	-0.31940	-1.33545	-0.86724	-0.71608
4875.449	-0.36886	-1.36585	-0.86414	-0.74063
4879.448	-0.41207	-1.47041	-0.89790	-0.69369
4883.454	-0.38052	-1.37608	-0.91202	-0.67799
4887.432	-0.34005	-1.32634	-0.93113	-0.67185
4891.449	-0.28230	-1.10348	-0.89155	-0.66744
4895.450	-0.23428	-1.20604	-0.88083	-0.59987
4899.453	-0.18936	-1.19521	-0.88351	-0.54844
4903.448	-0.10860	-1.24231	-0.89108	-0.40583
4907.448	-0.12042	-1.20155	-0.84984	-0.49528
4911.449	-0.08840	-1.20138	-0.89929	-0.37351
4915.451	-0.15856	-0.88751	-0.88443	-0.24292
4919.449	-0.09322	-0.96264	-0.88121	-0.39470
4923.451	-0.04234	-1.12644	-0.87582	-0.50665
4927.447	-0.10868	-1.11963	-0.91736	-0.43109
4931.442	-0.05145	-1.01297	-0.88853	-0.39954
4935.442	-0.12826	-1.13069	-0.92884	-0.29353
4939.413	-0.16896	-0.99799	-0.89503	-0.32210
4943.450	-0.19050	-1.16759	-0.92889	-0.40625
4947.451	-0.28165	-1.17429	-0.93976	-0.45266
4951.450	-0.25048	-0.96149	-0.97941	-0.38326
4955.451	-0.29342	-0.94253	-1.01543	-0.40400
4959.450	-0.31699	-1.16520	-1.12464	-0.43363
4963.451	-0.29213	-1.31534	-1.14206	-0.42301
4967.452	-0.26979	-1.21972	-1.03144	-0.43014
4971.432	-0.24969	-1.26562	-0.93262	-0.47462
4975.449	-0.30853	-1.34397	-0.93271	-0.45532
4979.456	-0.34610	-1.16144	-1.00680	-0.49707
4983.452	-0.30942	-1.43978	-0.99834	-0.59458
4987.447	-0.30017	-1.40241	-0.98484	-0.62509
4991.452	-0.35650	-1.43431	-0.94021	-0.60405
4995.454	-0.38511	-1.43247	-0.90403	-0.63787
4999.450	-0.24512	-1.41829	-0.81275	-0.60899
5003.453	-0.08505	-1.39078	-0.81265	-0.48865
5007.452	-0.12923	-1.38688	-0.81250	-0.55011
5011.439	-0.12674	-1.43918	-0.80833	-0.61672
5015.453	-0.20770	-1.41089	-0.85811	-0.65522
5019.450	-0.08495	-1.38703	-0.86783	-0.54494
5023.450	-0.02829	-1.49210	-0.85992	-0.56268
5027.454	-0.13697	-1.25162	-0.81570	-0.66765
5031.449	-0.22254	-1.08878	-0.79997	-0.61995
5035.451	-0.07562	-1.06551	-0.80883	-0.64385
5039.454	-0.05088	-1.04526	-0.78347	-0.62820
5043.421	0.05564	-1.12848	-0.80339	-0.55941
5047.451	-0.06152	-1.06861	-0.76714	-0.67742
5051.450	-0.03695	-1.22391	-0.75431	-0.66932
5055.419	-0.03345	-1.33167	-0.73094	-0.65437
5059.417	-0.16392	-0.92294	-0.73913	-0.62856
5063.451	-0.16633	-0.84386	-0.70300	-0.71974
5067.453	-0.14126	-1.00440	-0.75513	-0.69938
5071.444	0.01519	-1.10202	-0.77645	-0.59645
5075.461	0.04025	-1.24271	-0.68119	-0.62524
5079.452	0.10610	-1.29059	-0.74414	-0.50508
5083.451	0.13751	-1.32896	-0.70342	-0.46188
5087.455	0.02732	-1.48227	-0.58377	-0.48482
5091.457	0.05132	-1.51773	-0.68543	-0.47112
5095.434	0.00802	-1.52962	-0.74337	-0.44043
5099.448	0.03618	-1.58452	-0.69005	-0.41465
5103.450	0.03832	-1.63813	-0.74173	-0.36763
5107.418	0.08321	-1.50521	-0.75575	-0.34661
5111.416	0.14091	-1.52813	-0.78972	-0.35620
5115.453	0.10719	-1.54008	-0.85208	-0.40578
5119.452	0.07053	-1.55331	-0.92934	-0.42327
5123.448	0.16112	-1.34853	-0.92252	-0.57782
5127.455	0.10004	-1.04722	-0.93299	-0.52925
5131.453	0.08612	-0.99441	-0.91006	-0.54386
5135.450	0.08877	-0.94590	-0.91969	-0.51397
5139.453	0.12158	-0.79435	-0.91339	-0.44665
5143.453	0.12285	-0.84923	-0.85987	-0.55289
5147.455	0.12071	-1.01332	-0.88927	-0.67790
5151.454	0.10763	-0.95007	-1.02173	-0.83621
5155.455	0.09969	-1.15697	-0.97479	-0.84772
5159.453	0.02234	-0.79065	-0.90245	-0.77927
5163.456	0.04003	-0.80889	-0.81580	-0.82530
5167.455	0.07922	-0.73726	-0.89919	-0.67126
5171.458	0.03805	-1.10061	-0.85639	-0.69897
5175.455	0.02437	-1.07294	-0.87019	-0.86819
5179.430	0.01300	-1.42264	-0.94085	-0.69269
5183.455	-0.00506	-1.33066	-0.89121	-0.76835
5187.458	-0.04748	-1.24894	-0.92986	-0.81501
5191.455	-0.00583	-1.19651	-0.91314	-0.74119
5195.456	-0.00084	-0.89060	-0.88396	-0.69509
5199.454	0.00062	-0.94900	-0.90284	-0.74283
5203.458	-0.00876	-0.94562	-1.03069	-0.74852
5207.453	0.05140	-1.16204	-1.04235	-0.67702
5211.455	-0.06026	-1.16387	-1.02814	-0.70726
5215.455	-0.03571	-1.06305	-0.85912	-0.72642
5219.443	-0.11652	-1.19639	-0.82915	-0.79675
5223.446	-0.10267	-1.15575	-0.78367	-0.76385
5227.453	-0.12411	-0.99816	-0.75322	-0.72410
5231.456	-0.20616	-1.07121	-0.73027	-0.78353
5235.455	-0.17645	-1.04153	-1.00295	-0.73416
5239.453	-0.18660	-1.17162	-0.81885	-0.77884
5243.452	-0.19946	-1.13813	-0.89210	-0.76820
5247.453	-0.09336	-1.23106	-0.75987	-0.79962
5251.454	-0.15213	-1.26508	-0.79119	-0.75388
5255.458	-0.04599	-1.32313	-0.89227	-0.72038
5259.453	-0.07234	-1.33393	-0.90579	-0.75113
5263.454	0.11431	-1.06133	-0.93912	-0.74826
5267.456	0.06366	-1.05468	-0.99117	-0.83313
5271.455	0.08828	-0.93730	-1.07703	-0.86933
5275.456	0.01097	-0.85038	-1.11095	-0.93183
5279.455	0.09222	-1.06727	-1.10452	-0.85094
5283.459	0.18137	-1.45018	-1.13853	-0.88287
5287.457	0.14211	-1.25403	-1.12335	-0.88305
5291.454	0.07299	-1.17582	-1.07269	-0.89427
5295.455	0.04892	-1.14323	-1.10311	-0.86358
5299.458	0.00998	-1.20784	-1.01568	-0.95385
5303.459	0.00370	-1.11867	-1.08671	-0.90047
5307.460	-0.06120	-1.06685	-1.14126	-0.84037
5311.454	-0.07331	-0.95534	-1.00040	-0.80255
5315.458	-0.12118	-1.20339	-0.86324	-0.87050
5319.455	-0.14422	-1.24874	-0.80101	-0.74345
5323.458	-0.07899	-1.16303	-0.75099	-0.77791
5327.456	-0.11709	-1.18260	-0.86510	-0.77968
5331.353	-0.08520	-1.17450	-0.82793	-0.78150
5335.455	-0.09992	-1.24176	-0.82012	-0.71373
5339.457	-0.02385	-1.20910	-0.79389	-0.81748
5343.455	-0.04671	-1.12465	-0.93232	-0.85431
5347.461	-0.07480	-0.89320	-0.85195	-0.76073
5351.456	-0.08733	-0.97926	-0.81994	-0.76011
5355.456	-0.06170	-0.97566	-0.88776	-0.67233
5359.333	0.01032	-1.00154	-0.96271	-0.78741
5363.354	0.01581	-0.93730	-0.92840	-0.82175
5367.332	-0.01720	-0.90493	-0.92088	-0.81787
5371.331	0.04192	-0.88220	-0.96576	-0.76527
5375.333	0.02569	-0.79669	-0.94296	-0.74573
5379.360	0.04105	-0.73003	-1.02392	-0.59942
5383.298	0.02646	-0.70730	-0.96167	-0.69477
5387.334	0.06974	-0.70051	-0.93631	-0.71185
5391.331	0.11528	-0.70836	-0.95157	-0.81111
5395.332	0.12138	-0.68806	-0.97239	-0.82082
5399.333	0.12324	-0.68945	-1.01772	-0.71809
5403.335	0.05626	-0.48663	-0.97852	-0.64397
5407.332	0.00826	-0.57298	-1.11326	-0.70756
5411.333	0.00243	-0.54592	-1.15327	-0.67714
5415.331	-0.07361	-0.56960	-1.16714	-0.73241
5419.333	-0.12225	-0.64195	-1.19036	-0.73685
5423.331	-0.19946	-0.54167	-1.23645	-0.77750
5427.357	-0.18147	-0.69373	-1.29035	-0.78556
5431.296	-0.18854	-0.74232	-1.32485	-0.79270
5435.299	-0.20070	-0.85146	-1.33225	-0.73604
5439.331	-0.20685	-1.00954	-1.37927	-0.75401
5443.355	-0.20378	-1.01085	-1.33001	-0.72089
5447.332	-0.13712	-0.98293	-1.36573	-0.71927
5451.332	-0.11848	-1.01317	-1.35923	-0.68246
5455.334	-0.04395	-0.98992	-1.35142	-0.67006
5459.356	-0.06177	-1.02882	-1.32101	-0.65524
5463.332	-0.05874	-0.97201	-1.29834	-0.63421
5467.333	-0.02924	-1.00969	-1.24143	-0.68741
5471.335	-0.02258	-1.00870	-1.17748	-0.69219
5475.341	-0.00536	-1.04931	-1.13223	-0.69752
5479.337	0.03425	-1.10791	-1.13796	-0.77879
5483.334	0.06520	-1.06273	-1.07991	-0.78154
5487.334	0.12483	-1.02780	-1.07418	-0.82524
5491.361	0.16864	-1.02086	-1.03374	-0.86233
5495.333	0.15350	-0.97285	-0.98784	-0.82074
5499.337	0.14355	-0.99016	-0.95507	-0.81491
5503.335	0.17030	-0.91449	-0.96068	-0.80226
5507.358	0.18432	-0.92423	-0.93403	-0.78823
5511.347	0.13620	-0.81989	-0.95641	-0.75755
5515.335	0.10322	-0.81085	-1.04394	-0.73324
5519.326	0.09101	-0.61584	-1.01253	-0.90710
5523.358	0.03154	-0.82635	-0.95601	-0.91347
5527.292	0.02561	-0.91425	-0.98276	-0.90520
5531.333	-0.00132	-0.83077	-0.97849	-0.76495
5535.333	-0.02834	-0.73477	-1.05858	-0.68179
5539.335	-0.03378	-1.09805	-1.09614	-0.75824
5543.333	-0.05897	-0.92654	-1.19554	-0.83377
5547.333	-0.09513	-0.77920	-1.23645	-0.88555
5551.333	-0.11674	-0.89300	-1.22169	-0.92626
5555.335	-0.15213	-0.91983	-1.27653	-0.86998
5559.298	-0.17045	-0.89658	-1.08619	-0.89843
5563.312	-0.22435	-0.80262	-0.93993	-0.87185
5567.334	-0.18844	-1.00352	-1.09911	-0.84542
5571.335	-0.19581	-0.97868	-1.07438	-0.79364
5575.340	-0.24053	-0.92909	-1.14479	-0.73562
5579.338	-0.27418	-1.01331	-1.09787	-0.75471
5583.334	-0.31096	-0.94747	-1.10790	-0.69591
5587.336	-0.36320	-0.97293	-1.07155	-0.75184
5591.334	-0.29769	-1.08989	-1.06470	-0.71902
5595.338	-0.23301	-1.08259	-1.06604	-0.70345
5599.320	-0.06728	-1.06208	-0.97708	-0.78038
5603.358	-0.04455	-1.09385	-1.03039	-0.75319
5607.335	0.09612	-1.09857	-1.05414	-0.73075
5611.300	0.09225	-1.09676	-1.03937	-0.69553
5615.334	0.14121	-1.04384	-1.03732	-0.68944
5619.374	0.12084	-1.01871	-1.02030	-0.75103
5623.337	0.26962	-1.00720	-1.01610	-0.74750
5627.336	0.32320	-0.98595	-1.02072	-0.76086
5631.337	0.37261	-0.79928	-1.02635	-0.73816
5635.361	0.37663	-0.87118	-1.01218	-0.63817
5639.339	0.26550	-0.95649	-0.95842	-0.63004
5643.301	0.39827	-0.89562	-0.97757	-0.56594
5647.334	0.56960	-0.84666	-0.89838	-0.49440
5651.362	1.26205	-0.61971	-0.34829	-0.46488
5655.337	1.57409	-0.20632	0.16950	-0.41420
5659.337	2.05278	-0.49263	0.97204	-0.51705
5663.338	3.13912	-0.53761	1.97671	-0.32327
5667.331	3.42275	-0.39762	1.85839	-0.23393
5671.335	2.64569	-0.10895	2.22086	0.02642
5675.337	0.68417	0.25829	0.68536	0.09767
5679.337	1.78255	0.62898	0.75511	0.01645
5683.339	-1.81986	0.73460	1.17269	0.92968
5687.339	9.42426	3.15858	NaN	NaN
5691.339	9.23304	3.56230	6.51525	6.19060
5695.339	NaN	NaN	13.49059	10.13357
5699.330	9.11656	7.41363	NaN	NaN
5703.336	NaN	NaN	NaN	NaN
5707.333	NaN	NaN	NaN	NaN
5711.302	NaN	NaN	NaN	NaN
5715.336	NaN	NaN	NaN	NaN
5719.338	NaN	NaN	NaN	NaN
5723.332	NaN	NaN	NaN	NaN
5727.300	NaN	NaN	NaN	NaN
5731.337	NaN	NaN	NaN	NaN
5735.360	NaN	NaN	NaN	NaN
5739.337	NaN	NaN	NaN	NaN
5743.301	NaN	NaN	NaN	NaN
5747.338	NaN	NaN	NaN	NaN
5751.301	NaN	NaN	NaN	NaN
5755.361	NaN	NaN	NaN	NaN
5759.305	NaN	NaN	NaN	NaN
5763.336	NaN	NaN	NaN	NaN
5767.308	NaN	NaN	NaN	NaN
5771.334	NaN	NaN	NaN	NaN
5775.334	NaN	NaN	NaN	NaN
5779.336	NaN	NaN	NaN	NaN
5783.334	-2.51955	14.87636	-1.33577	10.33791
5787.336	2.32206	1.57409	-4.29369	10.35406
5791.340	2.55376	2.01202	NaN	NaN
5795.344	2.52116	2.05367	-1.60965	8.61142
5799.336	0.95132	2.05451	-3.87438	2.13351
5803.339	-2.49315	2.23709	-1.48741	0.21765
5807.332	-2.58006	1.05738	-1.09415	-1.12986
5811.338	-2.32709	1.62229	-1.53867	-0.97300
5815.341	-1.09095	-0.07846	-0.92095	-1.16956
5819.338	-1.66730	0.53677	-0.74099	-0.83525
5823.338	-1.48295	0.53898	-0.86463	-0.70428
5827.338	0.38348	0.75463	-0.75029	-0.52575
5831.338	2.78186	0.50281	-1.11626	-0.43477
5835.341	1.02216	0.69988	0.14392	-0.29848
5839.341	2.55849	0.31102	0.11136	-0.23922
5843.344	1.24151	0.13629	0.08522	-0.17506
5847.340	1.12186	-0.03217	0.02385	-0.30475
5851.307	1.21926	-0.09518	0.06048	-0.32092
5855.338	1.17612	-0.24829	0.14558	-0.16865
5859.339	1.26083	-0.09507	0.20946	-0.21097
5863.340	1.30082	-0.18769	0.41537	-0.19725
5867.339	1.34291	-0.17958	0.48133	-0.20805
5871.339	1.39299	-0.05756	0.64211	-0.23376
5875.331	1.31248	-0.13470	0.67600	-0.20780
5879.338	1.35752	-0.15906	0.60143	-0.54619
5883.339	1.48736	-0.19264	0.54451	-0.53228
5887.339	1.60898	-0.17666	0.58714	-0.55044
5891.334	1.56871	-0.12005	0.60493	-0.49769
5895.339	1.71305	-0.06590	0.59481	-0.67638
5899.338	1.69718	-0.02638	0.57985	-0.66987
5903.339	1.79343	-0.00037	0.65722	-0.79457
5907.333	1.74809	0.04545	0.57089	-0.79724
5911.341	1.76534	0.08470	0.51823	-0.85926
5915.339	1.71734	0.08755	0.48140	-0.88095
5919.342	1.74687	0.09282	0.38648	-0.92536
5923.335	1.73698	0.07769	0.32905	-0.90131
5927.342	1.65622	0.02263	0.42658	-0.86633
5931.338	1.61686	0.00246	0.44038	-0.92190
5935.332	1.63727	-0.09533	0.44562	-0.93978
5939.333	1.64290	-0.07568	0.37588	-0.93885
5943.339	1.63472	-0.21568	0.30843	-0.94790
5947.305	1.64464	-0.26930	0.33839	-0.96220
5951.341	1.64513	-0.35380	0.31526	-0.97092
5955.335	1.64434	-0.39297	0.36412	-1.00458
5959.353	1.67439	-0.46420	0.37102	-0.99871
5963.343	1.71942	-0.50363	0.28672	-0.99490
5967.341	1.74695	-0.57261	0.31930	-1.05975
5971.342	1.72131	-0.54674	0.22130	-1.08473
5975.314	1.77538	-0.58728	0.26379	-0.97100
5979.343	1.76976	-0.58304	0.21807	-0.98348
5983.340	1.77246	-0.65389	0.24860	-0.89302
5987.332	1.79730	-0.69292	0.28011	-0.99192
5991.339	1.75158	-0.71869	0.30491	-1.01825
5995.304	1.65146	-0.69078	0.20971	-1.08508
5999.344	1.64052	-0.69220	0.16198	-1.01485
6003.307	1.65332	-0.63562	0.16918	-1.07330
6007.340	1.52729	-0.20948	0.18179	-0.97294
6011.343	1.46764	-0.55975	0.08835	-0.91581
6015.324	1.48773	-0.66690	0.17685	-0.81226
6019.254	1.56811	-0.61295	0.19574	-0.88945
6023.342	1.49411	-0.71540	0.19914	-0.91998
6027.341	1.49483	-0.68838	0.22147	-0.97359
6031.343	1.49344	-0.56647	0.57017	-0.96279
6035.240	1.49701	-0.56940	0.62627	-1.02779
6039.341	1.52307	-0.56284	0.35861	-1.04519
6043.345	1.44996	-0.52952	0.54575	-1.17137
6047.342	1.46157	-0.56405	0.30545	-1.40785
6051.241	1.53929	-0.55948	0.42326	-1.41419
6055.343	1.56821	-0.56720	0.30674	-1.42364
6059.306	1.55293	-0.45451	0.40316	-1.43165
6063.345	1.54197	-0.43807	0.43254	-1.34952
6067.241	1.57052	-0.41892	0.28319	-1.25834
6071.335	1.63152	-0.42159	0.32148	-1.23107
6075.345	1.62155	-0.44178	0.30717	-1.16584
6079.345	1.62475	-0.40184	0.19172	-1.15368
6083.341	1.54430	-0.38805	0.16414	-0.99019
6087.343	1.65347	-0.46008	0.20412	-1.10125
6091.342	1.63092	-0.48914	0.22646	-1.09198
6095.343	1.61471	-0.64286	0.30751	-1.09386
6099.341	1.66123	-0.73067	0.33824	-1.08340
6103.343	1.70869	-0.74778	0.34988	-1.00997
6107.341	1.71858	-0.69220	0.44348	-1.07189
6111.309	1.72342	-0.71837	0.55883	-1.10619
6115.250	1.64511	-0.70281	0.50063	-1.15146
6119.342	1.58056	-0.64988	0.44204	-1.19963
6123.307	1.58599	-0.66170	0.45160	-1.23192
6127.345	1.64305	-0.69692	0.42579	-1.30477
6131.257	1.62373	-0.57878	0.41001	-1.32305
