time (ms)	lx (deg)	ly (deg)	rx (deg)	ry (deg)
0.000	1.31002	-2.52650	-0.15268	-1.56910
3.968	1.32302	-2.73247	-0.19219	-1.59281
7.966	1.28891	-2.66999	-0.19298	-1.63102
11.999	1.30211	-2.80231	-0.19983	-1.74260
16.002	1.25977	-2.74619	-0.17836	-1.75355
19.991	1.22717	-2.72295	-0.18090	-1.78219
24.001	1.26073	-2.73021	-0.20621	-1.76889
28.002	1.23536	-2.66011	-0.16295	-1.78875
32.004	1.44259	-2.70839	-0.19387	-1.72847
36.026	1.26289	-2.69924	-0.10476	-1.75700
40.003	1.22702	-2.81312	-0.11334	-1.73610
44.007	1.18996	-2.81096	-0.01546	-1.92121
47.986	1.19988	-2.83665	0.00454	-1.91784
52.003	1.22484	-2.89733	0.03492	-1.87941
56.000	1.25389	-2.92872	0.25877	-1.81917
59.999	1.23918	-2.83757	0.30846	-1.66309
64.000	1.36858	-2.70701	0.23068	-1.67901
67.992	1.26795	-2.53177	0.26302	-1.80867
72.004	1.06131	-2.28903	0.28272	-2.01627
76.000	1.26026	-2.77239	0.22773	-2.04785
80.000	1.22777	-2.61475	0.10279	-1.77162
83.996	1.27505	-2.57540	0.22244	-1.56981
88.004	1.16682	-2.17373	-0.02971	-1.55145
91.993	0.73496	-2.03380	-0.40512	-1.23702
96.002	0.91359	-0.91922	-0.55912	0.64349
100.025	0.55245	-1.38073	-0.59875	1.06885
104.001	0.33824	-0.97008	-0.75481	0.96976
107.999	0.62325	-0.73970	-0.77176	-0.55191
112.000	0.94304	-1.03489	-0.35737	-0.63831
116.000	0.56580	-0.86201	-0.38065	-0.41424
119.999	0.50992	-0.94874	-0.61407	-0.28706
124.000	0.73260	-0.92972	-0.67044	0.20298
128.005	0.51101	-0.93252	-1.09505	0.05349
132.007	0.68424	-0.78411	-0.83828	-0.12878
136.003	0.86979	-0.79250	-0.63233	-0.42846
140.002	0.64464	-0.75075	-1.25867	-0.17855
144.004	0.62804	-0.72531	-1.36191	0.01617
148.005	0.56185	-0.70818	-1.08048	0.12067
152.002	0.72682	-0.77494	-0.50054	0.37503
156.004	0.71037	-0.81416	-1.01357	0.07401
160.003	0.40216	-0.90531	-0.75538	-0.12279
164.002	0.69556	-0.76784	-0.73250	-0.54734
168.003	0.86910	-0.69211	-1.17639	-0.24456
171.998	0.64660	-0.76563	-0.82384	-0.12490
176.000	0.52662	-0.51685	-0.91830	0.30985
179.996	0.39435	-0.42063	-1.39562	0.28878
184.001	0.39551	-0.96667	-0.98660	-0.07503
188.003	0.43624	-0.79306	-0.80704	0.08644
192.005	0.51078	-0.87792	-0.81920	-0.30561
196.026	0.42323	-0.81475	-0.94673	-0.19506
200.002	0.38231	-0.93072	-0.93177	-0.18853
203.970	0.50942	-0.62083	-0.99097	0.00256
208.002	0.38710	-4.41788	-0.60746	0.27275
212.006	0.33960	-0.81926	-0.89542	0.46946
215.968	0.34231	-0.76746	-0.86309	0.12808
220.005	0.51689	-0.92499	-1.03270	0.04427
224.000	0.51776	-0.90057	-0.75069	-0.16352
228.006	0.33126	-0.73419	-0.82136	-0.05183
232.002	0.23673	-0.61660	-0.86272	-0.02487
236.004	0.23959	-0.73005	-0.88446	0.02301
240.002	0.19730	-0.76384	-0.61141	-0.04845
244.009	0.46515	-0.62625	-0.87607	-0.01140
248.003	0.36355	-0.67998	-0.85649	0.09881
252.004	0.29734	-0.64880	-0.77466	0.08547
256.004	0.33742	-0.67461	-0.82955	0.05096
260.008	0.42599	-0.68504	-0.85768	0.06328
264.003	-0.02450	-0.75766	-0.92681	-0.07538
268.006	0.39214	-0.68795	-0.77503	0.00199
272.002	0.08445	-0.71346	-0.70707	0.14570
276.005	0.51513	-0.74406	-1.11787	0.25043
280.003	0.23544	-0.77134	-0.76665	0.32813
283.967	0.51394	-0.79099	-1.02362	0.08201
288.002	0.02655	-0.83246	-0.85515	-0.16505
291.998	0.28505	-0.82604	-0.78139	0.15870
295.999	0.08890	-0.86749	-0.75543	0.01851
299.996	0.53153	-0.85508	-0.74871	0.34639
304.004	0.05668	-0.83152	-0.76918	0.35501
308.007	0.53838	-0.80406	-0.64967	0.38143
312.005	-0.06204	-0.83731	-0.67871	0.25498
316.004	-0.05182	-0.85276	-0.78039	0.24250
320.003	-0.00323	-0.87790	-0.67159	0.08393
323.999	0.01640	-0.55881	-0.69553	0.09380
327.967	0.24530	-0.16602	-0.60866	-0.07258
332.007	0.12739	-0.70946	-0.58578	-0.13858
336.003	0.11329	-0.79765	-0.62483	-0.17540
339.998	0.47736	-0.67646	-0.62789	-0.27635
344.006	0.18670	-0.64185	-0.59640	-0.30391
348.006	0.31915	-0.79113	-0.75054	-0.34338
352.008	0.17998	-0.49858	-0.67243	-0.41375
356.010	0.40038	-0.68879	-0.66312	-0.43962
360.007	0.32704	-0.74097	-0.81327	-0.47722
364.004	0.32873	-0.72935	-0.88217	-0.38168
368.009	0.30322	-0.73412	-0.96043	-0.22016
372.010	0.43688	-0.77326	-0.92822	0.05916
376.007	0.40269	-0.74469	-0.95343	0.38187
379.990	0.44686	-0.60973	-0.83478	0.44748
384.001	0.45765	-0.63386	-0.95112	-0.18108
388.004	0.47828	-0.47976	-0.83761	-0.31865
392.005	0.44373	-0.24016	-0.79409	-0.08818
396.005	0.39323	-0.57341	-1.06766	0.13607
400.005	0.25905	-0.58992	-0.93234	-0.18898
403.971	0.44224	-0.43934	-0.72913	-0.31123
407.963	0.51408	-0.36308	-0.54290	-0.35040
411.970	0.49369	-0.32260	-0.72997	-0.55397
416.007	0.40956	-0.30750	-0.65496	-0.47314
420.012	0.35836	-0.35931	-0.66662	-0.48740
423.973	0.25579	-0.67395	-0.44758	-0.44942
428.006	0.24736	-0.49483	-0.55237	-0.30938
432.006	0.17834	-0.72891	-0.44559	-0.10464
436.008	0.11510	-0.82647	-0.71600	0.10804
440.007	0.14372	-0.88674	-0.50423	0.07052
444.006	0.31290	-0.55739	-0.63317	-0.02338
448.006	0.30131	-0.62184	-0.57498	-0.05332
452.013	0.21378	-0.62525	-0.66067	-0.15475
456.006	0.19060	-0.61233	-0.82821	-0.13141
460.008	0.24135	-0.67166	-1.02819	-0.05406
463.987	0.28791	-0.64622	-0.77213	-0.11827
467.882	0.34025	-0.60745	-0.91942	-0.23268
471.972	0.24324	-0.86008	-1.33492	-0.30650
475.973	0.23731	-0.59437	-1.19400	-0.06258
480.007	0.23892	-0.56311	-1.18798	-0.13908
484.009	0.36003	-0.41882	-0.91182	-0.24451
488.006	0.42318	-0.47069	-0.86153	-0.21214
492.008	0.40139	-0.48786	-1.22767	-0.24654
496.006	0.46123	-0.51276	-0.97770	-0.47342
500.012	0.45745	-0.63309	-1.26046	-0.53965
504.010	0.39993	-0.60911	-0.95787	-0.58112
508.000	0.33888	-0.74507	-0.97139	-0.42955
512.007	0.48701	-0.90684	-0.81101	-0.58728
515.908	0.75995	-0.77948	-0.70583	-0.60451
520.009	0.80947	-0.68012	-0.70662	-0.76607
524.009	0.60908	-0.64569	-0.95884	-0.75899
528.006	0.50408	-0.61306	-1.03952	-0.96526
531.909	0.45999	-0.37135	-0.84508	-0.97821
536.010	0.66518	-0.53823	-1.14456	-0.95773
540.009	0.67856	-0.33231	-1.48136	-0.87545
544.010	0.36742	-0.47231	-1.16550	-0.85859
547.910	0.38948	-0.83870	-1.20733	-0.79251
552.017	0.42916	-0.67177	-0.95733	-0.81200
556.008	0.32151	-0.44456	-1.29050	-0.72232
560.008	0.17866	-0.57362	-1.35807	-0.69888
564.014	0.25143	-0.42123	-1.19864	-0.58594
568.009	0.35613	-0.53831	-1.07448	-0.51179
572.009	0.47721	-0.61440	-0.93244	-0.47999
576.010	0.55865	-0.57638	-1.04434	-0.48352
580.013	0.57945	-0.51205	-0.93080	-0.36498
584.010	0.56652	-0.53553	-0.76022	-0.41233
588.007	0.51384	-0.65887	-0.71503	-0.43472
591.970	0.59930	-0.59088	-1.09820	-0.40357
595.909	0.59322	-0.69508	-1.18842	-0.53614
600.010	0.70176	-0.76423	-1.16262	-0.53724
604.009	0.66645	-0.85308	-1.09400	-0.58726
607.974	0.59699	-0.77672	-1.25560	-0.64684
611.909	0.58731	-0.76167	-1.36680	-0.70098
616.008	0.57414	-0.76380	-1.20455	-0.72177
620.013	0.45145	-0.71406	-1.30695	-0.66208
624.013	0.47875	-0.66821	-1.41112	-0.67735
627.910	0.31511	-0.80149	-1.51903	-0.58398
631.977	0.27123	-0.88264	-1.58371	-0.50284
636.013	0.10014	-0.85678	-1.59018	-0.59052
640.011	-0.02546	-0.76658	-1.52126	-0.46855
643.909	0.13387	-0.60438	-1.49478	-0.38848
648.011	0.15121	-0.65497	-1.43307	-0.27154
652.016	0.37668	-0.54017	-1.29779	-0.19765
655.972	0.10342	-0.42004	-1.26832	-0.06082
659.909	0.08006	-0.44519	-1.22005	-0.00328
663.973	0.16958	-0.36719	-1.08269	-0.03369
668.011	0.10270	-0.29376	-1.08629	0.06629
671.992	0.17072	-0.22540	-0.92949	0.03133
676.015	0.35414	-0.18316	-0.79228	0.12026
680.011	0.43217	-0.13858	-0.84002	-0.08783
684.011	0.41122	-0.11194	-0.78022	-0.19808
688.014	0.36486	-0.10474	-0.74757	-0.17708
692.014	0.31794	-0.10248	-0.73955	-0.38679
696.013	0.28404	-0.08777	-0.97514	-0.51764
700.012	0.34645	-0.19360	-1.55804	-0.63511
703.975	0.41770	-0.43730	-1.02310	-0.71354
707.907	0.38114	-0.53493	-1.19237	-0.68754
712.014	0.37675	-0.55421	-1.19294	-0.83718
715.971	0.40375	-0.62020	-1.21601	-0.85128
719.974	0.30146	-0.62246	-1.12310	-0.92001
723.904	0.31054	-0.69633	-0.78992	-0.96287
728.012	0.31486	-0.78542	-1.12248	-1.17016
732.010	0.28287	-0.84348	-1.09170	-1.28721
736.010	0.26173	-0.82299	-0.81173	-1.14178
739.913	0.24403	-0.80873	-0.78712	-1.22975
744.011	0.24870	-0.82975	-0.83473	-1.18526
748.012	0.22400	-0.48931	-0.81841	-1.19612
752.016	0.13250	-0.62498	-0.89818	-1.29312
755.913	0.24552	-0.59235	-0.89959	-1.08545
759.870	0.21507	-0.71623	-0.99521	-1.06485
763.882	0.21457	-0.85017	-1.16664	-1.00228
767.887	0.16377	-0.66110	-0.97455	-1.01759
772.015	0.11491	-0.71199	-1.15627	-1.00429
775.886	0.13806	-0.73825	-1.03990	-0.92033
779.886	0.18755	-0.64515	-0.67712	-0.67815
783.921	0.45949	-0.76200	-0.96571	-0.68176
787.911	0.22790	-0.67387	-1.32096	-0.47480
791.900	0.18866	-0.77730	-1.24310	-0.43338
795.889	0.43045	-0.60981	-1.12132	-0.41340
799.890	0.18469	-0.69062	-0.96889	-0.23496
803.855	0.52354	-0.75417	-1.34601	-0.30355
807.887	0.17804	-0.74148	-1.16014	-0.18335
811.888	0.19531	-0.81559	-1.19209	-0.18757
815.885	0.34486	-0.84174	-0.91870	-0.12157
819.909	0.51269	-0.74714	-1.20303	-0.23835
823.886	0.52813	-0.92795	-1.26909	-0.22448
827.888	0.62052	-0.83731	-1.18661	-0.27149
831.887	0.67228	-0.80811	-1.02627	-0.42122
835.883	0.54744	-0.87736	-1.01680	-0.38552
839.887	0.56290	-0.82572	-1.02268	-0.79475
843.868	0.79233	-0.82424	-1.06848	-0.75611
847.888	0.49160	-0.87305	-1.25287	-0.74699
851.893	0.59464	-0.86275	-0.73672	-0.63040
855.890	0.70422	-0.85990	-1.07823	-0.56209
859.891	0.52657	-0.69750	-1.04315	-0.50588
863.889	0.50691	-0.77710	-1.21323	-0.41799
867.880	0.47676	-0.72265	-0.62563	-0.31121
871.890	0.60995	-0.73128	-0.99196	-0.41553
875.889	0.39085	-0.77592	-1.27475	-0.77389
879.890	0.46346	-0.73882	-1.00943	-0.61455
883.850	0.52044	-0.52773	-0.92128	-0.49288
887.879	0.28778	-0.49421	-1.07113	-0.53246
891.852	0.45850	-0.46214	-0.87823	-0.55994
895.889	0.12888	-0.63189	-1.04493	-0.57904
899.924	0.32506	-0.54087	-0.94420	-0.72054
903.855	0.39670	-0.55716	-0.90957	-0.63986
907.888	0.35466	-0.62914	-0.90579	-0.62294
911.852	0.29225	-0.61046	-1.05252	-0.64939
915.883	0.38335	-0.78835	-1.01670	-0.73605
919.850	0.36750	-0.74062	-0.99432	-0.72806
923.893	0.38132	-0.95261	-0.94207	-0.69364
927.862	0.31441	-0.85148	-1.00809	-0.70435
931.886	0.34973	-1.07152	-1.02265	-0.65819
935.888	0.33471	-1.08800	-1.03362	-0.58816
939.888	0.38152	-1.05915	-1.06567	-0.61978
943.890	0.33767	-0.89836	-1.13186	-0.80982
947.889	0.29965	-0.67991	-1.10189	-0.87923
951.888	0.17745	-0.50795	-1.18478	-0.72858
955.895	0.28478	-0.95172	-1.32604	-0.89510
959.890	0.15345	-0.64754	-1.28884	-0.76735
963.916	0.38033	-0.57123	-1.36873	-0.77989
967.890	0.62818	-0.64060	-1.29581	-0.84603
971.890	0.60729	-0.56042	-1.21395	-0.82083
975.889	0.26860	-0.69377	-1.26907	-0.80134
979.883	0.37938	-0.49808	-1.29402	-0.95676
983.891	0.54902	-0.42320	-1.41134	-0.99051
987.893	0.55813	-0.42859	-1.20360	-0.77972
991.891	0.52490	-0.55708	-1.03240	-0.85185
995.914	0.33709	-0.62353	-1.14940	-0.84698
999.890	0.38142	-0.66430	-1.19862	-0.74115
1003.855	0.63997	-0.70613	-1.08718	-0.73762
1007.893	0.55478	-0.64458	-1.04622	-0.64910
1011.891	0.53694	-0.65549	-1.01432	-0.55296
1015.891	0.32799	-0.75476	-0.96700	-0.59014
1019.891	0.47356	-0.75887	-1.16860	-0.58058
1023.890	0.31513	-0.76798	-1.09418	-0.56813
1027.892	0.24574	-0.83787	-1.14129	-0.46555
1031.892	0.46418	-0.85745	-1.13891	-0.57286
1035.891	0.53796	-0.79640	-1.29767	-0.52151
1039.893	0.32014	-0.73700	-1.22705	-0.48265
1043.913	0.28116	-0.63379	-1.25674	-0.46227
1047.894	0.31838	-0.45629	-1.06686	-0.43391
1051.872	0.31498	-0.39059	-1.19872	-0.31328
1055.894	0.28131	-0.23775	-0.97338	-0.38098
1059.914	0.41715	-0.19981	-1.22166	-0.44002
1063.893	0.42882	-0.16624	-1.17049	-0.45121
1067.893	0.22482	-0.28333	-1.18021	-0.36850
1071.891	0.13158	-0.26166	-1.29556	-0.33950
1075.916	0.15409	-0.17543	-1.27249	-0.28385
1079.891	0.00201	-0.18972	-1.17629	-0.17763
1083.894	0.05579	-0.20555	-1.16677	-0.14208
1087.893	0.07051	-0.25821	-1.23729	-0.05160
1091.852	0.20589	-0.36587	-1.31228	-0.00226
1095.885	-0.04063	-0.36048	-1.36350	-0.06327
1099.890	-0.10535	-0.35452	-1.37104	-0.04491
1103.896	-0.10830	-0.38275	-1.42484	0.03771
1107.895	-0.10905	-0.40024	-1.39917	0.10051
1111.891	-0.08413	-0.37025	-1.40075	0.13151
1115.891	-0.00548	-0.28661	-1.55452	0.13900
1119.888	0.07368	-0.26991	-1.58909	0.15413
1123.885	0.14350	-0.26390	-1.66601	0.11575
1127.892	0.02517	-0.25068	-1.62435	0.09831
1131.894	0.04993	-0.18204	-1.62445	0.04461
1135.857	-0.06006	-0.12136	-1.58743	-0.01749
1139.863	0.02142	-0.15334	-1.53265	-0.10361
1143.892	0.07214	-0.16149	-1.45678	-0.11092
1147.891	0.05542	-0.14432	-1.35675	-0.13924
1151.894	0.06681	-0.15623	-1.33587	-0.13743
1155.885	0.05361	-0.12753	-1.51417	-0.15528
1159.892	0.07284	-0.13863	-1.45953	-0.15782
1163.895	0.06130	-0.12015	-1.27656	-0.17750
1167.894	0.03782	-0.08881	-1.13494	-0.10345
1171.859	0.14531	-0.09199	-1.11244	-0.10219
1175.893	0.26880	-0.04453	-0.91949	-0.00740
1179.890	0.16514	-0.27779	-0.87485	0.05871
1183.893	0.14665	-0.25135	-1.18279	0.01729
1187.897	0.13516	-0.24382	-1.21688	-0.02479
1191.896	0.08875	-0.55168	-1.03786	-0.16154
1195.896	0.16087	-0.46390	-0.95527	-0.19770
1199.893	0.10381	-0.66173	-0.85575	-0.23206
1203.860	0.09503	-0.72983	-0.93904	-0.57387
1207.905	0.20569	-0.72038	-1.04816	-0.64251
1211.896	0.33501	-0.59814	-1.04875	-0.53718
1215.888	0.06805	-0.55618	-1.12189	-0.68806
1219.887	-0.00690	-0.41676	-1.22300	-0.76506
1223.895	0.06413	-0.25425	-1.15776	-0.71542
1227.895	-0.00204	-0.48323	-1.08562	-0.71594
1231.888	-0.04656	-0.10054	-1.01298	-0.78129
1235.896	0.09326	-0.15163	-1.02704	-0.79425
1239.895	0.14300	-0.07574	-1.17652	-0.86182
1243.894	0.34702	-0.07089	-1.12616	-0.96337
1247.893	0.48158	-0.07079	-1.16118	-1.19140
1251.885	0.37544	-0.12571	-1.10589	-0.84137
1255.899	0.33876	-0.24893	-1.10747	-0.88899
1259.874	0.30722	-0.23171	-1.23501	-0.88502
1263.893	0.25565	-0.29615	-1.33621	-0.86855
1267.885	0.12779	-0.44631	-1.36809	-0.78568
1271.894	0.25128	-0.40645	-1.34745	-0.76579
1275.895	0.43914	-0.34392	-1.21993	-0.73553
1279.894	0.17087	-0.48778	-1.12258	-0.72770
1283.896	0.44405	-0.51256	-0.79900	-0.70613
1287.889	0.59749	-0.58405	-1.41653	-0.76830
1291.898	0.02827	-0.65562	-0.94656	-0.72213
1295.900	0.04135	-0.69480	-1.51231	-0.80346
1299.886	0.03291	-0.69686	-1.14950	-0.89856
1303.896	0.00725	-0.52756	-1.17329	-0.88246
1307.894	0.04048	-0.70208	-0.86701	-0.99244
1311.898	0.23668	-0.66485	-1.23905	-1.02681
1315.901	0.60493	-0.73063	-0.78670	-1.00095
1319.896	0.15523	-0.65099	-1.40289	-1.12163
1323.896	0.03028	-0.79781	-1.10167	-1.15536
1327.893	0.06971	-0.69763	-1.20983	-1.15425
1331.899	0.26964	-0.68088	-1.18594	-1.14194
1335.897	0.30898	-0.65747	-0.72059	-1.09888
1339.895	0.19767	-0.64697	-1.13372	-1.07650
1343.861	0.08818	-0.79987	-1.41611	-1.03566
1347.892	0.21676	-0.76513	-1.07651	-1.00628
1351.898	0.52337	-0.77591	-1.07388	-0.97032
1355.901	0.10185	-0.62314	-0.60312	-0.91924
1359.892	0.33407	-0.35297	-1.28814	-0.93148
1363.891	0.30704	-0.62838	-1.16498	-0.87419
1367.897	0.24299	-0.68766	-1.22796	-0.85485
1371.897	0.29044	-0.61190	-0.91100	-0.82031
1375.896	0.41105	-0.72191	-0.93703	-0.74213
1379.897	0.40283	-0.82683	-1.18946	-0.80474
1383.882	0.18189	-0.98119	-1.09470	-0.75841
1387.893	0.00558	-0.90394	-1.00191	-0.76397
1391.898	0.42236	-0.85818	-0.88466	-0.77073
1395.887	0.37829	-0.74042	-1.25986	-0.80216
1399.899	0.38422	-0.90302	-1.27661	-0.81552
1403.861	0.31096	-0.93515	-0.99033	-0.89874
1407.897	0.36893	-0.94511	-0.95921	-0.93218
1411.863	0.43619	-0.98338	-0.77444	-1.00068
1415.896	0.16529	-1.02357	-0.88614	-1.17563
1419.903	0.37936	-1.01454	-0.67154	-1.04842
1423.896	0.32756	-1.05672	-0.56143	-1.09216
1427.800	0.38435	-1.08700	-0.75345	-1.08412
1431.896	0.45815	-0.96738	-0.66253	-1.07530
1435.895	0.39234	-0.97228	-0.76096	-1.11770
1439.896	0.41149	-1.02005	-0.66089	-1.18006
1443.899	0.47939	-0.95369	-0.62449	-1.14326
1447.898	0.51354	-0.98079	-0.57555	-0.93035
1451.897	0.31287	-1.06596	-0.58496	-0.72962
1455.902	0.39978	-1.08848	-0.69186	-0.56749
1459.898	0.56049	-0.96056	-0.47453	-0.49598
1463.900	0.55612	-1.05520	-0.40127	-0.26528
1467.882	0.54726	-1.01653	-0.52433	-0.23501
1471.861	0.42946	-0.95310	-0.61223	-0.20976
1475.864	0.57920	-0.86325	-0.68995	-0.24345
1479.898	0.49135	-0.77127	-0.56436	-0.25439
1483.899	0.37008	-0.58554	-0.75295	-0.27873
1487.897	0.55029	-0.65084	-0.22693	-0.13207
1491.900	0.55759	-0.55842	-0.48048	-0.31868
1495.898	0.73377	-0.54970	-0.40626	-0.38952
1499.898	1.30355	-0.27262	-0.12605	-0.30636
1503.900	4.08004	0.02511	1.77667	0.17384
1507.891	5.88503	2.93095	3.63601	1.75877
1511.891	7.25018	2.65584	4.62673	3.08326
1515.900	8.96080	3.12035	7.26476	3.27950
1519.901	8.83490	3.38507	7.35275	3.51987
1523.811	9.00574	3.69458	7.82927	3.42045
1527.897	9.16881	3.72237	7.95940	3.62193
1531.901	9.71556	3.45985	7.80250	3.89212
1535.901	9.37759	3.57067	7.84469	4.01790
1539.774	9.41434	3.63707	8.03472	3.92912
1543.899	9.38112	3.65034	8.02543	4.06447
1547.897	9.59657	3.90881	7.96651	3.98500
1551.866	9.97356	3.84585	8.33234	4.04873
1555.907	9.53132	3.91631	8.05071	4.14808
1559.898	9.68090	4.01030	8.37091	4.19427
1563.899	9.74355	4.24079	8.41412	3.91707
1567.900	9.81559	4.13571	8.48614	4.17786
1571.797	9.71792	4.17110	8.53406	4.17729
1575.900	9.61901	4.18734	8.61783	4.09027
1579.900	9.47254	4.25500	8.63139	4.09765
1583.899	9.40656	4.30067	8.68708	4.04350
1587.802	9.18690	4.30721	8.70143	4.11656
1591.899	9.62784	4.33265	8.72619	4.08328
1595.898	9.54974	4.32960	8.75456	4.12233
1599.899	9.60724	4.25495	8.78622	4.14336
1603.772	9.54117	4.28697	8.78854	4.00846
1607.900	9.53455	4.27770	8.83915	4.24251
1611.902	9.59218	4.24121	8.95106	4.38935
1615.899	9.51621	4.17741	8.78973	4.64791
1619.798	9.65891	4.02004	8.76459	4.47327
1623.901	9.69694	3.96328	8.79943	4.23840
1627.899	9.69766	4.10939	8.85468	4.38488
1631.896	9.70574	4.02994	8.84133	4.07508
1635.796	9.69250	3.98666	8.91367	4.49226
1639.899	9.69870	4.02347	8.96903	4.79192
1643.901	9.69395	4.04551	9.10429	4.96405
1647.900	9.72850	4.00162	9.28345	4.69446
1651.800	9.84274	3.80392	9.32985	4.74070
1655.903	9.72151	3.91846	9.25306	4.46089
1659.905	9.84262	4.03143	8.98111	4.47870
1663.902	9.74427	4.15589	8.78411	4.41821
1667.799	9.77780	4.25633	8.86018	4.34029
1671.901	9.81361	4.18895	8.92549	4.45942
1675.903	9.78286	4.11132	8.98501	4.33479
1679.902	9.78267	4.14625	9.01060	4.32616
1683.801	9.77876	4.12927	8.81566	4.15922
1687.902	9.74099	4.06510	8.87893	4.14967
1691.900	9.73598	4.13314	8.76862	4.11455
1695.901	9.62859	4.21772	8.68744	4.09687
1699.798	9.57742	3.92561	8.60883	4.09394
1703.865	9.57795	3.99111	8.55578	4.23752
1707.905	9.51978	3.87632	8.79826	4.14928
1711.903	9.49188	3.96799	8.80774	4.37990
1715.803	9.88892	3.93322	8.81668	4.58231
1719.863	10.15995	4.05423	8.77398	4.75397
1723.865	9.85124	4.07330	8.74985	4.29509
1727.903	9.69453	4.10343	8.84227	4.56482
1731.771	9.78156	3.93613	8.86800	4.48781
1735.903	9.73258	3.91267	8.82470	4.34442
1739.902	9.84715	3.94135	8.78985	4.46135
1743.901	9.76008	3.98223	8.91144	4.53200
1747.799	9.76881	3.93913	8.86696	4.39416
1751.900	9.68093	3.99009	8.89361	4.45080
1755.901	9.93600	3.93035	8.85727	4.35422
1759.904	9.65466	3.94057	8.83895	4.14284
1763.905	9.60620	4.03693	8.74758	4.34083
1767.901	9.74829	3.71226	8.99097	4.21244
1771.904	10.16319	3.54812	8.97760	4.03456
1775.900	10.46969	1.94561	9.34976	1.84479
1779.904	10.39210	1.05417	9.07978	1.64326
1783.901	9.74434	0.25291	8.95644	1.34194
1787.905	10.03943	-0.75648	8.96995	0.92893
1791.780	10.14143	-1.05283	9.00087	-0.08482
1795.801	10.31732	-1.71782	9.05037	-0.77968
1799.779	10.31941	-3.06785	8.83389	-1.10884
1803.741	12.37903	-3.14746	9.05282	-2.24256
1807.779	11.12120	-3.41603	9.19759	-2.29717
1811.772	10.39112	-4.14030	9.19358	-2.51119
1815.777	10.77038	-3.80196	9.01368	-2.86738
1819.779	10.34561	-4.61893	8.93779	-2.98575
1823.778	10.18969	-4.52863	8.79569	-3.53490
1827.773	9.69547	-4.73882	8.52870	-4.46629
1831.779	9.58082	-4.95876	8.18147	-4.64462
1835.778	8.51246	-5.06347	8.49331	-4.83932
1839.783	8.50464	-5.23219	8.49884	-4.68134
1843.778	8.45373	-5.49127	8.43588	-4.19048
1847.761	8.46327	-5.60935	8.19888	-4.31272
1851.739	8.38160	-5.72345	8.26631	-4.51068
1855.742	8.50857	-5.40800	8.36652	-4.41897
1859.776	8.63100	-5.31490	8.20921	-4.60989
1863.779	8.21660	-5.58838	8.21857	-4.51125
1867.779	8.41160	-5.81894	8.27236	-4.59816
1871.778	8.50020	-5.91425	8.50311	-4.63957
1875.802	8.55586	-5.78493	8.56355	-4.82702
1879.781	8.57913	-6.46992	8.55209	-4.67530
1883.780	8.47604	-6.29282	8.48471	-4.69960
1887.765	8.61652	-6.16981	8.65848	-4.92091
1891.778	8.63199	-6.34097	8.87384	-4.90488
1895.777	8.70388	-6.55880	8.78658	-4.94918
1899.780	8.67534	-6.55975	8.80226	-4.88765
1903.777	8.71026	-6.66121	8.86718	-4.98091
1907.779	8.74796	-6.67111	8.91323	-4.99093
1911.779	8.73140	-6.52377	8.85325	-5.04442
1915.783	8.54535	-6.64860	8.84663	-5.08361
1919.779	8.53952	-6.59138	8.67386	-5.09357
1923.771	8.36858	-6.47528	8.47561	-5.18094
1927.782	8.52845	-6.49290	8.49275	-5.14916
1931.779	8.40820	-6.59825	8.38129	-5.13103
1935.781	8.55695	-6.73515	8.23508	-5.16865
1939.812	8.62168	-6.48152	8.25547	-5.21524
1943.781	8.50238	-6.59384	8.14293	-5.24998
1947.783	8.44261	-6.67105	8.13483	-5.27750
1951.779	8.46485	-6.52323	8.09623	-5.27020
1955.803	8.46913	-6.72607	8.10204	-5.33195
1959.784	8.52899	-6.97984	8.14864	-5.28912
1963.781	8.60999	-6.83541	8.12033	-5.17859
1967.781	8.67059	-6.83893	8.23598	-5.13539
1971.799	8.58131	-6.96151	8.18757	-4.90533
1975.742	8.60951	-6.78281	8.12464	-4.84058
1979.744	8.53855	-6.95936	8.23126	-4.91302
1983.780	8.55236	-6.96976	8.27144	-5.05483
1987.772	8.59398	-6.91218	8.34210	-5.18083
1991.782	8.70997	-7.04760	8.51574	-5.01356
1995.782	8.64582	-6.92901	8.47201	-5.08887
1999.781	8.59963	-6.64405	8.58245	-5.11310
2003.772	8.57374	-6.71089	8.45208	-5.03260
2007.780	8.58197	-6.66460	8.50865	-5.10841
2011.778	8.55508	-6.77820	8.66901	-5.16097
2015.774	8.56328	-7.04288	8.59919	-5.17432
2019.805	8.58575	-7.18149	8.55673	-5.19042
2023.781	8.73987	-7.18469	8.52790	-5.25315
2027.782	8.73036	-7.34668	8.43914	-5.14507
2031.782	8.73526	-6.94419	8.86590	-5.13696
2035.831	10.25788	-6.98971	8.93401	-5.12939
2039.785	11.46981	-7.29716	12.43540	-5.21034
2043.784	13.30202	-8.24113	12.74872	-6.01249
2047.782	13.72086	-8.75828	13.53280	-6.09120
2051.780	14.15036	-9.55535	13.43836	-7.58928
2055.755	14.65697	-10.05117	14.11043	-7.60303
2059.779	14.46826	-11.98750	13.68190	-7.79356
2063.783	14.62433	-11.48340	14.02386	-8.07164
2067.783	14.79433	-11.21085	14.81880	-8.42173
2071.780	14.95874	-11.08364	15.32237	-8.89375
2075.779	14.99885	-11.33147	15.58440	-8.86965
2079.783	14.90345	-11.13690	15.52744	-8.64664
2083.773	14.88398	-10.86915	15.37953	-8.62790
2087.782	15.04825	-10.74266	15.41349	-8.72935
2091.783	15.00744	-11.18932	15.48914	-8.85064
2095.767	15.17538	-11.30439	15.33897	-8.95900
2099.805	15.23020	-11.49071	15.35441	-8.96090
2103.784	15.22833	-11.39453	15.44628	-8.94415
2107.785	15.42216	-11.49756	15.47102	-8.95250
2111.782	15.30041	-11.61806	15.48063	-8.95258
2115.811	15.35189	-11.56076	15.45945	-8.90323
2119.780	15.26034	-11.46224	15.39578	-8.94952
2123.781	15.37277	-11.60204	15.38565	-9.02491
2127.782	15.33959	-11.65294	15.37753	-9.08446
2131.811	15.21206	-11.60646	15.44354	-9.05281
2135.787	15.14123	-11.38547	15.31431	-8.95633
2139.750	15.10017	-11.45653	15.38685	-8.86630
2143.785	15.24288	-11.52019	15.42984	-8.87848
2147.806	15.14266	-11.70179	15.39506	-8.92524
2151.747	15.06517	-11.45284	15.39345	-9.04699
2155.781	15.41245	-11.30129	15.33006	-9.04534
2159.766	15.31891	-11.61109	15.31953	-9.02412
2163.809	15.16433	-11.46186	15.32417	-9.06492
2167.783	14.97979	-11.40017	15.34697	-8.91924
2171.782	14.80720	-11.65816	15.26055	-8.81582
2175.783	15.37086	-11.45701	15.18726	-8.95136
2179.790	15.13367	-11.80300	15.25499	-8.82115
2183.784	15.24445	-11.81995	15.26540	-8.82681
2187.781	15.14176	-11.80314	15.32879	-8.99018
2191.782	15.62574	-11.60590	15.33343	-8.93062
2195.807	15.54842	-11.66651	15.26901	-8.83253
2199.784	15.45666	-11.68281	15.24168	-8.88888
2203.748	15.37411	-11.58072	15.16132	-8.99334
2207.783	15.41467	-11.65412	15.34268	-9.00023
2211.806	15.54773	-11.33216	15.28339	-9.24501
2215.788	15.44767	-11.45022	15.31076	-8.98061
2219.780	15.39118	-11.58936	15.23789	-8.87865
2223.778	15.47199	-11.49664	15.34584	-8.97314
2227.786	15.54024	-11.43426	15.24773	-8.93575
2231.784	15.58237	-11.41740	15.17434	-9.00859
2235.784	15.57429	-11.52194	15.17233	-9.05633
2239.786	15.55185	-12.07943	15.15376	-9.18697
2243.808	15.36636	-11.92653	15.38103	-9.19670
2247.785	15.39843	-11.75270	15.35505	-9.13972
2251.788	15.50824	-12.03160	15.21490	-9.19532
2255.785	15.56733	-11.82485	15.13600	-9.25798
2259.810	15.52320	-11.70994	15.36098	-9.30436
2263.758	15.37603	-11.99643	15.28448	-9.09861
2267.783	15.39132	-11.77814	15.36269	-9.14859
2271.783	15.20083	-11.87077	15.22872	-8.98371
2275.789	15.16107	-12.59502	15.22412	-8.96809
2279.784	14.69810	-12.50808	13.48460	-9.06913
2283.748	11.90595	-12.18336	10.36324	-9.32470
2287.786	10.28577	-12.42226	8.65916	-9.05412
2291.785	7.76267	-12.48062	6.19012	-9.19092
2295.748	6.97135	-12.27283	3.80325	-9.43193
2299.786	4.81626	-12.18591	2.89121	-9.51133
2303.771	2.63504	-12.31492	1.85018	-9.07385
2307.787	1.51990	-12.36896	-0.44247	-9.47349
2311.784	-1.33438	-11.88991	-2.18597	-9.47715
2315.785	-2.35315	-11.88642	-4.64164	-9.58200
2319.786	-3.96760	-11.67322	-5.74662	-9.54730
2323.787	-5.23096	-11.75377	-6.49626	-9.60849
2327.789	-6.45196	-10.85180	-8.21945	-9.54340
2331.786	-7.42446	-10.96142	-9.03679	-9.64943
2335.786	-9.04168	-11.01246	-10.16156	-9.68836
2339.791	-9.59390	-10.78570	-10.30408	-9.71293
2343.787	-10.51739	-10.03855	-11.13494	-9.67764
2347.752	-10.76523	-10.51716	-10.86857	-9.65927
2351.786	-10.91961	-10.35501	-10.97966	-9.66738
2355.788	-11.19793	-10.28299	-10.85830	-9.78676
2359.786	-11.14096	-10.40844	-10.76343	-9.84493
2363.799	-11.08431	-10.54899	-11.01732	-9.87035
2367.784	-10.93399	-10.42463	-11.02395	-9.75755
2371.781	-11.06155	-10.70483	-11.07386	-9.82192
2375.783	-10.81789	-10.62329	-11.24934	-9.79802
2379.783	-11.07659	-10.67518	-11.38650	-9.67427
2383.783	-11.05818	-10.49484	-11.28448	-9.50710
2387.772	-11.04910	-10.65181	-11.18972	-9.34594
2391.788	-11.08079	-10.66298	-11.17288	-9.51597
2395.786	-11.02337	-10.74374	-11.61206	-9.41421
2399.785	-10.91509	-10.93000	-11.41693	-9.35076
2403.789	-10.92610	-10.96274	-11.25137	-9.44375
2407.750	-10.92985	-10.94153	-11.18941	-9.44534
2411.788	-11.15597	-10.88759	-11.31402	-9.43469
2415.786	-10.82924	-10.88654	-11.35282	-9.31916
2419.790	-10.93122	-11.06709	-11.21852	-9.47654
2423.787	-11.02189	-11.03448	-11.21797	-9.54384
2427.777	-10.96411	-11.16194	-11.06358	-9.75142
2431.780	-11.15061	-11.04555	-11.32295	-9.67421
2435.789	-10.90959	-10.93431	-11.14995	-9.43604
2439.788	-10.97090	-11.15044	-11.09654	-9.28552
2443.787	-11.20596	-10.92261	-11.01395	-9.49894
2447.787	-11.25311	-10.88675	-11.18637	-9.33569
2451.790	-11.07835	-10.87716	-11.38602	-9.32600
2455.788	-10.95880	-10.98213	-11.27278	-9.45281
2459.787	-11.04551	-10.73676	-11.07317	-9.60563
2463.789	-11.13590	-10.85263	-11.02545	-9.45124
2467.796	-11.00914	-10.89573	-10.97057	-9.51764
2471.751	-11.23115	-10.82552	-11.27211	-9.38685
2475.770	-11.01481	-10.89387	-10.98379	-9.31965
2479.786	-11.05873	-11.06999	-11.07984	-9.28308
2483.791	-10.98767	-10.86514	-11.15874	-9.38266
2487.787	-11.02141	-11.00736	-11.08911	-9.52042
2491.751	-10.85037	-11.26041	-11.07570	-9.49378
2495.787	-11.04537	-11.18826	-11.00293	-9.68553
2499.789	-11.15250	-11.02322	-10.91839	-9.94947
2503.791	-11.11155	-10.99896	-11.00960	-9.77801
2507.789	-10.94619	-10.55579	-10.91052	-9.55555
2511.776	-11.02155	-10.64927	-10.92303	-9.47910
2515.792	-11.12192	-10.59917	-10.86845	-9.49944
2519.789	-11.09704	-11.43348	-10.90336	-9.53644
2523.788	-11.12911	-11.43013	-11.00135	-9.51389
2527.790	-11.14123	-11.37909	-10.97853	-9.55380
2531.791	-11.08051	-11.07440	-11.08125	-9.50027
2535.789	-11.16046	-11.22891	-11.04073	-9.53344
2539.789	-11.25237	-11.01396	-11.14663	-9.51101
2543.790	-11.17909	-11.27679	-11.33366	-9.36340
2547.690	-11.20772	-11.58608	-11.63478	-9.29922
2551.793	-11.16222	-11.42673	-11.34475	-9.36687
2555.789	-11.11430	-11.37976	-11.43569	-9.34251
2559.753	-11.24172	-11.34258	-11.41323	-9.34122
2563.800	-11.25108	-11.23861	-11.32586	-9.32212
2567.792	-11.31803	-11.20206	-11.20080	-9.28895
2571.800	-11.29274	-11.00013	-11.11172	-9.27576
2575.787	-11.37996	-10.73613	-10.97951	-9.21364
2579.756	-11.37576	-10.33623	-11.07938	-9.24195
2583.788	-11.42170	-10.72866	-10.88331	-9.25186
2587.791	-11.38068	-10.90034	-10.91904	-9.36527
2591.795	-11.34218	-10.62706	-11.10037	-9.38273
2595.662	-11.35654	-10.79345	-11.06643	-9.37105
2599.780	-11.37388	-10.29345	-11.01923	-9.38409
2603.752	-11.46745	-10.53075	-10.96413	-9.46252
2607.793	-11.52264	-10.57688	-11.00898	-9.54695
2611.792	-11.55878	-10.67517	-10.93830	-9.60034
2615.793	-11.50131	-10.89327	-11.05696	-9.75744
2619.791	-11.45612	-11.00378	-11.08555	-9.85290
2623.787	-11.48110	-11.02676	-11.17992	-9.79512
2627.793	-11.41991	-10.78870	-11.17976	-9.87647
2631.793	-11.44335	-10.79918	-11.11779	-9.76679
2635.786	-11.43829	-10.79989	-11.10467	-9.68346
2639.784	-11.56452	-10.84298	-10.99422	-9.64465
2643.790	-11.53246	-10.88758	-10.88513	-9.35209
2647.788	-11.45140	-10.92025	-10.88965	-9.50274
2651.789	-11.39806	-10.92674	-10.92579	-9.15384
2655.788	-11.46802	-10.87841	-11.05560	-9.23603
2659.794	-11.45183	-10.74462	-11.14264	-9.22247
2663.798	-11.35575	-10.48181	-11.00580	-9.07812
2667.793	-11.03643	-8.28974	-10.69932	-7.94415
2671.791	-9.73130	-8.36421	-10.61493	-6.42464
2675.688	-8.78517	-5.73295	-10.38788	-4.82822
2679.765	-8.57707	-4.14749	-10.29733	-3.48098
2683.790	-8.15744	-2.37296	-9.43122	-2.67654
2687.790	-6.89490	-1.56427	-8.55984	-0.84555
2691.795	-7.34372	0.21671	-8.67869	-0.02459
2695.794	-6.84069	0.92414	-8.44735	1.82032
2699.792	-7.05105	2.48535	-8.33547	1.78586
2703.790	-6.61440	2.62464	-8.09355	1.93148
2707.797	-6.65737	2.66689	-7.94073	1.96254
2711.793	-6.47688	2.57884	-7.97386	1.82667
2715.795	-7.68259	4.64717	-7.83641	1.85263
2719.775	-6.44067	2.70518	-7.70867	1.97964
2723.796	-6.29411	2.72384	-7.71654	2.05182
2727.792	-6.09879	2.86400	-7.82258	2.12134
2731.792	-6.23494	3.04488	-7.76318	2.11360
2735.792	-6.52811	2.97736	-7.67209	2.11551
2739.692	-6.75766	3.13068	-7.67006	2.02491
2743.793	-6.96113	3.01187	-7.60948	1.93853
2747.794	-6.40910	2.93257	-7.67981	1.95624
2751.793	-6.61717	2.86026	-7.74011	1.90407
2755.692	-6.37430	2.86498	-7.72914	1.94913
2759.794	-6.28874	2.90187	-7.77339	1.87578
2763.761	-6.41864	2.89392	-7.70989	1.83912
2767.794	-6.40771	3.00356	-7.80438	1.74150
2771.799	-6.38349	2.99927	-7.73377	1.73250
2775.793	-7.01340	3.10261	-7.73553	1.77347
2779.796	-6.88568	3.15208	-7.78236	1.78872
2783.792	-6.64638	3.08734	-7.73682	1.79093
2787.693	-6.37528	3.14379	-7.73129	1.80269
2791.792	-6.49837	2.98076	-7.72551	1.88389
2795.791	-6.73233	2.92491	-7.69829	1.91919
2799.796	-6.58582	3.10901	-7.75451	1.89598
2803.759	-6.62270	3.17537	-7.70041	1.93858
2807.792	-6.60174	3.28583	-7.67716	1.98688
2811.791	-6.91818	3.05062	-7.70090	2.07530
2815.793	-6.85412	2.93657	-7.67911	2.20961
2819.795	-6.86124	2.91884	-7.66212	2.22197
2823.793	-6.79650	2.86309	-7.54501	2.35386
2827.668	-6.83934	2.81430	-7.45006	2.29839
2831.668	-6.90891	2.75940	-7.40723	2.34626
2835.690	-6.89328	2.76747	-7.58478	2.32704
2839.669	-6.82224	2.87625	-7.54332	2.33926
2843.665	-6.82843	2.74870	-7.51181	2.38446
2847.669	-6.75370	2.74981	-7.48827	2.43326
2851.662	-6.71559	2.78885	-7.54147	2.41971
2855.670	-6.72073	2.76231	-7.46658	2.44991
2859.672	-6.70235	2.75096	-7.46246	2.44715
2863.677	-6.66739	2.66925	-7.45728	2.48702
2867.664	-6.65311	2.66963	-7.47419	2.48759
2871.671	-6.62995	2.64263	-7.44411	2.49010
2875.669	-6.60651	2.54270	-7.47382	2.40395
2879.666	-6.60757	2.54040	-7.48290	2.34072
2883.691	-6.62530	2.41072	-7.48027	2.28017
2887.673	-6.58548	2.41946	-7.43569	2.38788
2891.682	-6.55285	2.36045	-7.39742	2.44459
2895.664	-6.56919	2.36195	-7.42449	2.48052
2899.690	-6.58550	2.38600	-7.41880	2.60605
2903.631	-6.60485	2.42750	-7.42197	2.69597
2907.668	-6.62233	2.42783	-7.44359	2.51103
2911.632	-6.62904	2.67062	-7.37680	2.54565
2915.691	-6.61817	2.83476	-7.34731	2.61958
2919.630	-6.61171	2.91625	-7.36686	2.63943
2923.675	-6.59495	2.59062	-7.40045	2.42935
2927.672	-6.55738	2.47361	-7.35812	2.53965
2931.694	-6.65688	2.70729	-7.34372	2.51585
2935.635	-6.63401	2.67291	-7.38102	2.62737
2939.671	-6.58807	2.68424	-7.41809	2.56484
2943.672	-6.53661	2.66328	-7.52559	2.60974
2947.694	-6.49906	2.79044	-7.67472	2.63250
2951.669	-6.47419	2.82982	-7.69232	2.78200
2955.672	-6.39393	2.74029	-7.70056	2.63293
2959.672	-6.46093	2.81354	-7.60068	2.63812
2963.693	-6.40364	2.68557	-7.62197	2.54225
2967.669	-6.31421	2.76977	-7.59771	2.69206
2971.673	-6.23964	2.85496	-7.44386	2.68672
2975.648	-3.61325	4.54083	-4.81268	2.90321
2979.641	-0.08388	5.27749	-2.04981	3.46156
2983.673	2.26842	4.93505	-0.15352	3.24291
2987.674	3.70905	3.70250	1.55995	3.10119
2991.670	5.03903	3.64800	2.88757	3.80395
2995.694	6.81336	3.33871	4.76441	3.74863
2999.673	7.76530	3.69032	5.95027	4.06048
3003.634	8.17911	4.47287	6.37582	3.74376
3007.673	8.48459	4.37685	6.64787	4.18953
3011.670	8.52583	4.74040	6.71926	4.46289
3015.659	8.10532	4.68499	6.44728	4.48817
3019.660	8.18465	4.58627	6.29406	4.55372
3023.673	8.28398	4.66892	6.65889	4.66879
3027.666	8.59255	4.51360	6.92029	4.71196
3031.672	8.80369	4.63656	7.19053	4.72940
3035.635	8.77068	4.61362	7.14550	4.79635
3039.635	8.70861	4.63318	7.17497	4.81058
3043.696	8.84932	4.65028	7.22673	4.84758
3047.672	8.80834	4.62645	7.28932	4.86735
3051.673	8.75046	4.55057	7.15286	4.90812
3055.672	8.76855	4.36344	7.04337	4.89750
3059.693	8.92587	4.32426	7.11758	4.86242
3063.671	8.84760	4.30204	7.17216	4.82934
3067.676	8.90483	4.32429	7.23616	4.79221
3071.675	8.75480	4.31537	7.17409	4.75504
3075.698	8.74588	4.35181	7.17790	4.78110
3079.673	8.69937	4.31547	7.16928	4.92855
3083.671	8.59589	4.36356	7.15906	4.94180
3087.675	8.61196	4.42097	7.17898	5.00481
3091.674	8.58000	4.42017	7.22348	5.25169
3095.680	8.61538	4.45463	7.28732	5.36121
3099.659	8.63903	4.48873	7.30024	5.59049
3103.639	8.61717	4.48828	7.30654	5.46287
3107.696	8.52557	4.54868	7.30534	5.60060
3111.672	8.46325	4.56185	7.26219	5.61960
3115.671	8.47046	4.60504	7.25069	5.70576
3119.671	8.46082	4.61509	7.19114	5.76499
3123.698	8.42549	4.60907	7.21596	5.77322
3127.672	8.37990	4.69020	7.05987	6.26949
3131.672	8.56930	5.68209	10.12378	8.98588
3135.674	13.09073	9.17003	10.20522	11.51948
3139.633	16.87328	11.58017	12.27285	13.02778
3143.638	11.27591	10.80119	9.02818	11.11759
3147.671	NaN	NaN	NaN	NaN
3151.672	NaN	NaN	NaN	NaN
3155.677	NaN	NaN	NaN	NaN
3159.669	NaN	NaN	NaN	NaN
3163.672	NaN	NaN	NaN	NaN
3167.675	NaN	NaN	NaN	NaN
3171.635	NaN	NaN	NaN	NaN
3175.673	NaN	NaN	NaN	NaN
3179.675	NaN	NaN	NaN	NaN
3183.651	NaN	NaN	NaN	NaN
3187.637	NaN	NaN	NaN	NaN
3191.673	NaN	NaN	NaN	NaN
3195.672	NaN	NaN	NaN	NaN
3199.671	NaN	NaN	NaN	NaN
3203.637	NaN	NaN	NaN	NaN
3207.672	NaN	NaN	NaN	NaN
3211.674	NaN	NaN	NaN	NaN
3215.675	NaN	NaN	NaN	NaN
3219.674	NaN	NaN	NaN	NaN
3223.634	NaN	NaN	NaN	NaN
3227.666	NaN	NaN	NaN	NaN
3231.675	NaN	NaN	NaN	NaN
3235.676	NaN	NaN	NaN	NaN
3239.644	NaN	NaN	NaN	NaN
3243.675	NaN	NaN	NaN	NaN
3247.675	NaN	NaN	NaN	NaN
3251.675	NaN	NaN	NaN	NaN
3255.674	NaN	NaN	13.92875	10.38020
3259.699	15.63792	9.91693	8.34147	6.17378
3263.674	15.92379	10.20980	14.33043	6.09859
3267.650	16.09703	9.49965	17.33655	9.83083
3271.675	15.82977	7.97408	14.87566	6.80546
3275.697	17.14860	8.18322	16.94275	7.73189
3279.673	16.25624	8.62982	17.13409	7.81187
3283.639	15.89845	8.28776	18.02142	8.06013
3287.714	16.01293	8.05780	17.29303	7.05756
3291.699	15.96385	8.01829	16.55981	6.48932
3295.674	16.13757	6.17637	14.76479	6.11358
3299.676	15.83877	5.72127	14.95079	6.01342
3303.677	15.68771	4.89332	15.00508	5.58678
3307.641	13.03654	5.53122	14.53853	5.27443
3311.675	13.04598	5.54701	13.73442	4.98890
3315.677	13.20536	5.26383	13.44571	5.06503
3319.675	13.22180	5.30799	13.25390	5.20424
3323.674	13.08743	5.19182	12.80357	5.34088
3327.676	12.95405	5.24609	12.71809	5.10630
3331.679	13.04796	5.04195	13.09805	5.60611
3335.675	13.14275	5.13341	13.43899	5.57917
3339.671	13.22871	4.99126	13.34376	5.54048
3343.677	13.44184	4.96443	12.79923	4.91646
3347.647	13.34578	4.95776	12.93012	4.84993
3351.671	13.33175	4.96729	12.83357	5.32115
3355.679	13.15630	4.90857	12.50004	5.50446
3359.680	13.04523	4.87478	12.64595	5.49624
3363.676	13.05255	4.87004	12.69821	5.44674
3367.678	13.37298	4.91888	12.94063	5.34986
3371.676	13.34326	4.97907	13.00575	5.33493
3375.673	13.25115	4.93854	12.81386	5.27409
3379.678	13.02431	4.95579	12.74886	5.39157
3383.677	13.17016	5.03749	12.90173	5.37847
3387.687	13.16056	5.05987	12.86265	5.12978
3391.678	12.94466	5.09140	12.65217	5.07536
3395.677	12.95791	5.14816	12.77726	5.12132
3399.677	12.90602	5.05411	12.80676	5.14849
3403.644	13.05533	5.02924	12.94499	5.20629
3407.678	13.10339	5.04356	12.74530	4.86960
3411.677	13.28049	4.96761	12.76820	4.78441
3415.677	13.30456	4.93181	12.94118	4.94809
3419.643	13.39097	4.96799	12.91550	4.96853
3423.680	13.16056	4.98952	12.74501	5.03331
3427.681	13.06621	4.98933	12.86801	4.92325
3431.667	13.06805	5.09875	12.89659	5.01955
3435.680	13.10335	5.01325	12.69897	4.77314
3439.678	13.05800	5.20605	12.74709	4.57745
3443.641	12.75061	5.01090	12.58730	4.61758
3447.678	12.93630	5.06458	12.50503	4.84250
3451.681	13.22079	5.10190	12.51437	4.82638
3455.679	13.30482	5.13798	12.62523	4.95466
3459.677	13.09021	5.11733	12.59791	4.82037
3463.677	13.12858	5.10331	12.53275	4.69726
3467.686	13.16798	5.12626	12.45234	4.83544
3471.677	13.36716	4.98835	12.41992	4.73162
3475.645	13.18790	4.98318	12.43497	4.54266
3479.678	13.21799	5.03128	12.22992	4.75237
3483.677	13.20505	5.03870	12.06216	4.74790
3487.681	13.15030	5.12308	12.14532	4.80013
3491.678	13.27217	5.09445	12.32828	4.80671
3495.682	13.30153	4.99320	12.34370	4.89389
3499.673	13.19611	4.89817	12.36883	4.88621
3503.680	13.23669	4.97695	12.50200	4.91973
3507.678	13.18668	5.04481	12.66734	4.95005
3511.643	13.12328	4.90123	12.89426	4.98020
3515.579	13.12966	4.80010	12.60193	5.04322
3519.674	13.21561	4.90014	12.87534	5.05360
3523.678	13.17285	4.84723	12.75311	5.03570
3527.682	13.11432	4.80095	12.77289	5.04485
3531.681	13.08305	4.69045	12.66351	5.06474
3535.673	10.60922	4.83776	9.52058	5.19760
3539.679	9.81638	4.93624	7.27729	5.31930
3543.679	9.11915	4.89286	6.04117	5.29824
3547.580	6.76442	4.96004	5.12412	5.20032
3551.682	6.89487	4.94195	5.17951	5.05713
3555.677	7.06264	4.86388	5.64184	5.16207
3559.673	8.27484	4.90182	6.02482	5.06366
3563.647	8.86691	4.97799	7.08199	5.17177
3567.685	8.46194	4.87276	6.14697	5.03278
3571.681	8.05285	4.73361	5.80383	5.05832
3575.681	7.70489	4.77585	5.34154	4.88489
3579.647	7.09712	4.64385	5.20733	4.82179
3583.680	7.00641	4.50196	5.13715	4.92152
3587.679	7.08637	4.50314	5.29568	4.88641
3591.682	6.98516	4.53662	5.56079	4.91759
3595.671	6.92454	4.64583	5.65902	4.91367
3599.653	6.76295	4.52321	6.06541	4.88877
3603.644	6.80974	4.48214	6.18360	4.92112
3607.680	6.96661	4.47419	5.87648	4.92657
3611.673	7.07940	4.46010	5.87840	4.85919
3615.682	7.04496	4.48962	5.70531	4.81558
3619.681	7.22536	4.51978	5.66681	4.79043
3623.679	7.03220	4.70413	5.65390	4.68191
3627.578	7.07603	4.63532	5.79877	4.69662
3631.682	7.02052	4.61901	5.86381	4.85466
3635.678	7.03010	4.56709	5.94592	4.93420
3639.670	6.90657	4.61535	5.97538	4.79543
3643.681	7.04660	4.53936	5.98874	4.84228
3647.646	7.04108	4.52789	5.91791	5.02075
3651.681	6.97475	4.60748	5.90750	4.82883
3655.684	6.90476	4.54875	5.91199	4.92000
3659.559	6.89338	4.49421	5.79551	4.99181
3663.682	6.93472	4.67507	5.82019	4.87693
3667.680	6.95325	4.57482	5.95896	4.82558
3671.683	6.93430	4.67992	5.97806	4.97007
3675.582	6.96971	4.58775	6.04392	4.83178
3679.682	7.07840	4.56181	5.93527	4.89356
3683.649	6.96318	4.55419	6.04119	5.00370
3687.681	6.96281	4.67631	6.00803	5.05026
3691.578	7.01463	4.72731	5.92751	4.95148
3695.684	6.95594	4.74784	5.96942	4.89733
3699.683	7.00301	4.74692	5.99163	4.81195
3703.644	6.77027	4.82717	6.00538	5.02525
3707.683	6.98480	4.84936	6.06551	5.04149
3711.684	7.04200	4.78601	6.04895	5.05751
3715.644	6.93914	4.78397	5.69750	4.99556
3719.684	6.89906	4.79829	5.90701	5.11364
3723.548	6.76824	4.90245	5.72541	5.17123
3727.680	6.78674	4.87681	5.55118	5.12305
3731.683	6.89326	4.78720	5.74876	4.99936
3735.682	6.89916	4.63674	5.65988	4.97095
3739.584	7.09196	4.63467	5.60185	5.01089
3743.682	6.85062	4.60530	5.47422	4.99444
3747.683	6.95944	4.66107	5.47215	4.78231
3751.685	6.88710	4.49257	5.45560	4.61197
3755.582	6.88507	4.71334	5.48966	4.67169
3759.682	6.90082	4.45576	5.41293	4.77534
3763.686	6.77595	4.60168	5.39013	4.62572
3767.678	6.77656	4.54013	5.60627	4.56608
3771.582	6.90503	4.53803	5.47847	4.56301
3775.682	7.00617	4.51456	5.40102	4.45527
3779.685	6.78140	4.57858	5.35217	4.52465
3783.683	6.76718	4.65658	5.50075	4.65473
3787.580	6.96299	4.74522	5.73099	4.53350
3791.683	6.77871	4.70282	5.47100	4.51105
3795.681	6.77952	4.71396	5.52219	4.49771
3799.683	6.78999	4.82244	5.53768	4.58576
3803.652	6.97680	4.86201	5.49569	4.52254
3807.683	7.03753	4.80653	5.67580	4.59298
3811.682	6.69973	4.90451	5.41529	4.60088
3815.683	6.46640	4.58610	5.12592	4.35734
3819.686	5.91730	4.47450	3.21080	3.89943
3823.683	3.72998	2.80685	1.32798	3.52306
3827.683	3.83253	2.42908	1.31965	2.35097
3831.683	3.91711	2.21094	1.46804	1.10035
3835.686	3.96889	2.26808	2.88396	1.24478
3839.684	4.49171	2.14603	2.87002	1.24671
3843.688	4.19778	2.03198	2.98844	1.43472
3847.673	4.08206	2.52556	3.02009	1.46117
3851.687	3.93450	2.11635	2.88794	1.49728
3855.683	3.64976	2.27466	2.85034	1.48046
3859.684	3.59345	2.08902	2.74313	1.33370
3863.561	3.61317	1.96758	2.65382	1.32995
3867.585	3.58081	1.88172	2.59725	1.27391
3871.565	3.50813	1.91439	2.69398	1.21906
3875.559	3.57273	1.91344	2.65003	1.23649
3879.558	3.53859	2.02705	2.60864	1.23254
3883.581	3.58576	2.35940	2.65535	1.15818
3887.560	3.59987	2.04710	2.58670	1.16988
3891.560	3.48862	2.03689	2.56253	1.10531
3895.560	3.56544	2.10154	2.54786	1.16714
3899.531	3.64953	2.07413	2.52322	1.14609
3903.524	3.79860	2.06959	2.50987	1.10762
3907.559	3.74861	1.99354	2.53479	1.17708
3911.524	3.86222	1.96083	2.51299	1.27655
3915.551	3.93421	2.00227	2.52681	1.12406
3919.522	3.89209	1.93853	2.54534	1.20439
3923.562	3.75825	1.91664	2.58992	1.30821
3927.559	3.79327	2.02427	2.55138	1.32440
3931.586	3.74377	1.90183	2.47452	1.26642
3935.557	3.75306	1.93619	2.40545	1.38189
3939.553	3.66607	1.97453	2.22912	1.41189
3943.558	3.60227	1.93166	2.29079	1.33074
3947.582	3.61967	1.93462	2.57974	1.36967
3951.558	3.56504	2.04066	2.43912	1.39213
3955.561	3.56077	2.05060	2.14726	1.39100
3959.560	3.48373	2.18232	2.21863	1.40480
3963.582	3.26309	2.27655	2.13549	1.34395
3967.562	3.69150	2.20654	2.23714	1.33654
3971.572	3.55365	2.08497	2.44353	1.29372
3975.562	3.58230	1.44272	2.29305	1.35083
3979.564	3.58766	1.14161	2.29005	1.30215
3983.562	3.74051	1.77752	2.51069	1.29169
3987.524	3.74775	1.80242	2.56612	1.33357
3991.563	3.72462	1.74237	2.43768	1.43634
3995.586	3.72919	1.92909	2.31178	1.35953
3999.562	3.66333	2.06877	2.44868	1.39917
4003.525	3.78691	1.56682	2.48643	1.33380
4007.561	3.74871	1.62952	2.50504	1.31743
4011.584	3.68903	1.50458	2.52347	1.35428
4015.563	3.70947	1.64164	2.46838	1.27669
4019.551	3.70512	1.75029	2.47534	1.40499
4023.561	3.78598	1.64665	2.42884	1.39033
4027.585	3.76443	1.63507	2.43967	1.29471
4031.563	3.87341	1.55658	2.37949	1.30693
4035.563	3.84762	1.53896	2.39802	1.16246
4039.562	3.82173	1.39079	2.40573	1.33881
4043.561	3.89523	1.45865	2.40166	1.19365
4047.561	3.91566	1.40382	2.38395	1.27754
4051.561	3.98763	1.41251	2.31663	1.23385
4055.525	3.98904	1.52671	2.31036	1.21207
4059.557	3.96333	1.48125	2.31371	1.34615
4063.528	3.98615	1.57247	2.37131	1.21331
4067.562	3.86047	1.70995	2.45572	1.04242
4071.568	3.69899	1.58353	2.34926	1.18431
4075.557	3.78968	1.50135	2.41524	1.23511
4079.564	3.81951	1.44367	2.46934	1.31927
4083.563	3.77409	1.34140	2.47885	1.22497
4087.561	3.74367	1.66023	2.46905	1.26449
4091.529	3.69733	1.68643	2.43488	1.17881
4095.562	3.66043	1.78476	2.51958	1.13553
4099.563	3.50726	1.76623	2.59656	1.12630
4103.545	3.59622	1.76690	2.59767	1.07049
4107.535	3.54178	1.63885	2.63715	1.19393
4111.562	3.57538	1.50531	2.55636	1.18277
4115.564	3.54645	1.50714	2.57776	1.15180
4119.561	3.54910	1.65715	2.48173	1.22671
4123.559	3.56091	1.66102	2.56367	1.11201
4127.566	3.54475	1.62707	2.48146	1.12325
4131.565	3.51050	1.70685	2.58009	1.24664
4135.563	3.48929	1.71722	2.58890	1.17656
4139.587	3.51654	1.72097	2.58021	1.33303
4143.559	3.60081	1.68984	2.55621	1.26634
4147.554	3.54613	1.56920	2.56223	1.29856
4151.562	3.56875	1.53860	2.56525	1.22052
4155.589	3.61184	1.65584	2.59463	1.24047
4159.527	3.60929	1.70372	2.47559	1.24051
4163.527	3.64182	1.57791	2.61491	1.23119
4167.563	4.41401	1.66793	3.83957	1.39993
4171.592	7.40157	1.47854	5.47058	1.29080
4175.567	8.87663	1.59095	6.71008	1.49279
4179.564	9.35063	1.46851	8.61530	1.26604
4183.566	9.70229	1.25821	8.76673	1.25311
4187.588	9.84987	1.19591	8.72047	1.18700
4191.566	9.78250	0.74532	8.67296	1.17122
4195.565	9.66639	1.07859	8.63784	1.07204
4199.566	9.61747	0.88460	8.44703	1.04105
4203.592	10.07396	0.64380	8.48316	1.02437
4207.563	9.99036	0.71069	8.61433	1.33849
4211.565	10.09958	0.81389	8.67949	0.82836
4215.562	10.07589	0.77180	8.80888	0.84931
4219.589	10.42797	0.60452	9.06724	0.77282
4223.567	10.34369	0.69245	9.27656	0.77707
4227.551	10.33788	0.66607	8.93488	1.02507
4231.555	10.40567	0.57074	9.02379	1.05966
4235.592	10.38670	0.52717	8.96278	1.07353
4239.564	10.49056	0.63689	9.25594	0.98421
4243.564	10.42646	0.74713	9.28093	1.18230
4247.564	10.27391	0.88947	9.24220	1.02017
4251.589	10.21579	1.03493	9.35010	1.02969
4255.563	10.34789	0.82843	9.45882	1.08089
4259.528	10.40915	0.54058	9.44148	1.17656
4263.568	10.42245	0.53586	9.55345	1.13108
4267.588	10.35654	0.47328	9.41641	1.21512
4271.536	10.33127	0.53086	9.38598	1.23353
4275.567	10.26960	0.49656	9.38832	1.17282
4279.566	10.25826	0.67751	9.41564	1.20938
4283.591	10.16533	0.72202	9.37286	1.24744
4287.568	10.14696	0.90088	9.32294	1.21549
4291.565	10.16353	0.90460	9.33060	1.25171
4295.566	10.19010	0.79500	9.23788	1.26244
4299.590	10.09525	0.72240	9.23391	1.19158
4303.569	9.85052	0.68713	9.26249	1.34986
4307.567	9.97486	0.93674	9.18596	1.47682
4311.547	10.07456	0.75454	9.24431	1.35785
4315.589	10.16867	0.81731	9.30793	1.49033
4319.563	10.13604	0.87743	9.44440	1.52031
4323.564	10.15608	0.86454	9.55775	1.53460
4327.528	10.16629	1.02546	9.54464	1.51047
4331.589	10.22022	0.95984	9.58140	1.64736
4335.566	10.22327	0.95095	9.61493	1.68157
4339.566	10.23606	1.04242	9.59814	1.66572
4343.567	10.21841	1.06717	9.68657	1.62602
4347.570	10.23620	1.17244	9.69991	1.55493
4351.565	10.32164	1.08547	9.75611	1.47966
4355.554	10.30997	1.10804	9.75820	1.52378
4359.563	10.39477	1.21008	9.79983	1.49109
4363.570	10.49231	1.22768	9.81091	1.46613
4367.565	10.47772	1.24652	9.77927	1.45423
4371.565	10.54574	1.27396	9.77958	1.39660
4375.569	10.68430	1.24094	9.81628	1.40087
4379.571	10.67330	1.24372	9.90065	1.36712
4383.567	10.85045	1.20584	9.88389	1.40134
4387.567	10.69589	1.19833	9.87854	1.38324
4391.569	10.79219	1.08649	9.87032	1.43756
4395.561	10.75850	1.03077	9.90200	1.51409
4399.567	10.79557	1.04656	9.92430	1.52037
4403.567	10.67735	1.08063	9.97199	1.52010
4407.570	10.65776	1.13914	9.94192	1.49556
4411.560	10.55442	1.22694	9.98656	1.49518
4415.571	10.38545	1.38586	9.99262	1.49129
4419.568	10.28241	1.42329	9.99373	1.53611
4423.569	10.31592	1.47576	9.96983	1.51255
4427.572	10.21623	1.38837	9.90486	1.44972
4431.572	10.30336	1.46715	9.94582	1.40993
4435.555	10.33051	1.36226	9.96114	1.27770
4439.566	10.48147	1.32856	9.89752	1.23462
4443.569	10.27515	1.17620	9.85659	1.14083
4447.569	10.35875	1.13702	9.81872	1.14047
4451.566	10.28145	0.89339	9.78686	1.06237
4455.568	10.18231	1.10303	9.71273	0.98665
4459.569	10.13710	1.17774	9.71806	0.90524
4463.531	10.16565	0.97663	9.70239	0.84566
4467.570	10.25579	0.91409	9.56636	0.90158
4471.532	10.59150	1.00536	9.90108	0.97182
4475.575	11.53141	2.03533	11.57767	1.67166
4479.535	14.54200	3.15831	13.86097	3.02256
4483.534	15.85540	3.27862	15.16650	3.66920
4487.571	16.30593	3.63303	15.50398	3.68526
4491.571	16.21776	4.05582	16.32161	3.88859
4495.568	16.21776	3.97404	15.67317	4.01129
4499.570	16.14444	4.05150	15.81311	4.04701
4503.566	16.01562	4.18017	15.74732	3.89854
4507.571	15.92645	4.16211	15.63187	4.03532
4511.572	16.06162	4.24191	15.85919	4.02368
4515.571	16.29468	4.22758	16.06408	3.97593
4519.568	16.70424	4.28372	16.11593	4.00165
4523.588	16.70281	4.25625	16.40660	4.03487
4527.569	17.10823	4.30750	16.39945	4.06476
4531.530	16.51653	4.31295	16.42167	4.05165
4535.569	16.29157	4.32305	16.46728	4.02446
4539.536	16.01637	4.32365	16.41964	3.98588
4543.569	16.26367	4.36422	16.47253	3.97673
4547.573	16.36361	4.43362	16.57646	4.01006
4551.572	16.19126	4.52128	16.54079	3.98700
4555.574	16.14780	4.52151	16.57126	3.98639
4559.566	16.05965	4.47479	16.57712	4.03104
4563.559	16.08500	4.36846	16.63744	4.05695
4567.572	16.21094	4.47480	16.61625	4.11118
4571.574	16.08866	4.54262	16.54250	4.08220
4575.571	16.07130	4.44063	16.55961	4.13880
4579.569	16.21018	4.49995	16.37921	4.23961
4583.570	16.14659	4.40441	16.30727	4.27124
4587.573	16.11980	4.36221	16.25601	4.40999
4591.568	16.07235	4.36232	16.35470	4.49194
4595.569	16.14883	4.32667	16.56674	4.49690
4599.535	16.49412	4.32594	17.00262	4.58775
4603.535	16.38145	4.22156	16.67514	4.64901
4607.572	16.33676	4.29189	16.85500	4.61520
4611.573	16.33724	3.96658	16.17402	4.65050
4615.573	16.31889	4.09656	16.53404	4.62228
4619.575	16.32520	4.17318	16.31164	4.60886
4623.569	16.39879	4.03182	16.43103	4.53315
4627.574	16.23778	4.04724	16.64375	4.38032
4631.573	16.27707	4.11383	16.69605	4.39472
4635.571	16.37353	4.08257	16.76829	4.23385
4639.570	16.43122	3.96650	16.69022	3.98080
4643.559	16.50927	3.99767	16.59560	4.21613
4647.561	16.55361	3.95869	16.62500	4.15749
4651.573	16.59633	3.96680	16.58986	3.98551
4655.570	16.57646	3.94831	16.59934	4.07910
4659.573	16.37282	3.91128	16.65831	4.03327
4663.569	16.43304	3.91045	16.83864	4.02670
4667.533	16.29525	3.95793	16.62860	4.04067
4671.571	16.27396	3.98329	16.53470	3.92531
4675.574	16.20435	3.93012	16.18425	4.00443
4679.573	16.40758	3.97934	16.33395	4.00969
4683.469	16.29230	4.05716	16.41717	4.13975
4687.535	16.36937	4.05801	16.53199	4.09043
4691.572	16.37254	3.96807	16.44213	3.97538
4695.572	16.34780	4.00113	16.45921	4.00890
4699.574	16.30234	3.95786	16.43069	3.96177
4703.536	16.44190	3.97755	16.43106	4.04726
4707.572	16.47361	3.96753	16.45284	4.08662
4711.575	16.53466	4.00142	16.39422	3.97961
4715.470	16.66189	4.13005	16.54515	4.05128
4719.574	16.62507	4.22903	16.26127	4.02452
4723.576	16.60572	4.25113	16.31118	4.05062
4727.572	16.58302	4.38563	16.30321	4.14975
4731.464	16.52049	4.42527	16.18755	4.22185
4735.572	16.47178	4.22672	16.10035	4.21594
4739.573	16.35760	4.37109	16.09929	4.37809
4743.582	16.36270	4.45033	16.60695	4.22642
4747.470	16.13901	4.27283	16.81876	4.34479
4751.572	16.34691	4.31014	16.26195	4.35173
4755.576	16.36574	4.31795	16.17207	4.23358
4759.572	16.37878	4.23691	16.15790	4.17510
4763.574	16.40457	4.20859	16.15323	4.20476
4767.564	16.50555	4.25202	16.25557	4.28851
4771.567	16.63337	4.25501	16.42160	4.32816
4775.576	16.43046	4.14032	16.26516	4.16626
4779.576	16.32634	4.23134	16.35063	4.16438
4783.574	16.59567	4.22264	16.35621	4.03588
4787.576	16.84748	4.03541	16.37858	3.96251
4791.573	16.86889	3.90934	16.42023	4.03779
4795.474	16.82179	3.98452	16.41121	3.99902
4799.575	16.74940	3.97886	16.37675	4.19183
4803.537	16.83327	4.01543	16.34700	4.27983
4807.575	16.75662	4.04434	16.38360	4.37532
4811.473	16.74203	4.31763	16.34099	4.33910
4815.572	16.61539	4.47027	16.33192	4.27037
4819.574	16.69193	4.63177	16.38102	4.37126
4823.577	16.72837	4.27115	16.35114	4.00906
4827.580	16.72671	4.10299	16.33836	4.19771
4831.575	15.77895	3.85439	13.37103	4.20075
4835.576	13.95325	3.98725	12.36232	4.33302
4839.573	12.93080	2.93660	10.25682	3.92953
4843.577	11.54130	2.94742	8.87016	3.50484
4847.576	11.27223	2.94824	8.31304	2.55681
4851.574	10.19935	2.60504	6.52907	2.28524
4855.566	7.63569	2.68447	3.11438	2.23006
4859.470	1.93194	4.08980	1.08845	3.41163
4863.571	14.90111	4.46552	0.06882	2.67329
4867.447	14.39108	6.20468	1.24811	13.98649
4871.538	0.84783	14.20169	NaN	NaN
4875.582	18.71841	12.51251	NaN	NaN
4879.575	NaN	NaN	NaN	NaN
4883.574	NaN	NaN	NaN	NaN
4887.578	NaN	NaN	NaN	NaN
4891.477	NaN	NaN	NaN	NaN
4895.574	NaN	NaN	NaN	NaN
4899.572	NaN	NaN	NaN	NaN
4903.449	NaN	NaN	NaN	NaN
4907.541	NaN	NaN	NaN	NaN
4911.447	NaN	NaN	NaN	NaN
4915.452	NaN	NaN	NaN	NaN
4919.451	NaN	NaN	NaN	NaN
4923.417	NaN	NaN	NaN	NaN
4927.450	NaN	NaN	NaN	NaN
4931.448	NaN	NaN	NaN	NaN
4935.447	NaN	NaN	NaN	NaN
4939.412	NaN	NaN	NaN	NaN
4943.441	NaN	NaN	NaN	NaN
4947.450	NaN	NaN	NaN	NaN
4951.450	NaN	NaN	NaN	NaN
4955.414	NaN	NaN	NaN	NaN
4959.450	NaN	NaN	NaN	NaN
4963.450	NaN	NaN	NaN	NaN
4967.450	NaN	NaN	NaN	NaN
4971.410	NaN	NaN	NaN	NaN
4975.453	NaN	NaN	NaN	NaN
4979.451	NaN	NaN	-2.40659	-0.66321
4983.449	NaN	NaN	-2.04109	-0.36279
4987.451	4.50794	14.97098	-0.63456	-2.18729
4991.478	-4.32469	-1.43774	0.74178	-1.82085
4995.452	-1.13839	-1.33064	0.17151	-1.45651
4999.450	-4.45047	-1.88014	-0.37437	-0.96448
5003.455	-3.23143	-1.31862	-1.87317	-0.73525
5007.418	-2.30546	-1.44363	-1.44386	-1.17905
5011.453	-1.34633	-1.17751	-0.76789	-1.08362
5015.449	-0.05991	-0.34741	-0.48108	-1.39366
5019.454	0.43251	-0.80871	-0.18688	-1.38293
5023.444	0.81585	-0.52249	-0.07991	-1.43504
5027.450	1.35534	-0.84706	-0.17012	-1.33686
5031.454	1.18041	-1.21101	-0.18484	-1.47665
5035.415	0.52962	-0.90077	-0.18253	-1.46682
5039.446	0.87272	-0.98791	-0.30865	-1.43355
5043.452	0.78456	-0.88040	-0.29468	-1.48034
5047.451	0.84972	-0.88968	-0.35888	-1.43717
5051.453	0.77632	-0.77624	-0.24664	-1.42243
5055.479	0.89118	-0.87355	-0.22373	-1.46669
5059.456	0.97750	-0.79915	-0.16787	-1.34439
5063.450	0.97752	-0.76500	-0.22966	-1.33698
5067.451	0.88964	-0.73153	-0.28141	-1.36700
5071.478	0.71791	-0.66299	-0.29994	-1.40999
5075.417	0.70223	-0.63219	-0.34605	-1.32005
5079.459	0.74511	-0.55646	-0.37032	-1.30175
5083.456	0.70062	-0.60958	-0.37447	-1.26211
5087.449	0.63345	-0.55416	-0.38715	-1.27196
5091.450	0.70084	-0.57875	-0.43142	-1.34001
5095.459	0.73203	-0.58714	-0.46502	-1.51991
5099.449	0.81749	-0.74325	-0.44688	-1.67026
5103.420	0.90024	-0.76976	-0.51691	-1.51913
5107.433	0.95214	-1.52090	-0.51324	-1.59663
5111.456	0.94857	-2.17172	-0.48319	-1.51256
5115.455	0.90530	-2.00657	-0.60245	-1.49435
5119.476	0.95045	-1.35031	-0.65682	-1.47872
5123.450	0.84850	-0.98256	-0.62739	-1.44573
5127.452	0.93850	-0.86469	-0.64047	-1.51582
5131.453	0.91297	-0.99729	-0.64618	-1.61918
5135.478	1.05513	-1.08527	-0.63610	-1.62589
5139.452	1.08341	-1.35160	-0.50190	-1.61920
5143.455	1.06550	-1.51645	-0.58652	-1.46069
5147.442	1.16277	-1.62196	-0.54955	-1.45062
5151.475	0.98323	-1.36982	-0.63826	-1.43328
5155.452	1.03099	-1.10167	-0.63270	-1.38387
5159.417	0.92284	-1.05444	-0.56290	-1.47336
5163.417	0.93485	-1.01907	-0.51798	-1.46910
5167.478	0.89346	-1.12859	-0.55965	-1.48312
5171.455	0.86190	-1.10366	-0.50612	-1.45060
5175.453	0.88942	-1.19532	-0.46646	-1.41212
5179.458	0.93783	-1.30406	-0.50267	-1.33937
5183.480	0.90024	-1.28098	-0.46698	-1.35957
5187.455	0.81836	-1.30993	-0.50885	-1.39619
5191.421	0.81890	-1.18392	-0.59027	-1.34566
5195.456	0.80310	-1.21773	-0.45932	-1.42091
5199.492	0.74181	-1.17818	-0.24200	-1.43808
5203.456	0.74962	-1.22028	-0.25808	-1.41205
5207.455	0.73605	-1.28095	-0.29108	-1.64506
5211.418	0.73799	-1.23916	-0.31069	-1.59662
5215.477	0.71059	-1.27192	-0.31260	-1.69928
5219.455	0.59791	-1.26378	-0.46994	-1.69535
5223.454	0.68915	-1.16001	-0.45472	-1.69635
5227.456	0.63350	-1.15444	-0.49232	-1.73994
5231.471	0.58662	-1.16451	-0.58176	-1.73770
5235.453	0.64233	-1.15988	-0.47021	-1.78008
5239.453	0.76863	-1.21826	-0.54873	-1.77378
5243.454	0.89374	-1.20975	-0.63866	-1.79098
5247.478	0.68206	-1.15227	-0.67025	-1.91517
5251.419	0.87689	-1.06978	-0.68970	-1.77649
5255.457	0.64335	-0.79343	-0.85776	-1.10871
5259.457	0.49761	0.91228	-1.05624	0.37513
5263.481	0.13610	1.27030	-1.61605	0.78929
5267.457	-0.53776	1.91016	-1.88281	1.47665
5271.458	-0.50096	2.01724	-1.66071	1.16857
5275.422	-0.28071	1.79437	-1.27227	0.57994
5279.451	-0.25145	1.62021	-1.28090	0.00894
5283.456	-0.17127	1.73095	-1.36340	0.16706
5287.418	-0.29069	1.49047	-1.55512	0.38360
5291.456	-0.39085	1.74862	-1.68828	0.73227
5295.478	-0.38889	1.79937	-1.63941	0.70708
5299.457	-0.52773	1.78287	-1.79723	0.87176
5303.420	-0.53706	1.95320	-1.79371	0.77963
5307.455	-0.53798	1.91701	-1.74677	0.92825
5311.460	-0.51039	1.89068	-1.68342	0.94318
5315.436	-0.43142	1.77379	-1.67018	0.95491
5319.455	-0.38983	1.77042	-1.76723	1.20098
5323.456	-0.32727	1.89256	-1.77345	0.83129
5327.482	-0.35923	1.86955	-1.81575	1.07098
5331.456	-0.37891	1.93562	-1.92119	1.02424
5335.451	-0.41601	1.94087	-2.08877	1.10000
5339.458	-0.42589	1.85893	-2.15901	1.08220
5343.480	-0.39388	1.83476	-2.23095	1.20179
5347.419	-0.37990	1.84944	-2.26078	1.25296
5351.456	-0.38499	1.90412	-2.23566	1.29339
5355.418	-0.35524	1.88772	-2.18429	1.33133
5359.478	-0.48329	2.03171	-2.24532	1.21044
5363.455	-0.51158	2.09848	-2.25496	1.23698
5367.457	-0.50001	2.10635	-2.26482	1.26621
5371.458	-0.51423	2.05597	-2.21511	1.32259
5375.478	-0.60647	2.05758	-2.23975	1.29919
5379.460	-0.60431	1.87638	-2.08543	1.10805
5383.456	-0.57248	1.56833	-1.99173	1.22354
5387.459	-0.52781	1.75641	-1.91784	1.23931
5391.463	-0.56260	2.04732	-1.75228	1.17649
5395.456	-0.61277	2.14951	-1.56082	1.25556
5399.434	-0.63216	2.33935	-1.41544	1.22602
5403.457	-0.57255	2.20543	-1.28889	1.21163
5407.459	-0.65141	2.10295	-1.41936	1.16391
5411.460	-0.65910	2.25181	-1.30337	1.15049
5415.458	-0.60287	1.99896	-1.47960	1.13724
5419.470	-0.55724	2.09765	-1.48057	1.15390
5423.461	-0.47296	1.89501	-1.52786	1.18886
5427.456	-0.42648	1.90026	-1.63482	1.12703
5431.460	-0.38904	1.81908	-1.64312	1.11098
5435.461	-0.27592	1.73037	-1.61441	1.18434
5439.459	-0.19355	1.74200	-1.73556	1.20140
5443.457	-0.09011	1.55649	-1.78178	1.16542
5447.461	-0.03671	1.38003	-1.81895	1.14829
5451.458	0.07319	1.38624	-1.81716	1.18504
5455.459	-0.06309	1.41380	-1.82001	1.17126
5459.457	-0.02479	1.34834	-1.83288	1.20975
5463.461	-0.08341	1.36719	-1.81934	1.15981
5467.459	-0.05152	1.28488	-1.77405	1.14693
5471.459	-0.10381	1.38864	-1.73105	1.18080
5475.427	-0.12252	1.29621	-1.71070	1.13555
5479.513	-0.30664	1.31842	-1.68305	1.19024
5483.437	-0.31694	1.25198	-1.61877	1.11410
5487.461	-0.31347	1.24565	-1.59832	1.08709
5491.459	-0.37174	1.27929	-1.57647	1.13838
5495.463	-0.34650	1.41730	-1.49386	1.14016
5499.463	1.83749	1.63409	-0.67461	1.36784
5503.466	3.63715	1.97031	1.47784	1.45921
5507.460	5.52726	2.37203	3.63829	1.62794
5511.463	5.65963	2.54225	4.09253	2.50353
5515.463	6.15105	2.46504	4.64337	2.62511
5519.462	6.19076	2.66219	4.37682	1.87460
5523.439	6.11613	2.72592	4.43872	1.95666
5527.461	6.14145	2.64165	4.25855	2.19236
5531.460	6.05008	2.61998	4.35496	2.44326
5535.463	6.03979	2.78925	4.25364	2.72756
5539.460	6.11481	2.77511	4.50478	2.66648
5543.462	6.19066	2.84840	4.65908	2.70624
5547.461	6.44447	2.87282	4.65279	2.83544
5551.464	6.29668	2.82631	4.71775	2.75229
5555.459	6.32493	2.79617	4.69704	2.78872
5559.465	6.29538	2.80284	4.90794	2.77938
5563.449	6.31931	2.72874	5.00605	2.76440
5567.462	6.29256	2.68839	4.96588	2.80164
5571.458	6.37077	2.65166	5.08106	2.81772
5575.462	6.30529	2.63400	5.07326	2.76533
5579.468	6.38204	2.59800	5.06826	2.77113
5583.464	6.40704	2.58577	5.06996	2.79426
5587.460	6.52405	2.47294	5.07141	2.76652
5591.459	6.42437	2.40150	5.08237	2.73901
5595.463	6.45275	2.37103	5.05245	2.75870
5599.467	6.35192	2.35384	5.09763	2.75295
5603.462	6.31083	2.32434	4.97189	2.74975
5607.425	6.33870	2.28982	4.94568	2.73247
5611.463	6.30512	2.24218	4.95647	2.70889
5615.460	6.29958	2.34400	4.93373	2.71721
5619.461	6.32100	2.31093	4.97159	2.73963
5623.463	6.29102	2.30976	4.96657	2.70766
5627.463	6.26998	2.31054	4.99334	2.66109
5631.466	6.19601	2.37482	4.98618	2.67082
5635.460	6.15316	2.37829	4.98440	2.70655
5639.462	6.12242	2.36400	5.01644	2.69510
5643.465	6.19373	2.38812	5.08094	2.65814
5647.446	6.21208	2.31289	5.06291	2.56494
5651.460	6.21725	2.24583	5.09345	2.47238
5655.460	6.22194	2.30545	5.09436	2.49478
5659.425	6.18220	2.34950	5.05917	2.45265
5663.467	6.15657	2.34631	5.02531	2.42199
5667.459	6.17926	2.39346	4.98408	2.38574
5671.462	6.13974	2.42055	4.94898	2.42622
5675.463	6.21254	2.29693	4.94002	2.44187
5679.467	6.25750	2.34904	5.00169	2.45338
5683.464	6.20300	2.43972	5.04405	2.44949
5687.460	6.19945	2.41241	5.04317	2.53189
5691.458	6.15360	2.39634	5.09135	2.49020
5695.467	6.21232	2.46695	5.23541	2.53392
5699.462	6.23650	2.43530	5.23514	2.55662
5703.462	6.28832	2.31199	5.26524	2.62934
5707.462	6.32988	2.24688	5.30390	2.59201
5711.467	6.33797	2.42553	5.31809	2.56744
5715.463	6.35974	2.55944	5.35453	2.62126
5719.448	6.34907	2.73642	5.36661	2.62560
5723.463	6.31012	2.61823	5.36208	2.58636
5727.469	6.38552	2.54051	5.37989	2.57303
5731.444	6.57551	2.23098	5.52389	2.47048
5735.464	8.92791	2.14347	6.81593	2.16715
5739.461	10.65374	-0.10081	8.13882	1.32486
5743.465	11.08153	-0.36434	10.21695	-0.44877
5747.462	11.61142	-1.30614	10.66503	-1.81089
5751.463	11.44182	-2.10087	10.73670	-1.75458
5755.462	11.54182	-2.60039	10.65038	-2.20238
5759.466	11.55233	-3.72294	10.64250	-2.42675
5763.462	11.56167	-3.85664	10.73876	-3.60533
5767.464	11.99963	-4.30948	10.66148	-4.18906
5771.452	12.45916	-4.88168	10.77524	-4.44119
5775.361	12.21245	-5.91347	10.91523	-4.47639
5779.463	11.93420	-6.00110	10.92495	-4.55627
5783.469	11.99400	-4.95078	11.02067	-4.60671
5787.429	12.03999	-4.51687	11.43529	-4.64329
5791.430	11.92146	-4.83912	11.60401	-4.67546
5795.463	11.95999	-5.08929	11.87330	-4.86974
5799.465	12.02591	-4.80658	11.11521	-4.50659
5803.466	11.98389	-5.12764	11.30896	-4.56426
5807.469	11.99768	-4.97365	11.17199	-4.57255
5811.468	11.83954	-5.12963	11.29445	-4.57389
5815.431	11.84289	-5.00389	11.45982	-4.51406
5819.463	11.88554	-5.30261	11.61625	-4.51777
5823.463	11.93914	-5.31425	11.64616	-4.57664
5827.462	12.09489	-5.47645	11.77743	-4.61890
5831.466	12.09396	-5.46783	11.83239	-4.52300
5835.464	12.03679	-5.64182	11.70383	-4.90420
5839.468	11.87634	-5.03026	11.37102	-4.57616
5843.465	11.81515	-5.30725	11.54261	-4.53442
5847.465	11.98980	-5.39586	11.58086	-4.65427
5851.467	11.87895	-5.66619	11.64139	-4.71173
5855.450	11.98315	-5.76588	11.73678	-4.77525
5859.464	12.07683	-5.96622	11.77860	-4.80444
5863.462	11.96928	-6.10749	11.64732	-4.73561
5867.464	11.99878	-6.02985	11.63397	-4.70523
5871.468	11.81983	-5.31153	11.58615	-4.83619
5875.468	11.90217	-5.50776	11.65239	-4.78074
5879.467	11.90250	-5.41446	11.80345	-4.85315
5883.469	12.00713	-5.61791	11.68103	-4.81053
5887.467	11.95258	-5.59337	11.65806	-4.69856
5891.429	11.99263	-5.68828	11.76269	-4.63369
5895.468	11.94840	-5.33473	11.73212	-4.63607
5899.461	12.02178	-5.41310	11.76595	-4.74743
5903.470	12.11244	-5.37005	11.82509	-4.69082
5907.466	11.97422	-5.33598	11.86831	-4.77121
5911.465	11.95824	-5.25620	11.92519	-4.89273
5915.468	11.95370	-5.39296	12.02950	-4.98679
5919.363	11.88570	-5.44501	11.95895	-5.13204
5923.468	11.86265	-5.63832	11.97477	-4.87717
5927.469	11.92249	-5.64037	11.94437	-4.98119
5931.466	11.96170	-5.95777	11.89644	-5.01189
5935.335	11.96686	-6.24816	11.91196	-4.96105
5939.343	11.97007	-6.54855	11.99517	-5.02739
5943.334	12.00428	-6.13996	12.00899	-4.95706
5947.332	12.03904	-6.19930	11.95817	-5.03543
5951.365	12.13932	-5.98795	11.91467	-5.03672
5955.299	12.15623	-6.07944	11.89775	-5.11597
5959.304	12.14065	-6.12361	11.95128	-5.02857
5963.341	12.19956	-5.85819	11.92847	-5.04163
5967.339	12.13358	-6.06537	11.92258	-5.05727
5971.340	12.17402	-5.84741	12.01836	-5.07801
5975.340	12.12718	-6.17298	12.16294	-5.14011
5979.340	12.13201	-6.15589	12.13346	-5.16646
5983.343	12.13462	-6.11800	12.02195	-5.07590
5987.309	12.13424	-5.97891	12.05689	-5.25947
5991.341	12.06840	-5.80178	11.94608	-5.26159
5995.343	11.99870	-6.15266	11.53737	-4.92588
5999.366	10.61924	-6.12346	9.23435	-5.08581
6003.344	9.67148	-6.03064	7.39496	-5.05773
6007.343	8.03830	-5.31093	5.85495	-4.79543
6011.341	7.28615	-6.15106	5.52116	-5.02517
6015.369	6.83944	-4.95031	5.58594	-4.87925
6019.341	7.01066	-5.84606	5.42080	-4.80770
6023.347	7.06523	-5.49055	5.37684	-4.67824
6027.323	6.97057	-5.45471	5.42417	-4.63229
6031.363	6.98732	-5.45566	5.43573	-4.59686
6035.342	6.90618	-5.21341	5.42577	-4.58956
6039.345	6.42241	-5.21111	5.22434	-4.57078
6043.345	6.04217	-5.03427	5.23625	-4.60887
6047.376	6.44383	-4.92633	5.21048	-4.48645
6051.341	6.18679	-4.92987	5.13648	-4.53334
6055.344	6.82305	-5.14372	5.19935	-4.43844
6059.343	6.60191	-5.11820	5.11868	-4.33013
6063.370	6.29131	-5.04033	5.00216	-4.17032
6067.344	5.80808	-4.64352	5.11632	-4.13273
6071.338	5.68531	-4.70202	4.67019	-4.07922
6075.339	5.03728	-4.26736	4.58848	-3.92886
6079.369	4.94580	-3.55213	2.29399	-3.58844
6083.350	4.05695	-3.70932	1.86424	-3.68099
6087.343	4.03609	-3.16060	2.16114	-3.54768
6091.345	3.97341	-3.04210	2.85420	-3.32198
6095.366	3.97773	-2.85772	3.03076	-3.37724
6099.343	4.05932	-3.17256	2.68029	-3.18139
6103.344	4.00282	-3.21183	2.47063	-3.17033
6107.341	4.14451	-3.22490	2.33249	-3.19956
6111.369	3.98351	-3.21919	2.52686	-3.14274
6115.343	3.82976	-3.21061	2.56419	-3.07506
6119.344	3.86079	-3.36687	2.55428	-2.97083
6123.343	3.84910	-3.39004	2.52656	-3.01041
6127.336	3.88690	-3.27660	2.51373	-2.98581
6131.343	3.93421	-3.33362	2.38724	-2.91879
6135.344	3.91245	-3.39127	2.60317	-2.79442
6139.343	3.79099	-3.44277	2.38427	-2.66040
6143.337	3.76418	-3.49706	2.37860	-2.60430
6147.345	3.66696	-3.49835	2.39758	-2.92540
6151.347	3.66491	-3.40744	2.36861	-2.84349
6155.335	3.71916	-3.35660	2.37989	-2.81751
6159.345	3.72427	-3.18436	2.23940	-2.64071
6163.344	3.60084	-3.03225	2.34374	-2.85412
6167.346	3.52395	-3.01264	2.31748	-2.89598
6171.344	3.56682	-3.05527	2.27610	-2.92092
6175.368	3.48177	-2.96838	2.38539	-2.74681
6179.343	3.44228	-2.97840	2.32679	-2.68982
6183.349	3.48494	-3.01814	2.29319	-2.78781
6187.347	3.49616	-3.10365	2.34077	-2.86804
6191.372	3.48002	-2.96487	2.53417	-2.98546
6195.310	3.47515	-2.98126	2.52909	-2.97171
6199.347	3.47641	-3.01450	2.53924	-3.03029
6203.345	3.47139	-3.00982	2.56287	-3.12394
6207.369	3.47641	-3.11907	2.46558	-2.89029
6211.346	3.49634	-3.16473	2.48148	-2.84717
6215.347	3.44340	-3.14579	2.54881	-2.84425
6219.347	3.45442	-3.11163	2.49340	-2.60351
6223.368	3.44404	-3.19119	2.50697	-2.73418
6227.346	3.42720	-3.01740	2.28479	-2.65987
6231.315	3.30391	-2.92812	2.44512	-2.47141
6235.348	3.27247	-2.78008	2.34369	-2.54886
6239.376	3.42156	-2.98667	2.34627	-2.72974
6243.348	3.37848	-3.02226	2.35196	-2.56007
6247.347	3.39683	-3.07466	2.13628	-2.58179
6251.347	3.43167	-2.91809	2.24492	-2.55238
6255.369	3.29525	-2.87035	2.23779	-2.48613
6259.345	3.22594	-2.79088	2.21987	-2.54199
6263.345	3.33965	-2.88764	2.26039	-2.47776
6267.346	3.27959	-2.94566	2.23083	-2.61941
6271.371	3.29048	-2.91547	2.21026	-2.59648
6275.342	3.17938	-2.96192	2.25345	-2.63795
6279.337	3.30797	-2.89849	2.20815	-2.55339
6283.314	3.26913	-2.83298	2.24688	-2.57426
6287.370	3.29822	-2.96016	2.22032	-2.51027
6291.345	3.29179	-2.84935	2.24958	-2.68221
6295.346	3.20360	-2.86447	2.28422	-2.45802
6299.342	3.25548	-2.86044	2.39631	-2.62820
6303.343	3.23430	-2.79380	2.39978	-2.48550
6307.345	3.16228	-2.83820	2.43335	-2.57345
6311.343	3.18630	-2.74185	2.39433	-2.46878
6315.343	3.25350	-2.79766	2.56634	-2.34161
6319.373	3.31271	-2.82776	2.47952	-2.30151
6323.348	3.24432	-3.04993	2.53511	-2.43670
6327.346	3.34479	-2.84966	2.60173	-2.53209
6331.347	3.46535	-2.92880	2.55864	-2.79113
6335.368	3.56138	-3.09010	2.55232	-2.49133
6339.347	3.58316	-3.19793	2.58341	-2.74466
6343.348	3.47042	-3.12443	2.50464	-2.53119
6347.348	3.23108	-3.17021	2.45371	-2.54202
6351.344	3.26945	-3.13599	2.30122	-2.34308
6355.349	3.35820	-3.08228	2.42530	-2.43195
6359.336	3.01425	-3.01937	2.35030	-2.65819
6363.340	3.04345	-3.06128	2.33896	-2.69550
6367.370	3.28469	-2.96502	2.32570	-2.56649
6371.347	3.12086	-3.11051	2.31661	-2.68551
6375.311	3.15924	-3.01354	2.33886	-2.61530
6379.347	3.16436	-3.00318	2.37540	-2.75324
6383.371	2.99579	-2.91699	2.36294	-2.64858
6387.350	2.94631	-2.91221	2.28908	-2.68732
6391.349	3.04143	-2.79335	2.39133	-2.54070
6395.350	2.98067	-2.76835	2.33883	-2.56560
6399.371	3.08006	-2.75114	2.30291	-2.66817
6403.312	3.03123	-2.74433	2.20654	-2.62689
6407.351	3.18781	-2.81281	2.25669	-2.66310
6411.311	3.16587	-3.03492	2.39322	-2.70099
6415.353	3.22836	-3.04659	2.26628	-2.51247
6419.346	3.31049	-2.84791	2.28576	-2.57669
6423.350	3.26366	-2.80899	2.23226	-2.41540
6427.350	3.18059	-2.92479	2.20233	-2.36310
6431.353	3.31996	-2.61822	2.15963	-2.42494
6435.349	3.32476	-2.80953	2.15770	-2.47545
6439.352	3.42460	-2.85067	2.03050	-2.27463
6443.330	3.00435	-2.95515	1.56201	-2.12919
6447.353	2.22969	-2.83071	0.42641	-2.14558
6451.348	0.99023	-2.65120	-0.74652	-2.17479
6455.351	1.17979	-2.65951	-0.55292	-2.19616
6459.351	1.03039	-2.64956	0.67647	-2.22238
6463.351	1.27408	-2.58076	1.05644	-2.28450
6467.350	1.43885	-2.67979	1.19175	-2.27509
6471.340	1.41683	-2.49470	0.85912	-2.28939
6475.351	1.46383	-2.57649	0.71784	-2.31510
6479.351	1.25022	-2.49884	0.37894	-2.27223
6483.309	1.45847	-2.60441	0.63930	-2.25433
6487.346	1.44703	-2.53885	0.86979	-2.25808
6491.352	1.36499	-2.60330	0.85734	-2.39320
6495.350	1.55135	-2.68072	0.79545	-2.39944
6499.350	1.43176	-2.72350	0.51813	-2.34656
6503.353	1.45378	-2.63701	0.50701	-2.47002
6507.352	1.46467	-2.73520	0.42584	-2.45402
6511.353	1.40790	-2.66951	0.37720	-2.40215
6515.348	1.44277	-2.71260	0.53252	-2.40445
6519.347	1.28884	-2.70132	0.37956	-2.59704
6523.350	1.52280	-2.72386	0.17926	-2.51346
6527.351	1.44361	-2.75910	0.53942	-2.67504
6531.350	1.36742	-2.71209	0.36568	-2.61380
6535.354	1.32466	-2.68118	0.16298	-2.52043
6539.353	1.21306	-2.78300	0.20502	-2.43798
6543.342	1.36610	-2.81797	0.23197	-2.60739
6547.353	1.31414	-2.76703	0.31374	-2.45827
6551.352	1.37414	-2.73670	0.23113	-2.51501
6555.349	1.41335	-2.81819	0.25071	-2.47255
6559.353	1.34026	-2.80539	0.40735	-2.46594
6563.350	1.43453	-2.91688	0.42931	-2.36644
6567.351	1.35182	-2.82976	0.34196	-2.36542
6571.327	1.43084	-2.96644	0.14625	-2.16702
6575.349	1.41273	-2.89994	0.23979	-2.19537
6579.351	1.38203	-2.89909	0.55970	-2.24268
6583.350	1.43337	-2.91302	0.36065	-2.26430
6587.354	1.40822	-2.94744	0.42241	-2.26503
6591.343	1.31052	-2.96478	0.57898	-2.46118
6595.353	1.39790	-3.05698	0.58471	-2.36621
6599.351	1.37419	-2.98519	0.49736	-2.36952
6603.355	1.33989	-2.55171	0.39246	-2.26228
6607.346	1.40390	-2.62269	0.55793	-2.39638
6611.353	1.29514	-2.55456	0.56761	-2.56629
6615.351	1.32857	-2.61224	0.40058	-2.53801
6619.352	1.40884	-2.39426	0.41859	-2.54172
6623.251	1.35288	-2.70638	0.58781	-2.61017
6627.351	1.36826	-2.50001	0.52788	-2.59339
6631.351	1.40755	-2.60229	0.46743	-2.54481
6635.354	1.41886	-2.51421	0.65843	-2.42169
6639.318	1.43992	-2.48585	0.57821	-2.33257
6643.350	1.43114	-2.51467	0.60518	-2.30555
6647.355	1.46923	-2.46896	0.65620	-2.12409
6651.333	1.35814	-2.56766	0.64640	-2.25646
6655.320	1.34127	-2.63808	0.50550	-2.22994
6659.352	1.27763	-2.50402	0.59312	-2.45302
6663.352	1.19579	-2.61155	0.50555	-2.43371
6667.352	1.28345	-2.67233	0.48803	-2.26158
6671.350	1.20604	-2.56949	0.44085	-2.22470
6675.353	1.21320	-2.62257	0.52895	-2.17582
6679.352	1.13045	-2.54125	0.54084	-2.29811
6683.351	1.11817	-2.52460	0.41638	-2.32529
6687.250	1.25307	-2.59179	0.38060	-2.52023
6691.347	1.25466	-2.50883	0.49312	-2.48796
6695.345	1.14434	-2.61309	0.81543	-2.35585
6699.354	1.24310	-2.48434	0.52890	-2.62738
6703.251	1.32294	-2.55584	0.50351	-2.52104
6707.352	1.28770	-2.55186	0.61908	-2.50774
6711.338	1.28472	-2.52501	0.54548	-2.61208
6715.352	1.28896	-2.59118	0.46013	-2.60995
6719.259	1.38156	-2.52667	0.45654	-2.60475
6723.352	1.45557	-2.59827	0.30491	-2.53072
6727.355	1.53123	-2.53322	0.08197	-2.42705
6731.356	1.44832	-2.46992	0.05256	-2.53549
6735.255	1.44949	-2.51976	-0.00017	-2.50950
6739.353	1.39842	-2.44282	0.13935	-2.54994
6743.354	1.47898	-2.44519	0.07480	-2.48053
6747.353	1.47313	-2.46476	0.03189	-2.45553
6751.252	1.52865	-2.50531	0.02075	-2.43648
6755.356	1.51385	-2.52680	0.07125	-2.43221
6759.357	1.55978	-2.67741	0.14196	-2.47983
6763.353	1.59683	-2.60620	0.26096	-2.55853
6767.252	1.49364	-2.66988	0.39544	-2.64598
6771.358	1.41120	-2.70173	0.36149	-2.63533
6775.318	1.33440	-2.64329	0.47773	-2.66008
6779.312	1.41087	-2.46416	0.62317	-2.35634
6783.319	1.43585	-2.61048	0.61625	-2.48074
6787.361	1.46854	-2.58608	0.56838	-2.40918
6791.354	1.48384	-2.69376	0.37166	-2.33284
6795.317	1.41248	-2.64539	0.15233	-2.29165
6799.255	1.43409	-2.58361	0.18725	-2.26044
6803.356	1.39128	-2.55438	0.45361	-2.37794
6807.353	1.31072	-2.46922	0.56046	-2.20658
6811.358	1.28085	-2.45566	0.58955	-2.16027
6815.252	1.39448	-2.40821	0.35926	-2.08768
6819.352	1.38991	-2.49342	0.00156	-2.07472
6823.352	1.43550	-2.54283	-0.04584	-2.11869
6827.351	1.50738	-2.60824	0.40623	-2.10889
6831.252	1.46869	-2.64594	0.24649	-2.14282
6835.355	1.39289	-2.43140	0.42269	-2.17451
6839.354	1.44612	-2.70578	0.32129	-2.16839
6843.358	1.48602	-2.62017	0.29667	-2.21963
6847.251	1.50326	-2.65787	0.37231	-2.24226
6851.355	1.50812	-2.69906	0.33099	-2.50137
6855.358	1.52637	-2.47271	0.31049	-2.48588
6859.335	1.57426	-2.66150	0.35469	-2.43070
6863.258	1.59534	-2.81099	0.44105	-2.59146
6867.356	1.56000	-2.69159	0.71432	-2.41442
6871.357	1.56563	-2.63514	0.40522	-2.38351
6875.355	1.63271	-2.60184	0.33159	-2.35920
6879.255	1.65932	-2.66992	0.48230	-2.28220
6883.355	1.61121	-2.55130	0.72164	-2.46359
6887.372	1.69386	-2.53094	0.50768	-2.35954
6891.353	1.68825	-2.58786	0.43993	-2.57639
6895.252	1.62646	-2.71180	0.55654	-2.50943
6899.352	1.63281	-2.38409	0.52133	-2.43060
6903.318	1.66373	-2.40352	0.35921	-2.49313
6907.318	1.56127	-2.35603	0.47952	-2.51648
6911.235	1.60521	-2.60693	0.51267	-2.33649
6915.358	1.63323	-2.51614	0.38814	-2.33398
6919.316	1.59239	-2.43462	0.51458	-2.42061
6923.360	1.49336	-2.39402	0.55952	-2.42329
6927.255	1.49810	-2.57144	0.38310	-2.41648
6931.356	1.51524	-2.70944	0.50599	-2.50114
6935.358	1.40331	-2.70162	0.46830	-2.40316
6939.355	1.47729	-2.46726	0.44505	-2.30831
6943.259	1.50192	-2.50797	0.45314	-2.45233
6947.356	1.45671	-2.50993	0.58789	-2.30446
6951.356	1.37434	-2.69075	0.49182	-2.22717
6955.360	1.43860	-2.70495	0.44825	-2.38608
6959.258	1.40274	-2.60946	0.50354	-2.44742
6963.360	1.50437	-2.78824	0.45602	-2.35370
6967.357	1.45137	-2.74484	0.43450	-2.60210
6971.358	1.48379	-2.76497	0.48944	-2.58495
6975.253	1.38927	-2.74526	0.42016	-2.52808
6979.195	1.43064	-2.69995	0.48341	-2.60982
6983.234	1.35988	-2.51923	0.50441	-2.57453
6987.239	1.32334	-2.54506	0.45783	-2.56445
6991.193	1.31528	-2.61305	0.43003	-2.56243
6995.231	1.27108	-2.65018	0.43127	-2.83228
6999.230	1.33061	-2.66415	0.43661	-2.76916
7003.235	1.29075	-2.71924	0.31712	-2.83856
7007.233	1.25607	-2.64154	0.51488	-2.78158
7011.234	1.24057	-2.50668	0.49316	-2.82070
7015.235	1.22938	-2.63103	0.31689	-2.80049
7019.233	1.24024	-2.54447	0.20398	-2.80487
7023.225	1.30814	-2.75953	0.14067	-2.64304
7027.234	1.41611	-2.72617	0.25609	-2.69938
7031.229	1.33525	-2.76904	0.83736	-2.54859
7035.236	1.43347	-2.82528	0.48969	-2.39611
7039.225	1.44056	-2.79404	0.32992	-2.50723
7043.235	1.39376	-2.72882	0.23577	-2.58410
7047.235	1.47112	-2.86528	0.14729	-2.59436
7051.234	1.51918	-2.73925	0.44371	-2.58588
7055.227	1.53967	-2.92358	0.34975	-2.50826
7059.232	1.55507	-2.95084	0.28074	-2.48063
7063.233	1.55402	-2.83060	0.41221	-2.44798
7067.233	1.37282	-2.70386	0.37720	-2.52195
7071.233	1.46539	-2.69242	0.39415	-2.58922
7075.223	1.57255	-2.79955	0.48510	-2.58701
7079.234	1.45899	-2.90147	0.36074	-2.69469
7083.235	1.37379	-2.91550	0.34543	-2.64848
7087.234	1.43987	-2.75818	0.49805	-2.68797
7091.235	1.50006	-2.70782	0.48741	-2.81560
7095.282	1.30861	-2.49558	0.39581	-2.90323
7099.234	1.12147	-2.60314	0.26205	-2.84519
7103.199	1.22328	-2.54253	0.66675	-2.85153
7107.233	1.35350	-2.61546	0.74119	-2.86479
7111.234	1.29883	-2.75619	0.39884	-2.93480
7115.196	1.26438	-2.89845	0.47689	-2.94464
7119.231	1.34006	-3.09812	0.21001	-2.84617
7123.233	1.42000	-3.16824	0.65186	-2.85587
7127.233	1.45093	-3.06055	0.61650	-2.85183
7131.233	1.47228	-2.72823	0.67414	-2.95043
7135.261	1.43783	-3.15664	0.16623	-2.91674
7139.233	1.40673	-3.13110	0.30233	-2.89939
7143.236	1.50693	-3.07472	0.40586	-2.88568
7147.234	1.51023	-3.14456	0.14404	-2.83718
7151.242	1.41501	-3.23290	0.16360	-2.85389
7155.219	1.37511	-3.19960	0.66203	-2.79189
7159.233	1.57069	-3.17921	0.62483	-2.70088
7163.235	1.52751	-3.10495	0.55069	-2.68877
7167.228	1.59254	-3.12192	0.53086	-2.58277
7171.232	1.66343	-3.08798	0.65347	-2.50368
7175.237	1.63474	-3.12971	0.84250	-2.47258
7179.234	1.65002	-3.06646	0.94400	-2.36708
7183.202	1.58926	-3.11093	0.96509	-2.28129
7187.234	1.64769	-3.21069	0.60337	-2.30882
7191.239	1.72270	-3.28216	0.76235	-2.29547
7195.234	1.79579	-3.26359	0.81987	-2.32437
7199.242	1.77930	-3.28823	0.67838	-2.39008
7203.200	1.74628	-3.32765	0.74598	-2.40902
7207.234	1.67995	-3.39410	0.72595	-2.39635
7211.233	1.61205	-3.34996	0.55600	-2.48332
7215.234	1.61183	-3.30629	0.55287	-2.39080
7219.238	1.50239	-3.31730	0.46793	-2.64896
7223.199	1.39468	-3.27220	0.44336	-2.64314
7227.235	1.52178	-3.14404	0.34295	-2.73791
7231.229	1.49587	-3.05769	0.30414	-2.82163
7235.235	1.53203	-2.97255	0.40090	-2.89592
7239.237	1.60925	-2.77814	0.36618	-2.78243
7243.236	1.50611	-2.59771	0.52304	-2.77401
7247.226	1.49733	-2.51236	0.37568	-2.48457
7251.234	1.54683	-2.36423	0.36586	-2.32736
7255.235	1.91573	-2.27840	0.36347	-2.33217
7259.235	1.91888	-2.19129	0.37794	-2.15468
7263.230	2.26049	-2.08672	0.59808	-1.91468
7267.235	1.66182	-2.05953	0.79362	-1.66635
7271.236	2.29084	-1.53421	1.20824	-0.86616
7275.237	1.78315	-0.98338	0.58463	-0.95745
7279.255	1.98276	-1.14712	1.83516	-1.19438
7283.225	1.88762	-0.96837	1.49222	-1.28961
7287.236	2.04408	-0.77401	1.01330	-1.13349
7291.242	1.44433	-1.41497	0.77876	-1.10793
7295.231	2.17814	-1.79166	1.58029	-0.96640
7299.240	2.06654	-1.37126	1.14451	-0.72747
7303.239	2.45971	-1.01107	1.27413	-1.01205
7307.236	1.93440	-0.86392	0.79136	-0.93383
7311.263	2.09249	-0.72120	0.22172	-0.85183
7315.232	1.85993	-1.43820	0.99866	-0.94175
7319.237	1.56642	-1.74019	0.40787	-1.07355
7323.204	2.22275	-1.83826	0.67226	-1.02783
7327.232	1.88502	-1.79387	0.88768	-0.93957
7331.239	2.12012	-1.75627	0.67868	-1.15391
7335.199	2.07524	-1.96039	0.72382	-1.27865
