time (ms)	lx (deg)	ly (deg)	rx (deg)	ry (deg)
0.000	0.92316	-1.01574	-0.58818	-0.71002
4.000	0.93974	-1.11601	-0.59047	-0.81784
7.999	0.99730	-0.97111	-0.59081	-0.79863
11.999	1.03560	-0.90215	-0.57781	-0.76547
15.997	1.08371	-0.90375	-0.49813	-0.80587
19.998	1.10465	-0.87461	-0.37298	-0.84420
24.000	1.09815	-0.85285	-0.30275	-0.91468
27.997	1.09003	-0.84009	-0.17876	-0.95687
32.000	1.10790	-0.76184	-0.20249	-1.04354
35.999	1.05175	-0.83995	-0.17457	-1.10468
39.997	0.99211	-0.84538	-0.16293	-1.19405
43.998	0.93882	-0.86996	-0.22594	-1.29312
47.994	0.90175	-0.80476	-0.12146	-1.36438
51.999	0.86704	-0.83319	-0.19204	-1.23476
56.000	0.84128	-0.80930	0.09058	-0.94346
60.000	0.87399	-0.79664	-0.00608	-0.86834
63.998	0.83873	-0.81618	-0.00432	-1.01598
67.998	0.84230	-0.89142	-0.06180	-1.15324
71.997	0.84880	-0.94050	-0.13181	-1.24412
76.000	0.82158	-1.03289	-0.26570	-1.25633
79.999	0.92130	-1.21620	-0.20470	-1.42020
84.001	0.90056	-1.05559	-0.25314	-1.53400
87.998	0.98482	-1.00542	-0.14704	-1.31878
92.002	0.91885	-1.20460	-0.17767	-1.31379
95.998	1.01794	-1.21547	-0.06132	-1.39562
99.963	1.07589	-1.25948	-0.08996	-1.22502
103.999	1.21142	-1.33001	-0.03494	-1.15235
107.966	1.24761	-1.31348	0.01745	-0.87427
111.999	1.34135	-1.13244	0.07311	-1.02641
116.009	1.45567	-0.96958	0.07143	-0.87750
120.011	1.46189	-0.89373	0.02933	-0.72183
123.998	0.91885	-0.94414	0.05527	-0.67736
128.000	1.15523	-0.94729	0.03407	-0.67743
131.999	1.00640	-0.78260	0.10247	-0.73199
136.002	1.28090	-0.80595	0.06507	-0.77477
140.003	1.02615	-0.71292	0.10034	-0.80327
143.999	1.00010	-0.60255	0.07376	-0.94664
147.999	0.93001	-0.51166	0.04827	-0.95817
152.002	0.79588	-0.45884	-0.01653	-1.09181
155.992	0.69878	-0.26793	-0.03827	-1.16474
160.003	0.84473	-0.24464	-0.06085	-1.13829
164.002	0.77426	-0.18203	-0.06917	-1.13104
168.002	1.03878	-0.01416	-0.12146	-1.21526
172.001	0.78317	-0.05710	-0.14682	-1.25525
175.993	1.06411	-0.04288	-0.16762	-1.23518
180.000	0.98514	-0.00601	-0.21085	-1.15259
184.004	1.34740	-0.03699	-0.20762	-1.14593
188.003	1.16295	-0.05687	-0.26473	-1.05422
191.900	1.21670	-0.10683	-0.28969	-1.02046
195.969	1.43791	-0.07465	-0.34618	-1.00908
200.002	1.57208	-0.32659	-0.41001	-0.93971
204.003	1.68925	-0.46228	-0.33930	-0.91426
207.899	1.75406	-0.51825	-0.35127	-0.89113
212.000	1.86798	-0.49420	-0.34241	-0.83570
216.005	1.75200	-0.50767	-0.35094	-0.80949
220.005	1.82333	-0.55178	-0.38807	-0.77913
223.900	1.91092	-0.52520	-0.41961	-0.74420
228.002	1.84423	-0.54290	-0.43849	-0.66973
232.003	1.49287	-0.62017	-0.46051	-0.62991
235.985	1.67811	-0.60941	-0.44366	-0.60494
239.895	1.21474	-0.71441	-0.44286	-0.50657
244.001	1.85710	-0.64738	-0.14568	-0.44106
248.004	1.65242	-0.62316	-0.16050	-0.47177
252.000	1.54346	-0.56390	-0.02407	-0.41786
255.901	1.54289	-0.56070	-0.09756	-0.39244
260.004	1.51804	-0.59158	-0.18390	-0.37999
264.003	1.29534	-0.60820	0.03067	-0.38540
268.001	1.41087	-0.68694	0.06428	-0.37711
272.007	1.23384	-0.64973	0.20174	-0.39402
276.001	1.38845	-0.59752	0.19608	-0.36316
279.997	1.52940	-0.54411	0.30416	-0.33883
284.003	1.52030	-0.47981	0.31034	-0.34972
287.902	1.40690	-0.38196	0.30558	-0.42337
292.004	1.26741	-0.27841	0.20611	-0.38493
296.005	1.24947	-0.40072	0.11714	-0.44976
300.004	1.14270	-0.39191	-0.11108	-0.44521
303.879	1.22878	-0.42690	-0.09197	-0.45244
308.003	1.26830	-0.47737	-0.20398	-0.47843
312.002	1.29573	-0.37803	-0.16156	-0.49560
316.012	1.13603	-0.33870	-0.23217	-0.57702
319.903	1.06463	-0.37374	-0.27212	-0.61710
323.966	0.94815	-0.33909	-0.36593	-0.73801
328.006	1.04568	-0.27570	-0.36171	-0.88755
332.003	0.79139	-0.23907	-0.42542	-0.97670
335.903	0.87163	-0.25746	-0.39884	-0.95745
340.002	0.86649	-0.37997	-0.42467	-1.04938
344.001	0.78206	-0.32166	-0.37871	-1.02890
348.005	0.80188	-0.32233	-0.32436	-1.05692
351.903	0.70628	-0.38115	-0.33523	-1.07751
356.003	0.59607	-0.28257	-0.36955	-1.02649
360.003	0.64431	-0.35435	-0.39469	-0.98587
364.005	0.53443	-0.24428	-0.42105	-0.95290
367.902	0.57664	-0.28063	-0.47892	-0.89770
372.004	0.59272	-0.29097	-0.54401	-0.76597
376.004	0.60307	-0.28687	-0.57451	-0.62497
380.003	0.60059	-0.26912	-0.68233	-0.53316
383.902	0.52557	-0.17418	-0.70796	-0.50131
388.004	0.57960	-0.15639	-0.75268	-0.46465
392.007	0.54659	-0.02562	-0.79275	-0.36668
396.004	0.55925	0.00619	-0.88049	-0.28797
399.901	0.58689	0.04212	-0.90096	-0.17772
404.005	0.63201	0.10553	-0.97035	-0.16726
408.005	0.49383	0.17001	-1.09197	-0.06780
412.007	0.34566	0.11599	-1.07721	-0.17299
416.016	0.21092	0.12258	-1.13700	-0.20534
419.985	0.23356	0.17506	-1.08004	-0.28494
424.007	0.15643	0.13230	-1.06237	-0.29677
428.005	0.23150	0.00892	-1.05287	-0.32671
431.902	0.17424	-0.13309	-1.09534	-0.24544
436.004	0.12751	-0.21502	-1.11167	-0.21831
439.968	-0.00923	-0.10844	-1.08227	-0.32976
443.990	0.13689	-0.23487	-1.07507	-0.29625
447.902	0.11900	-0.18845	-0.93155	-0.40267
452.001	0.21857	-0.22275	-0.88604	-0.44864
456.005	0.22060	-0.10404	-0.81414	-0.42798
460.004	0.24716	-0.21196	-0.75307	-0.41822
463.876	0.31905	-0.22003	-0.76238	-0.47931
468.005	0.37370	-0.26066	-0.72747	-0.49753
472.005	0.44460	-0.17921	-0.69412	-0.47425
476.007	0.45691	-0.15279	-0.64565	-0.50159
479.903	0.44941	-0.16258	-0.59292	-0.67566
484.004	0.41159	-0.23087	-0.59047	-0.58274
488.000	0.38139	-0.20130	-0.55826	-0.60922
492.005	0.27237	-0.23912	-0.56230	-0.58885
495.908	0.26947	-0.30179	-0.54890	-0.61946
500.006	0.20053	-0.27257	-0.51106	-0.61097
504.005	0.24626	-0.30166	-0.52220	-0.64893
507.970	0.24277	-0.29093	-0.48093	-0.70543
511.904	0.15826	-0.37681	-0.42835	-0.71182
516.008	0.22884	-0.34915	-0.46564	-0.74282
520.010	0.23475	-0.39748	-0.44770	-0.78044
524.007	0.20750	-0.41758	-0.45897	-0.77244
527.912	0.25445	-0.42508	-0.46897	-0.85330
532.008	0.33623	-0.42873	-0.44435	-0.91867
536.019	0.40398	-0.48275	-0.52823	-1.00041
540.007	0.32620	-0.39911	-0.50644	-1.07277
543.908	0.32526	-0.37121	-0.52131	-1.08578
548.008	0.37573	-0.32238	-0.51972	-1.15399
552.006	0.37323	-0.31182	-0.49245	-1.12044
555.880	0.48011	-0.36290	-0.43691	-1.20569
559.873	0.39522	-0.40818	-0.41239	-1.26670
563.883	0.41241	-0.38557	-0.37663	-1.35536
567.881	0.42683	-0.37707	-0.35042	-1.30585
571.883	0.39432	-0.34750	-0.27771	-1.41346
575.883	0.38427	-0.34561	-0.23333	-1.39591
579.882	0.35873	-0.29480	-0.18479	-1.38966
583.879	0.35926	-0.28628	-0.20018	-1.27442
587.882	0.36854	-0.24516	-0.17246	-1.37183
591.882	0.33923	-0.30014	-0.16677	-1.29086
595.881	0.37013	-0.33794	-0.18439	-1.34493
599.881	0.32806	-0.32984	-0.27299	-1.29605
603.884	0.34625	-0.28782	-0.24289	-1.18751
607.877	0.32940	-0.29050	-0.25584	-1.08875
611.887	0.30138	-0.29170	-0.26803	-1.19794
615.845	0.29141	-0.30283	-0.29560	-1.16662
619.883	0.26629	-0.15178	-0.35633	-1.06454
623.874	0.16256	-0.22309	-0.43857	-1.01962
627.884	0.09011	-0.22290	-0.44189	-1.00765
631.884	0.05026	-0.24986	-0.51446	-0.96173
635.881	0.00201	-0.24086	-0.47572	-0.98082
639.876	-0.03211	-0.12305	-0.52672	-0.99641
643.884	-0.06887	-0.05484	-0.59493	-0.99369
647.885	-0.08014	0.00900	-0.67057	-1.01745
651.884	-0.08259	0.11853	-0.63707	-1.11986
655.875	-0.12354	0.28348	-0.67404	-1.06881
659.874	-0.18028	0.28320	-0.63670	-1.07712
663.881	-0.03901	0.28765	-0.66893	-1.10838
667.885	-0.22988	0.37914	-0.68042	-1.09087
671.879	-0.09704	0.26260	-0.71372	-1.04483
675.880	-0.23899	0.30301	-0.79250	-1.01228
679.881	-0.15173	0.22076	-0.80866	-0.98373
683.880	-0.09716	0.07248	-0.86835	-0.80986
687.875	-0.05534	0.05159	-0.83781	-0.70141
691.885	-0.15618	-0.03834	-0.85721	-0.61805
695.886	-0.04425	-0.18346	-0.70171	-0.69224
699.856	0.01990	-0.28887	-0.68486	-0.62481
703.880	0.14690	-0.32050	-0.69310	-0.52193
707.886	0.11642	-0.41015	-0.51657	-0.47576
711.849	0.51850	-0.33276	-0.48522	-0.44304
715.883	0.49207	-0.24672	-0.48172	-0.46162
719.886	0.54448	-0.23680	-0.44882	-0.52503
723.885	0.57699	-0.20211	-0.38680	-0.57443
727.886	0.65377	-0.27769	-0.39288	-0.62256
731.848	0.72794	-0.24330	-0.39467	-0.87955
735.888	0.70451	-0.36224	-0.35303	-0.78880
739.872	0.74049	-0.30027	-0.42539	-0.70611
743.854	0.81322	-0.23815	-0.43817	-0.65304
747.889	0.86299	-0.32658	-0.43981	-0.74827
751.886	0.76972	-0.28211	-0.52510	-0.82721
755.886	0.74198	-0.36952	-0.45006	-0.88441
759.885	0.69355	-0.41666	-0.48485	-0.87375
763.887	0.56774	-0.46601	-0.36613	-0.81684
767.889	0.52592	-0.53688	-0.35571	-0.70303
771.887	0.50624	-0.54945	-0.37876	-0.68176
775.885	0.53801	-0.60354	-0.34422	-0.67218
779.885	0.47063	-0.64558	-0.34648	-0.62077
783.886	0.46078	-0.66365	-0.32163	-0.58214
787.886	0.35241	-0.69021	-0.25105	-0.63094
791.885	0.35821	-0.71454	-0.26634	-0.66411
795.886	0.37186	-0.72927	-0.27674	-0.59976
799.879	0.39603	-0.73655	-0.30548	-0.59297
803.886	0.45765	-0.74146	-0.34417	-0.61501
807.886	0.51545	-0.74702	-0.44537	-0.65276
811.886	0.62119	-0.70817	-0.46331	-0.70536
815.877	0.62533	-0.67630	-0.43869	-0.71172
819.891	0.69474	-0.62772	-0.49354	-0.72436
823.865	0.70563	-0.63254	-0.52389	-0.70804
827.886	0.74828	-0.67593	-0.62382	-0.88058
831.878	0.83252	-0.71691	-0.65950	-0.96012
835.890	0.85955	-0.64590	-0.68786	-1.04208
839.887	0.82717	-0.71875	-0.66757	-1.06926
843.887	0.73655	-0.62289	-0.69273	-1.11541
847.887	0.67044	-0.46198	-0.64144	-1.16410
851.888	0.78109	-0.31627	-0.63049	-1.16673
855.887	0.77670	-0.27846	-0.59344	-1.24071
859.887	0.65302	-0.08398	-0.53394	-1.27412
863.877	0.62742	0.02291	-0.40879	-1.25343
867.878	0.67149	0.19416	-0.25644	-1.25688
871.886	0.42343	-0.00137	-0.45510	-1.16955
875.887	0.32310	-0.01645	-0.44356	-1.13932
879.877	0.23835	0.08551	-0.36226	-1.13750
883.885	0.12478	0.09892	-0.40586	-1.08446
887.887	0.13838	0.13093	-0.47110	-1.04759
891.887	0.21229	0.08585	-0.50560	-0.99713
895.881	-0.00881	0.12882	-0.52006	-0.98657
899.889	-0.05050	0.15531	-0.48004	-0.93252
903.889	-0.15715	0.13081	-0.52396	-0.86895
907.863	-0.23033	0.10879	-0.55826	-0.84286
911.857	-0.28627	0.08876	-0.55314	-0.87289
915.850	-0.16042	0.11542	-0.53399	-0.83948
919.854	0.11647	0.15948	-0.50791	-0.78386
923.850	0.01874	0.15295	-0.42844	-0.75945
927.886	0.30999	0.18433	-0.39273	-0.73528
931.887	0.37576	0.16452	-0.37099	-0.75051
935.891	0.34618	0.15831	-0.36913	-0.82410
939.889	0.35993	-0.00723	-0.32037	-0.83310
943.891	0.30158	0.06331	-0.33372	-0.87143
947.875	0.10262	-0.04207	-0.38447	-0.70487
951.880	0.26259	0.11503	-0.40110	-0.76477
955.887	0.29357	0.10399	-0.36581	-0.61192
959.889	0.34831	-0.03750	-0.46046	-0.61758
963.887	0.21256	-0.04505	-0.53399	-0.74456
967.891	0.24723	-0.10991	-0.53185	-0.76803
971.886	0.36499	-0.08148	-0.63419	-0.96735
975.881	0.40067	-0.35319	-0.60131	-0.97590
979.887	0.50887	-0.34365	-0.59913	-1.13448
983.852	0.44529	-0.12842	-0.61779	-1.04287
987.890	0.47763	-0.14807	-0.56034	-1.23527
991.882	0.29565	-0.05544	-0.62625	-1.03228
995.890	0.39700	-0.10881	-0.59044	-1.09548
999.886	0.53074	-0.19466	-0.69121	-1.15060
1003.888	0.34340	-0.14986	-0.68620	-1.22303
1007.879	0.58741	-0.32158	-0.65208	-1.26098
1011.888	0.57257	-0.54010	-0.74967	-1.23838
1015.890	0.63555	-0.49880	-0.67248	-1.14872
1019.896	0.66059	-0.42183	-0.67250	-1.02753
1023.883	0.76585	-0.61059	-0.59483	-0.84919
1027.893	0.86746	-0.56628	-0.43547	-0.88737
1031.870	0.97745	-0.34249	-0.31414	-0.65839
1035.892	0.77990	-0.44763	-0.60925	-0.79709
1039.869	0.81781	-0.63726	-0.77531	-0.78630
1043.892	0.76392	-0.60967	-0.63848	-0.78620
1047.890	0.79268	-0.62698	-0.76821	-0.76623
1051.887	0.77029	-0.56644	-0.68570	-0.73517
1055.889	0.76424	-0.49680	-0.66176	-0.70534
1059.890	0.64255	-0.40906	-0.63568	-0.75552
1063.889	0.85783	-0.53644	-0.64511	-0.84505
1067.899	0.85019	-0.50728	-0.53312	-0.87121
1071.881	0.47334	-0.61455	-0.64290	-0.76827
1075.879	0.45644	-0.53308	-0.76843	-0.42227
1079.889	0.56548	-0.42502	-0.75655	-0.63029
1083.890	0.47899	-0.35438	-0.74568	-0.58562
1087.889	0.44922	-0.53328	-0.68580	-0.66218
1091.892	0.35886	-0.59655	-0.56185	-0.72242
1095.892	0.40432	-0.45618	-0.59223	-0.58634
1099.892	0.42648	-0.45348	-0.50627	-0.52197
1103.853	0.53272	-0.64796	-0.40745	-0.55942
1107.892	0.29225	-0.69213	-0.38566	-0.55008
1111.892	0.27974	-0.72083	-0.45807	-0.58014
1115.864	0.11868	-0.55280	-0.40896	-0.62047
1119.910	0.05333	-0.43622	-0.43827	-0.67011
1123.892	0.38849	-0.42503	-0.39038	-0.74211
1127.890	0.42976	-0.46823	-0.45820	-0.81177
1131.889	0.55014	-0.31708	-0.45937	-0.77713
1135.883	0.68255	-0.14188	-0.40090	-0.81130
1139.889	0.81037	-0.43724	-0.40403	-0.99985
1143.893	0.70094	-0.47065	-0.49175	-0.99828
1147.890	0.60205	-0.37241	-0.50671	-1.02918
1151.885	0.78096	-0.36957	-0.60962	-0.99565
1155.877	0.67022	-0.38038	-0.74228	-0.57392
1159.888	0.41207	-0.37516	-0.67511	-0.97129
1163.887	0.53674	-0.48830	-0.66007	-1.00167
1167.855	0.44366	-0.35148	-0.50277	-0.89471
1171.890	0.29374	-0.24382	-0.40477	-1.12636
1175.888	0.27438	-0.40185	-0.46495	-1.04419
1179.890	0.28007	-0.51200	-0.47937	-0.99746
1183.890	0.28389	-0.55409	-0.48306	-0.80754
1187.890	0.17779	-0.67216	-0.37467	-0.74504
1191.889	0.18968	-0.71226	-0.26550	-0.68016
1195.894	0.10212	-0.76265	-0.31451	-0.44461
1199.890	0.09657	-0.84834	-0.40269	-0.67530
1203.892	0.12707	-0.80508	-0.32506	-0.66736
1207.891	0.15206	-0.30485	-0.65454	-0.62032
1211.888	0.28672	-0.19742	-0.64675	-0.64690
1215.863	0.28917	-0.40607	-0.50649	-0.67882
1219.894	0.42547	-0.63761	-0.52699	-0.64881
1223.894	0.50666	-0.69537	-0.38028	-0.58161
1227.893	0.51071	-0.59313	-0.40308	-0.49035
1231.791	0.51103	-0.64886	-0.64168	-0.46290
1235.892	0.47823	-0.69100	-0.71565	-0.67611
1239.871	0.74533	-0.65678	-0.74250	-0.87495
1243.894	0.79022	-0.49675	-0.48795	-0.96139
1247.896	0.75010	-0.59457	-0.58320	-0.84427
1251.891	0.88731	-0.68252	-0.46155	-0.91668
1255.855	0.93237	-0.80562	-0.52875	-0.72533
1259.893	1.06934	-0.80388	-0.55826	-0.44894
1263.790	1.12189	-0.83543	-0.55620	-0.52800
1267.892	1.16237	-0.79352	-0.64094	-0.65672
1271.893	1.16639	-0.85147	-0.64245	-0.76218
1275.894	1.17458	-0.80509	-0.56930	-0.74194
1279.893	1.23538	-0.71707	-0.57096	-0.75695
1283.884	1.26738	-0.73082	-0.52709	-0.53504
1287.894	1.12410	-0.73312	-0.54024	-0.59203
1291.854	1.25284	-0.77822	-0.57543	-0.55419
1295.884	1.27559	-0.75804	-0.58401	-0.53605
1299.893	1.07307	-0.75658	-0.54414	-0.61352
1303.891	1.02183	-0.56466	-0.50833	-0.68285
1307.857	1.05860	-0.54039	-0.61193	-0.74392
1311.798	0.90294	-0.47616	-0.62436	-0.77075
1315.895	0.75273	-0.53116	-0.54332	-0.84907
1319.895	0.65657	-0.56121	-0.52374	-0.90104
1323.859	0.64327	-0.37062	-0.58870	-0.89932
1327.782	0.61260	-0.23926	-0.89036	-0.50012
1331.893	0.23428	0.06578	-0.70379	-0.00159
1335.894	-0.25321	1.71531	-2.02153	0.62437
1339.896	-1.07661	1.71487	-2.22936	1.18712
1343.897	-0.50056	1.82309	-1.56179	1.66234
1347.896	-0.61779	1.80104	-1.53128	1.21649
1351.894	-0.01276	1.48736	-1.49304	0.93428
1355.892	-0.43780	1.49072	-1.75173	0.82917
1359.901	-0.28910	1.63439	-1.85802	0.78884
1363.896	-0.52887	1.60747	-1.93123	0.86941
1367.890	-0.69407	1.58575	-2.00740	1.00684
1371.896	-0.60347	1.69437	-1.95921	1.08326
1375.791	-0.61310	1.70904	-2.03801	1.22874
1379.893	-0.68868	1.72962	-1.96020	1.18417
1383.892	-0.54930	1.87176	-1.60022	0.96020
1387.894	-0.42882	1.80256	-1.55395	0.84842
1391.766	-0.56131	1.86691	-1.34467	0.79073
1395.893	-0.54543	2.00851	-1.38947	0.81940
1399.893	-0.80858	1.92137	-1.22744	0.81543
1403.897	-0.67327	1.85441	-1.35926	0.79952
1407.789	-0.77186	1.83846	-1.10728	0.75150
1411.894	-0.74637	1.77962	-1.17964	0.65717
1415.856	-0.79139	1.70406	-1.17041	0.69947
1419.857	-0.74079	1.71779	-1.14312	0.67886
1423.791	-0.62863	1.54815	-1.21779	0.66369
1427.898	-0.62327	1.69747	-1.33393	0.67283
1431.893	-0.58858	1.77089	-1.49773	0.72861
1435.892	-0.49468	1.60969	-1.60774	0.77201
1439.898	-0.38117	1.48124	-1.67610	0.75793
1443.898	-0.29893	1.52151	-1.63058	0.91822
1447.884	-0.37499	1.67273	-1.73700	0.82888
1451.897	-0.27756	1.62411	-1.83853	0.84830
1455.900	-0.39273	1.44394	-1.86020	0.90309
1459.858	-0.53379	1.79037	-1.88658	0.95546
1463.898	-1.16602	2.01667	-1.86313	0.99704
1467.897	-1.45316	2.33740	-1.86087	0.99081
1471.898	-0.98938	2.20615	-1.83642	1.04622
1475.905	-1.13829	2.16725	-1.88192	1.05535
1479.857	-0.92100	2.18630	-1.85658	1.06058
1483.893	-0.86317	2.19638	-1.76725	1.10974
1487.893	-0.89031	2.28357	-1.76467	1.08886
1491.888	-0.86205	2.24583	-1.74727	1.15921
1495.897	-0.99769	2.31639	-1.71707	1.13711
1499.898	-0.93683	2.39419	-1.74184	1.27674
1503.899	-1.04166	2.36120	-1.68689	1.17842
1507.895	-0.94383	2.22506	-1.72847	1.16397
1511.896	-0.91306	2.20221	-1.73507	1.19221
1515.896	-0.90386	2.19909	-1.77124	1.26364
1519.898	-0.92758	2.18342	-1.75870	1.37211
1523.903	-0.91254	2.11294	-1.69088	1.38487
1527.860	-0.98045	2.18887	-1.71322	1.51397
1531.871	-1.04429	2.10638	-1.55534	1.54381
1535.900	-1.03516	2.08599	-1.29122	1.63677
1539.897	-1.04694	2.06013	-1.30379	1.63912
1543.896	-1.06552	2.02173	-1.19790	1.69032
1547.858	-1.04845	1.92355	-1.31570	1.64698
1551.899	-1.70710	1.96728	-3.73643	1.82316
1555.897	-3.04496	2.32655	-4.56363	1.76431
1559.896	-4.08199	2.06411	-5.30527	1.85525
1563.899	-4.87815	2.11352	-6.88509	1.77624
1567.901	-5.81110	1.97172	-7.58093	1.62503
1571.881	-6.16061	1.91879	-7.32734	1.28696
1575.889	-6.00921	2.18823	-7.22409	1.20885
1579.899	-5.79580	2.26727	-7.21914	1.41145
1583.764	-5.65705	2.05563	-7.06457	1.49258
1587.896	-5.80830	1.96613	-7.00651	1.47808
1591.898	-5.90698	2.13199	-7.08209	1.37599
1595.861	-5.87108	2.15849	-7.20040	1.27182
1599.763	-5.91973	2.18520	-7.20118	1.15617
1603.770	-5.97097	2.06063	-7.26871	0.96622
1607.771	-5.94018	2.10266	-7.10599	1.24207
1611.775	-5.94759	2.07728	-7.05672	1.28516
1615.865	-5.94980	2.00656	-7.03533	1.31396
1619.751	-5.92857	1.90736	-7.01157	1.33200
1623.778	-6.02254	1.85229	-6.90904	1.37092
1627.771	-6.05358	1.81888	-6.76525	1.41679
1631.767	-6.06573	1.79971	-6.80086	1.44418
1635.772	-6.10070	1.85607	-6.84204	1.41661
1639.773	-6.14678	1.83332	-6.71503	1.46456
1643.768	-6.11415	1.78081	-6.75536	1.49371
1647.770	-6.08168	1.84186	-6.69784	1.56065
1651.774	-6.06271	1.84452	-6.75627	1.52926
1655.774	-6.11444	1.90617	-6.85637	1.56635
1659.765	-6.15625	1.89704	-6.82046	1.55071
1663.740	-6.07862	1.90765	-6.76804	1.54927
1667.777	-6.00430	1.90429	-6.83861	1.57173
1671.738	-5.98459	1.97431	-6.89509	1.56824
1675.773	-6.02372	2.00905	-6.94137	1.53432
1679.774	-5.95160	1.98897	-6.92797	1.53268
1683.774	-5.94062	1.97423	-6.95176	1.52147
1687.772	-5.95840	2.02242	-6.92454	1.51066
1691.771	-5.92663	1.94492	-6.94888	1.50607
1695.775	-5.97121	1.94045	-6.94235	1.52938
1699.777	-5.89723	1.89893	-6.92784	1.53054
1703.740	-5.84055	1.85714	-6.91816	1.54078
1707.772	-5.84925	1.83852	-6.95763	1.52586
1711.769	-5.87265	1.81103	-6.95981	1.48212
1715.773	-5.87779	1.90621	-7.00766	1.41535
1719.774	-5.88078	1.89002	-7.01252	1.36562
1723.778	-5.86560	1.91301	-7.03206	1.33492
1727.800	-5.84687	1.94930	-7.05709	1.31171
1731.774	-5.83891	1.89165	-7.06034	1.38285
1735.777	-5.83122	1.88701	-7.02196	1.37037
1739.779	-5.80312	1.94400	-7.01907	1.41672
1743.734	-5.85853	1.94321	-6.92065	1.41184
1747.771	-5.99920	2.03214	-6.90466	1.39160
1751.776	-6.02354	2.10713	-6.96355	1.50597
1755.775	-6.14756	2.13166	-6.95413	1.54431
1759.777	-6.09120	2.18918	-6.94139	1.56991
1763.777	-6.10445	2.18962	-6.74858	1.60492
1767.777	-6.14182	2.21971	-6.64755	1.55933
1771.777	-6.24806	2.27002	-6.56909	1.61155
1775.770	-6.21833	2.42145	-6.54712	1.54691
1779.776	-6.24992	2.39166	-6.54727	1.52794
1783.790	-6.29837	2.40762	-6.64246	1.39324
1787.771	-6.29958	2.38759	-6.70083	1.32224
1791.741	-6.18603	2.36317	-6.83068	1.28420
1795.773	-6.16922	2.31708	-6.70242	1.31974
1799.776	-6.13149	2.25824	-6.76214	1.24393
1803.776	-6.18654	2.19952	-6.76584	1.32586
1807.778	-6.20710	2.07068	-6.84485	1.33378
1811.778	-6.27493	1.99441	-6.94976	1.28255
1815.775	-6.07808	1.94317	-6.86471	1.33468
1819.777	-5.13663	1.93007	-6.75421	1.25468
1823.780	-3.37292	2.03501	-5.41472	1.32324
1827.777	-0.88376	1.84908	-2.64970	1.31805
1831.775	0.75491	1.53520	-0.86309	1.24009
1835.777	1.68702	0.90317	0.03162	1.24917
1839.767	2.30315	0.50129	1.04654	1.13880
1843.778	2.55472	0.60862	1.28839	1.07768
1847.779	3.05553	0.17000	1.87778	0.98246
1851.775	3.06323	0.13784	1.86142	0.87587
1855.814	2.85217	0.23945	1.83070	0.88396
1859.777	3.17703	0.03625	1.78639	0.75319
1863.780	3.20526	-0.10956	1.97552	0.64184
1867.771	3.27606	-0.02689	2.09256	0.55377
1871.804	3.34964	-0.07405	2.10954	0.64837
1875.777	3.28847	0.00710	2.24483	0.62338
1879.777	3.25686	0.05602	2.31520	0.58691
1883.776	3.30908	0.12223	2.31715	0.54175
1887.805	3.33235	-0.06792	2.34022	0.51922
1891.777	3.31398	-0.05842	2.31490	0.48393
1895.775	3.29399	-0.07713	2.30858	0.52038
1899.777	3.32976	-0.03406	2.29101	0.55243
1903.802	3.30497	-0.07058	2.35035	0.53426
1907.776	3.28578	0.01831	2.32625	0.53072
1911.776	3.29434	-0.02602	2.29964	0.55382
1915.777	3.32137	-0.08951	2.29409	0.55531
1919.802	3.32162	-0.07559	2.28145	0.52433
1923.738	3.36193	0.03126	2.24787	0.52584
1927.775	3.39300	0.02525	2.21799	0.49143
1931.781	3.44520	0.06504	2.24351	0.44420
1935.798	3.47930	0.02736	2.29679	0.48510
1939.779	3.50781	0.09713	2.29706	0.42283
1943.778	3.51886	0.07279	2.32288	0.37523
1947.780	3.56460	-0.03782	2.27736	0.35084
1951.801	3.54497	-0.03943	2.31324	0.48030
1955.775	3.49248	-0.02262	2.32793	0.47437
1959.777	3.44683	-0.06571	2.33586	0.43022
1963.778	3.46840	-0.02056	2.33678	0.46910
1967.803	3.48855	-0.16970	2.31267	0.52246
1971.780	3.51312	-0.22885	2.32285	0.52206
1975.779	3.47846	-0.16936	2.36589	0.51023
1979.778	3.43207	-0.16542	2.33569	0.46426
1983.804	3.42893	-0.12152	2.30781	0.55235
1987.780	3.33310	0.06117	2.36549	0.54645
1991.777	3.31922	0.03617	2.41975	0.49836
1995.754	3.31244	0.02153	2.40565	0.50669
1999.780	3.24476	0.12563	2.40251	0.50527
2003.741	3.24283	0.11206	2.45758	0.53929
2007.781	3.18581	0.25282	2.40701	0.50155
2011.741	3.19360	0.11735	2.48653	0.47282
2015.805	3.13083	0.13738	2.46736	0.30337
2019.781	3.08773	0.17721	2.47162	0.33676
2023.780	3.03811	0.11501	2.44883	0.34608
2027.781	3.01588	0.16589	2.44962	0.38629
2031.803	2.94572	0.09259	2.43793	0.28292
2035.781	2.89935	-0.02194	2.44422	0.36085
2039.777	2.90844	-0.02085	2.43233	0.37066
2043.781	2.91582	-0.09909	2.44866	0.30209
2047.804	2.90176	-0.12424	2.40077	0.27009
2051.779	2.94272	-0.12607	2.38224	0.31335
2055.778	2.99742	-0.04933	2.28950	0.27357
2059.779	2.98574	-0.07943	2.26420	0.33331
2063.803	3.02633	-0.10489	2.06585	0.37686
2067.778	3.08637	-0.02394	2.13212	0.42849
2071.779	3.13368	-0.14870	2.06828	0.42369
2075.769	3.18564	-0.18546	2.04741	0.34513
2079.782	3.23618	-0.18825	2.00120	0.33709
2083.780	3.22077	-0.20860	1.91224	0.41993
2087.779	3.25377	-0.23524	1.84200	0.52219
2091.780	3.27680	-0.29572	1.78634	0.52914
2095.785	3.24763	-0.28473	1.71930	0.46915
2099.779	3.26418	-0.27228	1.77382	0.52398
2103.782	3.26280	-0.22638	1.71823	0.50226
2107.743	3.26067	-0.10849	1.81850	0.47497
2111.782	3.24417	-0.06840	1.93990	0.41863
2115.783	3.23932	-0.09031	1.91655	0.29313
2119.781	3.20031	-0.11502	1.95401	0.27574
2123.778	3.22074	-0.12115	2.01605	0.33711
2127.785	3.20793	-0.15534	2.11437	0.27082
2131.782	3.21740	-0.16126	2.14942	0.19654
2135.779	3.21973	-0.14936	2.27102	0.12936
2139.779	3.17032	-0.17005	2.26785	0.10183
2143.784	3.11502	-0.22748	2.32585	0.07595
2147.781	3.10012	-0.10890	2.32149	0.03228
2151.744	3.07572	-0.12501	2.32553	0.06880
2155.781	3.03499	-0.24281	2.32431	0.12459
2159.767	3.09312	-0.22140	2.34738	0.08712
2163.780	3.08874	-0.17126	2.33031	0.05522
2167.780	3.12069	-0.10275	2.28299	0.07327
2171.781	3.15082	-0.05069	2.26564	0.06855
2175.784	4.03206	-0.43995	2.45324	-0.02746
2179.779	4.90856	-1.02141	3.32325	-0.81653
2183.778	5.02733	-1.30674	4.19129	-1.41191
2187.779	5.37069	-1.52986	4.66087	-1.52390
2191.780	5.31450	-1.97509	4.39323	-0.95067
2195.786	5.62798	-2.67558	4.56686	-1.19378
2199.780	5.59221	-2.93568	4.69529	-1.41951
2203.784	5.61868	-3.01543	4.51006	-1.57259
2207.784	5.63515	-2.85947	4.62902	-1.50716
2211.780	5.66609	-2.63131	4.68282	-1.66392
2215.781	5.78961	-2.76343	4.60895	-1.75076
2219.784	5.82113	-2.58619	4.69401	-1.75757
2223.783	6.07062	-2.57074	4.72896	-1.86236
2227.781	6.03415	-2.50851	4.74528	-1.98263
2231.780	6.01198	-2.48896	4.68040	-1.90652
2235.782	5.84728	-2.35840	4.67954	-1.94477
2239.784	5.71878	-2.29577	4.65774	-1.97427
2243.763	5.59526	-2.26300	4.61674	-2.00016
2247.781	5.53350	-2.19204	4.60431	-1.98392
2251.785	5.60829	-2.12140	4.58476	-2.04928
2255.786	5.54317	-2.08298	4.55265	-2.02615
2259.784	5.41969	-2.03721	4.53916	-2.01287
2263.782	5.31635	-2.03536	4.48396	-2.01619
2267.783	5.25938	-1.99692	4.44469	-2.02635
2271.784	5.22840	-2.02129	4.39311	-2.02275
2275.745	5.19352	-2.03069	4.36256	-2.02076
2279.782	5.19384	-2.02315	4.34776	-2.04146
2283.782	5.17427	-2.07912	4.41946	-2.08548
2287.783	5.24996	-2.06768	4.43246	-2.10531
2291.783	5.22360	-2.08726	4.48088	-2.16351
2295.781	5.17883	-2.12369	4.43216	-2.16597
2299.787	5.17853	-2.16101	4.42738	-2.20104
2303.786	5.18884	-2.19851	4.49538	-2.21573
2307.745	5.20078	-2.16457	4.53813	-2.23069
2311.784	5.21927	-2.14194	4.56067	-2.30481
2315.782	5.27951	-2.07218	4.62554	-2.29681
2319.788	5.35970	-2.06776	4.65715	-2.29463
2323.785	5.37507	-2.20331	4.62333	-2.23895
2327.755	5.47513	-2.16118	4.61381	-2.16936
2331.783	5.58004	-2.26745	4.65264	-2.03333
2335.789	5.62362	-2.42689	4.54249	-1.90855
2339.785	5.58162	-2.40230	4.61462	-1.77715
2343.787	5.61945	-2.37722	4.60101	-1.89409
2347.784	5.71468	-2.37838	4.65010	-1.82778
2351.785	5.79899	-2.34989	4.66292	-1.71814
2355.745	5.87562	-2.41521	4.71269	-1.58308
2359.784	5.97831	-2.45053	4.72307	-1.77823
2363.789	6.00094	-2.56273	4.66568	-1.68675
2367.772	5.98808	-2.61318	4.70821	-1.69556
2371.785	5.94752	-2.59806	4.80298	-1.68187
2375.783	5.81312	-2.62375	4.82000	-1.68383
2379.785	5.80759	-2.59353	4.86561	-1.74652
2383.786	5.81317	-2.61413	4.88286	-1.84702
2387.786	5.80852	-2.65140	4.90979	-1.88518
2391.787	5.70571	-2.65718	5.01066	-1.90792
2395.785	5.63896	-2.63960	4.82469	-2.12106
2399.787	5.63763	-2.60266	4.96428	-2.00998
2403.786	5.53390	-2.60826	4.95270	-2.00747
2407.787	5.53527	-2.58688	5.01127	-2.03174
2411.780	5.49827	-2.56324	5.08855	-2.06249
2415.789	5.47223	-2.52674	5.05993	-2.14952
2419.748	5.52514	-2.76200	4.92563	-2.14561
2423.788	5.54732	-2.58243	4.10505	-2.12143
2427.792	4.80524	-2.22002	3.17547	-1.88872
2431.793	2.79288	-1.59730	0.56292	-1.32252
2435.785	0.85406	-0.87147	-0.70816	-0.46521
2439.786	-1.31153	0.12990	-3.36505	-0.26054
2443.781	-2.29463	0.62277	-5.41620	-0.76150
2447.791	-4.28542	0.82860	-6.57781	-0.16502
2451.765	-5.11359	1.10026	-7.14225	0.23936
2455.785	-6.44491	1.27926	-7.77485	0.52229
2459.787	-6.89757	1.57188	-9.16915	0.66294
2463.682	-7.65505	1.83246	-9.79296	0.92193
2467.785	-7.74294	1.62222	-9.68293	0.98289
2471.786	-7.71425	2.12523	-8.82007	1.16172
2475.787	-7.36918	1.78130	-8.53166	1.19067
2479.789	-7.64756	2.02534	-8.67726	1.24281
2483.786	-7.98856	2.01813	-9.05463	1.37280
2487.787	-7.85300	2.06071	-8.87593	1.38707
2491.775	-7.89420	2.16777	-8.97588	1.40337
2495.788	-7.91799	2.11692	-8.90834	1.43118
2499.788	-7.89912	2.20894	-8.99160	1.50522
2503.789	-7.97271	2.20889	-8.90250	1.54587
2507.787	-7.96950	2.20448	-8.87062	1.58271
2511.789	-8.06548	2.19939	-8.84045	1.61260
2515.787	-8.07078	2.17846	-8.83020	1.59635
2519.789	-8.11277	2.21316	-8.80095	1.60757
2523.787	-8.12824	2.15513	-8.81937	1.60437
2527.793	-8.11880	2.19675	-8.75165	1.55597
2531.789	-8.10484	2.18722	-8.71353	1.52435
2535.754	-8.08022	2.17723	-8.75344	1.54087
2539.785	-8.13271	2.20112	-8.71523	1.54079
2543.789	-8.14028	2.19371	-8.66183	1.45555
2547.785	-8.15436	2.23327	-8.59796	1.36185
2551.751	-8.12062	2.25372	-8.58119	1.20876
2555.786	-8.12252	2.27886	-8.50583	1.16741
2559.788	-8.12566	2.29164	-8.46728	1.15583
2563.787	-8.11038	2.24093	-8.42704	1.12020
2567.787	-8.09628	2.32113	-8.43064	1.14894
2571.792	-8.12936	2.29191	-8.41153	1.15212
2575.784	-8.10829	2.17438	-8.41548	1.25179
2579.787	-8.14701	2.10401	-8.38007	1.29830
2583.789	-8.15022	1.96514	-8.39907	1.40658
2587.788	-8.13191	1.93417	-8.41976	1.50538
2591.793	-8.17607	1.83219	-8.46012	1.54465
2595.788	-8.25822	1.89723	-8.45121	1.68568
2599.787	-8.29241	1.84482	-8.48644	1.67010
2603.789	-8.33836	1.94947	-8.50299	1.61736
2607.791	-8.41133	2.12977	-8.54809	1.54144
2611.782	-8.40307	1.98740	-8.54712	1.57467
2615.790	-8.37500	1.95958	-8.49394	1.56931
2619.784	-8.35573	1.95614	-8.53811	1.65144
2623.656	-8.41026	1.97482	-8.59373	1.62849
2627.682	-8.42867	2.07459	-8.55624	1.64463
2631.665	-8.46325	2.00035	-8.50641	1.66319
2635.663	-8.46068	2.04961	-8.53282	1.64918
2639.689	-8.39163	2.00082	-8.62591	1.44832
2643.661	-8.27312	2.06646	-8.62142	1.39310
2647.660	-8.35823	2.14980	-8.56755	1.36154
2651.663	-8.32106	2.13147	-8.47794	1.34589
2655.666	-8.29846	2.22610	-8.51705	1.35123
2659.665	-8.33326	2.11144	-8.55828	1.39242
2663.648	-8.34305	2.08595	-8.45905	1.36419
2667.661	-8.31579	1.99683	-8.50387	1.29479
2671.658	-8.34784	1.89515	-8.56493	1.29620
2675.663	-8.32344	1.92865	-8.57952	1.36501
2679.663	-8.31844	1.89392	-8.57949	1.42051
2683.627	-8.39214	2.03649	-8.63901	1.46099
2687.685	-8.40494	2.08187	-8.68853	1.66050
2691.666	-8.36722	2.22104	-8.75012	1.70855
2695.664	-8.39984	2.18455	-8.66299	1.79403
2699.663	-8.38551	1.99083	-8.76321	1.75874
2703.693	-8.44331	1.87988	-8.80801	1.72509
2707.664	-8.45135	1.80905	-8.82383	1.76699
2711.663	-8.48355	1.88830	-8.86723	1.74475
2715.630	-8.42122	1.98576	-8.85029	1.71760
2719.686	-8.43705	1.77759	-8.84767	1.64056
2723.666	-8.41791	1.86468	-8.89744	1.65400
2727.664	-8.37249	1.77160	-8.82381	1.69547
2731.671	-8.39207	1.79233	-8.79722	1.61050
2735.668	-8.43193	1.63276	-8.76459	1.60478
2739.666	-8.40412	1.59857	-8.81452	1.58302
2743.627	-8.30612	1.58585	-8.80338	1.55392
2747.667	-8.11554	1.60212	-8.84489	1.53566
2751.686	-8.36171	1.77211	-8.87578	1.65196
2755.665	-8.34494	1.62876	-8.79916	1.68671
2759.666	-8.39010	1.53957	-8.76493	1.63246
2763.664	-8.46747	1.64352	-8.94944	1.61018
2767.691	-8.45927	1.60269	-8.90960	1.54626
2771.669	-8.43831	1.66633	-8.92064	1.47904
2775.664	-8.45244	1.69130	-8.90650	1.48020
2779.666	-8.37004	1.67817	-8.83272	1.59818
2783.696	-8.43603	1.70078	-8.80682	1.56249
2787.663	-8.43814	1.66474	-8.79669	1.50730
2791.659	-8.53697	1.86945	-8.79412	1.47948
2795.664	-8.48413	1.73452	-8.80112	1.38190
2799.688	-8.42632	1.78832	-8.85582	1.49454
2803.668	-8.36926	1.64374	-8.81147	1.40694
2807.668	-8.32920	1.62781	-8.76457	1.35241
2811.668	-8.33287	1.73653	-8.68548	1.31442
2815.661	-8.29438	1.61997	-8.68827	1.28512
2819.630	-8.28566	1.79651	-8.69239	1.32633
2823.667	-8.33848	1.72574	-8.72236	1.20303
2827.666	-8.36287	1.97400	-8.73509	1.18210
2831.671	-8.33238	1.94673	-8.74828	1.19269
2835.686	-8.00387	1.90517	-8.42051	1.25974
2839.668	-5.06178	2.17085	-6.57668	1.76893
2843.667	-2.63655	2.71991	-4.76675	2.51566
2847.690	-0.96561	4.07963	-3.29815	2.89847
2851.668	-0.09902	4.22139	-1.57810	4.06089
2855.666	0.08584	4.60371	-0.24631	4.68807
2859.668	1.48257	4.77552	-0.11893	5.16403
2863.691	3.02908	4.67819	0.49818	5.12069
2867.669	3.97590	4.95488	1.68297	5.03930
2871.651	3.74760	5.43006	3.00507	5.49153
2875.666	3.28899	5.32043	1.30017	5.74813
2879.687	3.13650	5.25694	1.55856	5.71363
2883.668	3.24741	5.00761	1.69959	5.74633
2887.668	3.75702	5.12100	2.28960	5.60008
2891.668	3.91595	5.29917	2.56396	5.69829
2895.692	4.01233	5.39191	2.49885	5.71910
2899.664	3.61293	5.48902	2.50908	5.79460
2903.668	3.40193	5.55668	2.41420	5.68537
2907.666	3.65359	5.57277	2.37444	5.63070
2911.693	3.46464	5.65564	2.12654	5.67781
2915.629	3.33940	5.59630	2.25080	5.79145
2919.668	3.32963	5.59660	2.13611	5.88172
2923.632	3.12697	5.62275	1.84595	5.93435
2927.693	2.90945	5.70988	1.92971	5.37153
2931.668	3.35380	5.71148	2.22416	5.47362
2935.670	3.28212	5.76580	2.11633	5.57825
2939.670	3.08654	5.82068	2.00433	5.75253
2943.702	3.31504	5.80522	2.11849	5.59442
2947.668	3.21067	5.84871	2.16976	5.80251
2951.670	3.10735	5.90085	2.10714	5.71899
2955.647	3.01145	5.84579	2.09281	5.78832
2959.691	3.19496	5.86233	2.28435	5.89767
2963.666	3.12544	5.84229	2.30965	5.50646
2967.668	3.18207	5.77730	2.16959	5.69199
2971.667	3.20770	5.76293	2.31743	5.71512
2975.666	3.19825	5.83143	2.26125	5.78822
2979.670	3.21683	5.72962	2.21298	5.99781
2983.630	3.14847	5.71084	2.19653	5.74140
2987.670	3.07773	5.66813	2.11618	5.80067
2991.694	3.07224	5.64405	2.14714	5.64274
2995.665	3.12225	5.67354	2.28846	5.37859
2999.664	3.41699	5.65614	2.07489	5.39656
3003.667	3.36104	5.64303	2.02083	5.42900
3007.695	3.25555	5.67495	1.96828	5.34219
3011.668	3.41679	5.71673	2.06089	5.39788
3015.633	3.41434	5.70928	2.12962	5.54912
3019.669	3.52605	5.69690	1.98222	5.34923
3023.691	3.48083	5.75603	2.08830	5.17969
3027.669	3.35704	5.76910	2.00988	5.17549
3031.676	3.49765	5.81922	2.25313	5.06981
3035.671	3.53196	5.86950	2.13472	5.08837
3039.688	3.50165	5.77589	1.99580	5.15784
3043.632	3.37598	5.76567	2.05960	5.20360
3047.671	3.25627	5.82375	2.17522	5.12728
3051.669	3.18710	5.82727	2.27585	5.11398
3055.693	3.01259	5.83480	2.39624	5.08031
3059.671	2.95030	5.74884	2.37860	5.04165
3063.672	2.93030	5.76496	2.42634	5.05274
3067.670	2.87306	5.77515	2.22840	5.09572
3071.696	2.99549	5.70333	2.47229	5.06490
3075.671	2.94089	5.63377	2.41088	5.15880
3079.655	2.97577	5.60002	2.43236	5.14454
3083.668	3.01106	5.63601	2.40994	5.09549
3087.691	3.07911	5.67571	2.41078	5.01232
3091.673	3.11433	5.60952	2.37149	5.05466
3095.672	3.18094	5.61425	2.40062	5.06907
3099.670	3.12722	5.62086	2.41762	4.97252
3103.695	3.19390	5.69900	2.41427	5.41736
3107.673	3.48575	5.61415	2.52822	5.13602
3111.672	5.45639	5.04255	2.92114	4.73936
3115.671	5.91678	2.55269	4.21175	2.09949
3119.673	6.23391	0.46125	4.44536	1.03571
3123.638	6.33721	0.05826	4.19341	0.05519
3127.672	5.61863	-0.00739	4.39074	-0.03991
3131.682	5.93787	-0.92904	4.21002	-0.45298
3135.664	5.60411	-1.21346	3.44587	-0.22510
3139.669	5.86747	-1.12751	3.70371	-0.34617
3143.671	6.14604	-0.75879	3.61357	-0.41636
3147.673	5.87589	-0.52597	3.74849	-0.42990
3151.671	5.74134	-0.76585	3.91111	-0.46954
3155.674	5.89964	-0.58685	3.84209	-0.66535
3159.685	5.75527	-0.73384	4.16031	-0.69604
3163.651	5.70173	-0.86911	4.09310	-0.95654
3167.675	5.73608	-0.92467	4.29034	-1.23202
3171.674	5.68804	-1.21450	4.14335	-1.40818
3175.670	5.76463	-0.94541	4.30652	-1.00112
3179.674	5.80354	-0.89683	4.23298	-0.96210
3183.673	5.92984	-0.91677	4.35635	-0.94839
3187.671	5.87948	-0.88922	4.37564	-1.04014
3191.671	5.79956	-1.03159	4.27531	-1.04369
3195.674	5.89151	-0.93485	4.31768	-0.94571
3199.674	5.82722	-0.90033	4.30072	-0.86005
3203.667	5.80437	-0.98366	4.29278	-0.89206
3207.664	5.87138	-0.81300	4.13490	-0.84207
3211.670	5.82606	-0.85345	4.12031	-0.75570
3215.678	5.87459	-0.87188	4.08355	-0.72357
3219.674	5.85396	-0.79352	4.08002	-0.69804
3223.674	5.90615	-0.77753	4.02016	-0.68166
3227.645	5.77819	-0.83572	4.04100	-0.72103
3231.677	5.76254	-0.97058	4.03673	-0.66103
3235.638	5.78804	-0.83712	4.03191	-0.70252
3239.675	5.74630	-0.78601	3.99707	-0.67868
3243.673	5.82216	-0.94616	4.06362	-0.66911
3247.675	5.88169	-0.94082	4.05633	-0.64865
3251.673	5.86995	-0.99320	4.12317	-0.67236
3255.675	5.80988	-0.95938	4.13453	-0.67267
3259.672	5.86769	-1.02247	4.22301	-0.67460
3263.677	5.86447	-1.08309	4.23468	-0.57399
3267.674	5.74387	-1.06258	4.23705	-0.54842
3271.674	5.83100	-1.04411	4.25507	-0.60963
3275.672	5.78450	-0.98226	4.31297	-0.66310
3279.674	5.65282	-1.01410	4.41339	-0.70780
3283.676	5.71094	-1.14824	4.49950	-0.77962
3287.673	5.62751	-1.16754	4.48668	-0.80363
3291.634	5.69470	-1.19674	4.46305	-0.88775
3295.676	5.57852	-1.14207	4.49980	-0.91101
3299.675	5.57247	-1.09790	4.42165	-1.00282
3303.676	5.72598	-1.18365	4.52286	-1.06987
3307.669	5.67293	-1.16141	4.49168	-1.16184
3311.677	5.81749	-1.35637	4.49097	-1.17912
3315.676	5.80916	-1.19583	4.43110	-1.20004
3319.677	5.85121	-1.20128	4.31274	-1.20008
3323.675	6.00320	-1.34189	4.28757	-1.17263
3327.680	5.89709	-1.19369	4.18410	-1.02759
3331.641	5.98380	-1.23537	4.14233	-0.98637
3335.675	6.07329	-1.12919	4.30680	-0.95554
3339.676	6.00744	-1.14375	4.13451	-0.92664
3343.679	4.96480	-1.03298	3.66980	-0.89343
3347.673	3.74876	-1.25515	1.39408	-0.81448
3351.675	2.11504	-1.67009	-0.42480	-1.42151
3355.677	1.24570	-1.22888	-1.15178	-1.69614
3359.679	1.07976	-1.57335	-1.11445	-1.82806
3363.679	1.25443	-1.75326	-0.92758	-2.03653
3367.676	1.27135	-1.61467	-0.36146	-2.24157
3371.689	1.40844	-1.81981	-0.20303	-2.27011
3375.679	1.55184	-1.86185	-0.05517	-2.24757
3379.676	1.80955	-1.94119	-0.16087	-2.19327
3383.674	1.56491	-2.01815	-0.27026	-2.26821
3387.674	1.27234	-2.50901	-0.38621	-2.24725
3391.680	1.32743	-2.33182	-0.48619	-2.25191
3395.677	1.26609	-2.47246	-0.55111	-2.24069
3399.671	1.17175	-2.79667	-0.24463	-2.28571
3403.674	1.12454	-2.54988	-0.23423	-2.27874
3407.675	1.14526	-2.77791	-0.22321	-2.28648
3411.673	1.17530	-2.73530	-0.24545	-2.24266
3415.667	1.14290	-2.53082	-0.22333	-2.21379
3419.673	0.99008	-2.44624	-0.24242	-2.19899
3423.678	0.94641	-2.50060	-0.29180	-2.23065
3427.677	0.90106	-2.41654	-0.35839	-2.23033
3431.675	0.90443	-2.22298	-0.39464	-2.26605
3435.680	0.88272	-2.24740	-0.32724	-2.29177
3439.678	0.83456	-2.41350	-0.26771	-2.33066
3443.678	0.82084	-2.43784	-0.26582	-2.34653
3447.677	0.79297	-2.62913	-0.36164	-2.42133
3451.677	0.79861	-2.46916	-0.39025	-2.38044
3455.576	0.76300	-2.46499	-0.36591	-2.28511
3459.677	0.76352	-2.49611	-0.40115	-2.42300
3463.676	0.81704	-2.62264	-0.49364	-2.39504
3467.679	0.85044	-2.54263	-0.44879	-2.49975
3471.682	0.92098	-2.42897	-0.42117	-2.49435
3475.676	1.01174	-2.39689	-0.40509	-2.20618
3479.677	0.89699	-2.48484	-0.31478	-2.00857
3483.640	1.00638	-2.53537	-0.39082	-2.02506
3487.681	1.09031	-2.46622	-0.44981	-1.86258
3491.677	1.13782	-2.48572	-0.42403	-1.86591
3495.665	1.17609	-2.41005	-0.36635	-1.88402
3499.672	1.25724	-2.46399	-0.46229	-1.98916
3503.679	1.29412	-2.41468	-0.44395	-2.02157
3507.677	1.35159	-2.37916	-0.42405	-2.03553
3511.675	1.39559	-2.40513	-0.39926	-2.01295
3515.678	1.42952	-2.41251	-0.43420	-2.05498
3519.681	1.48069	-2.43319	-0.44398	-1.99738
3523.675	1.45812	-2.37819	-0.48140	-2.08264
3527.676	1.50264	-2.33573	-0.48721	-2.01826
3531.679	1.51663	-2.20204	-0.51833	-1.93811
3535.687	1.51484	-2.13802	-0.53364	-1.90048
3539.650	1.54991	-2.21108	-0.59176	-1.65264
3543.640	1.51767	-2.16994	-0.50860	-1.96775
3547.679	1.50413	-2.10452	-0.46341	-1.89022
3551.680	1.44912	-2.14319	-0.31928	-1.91945
3555.642	1.45071	-2.09194	-0.20812	-1.98898
3559.681	1.38317	-2.04667	-0.31168	-1.90751
3563.681	1.37230	-2.04956	-0.29488	-1.86214
3567.677	1.34289	-2.09620	-0.25537	-1.83402
3571.679	1.28648	-2.21359	-0.32337	-1.76383
3575.679	1.28269	-2.24946	-0.26450	-1.86390
3579.659	1.22271	-2.31455	-0.27111	-1.89101
3583.686	1.23630	-2.39507	-0.28972	-1.93700
3587.676	1.21660	-2.45391	-0.14871	-1.90080
3591.678	1.20462	-2.41809	-0.13511	-1.85563
3595.680	1.20097	-2.41375	-0.23812	-1.83318
3599.679	1.17575	-2.35914	-0.22308	-1.77330
3603.677	1.14806	-2.34517	-0.20832	-1.73708
3607.681	1.07570	-2.34947	-0.20953	-1.67777
3611.680	0.98293	-2.34904	-0.25026	-1.68891
3615.582	0.97457	-2.27672	-0.22137	-1.72109
3619.673	0.87555	-2.32639	-0.21668	-1.72224
3623.680	0.88235	-2.37136	-0.25684	-1.77657
3627.681	0.99176	-2.27671	-0.10054	-1.76718
3631.681	1.29613	-2.18384	-0.00633	-1.76537
3635.681	3.31959	-2.14992	0.74878	-1.72466
3639.677	4.69894	-2.07025	2.80092	-1.60969
3643.679	5.90072	-2.03352	3.92741	-1.53210
3647.681	6.58095	-2.02645	4.71378	-1.39536
3651.682	6.85527	-2.02890	5.36629	-1.64156
3655.681	7.04235	-1.99913	5.50478	-1.38672
3659.682	6.79538	-1.92629	5.42082	-1.21186
3663.517	6.74428	-1.88584	5.31042	-1.25162
3667.555	6.64976	-1.81641	5.26211	-1.33677
3671.514	6.76312	-1.80706	5.26110	-1.32030
3675.518	6.81094	-1.78282	5.34966	-1.18010
3679.551	6.89439	-1.69659	5.51145	-1.16438
3683.554	6.87342	-1.76800	5.59558	-1.18174
3687.555	6.89057	-1.78967	5.79094	-1.29147
3691.554	7.02032	-1.88492	5.91747	-1.35442
3695.557	6.95049	-1.95776	6.01019	-1.29753
3699.556	6.88039	-1.94630	5.92881	-1.34397
3703.554	7.05596	-2.18092	5.92532	-1.35305
3707.552	7.14059	-2.28599	6.02565	-1.39113
3711.547	7.09204	-2.33879	5.92535	-1.38765
3715.555	7.18352	-2.27913	5.99345	-1.36103
3719.555	7.26644	-2.33352	5.98027	-1.38635
3723.556	7.21931	-2.32195	5.98493	-1.37461
3727.553	7.25548	-2.36259	6.06024	-1.47727
3731.554	7.23782	-2.43249	6.02460	-1.54540
3735.559	7.25301	-2.40672	5.95734	-1.50203
3739.555	7.20512	-2.33822	5.91845	-1.51031
3743.555	7.23291	-2.37226	5.90681	-1.54727
3747.560	7.18269	-2.33656	5.89547	-1.54051
3751.536	7.15362	-2.40927	5.84397	-1.58294
3755.553	7.09727	-2.32087	5.83940	-1.60600
3759.581	7.08532	-2.35916	5.81381	-1.59918
3763.555	7.03878	-2.40007	5.80428	-1.63744
3767.558	7.05051	-2.45956	5.77937	-1.67007
3771.555	7.07036	-2.49096	5.69893	-1.64810
3775.555	7.06444	-2.44553	5.64339	-1.60124
3779.557	7.04051	-2.50823	5.63449	-1.60892
3783.556	7.06853	-2.51347	5.58375	-1.61640
3787.556	7.03504	-2.49691	5.56431	-1.60358
3791.590	7.05902	-2.49333	5.52224	-1.62131
3795.546	7.10572	-2.51617	5.52851	-1.62367
3799.557	7.06789	-2.54837	5.50299	-1.62725
3803.557	7.08507	-2.52846	5.51290	-1.63229
3807.548	7.03892	-2.55761	5.53407	-1.67147
3811.556	7.06344	-2.56688	5.51934	-1.70456
3815.555	6.99795	-2.54425	5.55202	-1.69903
3819.558	6.99732	-2.59018	5.54181	-1.77576
3823.583	6.99966	-2.65401	5.57604	-1.73227
3827.559	6.98815	-2.71612	5.60834	-1.73946
3831.558	7.02616	-2.79242	5.61615	-1.69434
3835.534	7.00047	-2.93564	5.65720	-1.63292
3839.549	6.93897	-2.91735	5.67548	-1.63833
3843.559	6.99568	-3.11443	5.67642	-1.61550
3847.556	6.95157	-3.12045	5.66929	-1.60613
3851.556	6.84255	-2.85374	5.75301	-1.56664
3855.557	6.88683	-3.05779	5.79224	-1.54148
3859.559	6.83712	-2.99047	5.79482	-1.58164
3863.560	6.80749	-2.97756	5.80224	-1.58365
3867.558	6.96658	-2.94471	5.85433	-1.65204
3871.562	6.75852	-2.81288	5.87015	-1.71073
3875.541	6.84996	-2.66313	5.96647	-1.77658
3879.554	6.85011	-2.55785	5.94909	-1.79604
3883.557	6.94381	-2.53206	6.02539	-1.83055
3887.553	6.82283	-2.56006	6.11952	-1.86370
3891.558	6.93929	-2.46834	6.18728	-1.82714
3895.560	6.86432	-2.40751	6.18657	-1.85591
3899.572	6.94010	-2.33739	6.17362	-1.82590
3903.552	7.01208	-2.31696	6.13463	-1.75581
3907.555	7.33623	-2.21529	6.18591	-1.50665
3911.554	7.20519	-1.30929	6.19155	-0.43600
3915.556	7.26806	-0.35505	6.21419	0.00909
3919.585	7.34934	-0.10733	6.23768	0.62570
3923.559	7.30715	0.11392	6.32000	0.76688
3927.560	7.39737	-0.05729	6.36275	0.69119
3931.557	7.46428	-0.48815	6.30200	0.34087
3935.580	7.58642	-0.64786	6.23677	0.43119
3939.560	7.65922	-0.52829	6.26937	0.29714
3943.558	7.70216	-0.47466	6.26360	0.39600
3947.557	7.74986	0.05496	6.33711	0.54140
3951.582	7.72364	0.27509	6.36538	0.54942
3955.561	7.70543	0.09463	6.32743	0.68190
3959.535	7.69427	0.10786	6.30666	0.73591
3963.557	7.69583	0.25480	6.27353	0.76488
3967.584	7.64747	-0.05512	6.21917	0.67110
3971.557	7.57337	-0.12225	6.14997	0.59201
3975.532	7.57469	0.10809	6.11439	0.51252
3979.562	7.42434	0.14910	6.07673	0.52121
3983.554	7.21567	0.30391	6.18156	0.56619
3987.559	7.09473	0.42819	6.16191	0.49709
3991.563	7.10501	0.45452	6.12713	0.43585
3995.559	7.02524	0.46638	6.18767	0.47555
3999.577	6.99157	0.59871	6.17707	0.44717
4003.552	7.01577	0.56721	6.11677	0.36214
4007.560	7.06747	0.26663	6.18350	0.34794
4011.562	7.09399	0.38921	6.26917	0.36542
4015.557	7.05638	0.59766	6.48002	0.45439
4019.561	6.92545	0.70598	6.84663	0.55234
4023.562	7.09035	0.77925	6.49685	1.93352
4027.559	7.21586	1.15044	5.91668	6.11108
4031.553	9.94284	5.39574	3.24264	9.69846
4035.560	15.04996	7.94698	6.21814	5.04745
4039.570	NaN	NaN	NaN	NaN
4043.522	NaN	NaN	NaN	NaN
4047.583	NaN	NaN	NaN	NaN
4051.563	NaN	NaN	NaN	NaN
4055.558	NaN	NaN	NaN	NaN
4059.560	NaN	NaN	NaN	NaN
4063.558	NaN	NaN	NaN	NaN
4067.559	NaN	NaN	NaN	NaN
4071.556	NaN	NaN	NaN	NaN
4075.557	NaN	NaN	NaN	NaN
4079.562	NaN	NaN	NaN	NaN
4083.524	NaN	NaN	NaN	NaN
4087.542	NaN	NaN	NaN	NaN
4091.561	NaN	NaN	NaN	NaN
4095.560	NaN	NaN	NaN	NaN
4099.562	NaN	NaN	NaN	NaN
4103.521	NaN	NaN	NaN	NaN
4107.559	NaN	NaN	NaN	NaN
4111.561	NaN	NaN	NaN	NaN
4115.560	NaN	NaN	NaN	NaN
4119.525	NaN	NaN	NaN	NaN
4123.559	NaN	NaN	NaN	NaN
4127.562	NaN	NaN	NaN	NaN
4131.561	NaN	NaN	NaN	NaN
4135.523	NaN	NaN	NaN	NaN
4139.553	NaN	NaN	NaN	NaN
4143.578	NaN	NaN	NaN	NaN
4147.563	NaN	NaN	NaN	NaN
4151.563	18.27183	7.49107	21.08853	8.05742
4155.562	14.88616	7.49380	15.48137	5.19052
4159.560	15.74134	7.08231	18.38278	5.07612
4163.563	15.45447	6.32388	17.90594	4.92551
4167.543	16.23265	5.73615	17.24295	3.86986
4171.565	15.02263	4.46443	2.54643	2.18641
4175.560	13.55266	3.31386	2.57196	1.14134
4179.562	11.14123	2.59931	2.70040	0.81796
4183.562	9.85091	1.89523	6.62074	1.86753
4187.561	9.20530	1.99317	8.19348	2.08684
4191.563	9.17754	2.16758	8.22856	2.10579
4195.562	8.84123	1.80603	7.94202	2.20972
4199.562	8.78663	1.64888	8.04519	1.32669
4203.568	8.64434	1.52514	7.92666	1.45567
4207.550	8.53413	1.44840	8.00238	1.56438
4211.554	8.50884	1.55658	8.01949	1.59444
4215.565	8.57350	1.60272	8.00499	1.84445
4219.566	8.68104	1.59493	8.14524	1.60591
4223.561	8.49144	1.48464	8.08934	1.71596
4227.562	8.48687	1.52968	8.08925	1.57971
4231.527	8.46388	1.45955	7.98498	1.77659
4235.566	8.40082	1.38817	5.61537	-1.03236
4239.569	8.40655	1.31993	5.61529	-1.19067
4243.563	8.38561	1.28845	8.05020	1.66760
4247.563	8.40686	1.24165	8.04925	1.25833
4251.569	8.42607	1.21490	8.07949	1.32886
4255.563	8.37716	1.25855	8.03606	1.59339
4259.562	8.36550	1.15928	8.10012	1.36870
4263.562	8.28393	1.25268	8.05210	1.61791
4267.565	8.26852	1.25968	8.06796	1.53551
4271.564	8.19365	1.21147	8.06978	1.60051
4275.562	8.16075	1.23923	8.07881	1.39208
4279.563	8.16768	1.21914	8.00581	1.38709
4283.566	8.11089	1.19792	8.00693	1.47510
4287.565	8.10520	1.29195	8.04830	1.45037
4291.555	8.07905	1.42043	8.02088	1.45361
4295.526	8.06939	1.46689	8.05037	1.42641
4299.565	8.05888	1.37745	8.12165	1.43429
4303.564	8.06375	1.32122	8.08720	1.36046
4307.566	8.04618	1.28847	8.13660	1.26418
4311.563	8.04183	1.29416	8.05000	1.14877
4315.569	8.12379	1.28259	7.94995	1.16991
4319.568	8.27973	1.36968	8.04733	1.17615
4323.564	8.38887	1.27642	8.04297	1.03206
4327.564	8.42068	1.37582	8.01474	1.00239
4331.567	8.42726	1.33890	8.00158	1.15316
4335.531	8.39822	1.31534	7.96035	1.28677
4339.569	8.58871	1.24194	8.09854	0.95624
4343.566	8.57063	1.17547	8.40696	1.23442
4347.569	8.69139	1.27004	8.42872	1.36653
4351.564	8.77972	1.34624	8.26709	1.04677
4355.564	8.74173	1.33288	8.07917	1.03334
4359.565	8.72980	1.35983	8.15278	0.92739
4363.568	8.57583	1.37487	8.10661	0.93959
4367.567	8.48699	1.57890	8.08377	0.91476
4371.564	8.40616	1.82545	8.14368	1.00699
4375.537	8.62181	1.73989	8.16496	1.05392
4379.570	8.68172	1.56415	8.16810	1.03405
4383.528	8.52348	1.55348	8.09839	1.09195
4387.566	8.61094	1.63816	8.03750	1.15134
4391.567	8.54290	1.71614	8.03964	1.03182
4395.567	8.54646	1.69314	8.03370	1.03210
4399.564	8.55935	1.77295	8.05711	0.99628
4403.567	8.56280	1.80855	8.07450	1.00325
4407.568	8.50807	1.88872	8.07640	1.06960
4411.571	8.63503	1.77554	7.99240	1.14497
4415.529	8.34482	1.74625	7.83222	1.11896
4419.558	6.74949	1.77329	4.85938	1.13227
4423.529	4.11942	1.92306	1.91796	1.32386
4427.568	3.56356	2.00472	0.26719	1.40346
4431.566	0.91351	2.02364	-1.37967	1.29928
4435.568	-0.66253	2.02192	-2.72238	1.08986
4439.573	-0.88128	2.05648	-3.03217	0.81919
4443.567	-1.54428	1.87784	-3.15790	0.49778
4447.567	-2.52897	2.03020	-3.15874	0.84544
4451.530	-2.07712	2.17463	-3.06763	1.09695
4455.566	-1.91241	2.01525	-2.86794	0.48736
4459.546	-1.83980	2.08263	-2.57380	0.57816
4463.565	-1.97294	1.93032	-2.99641	0.45594
4467.569	-2.17155	1.99568	-3.28773	0.32481
4471.566	-2.57977	1.97149	-3.70381	0.25189
4475.569	-2.70158	1.95248	-4.05364	0.35118
4479.566	-2.78582	1.95045	-3.62618	0.45194
4483.531	-2.68279	2.00430	-3.58329	0.43457
4487.528	-2.44234	1.97747	-3.84330	0.51177
4491.572	-2.35135	2.11552	-3.76747	0.54809
4495.570	-2.42743	2.06549	-3.76322	0.47267
4499.553	-2.37612	2.03321	-3.67514	0.45980
4503.567	-2.31131	2.02855	-3.59987	0.35025
4507.568	-2.41863	2.07185	-3.69415	0.48704
4511.568	-2.28499	2.08232	-3.51001	0.23265
4515.567	-2.28073	2.04198	-3.60460	0.46829
4519.531	-2.26807	2.00262	-3.46387	0.24546
4523.572	-2.26921	1.99064	-3.42754	0.46719
4527.569	-2.22676	1.87782	-3.39087	0.48278
4531.567	-2.17747	1.86598	-3.34695	0.34032
4535.570	-2.21308	1.77658	-3.36829	0.47676
4539.567	-2.19085	1.72374	-3.30124	0.57694
4543.570	-2.23241	1.72179	-3.31796	0.58060
4547.532	-2.23306	1.64905	-3.33874	0.63084
4551.532	-2.26616	1.65893	-3.43402	0.64859
4555.571	-2.23268	1.57236	-3.56378	0.61859
4559.570	-2.19323	1.50200	-3.55834	0.68237
4563.570	-2.19487	1.49711	-3.71513	0.72515
4567.570	-2.15118	1.44006	-3.64615	0.76703
4571.570	-2.11579	1.41363	-3.67835	0.77345
4575.569	-2.14493	1.38864	-3.76260	0.83025
4579.569	-2.13266	1.37024	-3.84831	0.79891
4583.541	-2.17227	1.34328	-3.90457	0.80064
4587.570	-2.13931	1.34013	-3.93576	0.84014
4591.569	-2.17180	1.32893	-3.92361	0.69689
4595.569	-2.21026	1.30157	-3.83925	0.64522
4599.568	-2.42753	1.29641	-3.86588	0.67425
4603.571	-2.51143	1.31050	-3.86721	0.61828
4607.532	-2.49912	1.36046	-3.53575	0.53184
4611.567	-2.58009	1.38917	-3.31962	0.48421
4615.570	-2.58254	1.46573	-3.64363	0.58439
4619.572	-2.57531	1.40461	-3.54873	0.42092
4623.568	-2.60973	1.36743	-3.59505	0.47038
4627.561	-2.46642	1.22935	-3.58383	0.46257
4631.571	-2.56248	1.12122	-3.53619	0.42071
4635.571	-2.50759	1.05139	-3.54883	0.46281
4639.569	-2.64980	0.87771	-3.51060	0.48756
4643.571	-2.54625	0.89155	-3.54156	0.50587
4647.569	-2.60755	0.79226	-3.54010	0.56353
4651.573	-2.65245	0.73915	-3.65645	0.56871
4655.572	-2.46803	0.67775	-3.69284	0.63370
4659.570	-2.48131	0.66036	-3.73080	0.64691
4663.570	-2.47660	0.71885	-3.77834	0.69768
4667.571	-2.50526	0.72511	-3.84646	0.70387
4671.571	-2.46367	0.69038	-3.85202	0.71370
4675.581	-2.42733	0.74417	-3.88925	0.73787
4679.572	-2.39938	0.85606	-3.90644	0.72546
4683.576	-2.40469	0.88564	-3.93873	0.75173
4687.568	-2.31150	0.83859	-3.86094	0.75413
4691.567	-2.29644	0.95924	-3.82072	0.72285
4695.567	-2.28249	0.97245	-3.83507	0.72056
4699.438	-2.25508	0.96582	-3.81659	0.69514
4703.443	-2.20458	1.03312	-3.80819	0.67192
4707.445	-2.23308	1.02156	-3.77785	0.65707
4711.436	-2.20959	1.04491	-3.75054	0.63634
4715.438	-2.23754	1.06770	-3.72116	0.65542
4719.444	-2.28958	1.10023	-3.69405	0.67870
4723.445	-2.33772	1.05951	-3.66745	0.70721
4727.444	-2.40729	1.05417	-3.62637	0.72666
4731.440	-2.43144	1.05780	-3.64780	0.69585
4735.483	-2.48022	1.03364	-3.67816	0.69691
4739.445	-2.40251	1.12724	-3.61147	0.67770
4743.446	-1.83712	0.93141	-2.60438	0.65581
4747.447	1.19001	0.22551	-0.78022	0.61536
4751.446	3.05028	-1.13717	1.14159	0.45760
4755.423	3.83786	-1.47880	1.35670	-0.39938
4759.446	3.52509	-1.82043	1.89813	-0.82754
4763.470	3.20239	-1.50393	2.10228	0.04649
4767.448	2.97539	-1.32224	1.80335	-0.13817
4771.449	2.74853	-1.45092	1.44029	-0.03642
4775.447	2.81167	-1.20075	1.34824	-0.20371
4779.467	2.91453	-1.26635	1.37305	-0.21645
4783.444	3.11789	-1.61880	1.60094	-0.59516
4787.446	3.12437	-1.87855	1.87346	-0.80071
4791.407	3.14466	-1.74080	1.83895	-0.89982
4795.468	3.13860	-2.03303	1.63958	-1.05571
4799.411	3.01042	-2.04482	1.64216	-0.96505
4803.447	2.91688	-1.75694	1.72051	-1.08574
4807.448	2.83588	-1.92151	1.53823	-1.06388
4811.448	2.78882	-1.97819	1.47752	-1.19331
4815.410	2.78976	-2.14992	1.55224	-1.17800
4819.448	2.71751	-2.10293	1.54339	-1.26761
4823.411	2.77758	-2.14317	1.58386	-1.30766
4827.473	2.80073	-2.10590	1.68649	-1.28018
4831.446	2.80107	-2.09980	1.67105	-1.16802
4835.447	2.93146	-2.12982	1.67318	-1.14908
4839.414	2.91069	-2.05370	1.87054	-1.09344
4843.473	3.11049	-1.93883	1.80786	-1.06128
4847.447	3.04355	-1.93531	1.86637	-1.12421
4851.450	2.76064	-1.84036	1.90058	-1.13071
4855.450	2.93044	-1.94981	1.88697	-1.17990
4859.440	3.04353	-1.89211	1.93266	-1.29711
4863.447	3.01363	-1.76987	1.96918	-1.12605
4867.449	3.04345	-1.88713	1.98355	-1.16854
4871.447	3.11792	-1.94251	1.99260	-1.21835
4875.471	2.96646	-2.01231	1.98043	-1.28754
4879.428	2.91235	-1.92743	1.95661	-1.23861
4883.463	2.82521	-2.07051	1.94741	-1.25301
4887.446	2.78409	-2.21555	1.91318	-1.32949
4891.439	2.67085	-2.14108	1.95569	-1.35741
4895.449	2.74556	-2.20876	1.95081	-1.37985
4899.449	2.84504	-2.19618	1.94012	-1.43320
4903.447	2.84769	-2.11536	1.95820	-1.52027
4907.441	2.73085	-1.96693	1.96583	-1.39423
4911.447	2.70062	-1.69482	1.97428	-1.38303
4915.411	2.67647	-1.93692	1.98769	-1.32725
4919.442	2.72776	-1.86466	1.97989	-1.51859
4923.445	2.74620	-1.82271	2.00569	-1.45175
4927.448	2.78414	-1.79232	1.99590	-1.51167
4931.446	2.74722	-1.74747	1.98821	-1.50409
4935.450	2.86235	-1.69833	1.96229	-1.43814
4939.473	2.81216	-1.80111	1.97161	-1.43734
4943.454	2.84767	-1.85193	2.04232	-1.28747
4947.447	2.88861	-1.99036	2.06049	-1.27410
4951.447	2.99448	-2.06371	2.07073	-1.26446
4955.470	3.06154	-2.23265	2.12617	-1.26514
4959.448	3.17416	-2.11294	2.13747	-1.33249
4963.450	3.28355	-2.18837	2.07631	-1.24785
4967.450	3.11925	-2.07375	2.08570	-1.30113
4971.475	3.21814	-2.05913	2.02946	-1.32382
4975.452	3.26223	-1.95944	1.95388	-1.35339
4979.452	3.31361	-2.00193	1.97689	-1.39549
4983.448	3.35533	-1.92389	1.95864	-1.46487
4987.447	3.33906	-1.74287	1.89035	-1.56374
4991.449	3.33594	-1.64138	1.87094	-1.66098
4995.450	3.28135	-1.54358	1.86149	-1.70169
4999.450	3.26690	-1.47185	1.85889	-1.75663
5003.463	3.21933	-1.41661	1.79653	-1.80805
5007.448	3.22235	-1.21563	1.83149	-1.83610
5011.450	3.26003	-1.18696	1.85232	-1.86161
5015.451	3.22777	-1.23350	1.90820	-1.86959
5019.471	3.20174	-1.05204	1.92954	-1.83788
5023.450	3.17000	-1.08221	1.91340	-1.76243
5027.451	3.11764	-1.00100	1.90153	-1.70113
5031.451	3.08981	-1.03375	1.85941	-1.59136
5035.473	3.08310	-1.04554	1.97307	-1.61058
5039.457	3.03794	-1.13371	1.98160	-1.54439
5043.454	2.99851	-1.27516	1.98722	-1.49662
5047.419	2.99935	-1.27085	1.98541	-1.55496
5051.453	2.97715	-1.41019	1.94580	-1.48980
5055.449	2.95000	-1.42545	1.99907	-1.43059
5059.451	2.92569	-1.46829	1.97057	-1.39669
5063.451	2.93074	-1.49467	1.97567	-1.39311
5067.475	2.88636	-1.53421	1.99151	-1.38806
5071.452	2.87883	-1.55046	1.96491	-1.39011
5075.453	2.81291	-1.54095	1.99486	-1.51621
5079.451	2.76180	-1.58006	1.91189	-1.50155
5083.475	2.68106	-1.51731	1.91873	-1.47417
5087.452	2.73001	-1.44023	1.90215	-1.64822
5091.454	2.64530	-1.42031	1.91816	-1.67744
5095.453	2.75982	-1.35578	2.00222	-1.87326
5099.474	2.74957	-1.31104	2.06917	-1.77442
5103.451	2.76747	-1.12198	2.01216	-1.69767
5107.449	2.64131	-1.02033	1.92659	-1.53946
5111.453	2.58769	-1.06802	2.01630	-1.56660
5115.454	2.56689	-1.04622	2.04976	-1.47360
5119.450	2.63608	-1.19691	2.13623	-1.57893
5123.453	2.59745	-1.01372	2.14461	-1.92825
5127.446	2.69760	-1.07033	2.07645	-1.81155
5131.453	2.73422	-1.10179	2.12404	-1.85178
5135.450	2.74871	-1.05282	2.04565	-1.72128
5139.452	2.70131	-0.99802	1.88368	-1.45171
5143.460	2.64968	-0.83472	1.96558	-1.25821
5147.477	2.55106	-0.90359	1.94630	-1.21069
5151.453	2.52352	-0.92589	1.99989	-1.13377
5155.453	2.49912	-0.89429	1.87664	-1.10769
5159.453	2.59718	-0.98347	1.88157	-1.21935
5163.477	2.55666	-0.95908	1.88504	-1.25132
5167.451	2.69990	-0.92534	1.84661	-1.29539
5171.426	2.70792	-1.05467	1.97131	-1.54952
5175.453	2.84172	-1.16279	1.83409	-1.23840
5179.477	2.63799	-1.14435	1.87830	-1.50875
5183.449	2.71354	-1.25826	1.87349	-1.35596
5187.450	2.63576	-1.49968	1.91172	-1.48278
5191.452	2.67113	-2.01007	1.95240	-1.45778
5195.457	2.84972	-1.61151	1.95874	-1.50935
5199.458	3.02202	-1.75622	2.00713	-1.55492
5203.455	3.05427	-1.57295	2.04969	-1.63684
5207.460	3.11420	-1.56974	2.01902	-1.61476
5211.442	3.03942	-1.39292	1.94900	-1.62473
5215.445	3.04870	-1.30286	1.95155	-1.58683
5219.454	2.96980	-1.28614	1.98742	-1.59953
5223.451	3.04123	-1.29401	1.96115	-1.56821
5227.456	3.07649	-1.30198	1.94097	-1.56937
5231.452	3.11180	-1.29794	1.91100	-1.54200
5235.455	3.11101	-1.34454	1.82175	-1.54672
5239.456	3.09767	-1.29112	1.83447	-1.54860
5243.455	2.99178	-1.33244	1.78793	-1.53007
5247.455	3.01148	-1.35573	1.75138	-1.51953
5251.452	3.01472	-1.37628	1.76393	-1.52883
5255.420	2.99787	-1.45026	1.81037	-1.52278
5259.458	3.04190	-1.52246	1.82574	-1.51403
5263.455	3.08632	-1.54938	1.84857	-1.52684
5267.455	3.13266	-1.62190	1.94280	-1.53368
5271.456	3.02420	-1.49439	1.89139	-1.52911
5275.458	3.03049	-1.41361	1.89389	-1.33403
5279.454	2.97022	-1.31704	1.92845	-1.36689
5283.452	2.90537	-1.35325	1.94255	-1.35660
5287.455	2.99571	-1.37150	2.02554	-1.46938
5291.458	3.03655	-1.39434	2.02029	-1.44750
5295.442	2.98247	-1.40004	1.99535	-1.42379
5299.450	2.98252	-1.38657	1.95004	-1.50787
5303.456	2.97871	-1.47474	1.84518	-1.46147
5307.422	3.01806	-1.26557	1.86511	-1.58428
5311.455	2.89059	-1.32485	1.77375	-1.53889
5315.457	2.84484	-1.47082	1.66914	-1.58939
5319.453	2.78854	-1.51348	1.60203	-1.62866
5323.457	2.67048	-1.67192	1.72054	-1.61739
5327.457	2.75059	-1.96913	1.76301	-1.71066
5331.456	2.97663	-1.86079	1.74970	-1.69100
5335.450	2.99133	-1.86924	1.76309	-1.73736
5339.458	3.19947	-2.04106	1.74595	-1.78840
5343.455	3.23764	-1.60106	1.83196	-1.70477
5347.457	3.23648	-1.73790	1.88601	-1.72444
5351.454	3.13524	-1.75529	1.86124	-1.69593
5355.456	3.04781	-1.85638	1.90733	-1.65157
5359.457	3.17883	-1.84401	1.93641	-1.66705
5363.458	3.27512	-1.08299	2.00658	-1.66544
5367.454	3.35983	-1.33343	2.00695	-1.69472
5371.457	3.40885	-1.28556	1.97047	-1.61644
5375.458	3.42982	-1.49888	1.96043	-1.62516
5379.456	3.41206	-1.59071	1.94077	-1.61640
5383.454	3.29726	-1.47280	1.95562	-1.57514
5387.423	3.22309	-1.50368	1.98013	-1.56023
5391.456	3.18066	-1.36657	2.01883	-1.52947
5395.459	3.20892	-1.52745	2.00591	-1.47948
5399.457	3.06696	-1.59391	2.00071	-1.40475
5403.460	3.13816	-1.66607	2.00068	-1.36050
5407.468	3.09874	-1.69179	1.94647	-1.39725
5411.459	3.08570	-1.70205	1.96025	-1.45150
5415.458	3.06115	-1.84652	1.93943	-1.45171
5419.444	3.01519	-2.01324	1.92880	-1.54501
5423.453	2.99260	-2.05313	1.92746	-1.40489
5427.458	3.01720	-1.94329	1.96821	-1.37497
5431.455	3.02215	-1.91069	1.92815	-1.44043
5435.461	3.07632	-2.07034	1.86856	-1.43437
5439.457	3.11297	-2.08727	1.83090	-1.43473
5443.457	3.17520	-1.97517	1.78260	-1.42429
5447.455	3.25508	-1.83643	1.80216	-1.52184
5451.454	3.13976	-1.84452	1.89253	-1.51777
5455.456	3.08708	-1.82553	1.87602	-1.41325
5459.456	2.97916	-1.88312	1.86119	-1.42569
5463.423	3.08092	-2.00548	1.89516	-1.32444
5467.460	3.02311	-1.82358	1.89600	-1.34395
5471.457	2.69453	-1.98965	1.95106	-1.34257
5475.458	2.83838	-1.89746	1.94902	-1.30534
5479.457	2.90396	-1.90058	1.95056	-1.33192
5483.460	2.85737	-1.87234	2.01615	-1.21630
5487.457	2.79367	-1.78195	2.01013	-1.16676
5491.460	2.80786	-1.87465	2.07229	-1.27784
5495.458	2.83105	-1.99478	2.18084	-1.34481
5499.462	2.86668	-1.99930	2.14439	-1.34876
5503.438	2.90906	-2.08246	2.19502	-1.25662
5507.462	2.91416	-2.02363	2.17903	-1.28922
5511.457	2.89015	-2.05163	2.16156	-1.24545
5515.358	2.92329	-2.03973	2.10657	-1.18337
5519.459	3.03393	-2.03050	2.08186	-1.17013
5523.458	3.10614	-2.07284	2.07232	-1.20347
5527.456	3.11542	-2.04378	2.09693	-1.28929
5531.358	3.04766	-2.04606	2.13725	-1.45811
5535.458	2.99854	-2.06871	2.02004	-1.44350
5539.423	3.00141	-2.01415	1.96925	-1.31835
5543.454	3.01616	-2.01239	1.93016	-1.44209
5547.442	3.01343	-1.95165	1.92000	-1.47476
5551.458	3.04925	-1.91968	1.94243	-1.53237
5555.457	3.07236	-1.89677	1.93470	-1.41568
5559.459	3.11024	-1.90542	1.97304	-1.46811
5563.357	3.13761	-1.90478	1.96784	-1.42545
5567.457	3.09030	-1.89976	1.99035	-1.51428
5571.458	3.05640	-1.88963	2.01052	-1.45562
5575.459	3.16545	-1.92966	2.02036	-1.39069
5579.356	3.21092	-1.92246	2.06550	-1.39752
5583.461	3.27027	-1.95999	2.07147	-1.38503
5587.432	3.30208	-1.93284	2.13487	-1.33519
5591.458	3.37667	-1.98478	2.17048	-1.34906
5595.356	3.41800	-1.99450	2.24366	-1.32852
5599.459	3.42881	-1.98566	2.26653	-1.33197
5603.421	3.43059	-1.96237	2.28408	-1.33360
5607.460	3.45638	-1.95176	2.40456	-1.35916
5611.464	3.50039	-1.95194	2.40114	-1.34748
5615.462	3.42665	-2.03960	2.46040	-1.32663
5619.459	3.35632	-1.95494	2.35499	-1.32340
5623.459	3.41958	-2.01606	2.40704	-1.31876
5627.448	3.39379	-1.97250	2.43456	-1.31020
5631.450	3.39616	-1.98048	2.42849	-1.33241
5635.462	3.39156	-1.95697	2.39864	-1.34316
5639.460	3.29419	-1.89561	2.35984	-1.37079
5643.464	3.27954	-1.90107	2.37171	-1.37694
5647.463	3.15976	-1.76849	2.36755	-1.45701
5651.460	3.11767	-1.78966	2.30660	-1.38596
5655.459	3.11443	-1.82598	2.26259	-1.32721
5659.465	3.13744	-1.80502	2.23593	-1.31686
5663.462	3.13150	-1.85616	2.22919	-1.34734
5667.421	3.01002	-1.90808	2.21593	-1.37642
5671.461	2.93124	-1.96421	2.23343	-1.47181
5675.363	2.82063	-2.25233	2.20456	-1.45832
5679.459	2.81442	-2.15986	2.22411	-1.47175
5683.461	2.82066	-2.17435	2.23687	-1.56374
5687.460	2.81942	-2.14780	2.20082	-1.61961
5691.359	2.94059	-2.12614	2.15556	-1.55120
5695.462	2.91804	-2.17394	2.11534	-1.69081
5699.464	2.86863	-2.19445	2.14330	-1.71978
5703.461	2.85116	-2.15597	2.14035	-1.88686
5707.358	2.86111	-1.96302	2.13663	-1.92035
5711.443	2.87940	-1.79637	2.11192	-1.93482
5715.425	2.85712	-1.94372	2.07583	-1.86838
5719.461	2.93743	-1.95991	1.94870	-1.82970
5723.359	2.92809	-1.86355	1.98147	-1.81664
5727.456	2.96619	-1.91616	1.93472	-1.68995
5731.456	3.01202	-2.08283	1.97917	-1.63306
5735.460	2.90757	-2.04907	1.99853	-1.64215
5739.358	2.91718	-1.91419	1.94654	-1.52864
5743.334	2.88121	-1.92258	2.06525	-1.53384
5747.344	2.74365	-1.78133	1.95254	-1.45379
5751.338	2.89022	-1.91448	1.85093	-1.42647
5755.332	2.88433	-1.87014	1.72810	-1.39377
5759.309	2.88925	-1.87296	1.71360	-1.43976
5763.336	2.85227	-1.90555	1.80534	-1.46334
5767.337	3.00878	-2.05620	1.74640	-1.46021
5771.328	3.00287	-2.08540	1.84823	-1.54010
5775.336	3.03997	-1.87570	1.91648	-1.54837
5779.336	3.02908	-1.78185	1.81781	-1.60291
5783.338	3.00066	-1.76005	1.96804	-1.59545
5787.337	2.93866	-1.72519	1.74910	-1.60198
5791.334	2.97250	-1.65495	1.71379	-1.61325
5795.340	3.00908	-1.63825	1.84580	-1.62706
5799.322	3.05538	-1.56397	1.82200	-1.60666
5803.364	3.04405	-1.66210	1.90941	-1.61151
5807.339	3.05387	-1.54816	1.90981	-1.59950
5811.338	3.04853	-1.48553	1.90071	-1.61276
5815.302	3.06825	-1.43707	1.94997	-1.54075
5819.341	2.97465	-1.49996	1.90063	-1.51193
5823.337	2.93342	-1.48430	1.87589	-1.53687
5827.337	2.92790	-1.53628	1.86040	-1.52887
5831.335	3.00792	-1.56650	1.88021	-1.54471
5835.328	3.00185	-1.61893	1.95361	-1.52836
5839.337	3.16376	-1.71244	1.92022	-1.46920
5843.304	3.15090	-1.68665	1.94027	-1.54168
5847.342	3.19568	-1.74277	1.88110	-1.46847
5851.330	3.27858	-1.79641	1.99915	-1.45923
5855.338	3.22614	-1.87887	1.95604	-1.39926
5859.340	3.22074	-1.90287	1.93675	-1.43365
5863.337	3.34118	-1.85875	1.89620	-1.41296
5867.337	3.34373	-1.86980	1.88705	-1.37010
5871.336	3.36060	-1.87452	1.86471	-1.33350
5875.337	3.36950	-1.86910	1.88241	-1.25331
5879.340	3.39154	-1.82027	1.86501	-1.20243
5883.331	3.35437	-1.78069	1.87267	-1.15297
5887.339	3.34618	-1.74809	1.87252	-1.06238
5891.338	3.25033	-1.73272	1.90601	-1.01593
5895.338	3.21745	-1.66535	1.90765	-0.96101
5899.366	3.22025	-1.65312	1.90616	-0.87536
5903.338	3.19838	-1.60670	1.94488	-0.80182
5907.341	3.18583	-1.63067	1.89186	-0.79099
5911.337	3.17331	-1.55703	1.90024	-0.68329
5915.308	3.21114	-1.58189	1.91080	-0.67060
5919.343	3.22557	-1.59401	1.89384	-0.63542
5923.302	3.19041	-1.63106	1.89590	-0.60428
5927.332	3.17772	-1.61643	1.84560	-0.60737
5931.334	3.19811	-1.63246	1.83338	-0.96086
5935.342	3.24177	-1.63754	1.80325	-0.97629
5939.340	3.28506	-1.67287	1.75481	-1.12301
5943.340	3.31212	-1.68410	1.76036	-1.51078
5947.338	3.31091	-1.67337	1.79921	-1.49452
5951.343	3.33221	-1.65381	1.91209	-1.51063
5955.338	3.31947	-1.71485	1.93581	-1.49492
5959.341	3.28919	-1.74051	1.89062	-1.63416
5963.364	3.27739	-1.75049	1.95877	-1.62373
5967.313	3.27304	-1.79942	2.09864	-1.68651
5971.337	3.21119	-1.79036	2.12691	-1.69826
5975.344	3.16542	-1.80432	2.15385	-1.72979
5979.334	3.11908	-1.78479	2.19390	-1.76487
5983.306	3.06286	-1.55070	2.09804	-1.33150
5987.304	3.01885	-1.56683	2.11643	-1.10068
5991.339	3.05103	-1.61399	2.12089	-1.15871
5995.338	3.00309	-1.58433	1.76321	-1.46231
5999.341	3.08795	-1.51374	1.89181	-1.57728
6003.345	3.19274	-1.52261	1.94823	-1.60354
6007.324	3.13868	-1.48694	1.95921	-1.63730
6011.321	3.23860	-1.40646	1.99835	-1.58098
6015.343	3.27368	-1.42005	1.93819	-1.70380
6019.342	3.23717	-1.37322	1.84453	-1.56529
6023.343	2.93893	-1.33285	1.87775	-1.59298
6027.342	3.16879	-1.38154	2.00004	-1.87378
6031.342	3.37118	-1.42239	1.99538	-1.46105
6035.340	3.16671	-1.39632	1.91546	-1.65288
6039.340	3.24360	-1.37849	1.85973	-1.53373
6043.300	3.18385	-1.38402	1.96608	-1.50053
6047.342	3.15127	-1.44931	1.91476	-1.47968
6051.338	3.15968	-1.38939	1.96112	-1.45715
6055.340	3.15362	-1.22602	1.99124	-1.53873
6059.335	2.96572	-1.41204	1.98013	-1.46883
6063.340	2.92512	-1.28286	2.00021	-1.48906
6067.343	3.04341	-1.32367	2.12270	-1.52163
6071.342	3.09943	-1.45967	1.90415	-1.33926
6075.332	3.06870	-1.48778	1.91643	-1.42617
6079.343	3.01588	-1.41807	1.91643	-1.50400
6083.306	2.97307	-1.46487	1.95931	-1.52235
6087.341	2.89272	-1.48658	1.84061	-1.46143
6091.334	2.91557	-1.42269	1.88990	-1.54840
6095.343	3.01274	-1.50961	1.80623	-1.48987
6099.345	2.98646	-1.56936	1.83204	-1.45652
6103.342	3.00480	-1.51073	1.86878	-1.52593
6107.344	3.05865	-1.56851	1.84629	-1.49180
6111.342	3.08597	-1.67010	1.76576	-1.29661
6115.345	3.04501	-1.56642	1.79740	-1.38392
6119.341	3.06543	-1.62433	1.81783	-1.32741
6123.337	3.16483	-1.58801	1.87022	-1.37808
6127.342	3.12972	-1.63234	1.67162	-1.49286
6131.332	2.44229	-1.57180	1.30799	-1.33061
6135.333	1.63633	-1.63751	-0.28848	-1.37072
6139.338	1.34341	-1.64811	-0.42435	-1.60358
6143.341	1.32170	-1.79774	-0.17313	-1.66315
6147.345	1.54839	-1.80557	0.01760	-1.78665
6151.341	1.74452	-1.81225	0.23229	-1.94503
6155.336	1.85646	-1.69916	-0.04425	-1.92551
6159.342	1.54696	-1.69847	0.03335	-1.95956
6163.338	1.61781	-1.75003	0.24120	-1.95014
6167.304	1.65433	-1.83615	0.25684	-2.03092
6171.339	1.62795	-1.95331	0.21854	-2.01775
6175.314	1.60424	-1.89525	0.31729	-1.85970
6179.343	1.56947	-1.85189	0.30446	-1.88341
6183.344	1.66343	-2.12554	0.34496	-1.87481
6187.337	1.62959	-2.18927	0.33518	-1.92183
6191.342	1.66522	-2.33176	0.37482	-1.91286
6195.345	1.57902	-2.09417	0.35963	-1.96049
6199.344	1.54185	-2.16456	0.33598	-2.05175
6203.344	1.44827	-2.27250	0.27376	-2.16083
6207.346	1.53235	-2.20490	0.30530	-2.22675
6211.341	1.45323	-2.10970	0.27113	-2.35311
6215.345	1.36831	-2.24485	0.20926	-2.46085
6219.309	1.33927	-2.22513	0.20015	-2.34637
6223.345	1.37216	-2.12739	0.15456	-2.48355
6227.344	1.37389	-2.08060	0.11051	-2.54509
6231.344	1.34800	-2.09181	0.22306	-2.33468
6235.312	1.30883	-2.01329	0.29483	-2.07737
6239.344	1.39599	-1.99647	0.29823	-2.14077
6243.343	1.41023	-2.00395	0.26704	-2.16815
6247.343	1.41836	-1.93291	0.34590	-1.97241
6251.346	1.31553	-1.84055	0.30384	-2.04136
6255.341	1.28353	-1.90028	0.32079	-1.98323
6259.343	1.19386	-1.85342	0.34851	-2.02276
6263.342	1.19790	-1.74406	0.27614	-2.13085
6267.343	1.07733	-1.72755	0.32913	-1.97251
6271.342	1.00405	-1.71287	0.28175	-1.93489
6275.342	0.98717	-1.70849	0.39134	-2.06087
6279.343	0.99764	-1.68959	0.24701	-2.07857
6283.338	0.88547	-1.71154	0.28962	-2.14209
6287.306	0.84754	-1.63386	0.24368	-2.24490
6291.345	0.78975	-1.61918	0.24688	-2.27554
6295.307	0.80009	-1.63174	0.23400	-2.29010
6299.344	0.77682	-1.61814	0.23185	-2.26579
6303.344	0.84630	-1.68917	0.19241	-2.29018
6307.346	0.99893	-1.75570	0.20293	-2.28378
6311.344	0.93095	-1.84886	0.22256	-2.27184
6315.336	1.25193	-1.87936	0.44323	-2.31479
6319.346	1.11494	-1.99671	0.26068	-2.35291
6323.346	1.27356	-1.92593	0.29508	-2.41085
6327.346	1.21162	-1.92788	0.27753	-2.31728
6331.340	1.16044	-1.88526	0.23837	-2.15235
6335.347	1.20244	-2.01116	0.19350	-2.23843
6339.344	1.20919	-1.91798	0.21899	-2.23592
6343.340	1.16845	-1.86843	0.24947	-2.13966
6347.348	1.11943	-1.99435	0.48339	-2.24097
6351.349	1.23434	-1.96578	0.43070	-2.03987
6355.344	1.28088	-1.90418	0.35417	-2.21274
6359.348	1.21650	-1.74385	0.24440	-2.03889
6363.336	1.26929	-1.71910	0.28821	-1.82093
6367.345	1.15979	-1.57864	0.26649	-1.81388
6371.344	1.17617	-1.53740	0.29344	-1.75577
6375.344	1.11462	-1.58790	0.43537	-1.90460
6379.341	1.19242	-1.66379	0.34635	-1.86456
6383.321	1.29209	-1.77259	0.39834	-1.75726
6387.345	1.30620	-1.72468	0.42842	-1.80889
6391.345	1.35541	-1.70596	0.39360	-1.81855
6395.340	1.33066	-1.59584	0.49736	-1.82481
6399.347	1.28301	-1.61228	0.45410	-1.82546
6403.348	1.38689	-1.53109	0.44693	-1.77924
