time (ms)	lx (deg)	ly (deg)	rx (deg)	ry (deg)
0.000	0.43073	-0.70057	-0.54791	0.03427
3.996	0.39958	-0.65443	-0.55565	0.11356
7.998	0.37035	-0.62616	-0.53198	0.03469
12.022	0.37966	-0.76415	-0.47341	-0.01021
16.000	0.39330	-0.79235	-0.45070	-0.06433
20.000	0.43730	-0.83249	-0.41594	-0.01401
23.999	0.45904	-0.79798	-0.40323	-0.01369
27.992	0.40628	-0.77980	-0.40291	-0.00345
32.002	0.37506	-0.73411	-0.43361	-0.11095
36.002	0.31372	-0.79747	-0.52887	-0.14392
39.993	0.22063	-0.76237	-0.42095	-0.20525
43.994	0.36985	-0.55639	-0.36831	-0.26675
47.999	0.24262	-0.51150	-0.28778	-0.24444
52.003	0.29299	-0.51923	-0.30171	-0.24918
55.964	0.27944	-0.54544	-0.38601	-0.32345
59.994	0.24567	-0.47761	-0.54240	-0.33070
64.002	0.22078	-0.41957	-0.40656	-0.27761
68.002	0.18640	-0.38831	-0.58530	-0.33236
71.997	0.24090	-0.21454	-0.58865	-0.44194
75.995	0.27049	-0.23954	-0.26282	-0.45873
80.002	0.23115	-0.22928	-0.23825	-0.41912
83.981	0.23095	-0.17210	-0.28883	-0.35004
88.002	0.18015	-0.14683	-0.39871	-0.32730
92.029	0.17903	-0.19268	-0.35429	-0.33540
96.001	0.17871	-0.25965	-0.43472	-0.27944
100.001	0.23835	-0.25736	-0.42849	-0.21519
104.003	0.21961	-0.25023	-0.38062	-0.14169
108.022	0.28942	-0.31187	-0.41204	-0.10936
112.002	0.24579	-0.35131	-0.36757	-0.07656
116.001	0.35605	-0.56591	-0.36638	0.02043
120.004	0.30972	-0.55824	-0.32178	0.01595
124.018	0.43510	-0.69311	-0.39735	0.03357
127.992	0.42780	-0.82456	-0.48172	-0.00335
132.003	0.59600	-0.76768	-0.44194	-0.02639
135.999	0.49805	-0.71333	-0.46840	-0.04831
140.028	0.60042	-0.53690	-0.41859	-0.05795
144.002	0.50483	-0.52637	-0.41653	-0.09594
148.004	0.50488	-0.51720	-0.47495	-0.10148
152.003	0.45105	-0.44073	-0.44038	-0.15210
156.006	0.52652	-0.39553	-0.37492	-0.23609
160.003	0.55029	-0.37982	-0.40184	-0.27895
164.004	0.49994	-0.25154	-0.49520	-0.38340
167.974	0.52575	-0.29189	-0.55476	-0.43222
172.005	0.53376	-0.19406	-0.49557	-0.37881
176.007	0.40584	-0.21971	-0.46289	-0.43496
179.969	0.42251	-0.24558	-0.51195	-0.44438
184.004	0.36010	-0.25698	-0.46391	-0.34534
188.028	0.41889	-0.27365	-0.50056	-0.19113
192.004	0.53597	-0.21978	-0.48857	-0.28714
196.004	0.34824	-0.32954	-0.45954	-0.32519
199.982	0.35648	-0.38850	-0.50642	-0.26090
204.007	0.34412	-0.47500	-0.50996	-0.31204
207.986	0.49986	-0.46001	-0.45562	-0.41526
212.003	0.43760	-0.48394	-0.41594	-0.38994
216.003	0.47783	-0.53040	-0.40122	-0.33068
219.995	0.48331	-0.54734	-0.40564	-0.33923
224.005	0.47398	-0.48490	-0.36516	-0.36199
228.006	0.45361	-0.62176	-0.42078	-0.27532
232.006	0.48721	-0.52774	-0.45423	-0.37662
236.007	0.40102	-0.66412	-0.41328	-0.41548
240.002	0.47478	-0.65505	-0.42033	-0.31982
244.005	0.37769	-0.68589	-0.40750	-0.34524
248.005	0.28791	-0.79044	-0.52389	-0.45083
252.006	0.46934	-0.71343	-0.58193	-0.32446
256.003	0.47934	-0.76605	-0.67776	-0.24852
260.005	0.46646	-0.73127	-0.66149	-0.19774
264.002	0.44626	-0.73244	-0.56312	-0.19364
268.008	0.51716	-0.67780	-0.51979	-0.15003
272.006	0.67516	-0.47659	-0.41996	-0.19953
276.005	0.49877	-0.49263	-0.53386	-0.25176
280.006	0.17268	-0.31933	-0.52374	-0.25082
284.020	0.19015	-0.18714	-0.58910	-0.30187
288.003	0.33848	-0.25199	-0.58501	-0.33308
291.983	0.20951	-0.33650	-0.51490	-0.31907
296.003	0.17819	-0.25363	-0.55443	-0.36735
300.007	0.37844	-0.26421	-0.44912	-0.38959
304.005	0.41095	-0.16994	-0.51493	-0.47837
308.007	0.31233	-0.20018	-0.45289	-0.56083
312.003	0.42725	-0.11820	-0.48110	-0.60066
316.008	0.36189	-0.25967	-0.61483	-0.61709
320.005	0.39611	-0.26225	-0.51619	-0.60990
324.005	0.50855	-0.28583	-0.48346	-0.60399
328.007	0.59213	-0.34724	-0.49163	-0.55534
332.006	0.64039	-0.39403	-0.42261	-0.52223
336.004	0.65300	-0.40046	-0.47093	-0.46893
339.967	0.70647	-0.38965	-0.41403	-0.43805
344.007	0.74002	-0.37889	-0.50361	-0.42105
347.999	0.64873	-0.36578	-0.41231	-0.41747
352.006	0.62742	-0.42163	-0.51461	-0.43496
356.006	0.32228	-0.48963	-0.49428	-0.36442
360.011	0.33369	-0.50859	-0.35878	-0.32802
364.011	0.33156	-0.50578	-0.39683	-0.28899
368.010	0.52647	-0.54890	-0.43552	-0.24647
372.009	0.52572	-0.54731	-0.48475	-0.17657
375.973	0.51709	-0.56259	-0.51250	-0.10374
380.002	0.44996	-0.55674	-0.55277	-0.13535
384.007	0.43150	-0.53877	-0.56848	-0.15850
388.008	0.48651	-0.57579	-0.55354	-0.22052
392.009	0.29528	-0.56529	-0.58446	-0.18295
396.008	-0.16672	-0.45421	-0.57163	-0.23454
400.005	0.17134	-0.44695	-0.46969	-0.21936
403.969	0.03911	-0.48194	-0.48364	-0.37918
408.005	0.41653	-0.47842	-0.53620	-0.38029
412.005	0.31563	-0.49192	-0.52624	-0.61020
415.968	0.00504	-0.45659	-0.45135	-0.53442
420.005	-0.04393	-0.48648	-0.45611	-0.67656
424.006	-0.10905	-0.61882	-0.37075	-0.66107
427.914	0.04356	-0.63812	-0.34695	-0.72177
432.005	-0.01117	-0.62958	-0.35936	-0.76177
436.008	-0.05696	-0.70618	-0.43090	-0.71751
440.006	0.13047	-0.75127	-0.43055	-0.67873
444.008	0.23840	-0.66063	-0.39889	-0.48980
448.008	0.03335	-0.79828	-0.48733	-0.36971
452.009	-0.03854	-0.82337	-0.43227	-0.56764
456.005	0.35303	-0.71486	-0.53897	-0.51133
460.013	0.21705	-0.71842	-0.49220	-0.63164
464.007	0.36303	-0.64601	-0.48016	-0.87007
468.007	0.23646	-0.68267	-0.45961	-0.61234
472.009	0.19214	-0.67807	-0.54074	-0.31721
476.009	0.21167	-0.87375	-0.58056	-0.40457
480.007	0.19455	-0.78270	-0.51073	-0.51795
484.008	0.24113	-0.73862	-0.46180	-0.46684
488.008	0.34362	-0.72296	-0.39948	-0.41198
492.011	0.34062	-0.71948	-0.50830	-0.60883
496.010	0.08356	-0.60627	-0.43713	-0.56287
499.991	0.13821	-0.54838	-0.32273	-0.50623
504.008	0.23373	-0.66336	-0.42787	-0.43288
507.914	0.29138	-0.64550	-0.46746	-0.31115
512.006	0.13027	-0.87932	-0.57525	-0.34615
516.005	0.17402	-0.81492	-0.60915	-0.38496
519.969	0.17849	-0.84086	-0.45768	-0.39255
523.906	0.23430	-0.86038	-0.41112	-0.41640
528.007	0.27354	-0.76937	-0.54101	-0.53437
532.009	0.50220	-0.75122	-0.51721	-0.60361
535.971	0.15042	-0.80968	-0.38261	-0.46088
539.911	0.13213	-0.81912	-0.62593	-0.39385
544.006	0.18298	-0.90023	-0.52513	-0.47844
548.007	0.37018	-0.83736	-0.67898	-0.45686
552.007	0.18320	-0.89551	-0.71518	-0.53137
555.917	0.12751	-0.89673	-0.58635	-0.54353
560.014	0.19010	-0.89151	-0.44281	-0.50120
564.010	0.09932	-0.95859	-0.58384	-0.40116
568.006	0.21264	-0.94755	-0.51175	-0.35624
571.908	0.10562	-0.92955	-0.61640	-0.24843
576.009	0.11833	-0.96736	-0.65317	-0.21259
580.009	0.26036	-0.89526	-0.69235	-0.19771
584.006	0.21676	-0.69594	-0.66454	-0.17214
587.879	0.21249	-0.79477	-0.66159	-0.13050
592.010	0.20060	-0.71502	-0.64645	-0.11092
596.001	0.22614	-0.73050	-0.66965	-0.08525
600.009	0.26441	-0.62227	-0.63625	-0.06033
604.012	0.27356	-0.56867	-0.63771	-0.00743
608.010	0.27897	-0.79891	-0.60851	0.00937
612.010	0.27302	-0.74453	-0.57913	0.02485
616.006	0.24937	-0.75020	-0.44668	-0.00991
620.011	0.20802	-0.73986	-0.34585	-0.01387
623.990	0.24321	-0.62095	-0.42415	0.01064
628.006	0.26113	-0.64930	-0.30595	0.06160
632.007	0.27887	-0.53997	-0.29967	0.09701
635.908	0.28937	-0.66644	-0.35893	0.18067
640.011	0.29240	-0.72314	-0.29312	0.24874
644.009	0.28696	-0.73459	-0.22505	0.27513
648.010	0.25004	-0.60741	-0.25788	0.14281
651.873	0.25897	-0.58987	-0.19008	0.15063
656.008	0.24170	-0.50087	-0.25123	0.19360
660.015	0.12262	-0.46315	-0.21157	0.11731
664.010	0.01362	-0.44410	-0.34064	-0.05820
667.908	0.29590	-0.28372	-0.33977	-0.17320
672.011	0.38447	-0.34204	-0.40350	-0.25644
676.009	0.38869	-0.34852	-0.41085	-0.49823
680.013	0.37993	-0.33461	-0.48582	-0.44435
683.913	0.38511	-0.33195	-0.45867	-0.44440
688.012	0.35938	-0.30578	-0.41780	-0.56998
692.012	0.11287	-0.31228	-0.31997	-0.68925
696.011	0.39266	-0.33528	-0.42040	-0.69187
699.881	0.38410	-0.39327	-0.43135	-0.71478
704.014	0.45095	-0.47382	-0.56798	-0.73772
707.999	0.31955	-0.35240	-0.43376	-0.63254
712.009	0.52505	-0.41520	-0.39546	-0.61615
715.876	0.55761	-0.38422	-0.34183	-0.62639
719.974	0.34409	-0.39178	-0.25220	-0.55076
723.973	0.40422	-0.37829	-0.34821	-0.60798
728.010	0.34940	-0.31739	-0.30883	-0.65916
731.910	0.29411	-0.25624	-0.37799	-0.54238
736.011	0.07430	-0.32331	-0.40532	-0.51457
740.010	0.20487	-0.21196	-0.44644	-0.49015
744.011	0.54156	-0.20944	-0.37042	-0.49962
748.005	0.52803	-0.21948	-0.45031	-0.50247
752.003	0.37157	-0.26874	-0.40591	-0.48719
756.010	0.26773	-0.26735	-0.35171	-0.62870
760.014	0.01338	-0.33215	-0.41976	-0.66206
764.015	0.32049	-0.45922	-0.51086	-0.76592
768.012	0.13111	-0.45786	-0.33650	-0.78758
772.015	0.27096	-0.49913	-0.43715	-0.86424
775.886	0.08272	-0.53871	-0.44998	-1.02059
779.912	0.28679	-0.56134	-0.40839	-0.93308
783.887	0.34007	-0.62164	-0.29597	-1.02873
787.891	0.34456	-0.63963	-0.36690	-0.93520
791.888	0.24733	-0.64716	-0.31483	-0.98198
795.895	0.22425	-0.61201	-0.32754	-1.06576
799.885	0.31424	-0.54807	-0.45937	-1.01676
803.890	0.36511	-0.53460	-0.51895	-1.03064
807.882	0.47842	-0.53425	-0.56868	-1.03356
811.879	0.42892	-0.47944	-0.43653	-0.98492
815.889	0.36824	-0.43052	-0.47711	-0.90371
819.889	0.35471	-0.38232	-0.56975	-0.85724
823.886	0.35948	-0.41074	-0.52699	-0.72436
827.889	0.35772	-0.39708	-0.62106	-0.55232
831.888	0.30290	-0.38073	-0.55863	-0.29912
835.886	0.24909	-0.43490	-0.61754	-0.47985
839.880	0.10669	-0.49128	-0.71221	-0.40818
844.015	0.10753	-0.59743	-0.71528	-0.22673
847.886	0.02971	-0.56945	-0.59982	-0.27571
851.888	-0.04837	-0.66247	-0.61201	-0.33420
855.889	0.00392	-0.67097	-0.57520	-0.40954
859.911	0.00784	-0.71676	-0.62305	-0.39256
863.890	-0.07023	-0.71778	-0.71265	-0.31536
867.891	0.00901	-0.69077	-0.73077	-0.40955
871.887	0.15712	-0.67733	-0.70598	-0.40063
875.912	0.19129	-0.60229	-0.73015	-0.34619
879.861	0.18114	-0.57032	-0.75833	-0.31980
883.888	0.18278	-0.48007	-0.70283	-0.17604
887.890	0.11903	-0.41085	-0.80883	-0.11588
891.879	0.12719	-0.39405	-0.82250	-0.07136
895.891	0.08939	-0.25199	-0.76915	-0.26171
899.857	0.06147	-0.21151	-0.88671	-0.25214
903.889	-0.09130	-0.19280	-0.94470	-0.26118
907.857	-0.16107	-0.13913	-0.86495	-0.21544
911.890	-0.11937	-0.09291	-0.82017	-0.16978
915.892	-0.18335	-0.09363	-0.84453	-0.05951
919.875	-0.18375	-0.11244	-0.74665	0.00229
923.882	-0.25493	-0.14410	-0.59007	0.02162
927.887	-0.25493	-0.17670	-0.57257	0.06617
931.887	-0.25272	-0.22240	-0.77426	0.02629
935.891	-0.24847	-0.32042	-0.74064	0.10659
939.890	-0.22693	-0.35047	-0.77868	0.12853
943.888	-0.21586	-0.45858	-0.62732	0.13092
947.886	-0.16189	-0.45378	-0.70558	0.16402
951.891	-0.11051	-0.55148	-0.73208	0.14063
955.887	-0.05380	-0.55956	-0.77412	0.17634
959.889	-0.02541	-0.55501	-0.70027	0.14769
963.855	0.02181	-0.61825	-0.71000	0.10781
967.891	0.11007	-0.62826	-0.72109	0.04067
971.913	0.14903	-0.61857	-0.82322	0.04122
975.891	0.20197	-0.65459	-0.81962	-0.03359
979.892	0.24904	-0.63519	-0.75853	-0.07307
983.888	0.39522	-0.61565	-0.75563	-0.09549
987.915	0.33908	-0.57933	-0.74469	-0.12195
991.891	0.36683	-0.47169	-0.65784	-0.14936
995.890	0.28379	-0.53491	-0.63511	-0.10235
999.893	0.30113	-0.44682	-0.57461	-0.10173
1003.913	0.24085	-0.48283	-0.46001	-0.06003
1007.890	0.21599	-0.44921	-0.63439	-0.02820
1011.890	0.22797	-0.39924	-0.54989	-0.06980
1015.889	0.15883	-0.44275	-0.66431	-0.12712
1019.886	0.17817	-0.45985	-0.86855	-0.14582
1023.890	0.28677	-0.47838	-0.96135	-0.17022
1027.889	0.22435	-0.33093	-0.61804	-0.16402
1031.895	0.02348	-0.36371	-1.08135	-0.13662
1035.915	-0.16211	-0.46472	-0.81530	-0.08597
1039.898	-0.17983	-0.38665	-0.65469	-0.08058
1043.882	-0.21765	-0.34659	-0.88225	-0.03898
1047.882	-0.07922	-0.38980	-0.88937	-0.02328
1051.884	-0.40494	-0.22610	-0.87659	-0.09429
1055.890	-0.28071	-0.32159	-0.81188	-0.05456
1059.887	-0.23994	-0.20200	-1.03982	-0.07302
1063.893	-0.14158	-0.10481	-0.88647	-0.15457
1067.916	0.29143	-0.06836	-0.83687	-0.12162
1071.892	0.21043	-0.10638	-0.83235	-0.16950
1075.892	0.41738	-0.13818	-0.69161	-0.31171
1079.891	0.86017	-0.12361	-0.78049	-0.25304
1083.915	0.19350	-0.14042	-0.69094	-0.41400
1087.865	0.20224	-0.18838	-0.63925	-0.46705
1091.891	0.25944	-0.34013	-0.66407	-0.52380
1095.893	0.26835	-0.32549	-0.62278	-0.56122
1099.873	0.13034	-0.24414	-0.56826	-0.62912
1103.891	0.19459	-0.26027	-0.80104	-0.67483
1107.894	0.35896	-0.23797	-0.69891	-0.66143
1111.892	0.10466	-0.39490	-0.65930	-0.66767
1115.884	0.11860	-0.47677	-0.59084	-0.60935
1119.893	-0.03368	-0.45229	-0.68422	-0.52086
1123.896	-0.01273	-0.48825	-0.74312	-0.32318
1127.880	-0.03115	-0.65788	-0.80392	-0.40199
1131.855	0.15082	-0.64677	-0.84535	-0.33090
1135.890	-0.01593	-0.73291	-0.73876	-0.16906
1139.890	0.04966	-0.70990	-0.73459	-0.19222
1143.889	0.26366	-0.80756	-0.75861	-0.14600
1147.884	0.05135	-0.91298	-0.68980	-0.11455
1151.894	-0.08922	-1.01255	-0.53652	-0.10794
1155.856	-0.06147	-0.91842	-0.46599	-0.04604
1159.894	0.08599	-0.90724	-0.51101	-0.22634
1163.895	0.09183	-0.95469	-0.61761	-0.11375
1167.896	0.19618	-0.65758	-0.41460	-0.23847
1171.860	0.40805	-0.69669	-0.47083	-0.32660
1175.894	0.14278	-0.68486	-0.37390	-0.09572
1179.895	0.37052	-0.65401	-0.48679	-0.20922
1183.892	0.32446	-0.68393	-0.44306	-0.35486
1187.893	0.36620	-0.84127	-0.40698	-0.51105
1191.892	0.38497	-0.48670	-0.40340	-0.30054
1195.896	0.37137	-0.39429	-0.39760	-0.04098
1199.858	0.43758	-0.48329	-0.47212	-0.11477
1203.896	0.41743	-0.44587	-0.47604	-0.28881
1207.897	0.44512	-0.53582	-0.48212	-0.49397
1211.879	0.43569	-0.58921	-0.48006	-0.49064
1215.895	0.38082	-0.50287	-0.46515	-0.35307
1219.894	0.32181	-0.58142	-0.46952	-0.59917
1223.897	0.28533	-0.50114	-0.43281	-0.55000
1227.897	0.32990	-0.47992	-0.50905	-0.37463
1231.896	0.29175	-0.41579	-0.53416	-0.23732
1235.896	0.29426	-0.40781	-0.54816	-0.55101
1239.894	0.34856	-0.38701	-0.58818	-0.58023
1243.892	0.30597	-0.58952	-0.53488	-0.68033
1247.894	0.29024	-0.56542	-0.76759	-0.70805
1251.889	0.27456	-0.51359	-0.67238	-0.55172
1255.885	0.26602	-0.35901	-0.61186	-0.09745
1259.898	0.45132	-0.72158	-0.67588	-0.48173
1263.896	0.31037	-0.52606	-0.60930	-0.42685
1267.894	0.46942	-0.84111	-0.69707	-0.67775
1271.895	0.41904	-0.41290	-0.54664	-0.67782
1275.886	0.44790	-0.20077	-0.62546	-0.40807
1279.896	0.43835	-0.63194	-0.46076	-0.30461
1283.896	0.56582	-0.76455	-0.47895	-0.41419
1287.897	0.48359	-0.64970	-0.63957	-0.34669
1291.902	0.50470	-0.69668	-0.58203	-0.38700
1295.870	0.50783	-0.65927	-0.58322	-0.33803
1299.895	0.45289	-0.77805	-0.50540	-0.37138
1303.897	0.41924	-0.70678	-0.57811	-0.23735
1307.891	0.48026	-0.78516	-0.58190	-0.37274
1311.897	0.64962	-0.79120	-0.55327	-0.39237
1315.897	0.57667	-0.78355	-0.59995	-0.10744
1319.894	0.57190	-0.74843	-0.50922	0.04791
1323.901	0.55838	-0.66935	-0.50766	-0.13145
1327.897	0.51905	-0.52691	-0.38018	-0.19235
1331.896	0.69121	-0.46613	-0.34129	-0.14922
1335.897	0.51135	-0.53350	-0.27967	-0.25684
1339.890	0.50237	-0.37485	-0.24460	-0.36734
1343.894	0.44574	-0.39297	-0.21154	-0.41497
1347.898	0.52617	-0.40857	-0.22696	-0.44993
1351.894	0.46887	-0.31786	-0.29801	-0.44710
1355.901	0.35605	-0.30330	-0.34863	-0.51699
1359.895	0.26917	-0.35061	-0.38469	-0.60946
1363.902	0.15456	-0.29662	-0.55128	-0.59655
1367.895	-0.07301	-0.33700	-0.53227	-0.69681
1371.900	-0.11091	-0.22431	-0.57349	-0.70435
1375.899	-0.01559	-0.26064	-0.58873	-0.73074
1379.861	0.12779	-0.25251	-0.73263	-0.71037
1383.894	-0.03060	-0.28651	-0.72248	-0.66369
1387.895	-0.15211	-0.18083	-0.80980	-0.53801
1391.894	0.38117	-0.20885	-0.71017	-0.41064
1395.899	1.29300	-0.10320	-0.56689	-0.53759
1399.895	3.65354	0.07856	1.10110	-0.31103
1403.900	5.95982	0.12896	2.98700	-0.15529
1407.860	7.81517	0.26125	5.77686	-0.06727
1411.899	8.53202	0.29216	6.12600	-0.19089
1415.899	8.56433	0.11185	6.46711	-0.19629
1419.856	8.96150	0.15717	7.54142	-0.64532
1423.896	9.41397	0.05756	7.66083	-0.38726
1427.896	9.02026	0.04643	7.51025	-0.28132
1431.897	8.85952	0.03258	7.41826	-0.35268
1435.900	8.79938	-0.08484	6.85613	-0.39994
1439.899	8.83040	-0.24893	7.17609	-0.45243
1443.896	8.94966	-0.53635	7.38583	-0.21267
1447.898	8.93825	0.00029	7.61287	-0.32147
1451.898	9.04430	-0.12022	7.63859	-0.39053
1455.901	8.98441	-0.22902	7.78789	-0.32877
1459.887	8.99743	-0.24413	7.87552	-0.42278
1463.892	9.01002	-0.13886	7.90043	-0.39824
1467.795	8.94324	-0.30981	7.97033	-0.28790
1471.898	8.93699	-0.36232	8.00194	-0.29782
1475.898	8.96796	-0.53809	7.93471	-0.31866
1479.895	9.02762	-0.48701	8.12824	-0.28176
1483.797	9.08283	-0.37140	8.17692	-0.28101
1487.898	9.10460	-0.34122	8.21748	-0.33475
1491.900	9.13269	-0.37267	8.16425	-0.32097
1495.896	9.22956	-0.43793	8.20287	-0.33060
1499.897	9.31187	-0.41397	8.16348	-0.33378
1503.873	9.51107	-0.46387	8.18208	-0.35155
1507.897	9.41827	-0.45806	8.19980	-0.35795
1511.898	9.41805	-0.48986	8.11539	-0.29222
1515.899	9.51339	-0.50072	8.07857	-0.36832
1519.897	9.28780	-0.45152	8.09944	-0.36577
1523.897	9.39243	-0.32738	7.98544	-0.32741
1527.899	9.44868	-0.32186	8.09423	-0.25945
1531.901	9.49347	-0.31734	8.12344	-0.26949
1535.898	9.49419	-0.52719	8.06660	-0.27014
1539.887	9.43974	-0.55029	7.99296	-0.27605
1543.900	9.34437	-0.38968	8.01382	-0.39190
1547.898	9.03362	-0.56455	8.00808	-0.27911
1551.901	9.17227	-0.43243	8.02825	-0.24559
1555.897	9.27617	-0.44145	8.15095	-0.27793
1559.899	9.29164	-0.56963	8.02423	-0.25610
1563.892	9.32816	-0.53238	8.11729	-0.27685
1567.903	9.33328	-0.70732	8.07022	-0.27152
1571.900	9.42926	-0.89454	8.06769	-0.33421
1575.897	9.41733	-0.85450	8.02511	-0.41460
1579.797	9.38651	-0.85088	8.03224	-0.52898
1583.899	9.24245	-0.75204	8.04390	-0.50793
1587.864	9.35370	-0.83321	8.01835	-0.56957
1591.893	9.44228	-0.99464	8.00301	-0.59643
1595.779	9.42883	-0.95513	8.01153	-0.60333
1599.863	9.44020	-0.94113	7.95202	-0.56626
1603.859	9.29609	-1.02811	8.00647	-0.66888
1607.902	9.35568	-1.01266	8.03390	-0.74146
1611.799	9.25635	-0.95457	8.07913	-0.71201
1615.900	9.22712	-0.82917	8.12612	-0.71065
1619.900	9.31160	-0.89301	8.13787	-0.57810
1623.900	9.25279	-0.85334	8.13162	-0.48777
1627.800	9.18859	-0.76351	8.21009	-0.54261
1631.901	9.19914	-0.76851	8.20126	-0.58711
1635.899	9.16939	-0.71437	8.27744	-0.48555
1639.901	9.15289	-0.69903	8.27042	-0.48792
1643.901	9.23925	-0.66097	8.35316	-0.36091
1647.902	9.31525	-0.58438	8.37827	-0.31966
1651.902	9.33633	-0.69008	8.39683	-0.26126
1655.903	9.29265	-0.67085	8.40701	-0.22200
1659.901	9.27660	-0.65182	8.41952	-0.15624
1663.901	9.24203	-0.61775	8.46699	-0.14501
1667.891	9.11152	-0.14240	8.44278	-0.01426
1671.890	8.74256	-0.37280	8.06392	0.07750
1675.900	8.76520	0.51951	7.01631	1.09782
1679.899	7.34140	3.66220	1.85095	3.65119
1683.899	12.58569	4.11650	1.69155	3.30891
1687.899	-2.18079	12.79332	14.60279	7.52831
1691.803	16.67854	11.90575	NaN	NaN
1695.899	NaN	NaN	NaN	NaN
1699.903	NaN	NaN	NaN	NaN
1703.902	NaN	NaN	NaN	NaN
1707.905	NaN	NaN	NaN	NaN
1711.868	NaN	NaN	NaN	NaN
1715.898	NaN	NaN	NaN	NaN
1719.901	NaN	NaN	NaN	NaN
1723.904	NaN	NaN	NaN	NaN
1727.901	NaN	NaN	NaN	NaN
1731.899	NaN	NaN	NaN	NaN
1735.899	NaN	NaN	NaN	NaN
1739.900	NaN	NaN	NaN	NaN
1743.899	NaN	NaN	NaN	NaN
1747.903	NaN	NaN	NaN	NaN
1751.887	NaN	NaN	NaN	NaN
1755.899	NaN	NaN	NaN	NaN
1759.900	NaN	NaN	NaN	NaN
1763.902	NaN	NaN	NaN	NaN
1767.906	NaN	NaN	NaN	NaN
1771.904	NaN	NaN	NaN	NaN
1775.901	NaN	NaN	NaN	NaN
1779.864	NaN	NaN	NaN	NaN
1783.866	NaN	NaN	NaN	NaN
1787.902	NaN	NaN	NaN	NaN
1791.904	NaN	NaN	NaN	NaN
1795.869	NaN	NaN	NaN	NaN
1799.864	NaN	NaN	-2.27781	10.72617
1803.908	-6.29269	0.18085	NaN	NaN
1807.902	-6.46294	0.14388	3.46545	14.62361
1811.914	-6.43724	1.24823	0.43207	-0.83455
1815.777	-3.15223	0.54827	0.32555	-1.77637
1819.806	-4.37690	1.14478	0.15228	-1.35072
1823.775	-2.20798	0.35900	-0.08088	-0.94552
1827.777	-1.18892	0.74259	-2.39770	-0.78023
1831.779	-0.75369	0.42229	-3.07164	-0.93345
1835.779	-1.17503	0.48166	-3.34435	-0.96909
1839.775	-1.39272	0.46595	-2.88834	-1.09484
1843.739	-1.56122	0.30841	-3.08463	-1.11295
1847.780	-1.59722	0.34161	-2.97871	-1.12876
1851.776	-1.47008	0.32631	-2.96277	-0.91719
1855.741	-1.65971	0.29540	-3.03615	-0.97099
1859.779	-1.54797	0.26974	-2.97534	-0.72852
1863.779	-1.66502	0.17146	-2.95426	-0.73591
1867.774	-1.68523	0.18947	-2.95631	-0.79972
1871.779	-1.74861	0.15697	-3.01343	-0.68295
1875.780	-1.80972	0.33236	-3.00707	-0.68186
1879.780	-1.86355	0.19923	-2.94510	-0.67584
1883.771	-1.87393	0.26649	-3.01801	-0.54010
1887.779	-1.89607	0.58990	-3.00675	-0.50619
1891.781	-1.91863	0.33582	-3.10606	-0.50120
1895.778	-2.01568	0.19547	-3.14575	-0.50007
1899.746	-2.06389	0.13281	-3.18539	-0.43589
1903.780	-2.14726	0.09828	-3.15142	-0.49036
1907.743	-2.16709	0.21784	-3.19150	-0.46968
1911.780	-2.11033	0.18502	-3.19689	-0.45571
1915.813	-2.09980	0.22255	-3.20956	-0.46766
1919.781	-1.96308	0.18546	-3.09097	-0.45156
1923.761	-1.87991	0.39804	-3.12138	-0.42116
1927.775	-1.74895	0.27060	-3.12806	-0.39210
1931.800	-1.96538	0.36968	-3.13165	-0.32709
1935.780	-2.11135	0.36729	-3.05897	-0.33411
1939.780	-1.99607	0.42627	-3.06961	-0.30245
1943.778	-1.87661	0.36076	-3.02586	-0.29966
1947.801	-1.80491	0.30887	-3.04546	-0.41531
1951.779	-1.77072	0.35303	-3.00200	-0.32639
1955.778	-1.76306	0.40030	-2.99680	-0.32686
1959.778	-1.71523	0.48979	-3.03294	-0.44516
1963.809	-1.81751	0.47966	-3.03304	-0.42243
1967.749	-1.75329	0.44247	-3.02720	-0.45199
1971.779	-1.95718	0.43048	-2.96814	-0.43888
1975.780	-1.88551	0.29793	-2.94436	-0.40646
1979.803	-1.91640	0.27423	-2.90819	-0.42059
1983.781	-1.84421	0.26416	-2.93403	-0.45384
1987.783	-1.86739	0.39931	-2.94609	-0.39673
1991.781	-1.91610	0.45505	-2.96052	-0.34834
1995.773	-1.87019	0.54493	-2.97344	-0.43809
1999.783	-1.90544	0.59228	-2.97955	-0.80040
2003.782	-1.88041	0.45158	-2.84752	-0.49400
2007.782	-1.31694	0.55842	-2.19271	-0.40089
2011.752	1.45996	0.56966	-0.19427	-0.27659
2015.784	4.25235	0.74697	1.88269	-0.23852
2019.781	5.10918	0.32462	3.38921	-0.33058
2023.779	6.45294	-0.08311	5.03226	-0.37444
2027.807	7.49227	-0.17399	7.05564	-0.14407
2031.781	9.56366	-0.36035	7.33759	-0.34745
2035.780	9.14859	-0.46025	8.09610	-0.52624
2039.780	9.37660	-0.37513	8.05404	-0.39873
2043.806	9.27854	-0.42669	7.51537	-0.41843
2047.770	9.20755	-0.55103	7.51464	-0.44452
2051.773	9.21812	-0.63209	7.58037	-0.57115
2055.782	9.26309	-0.78963	7.83493	-0.71760
2059.803	9.32642	-0.83146	8.01153	-0.81381
2063.780	9.33862	-0.96131	8.00632	-0.92342
2067.786	9.33007	-0.97690	8.18397	-1.00728
2071.779	8.94651	-0.92276	8.28308	-1.05921
2075.808	9.07027	-0.92966	8.23240	-0.82487
2079.781	9.05354	-0.87609	8.26186	-0.89832
2083.745	9.00005	-0.98583	8.19236	-0.86565
2087.788	8.99983	-0.97675	8.22963	-0.84639
2091.778	9.01917	-1.00788	8.22752	-0.82562
2095.782	8.92159	-1.00486	8.23583	-0.78461
2099.785	8.94423	-0.96868	8.26186	-0.60878
2103.745	8.99407	-0.99330	8.30386	-0.71918
2107.806	8.94668	-1.01768	8.26502	-0.63381
2111.782	8.94312	-1.12313	8.25895	-0.48006
2115.783	8.93479	-1.11697	8.23571	-0.46199
2119.782	8.96460	-1.24623	8.28369	-0.50487
2123.774	9.02762	-1.31729	8.29278	-0.49859
2127.783	9.01014	-1.47404	8.23282	-0.45098
2131.767	9.03612	-1.51278	8.30643	-0.47312
2135.789	8.97596	-1.48495	8.38981	-0.52811
2139.805	9.01164	-1.42923	8.42522	-0.63217
2143.780	9.04241	-1.48877	8.43843	-0.69148
2147.782	8.94009	-1.43005	8.49763	-0.76091
2151.780	8.90395	-1.41311	8.57071	-0.82737
2155.785	8.90095	-1.36788	8.55069	-0.88131
2159.746	8.88399	-1.36652	8.51717	-0.93458
2163.784	8.90466	-1.33457	8.52610	-0.97144
2167.787	8.84101	-1.29767	8.48396	-0.89739
2171.805	8.84617	-1.31348	8.48483	-0.92894
2175.778	8.81234	-1.29701	8.42768	-0.96746
2179.786	8.84198	-1.11352	8.31618	-1.01375
2183.784	8.79598	-1.07240	8.31076	-1.01445
2187.806	8.82218	-0.98417	8.13585	-1.02402
2191.783	8.86674	-0.81532	8.13923	-0.94375
2195.783	8.90143	-0.63223	8.06331	-0.97600
2199.784	8.92270	-0.49248	8.11055	-0.97589
2203.808	8.95385	-1.03641	8.09645	-0.95875
2207.783	8.89911	-1.03077	8.04270	-0.96542
2211.785	9.00741	-1.12686	8.03477	-0.89361
2215.766	9.14556	-1.00885	8.01737	-0.91363
2219.806	9.15316	-1.05523	8.03784	-0.88485
2223.784	9.21991	-1.13678	8.04085	-0.84167
2227.788	9.29626	-1.04836	8.09606	-0.90627
2231.783	9.27075	-0.90138	8.11002	-0.84472
2235.811	9.30044	-0.84266	8.10693	-0.85791
2239.783	9.30735	-0.92457	8.13432	-0.80805
2243.784	9.31743	-0.84357	8.09518	-0.77001
2247.747	9.25446	-0.78448	8.07000	-0.70917
2251.810	9.33263	-0.90283	8.10408	-0.75346
2255.771	9.38185	-0.71360	8.16437	-0.81785
2259.786	9.28893	-0.64861	8.15616	-0.95487
2263.783	9.25521	-0.54097	8.14660	-0.98426
2267.809	9.20141	-0.98415	8.16048	-0.92216
2271.786	9.26887	-0.89726	8.14699	-0.98531
2275.786	9.23413	-1.03496	8.24531	-1.09843
2279.785	9.21454	-0.94080	8.23386	-1.02208
2283.811	9.18359	-0.92811	8.27285	-0.88546
2287.785	9.19471	-1.15893	8.40150	-1.03769
2291.788	9.16671	-0.98145	8.43270	-0.98408
2295.781	9.17365	-0.91742	8.47587	-0.77543
2299.789	9.06700	-0.80594	8.43001	-0.82740
2303.784	9.15877	-0.89237	8.37072	-0.91029
2307.787	9.13601	-0.86949	8.48661	-0.88795
2311.784	9.18023	-0.92586	8.54243	-1.01468
2315.788	9.17459	-0.92328	8.53605	-0.94134
2319.784	9.14077	-0.84416	8.43885	-0.87073
2323.786	9.15913	-0.76092	8.33982	-0.78625
2327.785	9.17614	-0.66030	8.49935	-0.94939
2331.790	9.17558	-0.62518	8.51008	-0.98386
2335.788	9.19413	-0.63650	8.46318	-0.90850
2339.769	9.12532	-0.66295	8.38376	-0.99672
2343.785	9.16709	-0.70152	8.50078	-1.06493
2347.787	9.33309	-0.76077	8.41871	-1.13554
2351.786	9.79787	-1.19013	8.47855	-1.15963
2355.748	10.44600	-2.11226	8.64871	-1.38310
2359.788	9.86604	-2.36031	9.13557	-1.45028
2363.787	9.89053	-2.32101	8.84171	-1.27858
2367.786	9.46498	-1.98087	8.71380	-1.41205
2371.788	9.46000	-1.89772	9.13054	-1.56117
2375.783	9.62041	-1.88249	9.06039	-1.54686
2379.787	10.09261	-2.20601	9.31864	-1.52890
2383.781	10.07721	-2.17656	9.23461	-1.62184
2387.750	10.04259	-2.17488	9.34413	-1.62589
2391.786	10.15494	-2.29724	9.34196	-1.66564
2395.791	10.08628	-2.34575	9.41327	-1.65133
2399.787	9.90176	-2.33618	9.31738	-1.64655
2403.788	9.91233	-2.50155	9.36807	-1.60966
2407.788	10.05854	-2.43847	9.43486	-1.59925
2411.790	10.12563	-2.38156	9.44986	-1.52575
2415.788	10.18656	-2.29928	9.43977	-1.56146
2419.790	10.41006	-2.36917	9.56948	-1.60213
2423.750	10.41342	-2.34018	9.57133	-1.62149
2427.789	10.44482	-2.37725	9.53815	-1.61648
2431.789	10.39597	-2.39368	9.53914	-1.58297
2435.790	10.32102	-2.31793	9.62907	-1.57656
2439.787	10.30175	-2.09089	9.70087	-1.53833
2443.789	10.16134	-1.94580	9.69694	-1.44365
2447.787	10.12217	-1.83782	9.81906	-1.38791
2451.799	10.47513	-1.42698	9.52900	-0.82181
2455.786	10.68106	-0.67734	3.03719	-1.27237
2459.791	14.88180	1.19739	18.14239	2.56280
2463.785	17.54736	3.55189	19.35951	4.29074
2467.778	17.46529	4.66416	18.07625	4.75637
2471.792	18.77211	6.36949	NaN	NaN
2475.792	18.88570	11.91298	NaN	NaN
2479.785	NaN	NaN	NaN	NaN
2483.786	NaN	NaN	NaN	NaN
2487.788	NaN	NaN	NaN	NaN
2491.789	NaN	NaN	NaN	NaN
2495.789	NaN	NaN	NaN	NaN
2499.790	NaN	NaN	NaN	NaN
2503.750	NaN	NaN	NaN	NaN
2507.786	NaN	NaN	NaN	NaN
2511.786	NaN	NaN	NaN	NaN
2515.787	NaN	NaN	NaN	NaN
2519.787	NaN	NaN	NaN	NaN
2523.787	NaN	NaN	NaN	NaN
2527.784	NaN	NaN	NaN	NaN
2531.792	NaN	NaN	NaN	NaN
2535.789	NaN	NaN	NaN	NaN
2539.780	NaN	NaN	NaN	NaN
2543.793	NaN	NaN	NaN	NaN
2547.774	NaN	NaN	NaN	NaN
2551.784	NaN	NaN	NaN	NaN
2555.785	NaN	NaN	NaN	NaN
2559.788	NaN	NaN	NaN	NaN
2563.790	NaN	NaN	NaN	NaN
2567.788	NaN	NaN	NaN	NaN
2571.791	NaN	NaN	NaN	NaN
2575.787	NaN	NaN	NaN	NaN
2579.789	NaN	NaN	NaN	NaN
2583.789	NaN	NaN	NaN	NaN
2587.793	NaN	NaN	NaN	NaN
2591.784	NaN	NaN	NaN	NaN
2595.789	NaN	NaN	NaN	NaN
2599.787	NaN	NaN	NaN	NaN
2603.750	NaN	NaN	NaN	NaN
2607.793	NaN	NaN	NaN	NaN
2611.790	NaN	NaN	NaN	NaN
2615.788	NaN	NaN	NaN	NaN
2619.791	NaN	NaN	NaN	NaN
2623.805	NaN	NaN	NaN	NaN
2627.786	NaN	NaN	NaN	NaN
2631.762	NaN	NaN	NaN	NaN
2635.787	NaN	NaN	NaN	NaN
2639.689	NaN	NaN	23.56018	7.07272
2643.792	NaN	NaN	21.29390	4.97488
2647.790	NaN	NaN	21.35816	5.70639
2651.791	17.84370	6.05064	18.46414	3.48828
2655.691	17.78755	6.12637	18.29897	3.50424
2659.790	17.07118	3.94921	18.64659	3.49015
2663.792	16.28222	5.46437	16.20192	1.03608
2667.790	17.51306	4.45822	3.40116	-2.41068
2671.695	17.09256	3.39862	3.59058	-2.53151
2675.783	16.98201	1.99634	5.90625	-2.13796
2679.793	16.39557	1.55183	9.79289	-1.73071
2683.790	12.57046	0.50550	9.43189	-1.32439
2687.688	12.64149	-0.08770	9.42339	-1.29482
2691.790	11.54080	-0.52166	9.40035	-0.93577
2695.791	10.54128	-0.79795	9.20961	-0.79409
2699.791	10.28042	-0.67230	9.10816	-0.79724
2703.690	10.30800	-0.29712	9.09023	-0.72594
2707.790	10.01556	-0.55527	9.07225	-0.83513
2711.802	9.85910	-0.50146	9.12314	-0.81732
2715.754	9.77047	-0.62701	9.14256	-0.84637
2719.779	9.81684	-0.62699	9.19691	-0.83017
2723.791	9.72689	-0.66297	9.15761	-0.83287
2727.791	9.62591	-0.81506	9.10502	-0.81827
2731.794	9.70994	-0.84508	9.06405	-0.82619
2735.799	9.69057	-0.86974	8.96949	-0.70174
2739.790	9.66798	-0.87966	8.99704	-0.84752
2743.791	9.72375	-0.89161	9.01150	-0.82506
2747.792	9.80860	-0.90960	9.07898	-0.70820
2751.799	9.93578	-0.91796	9.10073	-0.58083
2755.775	9.91175	-0.95307	9.04546	-0.73369
2759.790	9.94960	-0.98276	9.07378	-0.69707
2763.792	10.08705	-1.01157	8.98264	-0.70255
2767.794	10.06641	-0.99442	9.01462	-0.64426
2771.795	10.10331	-0.95950	9.11087	-0.64283
2775.790	10.07937	-1.02187	9.06581	-0.66387
2779.793	10.12847	-1.03856	9.04664	-0.71327
2783.765	10.11930	-1.01675	9.04246	-0.73546
2787.793	10.08216	-0.97642	9.13066	-0.77828
2791.793	9.97447	-1.01173	9.08967	-0.83273
2795.789	9.98685	-0.98304	9.13071	-0.85054
2799.761	9.96174	-0.93639	9.10347	-0.91824
2803.791	9.87187	-0.70449	9.07148	-0.95104
2807.755	9.79997	-0.54119	9.13833	-0.99862
2811.792	9.73988	-0.63875	9.19878	-1.03898
2815.796	9.77421	-0.54703	9.19246	-1.03886
2819.795	9.73643	-0.47627	9.21338	-1.07148
2823.789	9.71278	-0.47018	9.24643	-1.12662
2827.791	9.65758	-0.51964	9.27977	-1.16544
2831.795	9.64721	-0.48913	9.23522	-1.14909
2835.797	9.47826	-0.47742	7.32038	-1.07525
2839.772	7.66061	-0.37714	6.15016	-1.18350
2843.795	5.84058	-0.22453	2.67028	-1.12169
2847.666	3.87470	-0.32324	1.05726	-1.04327
2851.666	2.46860	-0.19786	0.20901	-1.06553
2855.670	1.55958	-0.28789	-0.55709	-1.08312
2859.667	0.63158	-0.15644	-0.81238	-1.07690
2863.690	0.62908	-0.19438	-0.78791	-0.86522
2867.667	0.71399	0.09720	-0.49681	-0.87027
2871.670	1.16803	0.19927	-0.37003	-0.82020
2875.673	1.10202	0.19389	-0.19700	-0.87059
2879.670	1.03173	0.09247	-0.24458	-0.91804
2883.668	0.81225	-0.05128	-0.38037	-0.94481
2887.637	0.61511	-0.18268	-0.63223	-0.95928
2891.669	0.46649	-0.25561	-0.82230	-1.01835
2895.660	0.51131	-0.05104	-1.02173	-1.04507
2899.669	0.42681	-0.10081	-1.02213	-0.97968
2903.666	0.44453	-0.25917	-0.59076	-0.95146
2907.671	0.31943	-0.33240	-0.42614	-1.00368
2911.693	0.31114	-0.00962	-0.36504	-1.05635
2915.669	0.23314	-0.11796	-0.54749	-1.07232
2919.673	0.23423	-0.09450	-0.48167	-0.99172
2923.675	0.18755	-0.25624	-0.56885	-0.90752
2927.675	0.19358	-0.54520	-0.51349	-0.96625
2931.670	0.30965	-0.74560	-0.71322	-0.99265
2935.669	0.35305	-0.67155	-0.61841	-0.94217
2939.670	0.31739	-1.00289	-0.56793	-0.89972
2943.691	0.45750	-0.75117	-0.41001	-0.99252
2947.684	0.35146	-0.89575	-0.43480	-1.02330
2951.668	0.36702	-0.89806	-0.48436	-0.90378
2955.671	0.32248	-0.88440	-0.43351	-0.98716
2959.691	0.48048	-1.14163	-0.50138	-1.02952
2963.670	0.50374	-1.03817	-0.61893	-1.01602
2967.667	0.48470	-1.17573	-0.50582	-1.09344
2971.662	0.56888	-1.14814	-0.46219	-1.20993
2975.693	0.52190	-1.00041	-0.40460	-1.11966
2979.669	0.44743	-0.97451	-0.37626	-1.02321
2983.669	0.42264	-0.84822	-0.44214	-0.99928
2987.670	0.33754	-0.70549	-0.47674	-1.04697
2991.694	0.33407	-0.64741	-0.60992	-1.00804
2995.669	0.42150	-0.60089	-0.72891	-1.14398
2999.670	0.35568	-0.78018	-0.57339	-1.11931
3003.672	0.34308	-0.63536	-0.67469	-1.15756
3007.693	0.30319	-0.77588	-0.61044	-1.01393
3011.642	0.38546	-0.61726	-0.57171	-0.95551
3015.670	0.31431	-0.51455	-0.64364	-0.89941
3019.672	0.27327	-0.62172	-0.66027	-0.99509
3023.695	0.31565	-0.58000	-0.69829	-1.02489
3027.673	0.33575	-0.65839	-0.77446	-1.10729
3031.671	0.34985	-0.79103	-0.80320	-1.08798
3035.636	0.32359	-0.76631	-0.79684	-1.01357
3039.669	0.25356	-0.87250	-0.71727	-1.12951
3043.671	0.13411	-0.89427	-0.74650	-1.14053
3047.671	0.28912	-0.94762	-0.76938	-1.13041
3051.657	0.33317	-1.06181	-0.61007	-1.06766
3055.679	0.28463	-1.10569	-0.57779	-1.16809
3059.672	0.39169	-1.13690	-0.59885	-1.26557
3063.669	0.36516	-1.20334	-0.62292	-1.31940
3067.672	0.36819	-1.23213	-0.66526	-1.32873
3071.672	0.44904	-1.27851	-0.59543	-1.41524
3075.673	0.49066	-1.15171	-0.57548	-1.40849
3079.671	0.51751	-1.25816	-0.57784	-1.21421
3083.673	0.59265	-1.22906	-0.63054	-1.02977
3087.665	0.56153	-1.15629	-0.66891	-0.92733
3091.671	0.54280	-1.12423	-0.76506	-0.97448
3095.639	0.46830	-1.18167	-0.87701	-0.96255
3099.672	0.48413	-0.96430	-0.84833	-0.91233
3103.669	0.51999	-0.82619	-0.78129	-0.90043
3107.672	0.51024	-0.86967	-0.73042	-0.90963
3111.671	0.52128	-0.83360	-0.59099	-0.86588
3115.671	0.44180	-0.82340	-0.56260	-0.92538
3119.695	0.41383	-0.89845	-0.41194	-0.92342
3123.676	0.42311	-0.81572	-0.51959	-0.95137
3127.672	0.40221	-0.70621	-0.66340	-1.07664
3131.675	0.34737	-0.83501	-0.84806	-0.96485
3135.675	-0.51550	-0.69877	-1.92252	-1.09875
3139.674	-1.51712	-0.54702	-3.55028	-1.03721
3143.672	-2.60173	-0.37860	-5.35387	-0.83408
3147.672	-4.07819	-0.15722	-5.85757	-0.84757
3151.696	-4.31667	0.17385	-5.79487	-0.95621
3155.637	-3.78798	0.43177	-5.02654	-0.84515
3159.633	-3.14098	0.34009	-4.43263	-0.81189
3163.673	-3.10614	0.32437	-4.12253	-0.69040
3167.695	-3.22139	0.14551	-4.51529	-0.72692
3171.673	-3.50989	0.12744	-4.71861	-0.45386
3175.669	-3.68448	0.23945	-4.67912	-0.27265
3179.664	-4.06125	0.20486	-4.88131	-0.19708
3183.697	-3.96535	0.26626	-4.94716	-0.15748
3187.673	-4.01201	0.18180	-4.83114	-0.11751
3191.673	-3.96770	0.10878	-4.72046	-0.15914
3195.675	-3.93846	0.09187	-4.71117	-0.04579
3199.697	-3.92173	-0.02092	-4.64761	-0.09498
3203.673	-3.92643	-0.05005	-4.63930	-0.07841
3207.676	-3.92611	-0.10293	-4.62303	-0.03661
3211.673	-3.86511	-0.16723	-4.58015	0.00156
3215.641	-3.84952	-0.29117	-4.39792	-0.07482
3219.648	-3.88058	-0.26686	-4.34334	-0.09031
3223.675	-3.78558	-0.31918	-4.32965	-0.05241
3227.638	-3.79539	-0.37117	-4.31511	-0.07679
3231.670	-3.78178	-0.32543	-4.35210	-0.16561
3235.674	-3.78852	-0.33537	-4.44077	-0.09731
3239.638	-3.75726	-0.34525	-4.54804	-0.07062
3243.677	-3.75472	-0.23482	-4.86426	-0.10961
3247.698	-3.77493	-0.20882	-4.79319	-0.16714
3251.674	-3.72573	-0.19361	-4.82464	-0.15936
3255.676	-3.76314	-0.24131	-4.77799	-0.14023
3259.661	-3.74024	-0.15634	-4.70379	-0.13757
3263.700	-3.80656	-0.17587	-4.57864	-0.13606
3267.673	-3.82455	-0.23494	-4.52363	-0.10156
3271.674	-3.72108	-0.24278	-4.70372	-0.13074
3275.677	-3.71762	-0.12557	-4.93558	-0.10329
3279.699	-3.70566	-0.01649	-4.89841	-0.11183
3283.673	-3.68787	0.07732	-4.97925	-0.19208
3287.674	-3.74893	0.05512	-4.81239	-0.17256
3291.677	-3.72420	0.16963	-4.85588	-0.15242
3295.699	-3.70823	0.20083	-4.58469	-0.18280
3299.677	-3.69812	0.44486	-4.61524	-0.17875
3303.642	-3.74375	0.54699	-4.73786	-0.24026
3307.638	-3.71718	0.34777	-4.90624	-0.39102
3311.705	-3.69432	0.34438	-4.94785	-0.41254
3315.676	-3.72998	0.31489	-4.96105	-0.39188
3319.673	-3.77004	0.28678	-4.89439	-0.46241
3323.674	-3.77476	0.27270	-4.87825	-0.48787
3327.678	-3.76455	0.34743	-4.80431	-0.55806
3331.673	-3.75850	0.39283	-4.89311	-0.61483
3335.679	-3.72422	0.25821	-4.92900	-0.58076
3339.679	-3.75833	0.42695	-4.94957	-0.61626
3343.682	-3.72662	0.39116	-4.99201	-0.65558
3347.679	-3.75566	0.31994	-5.02226	-0.64023
3351.677	-3.75702	0.25349	-4.99467	-0.58370
3355.676	-3.77288	0.22266	-4.96847	-0.52605
3359.677	-3.78378	0.28916	-4.92344	-0.49791
3363.680	-3.81587	0.37947	-4.87921	-0.49963
3367.678	-3.82697	0.39486	-4.81643	-0.33321
3371.641	-3.84093	0.45510	-4.81604	-0.37043
3375.685	-3.91052	0.43059	-4.76445	-0.37075
3379.675	-3.91319	0.44363	-4.70190	-0.31078
3383.671	-3.94797	0.52782	-4.66793	-0.28293
3387.675	-4.00576	0.43451	-4.62969	-0.28513
3391.681	-4.04601	0.45139	-4.61048	-0.23679
3395.676	-4.07569	0.40252	-4.56296	-0.25330
3399.677	-4.10668	0.45616	-4.54789	-0.27107
3403.676	-4.12977	0.42592	-4.56331	-0.29291
3407.680	-4.05448	0.16615	-4.57842	-0.27618
3411.679	-4.02339	0.06837	-4.63003	-0.30326
3415.675	-4.04752	0.02119	-4.66344	-0.35042
3419.675	-3.99872	-0.04301	-4.68863	-0.39489
3423.680	-3.99556	-0.10919	-4.74279	-0.45340
3427.651	-3.95935	-0.14966	-4.77481	-0.40700
3431.675	-3.95108	-0.08634	-4.83639	-0.38084
3435.678	-3.95930	-0.23201	-4.82870	-0.38441
3439.682	-3.91650	-0.19406	-4.87860	-0.35621
3443.640	-3.88310	-0.26832	-4.93733	-0.33211
3447.677	-3.87702	-0.30636	-4.90728	-0.23104
3451.678	-3.88552	-0.25511	-4.86404	-0.22180
3455.681	-3.92151	-0.23055	-4.81347	-0.19282
3459.680	-3.94140	-0.22068	-4.80771	-0.16538
3463.682	-3.96022	-0.17511	-4.87939	-0.09047
3467.661	-3.99250	-0.17005	-4.86244	-0.06128
3471.681	-4.00554	-0.15951	-4.86694	-0.01847
3475.686	-4.00119	-0.17692	-4.80968	-0.02635
3479.679	-3.90390	-0.02415	-4.83545	-0.02065
3483.678	-3.84666	0.00211	-4.81350	-0.01419
3487.680	-3.88268	0.40391	-4.81406	-0.03665
3491.678	-3.83549	0.47769	-4.85088	-0.08547
3495.680	-3.85948	0.47995	-4.89203	-0.15781
3499.678	-3.80263	0.70383	-4.93070	-0.17451
3503.680	-3.72388	0.89271	-4.94706	-0.21033
3507.677	-3.71046	0.79065	-4.91151	-0.27637
3511.640	-3.67363	0.84783	-4.91649	-0.32791
3515.679	-3.63853	0.85692	-4.90311	-0.37974
3519.682	-3.59837	0.88936	-4.83459	-0.41015
3523.677	-3.59631	0.81166	-4.58210	-0.47378
3527.677	-3.60833	0.67844	-4.48076	-0.53915
3531.677	-3.62044	0.66291	-4.45530	-0.62911
3535.682	-3.63940	0.56272	-4.28883	-0.67823
3539.679	-3.64249	0.61256	-4.20494	-0.72829
3543.681	-3.65294	0.50273	-4.19005	-0.79560
3547.682	-3.69496	0.44888	-4.13638	-0.78933
3551.664	-3.67378	0.40666	-4.11236	-0.85252
3555.654	-3.66167	0.24969	-4.07769	-0.78996
3559.681	-3.63324	0.26406	-4.09199	-0.87138
3563.682	-3.65749	0.24337	-4.10858	-0.86967
3567.580	-3.63480	0.19073	-4.14414	-0.85459
3571.679	-3.60311	0.17169	-4.17038	-0.77537
3575.683	-3.54727	0.12966	-4.20355	-0.82812
3579.684	-3.53708	0.03991	-4.22844	-0.70089
3583.682	-3.51970	-0.02398	-4.25578	-0.69657
3587.682	-3.48625	-0.10829	-4.24097	-0.66002
3591.685	-3.46056	-0.05692	-4.27449	-0.64217
3595.676	-3.45091	-0.16100	-4.32335	-0.63733
3599.685	-3.43029	-0.16696	-4.32422	-0.59347
3603.683	-3.40469	-0.13477	-4.34991	-0.56882
3607.679	-3.37987	-0.19589	-4.33895	-0.51633
3611.682	-3.38308	-0.23754	-4.36696	-0.48634
3615.681	-3.40776	-0.24369	-4.36824	-0.47524
3619.683	-3.44352	-0.23718	-4.36824	-0.42556
3623.682	-3.44023	-0.30861	-4.36476	-0.39566
3627.681	-3.41483	-0.36126	-4.31551	-0.35468
3631.685	-3.41887	-0.51551	-4.34914	-0.38273
3635.682	-3.40526	-0.67869	-4.31040	-0.38528
3639.680	-3.39211	-0.89486	-4.26457	-0.30502
3643.681	-3.47309	-0.92799	-4.32997	-0.30098
3647.684	-3.84458	-0.57513	-4.84142	-0.26575
3651.643	-6.35373	-0.84575	-8.15156	-0.27382
3655.680	-7.75059	-1.21047	-9.50998	-0.31789
3659.683	-8.98879	-0.97661	-10.93995	-0.71532
3663.684	-9.81378	-0.93661	-11.83579	-0.99951
3667.684	-10.83572	-0.96175	-12.18130	-1.42085
3671.684	-12.30481	-1.08674	-13.64593	-1.66003
3675.666	-12.75944	-1.07259	-13.56641	-1.77759
3679.689	-12.70825	-0.95074	-13.41056	-1.72050
3683.685	-12.53847	-1.01498	-12.89591	-1.75405
3687.683	-12.35644	-1.04059	-12.86572	-1.85840
3691.684	-12.42491	-1.02287	-12.92748	-1.90471
3695.684	-12.42839	-1.09481	-13.09951	-2.00719
3699.646	-12.49332	-1.05903	-13.16955	-2.07368
3703.682	-12.40179	-1.15045	-13.36528	-2.17604
3707.681	-12.28638	-1.31320	-13.36702	-2.29124
3711.682	-12.39042	-1.41227	-13.30987	-2.29120
3715.681	-12.45923	-1.68099	-13.24859	-2.39161
3719.649	-12.43942	-1.66948	-13.17974	-2.48555
3723.681	-12.52653	-1.67381	-13.21270	-2.54695
3727.683	-12.87129	-1.83043	-13.19729	-2.59622
3731.683	-12.66386	-1.68178	-13.30982	-2.64140
3735.684	-12.79654	-1.46799	-13.37625	-2.66832
3739.682	-12.77910	-1.58888	-13.31525	-2.72500
3743.684	-12.80327	-1.59098	-13.33116	-2.76711
3747.681	-12.80518	-1.73510	-13.30416	-2.77784
3751.682	-12.85489	-1.77675	-13.28639	-2.74446
3755.685	-12.93964	-1.72974	-13.27670	-2.70827
3759.663	-12.91951	-1.84801	-13.27337	-2.71466
3763.685	-12.98904	-1.87393	-13.28752	-2.68219
3767.682	-12.94787	-1.99528	-13.17640	-2.70021
3771.683	-12.94403	-2.20340	-13.20383	-2.67302
3775.684	-12.88551	-2.29585	-13.13524	-2.69912
3779.685	-12.88393	-2.27371	-13.12331	-2.67858
3783.646	-12.88037	-2.34731	-13.15101	-2.63233
3787.683	-12.90296	-2.39348	-13.08614	-2.65181
3791.685	-12.94808	-2.47882	-13.06937	-2.64344
3795.685	-12.93974	-2.53672	-13.05423	-2.69307
3799.657	-12.94745	-2.54297	-13.06075	-2.71278
3803.681	-12.93241	-2.63304	-13.14604	-2.80301
3807.683	-12.95958	-2.67073	-13.18153	-2.90563
3811.683	-12.91225	-2.63052	-13.20275	-2.99456
3815.682	-12.94254	-2.51390	-13.20063	-3.00474
3819.684	-13.01480	-2.40384	-13.24816	-2.97441
3823.688	-13.02881	-2.24181	-13.24816	-2.92226
3827.684	-13.03621	-2.21093	-13.27506	-3.00836
3831.684	-13.02339	-2.06944	-13.25453	-2.93494
3835.686	-13.03776	-1.99231	-13.26133	-2.92772
3839.686	-13.16713	-2.10308	-13.33285	-2.93573
3843.658	-13.22714	-2.05328	-13.35055	-2.92377
3847.683	-13.28030	-1.98786	-13.34801	-3.13491
3851.646	-13.27109	-1.94554	-13.36044	-3.02321
3855.688	-13.29824	-1.92894	-13.50741	-3.07220
3859.684	-13.24797	-1.91965	-13.55086	-3.01845
3863.683	-13.20830	-1.94060	-13.73873	-3.09755
3867.683	-13.16193	-1.95967	-13.74697	-3.10779
3871.687	-13.10417	-1.84910	-13.58334	-3.08018
3875.686	-13.11658	-1.94152	-13.36398	-2.96595
3879.690	-10.49560	-1.90942	-12.46881	-2.64551
3883.667	-8.27426	-1.93712	-10.28167	-2.56508
3887.550	-6.39866	-1.90587	-7.97077	-2.48367
3891.561	-4.69667	-1.99343	-6.81378	-1.87835
3895.559	-3.18400	-1.82972	-5.45617	-1.68771
3899.559	-1.28006	-1.69603	-4.04801	-1.32736
3903.556	-0.85558	1.44578	-2.09162	-0.05438
3907.555	-3.40202	5.80390	0.88376	2.18216
3911.561	-1.24860	5.40865	NaN	NaN
3915.559	12.22070	12.63687	NaN	NaN
3919.526	NaN	NaN	NaN	NaN
3923.558	NaN	NaN	NaN	NaN
3927.560	NaN	NaN	NaN	NaN
3931.538	NaN	NaN	NaN	NaN
3935.523	NaN	NaN	NaN	NaN
3939.558	NaN	NaN	NaN	NaN
3943.558	NaN	NaN	NaN	NaN
3947.560	NaN	NaN	NaN	NaN
3951.523	NaN	NaN	NaN	NaN
3955.560	NaN	NaN	NaN	NaN
3959.586	NaN	NaN	NaN	NaN
3963.560	NaN	NaN	NaN	NaN
3967.559	NaN	NaN	NaN	NaN
3971.549	NaN	NaN	NaN	NaN
3975.553	NaN	NaN	NaN	NaN
3979.565	NaN	NaN	NaN	NaN
3983.565	NaN	NaN	NaN	NaN
3987.530	NaN	NaN	NaN	NaN
3991.560	NaN	NaN	NaN	NaN
3995.561	NaN	NaN	NaN	NaN
3999.563	NaN	NaN	NaN	NaN
4003.560	NaN	NaN	NaN	NaN
4007.525	NaN	NaN	NaN	NaN
4011.561	NaN	NaN	NaN	NaN
4015.536	NaN	NaN	NaN	NaN
4019.560	NaN	NaN	NaN	NaN
4023.524	NaN	NaN	NaN	NaN
4027.561	NaN	NaN	NaN	NaN
4031.523	NaN	NaN	NaN	NaN
4035.560	NaN	NaN	NaN	NaN
4039.563	NaN	NaN	NaN	NaN
4043.560	NaN	NaN	NaN	NaN
4047.562	NaN	NaN	NaN	NaN
4051.558	NaN	NaN	NaN	NaN
4055.522	NaN	NaN	NaN	NaN
4059.558	NaN	NaN	NaN	NaN
4063.575	NaN	NaN	NaN	NaN
4067.560	NaN	NaN	NaN	NaN
4071.562	NaN	NaN	NaN	NaN
4075.530	NaN	NaN	NaN	NaN
4079.566	NaN	NaN	0.58173	-1.68338
4083.563	12.54528	2.82933	0.75168	0.85994
4087.562	12.69630	3.89844	14.83436	2.79665
4091.561	12.94066	4.24072	14.96325	2.98352
4095.565	13.09096	3.68915	0.92902	3.14570
4099.524	13.05767	4.17584	1.06190	0.74866
4103.562	13.46576	3.62843	1.05746	-0.49418
4107.563	1.12308	0.10847	1.18984	-1.00826
4111.554	1.86712	0.11695	1.38533	-1.03853
4115.565	1.30089	-1.09615	1.98098	-1.17497
4119.561	5.40206	0.04765	5.42788	-0.64333
4123.564	6.61095	-0.05112	5.78231	-0.10893
4127.585	6.24376	-0.31075	5.97497	-0.35773
4131.562	6.37891	-0.11829	6.04912	-0.47046
4135.563	6.29158	-0.16010	5.91226	-0.19932
4139.544	6.19111	-0.40964	5.60177	-0.47699
4143.533	6.19402	-0.71374	5.69227	-0.32970
4147.563	6.13679	-0.86516	5.67199	-0.39390
4151.563	6.04630	-1.00123	5.79757	-0.40225
4155.566	5.90227	-0.77185	5.71291	-0.31884
4159.590	5.81169	-0.71874	5.74905	-0.32055
4163.566	5.90350	-0.83682	5.75345	-0.31691
4167.565	5.92257	-0.91920	5.74261	-0.30532
4171.566	5.92304	-0.98621	5.56613	-0.35581
4175.591	5.84623	-1.22145	5.55809	-0.36675
4179.555	5.78121	-1.14595	5.53426	-0.50457
4183.553	5.83100	-1.13383	5.51755	-0.59068
4187.562	5.77443	-1.10125	5.46298	-0.71118
4191.587	5.77794	-0.99557	5.62911	-0.58525
4195.565	5.74895	-0.88241	5.58012	-0.58312
4199.565	5.82452	-0.98179	5.61168	-0.45638
4203.564	5.86757	-1.09348	5.75077	-0.50201
4207.587	5.87499	-1.13001	5.76816	-0.44855
4211.568	5.94492	-1.16505	5.97224	-0.49193
4215.565	5.89139	-1.06611	5.77205	-0.77651
4219.567	5.89107	-1.01637	5.53906	-0.90516
4223.586	5.96254	-0.98735	5.71551	-0.67673
4227.564	5.94011	-0.91784	5.77386	-0.47205
4231.563	5.94519	-0.84518	5.79575	-0.32341
4235.564	6.00899	-0.99750	5.75301	-0.57454
4239.586	6.09047	-1.03183	5.73487	-0.56232
4243.566	6.12541	-1.03359	5.69848	-0.52846
4247.566	6.14295	-0.96003	5.64825	-0.65995
4251.564	6.13144	-0.91734	5.69028	-0.61347
4255.587	5.97671	-0.87350	5.61925	-0.63380
4259.529	6.08779	-0.89583	5.56229	-0.60352
4263.548	6.04742	-0.91655	5.65270	-0.61727
4267.562	5.97865	-0.94280	5.69320	-0.59480
4271.590	5.84183	-0.92532	5.67067	-0.63948
4275.566	5.87034	-0.94618	5.62886	-0.64388
4279.532	5.72018	-0.92999	5.61512	-0.62673
4283.530	5.68077	-0.90496	5.55762	-0.66883
4287.589	5.62490	-0.85815	5.52337	-0.66608
4291.567	5.60521	-0.84802	5.40080	-0.66178
4295.564	5.57830	-0.84662	5.38351	-0.71716
4299.530	5.61433	-0.80152	5.42087	-0.68630
4303.590	5.61559	-0.83786	5.37734	-0.70732
4307.564	5.61650	-0.78235	5.35982	-0.66885
4311.565	5.61915	-0.73752	5.31895	-0.66012
4315.568	5.69617	-0.73879	5.29829	-0.68099
4319.567	5.70089	-0.73260	5.28170	-0.69744
4323.564	5.79344	-0.66846	5.30163	-0.67337
4327.567	5.82452	-0.72858	5.30643	-0.64103
4331.567	5.90460	-0.68829	5.28266	-0.65709
4335.590	5.85463	-0.72892	5.35692	-0.65909
4339.570	5.96149	-0.70258	5.37064	-0.65064
4343.565	6.10816	-0.71837	5.37672	-0.69130
4347.539	6.09653	-0.62599	5.22379	-0.73684
4351.595	5.46394	-0.63357	3.51609	-0.67869
4355.569	3.77004	-0.48615	1.80139	-0.37108
4359.566	1.54894	0.04258	-0.70402	-0.61100
4363.569	0.90485	0.19454	-1.96063	-0.43067
4367.573	-1.08304	0.56510	-3.51762	-0.53976
4371.567	-1.54616	0.37774	-3.65779	-0.38946
4375.569	-1.78676	0.52308	-3.66659	-0.27957
4379.566	-1.52037	0.81238	-2.61429	0.08542
4383.573	-1.19403	0.74669	-2.24859	0.11243
4387.565	-1.06520	0.91175	-2.41105	0.12044
4391.557	-1.15134	0.72911	-2.85534	0.16976
4395.568	-1.50051	0.69913	-3.54183	0.07721
4399.561	-1.77702	0.64728	-3.35145	0.14410
4403.568	-1.90986	0.56913	-3.28573	0.12794
4407.530	-1.76031	0.51526	-3.20731	0.06989
4411.565	-1.69966	0.55472	-3.09144	0.08245
4415.567	-1.78880	0.45945	-2.83269	0.09766
4419.567	-1.92220	0.29372	-2.86655	0.07321
4423.566	-1.87555	0.29249	-2.98180	0.02313
4427.568	-1.88286	0.29604	-3.09334	-0.06516
4431.572	-1.91067	0.22116	-3.19830	-0.05813
4435.568	-1.94883	0.23998	-3.10767	-0.06136
4439.568	-1.91472	0.36187	-3.05848	-0.12427
4443.568	-1.87743	0.40055	-2.91906	-0.13391
4447.568	-1.89491	0.35653	-2.94861	-0.14699
4451.568	-1.88321	0.40345	-2.97955	-0.27406
4455.571	-1.97907	0.36014	-3.09636	-0.12186
4459.568	-1.94674	0.33668	-3.14471	-0.20862
4463.570	-1.96278	0.35083	-3.11388	-0.18346
4467.533	-1.99632	0.45373	-2.97423	-0.10130
4471.553	-2.02237	0.47876	-2.91530	-0.06098
4475.567	-2.03657	0.39266	-2.86683	-0.09498
4479.572	-2.04636	0.24726	-3.04620	-0.21146
4483.572	-2.00408	0.10934	-3.17218	-0.14150
4487.569	-1.92463	0.21644	-3.24108	-0.00643
4491.569	-1.83965	0.20011	-3.29127	-0.20144
4495.561	-1.92074	0.16689	-3.35592	-0.07484
4499.570	-1.90847	0.16441	-3.09916	-0.05521
4503.571	-1.95150	0.20985	-3.08852	-0.08757
4507.569	-1.95934	0.09986	-3.07446	-0.05067
4511.567	-1.91920	0.04902	-3.03024	-0.09544
4515.563	-1.92349	0.15351	-3.06513	-0.09628
4519.568	-1.91947	0.16600	-3.11547	-0.19493
4523.567	-1.89957	0.27736	-3.11054	-0.19877
4527.573	-1.90289	0.27892	-3.20261	-0.21729
4531.569	-1.89776	0.18711	-3.02942	-0.23628
4535.570	-1.98616	0.33839	-3.02789	-0.22340
4539.568	-2.02078	0.33957	-2.96431	-0.24354
4543.570	-2.01461	0.36806	-2.98475	-0.29374
4547.572	-1.96905	0.36896	-2.95562	-0.29370
4551.571	-1.93950	0.46038	-2.86430	-0.34353
4555.551	-1.90145	0.46618	-2.91559	-0.33592
4559.574	-1.82745	0.37321	-3.00183	-0.28448
4563.569	-1.87294	0.33627	-2.93005	-0.17449
4567.570	-1.85532	0.31666	-2.90176	-0.06802
4571.570	-1.92944	0.33909	-2.79818	-0.01998
4575.571	-1.95232	0.35312	-2.90891	-0.02576
4579.569	-1.96754	0.32086	-2.89242	0.10250
4583.576	-1.99406	0.21039	-2.91532	0.07820
4587.570	-2.01498	0.23277	-2.88044	0.17196
4591.574	-2.01662	0.20930	-2.88059	0.24795
4595.570	-2.10166	0.10005	-2.87148	0.21095
4599.539	-2.11978	0.19886	-2.99633	0.26341
4603.572	-2.16022	0.26356	-2.97205	0.21786
4607.576	-2.17943	0.31630	-2.92049	0.02814
4611.569	-2.17249	0.48494	-2.83987	-0.24553
4615.568	-2.19916	0.25672	-2.82256	-0.27107
4619.569	-2.20857	0.32009	-2.76393	0.03582
4623.568	-2.20808	0.44548	-2.77832	-0.00869
4627.570	-2.19450	0.38520	-2.77862	-0.05547
4631.573	-2.18077	0.38346	-2.94428	0.10023
4635.537	-2.11509	0.45765	-2.94639	-0.03554
4639.571	-2.14060	0.39479	-2.99415	-0.12842
4643.568	-2.05534	0.45700	-2.94609	-0.09194
4647.571	-2.00485	0.36314	-3.02885	-0.01618
4651.531	-2.06005	0.42615	-2.99636	-0.01578
4655.574	-2.15078	0.40467	-2.83846	0.11208
4659.572	-2.09222	0.36153	-2.87750	0.09250
4663.572	-2.06733	0.29889	-2.82845	0.15211
4667.535	-1.96328	0.15320	-3.01908	0.15981
4671.574	-2.05945	0.27905	-3.10755	0.32162
4675.574	-1.99374	0.26836	-3.14234	0.21919
4679.570	-2.05489	0.30110	-3.22146	0.20726
4683.577	-2.11264	0.38338	-3.11069	0.18021
4687.575	-2.09799	0.36334	-3.27534	0.16078
4691.571	-2.06520	0.43179	-3.10594	0.12759
4695.571	-1.96474	0.36221	-3.25740	0.10998
4699.572	-1.98326	0.32488	-3.25864	0.15228
4703.575	-1.95953	0.36365	-3.28246	0.10583
4707.571	-1.88665	0.45458	-2.72719	0.11825
4711.570	-0.75273	0.42478	-1.96784	0.18842
4715.569	1.99429	0.40628	0.38787	0.11023
4719.573	3.18113	0.27460	2.11789	0.07445
4723.570	5.83252	0.23267	3.52062	0.02396
4727.571	7.34626	-0.71014	4.68821	-0.01803
4731.571	7.51420	-0.73802	5.85416	-0.18923
4735.538	8.11145	-1.14746	6.63898	-0.37892
4739.571	7.91295	-0.89420	7.08732	-0.47831
4743.573	8.29747	-1.03585	6.86860	-0.26869
4747.573	8.19027	-1.12489	6.68421	-0.38735
4751.575	8.11797	-0.95233	6.63335	-0.51776
4755.572	8.18271	-1.06993	6.91598	-0.59185
4759.572	8.41191	-1.15042	7.11374	-0.63521
4763.553	8.64388	-1.34987	7.34821	-0.70257
4767.578	8.57061	-1.51307	7.65493	-0.80313
4771.572	8.57454	-1.54738	7.58968	-0.90343
4775.571	8.51173	-1.64669	7.56174	-1.26628
4779.573	8.43887	-1.44058	7.23084	-0.94668
4783.582	8.46954	-1.40222	7.51583	-1.03148
4787.577	8.37300	-1.33316	7.54657	-0.97359
4791.572	8.32755	-1.67583	7.47336	-0.95518
4795.574	8.30238	-1.86450	7.48405	-0.97806
4799.577	8.33008	-1.88305	7.41897	-1.02996
4803.537	8.24154	-1.82368	7.30200	-1.07131
4807.560	8.21488	-1.85437	7.28842	-1.02467
4811.578	8.19939	-1.81390	7.45955	-1.07208
4815.576	8.18604	-1.69117	7.39798	-0.99119
4819.575	8.20284	-1.62251	7.39117	-0.98733
4823.574	8.29812	-1.77449	7.44123	-0.95360
4827.572	8.29769	-1.79036	7.43586	-0.98189
4831.575	8.40133	-1.79941	7.50625	-0.98277
4835.572	8.54297	-1.77292	7.47578	-0.96879
4839.535	8.56115	-1.75814	7.42912	-0.98498
4843.573	8.62171	-1.81944	7.48590	-0.94025
4847.575	8.59898	-1.82249	7.50495	-0.99971
4851.573	8.61625	-1.86668	7.53435	-1.05442
4855.572	8.51889	-1.88123	7.56113	-1.06511
4859.573	8.47910	-1.79628	7.64510	-1.07965
4863.576	8.46347	-1.80730	7.82642	-1.04055
4867.574	8.48267	-1.80031	7.57081	-0.99422
4871.538	8.33758	-1.56221	7.53903	-0.78992
4875.577	8.19363	-1.68753	7.50942	-0.83931
4879.575	8.19781	-1.83813	7.46421	-0.92256
4883.581	8.08285	-1.81814	7.45350	-0.92409
4887.576	8.10457	-1.60027	7.46782	-0.91130
4891.572	8.11921	-1.72011	7.43161	-0.89516
4895.579	8.13120	-1.67044	7.59339	-0.93790
4899.576	8.23500	-1.56362	7.46263	-0.96109
4903.572	8.28150	-1.63234	7.41990	-1.11775
4907.573	8.50680	-1.59465	7.46938	-1.19762
4911.577	8.36900	-1.50730	7.41128	-1.14593
4915.576	8.29489	-1.69680	7.40045	-1.06299
4919.449	8.46458	-1.75877	7.52369	-1.20180
4923.452	8.29076	-1.69488	7.49193	-1.01967
4927.473	8.24757	-1.80250	7.44952	-0.92178
4931.450	8.28772	-1.89947	7.41006	-0.93815
4935.451	8.28128	-1.81812	7.42009	-0.90519
4939.413	8.21415	-1.93736	7.37619	-0.71270
4943.444	8.11471	-1.97593	7.33647	-0.69362
4947.447	8.07316	-1.99989	7.24639	-0.77007
4951.449	8.05234	-2.06792	7.26876	-0.73929
4955.451	8.06737	-2.14452	7.33481	-0.83233
4959.450	8.14631	-2.07441	7.33371	-0.73813
4963.448	8.07730	-2.09754	7.29838	-0.78338
4967.452	8.29013	-2.10180	7.32299	-0.74189
4971.415	8.44688	-2.00029	7.35603	-0.78533
4975.478	8.45407	-1.89242	7.40518	-0.82244
4979.448	8.58522	-1.86419	7.36486	-0.84752
4983.453	8.38787	-1.71319	7.31176	-0.80615
4987.452	8.36197	-1.71579	7.08810	-0.83054
4991.454	8.24760	-1.77572	7.34636	-0.83595
4995.451	8.37939	-1.89217	7.27716	-0.85237
4999.452	8.17792	-1.87442	7.42929	-0.77694
5003.452	8.28998	-1.93242	7.33864	-0.85112
5007.449	8.37344	-1.63439	7.33654	-0.89765
5011.451	8.45451	-1.55017	7.22490	-0.91374
5015.452	8.28048	-1.51236	7.28500	-0.77680
5019.451	8.19827	-1.73734	7.16986	-0.85898
5023.473	7.78777	-1.72477	6.51474	-0.90694
5027.412	6.23751	-1.68965	4.07881	-1.01709
5031.452	4.51618	-1.60057	1.51142	-0.67369
5035.451	3.02630	-1.61026	-0.54744	-0.97554
5039.474	0.83312	-1.53967	-1.56523	-1.01187
5043.454	-0.75866	-1.38296	-2.25347	-1.08007
5047.454	-1.40053	-1.30446	-3.62014	-1.22536
5051.450	-1.96072	-1.08949	-3.86894	-1.04866
5055.477	-1.77481	-1.01626	-4.08742	-1.09446
5059.415	-1.89689	-1.03915	-3.83695	-1.02334
5063.453	-1.90869	-1.00146	-3.36127	-1.07607
5067.448	-1.91900	-1.09768	-2.80068	-1.14809
5071.480	-2.06057	-1.00713	-3.25520	-1.07490
5075.416	-2.23700	-0.94371	-3.32741	-1.15264
5079.449	-2.38130	-0.90591	-4.00161	-1.04928
5083.448	-2.51589	-0.83407	-4.14470	-1.09548
5087.475	-2.72402	-0.87071	-4.11204	-0.97557
5091.426	-2.65456	-0.85631	-4.21071	-0.96396
5095.455	-2.79248	-0.90800	-4.26272	-0.84285
5099.416	-2.93260	-0.90372	-4.13085	-0.87178
5103.444	-2.83534	-0.97826	-4.05537	-0.86988
5107.452	-2.93599	-1.01261	-4.03814	-1.01680
5111.453	-2.93391	-0.92640	-4.05567	-0.90019
5115.454	-2.91995	-0.94085	-4.14774	-0.90127
5119.453	-2.91609	-0.92212	-4.15974	-0.85775
5123.454	-2.93163	-0.91064	-4.17097	-0.86705
5127.452	-2.90950	-0.84650	-4.11159	-0.81525
5131.452	-2.85700	-0.74056	-4.06145	-0.83615
5135.473	-2.83625	-0.74378	-4.02670	-0.84391
5139.453	-2.80479	-0.62255	-3.99667	-0.87235
5143.416	-2.76547	-0.56196	-3.99813	-0.81973
5147.452	-2.77366	-0.53518	-4.00482	-0.85509
5151.477	-2.71830	-0.51706	-4.01707	-0.79659
5155.454	-2.74403	-0.43818	-4.04670	-0.78603
5159.453	-2.74524	-0.38809	-4.04801	-0.82144
5163.453	-2.72654	-0.36042	-4.05720	-0.81752
5167.457	-2.70755	-0.34499	-4.03984	-0.84814
5171.452	-2.66372	-0.31603	-4.06251	-0.88620
5175.455	-2.63175	-0.37993	-4.06140	-0.93413
5179.455	-2.56394	-0.41061	-4.06764	-0.93980
5183.466	-2.60934	-0.41941	-4.07611	-0.96291
5187.457	-2.61223	-0.49206	-4.04258	-0.99276
5191.456	-2.63051	-0.51556	-4.01396	-0.97621
5195.454	-2.62182	-0.59933	-3.98274	-0.95717
5199.448	-2.60183	-0.60594	-3.93564	-0.91799
5203.455	-2.56166	-0.64819	-3.90523	-0.82733
5207.455	-2.55262	-0.68731	-3.84955	-0.81150
5211.417	-2.56686	-0.67854	-3.81207	-0.78506
5215.481	-2.54920	-0.72568	-3.82506	-0.81455
5219.418	-2.58447	-0.69280	-3.82603	-0.76375
5223.456	-2.58933	-0.69491	-3.86338	-0.84800
5227.422	-2.59448	-0.68530	-3.82054	-0.79397
5231.452	-2.58858	-0.61543	-3.83705	-0.80878
5235.452	-2.57516	-0.56438	-3.85377	-0.78980
5239.454	-2.59913	-0.37409	-3.86054	-0.81104
5243.452	-2.64587	-0.39065	-3.90496	-0.79231
5247.477	-2.72511	-0.32274	-3.90083	-0.78156
5251.454	-2.81226	-0.36064	-3.94016	-0.71303
5255.457	-2.73553	-0.61945	-3.96691	-0.73234
5259.455	-2.75695	-0.96505	-3.95392	-0.81189
5263.455	-2.73803	-0.94779	-3.95305	-0.75536
5267.435	-2.72768	-1.07730	-3.82566	-0.78691
5271.454	-2.76505	-1.12203	-3.80243	-0.76266
5275.457	-2.76829	-1.03504	-3.72044	-0.73709
5279.452	-2.80944	-0.92838	-3.69158	-0.76741
5283.419	-2.78862	-1.07737	-3.64840	-0.76827
5287.459	-2.77272	-1.01149	-3.65240	-0.75076
5291.456	-2.78322	-1.08217	-3.59110	-0.81593
5295.483	-2.73380	-1.19148	-3.63955	-0.85764
5299.420	-2.70404	-1.04790	-3.59604	-0.86083
5303.458	-2.69440	-0.99302	-3.61992	-0.84280
5307.458	-2.71939	-0.97610	-3.62580	-0.86928
5311.482	-2.73635	-0.93489	-3.72669	-0.85086
5315.457	-2.69240	-0.83790	-3.76670	-0.81891
5319.456	-2.65084	-0.76618	-3.74728	-0.74555
5323.455	-2.66612	-0.74778	-3.78852	-0.67885
5327.484	-2.63492	-0.66552	-3.82232	-0.59937
5331.461	-2.62764	-0.32873	-3.83371	-0.59009
5335.459	-2.63499	-0.40652	-3.85980	-0.50060
5339.456	-2.65404	-0.29807	-3.87467	-0.52675
5343.481	-2.67189	-0.08583	-3.94856	-0.46240
5347.459	-2.64547	-0.07303	-3.90960	-0.35761
5351.431	-2.62484	-0.07653	-3.90844	-0.32246
5355.456	-2.67670	0.04416	-3.85049	-0.38471
5359.481	-2.71907	-0.13314	-3.94947	-0.32886
5363.455	-3.43207	0.22870	-4.03609	-0.24924
5367.457	-3.57206	1.00334	-4.49097	0.05923
5371.455	-3.90753	0.94387	-5.18786	0.35722
5375.479	-3.68854	1.45026	-4.80022	0.57684
5379.459	-3.46387	1.65551	-4.32079	0.63128
5383.458	-3.33047	1.44008	-4.29685	0.62684
5387.463	-3.21770	1.43754	-4.35713	0.69913
5391.478	-3.23044	1.35785	-4.56629	0.76543
5395.453	-3.40546	1.45806	-4.64564	0.80935
5399.419	-3.48845	1.53381	-4.77345	0.82326
5403.457	-3.44765	1.51736	-4.82161	0.88675
5407.445	-3.44960	1.56748	-4.88978	0.91627
5411.460	-3.44990	1.64198	-4.82210	0.86942
5415.433	-3.44745	1.60570	-4.76110	0.80605
5419.460	-3.46543	1.62996	-4.73451	0.78701
5423.462	-3.48187	1.56368	-4.77939	0.77260
5427.460	-3.52205	1.56813	-4.77269	0.74916
5431.458	-3.59436	1.52087	-4.85960	0.62246
5435.425	-3.68169	1.54614	-4.83210	0.52373
5439.461	-3.66627	1.49108	-4.82350	0.55565
5443.456	-3.58479	1.44851	-4.78853	0.62166
5447.468	-3.48462	1.28048	-4.76988	0.55242
5451.457	-3.36668	1.30235	-4.73352	0.46645
5455.460	-3.43519	1.25481	-4.71785	0.44462
5459.457	-3.35654	1.23123	-4.67498	0.48398
5463.456	-3.32432	1.25200	-4.62702	0.51209
5467.448	-3.39367	1.09870	-4.62619	0.49278
5471.461	-3.55038	1.16652	-4.58663	0.49662
5475.439	-3.40531	1.20573	-4.53684	0.53125
5479.461	-3.37195	1.19295	-4.55075	0.56396
5483.423	-3.44471	1.36648	-4.64596	0.60743
5487.468	-3.42188	1.37851	-4.70737	0.56362
5491.459	-3.57501	1.28573	-4.76793	0.60368
5495.456	-3.63574	1.28274	-4.75258	0.57410
5499.423	-3.64731	1.34216	-4.71957	0.56648
5503.460	-3.59671	1.33778	-4.83733	0.46663
5507.461	-3.60054	1.26024	-4.91112	0.46012
5511.460	-3.61293	1.34963	-4.90420	0.48057
5515.448	-3.61399	1.45276	-4.90333	0.38513
5519.458	-3.62422	1.43130	-4.97475	0.29105
5523.460	-3.59211	1.54154	-5.01593	0.35784
5527.459	-3.55065	1.46079	-4.96583	0.38745
5531.459	-3.53310	1.52355	-4.98608	0.34805
5535.453	-3.59851	1.65200	-4.96898	0.38774
5539.424	-3.59036	1.74556	-4.98554	0.39437
5543.461	-3.61384	1.82744	-4.97398	0.45572
5547.462	-3.71834	1.89686	-4.99054	0.48459
5551.462	-3.82595	1.93774	-4.92324	0.57814
5555.461	-3.84621	2.00398	-4.84856	0.62958
5559.434	-3.82702	1.99482	-4.79906	0.65755
5563.461	-3.82161	1.70896	-4.77444	0.76270
5567.461	-3.88811	1.81932	-4.61314	0.85079
5571.458	-3.90659	1.67996	-4.61699	0.72095
5575.462	-3.95997	1.17153	-4.73922	0.76180
5579.456	-3.92961	1.32842	-4.69430	0.73020
5583.461	-3.91116	1.32097	-4.58883	0.73111
5587.462	-3.84555	1.28080	-4.51711	0.71761
5591.461	-3.84735	1.34260	-4.74183	0.76133
5595.464	-3.77918	1.18415	-4.67448	0.74095
5599.450	-3.77446	1.20822	-4.80716	0.83359
5603.459	-3.80132	1.31688	-4.87801	0.73689
5607.464	-3.79267	1.37262	-4.84768	0.66216
5611.463	-3.76707	1.37011	-4.98913	0.59197
5615.462	-3.76183	1.36762	-4.98127	0.60455
5619.424	-3.69785	1.32913	-4.97928	0.68950
5623.425	-3.72173	1.32223	-4.96053	0.68046
5627.463	-3.72370	1.31464	-5.02511	0.71321
5631.466	-3.71550	1.29616	-5.03282	0.69175
5635.463	-3.73265	1.45990	-4.95034	0.65980
5639.466	-3.75034	1.45100	-4.95090	0.66225
5643.430	-3.71795	1.44738	-4.88412	0.59489
5647.463	-3.68186	1.35421	-4.85918	0.66410
5651.463	-3.62808	1.30848	-4.83378	0.67066
5655.435	-3.61953	1.33365	-4.79866	0.78280
5659.459	-3.56578	1.30795	-4.77269	0.76548
5663.465	-3.50534	1.36528	-4.68898	0.78828
5667.460	-3.33495	1.48026	-4.41368	0.82856
5671.464	-0.47217	1.46869	-0.89513	0.87849
5675.463	1.89221	1.40569	-0.72392	0.97841
5679.467	3.59923	0.91549	0.96810	0.81975
5683.442	3.83129	-0.30853	1.67990	0.85150
5687.424	4.08347	-0.63462	2.31663	0.34430
5691.467	3.97266	-0.32851	2.25164	0.25051
5695.466	3.73144	-0.02569	2.01402	0.52713
5699.462	3.52383	-0.40519	1.24907	0.62436
5703.463	3.59033	-0.37064	1.11450	0.63130
5707.465	3.45838	-0.28170	1.43568	0.51865
5711.464	3.63713	-0.16816	2.01984	0.39952
5715.463	3.82420	-0.10822	2.13633	0.30518
5719.465	3.82788	-0.17894	2.17757	0.18795
5723.465	3.90832	-0.20225	2.39292	-0.00911
5727.463	3.75813	-0.14972	2.47611	0.01055
5731.462	3.76193	-0.13524	2.14141	-0.00608
5735.464	3.73564	-0.24152	2.07170	0.03916
5739.463	3.60712	-0.21211	2.20805	0.03836
5743.467	3.72761	-0.23465	2.33418	0.02833
5747.465	3.75316	-0.31049	2.35744	-0.06048
5751.462	3.78484	-0.42890	2.36344	-0.00007
5755.428	3.74669	-0.33606	2.40753	-0.04005
5759.466	3.72462	-0.31618	2.47014	-0.04156
5763.463	3.67610	-0.15285	2.38380	0.00472
5767.436	3.69358	-0.26352	2.39339	0.02878
5771.462	3.61483	-0.03038	2.38100	0.02324
5775.466	3.61075	-0.03931	2.39336	0.06115
5779.460	3.64279	-0.07045	2.44167	0.05278
5783.463	3.70413	-0.04692	2.49828	0.04156
5787.464	3.71115	-0.11002	2.52057	0.06385
5791.362	3.72442	-0.04575	2.55681	0.11546
5795.463	3.76487	-0.04396	2.58588	0.09934
5799.466	3.83156	-0.03486	2.63873	0.08946
5803.463	3.84481	-0.02405	2.63329	0.07174
5807.430	3.88275	-0.05206	2.66280	0.05915
5811.462	3.86820	-0.09719	2.67581	0.08052
5815.464	3.89434	-0.13583	2.65359	0.12376
5819.465	3.89572	-0.18125	2.68190	0.11599
5823.430	3.85306	-0.21486	2.65800	0.16321
5827.463	3.74911	-0.28022	2.62313	0.23299
5831.463	3.75086	-0.32038	2.65161	0.30608
5835.465	3.59369	-0.39476	2.64705	0.31793
5839.470	3.57750	-0.42024	2.60253	0.35150
5843.464	3.51092	-0.48761	2.57011	0.28659
5847.463	3.45267	-0.48091	2.51356	0.33201
5851.430	3.37616	-0.47076	2.55775	0.29958
5855.469	3.31212	-0.52248	2.52607	0.19262
5859.465	3.33646	-0.59361	2.52409	0.25835
5863.466	3.36587	-0.55589	2.51106	0.23544
5867.467	3.34925	-0.65809	2.48842	0.13403
5871.466	3.33354	-0.63052	2.43320	0.12691
5875.466	3.37084	-0.66753	2.46402	0.05722
5879.466	3.39891	-0.59003	2.40087	0.01678
5883.467	3.37625	-0.52967	2.36051	0.04499
5887.468	3.24390	-0.45452	1.65872	-0.02375
5891.431	1.25423	-0.53829	-0.79072	0.00363
5895.464	0.13856	-0.46362	-2.00651	-0.15812
5899.463	-0.46482	-0.52826	-3.10819	-0.25869
5903.467	-1.45242	-0.67990	-3.39359	-0.51676
5907.465	-1.55293	-0.86660	-3.25253	-0.59850
5911.467	-1.06483	-0.63719	-2.52887	-0.58188
5915.463	-0.82952	-0.68464	-2.02262	-0.45117
5919.470	-0.55617	-0.84621	-2.23199	-0.40863
5923.467	-0.80134	-0.84095	-2.48421	-0.81964
5927.470	-0.93564	-0.96100	-2.49342	-0.78928
5931.459	-1.14543	-0.94149	-2.50784	-0.74387
5935.471	-1.15650	-1.04910	-2.45066	-0.82090
5939.467	-1.20613	-1.08661	-2.55146	-0.94223
5943.468	-1.17969	-1.14585	-2.46781	-0.88818
5947.467	-1.20455	-1.08559	-2.44175	-0.85928
5951.301	-1.20251	-1.06731	-2.39780	-0.84894
5955.341	-1.26324	-1.02497	-2.44987	-0.90530
5959.429	-1.27676	-1.10436	-2.46763	-0.90568
5963.340	-1.27800	-1.09989	-2.51106	-0.94030
5967.367	-1.29980	-1.09024	-2.48339	-0.94265
5971.305	-1.32505	-1.10523	-2.47390	-0.92000
5975.343	-1.32786	-1.08199	-2.48069	-0.92913
5979.339	-1.35482	-0.92710	-2.44076	-0.91659
5983.340	-1.36293	-0.93949	-2.40498	-0.83096
5987.341	-1.41320	-0.87528	-2.38972	-0.79269
5991.347	-1.45004	-0.92165	-2.38326	-0.76380
5995.343	-1.43870	-0.79331	-2.37104	-0.80777
5999.336	-1.44996	-0.79534	-2.35737	-0.85941
6003.343	-1.42908	-0.86615	-2.31428	-0.75694
6007.340	-1.44024	-0.77555	-2.29798	-0.64243
6011.340	-1.42094	-0.78268	-2.26951	-0.57511
6015.365	-1.44448	-0.61495	-2.25382	-0.60687
6019.339	-1.44272	-0.69579	-2.24996	-0.59260
6023.307	-1.42211	-0.81504	-2.24411	-0.60407
6027.341	-1.42193	-0.85503	-2.23080	-0.47544
6031.334	-1.33277	-0.88144	-2.18798	-0.44370
6035.341	-1.31699	-0.98196	-2.10523	-0.53291
6039.341	-1.29836	-1.06086	-2.16721	-0.59129
6043.344	-1.35802	-1.07733	-2.19960	-0.47833
6047.364	-1.33944	-0.88934	-2.20025	-0.51714
6051.345	-1.34673	-0.83949	-2.17804	-0.51208
6055.342	-1.33463	-0.60102	-2.01375	-0.50153
6059.342	-1.36868	-0.75925	-1.96685	-0.55767
6063.367	-1.33909	-0.55595	-1.83633	-0.62096
6067.344	-1.34006	-0.81542	-1.83781	-0.67688
6071.340	-1.39934	-0.55885	-1.71697	-0.68676
6075.344	-1.30303	-0.50059	-1.58961	-0.71169
6079.367	-1.28013	-0.42826	-1.57867	-0.74671
6083.347	-1.24161	-0.29039	-1.58510	-0.72282
6087.342	-1.23580	-0.31864	-1.54296	-0.75115
6091.350	-1.20973	-0.26694	-1.55784	-0.77374
6095.335	-1.19078	-0.31020	-1.49532	-0.78678
6099.347	-1.03813	-0.30495	-1.49009	-0.82125
6103.336	-1.04746	-0.26994	-1.52488	-0.79655
6107.332	-0.99417	-0.26828	-1.54128	-0.77864
6111.367	-0.82818	-0.34236	-1.59363	-0.76106
6115.345	-0.81372	-0.34646	-1.67903	-0.77814
6119.345	-0.89915	-0.39552	-1.75424	-0.82226
6123.342	-0.92120	-0.46252	-1.87004	-0.89685
6127.369	-0.99050	-0.46303	-1.88623	-0.91641
6131.343	-0.99070	-0.50244	-2.12154	-0.91789
6135.343	-1.01526	-0.61308	-2.07068	-0.95705
6139.346	-1.12871	-0.63768	-2.17802	-0.97140
6143.342	-1.12023	-0.69211	-2.16860	-1.05338
6147.315	-0.87064	-0.81716	-1.89493	-1.05591
6151.344	-0.56530	-0.97747	-0.87845	-1.07447
6155.344	1.05796	-1.52579	-0.83496	-1.14281
6159.336	1.51906	-1.42761	0.48766	-1.26094
6163.307	1.70425	-1.71196	0.48654	-1.33712
6167.348	1.04037	-1.69151	-0.10945	-1.25530
6171.344	0.97100	-1.75047	-0.42904	-1.21640
6175.368	0.55821	-1.90553	-0.40033	-1.23168
6179.347	0.92564	-1.76077	-0.26088	-1.31524
6183.311	0.91872	-1.89587	-0.21013	-1.32461
6187.328	1.24285	-1.89180	-0.11429	-1.38132
6191.371	1.16897	-1.85897	0.05440	-1.39684
6195.343	1.19651	-1.90911	0.19621	-1.50915
6199.307	1.27586	-1.84386	0.25426	-1.50210
6203.347	1.25121	-1.79754	0.08490	-1.47698
6207.368	1.23273	-1.73989	0.09138	-1.46973
6211.345	1.27862	-1.70735	0.11488	-1.55018
6215.347	1.32299	-1.67222	0.16466	-1.55907
6219.347	1.30347	-1.59750	0.24837	-1.56989
6223.370	1.31622	-1.61893	0.28339	-1.58480
6227.345	1.28787	-1.62389	0.30491	-1.58572
6231.340	1.17676	-1.60646	0.33997	-1.55763
6235.345	1.20189	-1.58482	0.37452	-1.49229
6239.370	1.19294	-1.55345	0.41862	-1.59747
6243.343	1.20609	-1.65448	0.39827	-1.72318
6247.348	1.12372	-1.67294	0.40986	-1.60206
6251.345	1.14938	-1.67424	0.41852	-1.70738
6255.370	1.08979	-1.63898	0.41968	-1.60497
6259.348	1.05954	-1.58875	0.45053	-1.54078
6263.348	1.09678	-1.44704	0.45445	-1.59637
6267.346	1.08507	-1.50082	0.49227	-1.53722
6271.352	1.14484	-1.49595	0.51150	-1.55943
6275.345	1.13717	-1.51507	0.62161	-1.48829
6279.346	1.14114	-1.47773	0.74739	-1.52100
6283.348	1.14637	-1.57346	0.56984	-1.50752
6287.370	1.13377	-1.54988	0.43224	-1.50989
6291.349	1.05396	-1.68308	0.37740	-1.50429
6295.358	1.01729	-1.66982	0.44130	-1.47684
6299.346	1.02523	-1.77723	0.42276	-1.41801
6303.338	1.03446	-1.85248	0.56461	-1.42605
6307.346	1.11459	-1.91383	0.35429	-1.50191
6311.346	1.14481	-1.87524	0.26594	-1.41123
6315.337	1.14982	-1.89271	0.15231	-1.44360
6319.373	1.18294	-1.99118	0.08359	-1.37076
6323.345	1.20971	-1.91716	0.05825	-1.41559
6327.343	1.17505	-1.97091	0.06832	-1.36451
6331.346	1.21159	-1.93669	0.15283	-1.33289
6335.374	1.22010	-1.67060	0.28389	-1.36305
6339.342	1.25696	-1.71173	0.13354	-1.35315
6343.344	1.31496	-1.71993	0.08167	-1.42592
6347.347	1.31766	-1.61461	0.12803	-1.54002
6351.347	1.30982	-1.61571	0.18926	-1.40215
6355.346	1.27586	-1.60876	0.19296	-1.39055
6359.348	1.25165	-1.51585	0.29409	-1.34154
6363.347	1.26902	-1.52838	0.27093	-1.42012
6367.339	1.23652	-1.56062	0.26570	-1.47850
6371.347	1.20767	-1.64100	0.27436	-1.47940
6375.350	1.19577	-1.67593	0.20544	-1.62355
6379.346	1.16233	-1.70099	0.11816	-1.54710
6383.372	1.15069	-1.71731	0.12985	-1.55162
6387.349	1.15640	-1.56692	0.14320	-1.49937
6391.350	1.17972	-1.60432	0.22867	-1.37627
6395.334	1.14553	-1.65846	0.16943	-1.44017
6399.371	1.14240	-1.70264	0.13225	-1.49987
6403.348	1.19011	-1.67486	0.08907	-1.50794
6407.349	1.17381	-1.55815	0.08175	-1.41038
6411.351	1.18195	-1.55306	0.12925	-1.44673
6415.370	1.14613	-1.53962	0.19931	-1.49383
6419.348	1.17198	-1.54638	0.12823	-1.54325
6423.350	1.18215	-1.52175	0.16571	-1.60622
6427.347	1.13707	-1.51058	0.17171	-1.57940
6431.351	1.13953	-1.60551	0.18745	-1.68011
6435.312	1.11844	-1.65944	0.14459	-1.65417
6439.347	1.08401	-1.67016	0.07711	-1.60878
6443.347	1.08373	-1.67848	0.08803	-1.35745
6447.349	1.04831	-1.84224	0.08579	-1.24393
6451.348	1.00449	-1.76311	0.06979	-1.64826
6455.348	1.01789	-1.84132	0.06803	-1.73625
6459.348	1.26423	-1.76946	0.07808	-1.70879
6463.350	1.16806	-1.70360	0.08954	-1.45609
6467.312	1.26120	-1.70401	0.09292	-1.65044
6471.312	1.27616	-1.58237	0.13002	-1.46938
6475.361	1.31498	-1.59170	0.29910	-1.42816
6479.351	1.35722	-1.52547	0.31950	-1.33843
6483.350	1.49178	-1.51377	0.36745	-1.36498
6487.348	1.40442	-1.38937	0.29816	-1.47420
6491.349	1.33788	-1.38765	0.39881	-1.51953
6495.358	1.31664	-1.36161	0.43194	-1.50919
6499.349	1.28092	-1.35178	0.51113	-1.53279
6503.361	1.23995	-1.34532	0.53741	-1.47101
6507.347	1.30427	-1.35226	0.51245	-1.47474
6511.352	1.24533	-1.38055	0.47614	-1.36297
6515.350	1.20943	-1.41081	0.49562	-1.22707
6519.338	1.23057	-1.62217	0.40144	-1.37478
6523.340	1.14952	-1.65823	0.25937	-1.48044
6527.351	1.14054	-1.76520	0.21217	-1.45455
6531.349	1.16833	-1.79881	0.15365	-1.48877
6535.349	1.21348	-1.85087	0.07959	-1.49133
6539.350	1.23796	-1.94784	0.14439	-1.42910
6543.353	1.30890	-1.89366	0.12228	-1.46431
6547.348	1.30179	-1.97987	0.15280	-1.46332
6551.349	1.26535	-1.97938	0.15752	-1.40203
6555.353	1.28125	-1.98934	0.18099	-1.46927
6559.351	1.22328	-1.86779	0.20626	-1.49371
6563.319	1.18034	-1.67336	0.31367	-1.47328
6567.349	1.24233	-1.77349	0.26031	-1.40165
6571.313	1.21901	-1.68185	0.30699	-1.46196
6575.355	1.22484	-1.63436	0.37573	-1.48102
6579.348	1.12189	-1.50066	0.40636	-1.38325
6583.347	1.12261	-1.50222	0.38879	-1.32583
6587.351	1.04367	-1.61711	0.38807	-1.19219
6591.352	1.04880	-1.63848	0.38288	-1.16169
6595.355	1.02250	-1.64162	0.30163	-1.10986
6599.310	1.03029	-1.61533	0.07420	-1.10493
6603.335	1.03717	-1.62649	0.26992	-1.09369
6607.355	1.10370	-1.61017	0.17228	-1.10577
6615.918	1.08185	-1.62759	0.13449	-1.16720
6619.354	1.01881	-1.55066	0.10644	-1.05492
6623.343	1.09371	-1.57992	0.13543	-1.02631
6627.354	1.02995	-1.62585	0.12533	-1.14954
6631.350	1.10899	-1.61826	0.09550	-1.31188
6635.353	1.11874	-1.57166	0.13779	-1.22013
6639.354	1.17835	-1.55303	0.05184	-1.26092
6643.352	1.18845	-1.53478	0.08778	-1.23665
6647.346	1.16766	-1.48775	0.30888	-1.30235
6651.313	1.14776	-1.54046	0.34275	-1.34601
6655.350	1.11891	-1.55044	0.30925	-1.29651
6659.355	1.04210	-1.54519	0.35352	-1.36932
6663.351	1.11797	-1.62926	0.37869	-1.48271
6667.351	1.09259	-1.63056	0.40353	-1.48690
6671.355	1.08314	-1.63575	0.37127	-1.44102
6675.357	1.11775	-1.72689	0.28280	-1.43062
6679.353	1.18902	-1.73516	0.04671	-1.40320
6683.356	1.13836	-1.60060	0.28969	-1.35004
6687.352	1.09775	-1.57728	0.24922	-1.32205
6691.355	1.10107	-1.71808	0.37514	-1.27095
6695.357	1.24560	-1.63752	0.34047	-1.23588
6699.354	1.23362	-1.68492	0.23783	-1.27889
6703.356	1.22293	-1.59846	0.09505	-1.17090
6707.352	1.13184	-1.59886	0.00844	-1.07927
6711.353	1.26259	-1.53953	0.16911	-1.10768
6715.350	1.12181	-1.69466	0.00010	-1.06414
6719.352	1.01263	-1.54331	0.08468	-1.03990
6723.356	0.69183	-1.47782	-0.39432	-0.96364
6727.340	0.72888	-1.52456	-1.51980	-0.88951
6731.351	0.21413	-1.53798	-1.17840	-0.85554
6735.351	0.11175	-1.46014	-1.18468	-0.88395
6739.255	0.18402	-1.39164	-0.63895	-0.86314
6743.353	0.38243	-1.24171	-0.45083	-0.81534
6747.316	0.27664	-1.22248	-0.41820	-0.76755
6751.353	0.15772	-1.16511	-0.31238	-0.84544
6755.354	-0.00010	-1.17346	-0.60622	-0.87517
6759.354	0.10399	-1.10157	-0.86543	-0.85684
6763.356	-0.05135	-1.12475	-1.03930	-0.84286
6767.355	-0.00117	-0.98800	-1.28822	-0.87326
6771.355	-0.02127	-0.98077	-1.35251	-0.89763
6775.353	-0.02191	-1.01347	-1.41105	-0.92075
6779.357	-0.09145	-1.04377	-1.18202	-0.95359
6783.353	-0.11915	-0.96485	-1.02161	-1.02299
6787.254	-0.06887	-1.09966	-0.94830	-1.08051
6791.353	-0.10237	-1.09430	-1.07202	-1.18061
6795.364	-0.06929	-1.18737	-1.06183	-1.21709
6799.354	-0.05304	-1.24557	-1.11112	-1.27429
6803.360	-0.02804	-1.37442	-1.12549	-1.28533
6807.357	-0.02402	-1.39188	-1.14848	-1.31365
6811.339	0.01305	-1.45731	-1.19080	-1.33201
6815.361	0.07036	-1.53379	-1.15044	-1.39102
6819.358	0.01171	-1.39009	-1.07019	-1.39481
6823.353	0.05872	-1.22329	-1.05230	-1.46695
6827.356	0.09684	-1.40059	-0.92996	-1.43137
6831.352	0.09880	-1.29911	-0.90267	-1.43605
6835.356	0.14886	-1.41345	-1.02489	-1.40059
6839.354	0.11309	-1.43769	-0.97678	-1.41968
6843.318	0.06634	-1.47484	-0.92939	-1.39184
6847.355	-0.04068	-1.31970	-1.03002	-1.35383
6851.356	-0.04311	-1.21673	-1.08036	-1.35319
6855.356	-0.14382	-1.16449	-1.02655	-1.34422
6859.353	-0.11694	-0.98977	-1.06148	-1.34853
6863.357	-0.10825	-1.16005	-0.98524	-1.33125
6867.356	-0.10885	-1.24877	-0.93949	-1.28007
6871.355	-0.10513	-1.26407	-0.93691	-1.29288
6875.356	-0.12056	-1.28972	-0.86972	-1.29169
6879.358	-0.18660	-1.30472	-0.82225	-1.27191
6883.358	-0.21125	-1.23066	-0.75471	-1.20843
6887.357	-0.21725	-1.19871	-0.80193	-1.14687
6891.356	-0.23735	-1.29106	-0.71876	-1.08845
6895.340	-0.22286	-1.40038	-0.64918	-1.01089
6899.358	-0.19147	-1.46488	-0.55476	-1.00743
6903.358	-0.18660	-1.49604	-0.53793	-0.92347
6907.352	-0.20122	-1.56612	-0.50255	-0.91771
6911.319	-0.20693	-1.60006	-0.44805	-0.92127
6915.263	-0.28587	-1.69584	-0.52706	-0.89908
6919.354	-0.27681	-1.65641	-0.56724	-0.90541
6923.356	-0.30195	-1.63307	-0.70553	-0.95790
6927.355	-0.34655	-1.62859	-0.80878	-1.03460
6931.252	-0.33481	-1.58199	-0.82588	-1.21012
6935.343	-0.31828	-1.50340	-0.68677	-1.28057
6939.354	-0.33089	-1.46302	-0.86570	-1.11434
6943.358	-0.36400	-1.30738	-0.87012	-1.12887
6947.360	-0.40678	-1.21459	-0.85426	-1.26088
6951.355	-0.35630	-1.32258	-0.99477	-1.22579
6955.356	-0.28972	-1.36345	-1.03369	-1.35103
6959.357	-0.29558	-1.19729	-1.09289	-1.41551
6963.253	-0.24748	-1.28370	-1.17545	-1.19770
6967.355	-0.20599	-1.31085	-1.18428	-1.30631
6971.359	-0.20663	-1.23786	-1.08244	-1.29223
6975.356	-0.12761	-1.29439	-0.88493	-1.22801
6979.231	-0.16129	-1.33068	-0.69518	-1.16334
6983.356	-0.14091	-1.33050	-0.89284	-1.35270
6987.358	-0.21839	-1.22969	-0.92770	-1.40900
6991.232	-0.20035	-1.14310	-0.92892	-1.25310
6995.232	-0.18253	-1.11352	-0.90522	-1.30730
6999.235	-0.27537	-0.98876	-0.90535	-1.22830
7003.200	-0.32689	-1.16624	-0.86332	-1.25012
7007.233	-0.33352	-1.04984	-0.83344	-1.33109
7011.235	-0.41053	-1.03403	-0.85394	-1.33235
7015.232	-0.37742	-0.96163	-0.81826	-1.37549
7019.231	-0.39157	-1.12088	-0.77796	-1.43697
7023.229	-0.40512	-1.03786	-0.84992	-1.58430
7027.199	-0.39105	-1.14219	-0.90540	-1.54376
7031.231	-0.42499	-1.10050	-0.90185	-1.56732
7035.232	-0.43105	-1.20053	-0.93358	-1.55802
7039.234	-0.47756	-1.21639	-0.93721	-1.57140
7043.223	-0.48306	-1.23164	-0.98459	-1.60388
7047.231	-0.42653	-1.30231	-0.90473	-1.57733
7051.232	-0.43944	-1.39685	-0.93172	-1.51922
7055.236	-0.39646	-1.64611	-0.88250	-1.48408
7059.233	-0.40030	-1.55228	-0.88920	-1.33340
7063.228	-0.43869	-1.58065	-0.91282	-1.25559
7067.208	-0.42016	-1.55039	-0.81744	-1.21839
7071.231	-0.35618	-1.37153	-0.76873	-1.05130
7075.255	-0.14816	-1.38750	-0.73632	-1.08494
7079.235	-0.19117	-1.37312	-0.70456	-1.13786
7083.233	-0.11801	-1.33100	-0.73235	-1.04118
7087.233	-0.08758	-1.39962	-0.75099	-1.10171
7091.258	-0.05068	-1.19746	-0.70575	-1.11585
7095.233	-0.06170	-1.22910	-0.66868	-1.13339
7099.236	-0.04867	-1.22433	-0.64702	-1.26230
7103.197	-0.02968	-1.19793	-0.66092	-1.34599
7107.247	-0.00618	-1.13158	-0.61637	-1.48794
7111.225	0.00047	-1.08846	-0.63603	-1.55250
7115.196	-0.01797	-1.09087	-0.63491	-1.56633
7119.232	-0.03214	-1.07902	-0.66523	-1.61324
7123.225	-0.01516	-1.04516	-0.64933	-1.67422
7127.244	-0.01216	-1.00562	-0.61746	-1.69454
7131.236	0.00911	-0.99561	-0.60568	-1.71160
7135.235	0.02452	-1.04464	-0.61943	-1.69784
7139.256	0.03187	-1.00013	-0.63722	-1.68091
7143.235	0.05500	-0.99009	-0.63476	-1.61474
7147.232	0.07167	-0.97836	-0.61615	-1.55377
7151.195	0.07768	-0.98271	-0.62960	-1.52951
7155.260	0.08021	-0.97916	-0.62699	-1.50279
7159.233	0.08684	-1.08471	-0.62536	-1.47741
7163.232	0.06964	-1.10098	-0.63657	-1.44682
7167.198	0.04338	-1.07758	-0.68548	-1.44375
7171.233	0.06569	-1.15501	-0.71995	-1.41799
7175.233	0.03522	-1.16981	-0.69409	-1.40267
7179.235	0.00424	-1.14937	-0.68223	-1.39391
7183.200	0.03896	-1.23407	-0.72298	-1.41369
7187.236	0.06964	-1.30550	-0.78047	-1.44101
7191.215	0.04579	-1.17463	-0.86749	-1.40721
7195.230	0.03363	-1.18355	-0.94028	-1.36383
7199.241	0.02062	-1.23697	-0.99015	-1.33989
7203.203	0.04192	-1.15312	-0.99834	-1.30081
7207.235	0.03877	-1.24264	-1.02697	-1.23923
7211.236	0.06023	-1.28620	-1.00529	-1.27448
7215.262	0.05847	-1.22540	-1.01263	-1.30964
7219.236	0.07202	-1.16119	-1.04563	-1.22244
7223.237	0.11441	-1.16613	-1.07145	-1.19129
7227.244	0.06969	-1.16107	-1.08691	-1.19041
7231.235	0.08019	-1.15647	-1.07106	-1.21791
7235.235	0.09135	-1.18238	-1.00464	-1.26648
7239.237	0.09540	-1.20935	-0.99040	-1.29768
7243.233	0.11118	-1.19224	-0.92837	-1.30895
7247.237	0.14454	-1.22105	-0.93160	-1.34441
7251.196	0.11682	-1.29765	-0.93845	-1.31652
7255.236	0.10811	-1.27683	-0.94180	-1.31133
7259.235	0.06264	-1.27100	-0.96998	-1.27025
7263.237	0.03209	-1.31558	-0.98688	-1.27637
7267.227	-0.02301	-1.30763	-0.97643	-1.23371
7271.237	-0.00697	-1.31496	-0.99107	-1.21623
7275.206	-0.01690	-1.33321	-0.97718	-1.12722
7279.235	-0.00427	-1.32358	-1.01322	-1.10585
7283.261	0.04817	-1.32927	-1.01623	-1.06519
7287.238	0.02062	-1.34752	-1.06609	-1.09118
7291.238	-0.00707	-1.38279	-1.08316	-1.07309
7295.235	-0.00141	-1.38010	-1.02196	-1.09328
7299.233	-0.03976	-1.21944	-0.97068	-1.13015
7303.202	0.00035	-1.22907	-0.94103	-1.10920
7307.238	-0.00194	-1.24937	-0.88614	-1.12097
7311.203	0.03633	-1.26437	-0.82183	-1.16629
7315.233	0.04681	-1.30359	-0.84079	-1.20557
7319.202	-0.04140	-1.17957	-0.88761	-1.20374
7323.241	-0.05745	-1.17503	-0.93200	-1.23904
7327.236	-0.15166	-1.18891	-0.88800	-1.15519
7331.231	-0.14404	-1.14951	-0.88391	-1.03910
7335.239	-0.16864	-1.14546	-0.87607	-1.02689
7339.249	-0.17755	-1.14688	-0.91919	-0.94088
7343.237	-0.14474	-1.13645	-0.95244	-0.88831
7347.231	-0.11706	-1.20615	-0.95557	-0.83826
7351.238	-0.16888	-1.23374	-1.01600	-0.81216
7355.237	-0.13794	-1.23260	-1.05376	-0.77231
7359.237	-0.13600	-1.23146	-1.06547	-0.71731
7363.236	-0.10801	-1.20324	-1.05816	-0.63702
7367.236	-0.07048	-1.20198	-1.04640	-0.68795
7371.237	-0.02013	-1.19773	-1.00997	-0.65539
7375.236	-0.00246	-1.23521	-0.94229	-0.70161
7379.229	0.01387	-1.17960	-0.99519	-0.66687
7383.240	0.04217	-1.19331	-0.99888	-0.69298
7387.203	0.04760	-1.25721	-1.03377	-0.72313
7391.241	0.04154	-1.13610	-1.02702	-0.70865
7395.238	0.09106	-1.07497	-0.95566	-0.70971
7399.223	0.11729	-1.04278	-0.95085	-0.60967
7403.203	0.13255	-0.95491	-0.90034	-0.67946
7407.237	0.18884	-1.00079	-1.01258	-0.71769
7411.206	0.13208	-0.98159	-0.89019	-0.75667
7415.240	0.13662	-0.92247	-0.92646	-0.80110
7419.239	0.12458	-0.92411	-0.91076	-0.84227
7423.241	0.09322	-0.95509	-0.95820	-0.81608
7427.230	0.11066	-0.96713	-0.89652	-0.89352
7431.237	0.19668	-0.92907	-0.79419	-0.66345
7435.239	0.28754	-0.99241	-0.72685	-0.75352
7439.237	0.23157	-0.98757	-0.85314	-0.72409
7443.238	0.16596	-1.12405	-0.80005	-0.90276
7447.239	0.12692	-1.14072	-0.83056	-0.91765
7451.196	0.07612	-1.19822	-0.72623	-1.04143
7455.202	0.08788	-1.20575	-0.79866	-1.16798
7459.241	0.09453	-1.22351	-0.76062	-1.18704
7463.236	0.13560	-1.28605	-0.73930	-1.17408
7467.239	0.09423	-1.26973	-0.67985	-1.12353
7471.209	0.06671	-1.26119	-0.65474	-1.21370
7475.233	0.06001	-1.26226	-0.66657	-1.19357
7479.238	0.03973	-1.21067	-0.70598	-1.22481
7483.210	0.01844	-1.22378	-0.65087	-1.27052
7487.238	0.08006	-1.18367	-0.66156	-1.29980
7491.243	0.14635	-1.19330	-0.65461	-1.29029
7495.239	0.15811	-1.19323	-0.65538	-1.28050
7499.243	0.17092	-1.17462	-0.62684	-1.27626
7503.239	0.17814	-1.21479	-0.63067	-1.29213
7507.241	0.13848	-1.18327	-0.63354	-1.29956
7511.239	0.15064	-1.22984	-0.71531	-1.32996
7515.240	0.21035	-1.31495	-0.71360	-1.35665
7519.241	0.28637	-1.35600	-0.77856	-1.31864
7523.209	0.25229	-1.37415	-0.82811	-1.33164
7527.235	0.21703	-1.38211	-0.86719	-1.24937
7531.237	0.29610	-1.40842	-0.87597	-1.35422
7535.204	0.30935	-1.40293	-0.79394	-1.34905
7539.232	0.33461	-1.40481	-0.80593	-1.35039
7543.240	0.28409	-1.41853	-0.83081	-1.40874
7547.240	0.36673	-1.34573	-0.83997	-1.33672
7551.242	0.41584	-1.34326	-0.82225	-1.35846
7555.232	0.34444	-1.32661	-0.83086	-1.46193
7559.242	0.37596	-1.28833	-0.87079	-1.48247
7563.240	0.25041	-1.26215	-0.84501	-1.56308
7567.237	0.27647	-1.23363	-0.85170	-1.63942
7571.231	0.27384	-1.23110	-0.85468	-1.66503
7575.241	0.22869	-1.19566	-0.86848	-1.71823
7579.241	0.23510	-1.19203	-0.91190	-1.73896
7583.242	0.25470	-1.17973	-0.90716	-1.78128
7587.238	0.34027	-1.21775	-0.88942	-1.81902
7591.203	0.34712	-1.27999	-0.87719	-1.83216
7595.241	0.33985	-1.35805	-0.83590	-1.84442
7599.205	0.41259	-1.44056	-0.82635	-1.81883
7603.215	0.38370	-1.48877	-0.72002	-1.75466
7607.245	0.39658	-1.42487	-0.83935	-1.73073
7611.245	0.46301	-1.49796	-0.72077	-1.65560
7615.244	0.42576	-1.61346	-0.71474	-1.64399
7619.233	0.35419	-1.63199	-0.74868	-1.61503
7623.245	0.35936	-1.71298	-0.77181	-1.53855
7627.244	0.36643	-1.73505	-0.87900	-1.48930
7631.241	0.24770	-1.71461	-0.91021	-1.44831
7635.239	0.18765	-1.72162	-0.94016	-1.43199
7639.242	0.26207	-1.64529	-0.92368	-1.41012
7643.242	0.20772	-1.58126	-1.04124	-1.38487
7647.238	0.11247	-1.52572	-1.05200	-1.35161
7651.245	0.07698	-1.47596	-1.05530	-1.32683
7655.242	0.03102	-1.98910	-1.12571	-1.29782
7659.210	0.07986	-1.85854	-1.14293	-1.26824
7663.242	0.04313	-1.92186	-1.14166	-1.19049
7667.141	0.04998	-1.84506	-1.15007	-1.16746
7671.240	0.04939	-1.88579	-1.11206	-0.94443
7675.243	0.03653	-1.59416	-1.15282	-0.98100
7679.244	0.07262	-1.88845	-1.24729	-0.95608
7683.244	0.05145	-1.82637	-1.16074	-0.89267
7687.242	0.06371	-1.84113	-1.20308	-0.80593
7691.215	0.14141	-1.78120	-1.18098	-0.75849
7695.243	0.15571	-1.83237	-1.15922	-0.71185
7699.247	0.17427	-1.87871	-1.12680	-0.64086
7703.247	0.20740	-1.80615	-1.06240	-0.61685
7707.241	0.34593	-1.80925	-1.06170	-0.56503
7711.243	0.32786	-1.73039	-0.97187	-0.50115
7715.234	0.41720	-1.70269	-0.94656	-0.48334
7719.244	0.38799	-1.69036	-0.92257	-0.51432
7723.243	0.41914	-1.62957	-0.80972	-0.49600
7727.226	0.40025	-1.54836	-0.67350	-0.56412
7731.247	0.40470	-1.44044	-0.73240	-0.60657
7735.243	0.39415	-1.27686	-0.58632	-0.64391
7739.242	0.36325	-1.46518	-0.65883	-0.64901
7743.243	0.48505	-1.48323	-0.50361	-0.69087
7747.248	0.43415	-1.34468	-0.55679	-0.72353
7751.244	0.42028	-1.34922	-0.54188	-0.75121
7755.243	0.45477	-1.34666	-0.51706	-0.81829
7759.246	0.49257	-1.34111	-0.50937	-0.88515
7763.156	0.48148	-1.32214	-0.53391	-0.91182
7767.248	0.50996	-1.32911	-0.56369	-0.95335
7771.246	0.46306	-1.38597	-0.59163	-0.94587
7775.220	0.41767	-1.43229	-0.56203	-0.94789
7779.210	0.40353	-1.57681	-0.67491	-0.92285
7783.207	0.33064	-1.48915	-0.81302	-0.81827
7787.244	0.34893	-1.48209	-0.76156	-0.85142
7791.243	0.37809	-1.50983	-0.75092	-0.88185
7795.142	0.33114	-1.52625	-0.78183	-0.96138
7799.243	0.22184	-1.52144	-0.92234	-0.92568
7803.252	0.33637	-1.49091	-0.90029	-0.92392
