time (ms)	lx (deg)	ly (deg)	rx (deg)	ry (deg)
0.000	-5.71674	4.65377	-3.65937	5.56485
3.984	-5.63963	4.67154	-3.65480	5.51921
7.994	-5.61564	4.71408	-3.69506	5.47333
12.000	-5.59157	4.67571	-3.69069	5.61533
16.002	-5.58112	4.67866	-3.67801	5.54167
19.997	-5.63623	4.64570	-3.67736	5.53440
23.993	-5.51248	4.56160	-3.50207	5.70618
28.018	-4.07732	4.54376	-3.14095	5.34518
31.994	-2.42416	2.68555	-2.06842	4.21557
35.998	-2.30358	1.92499	-1.14074	2.46858
39.996	-2.32803	1.38998	-0.97358	1.90443
44.000	-2.22627	1.41668	-0.44554	1.79061
47.996	-2.08456	1.23548	-0.30128	1.53703
51.998	-2.07090	1.23172	-0.44063	1.44600
55.994	-1.89662	1.15936	-0.22204	1.97208
59.993	-1.83191	1.18808	-0.00851	1.58112
63.997	-1.75218	1.24273	0.15407	1.54221
67.998	-1.84624	1.01902	0.27461	1.54950
71.996	-1.82968	1.03574	0.21581	1.55402
76.017	-1.77010	1.00377	0.23475	1.53935
79.953	-1.70187	0.98948	0.23716	1.47684
83.965	-1.64402	0.83242	0.38951	1.41740
87.979	-1.60804	0.89817	0.41204	1.27718
91.997	-1.57778	0.92652	0.46743	1.30585
95.997	-1.54190	0.90478	0.53217	1.31960
100.001	-1.52203	0.86982	0.57652	1.24779
103.996	-1.46864	0.82427	0.59831	1.18569
108.016	-1.48496	0.77260	0.59759	1.14618
111.998	-1.42454	0.75891	0.61186	1.10757
115.997	-1.41328	0.73619	0.62967	1.07257
120.008	-1.37595	0.71285	0.67216	1.01002
123.999	-1.35063	0.62647	0.73533	0.97106
127.995	-1.35422	0.58735	0.72891	0.94734
131.999	-1.38669	0.50323	0.70655	0.95539
135.995	-1.37957	0.51844	0.61330	0.93514
139.957	-1.37908	0.50728	0.58893	0.91278
143.997	-1.41283	0.52439	0.56458	0.90931
147.997	-1.40023	0.48579	0.50255	0.89811
151.996	-1.43818	0.57958	0.50366	0.87116
156.004	-1.43168	0.62566	0.48093	0.87770
159.999	-1.43974	0.59488	0.40534	0.85527
164.000	-1.44262	0.68934	0.47684	0.89327
167.993	-1.49515	0.66344	0.40589	0.94441
171.989	-1.49135	0.66548	0.39008	0.99864
176.000	-1.47332	0.72430	0.38405	1.02477
180.000	-1.45202	0.72440	0.42728	1.04268
183.999	-1.49217	0.69913	0.45711	1.11617
188.002	-1.47196	0.68585	0.47257	1.14757
191.998	-1.49691	0.69695	0.49830	1.18718
196.000	-1.46685	0.64574	0.50552	1.24040
199.998	-1.49661	0.65189	0.51267	1.26434
204.002	-1.46697	0.65905	0.55041	1.30040
208.000	-1.46467	0.63017	0.54374	1.28172
211.987	-1.40864	0.62067	0.60124	1.21681
215.989	-1.36707	0.70163	0.55505	1.12808
220.000	-1.04354	0.68748	0.66285	0.89141
224.004	-0.59947	0.58100	0.68166	0.47080
227.997	-0.58032	0.42658	0.69801	-0.10324
231.996	-0.96755	0.20701	0.71791	-0.23210
236.001	-0.97335	0.22706	0.74717	-0.14695
239.998	-0.73280	0.25568	0.81114	0.06758
244.000	-0.79486	0.22727	0.77379	-0.19790
247.998	-0.87463	0.10155	0.80694	-0.25500
251.996	-0.66953	-0.00042	0.82240	-0.26620
255.962	-0.66828	-0.00487	0.78340	-0.30840
260.001	-0.50954	-0.11095	0.80833	-0.32666
263.998	-0.58240	-0.11455	0.78109	-0.40157
268.002	-0.55193	-0.07927	0.77662	-0.45215
272.000	-0.46309	-0.09706	0.79198	-0.43715
275.954	-0.54778	-0.04269	0.84305	-0.33331
279.999	-0.46882	-0.00942	0.94051	-0.29156
284.003	-0.45557	-0.04376	0.97053	-0.32145
287.999	-0.35265	-0.00470	0.99881	-0.28689
292.000	-0.34047	-0.01123	1.10090	-0.35738
295.983	-0.33811	0.00025	1.05880	-0.30184
300.003	-0.35816	-0.12387	1.15421	-0.26844
303.999	-0.39397	0.07457	1.20070	-0.25214
308.001	-0.42236	0.17126	1.19445	-0.21008
312.000	-0.38685	0.06970	1.25262	-0.21653
316.002	-0.41383	0.07064	1.27527	-0.22142
320.001	-0.38737	0.01928	1.25577	-0.24378
324.002	-0.39703	-0.03524	1.27376	-0.21936
328.000	-0.41795	-0.03161	1.27266	-0.19912
332.005	-0.44368	-0.05665	1.27368	-0.15206
335.996	-0.52220	-0.13845	1.27971	-0.15030
340.001	-0.52811	-0.13406	1.34924	-0.12063
344.001	-0.53195	-0.18445	1.38587	-0.14215
348.002	-0.57535	-0.24974	1.46013	-0.08130
351.999	-0.54644	-0.23799	1.49671	-0.06230
356.000	-0.64965	-0.28527	1.55943	-0.08180
359.999	-0.63188	-0.34506	1.55603	-0.02844
364.003	-0.69444	-0.37564	1.64062	-0.03619
368.000	-0.75836	-0.40840	1.64208	-0.07658
372.003	-0.77717	-0.43804	1.67199	-0.10422
375.957	-0.83632	-0.47386	1.70380	-0.12300
379.980	-0.79518	-0.42982	1.72317	-0.09031
384.004	-0.81632	-0.43766	1.71630	-0.08179
387.957	-0.83166	-0.44934	1.68702	-0.08664
392.001	-0.82726	-0.44743	1.64885	-0.09819
396.004	-0.73176	-0.43092	1.62026	-0.08105
399.998	-0.69503	-0.43790	1.59455	-0.04799
404.005	-0.51150	-0.44480	1.57706	-0.02310
408.000	-0.45589	-0.45514	1.52191	-0.00147
411.993	-0.45269	-0.45400	1.46755	0.05286
416.001	-0.33101	-0.46963	1.44537	0.07882
419.988	-0.31928	-0.43363	1.37461	0.10930
423.995	-0.23512	-0.42859	1.32763	0.14106
427.895	-0.29895	-0.42940	1.26976	0.17311
432.002	-0.19427	-0.50067	1.25019	0.20384
436.005	-0.14439	-0.49677	1.19941	0.24786
440.001	-0.16218	-0.51958	1.21382	0.22943
444.003	-0.19249	-0.56331	1.21191	0.22215
448.000	-0.14523	-0.49496	1.17617	0.23773
452.002	-0.22311	-0.53533	1.18153	0.24372
456.001	-0.20544	-0.51637	1.19242	0.21972
460.005	-0.21696	-0.51493	1.19061	0.22332
463.965	-0.20847	-0.52353	1.18433	0.19709
468.003	-0.24165	-0.50333	1.16166	0.15841
472.001	-0.19482	-0.46747	1.17709	0.12633
475.901	-0.21152	-0.40491	1.15684	0.10653
480.002	-0.23649	-0.41917	1.18723	0.05761
484.003	-0.24113	-0.38046	1.21447	0.02392
487.999	-0.17355	-0.32102	1.15898	0.01304
492.005	-0.18256	-0.39022	1.14409	-0.01563
496.001	-0.14481	-0.35231	1.13516	-0.06991
500.004	-0.15844	-0.34232	1.13000	-0.07953
504.005	-0.14429	-0.33683	1.11665	-0.10184
508.007	-0.11525	-0.33263	1.11834	-0.10166
512.002	-0.09925	-0.20809	1.09351	-0.08470
515.957	-0.08602	-0.18652	1.07061	-0.05324
520.004	-0.09036	-0.34508	1.05520	-0.05416
524.003	-0.05209	-0.23500	1.00980	-0.02696
528.001	-0.03477	-0.19340	0.95549	0.00691
532.002	-0.01628	-0.13771	0.97668	0.02020
536.004	-0.04854	-0.08869	0.98363	0.03615
540.006	-0.04485	-0.15734	0.97251	0.08211
543.999	-0.01891	-0.02219	0.92914	0.12078
548.008	-0.01147	0.05874	0.87374	0.13156
552.003	-0.01256	0.04242	0.80925	0.16349
555.895	0.00176	0.07022	0.81741	0.16212
560.002	-0.01114	0.11883	0.75372	0.15092
564.002	0.00050	0.06324	0.74759	0.16205
568.004	0.01571	0.11938	0.70943	0.18153
572.004	-0.00524	0.09897	0.66260	0.19294
575.981	-0.00692	0.04274	0.64163	0.21983
580.004	0.09560	0.11818	0.62699	0.25044
584.002	0.07773	0.27277	0.60980	0.25774
587.983	0.10935	0.23925	0.63548	0.24843
592.001	-0.00385	0.15434	0.64573	0.28515
596.002	0.11850	0.32773	0.66228	0.24186
600.004	0.00300	0.14234	0.66965	0.24447
604.005	0.08304	0.26979	0.71226	0.30686
608.004	0.06266	0.19584	0.79096	0.37876
612.001	0.03087	0.07117	0.87428	0.40799
616.004	-0.07473	0.11605	0.90299	0.50744
619.859	-0.23564	0.03355	0.92696	0.48436
624.004	-0.18397	0.07480	0.99931	0.46910
628.004	-0.19467	0.09279	0.99159	0.45012
632.000	-0.19581	0.07738	0.99516	0.41389
636.004	-0.28585	0.07738	1.01300	0.38129
640.005	-0.32647	-0.05869	1.02938	0.47925
644.003	-0.44016	0.02544	0.92450	0.30307
648.008	-0.36501	0.07641	0.89679	0.30093
651.914	-0.60290	0.30505	0.83414	0.19929
656.003	-0.67863	-0.03615	0.76655	0.03054
660.002	-0.23619	0.41502	0.78647	0.19905
664.004	-0.40261	0.18917	0.77754	0.09534
667.836	-0.40204	0.15789	0.75761	0.06433
671.879	-0.50704	0.56078	0.70503	0.09057
675.855	-0.40544	0.67602	0.70159	0.13022
679.880	-0.33891	0.45914	0.78868	0.20340
684.008	-0.35650	0.45619	0.90364	0.16895
687.879	-0.39752	0.52307	0.73397	0.27615
691.880	-0.28567	0.60090	0.78965	0.23788
695.881	-0.33136	0.29043	0.85446	0.29505
699.876	-0.25785	0.38008	0.83989	0.34884
703.882	-0.31248	0.17794	0.82119	0.38417
707.880	-0.26473	0.30037	0.80828	0.43287
711.874	-0.26046	0.16547	0.71196	0.46717
715.894	-0.24577	0.17779	0.71459	0.49124
719.870	-0.24830	0.09199	0.68563	0.47862
723.879	-0.24582	0.02107	0.65585	0.48158
727.848	-0.24286	0.03086	0.64533	0.42106
731.904	-0.23028	0.01282	0.64007	0.43649
735.880	-0.23155	0.02053	0.64764	0.43820
739.879	-0.21016	0.09107	0.60838	0.39686
743.882	-0.20174	0.16557	0.61811	0.39192
747.900	-0.15737	0.15938	0.61593	0.30592
751.877	-0.17221	0.07658	0.60275	0.30441
755.882	-0.16196	0.12656	0.62203	0.25031
759.886	-0.16141	0.15630	0.61000	0.22606
763.898	-0.17784	0.15148	0.59004	0.25166
767.878	-0.20762	0.24856	0.60918	0.31554
771.880	-0.21095	0.24220	0.61488	0.36059
775.836	-0.23636	0.34602	0.66662	0.33511
779.878	-0.28766	0.37581	0.62838	0.31355
783.878	-0.27066	0.38982	0.58307	0.32026
787.882	-0.29652	0.40160	0.61957	0.36511
791.882	-0.36184	0.43934	0.71898	0.32405
795.873	-0.37804	0.54941	0.62809	0.29457
799.862	-0.42894	0.63811	0.64364	0.30070
803.878	-0.43817	0.59873	0.66364	0.32816
807.883	-0.41807	0.64613	0.67352	0.31275
811.877	-0.38603	0.73647	0.84488	0.22655
815.880	-0.37090	0.68549	0.83178	0.13700
819.880	-0.36824	0.68278	0.78104	-0.02127
823.837	-0.26810	0.69981	0.82617	0.06897
827.904	-0.27374	0.67409	0.93778	-0.02522
831.883	-0.34481	0.64375	0.92207	0.00114
835.881	-0.37062	0.58825	0.88220	-0.08674
839.887	-0.39842	0.56732	0.86069	-0.09377
843.904	-0.32640	0.53866	0.86404	-0.14470
847.879	-0.31156	0.51632	0.86533	-0.19691
851.881	-0.35747	0.48655	0.86654	-0.15300
855.883	-0.40733	0.45805	0.88198	-0.17869
859.903	-0.39124	0.45179	0.86749	-0.12908
863.880	-0.42777	0.42053	0.92299	-0.04400
867.880	-0.45197	0.40102	0.95026	-0.02857
871.881	-0.45842	0.38736	0.85580	-0.08507
875.870	-0.48041	0.38609	0.88470	-0.06716
879.880	-0.43445	0.41243	0.81749	-0.10995
883.882	-0.42817	0.39948	0.82310	-0.17512
887.836	-0.50647	0.46125	0.81868	-0.17529
891.880	-0.54677	0.52796	0.80722	-0.13243
895.881	-0.53086	0.54495	0.79660	-0.23883
899.882	-0.53756	0.57146	0.78486	-0.24253
903.885	-0.58084	0.60232	0.79818	-0.27286
907.904	-0.55334	0.64046	0.80039	-0.22772
911.884	-0.57024	0.65804	0.84344	-0.15293
915.880	-0.63034	0.65197	0.82610	-0.26697
919.884	-0.60833	0.69665	0.83054	-0.34526
923.898	-0.60034	0.71747	0.83327	-0.33428
927.870	-0.63508	0.73572	0.92282	-0.20707
931.881	-0.60526	0.72035	0.94773	-0.20734
935.883	-0.59292	0.64544	0.98169	-0.16105
939.880	-0.57962	0.62348	1.02295	-0.12919
943.881	-0.54270	0.56751	1.01774	-0.10234
947.880	-0.47999	0.49889	1.00618	-0.11779
951.882	-0.41983	0.50441	0.99923	-0.10157
955.906	-0.26786	0.49247	0.95906	-0.22075
959.883	-0.21686	0.50127	0.98308	-0.22316
963.883	-0.20015	0.48415	1.00650	0.02686
967.883	-0.50371	0.48175	0.81200	-0.03126
971.878	-1.63326	0.48447	-0.91175	0.11372
975.848	-2.57521	0.56649	-3.25637	0.27965
979.882	-4.25539	0.60599	-4.48389	0.30751
983.882	-5.46790	0.71140	-6.04198	0.25937
987.866	-5.84139	0.61966	-6.60260	0.00731
991.882	-7.55601	0.81238	-7.50227	0.25375
995.882	-8.32181	0.72249	-8.52870	0.38802
999.869	-8.87043	0.94465	-9.52164	0.20448
1003.841	-9.32538	0.64658	-9.66786	0.22296
1007.866	-10.83393	0.80386	-9.98658	0.19395
1011.879	-11.19722	0.77051	-10.14653	0.03119
1015.883	-11.26815	0.61598	-10.23017	0.10461
1019.888	-11.22169	0.84177	-9.95427	0.11613
1023.881	-10.96377	0.67070	-9.70179	0.07554
1027.881	-11.06650	0.85858	-10.04788	0.02224
1031.884	-11.10699	0.38599	-10.02107	0.04480
1035.841	-11.15353	0.55779	-10.06607	-0.08079
1039.884	-11.13740	0.53861	-10.04725	-0.02246
1043.883	-11.12101	0.41971	-10.00550	0.00563
1047.885	-11.11415	0.29008	-9.98540	0.07895
1051.841	-11.21439	0.43108	-9.99067	0.12097
1055.883	-11.14854	0.31606	-9.84896	0.17782
1059.883	-11.13943	0.32027	-9.82797	0.18875
1063.883	-11.14784	0.28435	-9.89200	0.14808
1067.868	-11.21964	0.23097	-9.92442	0.12062
1071.883	-11.17140	0.19173	-9.92743	0.11933
1075.883	-11.16125	0.24145	-9.89928	0.13165
1079.839	-11.13707	0.20222	-9.89737	0.17158
1083.845	-11.16179	0.20169	-9.91965	0.18072
1087.883	-11.15327	0.21101	-9.92658	0.14654
1091.861	-11.19896	0.22506	-9.93701	0.09441
1095.883	-11.14223	0.18042	-9.94587	0.06036
1099.869	-11.17324	0.19371	-9.98198	-0.01534
1103.883	-11.19975	0.17492	-10.02372	-0.01427
1107.885	-11.26655	0.13345	-10.08414	-0.01130
1111.880	-11.26868	0.13294	-10.05077	0.00810
1115.870	-11.29966	0.16563	-10.04915	-0.01182
1119.841	-11.34280	0.17286	-10.04723	-0.01674
1123.884	-11.37650	0.20697	-10.05633	-0.09606
1127.884	-11.34421	0.19973	-10.04538	-0.15116
1131.869	-11.33428	0.21499	-10.08801	-0.17935
1135.873	-11.30892	0.26143	-10.11048	-0.15534
1139.886	-11.22477	0.30801	-10.10627	-0.19791
1143.883	-11.16619	0.36302	-10.13467	-0.18099
1147.870	-11.18960	0.37625	-10.11774	-0.18007
1151.885	-11.22931	0.44432	-10.10942	-0.16872
1155.885	-11.16554	0.48264	-10.12888	-0.16245
1159.887	-11.12663	0.51840	-10.14732	-0.16922
1163.843	-11.14218	0.55150	-10.17166	-0.16395
1167.885	-11.10770	0.60101	-10.18394	-0.12014
1171.883	-11.11217	0.64996	-10.18014	-0.05647
1175.857	-11.11810	0.70043	-10.15456	-0.03505
1179.842	-11.21742	0.74589	-10.38572	-0.06406
1183.884	-12.60027	0.75578	-11.45660	0.02292
1187.881	-13.22780	0.65864	-12.46578	-0.08890
1191.885	-13.57054	0.52551	-13.16016	-0.33067
1195.844	-13.83313	0.62782	-13.36699	-0.77148
1199.886	-14.18330	0.51138	-13.05102	-0.86643
1203.869	-14.39387	0.41502	-13.09237	-1.07791
1207.887	-14.37950	0.28338	-12.94551	-1.09840
1211.844	-14.44930	0.40421	-13.13879	-1.13196
1215.871	-14.43775	0.36082	-13.18649	-1.15402
1219.881	-14.34268	0.24315	-13.30273	-1.12105
1223.886	-14.35417	0.21408	-13.31293	-1.14404
1227.843	-14.46598	0.15977	-13.40976	-1.16798
1231.885	-14.62484	0.20295	-13.51637	-1.18326
1235.885	-14.60109	0.22173	-13.53653	-1.20902
1239.885	-14.66698	0.21563	-13.47641	-1.16916
1243.844	-14.67966	0.21466	-13.47104	-1.10609
1247.887	-14.68768	0.22455	-13.48974	-1.02605
1251.886	-14.76315	0.23048	-13.50755	-0.91771
1255.887	-14.83731	0.21152	-13.50488	-0.91267
1259.845	-14.89912	0.18116	-13.45364	-0.80493
1263.886	-14.94412	0.17207	-13.37512	-0.79983
1267.887	-14.94975	0.16220	-13.34115	-0.73047
1271.887	-14.96601	0.18014	-13.29939	-0.67890
1275.846	-14.99077	0.16279	-13.27278	-0.61066
1279.886	-15.00978	0.14622	-13.25155	-0.57025
1283.884	-15.02589	0.13512	-13.25644	-0.57655
1287.885	-15.02721	0.12969	-13.27774	-0.54284
1291.844	-15.05010	0.14672	-13.28916	-0.56271
1295.886	-15.07290	0.13677	-13.32705	-0.59601
1299.863	-15.08565	0.15255	-13.32895	-0.57899
1303.886	-15.09666	0.17262	-13.32602	-0.64053
1307.842	-15.09786	0.23864	-13.32385	-0.75956
1311.883	-15.10246	0.26080	-13.28651	-0.82559
1315.885	-15.11986	0.30732	-13.31323	-0.81307
1319.886	-15.06732	0.29758	-13.29535	-0.85147
1323.845	-15.05656	0.33618	-13.30726	-0.85612
1327.887	-15.05353	0.39997	-13.29633	-0.85270
1331.843	-15.02082	0.40802	-13.28143	-0.83196
1335.885	-15.01698	0.45422	-13.30451	-0.87468
1339.844	-14.89722	0.46869	-13.30031	-0.82989
1343.886	-14.89464	0.49583	-13.28101	-0.86833
1347.883	-14.80788	0.50821	-13.29088	-0.83014
1351.887	-14.75516	0.52242	-13.30240	-0.74761
1355.845	-14.70737	0.55284	-13.32705	-0.76286
1359.887	-14.66900	0.53007	-13.30270	-0.78240
1363.887	-14.64701	0.53780	-13.31880	-0.76293
1367.886	-14.64624	0.55830	-13.29666	-0.74871
1371.846	-14.60658	0.52765	-13.30418	-0.73807
1375.843	-14.64956	0.52945	-13.31699	-0.69427
1379.887	-14.63795	0.49445	-13.31897	-0.66845
1383.887	-14.68772	0.46042	-13.32902	-0.69975
1387.845	-14.69464	0.40063	-13.39398	-0.70263
1391.898	-14.74989	0.39986	-13.45202	-0.69277
1395.888	-14.80317	0.35020	-13.48155	-0.73961
1399.885	-14.84666	0.31489	-13.52778	-0.69784
1403.845	-14.84081	0.25082	-13.57630	-0.66831
1407.888	-14.84202	0.21109	-13.52531	-0.69906
1411.887	-14.84250	0.19009	-13.53005	-0.69677
1415.887	-14.83487	0.18376	-13.51065	-0.73488
1419.847	-14.83216	0.12580	-13.41908	-0.78659
1423.852	-14.80994	0.03445	-13.40556	-0.80744
1427.887	-14.76581	-0.05399	-13.31396	-0.82141
1431.888	-14.74386	-0.10588	-13.31004	-0.83392
1435.847	-14.65112	-0.20913	-13.27459	-0.82640
1439.888	-14.59986	-0.28731	-13.20630	-0.82612
1443.885	-14.53156	-0.36738	-13.18247	-0.79858
1447.888	-14.53728	-0.35734	-13.13486	-0.82506
1451.756	-14.50502	-0.40240	-13.12232	-0.77187
1455.890	-14.48548	-0.43210	-13.09348	-0.79928
1459.891	-14.46114	-0.45820	-13.08515	-0.74520
1463.890	-14.47971	-0.50274	-13.07198	-0.72513
1467.757	-14.49825	-0.50330	-13.05328	-0.70328
1471.887	-14.49655	-0.50554	-13.06002	-0.69897
1475.886	-14.55165	-0.50443	-13.08336	-0.68301
1479.887	-14.82994	-0.49209	-13.18682	-0.73117
1483.756	-14.95584	-0.45827	-13.38679	-0.74345
1487.888	-15.08187	-0.44185	-13.43195	-0.80131
1491.885	-15.19692	-0.39408	-13.42620	-0.79836
1495.887	-15.18173	-0.38349	-13.51375	-0.83014
1499.768	-15.24046	-0.37362	-13.57204	-0.83610
1503.888	-15.27686	-0.35959	-13.61750	-0.84277
1507.868	-15.32108	-0.33667	-13.68059	-0.87629
1511.889	-15.35154	-0.31410	-13.71057	-0.87741
1515.789	-15.41386	-0.28725	-13.76750	-0.89464
1519.886	-15.45435	-0.26791	-13.82216	-0.90408
1523.887	-15.41199	-0.20429	-13.83126	-0.90718
1527.886	-15.38196	-0.17706	-13.83821	-0.94375
1531.786	-15.35194	-0.14533	-13.86946	-0.94203
1535.891	-15.34739	-0.14646	-13.90929	-1.00980
1539.889	-15.36518	-0.12841	-13.92045	-1.05052
1543.890	-15.31117	-0.07689	-13.93050	-1.11740
1547.787	-15.24722	-0.05229	-13.92096	-1.15873
1551.888	-15.21710	-0.01882	-13.90932	-1.20891
1555.885	-15.17852	0.01046	-13.94626	-1.21007
1559.889	-15.10880	0.02303	-13.95329	-1.27405
1563.783	-15.09768	0.04594	-13.95724	-1.31876
1567.889	-15.07794	0.07011	-13.98854	-1.34018
1571.888	-15.03077	0.09276	-13.96458	-1.34372
1575.890	-15.02022	0.12502	-13.88539	-1.38379
1579.893	-14.95299	0.10208	-13.86528	-1.37161
1583.846	-14.90538	0.12468	-13.79344	-1.38282
1587.892	-14.88690	0.14243	-13.74381	-1.37563
1591.858	-14.85199	0.16583	-13.69129	-1.37208
1595.784	-14.85132	0.20820	-13.70179	-1.34200
1599.888	-14.84619	0.22929	-13.69122	-1.34392
1603.890	-14.87693	0.25755	-13.64738	-1.29168
1607.891	-14.84492	0.22406	-13.64122	-1.27667
1611.791	-14.86458	0.21645	-13.63353	-1.24411
1615.889	-14.89063	0.18081	-13.63885	-1.20580
1619.765	-14.84378	0.16819	-13.64368	-1.20633
1623.887	-14.86166	0.19099	-13.60252	-1.21672
1627.787	-14.90674	0.18648	-13.60104	-1.19075
1631.873	-14.87631	0.13233	-13.64638	-1.28389
1635.847	-14.89967	0.10415	-13.63412	-1.26986
1639.888	-14.89063	0.04760	-13.66857	-1.34675
1643.791	-14.85287	-0.00942	-13.68478	-1.39009
1647.889	-14.76270	-0.05010	-13.72947	-1.39716
1651.892	-14.75635	-0.09143	-13.73648	-1.46030
1655.891	-14.70530	-0.13066	-13.73472	-1.47845
1659.786	-14.63583	-0.16159	-13.77200	-1.48456
1663.891	-14.62944	-0.16638	-13.77673	-1.52883
1667.893	-14.60588	-0.19220	-13.80329	-1.53423
1671.892	-14.55077	-0.21226	-13.83355	-1.54715
1675.792	-14.51456	-0.20645	-13.86366	-1.54572
1679.891	-14.50041	-0.20935	-13.86067	-1.53723
1683.848	-14.47634	-0.20292	-13.87882	-1.52469
1687.889	-14.45223	-0.19361	-13.82899	-1.52227
1691.787	-14.46000	-0.16940	-13.82543	-1.52970
1695.890	-14.43896	-0.15649	-13.80201	-1.53248
1699.848	-14.44117	-0.10381	-13.78024	-1.54564
1703.765	-14.42374	-0.09403	-13.72947	-1.57603
1707.894	-14.44173	-0.02005	-13.69579	-1.58412
1711.764	-14.45505	-0.00241	-13.66990	-1.57272
1715.767	-14.49402	0.03411	-13.66163	-1.59413
1719.768	-14.50900	0.05598	-13.66133	-1.55149
1723.756	-14.52286	0.09675	-13.67129	-1.55524
1727.767	-14.56039	0.13295	-13.62695	-1.52237
1731.767	-14.60165	0.23902	-13.62629	-1.51178
1735.769	-14.63523	0.30688	-13.60779	-1.50589
1739.763	-14.68867	0.34538	-13.56955	-1.42930
1743.765	-14.68129	0.33595	-13.53563	-1.39099
1747.766	-14.70616	0.38989	-13.51734	-1.37140
1751.769	-14.69195	0.35966	-13.49155	-1.31994
1755.762	-14.68993	0.38098	-13.43296	-1.32031
1759.768	-14.68124	0.37503	-13.38583	-1.27461
1763.767	-14.68974	0.38297	-13.33636	-1.26564
1767.767	-14.72062	0.42161	-13.33476	-1.25468
1771.762	-14.73940	0.47257	-13.33123	-1.25404
1775.765	-14.74333	0.45454	-13.32693	-1.22516
1779.766	-14.74026	0.42004	-13.34329	-1.18815
1783.770	-14.73499	0.42930	-13.38717	-1.18083
1787.765	-14.75950	0.42730	-13.42333	-1.17500
1791.767	-14.74962	0.42007	-13.45773	-1.15702
1795.766	-14.75542	0.41890	-13.45770	-1.15166
1799.767	-14.72975	0.39470	-13.50553	-1.14677
1803.760	-14.71408	0.40180	-13.54377	-1.11319
1807.760	-14.64357	0.39092	-13.60477	-1.11013
1811.774	-14.61027	0.36207	-13.65861	-1.07473
1815.766	-14.50169	0.29167	-13.67691	-1.06243
1819.765	-14.44215	0.28109	-13.67091	-1.05037
1823.764	-14.43587	0.27017	-13.67562	-1.06881
1827.766	-14.32034	0.22437	-13.65235	-1.05849
1831.766	-14.26343	0.18477	-13.63395	-1.06731
1835.765	-14.25077	0.18969	-13.61309	-1.04852
1839.768	-14.25981	0.18039	-13.58639	-1.04707
1843.765	-14.25343	0.19727	-13.58672	-1.03307
1847.762	-14.25424	0.18581	-13.55367	-1.07796
1851.765	-14.29375	0.15975	-13.51328	-1.07713
1855.767	-14.31892	0.13567	-13.55672	-1.07751
1859.768	-14.36420	0.12975	-13.58653	-1.06887
1863.769	-14.37065	0.12344	-13.67780	-1.04495
1867.765	-14.43363	0.10456	-13.66974	-1.00410
1871.767	-14.46829	0.08479	-13.65509	-0.90632
1875.766	-14.51286	0.11759	-13.74107	-0.84098
1879.771	-14.53963	0.12419	-13.75835	-0.79434
1883.760	-14.56748	0.16395	-13.79569	-0.78654
1887.739	-14.59728	0.17530	-13.81876	-0.65717
1891.772	-14.59956	0.18675	-13.84212	-0.66871
1895.761	-14.60885	0.24483	-13.88509	-0.61133
1899.762	-14.61608	0.25471	-13.88560	-0.59082
1903.768	-14.61348	0.29513	-13.86874	-0.51401
1907.766	-14.63574	0.31974	-13.82625	-0.49842
1911.773	-14.62482	0.35400	-13.81846	-0.46818
1915.759	-14.60655	0.37898	-13.85922	-0.47372
1919.767	-14.59047	0.38502	-13.85660	-0.50048
1923.767	-14.58977	0.40385	-13.84705	-0.49056
1927.757	-14.56060	0.39999	-13.85896	-0.46974
1931.726	-14.53386	0.39169	-13.85945	-0.49039
1935.767	-14.52602	0.39976	-13.87328	-0.46472
1939.768	-14.52486	0.40917	-13.84988	-0.47492
1943.770	-14.50402	0.43271	-13.85487	-0.44437
1947.727	-14.50791	0.42435	-13.87049	-0.50392
1951.769	-14.50158	0.44142	-13.88609	-0.49128
1955.772	-14.49548	0.44331	-13.89886	-0.50476
1959.771	-14.44981	0.42526	-13.90618	-0.48036
1963.727	-14.46677	0.36289	-13.89900	-0.41223
1967.726	-14.47026	0.29515	-13.90777	-0.44191
1971.740	-14.44860	0.24179	-13.90277	-0.47214
1975.768	-14.43780	0.19244	-13.90892	-0.50317
1979.767	-14.43000	0.14699	-13.90120	-0.51990
1983.770	-14.43263	0.08829	-13.91091	-0.50420
1987.768	-14.42044	0.05367	-13.87389	-0.56613
1991.770	-14.40577	0.00715	-13.82934	-0.55068
1995.766	-14.39974	-0.00823	-13.80575	-0.55027
1999.771	-14.39287	-0.04106	-13.81275	-0.51090
2003.770	-14.41774	-0.07381	-13.77696	-0.59580
2007.767	-14.43708	-0.06560	-13.78438	-0.64528
2011.762	-14.45023	-0.06673	-13.76689	-0.65418
2015.728	-14.45579	-0.09031	-13.75718	-0.65621
2019.727	-14.44811	-0.11452	-13.75331	-0.67847
2023.768	-14.41885	-0.14676	-13.69610	-0.70840
2027.727	-14.37759	-0.17052	-13.66428	-0.75669
2031.768	-14.38195	-0.31703	-13.69251	-0.78392
2035.769	-14.42011	-0.37305	-13.68708	-0.80344
2039.770	-14.45516	-0.41801	-13.70690	-0.83147
2043.769	-14.47831	-0.46938	-13.68000	-0.90635
2047.767	-14.48939	-0.49926	-13.69453	-0.90530
2051.768	-14.47017	-0.57975	-13.69375	-0.90958
2055.766	-14.47322	-0.59692	-13.68654	-0.93710
2059.764	-14.50563	-0.59758	-13.65554	-0.97570
2063.768	-14.57404	-0.65491	-13.64420	-1.00546
2067.770	-14.62398	-0.68426	-13.62849	-1.05031
2071.770	-14.65964	-0.69670	-13.61717	-1.04901
2075.891	-14.70867	-0.67677	-13.56807	-1.07799
2079.771	-14.72046	-0.66829	-13.57021	-1.08880
2083.732	-14.72548	-0.65163	-13.54140	-1.09600
2087.775	-14.75493	-0.62619	-13.53800	-1.09319
2091.765	-14.77403	-0.60997	-13.52372	-1.14173
2095.744	-14.81017	-0.59468	-13.47263	-1.18091
2099.773	-14.82606	-0.58854	-13.49831	-1.19685
2103.770	-14.85644	-0.57330	-13.49394	-1.24455
2107.791	-14.86963	-0.55043	-13.58421	-1.24183
2111.774	-14.90359	-0.53728	-13.55750	-1.22125
2115.771	-14.88505	-0.49655	-13.69493	-1.16646
2119.768	-14.84327	-0.46833	-13.72631	-1.08265
2123.767	-14.80252	-0.36269	-13.70458	-0.93642
2127.769	-14.74606	-0.18609	-13.72011	-0.68654
2131.773	-15.28005	0.30174	-13.79307	-0.76406
2135.768	-17.85643	2.78330	-15.80546	2.29603
2139.769	-17.90884	4.38177	-15.76191	5.08491
2143.770	-19.96130	-12.07984	-18.79313	5.46120
2147.770	-19.97750	-12.07863	-19.80045	-12.09174
2151.771	-19.98300	-12.07822	-19.88916	-12.08519
2155.770	-19.98577	-12.07802	-19.92251	-12.08272
2159.770	-19.98745	-12.07789	-19.94010	-12.08141
2163.771	-19.98859	-12.07781	-19.95104	-12.08060
2167.728	-19.98943	-12.07774	-19.95854	-12.08004
2171.771	-19.99006	-12.07770	-19.96404	-12.07963
2175.772	-19.99057	-12.07766	-19.96827	-12.07932
2179.735	-19.99217	-12.07754	-19.97163	-12.07907
2183.727	NaN	NaN	-19.97437	-12.07886
2187.772	NaN	NaN	NaN	NaN
2191.770	NaN	NaN	NaN	NaN
2195.770	NaN	NaN	NaN	NaN
2199.727	NaN	NaN	NaN	NaN
2203.764	NaN	NaN	NaN	NaN
2207.727	NaN	NaN	NaN	NaN
2211.771	NaN	NaN	NaN	NaN
2215.729	NaN	NaN	-1.28033	11.44510
2219.755	-20.43065	5.81810	NaN	NaN
2223.773	-17.87210	4.83749	-15.97246	3.36062
2227.772	-19.05378	3.71505	-16.09991	3.34748
2231.775	-19.34201	3.01620	-17.10168	3.27946
2235.776	-18.09267	2.14480	-17.33241	2.97661
2239.773	-18.25489	1.61145	-10.11089	-1.36760
2243.773	-17.92648	1.02804	-12.19332	-1.03633
2247.729	-17.39662	0.64590	-14.60535	-0.29271
2251.772	-17.57238	0.54977	-14.49104	-0.15684
2255.773	-16.13915	0.94688	-13.44669	-0.35855
2259.770	-15.86716	0.75085	-12.95633	-0.20487
2263.728	-15.37896	0.66688	-12.65096	-0.09752
2267.730	-14.90424	0.60345	-12.68132	-0.17431
2271.773	-14.66698	0.52590	-13.01783	-0.28406
2275.728	-14.68570	0.55878	-12.81811	-0.19507
2279.771	-14.81864	0.48890	-12.90711	-0.19685
2283.730	-14.52826	0.46545	-12.76952	-0.15030
2287.771	-14.65804	0.36281	-12.98497	-0.13129
2291.771	-14.48941	0.37502	-12.63260	-0.16413
2295.776	-14.46140	0.36225	-12.77754	-0.40177
2299.732	-14.51567	0.24450	-12.74055	-0.31302
2303.750	-14.49744	0.18962	-12.70074	-0.22464
2307.775	-14.56841	0.22458	-12.73528	-0.15328
2311.774	-14.66529	0.25542	-12.81339	-0.23530
2315.732	-14.72513	0.28967	-12.90051	-0.18893
2319.773	-14.74226	0.26321	-12.81993	-0.21971
2323.774	-14.72975	0.29721	-12.81358	-0.07710
2327.730	-14.75277	0.30561	-12.99682	-0.14823
2331.767	-14.76203	0.28866	-13.00627	-0.06581
2335.764	-14.84696	0.28655	-13.15623	-0.09802
2339.774	-14.94917	0.20287	-13.37289	-0.13043
2343.760	-14.92542	0.26755	-13.47756	-0.23713
2347.763	-14.99656	0.33047	-13.31241	-0.39004
2351.773	-14.97958	0.33673	-13.26046	-0.32030
2355.775	-14.88954	0.31985	-13.20254	-0.32478
2359.774	-14.86161	0.23357	-13.51185	-0.39829
2363.770	-14.82632	0.24149	-13.28879	-0.37334
2367.773	-14.92292	0.15547	-13.37411	-0.42722
2371.776	-14.82497	0.14819	-13.37970	-0.38183
2375.731	-14.85558	0.11481	-13.42542	-0.52653
2379.669	-14.84584	0.16023	-13.17986	-0.48703
2383.772	-14.75651	0.23433	-13.16833	-0.48136
2387.751	-14.71886	0.14485	-13.23551	-0.48750
2391.774	-14.74353	0.23375	-13.11886	-0.46684
2395.671	-14.60476	0.14858	-13.17087	-0.46024
2399.773	-14.70451	0.14628	-13.11766	-0.38658
2403.776	-14.67481	0.13392	-13.03833	-0.34223
2407.773	-14.61610	0.09317	-12.95461	-0.31627
2411.672	-14.58863	0.10180	-13.02156	-0.26396
2415.775	-14.60367	0.13548	-13.08154	-0.35974
2419.775	-14.52791	0.08871	-13.11742	-0.35616
2423.775	-14.59356	0.02304	-13.14409	-0.34666
2427.673	-14.56588	0.01371	-13.09720	-0.31717
2431.774	-14.55332	0.07333	-12.94337	-0.30364
2435.777	-14.55665	0.00570	-13.09664	-0.29462
2439.775	-14.53440	0.01886	-13.11497	-0.37044
2443.675	-14.60084	-0.04384	-13.16852	-0.35814
2447.774	-14.58431	-0.04300	-13.15339	-0.32828
2451.776	-14.50856	-0.08961	-13.15682	-0.51226
2455.775	-14.50742	-0.06652	-13.20044	-0.49944
2459.676	-14.68164	-0.08103	-13.35116	-0.52237
2463.772	-14.70091	-0.06939	-13.28331	-0.38358
2467.767	-14.86082	0.05109	-13.36821	-0.44062
2471.778	-14.71452	-0.04131	-13.24228	-0.40829
2475.736	-14.72847	0.11949	-13.37883	-0.38841
2479.782	-14.67472	0.00115	-13.34951	-0.40855
2483.774	-14.89590	0.12761	-13.22554	-0.29337
2487.777	-14.73216	0.13682	-13.46414	-0.31619
2491.670	-14.78468	0.18428	-13.22791	-0.28232
2495.774	-14.74748	0.18131	-13.42521	-0.34829
2499.774	-14.81528	0.15293	-13.38938	-0.26298
2503.776	-14.77704	0.32141	-13.45313	-0.31255
2507.674	-14.82349	0.25158	-13.56345	-0.25446
2511.752	-14.71148	0.29178	-13.48627	-0.27015
2515.781	-14.82460	0.21985	-13.58693	-0.33641
2519.774	-14.76862	0.21825	-13.42862	-0.33910
2523.644	-14.77897	0.35009	-13.79793	-0.36065
2527.774	-14.81945	0.23852	-13.49441	-0.41739
2531.775	-14.87557	0.24436	-13.59014	-0.35285
2535.775	-14.85088	0.24588	-13.56739	-0.39936
2539.675	-14.89019	0.16400	-13.59905	-0.41778
2543.779	-14.89940	0.21615	-13.68909	-0.35017
2547.776	-14.97120	0.29066	-13.63670	-0.45937
2551.762	-14.98127	0.28541	-13.59246	-0.55299
2555.671	-14.97842	0.19086	-13.59026	-0.40990
2559.778	-14.95491	0.25702	-13.54600	-0.26008
2563.775	-14.99542	0.41776	-13.64366	-0.39501
2567.776	-15.04607	0.14715	-13.60240	-0.50455
2571.671	-15.03376	0.28042	-13.62003	-0.29190
2575.731	-14.85551	0.23401	-13.53404	-0.33622
2579.779	-14.94398	0.36279	-13.60814	-0.47338
2583.732	-14.97687	0.32817	-13.58430	-0.63402
2587.686	-14.97583	0.26218	-13.55055	-0.48275
2591.776	-14.85217	0.30031	-13.53165	-0.17788
2595.777	-14.79387	0.22738	-13.49631	-0.15694
2599.776	-14.83402	0.29418	-13.52505	-0.33319
2603.671	-14.84348	0.27010	-13.51508	-0.49374
2607.776	-14.74244	0.22904	-13.53054	-0.24464
2611.776	-14.76690	0.27022	-13.47604	-0.08871
2615.779	-14.78189	0.28097	-13.43237	-0.13866
2619.775	-14.77558	0.22105	-13.53268	-0.19216
2623.778	-14.75702	0.12310	-13.48477	-0.48165
2627.777	-14.75697	0.14687	-13.52032	-0.50453
2631.778	-14.76605	0.20854	-13.54096	-0.32865
2635.675	-14.88340	0.20331	-13.55560	-0.26362
2639.777	-14.95753	0.24389	-13.55250	-0.22427
2643.777	-14.97965	0.23733	-13.51260	-0.14804
2647.780	-14.95660	0.28708	-13.51529	-0.09500
2651.781	-14.98129	0.30317	-13.64359	-0.21122
2655.777	-14.98282	0.24964	-13.62015	-0.27459
2659.778	-15.05137	0.19843	-13.79744	-0.23912
2663.779	-15.01682	0.24440	-13.70825	-0.26966
2667.677	-15.04712	0.27009	-13.76076	-0.21334
2671.780	-15.02140	0.28051	-13.77097	-0.17174
2675.777	-14.97344	0.26144	-13.75889	-0.15597
2679.780	-14.88880	0.26087	-13.75971	-0.17692
2683.675	-14.79159	0.22973	-13.73217	-0.21920
2687.778	-14.74210	0.23226	-13.74456	-0.27420
2691.776	-14.66422	0.19720	-13.67536	-0.32025
2695.784	-14.62582	0.20077	-13.62767	-0.37163
2699.674	-14.58619	0.24948	-13.57942	-0.40663
2703.779	-14.53979	0.27267	-13.49835	-0.42509
2707.778	-14.48997	0.29789	-13.42056	-0.48007
2711.783	-14.46438	0.31809	-13.40460	-0.50644
2715.684	-14.47378	0.31548	-13.26815	-0.54225
2719.755	-14.53588	0.33458	-13.33833	-0.55474
2723.777	-14.63251	0.32703	-13.33255	-0.60809
2727.781	-14.65191	0.31383	-13.36366	-0.64306
2731.673	-14.66303	0.36788	-13.35137	-0.60986
2735.779	-14.78498	0.37084	-13.44430	-0.61329
2739.780	-14.75078	0.33769	-13.41162	-0.54070
2743.781	-14.76340	0.32059	-13.33882	-0.35243
2747.675	-14.79755	0.28815	-13.40182	-0.32809
2751.652	-14.82307	0.23573	-13.45547	-0.31390
2755.654	-14.72424	0.28976	-13.56230	-0.39838
2759.655	-14.76280	0.32040	-13.58245	-0.26511
2763.612	-14.00372	0.39428	-13.19183	-0.45550
2767.654	-11.87387	0.31659	-10.63353	-0.21416
2771.655	-9.96636	0.35208	-9.80807	-0.32000
2775.654	-7.84489	0.31406	-8.27912	-0.04335
2779.653	-6.85848	0.24706	-7.92838	0.03583
2783.655	-4.49351	0.08988	-4.92457	0.23190
2787.654	-3.92373	-0.14443	-4.49205	0.06409
2791.654	-2.29384	-0.33529	-2.33767	0.10922
2795.652	-1.05642	-0.34792	-1.64466	0.09628
2799.651	0.33831	-0.52936	-0.28150	0.18820
2803.653	0.89031	-0.61214	0.79714	-0.00644
2807.653	1.82197	-0.65146	1.65736	0.21190
2811.642	1.68925	-0.74772	2.62452	0.05325
2815.660	2.07038	-0.75297	3.08520	0.14076
2819.653	2.15680	-0.83125	2.90869	0.04966
2823.654	2.23707	-0.86135	3.21302	-0.05275
2827.673	2.24909	-0.90518	3.29159	-0.01640
2831.655	2.21502	-0.89666	3.24667	0.03317
2835.654	2.23481	-0.89004	3.23009	-0.03267
2839.654	2.33068	-0.93457	3.33233	-0.06926
2843.674	2.41680	-0.92339	3.28083	-0.10603
2847.653	2.48604	-0.90842	3.28345	-0.09132
2851.644	2.46862	-0.87386	3.32474	-0.11188
2855.654	2.46667	-0.82827	3.38533	-0.09126
2859.651	2.43389	-0.81344	3.45841	-0.05596
2863.657	2.36460	-0.75167	3.44132	-0.02592
2867.652	2.28601	-0.73272	3.40244	0.01335
2871.651	2.29785	-0.80471	3.34222	0.08350
2875.674	2.25461	-0.80369	3.32177	0.07100
2879.657	2.22188	-0.83725	3.38939	0.05559
2883.655	2.22022	-0.79790	3.51097	0.08411
2887.655	2.14679	-0.92997	3.51898	0.14343
2891.653	2.13772	-0.92478	3.59827	0.18176
2895.657	2.12332	-0.97280	3.68745	0.18087
2899.656	2.12739	-1.01915	3.71421	0.20440
2903.654	2.16629	-1.02496	3.71127	0.20869
2907.653	2.24438	-1.10997	3.74320	0.23368
2911.655	2.25085	-1.14751	3.79994	0.23274
2915.652	2.25340	-1.15461	3.85338	0.21443
2919.655	2.30548	-1.17388	3.89303	0.18715
2923.653	2.31490	-1.19089	3.92280	0.18489
2927.656	2.31956	-1.19662	3.91763	0.17495
2931.643	2.33244	-1.19036	3.95387	0.12075
2935.651	2.30595	-1.21314	3.95493	0.07318
2939.648	2.30774	-1.21366	3.96970	0.07206
2943.658	2.29176	-1.22072	3.94414	0.00295
2947.657	2.30130	-1.20453	3.92280	-0.09279
2951.657	2.25699	-1.14813	3.91237	-0.15165
2955.648	2.26913	-1.09029	3.89547	-0.17381
2959.661	2.28742	-1.08084	3.87292	-0.21254
2963.653	2.28385	-1.05302	3.84335	-0.27803
2967.655	2.26507	-1.03357	3.81232	-0.42841
2971.680	2.27161	-1.02476	3.66525	-0.39501
2975.612	2.32568	-1.04085	3.61565	-0.46947
2979.655	2.38313	-1.04036	3.49525	-0.51038
2983.654	2.41873	-1.04411	3.48978	-0.51738
2987.677	2.41137	-1.08923	3.49053	-0.52794
2991.654	2.47675	-1.12931	3.47557	-0.49134
2995.658	2.44863	-1.16336	3.52944	-0.47425
2999.656	2.42921	-1.21154	3.53617	-0.46644
3003.654	2.45436	-1.24772	3.57711	-0.45094
3007.657	2.46171	-1.26479	3.55429	-0.41408
3011.656	2.49959	-1.28964	3.57985	-0.40531
3015.634	2.46478	-1.30804	3.63507	-0.38051
3019.679	2.45389	-1.29261	3.62061	-0.36440
3023.656	2.43327	-1.26484	3.64484	-0.31943
3027.658	2.44041	-1.25022	3.65556	-0.29267
3031.654	2.47417	-1.18095	3.65898	-0.29071
3035.679	2.47767	-1.15616	3.62215	-0.27646
3039.656	2.50137	-1.16758	3.62655	-0.28879
3043.659	2.54080	-1.17519	3.59735	-0.22590
3047.657	2.52218	-1.19034	3.55226	-0.26810
3051.680	2.50586	-1.14939	3.50009	-0.23285
3055.650	2.47876	-1.17117	3.48251	-0.23012
3059.656	2.47212	-1.11668	3.46840	-0.23826
3063.657	2.42242	-1.09585	3.49545	-0.20775
3067.679	2.35112	-1.12078	3.49453	-0.21841
3071.657	2.40171	-1.09964	3.52383	-0.19919
3075.612	2.32526	-1.13902	3.54032	-0.20320
3079.658	2.28100	-1.18387	3.56922	-0.21549
3089.712	2.27094	-1.17120	3.57886	-0.17829
3094.690	2.26225	-1.18861	3.53965	-0.20635
3096.188	2.25531	-1.19643	3.55461	-0.18147
3099.612	2.28626	-1.21321	3.57258	-0.18521
3103.652	2.31252	-1.21281	3.55167	-0.17651
3107.655	2.34305	-1.24333	3.56541	-0.17475
3111.659	2.38125	-1.26387	3.57810	-0.17956
3115.655	2.45198	-1.27505	3.59582	-0.19193
3119.680	2.43045	-1.29832	3.58920	-0.21742
3123.657	2.44623	-1.33768	3.58220	-0.24198
3127.657	2.45916	-1.36161	3.60880	-0.23689
3131.657	2.48725	-1.36821	3.59431	-0.26983
3135.679	2.49867	-1.35934	3.66861	-0.29368
3139.641	2.50665	-1.37271	3.69338	-0.29685
3143.614	2.47489	-1.38447	3.75454	-0.33055
3147.658	2.49052	-1.37830	3.77439	-0.36337
3151.657	2.53645	-1.38260	3.76529	-0.43927
3155.658	2.51423	-1.44097	3.75677	-0.48246
3159.659	2.48106	-1.47460	3.75049	-0.49157
3163.658	2.50660	-1.46822	3.79102	-0.48143
3167.680	2.52845	-1.41843	3.82210	-0.47673
3171.657	2.47663	-1.39708	3.83685	-0.52885
3175.661	2.49761	-1.37217	3.86837	-0.54785
3179.616	2.52285	-1.31994	3.87719	-0.54529
3183.681	2.55866	-1.32836	3.83828	-0.56973
3187.658	2.62177	-1.31554	3.82272	-0.57731
3191.660	2.58913	-1.32396	3.83492	-0.54938
3195.658	2.54036	-1.29141	3.84799	-0.52944
3199.679	2.53825	-1.27995	3.87057	-0.50950
3203.661	2.57712	-1.23339	3.88816	-0.48472
3207.662	2.61451	-1.21658	3.88799	-0.47314
3211.660	2.65671	-1.22488	3.90301	-0.46567
3215.659	2.71612	-1.21693	3.90738	-0.47814
3219.661	2.70238	-1.20992	3.90953	-0.46964
3223.638	2.69423	-1.23176	3.92423	-0.50213
3227.663	2.70054	-1.21846	3.96884	-0.47984
3231.661	2.67177	-1.23603	3.99902	-0.56068
3235.659	2.68440	-1.21755	3.96036	-0.55513
3239.658	2.69705	-1.22580	3.96698	-0.53239
3243.658	2.68026	-1.22855	3.94349	-0.47911
3247.662	2.68190	-1.24678	3.88777	-0.41744
3251.660	2.66558	-1.26451	3.84812	-0.38322
3255.660	2.61994	-1.28716	3.80821	-0.37751
3259.662	2.60141	-1.32323	3.76119	-0.33630
3263.654	2.58068	-1.37322	3.77310	-0.25227
3267.647	2.53692	-1.44849	3.74871	-0.23680
3271.661	2.53907	-1.51912	3.71078	-0.29178
3275.659	2.50910	-1.47824	3.70685	-0.21635
3279.663	2.49018	-1.50766	3.72748	-0.21077
3283.660	2.47363	-1.56849	3.74792	-0.26705
3287.663	2.51504	-1.53301	3.73816	-0.31402
3291.659	2.45995	-1.50368	3.77355	-0.44603
3295.654	2.40397	-1.53721	3.78205	-0.57493
3299.658	2.44227	-1.54374	3.78501	-0.54324
3303.663	2.44680	-1.54711	3.79588	-0.62235
3307.659	2.35588	-1.40653	3.71644	-0.48313
3311.660	2.29894	-0.84954	3.53374	-0.03787
3315.659	2.10392	0.60025	3.17146	1.68657
3319.663	1.92907	1.80690	3.38125	2.56282
3323.660	1.91952	1.94378	3.34868	2.91762
3327.663	1.81401	1.92372	3.30767	3.01112
3331.659	1.75042	1.85368	3.05900	3.05557
3335.659	1.61803	1.88913	3.06246	2.94591
3339.659	1.56717	1.84251	2.82637	2.95584
3343.654	1.48153	1.92960	2.77297	3.02506
3347.641	1.45894	1.98840	2.69208	3.08744
3351.662	1.41712	2.02600	2.56686	3.24416
3355.661	1.35727	2.09835	2.52708	3.25455
3359.664	1.34001	2.12943	2.47412	3.36321
3363.659	1.33922	2.17802	2.40635	3.40979
3367.661	1.32051	2.21126	2.46303	3.37711
3371.617	1.30747	2.20871	2.40409	3.46071
3375.664	1.31607	2.23557	2.46164	3.45356
3379.661	1.34105	2.28530	2.49669	3.51543
3383.663	1.36149	2.29930	2.45780	3.57575
3387.660	1.39267	2.27412	2.46419	3.58367
3391.663	1.43302	2.25176	2.54464	3.57465
3395.659	1.47303	2.24157	2.57365	3.58008
3399.661	1.51283	2.17932	2.61909	3.58515
3403.660	1.49944	2.18512	2.68239	3.57166
3407.662	1.51834	2.24348	2.72479	3.57164
3411.661	1.50276	2.21885	2.75413	3.56660
3415.664	1.51871	2.24698	2.78330	3.56770
3419.665	1.51611	2.23034	2.80934	3.55623
3423.664	1.51449	2.22124	2.81825	3.50967
3427.661	1.48235	2.21892	2.81432	3.48752
3431.643	1.39976	2.21969	2.82608	3.46761
3435.662	1.38887	2.29860	2.81055	3.42472
3439.665	1.35514	2.28065	2.75304	3.44539
3443.660	1.36377	2.27729	2.67155	3.44003
3447.616	1.36161	2.23436	2.59993	3.47214
3451.662	1.36246	2.18009	2.53682	3.45376
3455.665	1.38099	2.10376	2.48443	3.47020
3459.661	1.39579	2.07792	2.47888	3.46803
3463.664	1.39696	2.02252	2.49996	3.42011
3467.664	1.42283	1.97474	2.42936	3.42133
3471.663	1.46080	1.98091	2.43892	3.43363
3475.660	1.50812	1.96915	2.46952	3.27632
3479.616	1.52419	1.92785	2.59537	3.28132
3483.662	1.56166	1.90713	2.77537	3.21607
3487.561	1.56042	1.91494	2.67784	3.13539
3491.662	1.57689	1.90289	2.61323	3.10741
3495.661	1.50053	1.84264	2.65268	3.08571
3499.662	1.48067	1.84519	2.74083	3.19056
3503.664	1.39802	1.91665	2.68492	3.16368
3507.660	1.47218	1.96519	2.63021	3.27101
3511.662	1.39852	1.96697	2.65218	3.22164
3515.632	1.34529	1.96649	2.58063	3.22349
3519.669	1.29722	1.98392	2.54123	3.22527
3523.662	1.22452	2.02360	2.54085	3.24229
3527.662	1.17632	2.12375	2.49803	3.35765
3531.664	1.15439	2.24645	2.43672	3.31745
3535.643	1.18150	2.23596	2.45071	3.31438
3539.662	1.14494	2.17354	2.48401	3.31788
3543.662	1.15756	2.18515	2.53679	3.27672
3547.664	1.20703	2.09026	2.55480	3.23006
3551.528	1.09363	2.02395	2.56248	3.18483
3555.662	1.12710	2.08208	2.59359	3.16762
3559.654	1.19073	2.13069	2.60245	3.20502
3563.662	1.14809	2.20492	2.57050	3.22952
3567.531	1.16056	2.24994	2.55589	3.22167
3571.662	1.22248	2.19256	2.62392	3.20435
3575.661	1.28154	2.18621	2.62251	3.20927
3579.663	1.24200	2.18731	2.69827	3.20257
3583.624	1.14541	2.19428	2.60797	3.15655
3587.663	1.05466	2.20988	2.55572	3.15829
3591.663	1.08175	2.23124	2.64666	3.18046
3595.665	1.20410	2.23671	2.67061	3.15508
3599.666	1.11799	2.15134	2.71060	3.16371
3603.665	1.08071	2.11018	2.65186	3.15293
3607.660	1.14417	2.12256	2.70703	3.28212
3611.662	1.21497	2.09705	2.64933	3.17058
3615.562	1.13122	2.06558	2.65998	3.26319
3619.534	1.07800	2.09026	2.71595	3.23830
3623.658	1.06562	2.10763	2.69495	3.30691
3627.665	1.11782	2.13943	2.68111	3.29772
3631.672	1.17374	2.16653	2.65701	3.37371
3635.664	1.25907	2.20359	2.64307	3.43193
3639.640	1.25416	2.18403	2.61791	3.41616
3643.666	1.24979	2.18224	2.56017	3.45367
3647.666	1.23799	2.21678	2.52961	3.46614
3651.663	1.20931	2.21624	2.52228	3.43868
3655.661	1.15739	2.27492	2.53523	3.44582
3659.661	1.10093	2.31569	2.53934	3.45600
3663.561	1.09902	2.30679	2.54838	3.39431
3667.665	1.12107	2.19872	2.56263	3.29400
3671.664	1.09440	2.26443	2.65000	3.26933
3675.666	1.07912	2.29850	2.64824	3.18125
3679.563	1.06972	2.32348	2.67083	3.17470
3683.654	1.05724	2.44988	2.71533	3.06783
3687.662	1.04984	2.38992	2.73954	2.99653
3691.663	1.05451	2.39800	2.77654	3.00594
3695.563	1.05056	2.41226	2.77698	2.96493
3699.620	1.05297	2.36928	2.79255	2.96637
3703.663	1.08790	2.31404	2.83935	2.96591
3707.667	1.10886	2.34054	2.88059	2.98573
3711.562	1.11030	2.36509	2.85658	3.01126
3715.667	1.10214	2.37519	2.83095	3.09185
3719.667	1.10102	2.35064	2.86296	3.11436
3723.637	1.09877	2.33187	2.83343	3.14891
3727.670	1.11628	2.30425	2.84195	3.21116
3731.665	1.10135	2.30289	2.79654	3.30003
3735.664	1.07761	2.30961	2.80466	3.33276
3739.665	1.05148	2.32208	2.78211	3.36498
3743.668	0.95653	2.34556	2.68002	3.34733
3747.666	0.88741	2.38351	2.61060	3.34967
3751.665	0.83558	2.38731	2.48549	3.36630
3755.667	0.85304	2.39990	2.44702	3.35516
3759.559	0.85974	2.41505	2.37273	3.33416
3763.618	0.84875	2.35454	2.27791	3.29202
3767.660	0.92607	2.34025	2.34684	3.26365
3771.664	0.86825	2.32156	2.32944	3.22751
3775.557	0.88334	2.29994	2.34954	3.17608
3779.539	0.95105	2.27636	2.31165	3.16492
3783.543	1.08882	2.23020	2.32013	3.04370
3787.540	1.10941	2.18523	2.33492	3.00698
3791.537	1.14074	2.15551	2.38442	3.01046
3795.540	1.14692	2.15315	2.46929	2.90930
3799.541	1.17376	2.14899	2.52713	2.85450
3803.543	1.22707	2.14287	2.57038	2.85096
3807.532	1.20031	2.13755	2.62571	2.82070
3811.511	1.16515	2.14800	2.69141	2.83070
3815.542	1.16250	2.08938	2.78852	2.86409
3819.541	1.15444	2.05385	2.83672	2.85330
3823.537	1.14372	2.01932	2.95393	2.89096
3827.538	1.11598	2.00812	2.87720	2.93967
3831.542	1.07666	2.09522	2.92995	2.90246
3835.541	1.08043	2.09117	2.93557	2.89202
3839.563	1.10477	2.04520	2.91376	2.88893
3843.541	1.17334	2.00066	2.89341	2.85485
3847.543	1.18860	1.99887	2.89827	2.83132
3851.542	1.20978	2.07555	2.89185	2.75612
3855.532	1.22561	2.24530	2.88180	2.72588
3859.540	1.24644	2.29891	2.80441	2.82771
3863.546	1.26170	2.34894	2.67875	2.74227
3867.540	1.25334	2.39533	2.64772	2.72820
3871.527	1.24927	2.43422	2.61087	2.72969
3875.539	1.25319	2.44465	2.54727	2.80232
3879.496	1.25815	2.52566	2.52347	2.87327
3883.539	1.24870	2.57290	2.52911	2.93217
3887.561	1.21884	2.61919	2.51356	2.99415
3891.544	1.21794	2.66972	2.46436	2.99733
3895.512	1.22491	2.69068	2.46332	3.03338
3899.545	1.25151	2.66163	2.44328	3.06583
3903.534	1.27515	2.70064	2.47479	3.08750
3907.542	1.29692	2.72320	2.52468	3.12337
3911.542	1.32701	2.75333	2.58873	3.12554
3915.545	1.29789	2.74110	2.64544	3.15076
3919.563	1.31081	2.73558	2.73628	3.12596
3923.544	1.27859	2.73648	2.68846	3.09945
3927.543	1.27904	2.72734	2.68952	3.13068
3931.544	1.27485	2.69735	2.70659	3.12551
3935.552	1.27596	2.65982	2.72048	3.16908
3939.536	1.17885	2.67600	2.74863	3.18754
3943.543	1.12754	2.66041	2.76577	3.21142
3947.543	1.06820	2.63217	2.74197	3.20334
3951.542	1.04136	2.62364	2.72201	3.20414
3955.543	1.00122	2.59459	2.69802	3.23135
3959.545	0.99427	2.58503	2.65518	3.26041
3963.544	0.96120	2.57069	2.63807	3.32730
3967.551	0.99152	2.56085	2.61773	3.33812
3971.541	0.99429	2.55755	2.63883	3.30046
3975.538	1.17523	2.51505	2.74296	3.21646
3979.497	3.36243	2.54802	3.12774	3.19094
3983.540	5.33758	2.20987	5.59381	2.95360
3987.541	6.13039	1.70658	6.17168	2.78585
3991.542	7.54440	1.23469	7.58773	2.11794
3995.543	8.10165	0.63144	8.05504	1.19669
3999.501	9.37595	0.15635	9.02956	0.96472
4003.542	9.81913	-0.14708	9.91399	0.61538
4007.543	10.58469	-0.50991	10.40550	0.36262
4011.546	10.38108	-0.69320	10.81346	0.24991
4015.501	10.78836	-0.94395	11.22379	0.22906
4019.520	11.28379	-1.05476	11.61368	0.15427
4023.550	11.26994	-1.16041	11.72172	0.04735
4027.542	11.13162	-1.08198	11.74651	-0.01343
4031.503	11.20787	-1.03359	11.68124	-0.11298
4035.545	11.25357	-1.02790	11.81054	-0.07995
4039.543	11.26710	-1.10413	11.87608	-0.11704
4043.540	11.34363	-1.13493	11.79175	-0.14634
4047.541	11.37748	-1.16468	11.79037	-0.16816
4051.546	11.35892	-1.17406	11.84076	-0.19203
4055.544	11.39575	-1.23658	11.88299	-0.18206
4059.532	11.40481	-1.22366	11.88454	-0.19181
4063.534	11.33392	-1.21495	11.85839	-0.17959
4067.546	11.28381	-1.22710	11.87254	-0.18912
4071.543	11.20987	-1.27054	11.86258	-0.19374
4075.517	11.16390	-1.25787	11.90623	-0.16135
4079.504	10.98525	-1.25828	11.89666	-0.21103
4083.542	10.94327	-1.24477	11.88090	-0.24353
4087.499	10.83436	-1.26267	11.89507	-0.28276
4091.544	10.76329	-1.27039	11.94938	-0.29301
4095.539	10.81408	-1.22689	11.98325	-0.27929
4099.542	10.70867	-1.07869	12.05514	-0.23985
4103.510	10.68758	-1.00163	12.15659	-0.22404
4107.546	10.64350	-0.99972	12.18374	-0.24603
4111.540	10.57973	-0.96791	12.26045	-0.27453
4115.541	10.56445	-0.93785	12.27695	-0.27466
4119.545	10.52955	-0.89893	12.30320	-0.29175
4123.548	10.54658	-0.85443	12.37157	-0.28219
4127.542	10.51530	-0.87884	12.38708	-0.27195
4131.546	10.49546	-0.83901	12.40309	-0.27007
4135.502	10.49764	-0.80666	12.41715	-0.30555
4139.544	10.45526	-0.80613	12.41800	-0.31659
4143.538	10.42703	-0.81828	12.39014	-0.33590
4147.545	10.39592	-0.84123	12.33323	-0.37860
4151.546	10.36096	-0.84795	12.29557	-0.40388
4155.544	10.40569	-0.85631	12.25348	-0.38862
4159.543	10.42002	-0.83318	12.20098	-0.39946
4163.545	10.44756	-0.83882	12.18822	-0.40883
4167.546	10.49656	-0.83195	12.17573	-0.39991
4171.543	10.51422	-0.82516	12.11678	-0.38894
4175.537	10.53063	-0.80816	12.13175	-0.40923
4179.544	10.53684	-0.79989	12.13415	-0.41564
4183.547	10.63562	-0.80615	12.13849	-0.40213
4187.547	10.62840	-0.81115	12.12447	-0.39889
4191.546	10.65225	-0.79876	12.12521	-0.37506
4195.545	10.67567	-0.81698	12.15374	-0.35714
4199.501	10.66723	-0.81425	12.14497	-0.37328
4203.545	10.64185	-0.82923	12.15747	-0.33979
4207.504	10.63147	-0.81949	12.14205	-0.31253
4211.546	10.65563	-0.85505	12.09942	-0.29521
4215.547	10.70196	-0.85072	12.13538	-0.25712
4219.547	10.73782	-0.85377	12.10279	-0.25762
4223.541	10.74101	-0.88522	12.08684	-0.23827
4227.523	10.72721	-0.90303	12.05889	-0.21890
4231.547	10.79409	-0.88531	12.05632	-0.19924
4235.545	10.77770	-0.87604	12.05760	-0.19742
4239.535	10.82969	-0.84802	12.05290	-0.15825
4243.546	10.86175	-0.82592	12.05587	-0.11587
4247.548	10.89887	-0.80608	12.05656	-0.08785
4251.547	10.90736	-0.79142	12.07944	-0.03322
4255.544	10.88970	-0.76080	12.12269	-0.02335
4259.546	10.90971	-0.69188	12.14259	-0.01888
4263.503	10.92241	-0.61205	12.15701	0.04273
4267.532	10.95337	-0.57949	12.16629	0.06260
4271.544	10.97509	-0.51881	12.20691	0.10371
4275.546	11.03499	-0.55251	12.25993	0.10143
4279.503	11.09774	-0.55254	12.27723	0.10414
4283.544	11.12734	-0.52544	12.32250	0.09730
4287.535	11.10916	-0.58275	12.33482	0.09249
4291.545	11.16965	-0.53543	12.32994	0.07783
4295.546	11.14340	-0.56951	12.34515	0.05156
4299.547	11.14956	-0.58347	12.32272	0.03758
4303.546	11.12092	-0.58840	12.30308	0.05973
4307.545	11.14168	-0.57688	12.28957	0.01034
4311.511	11.08727	-0.59293	12.26602	0.00369
4315.549	11.12445	-0.61729	12.25109	0.00566
4319.543	11.25108	-0.63130	12.24640	0.01591
4323.545	11.83736	-0.59924	12.28303	-0.07469
4327.547	13.05978	-0.74143	13.25404	-0.19739
4331.548	14.07812	-0.83265	14.44085	-0.49426
4335.543	14.38137	-1.04611	14.61699	-0.59983
4339.547	14.55911	-1.35602	14.66933	-0.96842
4343.548	14.89404	-1.67025	14.88185	-1.18419
4347.550	14.88774	-1.86571	14.90811	-1.25086
4351.547	14.90911	-1.92053	14.90554	-1.32497
4355.502	14.85542	-2.00972	14.92032	-1.28768
4359.548	14.87304	-1.94575	14.86722	-1.44385
4363.549	14.85843	-2.06736	14.90684	-1.44160
4367.544	14.85164	-2.11816	14.90004	-1.44723
4371.549	14.84870	-2.19211	14.96846	-1.44054
4375.546	14.93302	-2.20418	14.98979	-1.41480
4379.503	14.89977	-2.22358	15.02469	-1.43855
4383.544	14.86673	-2.13955	15.03369	-1.40846
4387.550	14.80588	-2.12247	15.02385	-1.42306
4391.544	14.82780	-2.10621	15.03584	-1.40948
4395.541	14.83128	-2.06484	15.11079	-1.44792
4399.505	14.84199	-2.07680	15.13975	-1.51726
4403.546	14.84431	-2.04627	15.22015	-1.50518
4407.546	14.75126	-2.01098	15.24341	-1.42971
4411.547	14.68331	-1.97785	15.24993	-1.44986
4415.507	14.64533	-1.95934	15.26561	-1.50203
4419.547	14.53309	-1.97358	15.30856	-1.49037
4423.548	14.58082	-1.99609	15.35969	-1.49623
4427.549	14.45914	-1.99824	15.34924	-1.50061
4431.507	14.40987	-2.00840	15.36308	-1.53531
4435.547	14.40409	-1.96720	15.39012	-1.55414
4439.547	14.37240	-1.95413	15.34697	-1.56567
4443.548	14.30620	-1.94449	15.35872	-1.50047
4447.507	14.29487	-1.97739	15.33677	-1.47882
4451.551	14.31796	-1.98854	15.35337	-1.51043
4455.550	14.36511	-2.05354	15.37467	-1.50642
4459.549	14.40705	-2.02364	15.34000	-1.52518
4463.507	14.43866	-2.01991	15.35634	-1.55413
4467.550	14.36868	-2.00624	15.34457	-1.57917
4471.551	14.40623	-1.99747	15.36024	-1.60254
4475.536	14.42670	-1.97080	15.37005	-1.59648
4479.506	14.39797	-1.99603	15.38562	-1.60718
4483.549	14.37860	-1.97766	15.37344	-1.61129
4487.550	14.33623	-1.97693	15.36396	-1.61786
4491.549	14.28126	-1.94218	15.35136	-1.60560
4495.543	14.41299	-1.93298	15.33936	-1.61192
4499.509	14.54577	-1.86652	15.29125	-1.58896
4503.549	14.41029	-1.85846	15.29395	-1.55780
4507.547	14.55772	-1.86448	15.25013	-1.51213
4511.545	14.52979	-1.86084	15.17882	-1.49534
4515.549	14.61378	-1.85593	15.13471	-1.43241
4519.527	14.59298	-1.86932	15.08648	-1.42252
4523.550	14.68610	-1.86613	15.03911	-1.36861
4527.446	14.67695	-1.87281	15.04855	-1.35212
4531.551	14.70967	-1.85603	15.03591	-1.30829
4535.549	14.73151	-1.86725	15.06790	-1.21376
4539.548	14.77542	-1.88876	15.01730	-1.21710
4543.443	14.77883	-1.89781	15.04973	-1.20204
4547.551	14.80925	-1.88012	15.07544	-1.24308
4551.549	14.80175	-1.85016	15.11701	-1.29709
4555.550	14.78846	-1.81490	15.12846	-1.31584
4559.474	14.82980	-1.80519	15.18606	-1.34329
4563.549	14.88004	-1.78786	15.17129	-1.36119
4567.551	14.88776	-1.79681	15.18171	-1.39550
4571.549	14.93077	-1.79583	15.16643	-1.36877
4575.445	14.92220	-1.78657	15.17676	-1.42012
4579.550	14.93629	-1.74707	15.22169	-1.43019
4583.549	14.90352	-1.73733	15.25785	-1.44890
4587.550	14.83643	-1.73314	15.30330	-1.43239
4591.446	14.68693	-1.76678	15.22597	-1.43783
4595.552	14.40277	-1.73281	14.48232	-1.31450
4599.549	12.22699	-1.72183	12.35573	-1.17058
4603.539	10.92715	-1.72266	11.28164	-1.12826
4607.456	10.83419	-1.71734	10.61059	-1.09342
4611.549	10.04615	-1.72358	10.07329	-1.18306
4615.550	9.31073	-1.69043	10.09174	-1.06620
4619.420	9.35218	-1.73994	10.02930	-1.04211
4623.544	9.11965	-1.70020	9.82086	-1.02836
4627.552	8.96380	-1.69833	9.78317	-0.95888
4631.551	8.87309	-1.71298	9.86808	-0.96115
4635.551	8.84133	-1.70697	9.80351	-0.97108
4639.412	8.79138	-1.71579	9.87232	-1.05482
4643.505	8.70548	-1.74078	9.74482	-1.06740
4647.550	8.66011	-1.74403	9.69607	-1.13239
4651.548	8.58053	-1.73058	9.58765	-1.19107
4655.553	8.51311	-1.72673	9.55077	-1.15544
4659.550	8.41529	-1.71880	9.50103	-1.24777
4663.552	8.33095	-1.70106	9.46215	-1.23575
4667.549	8.22905	-1.73809	9.44040	-1.26212
4671.448	8.18363	-1.76355	9.48603	-1.28942
4675.551	8.10856	-1.77420	9.43665	-1.30986
4679.506	8.02952	-1.80471	9.39206	-1.29116
4683.540	7.99326	-1.82973	9.35264	-1.29033
4687.451	7.87711	-1.88453	9.33722	-1.31222
4691.550	7.85874	-1.88086	9.30271	-1.29311
4695.550	7.83488	-1.88856	9.30230	-1.27510
4699.552	7.80816	-1.89323	9.26176	-1.32454
4703.453	7.83717	-1.88607	9.24414	-1.32127
4707.553	7.82545	-1.87616	9.18175	-1.37981
4711.552	7.88765	-1.88264	9.12442	-1.44266
4715.558	7.90265	-1.88764	9.06787	-1.46140
4719.449	7.92181	-1.91688	8.99012	-1.52742
4723.552	7.95842	-1.97551	8.93832	-1.56826
4727.518	8.02153	-2.02947	8.94646	-1.56413
4731.554	8.12050	-2.05671	8.95963	-1.57810
4735.454	8.15406	-2.06003	8.94995	-1.60748
4739.553	8.16858	-2.21804	8.93091	-1.66530
4743.551	8.22115	-2.29789	8.93525	-1.69351
4747.553	8.15180	-2.34466	8.93963	-1.68204
4751.447	8.08202	-2.44303	8.97162	-1.69474
4755.551	8.03954	-2.52298	9.02360	-1.71539
4759.552	8.04774	-2.52730	9.03803	-1.71316
4763.508	8.07871	-2.53330	9.09577	-1.67969
4767.508	8.07893	-2.53371	9.13956	-1.64657
4771.554	8.11914	-2.51463	9.16404	-1.63427
4775.553	8.06905	-2.50225	9.18528	-1.59493
4779.509	8.04329	-2.51323	9.24627	-1.55814
4783.554	8.01951	-2.47514	9.26377	-1.51439
4787.553	8.04728	-2.45191	9.32436	-1.56894
4791.552	8.10642	-2.42928	9.34500	-1.60224
4795.550	8.15426	-2.39206	9.38018	-1.63140
4799.413	8.17845	-2.37952	9.40100	-1.63858
4803.554	8.28988	-2.37448	9.43090	-1.66675
4807.553	8.34159	-2.37888	9.44081	-1.58220
4811.554	8.28517	-2.39908	9.43759	-1.62236
4815.426	8.31241	-2.47716	9.44151	-1.61064
4819.426	8.29676	-2.48055	9.41412	-1.62948
4823.426	8.39860	-2.42253	9.41774	-1.59030
4827.431	8.39241	-2.46556	9.37167	-1.63987
4831.387	8.35160	-2.44842	9.35104	-1.62059
4835.427	8.42389	-2.44085	9.32212	-1.60999
4839.426	8.48284	-2.43721	9.31629	-1.57598
4843.427	8.44562	-2.52366	9.31020	-1.52593
4847.427	8.49153	-2.57629	9.29396	-1.50225
4851.428	8.49243	-2.52446	9.30815	-1.51231
4855.428	8.55047	-2.46673	9.33012	-1.47931
4859.421	8.55059	-2.51713	9.37254	-1.46607
4863.425	8.56197	-2.44409	9.29833	-1.52358
4867.429	8.50003	-2.54435	9.32332	-1.55464
4871.428	8.42928	-2.60646	9.35776	-1.58670
4875.428	8.42831	-2.61437	9.42530	-1.60192
4879.557	8.54066	-2.57476	9.44018	-1.67310
4883.430	8.42496	-2.59170	9.46348	-1.66821
4887.427	8.57469	-2.54132	9.45923	-1.70991
4891.430	8.46012	-2.55891	9.47338	-1.77336
4895.420	8.37006	-2.63740	9.45015	-1.87361
4899.431	8.36861	-2.63025	9.45184	-1.89140
4903.429	8.45667	-2.63056	9.45996	-1.93369
4907.427	8.50107	-2.54221	9.47765	-1.94392
4911.425	8.53081	-2.38395	9.49772	-1.99815
4915.431	8.52986	-2.42016	9.38752	-1.92597
4919.386	8.52809	-2.40960	9.41743	-1.94911
4923.429	8.44263	-2.47022	9.31537	-1.88943
4927.418	8.38185	-2.49721	9.32816	-1.91304
4931.431	8.38969	-2.47878	9.34481	-1.89809
4935.430	8.43501	-2.50862	9.30982	-1.90004
4939.406	8.42653	-2.48328	9.29469	-1.84305
4943.452	8.50141	-2.49509	9.27436	-1.75392
4947.431	8.41301	-2.48216	9.21413	-1.68085
4951.430	8.39479	-2.52112	9.17829	-1.67943
4955.430	8.35831	-2.59361	9.13845	-1.63936
4959.429	8.34774	-2.62583	9.16059	-1.67375
4963.432	8.33010	-2.66513	9.16160	-1.67656
4967.430	8.40728	-2.68263	9.19125	-1.72252
4971.429	8.47041	-2.65808	9.13315	-1.68511
4975.426	8.47784	-2.62291	9.11997	-1.64749
4979.385	8.50573	-2.54880	9.13090	-1.65121
4983.417	8.46257	-2.53299	9.19624	-1.61988
4987.431	8.39824	-2.58018	9.21176	-1.70306
4991.427	8.50809	-2.50127	9.26519	-1.66010
4995.428	8.53952	-2.44240	9.26121	-1.67016
4999.431	8.31095	-2.46222	9.35085	-1.76375
5003.430	8.42989	-2.38678	9.36129	-1.69844
5007.429	8.52904	-2.34789	9.35945	-1.64282
5011.429	8.44989	-2.36953	9.40868	-1.68484
5015.428	8.46327	-2.33819	9.42767	-1.57168
5019.431	8.45295	-2.36676	9.49081	-1.54901
5023.428	8.34259	-2.38260	9.52628	-1.56851
5027.430	8.28733	-2.38647	9.51080	-1.48676
5031.440	8.32799	-2.40731	9.49296	-1.62480
5035.430	8.30388	-2.43294	9.51090	-1.53988
5039.426	8.20928	-2.44118	9.51435	-1.67222
5043.428	8.26991	-2.52156	9.43619	-1.65125
5047.427	8.20454	-2.56449	9.45090	-1.57596
5051.430	8.17619	-2.53578	9.48381	-1.73144
5055.426	8.15402	-2.59054	9.47155	-1.61067
5059.430	8.07346	-2.51874	9.11336	-1.59113
5063.431	6.88255	-2.58628	6.53348	-1.57528
5067.432	5.67649	-2.36439	5.33042	-1.42463
5071.389	4.04327	-2.47308	4.12671	-1.55033
5075.430	3.67914	-2.29442	3.66152	-1.42814
5079.429	2.99321	-2.06614	3.05481	-1.25136
5083.387	1.67868	-2.09615	2.13779	-1.16257
5087.454	0.90599	-2.05590	1.27180	-1.21854
5091.432	0.11170	-1.83058	0.58270	-1.14633
5095.431	-0.39608	-1.65244	0.36970	-1.01702
5099.431	-0.39122	-1.61731	-0.13841	-0.95712
5103.420	-0.81049	-1.63794	0.30193	-0.89503
5107.396	-0.26331	-1.59509	0.27480	-0.89908
5111.431	-0.68791	-1.49056	0.19673	-0.89387
5115.432	-0.69382	-1.49912	0.18511	-0.81385
5119.421	-0.62024	-1.47625	0.01114	-0.79636
5123.430	-0.76503	-1.48720	0.04872	-0.79969
5127.430	-0.90522	-1.43218	-0.03497	-0.65887
5131.435	-0.98482	-1.40468	0.00603	-0.54435
5135.390	-1.00429	-1.38675	-0.04631	-0.55524
5139.430	-0.88602	-1.44371	-0.03683	-0.49757
5143.433	-1.02258	-1.46522	-0.02055	-0.48353
5147.429	-1.03684	-1.43952	-0.07689	-0.54910
5151.390	-1.02312	-1.46500	0.01062	-0.59405
5155.433	-1.13888	-1.47495	0.00645	-0.54418
5159.431	-1.11611	-1.44475	0.01837	-0.53747
5163.431	-1.06188	-1.47941	0.05165	-0.49888
5167.389	-1.11244	-1.46049	-0.04083	-0.48723
5171.431	-1.09773	-1.44210	0.03765	-0.55392
5175.432	-1.00576	-1.44063	0.05232	-0.57432
5179.432	-1.06009	-1.40671	0.09046	-0.58823
5183.433	-1.09003	-1.43056	0.06574	-0.59974
5187.419	-1.08004	-1.47158	0.06391	-0.58068
5191.421	-1.03196	-1.33109	0.07842	-0.62240
5195.433	-0.96715	-1.31549	0.02427	-0.53963
5199.390	-1.03687	-1.21407	0.02154	-0.49737
5203.433	-0.99164	-1.36060	0.04011	-0.41301
5207.434	-1.07624	-1.27775	0.03683	-0.38774
5211.429	-1.08401	-1.14201	-0.00362	-0.38483
5215.391	-1.04052	-1.15112	0.09778	-0.36239
5219.432	-1.06570	-1.07585	0.22936	-0.32887
5223.432	-1.18999	-0.95958	0.39844	-0.19017
5227.434	-1.16148	-0.83502	0.24991	-0.14492
5231.393	-2.00884	-0.80682	-1.17260	-0.31084
5235.432	-0.18886	1.94344	-0.05380	-0.18522
5239.444	NaN	NaN	NaN	NaN
5243.432	NaN	NaN	NaN	NaN
5247.434	NaN	NaN	NaN	NaN
5251.451	NaN	NaN	NaN	NaN
5255.431	NaN	NaN	NaN	NaN
5259.433	NaN	NaN	NaN	NaN
5263.389	NaN	NaN	NaN	NaN
5267.431	NaN	NaN	NaN	NaN
5271.415	NaN	NaN	NaN	NaN
5275.433	NaN	NaN	NaN	NaN
5279.386	NaN	NaN	NaN	NaN
5283.431	NaN	NaN	NaN	NaN
5287.454	NaN	NaN	NaN	NaN
5291.432	NaN	NaN	NaN	NaN
5295.434	NaN	NaN	10.98171	13.13887
5299.434	NaN	NaN	NaN	NaN
5303.433	NaN	NaN	NaN	NaN
5307.432	NaN	NaN	-0.25895	14.55212
5311.435	1.57277	-2.46971	-1.73393	-2.71740
5315.435	-3.11240	-2.91620	-0.33260	-2.41565
5319.429	0.36722	-2.89605	-0.28267	-2.46086
5323.432	-2.18025	-3.35624	-0.74310	-2.45830
5327.433	-2.48235	-3.30361	1.00603	-1.92469
5331.437	-2.20054	-3.35708	1.78624	-2.17481
5335.429	0.52535	-3.19833	1.74447	-1.81220
5339.434	0.78898	-3.18097	1.69557	-1.95672
5343.436	0.79992	-3.17987	1.81815	-1.97988
5347.436	0.75868	-3.20153	1.89533	-2.03650
5351.426	0.78163	-3.15375	1.81721	-1.87192
5355.411	0.73568	-3.11140	1.83933	-1.71980
5359.433	0.67290	-3.15720	1.89587	-1.69339
5363.444	0.68948	-3.09758	1.89461	-1.95856
5367.430	0.72781	-3.04575	1.88757	-1.80190
5371.434	0.81694	-3.02401	1.96001	-1.86246
5375.431	0.81823	-3.00795	1.95470	-1.74931
5379.389	0.86141	-2.96029	1.98876	-1.74496
5383.429	0.84185	-2.92911	1.96090	-1.66410
5387.431	0.79382	-2.91095	2.01213	-1.74746
5391.435	0.74600	-2.89963	2.05110	-1.72653
5395.435	0.70310	-2.87158	2.17338	-1.80913
5399.395	0.68047	-2.89504	2.18007	-1.87208
5403.435	0.66357	-2.89165	2.17507	-1.87235
5407.435	0.76729	-2.84410	2.13462	-1.82006
5411.435	0.73967	-2.84499	2.08496	-1.82995
5415.392	0.68526	-2.82953	2.05060	-1.82336
5419.434	0.67548	-2.80423	2.00621	-1.97758
5423.435	0.55491	-2.81572	2.06488	-2.11739
5427.435	0.50947	-2.84382	2.21972	-2.28164
5431.397	0.40762	-2.86939	2.12285	-2.31525
5435.438	0.61871	-2.89455	2.08260	-2.33405
5439.410	0.63903	-2.92406	2.06691	-2.40540
5443.435	0.64280	-2.91449	2.00611	-2.32338
5447.421	0.66742	-2.88843	1.99875	-2.52287
5451.436	0.64471	-2.90235	2.02391	-2.47031
5455.439	0.61014	-2.90792	2.01293	-2.50776
5459.436	0.61813	-2.86833	1.97803	-2.51646
5463.393	0.61094	-2.89610	1.98851	-2.54128
5467.433	0.66657	-2.87378	1.90321	-2.50088
5471.434	0.73841	-2.84697	1.87914	-2.46780
5475.434	0.76020	-2.80814	1.86536	-2.46541
5479.392	0.74059	-2.80347	1.87552	-2.51530
5483.435	0.75223	-2.77136	1.92361	-2.55104
5487.433	0.71719	-2.77116	2.00073	-2.53053
5491.435	0.71846	-2.76513	2.04156	-2.48895
5495.434	0.68816	-2.76503	1.99273	-2.42083
5499.436	0.58898	-2.74019	1.99250	-2.43962
5503.435	0.51900	-2.75302	2.01308	-2.38934
5507.437	0.50317	-2.86603	2.04770	-2.34576
5511.333	0.49624	-2.96024	2.08139	-2.30497
5515.391	0.53232	-2.96644	2.07752	-2.30572
5519.438	0.57878	-2.95014	2.04156	-2.28745
5523.401	0.51597	-2.99136	1.99917	-2.23519
5527.438	0.53734	-3.04541	1.94523	-2.19889
5531.439	0.48135	-3.07607	1.88236	-2.18550
5535.438	0.44860	-3.03349	1.85447	-2.16213
5539.435	0.48632	-3.04554	1.83985	-2.17405
5543.435	0.53605	-3.04237	1.79440	-2.20424
5547.437	0.53029	-2.95755	1.78763	-2.24335
5551.439	0.55009	-2.86693	1.75545	-2.31062
5555.436	0.56855	-2.75453	1.76175	-2.28562
5559.332	0.53587	-2.77958	1.74449	-2.33384
5563.412	0.50967	-2.79690	1.71575	-2.32627
5567.437	0.50423	-2.75890	1.68679	-2.35886
5571.435	0.49473	-2.79222	1.65391	-2.42401
5575.330	0.45038	-2.66352	1.64506	-2.42073
5579.433	0.44080	-2.65901	1.67829	-2.43561
5583.394	0.39241	-2.63874	1.75976	-2.46935
5587.435	0.35385	-2.65809	1.81681	-2.48167
5591.340	0.41087	-2.70754	1.83576	-2.47936
5595.436	0.41889	-2.77676	1.74444	-2.48181
5599.436	0.45175	-2.86293	1.71104	-2.49829
5603.427	0.44366	-2.84110	1.60479	-2.49962
5607.333	0.47019	-2.89790	1.66661	-2.44976
5611.437	0.48845	-2.86996	1.75830	-2.32086
5615.437	0.48694	-2.82529	1.74843	-2.38226
5619.318	0.45510	-2.81745	1.72436	-2.41530
5623.442	0.35690	-2.77459	1.72981	-2.35863
5627.437	0.55481	-2.63573	1.68565	-2.40377
5631.438	0.51307	-2.64693	1.66071	-2.41880
5635.437	0.52222	-2.56758	1.64923	-2.47264
5639.332	0.46780	-2.45857	1.73165	-2.50263
5643.440	0.43567	-2.38286	1.79539	-2.54429
5647.409	0.36005	-2.38184	1.89662	-2.59887
5651.439	0.27694	-2.27809	1.87676	-2.60862
5655.332	0.37201	-2.31600	1.86191	-2.66187
5659.438	0.48877	-2.29331	1.77407	-2.68386
5663.438	0.40147	-2.28634	1.83680	-2.69901
5667.439	0.55136	-2.38113	1.78481	-2.73745
5671.333	0.46835	-2.39185	1.83271	-2.71559
5675.438	0.46999	-2.64100	1.86330	-2.64019
5679.441	0.48738	-2.62338	1.83092	-2.68707
5683.439	0.55252	-2.61289	1.88316	-2.60571
5687.335	0.47738	-2.71329	1.68543	-2.61640
5691.432	0.55890	-2.67872	1.68359	-2.55297
5695.435	0.55694	-2.65752	1.73874	-2.46452
5699.441	0.46889	-2.69725	1.75188	-2.53877
5703.335	0.32677	-2.66814	1.64134	-2.47401
5707.440	0.31230	-2.58037	1.47139	-2.48534
5711.439	0.39606	-2.75004	1.52360	-2.44165
5715.440	0.34973	-2.82596	1.64451	-2.43129
5719.443	0.35476	-2.85885	1.63013	-2.35927
5723.439	0.25383	-2.97331	1.70472	-2.41644
5727.439	0.23825	-2.94090	1.63782	-2.38371
5731.405	0.29783	-2.82245	1.76800	-2.41608
5735.317	0.28438	-2.96869	1.74504	-2.57844
5739.437	0.22276	-3.00610	1.73026	-2.61180
5743.439	0.24825	-2.92513	1.81307	-2.56052
5747.439	0.29890	-2.98871	1.68463	-2.60487
5751.334	0.23182	-3.02682	1.57086	-2.64470
5755.437	0.19665	-2.93357	1.72914	-2.66908
5759.439	0.13434	-2.90661	1.77291	-2.69593
5763.395	0.02464	-2.82866	1.71370	-2.66784
5767.442	0.20847	-2.74034	1.44570	-2.62460
5771.440	-0.00588	-2.70979	0.88324	-2.58548
5775.437	-0.94897	-2.54276	0.02159	-2.42410
5779.396	-1.31166	-2.43098	-0.89225	-2.24179
5783.345	-1.53976	-2.40761	-0.84706	-2.22028
5787.438	-1.60863	-2.36798	-1.16858	-2.18387
5791.437	-1.67496	-2.16841	-1.00040	-2.01639
5795.440	-1.91253	-2.10655	-0.88059	-1.78524
5799.334	-1.93492	-2.05481	-0.67905	-1.63812
5803.437	-1.93162	-2.06803	-0.67707	-1.63511
5807.438	-1.94920	-1.96024	-0.90232	-1.69391
5811.433	-1.94545	-1.94514	-0.80166	-1.62469
5815.337	-2.01003	-1.91959	-0.90480	-1.60620
5819.438	-2.06592	-1.90645	-0.82491	-1.61323
5823.439	-2.12937	-1.91527	-0.91589	-1.60476
5827.438	-2.17014	-1.85408	-0.89103	-1.55695
5831.336	-2.17405	-1.82989	-0.84751	-1.51004
5835.442	-2.19809	-1.81986	-0.87394	-1.55251
5839.439	-2.20436	-1.82648	-0.79538	-1.56136
5843.440	-2.21925	-1.75450	-0.81153	-1.55422
5847.302	-2.21910	-1.80672	-0.78287	-1.60692
5851.440	-2.26383	-1.81256	-0.72367	-1.68713
5855.315	-2.27359	-1.83302	-0.71970	-1.84809
5859.297	-2.26923	-1.84525	-0.68518	-1.74077
5863.305	-2.15522	-1.79749	-0.64461	-1.81932
5867.316	-2.16845	-1.77386	-0.64471	-1.81997
5871.271	-2.09455	-1.84504	-0.62404	-1.90673
5875.316	-2.07675	-1.99518	-0.71168	-1.86554
5879.273	-2.05395	-2.07155	-0.61635	-1.88489
5883.316	-2.09185	-1.96312	-0.60382	-1.87760
5887.317	-1.98249	-2.02720	-0.61017	-1.92048
5891.284	-1.99855	-2.03422	-0.64369	-1.90995
5895.314	-1.95973	-2.06227	-0.67682	-1.86965
5899.313	-1.82862	-2.18850	-0.68729	-1.86908
5903.306	-1.75255	-2.18581	-0.64086	-1.87401
5907.315	-1.89342	-2.21679	-0.74156	-1.84937
5911.306	-1.84912	-2.24920	-0.76823	-1.84397
5915.317	-1.83343	-2.32719	-0.71012	-1.79947
5919.315	-1.88896	-2.31930	-0.68094	-1.83093
5923.317	-1.90862	-2.30767	-0.72226	-1.87517
5927.315	-1.83496	-2.34117	-0.74714	-1.89199
5931.319	-1.83905	-2.34506	-0.77337	-1.92851
5935.318	-1.84066	-2.34225	-0.75193	-1.95046
5939.314	-1.82465	-2.34272	-0.77258	-1.98906
5943.315	-1.85435	-2.30930	-0.82449	-1.91421
5947.316	-1.91124	-2.25674	-0.82525	-1.80597
5951.316	-1.92986	-2.28493	-0.80208	-1.71481
5955.317	-1.93955	-2.31078	-0.80563	-1.61178
5959.314	-1.95111	-2.35824	-0.81997	-1.53890
5963.313	-1.93799	-2.37011	-0.81029	-1.57972
5967.316	-1.86975	-2.38761	-0.78255	-1.44719
5971.313	-1.89178	-2.37588	-0.78342	-1.45946
5975.307	-1.90249	-2.41823	-0.77531	-1.44355
5979.272	-1.91987	-2.45725	-0.80595	-1.40348
5983.304	-1.94682	-2.49073	-0.79290	-1.36952
5987.306	-1.95864	-2.49088	-0.80816	-1.36375
5991.313	-1.94203	-2.51371	-0.82367	-1.37544
5995.321	-1.91499	-2.51641	-0.84885	-1.40101
5999.316	-1.91501	-2.47112	-0.82166	-1.40638
6003.315	-1.94362	-2.43664	-0.83798	-1.40151
6007.311	-1.98774	-2.43013	-0.88175	-1.35824
6011.315	-1.94518	-2.43007	-0.93264	-1.32112
6015.275	-1.90096	-2.42939	-0.94998	-1.25853
6019.317	-1.93006	-2.40000	-0.95050	-1.27202
6023.313	-1.99297	-2.35972	-0.95973	-1.24574
6027.280	-2.03987	-2.30727	-0.94998	-1.18778
6031.317	-2.04941	-2.26235	-0.84414	-1.24414
6035.321	-2.20927	-2.24047	-0.76615	-1.26885
6039.314	-2.26296	-2.18666	-0.80481	-1.26203
6043.273	-2.25950	-2.12029	-0.80702	-1.28399
6047.316	-2.29037	-2.11646	-0.82012	-1.31776
6051.319	-2.22136	-2.05164	-0.78012	-1.36604
6055.314	-2.17752	-1.96732	-0.75692	-1.42197
6059.318	-2.21380	-2.00492	-0.65590	-1.48885
6063.318	-2.25840	-1.98321	-0.62459	-1.49810
6067.299	-2.19373	-2.03860	-0.68838	-1.51414
6071.292	-2.17207	-2.09366	-0.85907	-1.53568
6075.317	-2.14446	-2.15780	-0.82729	-1.50764
6079.318	-2.04366	-2.17793	-0.84054	-1.50341
6083.284	-2.02096	-2.27345	-0.87629	-1.51120
6087.315	-2.09603	-2.35585	-0.98834	-1.52038
6091.317	-2.02165	-2.40762	-0.85314	-1.37320
6095.318	-2.01615	-2.37759	-0.94031	-1.27793
6099.329	-2.00827	-2.44795	-1.04893	-1.26396
6103.275	-1.99947	-2.45679	-1.12501	-1.24659
6107.317	-2.02901	-2.45191	-1.07634	-1.26544
6111.311	-1.99687	-2.51308	-1.12020	-1.32025
6115.317	-2.02703	-2.57773	-1.07924	-1.27517
6119.307	-1.92832	-2.50999	-1.05850	-1.36050
6123.318	-1.95168	-2.52951	-1.04466	-1.30267
6127.318	-1.93611	-2.49538	-0.99881	-1.38759
6131.318	-1.82928	-2.46040	-0.93601	-1.47149
6135.278	-1.76324	-2.48697	-0.92827	-1.44212
6139.318	-1.81205	-2.52924	-0.92133	-1.53231
6143.319	-1.82078	-2.52348	-0.92460	-1.55989
6147.318	-1.86003	-2.56323	-0.89957	-1.58088
6151.276	-1.81637	-2.56359	-0.85282	-1.62256
6155.317	-1.78238	-2.53786	-0.84287	-1.61179
6159.319	-1.68751	-2.49493	-0.75858	-1.61775
6163.319	-1.50720	-2.47008	0.32811	-1.60732
6167.277	-0.07329	-2.48586	0.86478	-1.64591
6171.320	1.24069	-2.51457	1.43739	-1.68453
6175.320	0.74722	-2.62591	1.44351	-1.70684
6179.320	0.61238	-2.78644	1.68436	-1.73746
6183.278	0.61404	-2.78964	1.77414	-1.79606
6187.317	0.27892	-2.89043	1.76480	-1.85091
6191.320	0.48810	-2.98096	1.77496	-1.87407
6195.318	0.47269	-2.96156	1.73118	-1.88523
6199.274	0.65903	-2.99512	1.71037	-1.86863
6203.323	0.57550	-3.05493	1.82242	-1.90191
6207.319	0.61732	-3.09703	1.85242	-1.96325
6211.317	0.62526	-3.13550	1.91348	-1.99595
6215.307	0.62250	-3.14972	1.90961	-2.04532
6219.319	0.61568	-3.13878	1.93120	-2.10301
6223.319	0.58664	-3.17684	1.93425	-2.13968
6227.318	0.65337	-3.19144	1.94801	-2.11310
6231.309	0.65417	-3.19390	1.96199	-2.12541
6235.287	0.62995	-3.15509	1.94481	-2.12285
6239.321	0.60292	-3.20745	1.99605	-2.08088
6243.319	0.45877	-3.32938	2.06984	-2.18942
6247.278	0.51992	-3.41944	2.04042	-2.20752
6251.319	0.52389	-3.40765	1.99570	-2.15798
6255.320	0.48140	-3.50935	1.95946	-2.11552
6259.318	0.48641	-3.46976	1.93608	-2.06079
6263.339	0.49381	-3.51905	1.90703	-2.09433
6267.318	0.52284	-3.51376	1.90797	-2.09247
6271.318	0.46482	-3.32039	1.91816	-2.11185
6275.300	0.42132	-3.13159	1.96933	-2.04393
6279.322	0.36181	-3.23759	2.03273	-2.04913
6283.322	0.33007	-3.10769	2.13854	-2.10551
6287.316	0.36501	-3.02993	2.18595	-2.07767
6291.320	0.37241	-3.00237	2.20357	-2.04239
6295.316	0.38660	-2.91617	2.09985	-2.11601
6299.321	0.47919	-2.88776	2.16186	-2.17781
6303.320	0.45435	-2.87091	2.15430	-2.20016
6307.319	0.56548	-2.82630	2.14952	-2.17114
6311.330	0.50699	-2.77719	2.08553	-2.16401
6315.319	0.59935	-2.79413	2.07611	-2.14049
