time (ms)	lx (deg)	ly (deg)	rx (deg)	ry (deg)
0.000	-1.80687	0.01542	0.02507	0.56455
4.137	-1.84366	0.03286	-0.07890	0.60622
8.124	-1.86709	-0.04495	-0.05698	0.55867
12.092	-1.88172	0.03345	-0.00715	0.56950
15.996	-1.83724	0.06485	-0.09202	0.26581
20.010	-1.78213	0.01679	-0.04249	0.43398
24.138	-1.66212	-0.05959	-0.07430	0.48800
28.012	-1.73606	-0.09637	-0.03065	0.50132
32.010	-1.71008	0.04362	-0.06252	0.52850
36.012	-1.71151	0.01143	-0.00613	0.65487
40.015	-1.75495	0.08162	-0.10463	0.48798
44.017	-1.77350	0.00651	-0.12126	0.46246
48.007	-1.70891	0.05690	-0.19127	0.47649
52.008	-1.68635	0.12869	-0.15161	0.48720
56.012	-1.71022	0.12563	-0.22862	0.66384
60.011	-1.75081	0.13907	-0.22472	0.66948
64.008	-1.64489	0.28860	-0.27766	0.80125
68.012	-1.74878	0.78770	-0.29622	0.92124
71.966	-1.52913	1.63613	-0.21321	1.14673
75.968	-1.60352	0.93306	-0.05184	1.14033
80.036	-1.21340	1.31650	-0.34474	1.34380
84.013	-1.36546	8.99994	-0.23333	4.21012
88.011	4.72221	7.70062	3.52952	5.21826
92.010	NaN	NaN	-0.39050	1.55859
96.003	NaN	NaN	NaN	NaN
100.003	NaN	NaN	NaN	NaN
104.013	NaN	NaN	NaN	NaN
108.009	NaN	NaN	NaN	NaN
112.011	NaN	NaN	NaN	NaN
116.008	NaN	NaN	NaN	NaN
120.008	NaN	NaN	NaN	NaN
123.969	NaN	NaN	NaN	NaN
128.011	NaN	NaN	NaN	NaN
132.010	NaN	NaN	NaN	NaN
136.009	NaN	NaN	NaN	NaN
139.967	NaN	NaN	NaN	NaN
144.017	NaN	NaN	NaN	NaN
148.014	1.21459	5.87441	12.19775	6.12840
152.009	NaN	NaN	1.86050	12.87151
156.012	-4.34085	10.41025	-1.03513	4.92944
160.014	-2.32558	5.17330	-0.53488	2.55554
164.013	-0.29535	8.31190	-0.74754	1.87521
168.033	-0.45237	2.63805	-0.21316	0.74881
172.012	0.16422	0.08928	0.86391	-0.10403
176.014	0.21748	0.11048	1.02307	-0.38706
180.012	-0.33784	0.02547	1.06895	-0.08435
184.035	-0.32213	0.07820	1.29940	1.28120
188.014	0.00002	0.12497	0.67985	1.68365
192.016	0.22140	0.23087	1.15039	1.68953
196.014	0.37779	0.10966	1.17989	0.24960
200.038	-0.19710	0.20177	1.23856	0.07068
204.016	-0.34186	0.26829	1.17324	0.15045
208.017	-0.56597	0.32799	1.18870	0.20208
212.015	-0.90875	0.31524	1.23692	0.88127
216.004	-0.78637	0.30561	1.28281	0.90605
220.015	-0.90875	0.24575	1.31630	0.75751
224.016	-0.62952	0.29665	1.30136	0.21638
228.015	-0.36583	0.26026	1.31501	0.31508
232.036	-0.59960	0.17828	1.31441	0.11040
236.014	-0.62141	0.15358	1.25364	0.15274
240.018	-0.73804	0.15582	1.25270	0.26992
244.014	-0.73494	0.18680	1.24937	0.37873
248.012	-0.98913	0.16848	1.29214	0.56848
252.014	-0.76799	0.15398	1.32418	0.60283
256.013	-0.72642	0.14131	1.36863	0.52122
260.017	-0.68109	0.13413	1.37119	0.63809
264.046	-0.69548	0.16772	1.37047	0.57073
268.013	-0.68667	0.16581	1.41844	0.47874
271.969	-0.72610	0.14498	1.42635	0.12103
276.013	-0.71327	0.14769	1.42486	-0.10856
279.973	-0.70377	0.11966	1.45383	0.11655
284.013	-0.67069	0.13256	1.43424	0.09524
288.011	-0.52751	0.10856	1.44736	0.36546
292.015	-0.42708	0.09805	1.40643	0.33499
296.035	-0.38591	0.04440	1.44069	0.40337
300.016	-0.37402	0.03029	1.41551	0.44187
304.008	-0.43482	-0.00442	1.43458	0.39353
308.004	-0.30975	-0.01874	1.43543	0.42227
312.011	-0.33652	-0.06297	1.40269	0.48624
316.013	-0.25870	-0.03151	1.42756	0.53994
320.012	-0.22512	-0.00944	1.43334	0.52685
324.015	-0.22430	-0.00467	1.43106	0.58668
328.036	-0.16600	0.06031	1.43052	0.63882
332.022	-0.22170	0.02214	1.37156	0.64639
336.015	-0.21549	0.00586	1.37104	0.62977
340.019	-0.28146	0.03988	1.30464	0.64514
344.037	-0.32382	0.06488	1.26532	0.58635
347.986	-0.31133	0.07624	1.20837	0.51023
352.018	-0.38782	0.08578	1.11660	0.44968
355.972	-0.55756	0.11860	1.00119	0.30967
360.014	-0.73883	0.12834	0.96941	0.27437
364.013	-0.64565	0.15189	0.90096	0.14145
368.015	-0.69833	0.19664	0.99884	0.08579
371.970	-0.80307	0.17276	1.18287	0.00805
376.010	-0.79258	0.19129	1.23940	-0.09281
380.015	-0.83649	0.22404	1.34137	0.03269
384.015	-0.84508	0.24814	1.21879	0.12715
388.000	-0.84314	0.26777	1.00930	0.09401
391.972	-0.84230	0.28988	0.82806	0.14565
395.971	-0.80109	0.29895	0.74176	0.04726
400.015	-0.75486	0.29215	0.79297	0.20732
404.015	-0.75419	0.25741	0.67796	0.09842
408.013	-0.79630	0.19137	0.57406	0.03260
412.019	-0.80717	0.18923	0.97546	0.00957
416.016	-0.80089	0.24437	0.82798	-0.06860
420.015	-0.82367	0.20165	0.81342	-0.00644
424.009	-0.77990	0.18871	0.84297	0.36680
428.019	-0.78372	0.17937	0.84369	0.18006
431.979	-0.75578	0.14610	0.97092	0.21027
436.017	-0.73987	0.12993	1.04942	0.10129
440.015	-0.75394	0.10779	1.17056	0.14959
444.018	-0.77062	0.08219	1.09147	-0.00338
448.016	-0.76484	0.09514	0.97291	0.03851
452.018	-0.73717	0.14777	1.05505	0.12485
456.041	-0.72744	0.10016	0.94691	0.14979
460.011	-0.63915	0.04256	0.97866	0.19911
464.016	-0.57637	0.07420	0.85987	0.16297
468.018	-0.58759	0.10165	0.94755	0.13526
472.014	-0.60357	0.09842	0.84161	0.16083
476.018	-0.64292	0.13199	0.93113	0.11591
480.016	-0.67709	0.14093	0.83900	0.07829
484.017	-0.65362	0.08557	0.88168	0.05809
487.975	-0.66012	0.00293	1.00032	0.14062
492.015	-0.71940	-0.02134	0.94485	0.18070
495.972	-0.78233	0.06122	0.92319	0.17191
500.016	-0.74905	0.09193	0.97797	0.15891
504.014	-0.83329	0.15797	1.02305	0.18249
508.018	-0.91128	0.12756	1.16580	0.21686
512.018	-0.90731	0.12341	0.99611	0.19923
516.019	-0.87823	0.14356	1.02377	0.15275
520.015	-0.83550	0.13134	1.05793	0.13205
524.011	-0.74722	0.12824	0.99407	0.15533
528.016	-0.79426	0.19897	0.81478	0.04587
532.016	-0.81910	0.18650	0.86535	0.08597
536.021	-0.85883	0.22384	0.79250	0.04182
540.017	-0.90388	0.16359	0.80885	0.09226
544.017	-0.75124	0.12222	0.73037	0.11979
548.016	-0.78359	0.08522	0.75062	0.13271
552.010	-0.81208	0.12125	0.89153	0.25897
556.022	-0.89800	0.03712	0.80161	0.06249
560.017	-0.90493	0.07424	0.77811	0.13954
564.017	-0.88729	0.15752	0.76397	0.18926
568.018	-0.90847	0.10701	0.69352	0.08721
571.972	-0.94693	0.00480	0.76369	0.16635
575.972	-0.90230	0.07364	0.75079	0.16461
579.974	-0.88714	0.06423	0.81104	0.29078
584.009	-0.81645	0.03913	0.69776	0.16044
588.018	-0.80235	0.16493	0.72791	0.15905
592.019	-0.93100	0.13454	0.66424	0.18439
595.999	-0.86431	0.18918	0.61650	0.17600
600.012	-0.81602	0.14841	0.60518	0.24721
604.014	-0.83875	0.10187	0.59833	0.13865
608.018	-0.81754	0.04992	0.59734	0.15100
612.019	-0.90321	-0.01056	0.57801	0.24597
615.977	-0.87332	-0.04077	0.56153	0.17930
620.018	-0.80404	0.01091	0.55478	0.12317
624.020	-0.84942	-0.06408	0.50858	0.13545
628.018	-0.90612	0.00480	0.56682	0.09691
632.011	-0.79089	0.03580	0.57099	0.07775
636.019	-0.77340	0.05205	0.61729	0.07529
639.975	-0.77675	0.00343	0.70275	0.18683
644.020	-0.74729	0.10853	0.67868	0.06614
648.010	-0.69910	-0.08361	0.73206	0.22482
652.018	-0.65928	0.08075	0.69821	0.00842
656.024	-0.64786	0.18221	0.71255	0.02231
660.015	-0.61094	0.19692	0.64064	0.04299
664.015	-0.58848	0.19192	0.70432	-0.01814
668.017	-0.68533	0.27476	0.77024	0.03059
671.973	-0.66627	0.28445	0.78595	0.10664
676.017	-0.66697	0.20477	0.78424	-0.00867
679.978	-0.72630	0.17512	0.76057	0.19194
684.018	-0.73283	0.09469	0.68178	0.18872
688.019	-0.67866	-0.05047	0.83597	0.12339
692.021	-0.71141	0.03548	0.86056	0.17171
695.913	-0.78260	0.09298	0.79196	0.09007
700.033	-0.76856	-0.05558	0.77082	0.13740
703.975	-0.75665	-0.01364	0.74632	0.17681
708.017	-0.81109	-0.05660	0.73250	0.31908
712.024	-0.72034	-0.05355	0.67469	0.49058
716.019	-0.69531	-0.13398	0.56893	0.24699
720.012	-0.69188	-0.13263	0.53505	0.41135
724.020	-0.66198	-0.12046	0.50696	0.40450
728.021	-0.67208	-0.12101	0.49510	0.37118
732.019	-0.66816	-0.10458	0.55888	0.20845
736.020	-0.66804	-0.09370	0.51778	0.17915
740.022	-0.61449	-0.10024	0.54617	0.16633
744.025	-0.60392	-0.07713	0.57463	0.16119
748.019	-0.63471	-0.10158	0.58947	0.11671
752.019	-0.58123	-0.06443	0.61012	0.03836
756.022	-0.63811	-0.06853	0.61248	-0.01931
760.025	-0.60583	-0.04873	0.61548	-0.02778
763.990	-0.58707	-0.05459	0.60952	-0.06361
768.018	-0.60533	-0.06070	0.61273	-0.10108
771.975	-0.64764	-0.04833	0.57689	-0.12866
775.914	-0.65694	-0.05675	0.52374	-0.08829
779.976	-0.68302	-0.03094	0.51738	-0.09291
784.020	-0.73965	-0.03921	0.53451	-0.09584
788.020	-0.78568	-0.03630	0.52411	-0.08105
791.979	-0.85404	-0.03792	0.53825	-0.05519
796.020	-0.90488	-0.05449	0.49009	-0.07561
800.018	-0.85394	-0.06159	0.47021	-0.08332
804.008	-0.89413	-0.11198	0.43753	-0.13381
807.888	-0.91808	-0.19370	0.38693	-0.40495
812.017	-1.01367	-0.49876	0.32635	-0.55950
816.020	-1.07681	-1.21033	0.32022	-0.89535
820.019	-1.06515	-1.24739	0.34814	-0.84363
823.980	-1.06999	-1.39034	0.25726	-0.83660
828.020	-1.14208	-1.36123	0.25676	-1.03517
832.009	-1.17741	-1.34140	0.14940	-1.01351
836.017	-1.12496	-1.49407	0.12208	-1.09884
839.886	-1.12437	-1.47059	0.06068	-1.07217
844.026	-1.12856	-1.47764	0.03120	-1.17942
848.020	-1.13246	-1.59439	0.00591	-1.22008
852.019	-1.08053	-1.67940	-0.04552	-1.27477
855.882	-0.99697	-1.68808	0.01531	-1.35097
860.021	-0.73263	-1.62261	-0.03447	-1.33692
864.020	-0.91289	-1.66359	0.03948	-1.34365
868.021	-1.02570	-1.49263	-0.01005	-1.35601
872.012	-1.11075	-1.53254	0.04135	-1.25622
876.024	-1.02332	-1.58795	0.05085	-1.24040
880.021	-0.98268	-1.57426	0.01705	-1.35370
884.022	-1.00588	-1.59056	-0.01303	-1.34824
888.002	-0.92249	-1.55753	-0.02216	-1.38331
891.977	-0.82997	-1.57100	-0.00680	-1.45282
896.022	-0.83751	-1.48529	0.10629	-1.47889
900.020	-0.83255	-1.51682	0.20293	-1.38300
904.025	-1.00137	-1.60692	0.12860	-1.36545
908.020	-0.94376	-1.56725	0.01549	-1.37340
912.022	-0.89530	-1.57460	0.10019	-1.42667
916.031	-0.85590	-1.60990	0.05125	-1.39125
919.917	-0.90885	-1.61000	-0.04658	-1.45309
924.021	-0.93904	-1.58195	-0.09021	-1.47762
928.023	-0.88498	-1.54218	-0.01777	-1.48083
932.011	-0.92048	-1.56429	-0.03901	-1.49685
935.880	-0.96725	-1.56935	0.07187	-1.43292
940.022	-1.10685	-1.61124	0.10126	-1.37576
944.025	-1.09495	-1.60007	-0.01640	-1.35671
948.021	-1.03982	-1.55154	-0.05728	-1.36053
952.025	-1.06704	-1.52784	0.01484	-1.36486
956.022	-1.02841	-1.49852	0.03532	-1.31717
960.023	-1.02407	-1.46602	0.01931	-1.28081
964.024	-1.08118	-1.45184	0.01633	-1.27473
967.922	-1.02945	-1.38887	0.03869	-1.22473
971.992	-1.03833	-1.38663	0.04646	-1.20662
976.026	-1.13774	-1.42023	0.12789	-1.11876
980.024	-1.17044	-1.48914	0.12501	-1.15962
983.915	-1.21214	-1.56776	-0.53210	-1.16082
988.022	-1.41913	-1.84424	-1.53830	-1.35967
992.024	-2.44100	-1.98020	-1.60615	-1.89786
996.024	-2.47947	-2.09549	-1.76088	-1.89006
999.920	-2.60089	-2.41539	-2.04042	-2.12246
1004.020	-3.24264	-2.84859	-2.37471	-2.41593
1008.024	-3.17715	-2.92300	-2.33172	-2.86801
1012.007	-2.97624	-3.14008	-2.30137	-3.07803
1015.883	-3.27262	-3.21878	-2.33732	-2.82921
1020.019	-3.16582	-3.47897	-2.28797	-2.67999
1024.024	-3.11596	-3.53596	-2.27520	-2.84360
1028.021	-3.24234	-3.44793	-2.30818	-3.10262
1031.917	-3.24645	-3.45173	-2.29701	-3.04640
1036.023	-3.32877	-3.52823	-2.37644	-2.94942
1040.023	-3.29493	-3.74556	-2.44556	-3.05919
1044.025	-3.34086	-3.78780	-2.28774	-3.15384
1047.919	-3.36290	-3.81155	-2.33383	-3.20982
1052.022	-3.36060	-3.87468	-2.27394	-3.31705
1056.025	-3.42646	-3.83695	-2.28120	-3.16831
1059.876	-3.37794	-3.78160	-2.25216	-3.19805
1063.896	-3.43588	-3.81200	-2.24351	-3.16611
1067.855	-3.39535	-3.79831	-2.23514	-3.19787
1071.854	-3.31875	-3.84163	-2.20404	-3.17905
1075.854	-3.36025	-3.91949	-2.18255	-3.18610
1079.856	-3.32528	-3.97309	-2.11685	-3.18215
1083.899	-3.43783	-3.96446	-2.08900	-3.21399
1087.900	-3.45957	-3.94978	-2.14860	-3.23959
1091.900	-3.45620	-3.92382	-2.12902	-3.21530
1095.896	-3.47003	-3.92712	-2.13276	-3.22304
1099.885	-3.48620	-3.96746	-2.10808	-3.24150
1103.855	-3.47779	-4.04320	-2.13036	-3.29240
1107.900	-3.50148	-4.06778	-2.07229	-3.39936
1111.897	-3.52915	-4.07471	-2.07911	-3.46971
1115.898	-3.58675	-4.06832	-2.07727	-3.54084
1119.899	-3.56707	-4.10031	-2.10342	-3.58689
1123.901	-3.61110	-4.09638	-2.15239	-3.57214
1127.858	-3.57068	-4.07389	-2.20191	-3.55881
1131.898	-3.54344	-4.05982	-2.24227	-3.50637
1135.898	-3.55701	-4.08133	-2.27729	-3.49877
1139.854	-3.53439	-4.00823	-2.21593	-3.49575
1143.925	-3.34173	-3.95349	-2.02071	-3.40815
1147.902	-1.62708	-2.73946	-1.29787	-2.78080
1151.898	-0.28947	-0.45189	0.54168	0.24773
1155.898	0.46348	0.59964	1.50123	1.31267
1159.885	1.21266	2.61426	2.82088	3.30713
1163.899	1.97250	4.25482	3.17708	4.83312
1167.899	3.78884	5.75045	4.59009	6.45582
1171.896	4.17018	6.75794	5.28529	8.28263
1175.886	4.42760	7.23282	5.47776	8.59157
1179.897	4.58917	8.26315	6.08028	9.65456
1183.880	4.57194	8.88474	6.22387	10.36195
1187.893	4.69001	9.18104	6.50312	10.63925
1191.858	4.72265	9.23945	6.63465	10.63905
1195.899	4.66869	9.32152	6.60815	10.13695
1199.857	4.79319	9.40181	6.68577	10.51806
1203.901	4.84442	9.57250	6.64109	10.47119
1207.927	4.84745	9.50609	6.73395	10.48538
1211.902	4.87185	9.48463	6.81529	10.53255
1215.902	4.91270	9.48765	6.84037	10.61009
1219.901	4.95524	9.43563	6.86706	10.65467
1223.886	4.99918	9.49361	6.92078	10.66645
1227.894	4.98265	9.46116	6.97003	10.68425
1231.898	4.98608	9.47335	6.95188	10.67829
1235.898	4.99832	9.34353	7.01639	10.73843
1239.858	5.01908	9.30245	7.02215	10.76955
1243.899	5.00302	9.25397	7.00751	10.78217
1247.901	4.97120	9.25154	7.05310	10.80676
1251.900	4.97820	9.21259	7.03022	10.80505
1255.859	4.96948	9.18987	7.01653	10.84050
1259.907	4.93260	9.18784	6.99490	10.66945
1263.900	4.87958	9.16307	6.96524	10.54963
1267.878	4.85322	9.14062	6.94981	10.55392
1271.858	4.79159	9.14491	6.92168	10.57986
1275.901	4.78733	9.21893	6.92973	10.48125
1279.899	4.72075	9.29860	6.88008	10.54536
1283.902	4.65222	9.37922	6.85048	10.49475
1287.897	4.66655	9.36714	6.82970	10.30009
1291.902	4.61267	9.36806	6.84994	10.28999
1295.899	4.57630	9.40718	6.83991	10.29486
1299.898	4.53112	9.38748	6.81818	10.27219
1303.902	4.57684	9.42255	6.78728	10.30948
1307.894	4.64640	9.54193	6.84211	10.31941
1311.888	4.81377	9.54181	6.83164	10.31853
1315.901	4.90508	9.57112	6.81989	10.35119
1319.924	4.96142	9.56589	6.80301	10.35097
1323.862	5.01711	9.57819	6.76182	10.37626
1327.902	5.07668	9.54365	6.76283	10.37837
1331.903	5.13107	9.53809	6.75945	10.39926
1335.860	5.21976	9.52304	6.75152	10.42530
1339.902	5.22409	9.50598	6.75321	10.40898
1343.899	5.23037	9.50919	6.78693	10.50215
1347.902	5.25003	9.52227	6.81703	10.50790
1351.899	5.23430	9.48951	6.80352	10.52472
1355.902	5.19091	9.47349	6.78179	10.52108
1359.902	5.15527	9.46068	6.78701	10.54959
1363.902	5.13038	9.42819	6.77859	10.51626
1367.900	5.13954	9.44282	6.78838	10.45175
1371.856	5.11755	9.54518	6.77543	10.39391
1375.899	5.11117	9.62396	6.78493	10.33389
1379.903	5.10623	9.64299	6.76048	10.28394
1383.894	5.10566	9.72349	6.78113	10.27536
1387.903	5.11529	9.71746	6.77093	10.19291
1391.857	5.10689	9.68058	6.76753	10.12841
1395.896	5.11639	9.69032	6.75519	10.14131
1399.899	5.14695	9.69518	6.79300	10.10366
1403.901	5.15406	9.65464	6.79723	10.09121
1407.900	5.16342	9.67290	6.80125	10.14108
1411.904	5.14773	9.54387	6.81586	10.35478
1415.902	5.13424	9.54589	6.85515	10.30053
1419.902	5.09884	9.44575	6.88426	10.24051
1423.903	5.07328	9.38042	6.89634	10.25425
1427.905	5.05065	9.32780	6.89960	10.30790
1431.894	5.00263	9.30237	6.90911	10.25222
1435.903	5.00280	9.33170	6.92413	10.33340
1439.903	4.88298	9.44610	6.90547	10.39954
1443.903	4.78765	9.43953	6.87917	10.45568
1447.898	4.67806	9.42543	6.88536	10.56387
1451.901	4.75156	9.54774	6.86797	10.57319
1455.903	4.73522	9.56316	6.86569	10.56246
1459.904	4.74538	9.61883	6.85943	10.62276
1463.929	4.74380	9.75058	6.85610	10.79014
1467.911	4.69968	9.78664	6.79963	10.61312
1471.903	4.65190	9.79283	6.80440	10.56037
1475.883	4.59184	9.45594	6.72474	10.45873
1479.870	4.56491	7.80648	6.66242	9.39463
1483.904	4.58732	7.40431	6.57553	8.60521
1487.902	4.54742	7.07638	6.54563	8.46562
1491.906	4.65905	7.56869	6.50320	8.53404
1495.900	4.61768	7.46807	6.47877	8.52460
1499.902	4.58572	7.61794	6.51150	8.47413
1503.903	4.49319	7.43225	6.37288	8.29840
1507.905	4.43853	7.43017	6.30639	8.34436
1511.927	4.38117	7.26801	6.32353	8.28335
1515.890	4.36602	7.37667	6.32142	8.31298
1519.891	4.36118	7.27900	6.36040	8.31587
1523.905	4.28668	7.29790	6.34844	8.31407
1527.925	4.25749	7.40881	6.45334	8.33045
1531.905	4.23865	7.41630	6.46226	8.31121
1535.902	4.16551	7.38847	6.44478	8.28296
1539.905	4.12399	7.36204	6.47321	8.26693
1543.906	4.07685	7.37988	6.44684	8.24044
1547.907	4.06399	7.37661	6.50496	8.25575
1551.908	4.04540	7.37568	6.55538	8.24872
1555.903	4.04480	7.42980	6.57676	8.24506
1559.907	4.01475	7.38227	6.58883	8.22353
1563.902	4.00581	7.42206	6.59794	8.29141
1567.904	4.01467	7.42064	6.62255	8.31921
1571.859	4.00606	7.38690	6.62510	8.35860
1575.861	4.01855	7.34042	6.59390	8.31222
1579.860	4.02144	7.27852	6.62302	8.40321
1583.904	4.02586	7.20281	6.61134	8.37843
1587.903	4.06525	7.17033	6.59946	8.39750
1591.862	4.10997	7.10701	6.60105	8.36623
1595.907	4.15796	7.06885	6.56321	8.32437
1599.903	4.20649	7.01481	6.52838	8.29664
1603.878	4.22760	6.95131	6.51148	8.42635
1607.893	4.21980	7.00414	6.47605	8.36812
1611.905	4.13917	7.12510	6.42623	8.32787
1615.905	4.16058	7.12864	6.32429	8.26616
1619.862	4.14762	7.42868	6.25679	8.27179
1623.864	4.19795	7.56904	6.26787	8.32737
1627.906	4.21111	7.70585	6.26642	8.28869
1631.904	4.17885	7.68857	6.39187	8.31108
1635.906	4.19116	7.83521	6.38636	8.25487
1639.864	4.17638	7.99405	6.45657	8.30538
1643.862	4.19151	8.06487	6.39810	8.44013
1647.907	4.19087	8.07171	6.48762	8.44929
1651.904	4.22454	8.07819	6.42060	8.49445
1655.899	4.28984	8.14522	6.45637	8.53028
1659.906	4.34929	8.17992	6.54384	8.59723
1663.905	4.39254	8.22125	6.56929	8.57665
1667.902	4.41961	8.21811	6.60585	8.58867
1671.902	4.42266	8.23563	6.57835	8.61103
1675.910	4.38746	8.24739	6.53593	8.67089
1679.906	4.36103	8.22047	6.50038	8.68849
1683.882	4.39047	8.21850	6.48431	8.59394
1687.897	4.33577	8.19023	6.50589	8.57333
1691.907	4.20200	8.10871	6.45770	8.50693
1695.906	4.15120	8.09886	6.45468	8.46297
1699.907	4.08261	7.97853	6.38393	8.45490
1703.912	3.99487	8.03587	6.37280	8.43380
1707.905	3.94406	7.96267	6.35160	8.33233
1711.907	4.01969	7.81858	6.28933	8.23323
1715.906	4.07122	7.64071	6.29376	8.22827
1719.904	4.17791	7.73657	6.26721	8.12436
1723.863	4.20005	7.70352	6.27273	8.11079
1727.893	4.22486	7.73993	6.29636	8.16668
1731.906	4.21925	7.69677	6.27687	8.21332
1735.909	4.23330	7.82983	6.30676	8.22159
1739.908	4.22663	7.88101	6.30274	8.20503
1743.906	4.35558	7.89973	6.29597	8.18873
1747.911	4.17976	7.81134	6.34270	8.14797
1751.910	4.18166	7.87502	6.32556	8.21677
1755.908	4.01900	7.86605	6.33025	8.29540
1759.906	4.09747	7.87368	6.32740	8.23871
1763.904	4.05569	7.90682	6.37422	8.25495
1767.908	4.03717	7.77739	6.36351	8.21049
1771.863	4.02156	7.66966	6.39714	8.20802
1775.905	4.04495	7.46526	6.39827	8.22750
1779.904	4.02144	7.35261	6.40295	8.21598
1783.909	4.08313	7.56652	6.40653	8.18148
1787.905	4.02161	7.46942	6.40820	8.22884
1791.909	4.15085	7.55721	6.38800	8.22812
1795.907	4.11676	7.73412	6.39337	8.25150
1799.910	4.21925	7.76334	6.41369	8.26648
1803.909	4.03979	7.56237	5.90239	8.13983
1807.888	3.50919	7.43619	5.42774	8.05565
1811.908	2.84484	7.50265	4.60883	7.72858
1815.901	2.76807	7.11997	3.93176	7.49669
1819.906	2.35610	6.61391	4.06421	7.23483
1823.863	2.13589	6.08990	4.06414	7.05226
1827.907	2.41878	6.41029	4.14107	6.85139
1831.805	2.32389	6.12738	4.19417	6.75859
1835.906	2.28348	6.18923	4.22533	6.67629
1839.912	2.28675	6.01028	4.20913	6.70767
1843.907	2.19328	6.09554	4.14690	6.57625
1847.805	2.13437	5.86949	4.09325	6.60771
1851.907	2.09799	6.03608	3.96903	6.56573
1855.909	2.04230	6.16163	3.85679	6.54308
1859.908	2.00197	6.10434	3.73149	6.46263
1863.802	2.04676	5.98214	3.75395	6.37491
1867.908	2.02646	5.91908	3.99828	6.39595
1871.906	1.99872	6.14996	3.74120	6.28824
1875.909	1.98403	6.20014	3.76136	6.33719
1879.911	1.98569	6.11783	3.91842	6.28901
1883.910	2.06074	6.06699	3.90741	6.34507
1887.907	1.76257	5.17718	3.93492	6.32398
1891.864	1.95934	5.97899	3.95649	6.38501
1895.777	2.10506	5.90102	3.89829	6.32675
1899.907	2.05744	5.75934	4.03438	6.43273
1903.908	2.08748	5.79114	4.06256	6.53323
1907.909	2.11670	5.90221	4.13947	6.60623
1911.867	2.18109	6.05646	4.16048	6.69046
1915.906	2.11549	5.96594	4.18714	6.81820
1919.909	2.08290	5.90954	4.23335	6.93549
1923.909	2.10937	5.94390	4.21649	7.04291
1927.868	2.04921	6.00360	4.24359	6.97737
1931.897	2.07492	6.01139	4.25665	7.01241
1935.909	2.10560	6.03792	4.21469	6.99364
1939.908	2.05638	5.95430	4.23740	7.08380
1943.770	2.07534	6.04975	4.16406	7.04324
1947.908	2.10503	6.09854	4.25455	7.07603
1951.910	2.13083	6.05160	4.20101	7.02870
1955.910	2.21796	6.05530	4.19489	6.96835
1959.869	2.16607	6.04895	4.15796	6.90921
1963.909	2.35313	6.11525	4.14414	6.83162
1967.909	2.37823	6.06474	4.11750	6.76789
1971.911	2.28569	5.96401	4.16166	6.77336
1975.777	2.26601	5.99189	4.18072	6.80646
1979.909	2.35479	6.04122	4.18558	6.79811
1983.910	2.36869	6.03200	3.60474	6.39456
1987.909	2.03645	4.63356	2.96923	5.86074
1991.771	1.36166	3.62254	0.09939	4.20975
1995.908	-0.09458	1.00880	-0.21169	0.92723
1999.909	-1.32098	-0.35780	-0.38663	-1.20555
2003.908	-1.58391	-1.17607	-0.45314	-1.22732
2007.869	-1.66066	-1.61503	-0.71126	-1.40572
2011.909	-2.44415	-2.90774	-1.15034	-3.12012
2015.890	-2.74170	-3.36687	-1.50914	-3.21868
2019.912	-3.31108	-3.86163	-1.49569	-3.62527
2023.773	-3.14108	-4.32715	-3.04600	-4.04621
2027.910	-3.53963	-4.73136	-3.72254	-5.06998
2031.910	-4.55280	-4.85533	-3.88987	-5.12297
2035.907	-4.77283	-5.47722	-3.89550	-5.61698
2039.769	-5.31755	-5.84265	-3.83542	-6.26277
2043.910	-5.15342	-5.93013	-4.02813	-6.27005
2047.911	-5.30847	-6.06085	-3.97360	-6.33292
2051.912	-5.41468	-6.19197	-3.78649	-6.44046
2055.771	-5.36019	-6.06680	-3.76250	-6.42500
2059.904	-5.48587	-6.10644	-3.94451	-6.36282
2063.911	-5.56873	-6.08544	-3.95881	-6.32664
2067.911	-5.50537	-6.17593	-4.04073	-6.24936
2071.769	-5.53377	-6.23508	-4.12537	-6.35142
2075.908	-5.59914	-6.19028	-4.04609	-6.36348
2079.908	-5.64081	-6.19588	-4.03453	-6.38884
2083.921	-5.69566	-6.09498	-4.03391	-6.33478
2087.782	-5.71893	-6.08975	-3.98892	-6.35109
2091.913	-5.63800	-6.16650	-3.91094	-6.35612
2095.785	-5.63763	-6.11524	-3.96642	-6.34622
2099.786	-5.60140	-6.10819	-3.89451	-6.35502
2103.738	-5.59629	-6.14589	-3.87188	-6.46575
2107.787	-5.57259	-6.06853	-3.84802	-6.50769
2111.785	-5.59423	-6.08645	-3.81741	-6.53839
2115.785	-5.52964	-5.99612	-3.76492	-6.62015
2119.782	-5.51907	-5.99599	-3.74871	-6.65851
2123.742	-5.52165	-6.00971	-3.73203	-6.65518
2127.786	-5.49495	-6.02006	-3.75753	-6.68681
2131.787	-5.46116	-5.99556	-3.75833	-6.69415
2135.782	-5.46866	-5.94494	-3.80433	-6.62379
2139.785	-5.43339	-5.87837	-3.79208	-6.63474
2143.785	-5.37305	-5.89119	-3.86119	-6.59057
2147.750	-5.42112	-5.84123	-3.95839	-6.48310
2151.783	-5.40904	-5.82886	-3.97138	-6.48523
2155.786	-5.43575	-5.83404	-3.98000	-6.41440
2159.788	-5.48902	-5.84459	-3.98973	-6.39055
2163.785	-5.44254	-5.87823	-3.99805	-6.37193
2167.776	-5.42129	-5.89339	-3.96948	-6.38581
2171.786	-5.42503	-5.89502	-3.94977	-6.51097
2175.785	-5.32648	-5.93313	-3.93883	-6.42764
2179.783	-5.25987	-5.96328	-3.85293	-6.60394
2183.772	-5.45668	-6.00596	-3.85553	-6.70893
2187.792	-5.45157	-6.03605	-3.83821	-6.77831
2191.789	-5.48405	-6.06745	-3.85447	-6.83066
2195.787	-5.57377	-6.08363	-3.84535	-6.91067
2199.780	-5.56278	-6.09497	-3.82773	-6.88628
2203.787	-5.49502	-6.09047	-3.84137	-6.94110
2207.786	-5.55283	-6.16708	-3.88073	-6.94784
2211.789	-5.53028	-6.19244	-3.91489	-6.90916
2215.806	-5.39438	-6.17021	-3.92529	-6.79766
2219.786	-5.47513	-6.20910	-3.92596	-6.75752
2223.788	-5.64658	-6.21292	-3.94784	-6.65965
2227.783	-5.58803	-6.18394	-3.88858	-6.45463
2231.779	-5.57009	-6.12377	-3.95345	-6.31191
2235.784	-5.51811	-6.14626	-3.81335	-6.13614
2239.789	-5.47508	-6.17868	-3.83979	-6.02902
2243.787	-5.47333	-6.16873	-3.78286	-6.18635
2247.784	-5.52790	-6.15733	-3.53889	-6.10665
2251.790	-5.47690	-6.10117	-3.71310	-6.06645
2255.789	-5.44724	-6.08360	-3.68836	-5.87915
2259.787	-5.50555	-6.07344	-3.65393	-5.88985
2263.786	-5.53249	-6.03526	-3.61987	-5.89991
2267.787	-5.52593	-6.00079	-3.54408	-5.90695
2271.743	-5.50734	-6.00983	-3.57815	-5.91885
2275.786	-5.50970	-5.99518	-3.46704	-5.95933
2279.809	-5.51044	-5.95568	-3.53580	-5.98961
2283.788	-5.53960	-5.93085	-3.31467	-6.06765
2287.790	-5.53916	-5.93819	-3.35177	-6.03190
2291.788	-5.51855	-5.97703	-3.42787	-6.01635
2295.783	-5.61947	-5.99235	-3.38197	-5.99457
2299.784	-5.58867	-6.02011	-3.35451	-6.07508
2303.789	-5.60443	-6.10170	-3.32723	-6.10827
2307.786	-5.61431	-6.15377	-3.30158	-6.12976
2311.807	-5.54580	-6.19023	-3.33057	-6.15416
2315.788	-5.56950	-6.26802	-3.31353	-6.18452
2319.790	-5.57557	-6.26114	-3.40294	-6.19470
2323.787	-5.62080	-6.28668	-3.43773	-6.22982
2327.745	-5.60816	-6.25551	-3.50118	-6.24845
2331.772	-5.62424	-6.25348	-3.56400	-6.28940
2335.791	-5.65039	-6.18145	-3.64387	-6.32969
2339.786	-5.60831	-6.17293	-3.74456	-6.34784
2343.812	-5.16172	-6.24256	-3.80404	-6.35064
2347.788	-5.53704	-6.24702	-3.94611	-6.37840
2351.795	-5.35864	-6.21253	-3.99951	-6.38397
2355.752	-5.57272	-6.17266	-4.10629	-6.38964
2359.781	-5.66032	-6.13913	-4.13562	-6.35362
2363.787	-5.33620	-6.15040	-4.01705	-6.41372
2367.792	-5.41367	-6.10944	-4.03478	-6.42499
2371.744	-5.33696	-6.15827	-4.01880	-6.41787
2375.786	-5.38658	-6.16039	-3.91062	-6.51284
2379.788	-5.43669	-6.17311	-3.86190	-6.51926
2383.792	-5.42014	-6.15098	-3.85385	-6.56031
2387.788	-5.36130	-6.11887	-3.89347	-6.58990
2391.795	-5.29204	-6.14064	-3.89073	-6.59868
2395.788	-5.34390	-6.12396	-3.84330	-6.57292
2399.778	-5.29735	-6.21718	-3.88937	-6.60151
2403.787	-5.24417	-6.22241	-3.85973	-6.60156
2407.779	-5.28898	-6.29152	-3.91385	-6.56838
2411.789	-5.26408	-6.29801	-3.99099	-6.49433
2415.792	-5.26300	-6.29391	-3.98074	-6.47759
2419.789	-5.26356	-6.30984	-4.01774	-6.42852
2423.779	-5.28143	-6.35481	-4.09831	-6.36185
2427.789	-5.22756	-6.39458	-4.13073	-6.24156
2431.791	-5.29723	-6.46250	-4.07676	-6.21339
2435.783	-5.32046	-6.51546	-4.08863	-6.15191
2439.791	-5.31258	-6.40485	-4.09678	-6.11877
2443.790	-5.14151	-6.37474	-4.09530	-6.05290
2447.747	-5.25581	-6.31540	-4.07127	-6.01350
2451.796	-5.30338	-6.30494	-4.08443	-6.03014
2455.783	-5.24727	-6.26932	-4.06243	-6.01082
2459.791	-5.34658	-6.23109	-4.02068	-6.02657
2463.778	-5.22399	-6.23853	-3.97467	-6.01764
2467.790	-5.27545	-6.18299	-3.99724	-6.03887
2471.793	-5.37037	-6.10684	-3.95231	-6.03175
2475.790	-5.25453	-6.03179	-3.96214	-6.03830
2479.791	-5.37131	-5.98399	-3.96711	-6.05969
2483.789	-5.44129	-5.93911	-3.93025	-6.06816
2487.809	-5.48128	-5.84708	-3.84439	-6.09910
2491.791	-5.47773	-5.88070	-3.81044	-6.16153
2495.792	-5.47380	-5.87425	-3.75580	-6.14177
2499.791	-5.47498	-5.80575	-3.72116	-6.14541
2503.787	-5.45361	-5.79824	-3.68293	-6.13286
2507.789	-5.46832	-5.76120	-3.74053	-6.14636
2511.789	-5.42766	-5.74545	-3.72724	-6.18309
2515.792	-5.45263	-5.73926	-3.73809	-6.24394
2519.802	-5.45393	-5.81050	-3.77374	-6.26522
2523.787	-5.47641	-5.82429	-3.80293	-6.28214
2527.784	-5.47478	-5.86651	-3.88769	-6.32536
2531.788	-5.45836	-5.88951	-3.85538	-6.35991
2535.786	-5.41856	-5.92421	-3.88122	-6.35526
2539.791	-5.41374	-5.90267	-3.92615	-6.40867
2543.792	-5.45078	-5.96156	-3.94216	-6.43498
2547.792	-5.43802	-5.99760	-3.99373	-6.46868
2551.786	-5.55450	-6.01818	-3.98595	-6.49860
2555.790	-5.59103	-6.04012	-3.95649	-6.51283
2559.794	-5.49635	-6.07219	-4.00749	-6.49461
2563.755	-5.57530	-6.05899	-4.01863	-6.48716
2567.785	-5.53525	-6.09266	-3.99805	-6.50678
2571.791	-5.63147	-6.09770	-4.01398	-6.47667
2575.790	-5.54934	-6.12205	-4.08429	-6.49461
2579.793	-5.63682	-6.15798	-4.10930	-6.52411
2583.787	-5.62193	-6.19107	-4.13868	-6.45982
2587.791	-5.64053	-6.19339	-4.18218	-6.49898
2591.791	-5.64786	-6.23270	-4.17467	-6.45375
2595.794	-5.69534	-6.21895	-4.19134	-6.46313
2599.781	-5.61018	-6.22360	-4.19482	-6.45239
2603.775	-5.49325	-6.29018	-4.15870	-6.51045
2607.748	-5.55629	-6.29247	-4.15305	-6.46812
2611.796	-5.57761	-6.30011	-4.19030	-6.46023
2615.790	-5.55140	-6.30017	-4.16319	-6.49033
2619.788	-5.49886	-6.32648	-4.13070	-6.46050
2623.790	-5.51430	-6.32414	-4.12113	-6.42056
2627.794	-5.61389	-6.29877	-4.18373	-6.38941
2631.783	-5.62107	-6.32967	-4.11209	-6.39557
2635.791	-5.60344	-6.30712	-4.15006	-6.38658
2639.792	-5.50540	-6.36536	-4.09211	-6.41876
2643.750	-5.46674	-6.44833	-4.08461	-6.38325
2647.785	-5.41664	-6.39444	-4.08562	-6.36378
2651.792	-5.57016	-6.37238	-4.06300	-6.37037
2655.792	-5.53712	-6.38442	-4.03221	-6.34412
2659.792	-5.50943	-6.42011	-3.91521	-6.34744
2663.750	-5.44107	-6.38580	-3.92932	-6.34109
2667.792	-5.68659	-6.37891	-3.83136	-6.35066
2671.792	-5.52064	-6.37379	-3.68881	-6.35389
2675.793	-5.45764	-6.41248	-3.67865	-6.36563
2679.752	-5.46163	-6.39697	-3.66550	-6.36185
2683.791	-5.39979	-6.44936	-3.62534	-6.32487
2687.761	-5.41544	-6.44319	-3.52309	-6.31464
2691.792	-5.49630	-6.44711	-3.52351	-6.29472
2695.751	-5.42016	-6.52666	-3.58549	-6.29695
2699.794	-5.37023	-6.52260	-3.50385	-6.28652
2703.792	-5.25224	-6.39897	-3.47705	-6.15195
2707.794	-4.34425	-6.35696	-2.98735	-5.96183
2711.752	-2.24715	-5.70222	-1.81513	-4.32394
2715.793	-1.55747	-4.75221	-0.11761	-3.65612
2719.792	-1.07694	-4.22043	0.27160	-3.12034
2723.793	-0.65903	-3.99921	0.30099	-2.94718
2727.751	-0.72863	-3.74808	0.90014	-2.83186
2731.792	-0.52761	-3.69918	1.02650	-2.89198
2735.792	-0.37395	-3.69711	1.08862	-2.89366
2739.793	-0.66352	-3.69615	1.05223	-2.92905
2743.752	-0.72538	-3.72955	1.11985	-2.97406
2747.791	-0.64521	-3.72254	1.09457	-2.89425
2751.793	-0.67134	-3.78620	1.20150	-2.89466
2755.795	-0.61684	-3.72137	1.28628	-2.81380
2759.752	-0.58208	-3.69088	1.30466	-2.78419
2763.793	-0.53798	-3.68542	1.39495	-2.78662
2767.797	-0.58863	-3.71491	1.40978	-2.78734
2771.750	-0.55357	-3.76127	1.36640	-2.81398
2775.751	-0.56349	-3.82007	1.35360	-2.79623
2779.793	-0.59928	-3.86121	1.29494	-2.79875
2783.793	-0.57947	-3.91512	1.29536	-2.81064
2787.792	-0.52059	-3.92349	1.27056	-2.81538
2791.751	-0.48207	-3.94424	1.33661	-2.84827
2795.791	-0.45351	-3.94868	1.26589	-2.86470
2799.792	-0.41611	-3.98569	1.25071	-2.86958
2803.795	-0.33374	-4.00843	1.23417	-2.89021
2807.753	-0.27863	-4.03721	1.16897	-2.84927
2811.771	-0.19866	-4.01582	1.13963	-2.88362
2815.794	-0.10428	-3.99603	1.11395	-2.86164
2819.793	-0.07810	-3.96502	1.19090	-2.86934
2823.752	-0.05837	-3.94650	1.14057	-2.83928
2827.793	0.00417	-3.90559	1.14434	-2.83824
2831.790	0.02263	-3.86812	1.16471	-2.80184
2835.793	0.05708	-3.85466	1.29288	-2.80919
2839.754	0.09401	-3.83178	1.19152	-2.82097
2843.794	0.01635	-3.80217	1.17108	-2.82225
2847.793	-0.04053	-3.78656	1.15042	-2.83218
2851.794	-0.00797	-3.74521	1.18497	-2.87369
2855.756	-0.04725	-3.73764	1.26016	-2.91298
2859.795	-0.06155	-3.73776	1.19147	-2.95909
2863.794	-0.09498	-3.72883	1.22670	-2.96936
2867.794	-0.09748	-3.70003	1.23474	-3.01563
2871.784	-0.11156	-3.68382	1.26371	-3.04877
2875.796	-0.14903	-3.67963	1.20336	-3.07074
2879.795	-0.23999	-3.69121	1.19713	-3.09532
2883.795	-0.16985	-3.68452	1.16672	-3.11941
2887.663	-0.15667	-3.68356	1.16828	-3.14680
2891.766	-0.15610	-3.65560	1.16833	-3.17041
2895.765	-0.12106	-3.62135	1.14285	-3.18790
2899.795	-0.14268	-3.61823	1.08909	-3.21715
2903.797	-0.14593	-3.60771	1.06661	-3.23828
2907.796	-0.13317	-3.59031	1.01692	-3.26270
2911.795	-0.12883	-3.59333	0.99355	-3.28912
2915.795	-0.16529	-3.58897	0.94031	-3.32699
2919.798	-0.12652	-3.58494	0.95455	-3.37107
2923.797	-0.08038	-3.55460	0.89994	-3.39365
2927.795	-0.11071	-3.56536	0.91153	-3.41798
2931.797	-0.10411	-3.56579	0.87148	-3.42384
2935.695	-0.08314	-3.57943	0.83394	-3.46244
2939.793	-0.09292	-3.61913	0.79397	-3.48169
2943.797	-0.09460	-3.64229	0.86376	-3.48356
2947.792	-0.09957	-3.68100	0.91820	-3.49128
2951.689	-0.10617	-3.71126	0.98641	-3.52430
2955.798	-0.08093	-3.73116	0.96321	-3.47744
2959.797	-0.05763	-3.75412	1.15508	-3.45074
2963.797	-0.09346	-3.78772	1.20904	-3.38238
2967.798	-0.14424	-3.87392	1.28388	-3.34353
2971.796	-0.09518	-3.87356	1.26500	-3.27735
2975.800	-0.10101	-3.80788	1.23501	-3.26332
2979.761	-0.17591	-3.68769	1.21067	-3.28381
2983.692	-0.25182	-3.80095	1.29668	-3.23036
2987.793	-0.12655	-3.80191	1.36781	-3.15842
2991.799	-0.16305	-3.72417	1.27433	-3.23831
2995.795	-0.21569	-3.77347	1.29650	-3.16694
2999.693	-0.15950	-3.62095	1.27532	-3.16354
3003.795	-0.22750	-3.61680	1.23962	-3.09522
3007.798	-0.15384	-3.56325	1.24463	-3.13170
3011.796	-0.23619	-3.51165	1.17840	-3.10726
3015.668	-0.13687	-3.50018	1.19497	-3.11351
3019.774	-0.23502	-3.26499	1.26837	-3.10926
3023.802	-0.04239	-3.34940	1.38170	-3.00263
3027.797	-3.67724	-2.27915	1.74439	-2.68589
3031.805	-3.06288	-2.63930	-1.07788	-2.70304
3035.796	-3.53995	-1.94537	-0.44252	-2.84182
3039.797	NaN	NaN	-0.54111	-2.45341
3043.795	NaN	NaN	0.69786	-0.78672
3047.706	NaN	NaN	NaN	NaN
3051.794	NaN	NaN	NaN	NaN
3055.802	NaN	NaN	NaN	NaN
3059.792	NaN	NaN	NaN	NaN
3063.787	NaN	NaN	NaN	NaN
3067.795	NaN	NaN	NaN	NaN
3071.751	NaN	NaN	NaN	NaN
3075.750	NaN	NaN	NaN	NaN
3079.794	NaN	NaN	NaN	NaN
3083.796	NaN	NaN	NaN	NaN
3087.798	NaN	NaN	1.23625	10.41690
3091.792	NaN	NaN	-2.20096	0.77994
3095.795	-2.58710	9.71594	-1.84047	2.13109
3099.798	-1.21573	0.99779	-0.23041	-1.06406
3103.766	-1.87470	-0.94713	0.00176	-1.17292
3107.757	-1.49498	-0.37708	0.73781	-1.16492
3111.796	-0.95465	-0.96996	0.74940	-1.04202
3115.798	-0.94899	-1.45945	0.69077	-0.34609
3119.795	0.82625	-1.60971	1.35311	-0.21801
3123.757	0.65858	-1.24203	1.66986	-0.85478
3127.797	-0.42768	-1.16506	1.57895	-0.81292
3131.672	0.91356	-0.91073	1.25294	-0.57123
3135.673	-0.04946	-1.18288	1.52774	-0.61184
3139.631	-0.08632	-1.10257	1.31858	-0.41946
3143.670	-0.61950	-1.15213	1.40862	-0.49071
3147.673	0.05810	-1.13337	1.47079	-0.45744
3151.671	0.15030	-1.18898	1.56846	-0.41725
3155.634	0.08453	-1.13461	1.58053	-0.44549
3159.673	0.07237	-1.10572	1.55531	-0.60553
3163.670	0.01124	-1.09052	1.54190	-0.63837
3167.672	-0.05167	-1.05793	1.47097	-0.59323
3171.632	-0.01072	-1.07234	1.49946	-0.54851
3175.671	0.04226	-1.11290	1.57959	-0.65418
3179.671	0.11049	-1.09233	1.58812	-0.68691
3183.678	0.06857	-1.09070	1.65495	-0.73511
3187.664	0.02705	-1.09489	1.54326	-0.72591
3191.655	0.10632	-1.06417	1.68354	-0.73250
3195.673	0.10600	-1.08436	1.62215	-0.74861
3199.674	0.12002	-1.07373	1.49646	-0.78884
3203.667	0.09240	-1.06603	1.57560	-0.76932
3207.677	0.12300	-1.10210	1.51301	-0.77480
3211.672	0.18176	-1.12256	1.48429	-0.80144
3215.672	0.18844	-1.18428	1.45673	-0.79894
3219.673	0.15727	-1.07606	1.43602	-0.79480
3223.675	0.04261	-1.14631	1.39455	-0.80822
3227.672	0.12786	-1.06988	1.42486	-0.85590
3231.660	0.10073	-1.19785	1.43687	-0.90489
3235.670	0.09393	-1.14460	1.38820	-0.89952
3239.675	0.06745	-1.14514	1.47208	-0.94365
3243.672	0.05068	-1.09745	1.42781	-0.92760
3247.672	0.06177	-1.11531	1.48158	-0.92812
3251.696	0.03797	-1.02785	1.51209	-0.98227
3255.676	0.03564	-1.12098	1.53875	-0.94233
3259.676	0.02055	-1.08608	1.51152	-0.96355
3263.684	0.01395	-1.23327	1.50358	-0.92628
3267.670	-0.00643	-1.21007	1.64337	-0.90327
3271.631	-0.03656	-1.27840	1.47122	-0.81366
3275.645	-0.01206	-1.22895	1.67043	-0.83395
3279.671	-0.01904	-1.33272	1.55298	-0.72104
3283.671	-0.01923	-1.25704	1.56097	-0.84708
3287.677	-0.07376	-1.29877	1.52394	-0.68015
3291.674	-0.00588	-1.30172	1.50993	-0.57116
3295.673	0.08418	-1.30768	1.55048	-0.70264
3299.670	-1.48746	-0.78780	1.66996	-0.54462
3303.675	-0.22914	0.04334	1.79254	-0.49998
3307.676	0.21174	2.38708	-0.42375	1.99351
3311.676	NaN	NaN	1.07398	0.03217
3315.688	NaN	NaN	19.87959	7.36116
3319.678	NaN	NaN	NaN	NaN
3323.633	NaN	NaN	NaN	NaN
3327.631	NaN	NaN	NaN	NaN
3331.673	NaN	NaN	NaN	NaN
3335.675	NaN	NaN	NaN	NaN
3339.672	NaN	NaN	NaN	NaN
3343.672	NaN	NaN	NaN	NaN
3347.675	NaN	NaN	NaN	NaN
3351.630	NaN	NaN	NaN	NaN
3355.671	NaN	NaN	NaN	NaN
3359.673	NaN	NaN	NaN	NaN
3363.672	NaN	NaN	NaN	NaN
3367.629	-4.88791	14.13100	NaN	NaN
3371.676	NaN	NaN	NaN	NaN
3375.672	NaN	NaN	NaN	NaN
3379.675	NaN	NaN	-2.34027	-6.36814
3383.695	-1.51923	-3.54143	1.07636	-6.09906
3387.632	-1.42228	-5.84538	0.57640	-6.19053
3391.687	-1.36161	-5.61959	0.58801	-6.27467
3395.676	-1.33428	-5.69697	-0.24197	-6.34613
3399.634	-5.06759	-5.63863	-1.55467	-6.28716
3403.675	-4.99792	-5.64646	-3.23803	-6.23157
3407.674	-5.08473	-5.58344	-3.75650	-6.04068
3411.675	-4.76495	-5.62003	-3.60556	-6.07978
3415.673	-4.83597	-5.63956	-3.73154	-6.05613
3419.678	-4.58883	-5.60863	-3.70559	-6.19351
3423.675	-4.61566	-5.76119	-3.74202	-6.09582
3427.675	-4.52572	-5.70369	-3.72598	-6.33041
3431.697	-4.57702	-5.96786	-3.80515	-6.11257
3435.679	-4.83119	-5.78949	-3.90909	-5.98979
3439.665	-4.98795	-5.81776	-3.94258	-5.95424
3443.664	-4.88971	-5.77340	-3.89550	-5.94120
3447.635	-4.86734	-5.70582	-3.90681	-5.91299
3451.633	-5.03075	-5.60257	-3.87786	-5.87821
3455.677	-5.03366	-5.70072	-4.00783	-5.88208
3459.681	-5.10728	-5.81148	-3.87470	-5.89411
3463.670	-5.28411	-5.83263	-3.92759	-5.88206
3467.666	-5.26792	-5.95628	-4.02208	-5.90516
3471.678	-5.31389	-6.02549	-4.04895	-5.90881
3475.678	-5.32215	-5.97027	-3.95804	-5.99223
3479.671	-5.27186	-6.11307	-3.94483	-6.03200
3483.678	-5.18985	-6.13598	-3.91141	-6.15436
3487.674	-5.19081	-6.22731	-3.80750	-6.27603
3491.677	-5.08077	-6.26937	-3.80562	-6.54829
3495.698	-5.07986	-6.29166	-3.76925	-6.60746
3499.678	-5.10721	-6.37425	-3.62524	-6.40487
3503.677	-5.28898	-6.40199	-3.41110	-6.43639
3507.676	-5.18547	-6.42035	-3.38847	-6.30090
3511.672	-5.13550	-6.38045	-3.16579	-6.38270
3515.677	-5.06722	-6.15724	-3.22628	-6.32043
3519.678	-5.06210	-6.11065	-3.14773	-6.20230
3523.658	-5.14549	-6.07690	-3.07941	-6.19664
3527.654	-5.15898	-5.87716	-3.08035	-6.13796
3531.675	-5.14850	-5.67777	-3.01470	-6.10362
3535.679	-5.16657	-5.90925	-2.99307	-6.03786
3539.676	-5.11536	-5.97891	-2.98849	-6.00534
3543.674	-4.88220	-6.05187	-3.00940	-6.01426
3547.677	-4.88338	-5.88806	-3.01485	-6.02566
3551.680	-4.59753	-5.93898	-3.11792	-6.00484
3555.677	-4.60123	-6.06643	-3.15419	-6.00245
3559.701	-4.56730	-5.88131	-3.22581	-6.04534
3563.676	-4.40120	-5.97652	-3.26193	-6.05568
3567.679	-4.36705	-5.95356	-3.35024	-6.03638
3571.634	-4.52880	-5.87302	-3.45289	-6.04469
3575.675	-4.26825	-6.05165	-3.45227	-5.96465
3579.679	-4.37710	-6.10944	-3.51856	-5.93930
3583.681	-4.40078	-5.97030	-3.59496	-5.95976
3587.677	-4.54651	-6.00545	-3.60796	-5.95315
3591.677	-4.63864	-6.00326	-3.61752	-5.97208
3595.677	-4.63346	-6.00424	-3.67393	-5.97639
3599.682	-4.69771	-5.98111	-3.70939	-5.97174
3603.686	-4.83585	-5.99476	-3.74352	-6.00815
3607.660	-4.88520	-6.03803	-3.75326	-5.97939
3611.677	-4.76177	-5.96314	-3.82746	-6.02395
3615.678	-4.84780	-5.94684	-3.92074	-6.02077
3619.677	-4.88547	-5.80498	-3.96195	-6.04680
3623.681	-4.88018	-5.83884	-3.99336	-6.04550
3627.679	-4.94233	-5.90234	-4.06056	-6.08535
3631.680	-4.96448	-5.88296	-4.06268	-6.08396
3635.678	-4.94462	-5.92661	-4.12285	-6.05029
3639.676	-4.98152	-5.70386	-4.21101	-6.08258
3643.679	-5.10933	-5.73578	-4.08903	-6.04687
3647.662	-5.09089	-5.82806	-4.25267	-6.06236
3651.669	-5.79172	-6.16501	-4.92095	-6.19282
3655.674	-6.14626	-7.26149	-4.79272	-6.55619
3659.683	-5.93770	-7.01863	-4.64584	-6.49855
3663.681	-6.00936	-6.66806	-4.75711	-6.48938
3667.678	-5.98128	-6.78820	-4.75770	-6.37934
3671.683	-5.86769	-7.02233	-4.90287	-6.59620
3675.679	-5.89370	-6.98346	-5.02817	-6.59638
3679.681	-6.17138	-6.70099	-5.15842	-6.74025
3683.680	-6.26059	-6.70437	-5.14284	-6.68564
3687.683	-6.27513	-6.91652	-5.20386	-6.81820
3691.648	-6.33157	-7.00112	-5.15753	-6.85890
3695.680	-6.34981	-6.74895	-5.12272	-6.94650
3699.680	-6.32279	-6.81043	-5.20445	-6.86035
3703.638	-6.35057	-6.70582	-5.24393	-6.84480
3707.681	-6.33071	-6.78804	-5.26002	-6.83150
3711.679	-6.37074	-6.82910	-5.26261	-6.86845
3715.681	-6.37795	-6.93397	-5.25397	-6.87435
3719.683	-6.50712	-6.81380	-5.21567	-6.94744
3723.681	-6.55026	-6.67306	-5.21193	-6.88927
3727.683	-6.41386	-6.80212	-5.27666	-6.89812
3731.660	-6.51621	-6.77816	-5.31111	-6.88306
3735.658	-6.51055	-6.70483	-5.41175	-6.89739
3739.679	-6.22591	-6.64930	-5.43098	-6.90054
3743.681	-6.43746	-6.62835	-5.40383	-6.91216
3747.679	-6.52831	-6.59055	-5.34754	-6.91765
3751.685	-6.61748	-6.43163	-5.32993	-6.94790
3755.680	-6.30281	-6.52475	-5.34225	-6.94426
3759.683	-6.57490	-6.47342	-5.39145	-6.92252
3763.681	-6.47198	-6.36944	-5.34599	-6.90345
3767.670	-6.38893	-6.40188	-5.33187	-6.86290
3771.636	-6.09984	-6.45365	-5.20878	-6.84981
3775.682	-6.19238	-6.36759	-5.24011	-6.88469
3779.681	-6.23008	-6.45822	-4.85963	-6.93159
3783.683	-6.36640	-6.40362	-5.01856	-6.82894
3787.680	-6.08438	-6.37878	-4.98177	-6.82517
3791.682	-6.25362	-6.46542	-4.90595	-6.81984
3795.680	-6.05513	-6.51053	-4.88303	-6.75589
3799.682	-6.49141	-6.48990	-4.88311	-6.74063
3803.680	-6.06001	-6.51987	-4.73453	-6.77366
3807.684	-5.77435	-6.66137	-4.75760	-6.72750
3811.680	-6.84964	-6.53349	-4.84137	-6.77354
3815.684	-6.43961	-6.41459	-4.96679	-6.75219
3819.696	-6.36035	-6.62839	-5.29026	-6.67715
3823.636	-6.27707	-6.44582	-5.38039	-6.67020
3827.679	-6.12376	-6.47080	-5.56851	-6.65211
3831.589	-6.62123	-6.33356	-5.28507	-6.66627
3835.680	-6.28222	-6.45532	-5.44367	-6.65779
3839.671	-6.38802	-6.28337	-5.46261	-6.70416
3843.678	-6.20622	-6.32142	-5.26152	-6.74904
3847.683	-6.52258	-6.71631	-5.18289	-6.78853
3851.682	-6.32213	-6.53789	-5.37362	-6.76087
3855.669	-6.43234	-6.54881	-5.29986	-6.74082
3859.673	-6.46306	-6.46810	-5.39751	-6.73194
3863.677	-6.54786	-6.38099	-5.36587	-6.75840
3867.682	-6.60304	-7.03469	-5.19421	-6.75896
3871.680	-6.52483	-6.77866	-5.15253	-6.82297
3875.683	-6.45020	-6.70959	-4.99024	-6.79733
3879.684	-6.49768	-6.91768	-4.98288	-6.81024
3883.682	-6.42378	-7.03757	-4.87170	-6.81774
3887.682	-6.54497	-7.01484	-4.82614	-6.79017
3891.638	-6.50408	-6.74548	-4.82799	-6.76674
3895.643	-6.61724	-6.94967	-4.81177	-6.74011
3899.651	-6.53122	-6.90255	-5.04437	-6.78686
3903.680	-6.64976	-6.85433	-5.18281	-6.59827
3907.682	-6.42550	-6.98279	-5.09820	-6.58590
3911.641	-6.67659	-6.86573	-5.10852	-6.43432
3915.681	-6.55910	-6.75266	-5.31716	-6.27293
3919.680	-6.62848	-6.80707	-5.26302	-6.30374
3923.683	-6.60855	-6.65526	-5.18013	-6.26630
3927.549	-6.63600	-6.72509	-5.42341	-6.36126
3931.681	-6.52669	-6.64512	-5.51069	-6.24952
3935.680	-6.44393	-6.69043	-5.58098	-6.28373
3939.662	-6.44883	-6.62438	-5.64257	-6.47236
3943.549	-6.38771	-6.61771	-5.63655	-6.30886
3947.683	-6.34579	-6.60280	-5.63068	-6.45122
3951.681	-6.29933	-6.55634	-5.67484	-6.42854
3955.684	-6.30360	-6.50733	-5.67723	-6.50654
3959.552	-6.29894	-6.53775	-5.60192	-6.54941
3963.685	-6.21544	-6.53315	-5.63466	-6.55839
3967.681	-6.17624	-6.53531	-5.59624	-6.62359
3971.682	-6.12016	-6.52761	-5.58277	-6.60507
3975.544	-6.12543	-6.55512	-5.52881	-6.65480
3979.686	-6.23498	-6.61163	-5.43979	-6.66247
3983.675	-5.82626	-6.59012	-4.90866	-6.53086
3987.684	-5.32326	-6.57785	-4.53904	-6.55192
3991.544	-3.27613	-6.51077	-1.26746	-6.20370
3995.683	-0.75268	-6.23353	-1.12144	-5.87780
3999.681	-1.03806	-6.29828	0.09195	-5.91333
4003.681	-0.16514	-5.99611	0.45222	-5.41614
4007.642	-0.02817	-6.05882	0.97097	-5.22160
4011.684	-0.22363	-5.80151	1.15096	-5.13809
4015.686	-0.52381	-5.56897	1.24024	-4.89444
4019.683	-0.50562	-5.45193	1.17475	-4.77581
4023.548	-0.48143	-5.61154	1.14198	-4.73543
4027.682	-0.40110	-5.48044	1.16059	-4.66847
4031.696	-0.39822	-5.48402	1.29417	-4.70215
4035.680	-0.38310	-5.44539	1.27507	-4.60124
4039.663	-0.27180	-5.41336	1.31605	-4.57076
4043.683	-0.27900	-5.36945	1.34539	-4.51338
4047.682	-0.35377	-5.38379	1.38215	-4.49006
4051.680	-0.34921	-5.32719	1.36682	-4.45572
4055.546	-0.39494	-5.36064	1.33778	-4.42641
4059.684	-0.26934	-5.37970	1.36484	-4.40692
4063.672	-0.18085	-5.41207	1.36176	-4.38073
4067.675	-0.22974	-5.41001	1.41402	-4.38955
4071.541	-0.24924	-5.42015	1.45316	-4.39824
4075.637	-0.26187	-5.40985	1.46345	-4.38760
4079.639	-0.22445	-5.41841	1.66762	-4.41984
4083.684	-0.17484	-5.48656	1.69014	-4.43621
4087.583	-0.21763	-5.50280	1.51859	-4.46880
4091.685	-0.18608	-5.52231	1.63998	-4.48145
4095.684	-0.17045	-5.57642	1.53595	-4.53387
4099.685	-0.13210	-5.57763	1.57389	-4.52127
4103.690	-0.22713	-5.58533	1.54770	-4.55023
4107.685	-0.27143	-5.58293	1.56729	-4.55875
4111.683	-0.23209	-5.57950	1.40110	-4.53073
4115.684	-0.19402	-5.59765	1.31689	-4.47771
4119.687	-0.13392	-5.62090	1.10532	-4.43654
4123.687	-0.11304	-5.62571	0.98427	-4.45561
4127.685	-0.10379	-5.59740	1.15833	-4.44859
4131.683	-0.10140	-5.59819	1.14739	-4.50799
4135.688	-0.00266	-5.53642	1.05173	-4.49816
4139.640	-0.04105	-5.52270	1.04657	-4.49866
4143.684	-0.04596	-5.50165	1.07793	-4.54906
4147.667	-0.03417	-5.49252	1.12710	-4.61514
4151.572	-0.00749	-5.48575	1.22960	-4.74295
4155.682	-0.01000	-5.51820	1.17714	-4.75528
4159.689	0.06530	-5.53070	1.25557	-4.81302
4163.561	-0.03137	-5.58176	1.24895	-4.79611
4167.558	-0.00444	-5.56074	1.31201	-4.81659
4171.560	-0.00864	-5.53235	1.34430	-4.84988
4175.561	-0.00903	-5.50276	1.28589	-4.82851
4179.559	-0.05649	-5.54020	1.34184	-4.84243
4183.561	-0.04435	-5.54119	1.37039	-4.80991
4187.561	-0.05827	-5.53171	1.34534	-4.81917
4191.560	-0.08133	-5.52713	1.31186	-4.82648
4195.562	-0.00722	-5.52401	1.24518	-4.79412
4199.519	-0.05619	-5.52053	1.31292	-4.81380
4203.515	-0.08503	-5.51273	1.29975	-4.80682
4207.560	-0.04817	-5.48683	1.40160	-4.86212
4211.558	-0.08902	-5.47530	1.37674	-4.87484
4215.579	-0.12042	-5.45848	1.37158	-4.93005
4219.561	-0.03216	-5.46204	1.46695	-4.96126
4223.562	-0.06125	-5.40906	1.54363	-4.96416
4227.560	-0.14908	-5.40346	1.61840	-4.98432
4231.551	-0.07932	-5.42162	1.69706	-5.00178
4235.542	-0.25081	-5.47230	1.81882	-5.02166
4239.561	-0.19010	-5.43726	1.88814	-5.02334
4243.560	-0.24326	-5.43532	1.97359	-5.03945
4247.518	-0.16097	-5.40178	2.08119	-5.02916
4251.560	-0.29235	-5.40996	2.05169	-5.00779
4255.561	-0.20894	-5.36329	2.09400	-5.00310
4259.561	-0.07875	-5.37362	2.03484	-4.97635
4263.559	-0.09036	-5.37652	2.09841	-4.93341
4267.561	-0.04591	-5.35352	2.14226	-4.93956
4271.515	-0.05179	-5.40613	2.02483	-4.93344
4275.562	-0.03120	-5.37875	2.05427	-4.90932
4279.573	-0.04539	-5.38468	1.95825	-4.80656
4283.562	-0.02611	-5.40219	1.91050	-4.73949
4287.560	-0.04547	-5.41864	1.91127	-4.70180
4291.562	-0.01204	-5.42734	1.73990	-4.71981
4295.521	-0.01127	-5.40929	1.78895	-4.66413
4299.561	-0.02916	-5.38995	1.77464	-4.63130
4303.562	-0.10493	-5.37519	1.79700	-4.61111
4307.563	-0.06361	-5.36808	1.77831	-4.66095
4311.551	0.36402	-5.45607	1.92195	-4.72742
4315.560	0.98832	-5.58578	2.08503	-4.94361
4319.538	1.56940	-6.24210	3.11801	-5.64860
4323.517	1.81748	-7.08855	3.49930	-6.34300
4327.585	2.33465	-7.96958	4.43298	-7.27144
4331.562	2.97621	-8.77431	4.25181	-7.60850
4335.561	2.78983	-8.85207	4.65089	-7.80824
4339.565	3.08686	-8.98157	5.24973	-7.81244
4343.581	3.23697	-9.18797	5.44628	-7.70363
4347.560	3.51288	-9.33000	5.04307	-7.85780
4351.561	3.47267	-9.44086	5.30053	-8.04431
4355.563	3.58302	-9.53735	5.19999	-7.97752
4359.560	3.44790	-9.60001	5.36056	-8.04508
4363.552	3.58697	-9.57387	5.24407	-8.08307
4367.561	3.75143	-9.53259	5.31590	-8.11541
4371.517	3.77374	-9.62700	5.49546	-8.17824
4375.558	3.82588	-9.67990	5.50749	-8.22472
4379.562	3.83678	-9.72240	5.51145	-8.26636
4383.559	3.98487	-9.77677	5.52281	-8.32777
4387.561	3.88265	-9.75049	5.43706	-8.43529
4391.585	3.94219	-9.73686	5.47525	-8.48737
4395.562	3.74244	-9.71833	5.44094	-8.55675
4399.562	3.84817	-9.67607	5.56731	-8.61321
4403.534	3.72724	-9.69341	5.47665	-8.70567
4407.521	3.81370	-9.65859	5.55118	-8.85589
4411.563	3.79070	-9.68186	5.49817	-8.96704
4415.562	3.66933	-9.70878	5.51696	-8.88896
4419.563	3.69046	-9.70415	5.58366	-8.99180
4423.552	3.45489	-9.69763	5.53749	-9.07263
4427.563	3.44777	-9.68415	5.40230	-9.10087
4431.564	3.45722	-9.69300	5.40912	-9.11273
4435.520	3.41545	-9.71164	5.39377	-9.11011
4439.522	3.48031	-9.72624	5.43974	-9.13048
4443.549	3.41983	-9.75713	5.39114	-9.10557
4447.559	3.41889	-9.75676	5.40914	-9.09650
4451.564	3.41293	-9.79076	5.31649	-9.03512
4455.547	3.35919	-9.82386	5.33199	-9.00715
4459.566	3.36738	-9.82775	5.28131	-8.96734
4463.568	3.39925	-9.83155	5.27306	-8.91760
4467.563	3.45739	-9.86973	5.25815	-8.88197
4471.547	3.48123	-9.92124	5.29031	-8.83624
4475.563	3.46788	-9.97908	5.31578	-8.83796
4479.562	3.45104	-10.03090	5.35185	-8.79339
4483.566	3.45450	-10.02942	5.34744	-8.79949
4487.555	3.48266	-10.08150	5.32535	-8.84855
4491.565	3.53394	-10.11680	5.31147	-8.85928
4495.560	3.49572	-10.13000	5.32456	-8.93150
4499.563	3.53636	-10.14841	5.29046	-8.98312
4503.561	3.53609	-10.19181	5.29816	-9.01874
4507.565	3.53463	-10.18176	5.30850	-9.04093
4511.563	3.43187	-10.22275	5.31374	-9.07341
4515.521	3.48150	-10.20431	5.37389	-9.08797
4519.553	3.46392	-10.19373	5.35847	-9.07464
4523.567	3.43815	-10.19885	5.35743	-9.09950
4527.539	3.40237	-10.21374	5.43588	-9.10085
4531.566	3.44579	-10.19796	5.39546	-9.08700
4535.561	3.43182	-10.16708	5.32041	-9.08588
4539.565	3.41812	-10.18481	5.31630	-9.06818
4543.563	3.34868	-10.19512	5.32124	-9.06131
4547.564	3.47087	-10.16573	5.28160	-9.05674
4551.562	3.50336	-10.15258	5.30436	-9.04775
4555.566	3.59387	-10.12339	5.26735	-9.03508
4559.564	3.40882	-10.10343	5.24402	-9.02948
4563.573	3.45277	-10.09588	5.27038	-9.03909
4567.577	3.37794	-10.07624	5.24752	-9.05091
4571.518	3.60578	-10.02739	5.28554	-9.06052
4575.520	3.62776	-10.04026	5.21031	-9.04514
4579.519	3.48637	-10.05516	5.30271	-9.03597
4583.560	3.49935	-10.03612	5.29442	-9.01893
4587.561	3.56378	-10.03068	5.32550	-9.00038
4591.533	3.53748	-10.02540	5.32351	-8.99093
4595.562	3.53322	-10.02297	5.36993	-9.04060
4599.562	3.32162	-9.97464	5.29115	-8.99274
4603.566	2.93191	-9.96072	2.62291	-9.03158
4607.555	0.63168	-9.90313	1.86655	-8.92968
4611.534	0.03157	-9.84109	0.80173	-8.99422
4615.559	-1.60456	-9.76219	-0.30131	-8.94070
4619.564	-2.02450	-9.66959	-1.47345	-8.91212
4623.566	-3.47915	-9.46114	-2.27065	-8.86358
4627.565	-3.94216	-9.49040	-2.67427	-8.81806
4631.588	-4.81461	-9.35888	-4.09024	-8.85732
4635.566	-4.94901	-9.33489	-4.48705	-8.86392
4639.565	-6.10281	-9.21044	-4.67828	-8.87687
4643.564	-6.40275	-9.15839	-5.02248	-8.88967
4647.571	-6.04033	-9.18490	-4.76054	-8.88546
4651.547	-5.11731	-9.17594	-4.64512	-8.92803
4655.561	-5.63043	-9.10264	-4.63107	-8.93183
4659.567	-5.60475	-9.07231	-4.82838	-8.93599
4663.562	-5.61365	-9.22724	-4.79048	-8.97966
4667.569	-5.53903	-9.20854	-4.92440	-8.98150
4671.562	-5.88994	-9.00904	-4.91893	-9.00556
4675.564	-5.72409	-9.17279	-4.88518	-8.99712
4679.567	-5.92749	-8.94041	-4.98354	-8.98762
4683.566	-5.97313	-9.23902	-4.84588	-8.98599
4687.566	-5.65228	-9.05697	-4.95406	-8.97497
4691.569	-5.74556	-8.90478	-4.88441	-9.01920
4695.568	-5.56143	-8.94744	-4.91669	-9.00750
4699.565	-5.61679	-9.16314	-4.88183	-8.99586
4703.566	-5.68226	-9.08648	-4.79938	-8.98382
4707.531	-5.61099	-9.18171	-4.89772	-8.94731
4711.566	-5.70507	-8.55538	-4.87000	-8.93214
4715.523	-5.92982	-9.05389	-4.88456	-8.92296
4719.568	-5.37647	-9.02996	-4.82380	-8.87000
4723.566	-6.03184	-8.62630	-4.89577	-8.83772
4727.567	-5.95260	-8.29083	-4.97817	-8.71143
4731.569	-5.47097	-8.48167	-4.90760	-8.66459
4735.544	-6.00712	-8.76605	-4.90804	-8.61974
4739.569	-5.43381	-8.90957	-4.94043	-8.57163
4743.567	-5.78887	-8.76635	-4.91964	-8.51461
4747.566	-5.84601	-8.64154	-4.99751	-8.42127
4751.566	-5.19460	-8.88824	-4.95827	-8.39936
4755.569	-5.95474	-8.74401	-4.85871	-8.37231
4759.567	-6.06443	-8.55225	-4.93287	-8.30247
4763.567	-5.88945	-9.02369	-4.90797	-8.29211
4767.568	-6.11707	-8.66181	-4.76968	-8.25253
4771.523	-6.10423	-8.65557	-4.80598	-8.21734
4775.524	-5.91545	-8.72801	-4.76229	-8.21381
4779.567	-5.79767	-8.63780	-4.79487	-8.20586
4783.564	-5.62040	-9.32045	-4.75211	-8.16803
4787.566	-5.97116	-8.57994	-4.79267	-8.18289
4791.552	-5.72333	-8.55214	-4.67789	-8.22984
4795.566	-5.99991	-8.50006	-4.68104	-8.21937
4799.567	-6.07842	-8.75615	-4.72531	-8.20784
4803.566	-5.91251	-8.25044	-4.73707	-8.22221
4807.526	-5.94465	-8.60173	-4.76559	-8.25006
4811.566	-5.73564	-9.66079	-4.81909	-8.24891
4815.568	-5.79521	-8.87436	-4.85310	-8.27472
4819.567	-5.76627	-8.89059	-4.85034	-8.26774
4823.526	-5.82181	-8.86007	-4.81411	-8.29315
4827.567	-5.80106	-8.78041	-4.87655	-8.32595
4831.569	-5.98827	-8.84891	-4.86635	-8.34888
4835.566	-5.74549	-9.06124	-5.02361	-8.33954
4839.527	-5.92289	-8.75822	-4.97519	-8.36341
4843.569	-5.76880	-8.92423	-5.04284	-8.40875
4847.567	-5.76782	-8.98567	-5.02807	-8.45695
4851.569	-5.88758	-9.00626	-4.96310	-8.43338
4855.527	-5.72654	-9.05743	-4.85140	-8.42441
4859.554	-5.80676	-8.99382	-4.88114	-8.41927
4863.563	-5.85735	-8.95725	-4.85854	-8.36766
4867.570	-5.85490	-9.12572	-4.90984	-8.32370
4871.473	-5.58756	-9.33898	-4.80490	-8.29595
4875.565	-5.77271	-9.00460	-4.80766	-8.25858
4879.573	-5.67548	-9.16090	-4.64934	-8.25918
4883.567	-5.81680	-9.05852	-4.68464	-8.23847
4887.570	-5.72077	-9.14127	-4.62656	-8.19178
4891.528	-5.57955	-9.55295	-4.65358	-8.15235
4895.568	-5.76443	-8.97805	-4.59963	-8.14488
4899.571	-5.74158	-9.06930	-4.69147	-8.14883
4903.571	-5.87204	-9.04161	-4.71693	-8.14432
4907.570	-5.64206	-9.18969	-4.73283	-8.11938
4911.570	-5.45698	-9.05254	-4.68755	-8.07385
4915.569	-5.37903	-9.19576	-4.65920	-8.02024
4919.573	-5.48479	-9.32540	-4.70069	-7.99296
4923.568	-5.55044	-9.05495	-4.75433	-7.92706
4927.568	-5.34545	-9.25725	-4.77939	-7.89150
4931.569	-5.39952	-9.25567	-4.79553	-7.88423
4935.464	-5.68261	-9.36205	-4.72157	-7.86492
4939.570	-5.40277	-9.27210	-4.80655	-7.81540
4943.571	-5.37842	-9.22993	-4.79267	-7.78858
4947.569	-5.59558	-9.24371	-4.80012	-7.77479
4951.572	-5.59528	-9.20810	-4.78484	-7.78719
4955.567	-5.64297	-9.39884	-4.79718	-7.80008
4959.565	-5.70848	-9.05952	-4.77012	-7.83186
4963.570	-6.24833	-8.39337	-4.86763	-7.80795
4967.574	-5.78403	-8.88645	-5.01686	-7.60051
4971.569	-5.84746	-6.10494	-4.86773	-6.98186
4975.573	-5.84318	-6.12315	-4.99674	-6.24023
4979.571	-5.77106	-5.83724	-5.00445	-5.65972
4983.576	-5.81707	-6.09574	-4.85499	-5.58817
4987.556	-5.86298	-6.11338	-4.96815	-6.00616
4991.571	-5.87491	-6.27742	-5.03940	-6.06032
4995.525	-5.90858	-6.35696	-4.99292	-6.12153
4999.466	-5.83640	-6.27316	-5.05888	-6.05123
5003.569	-5.87474	-6.27745	-5.06826	-5.89741
5007.570	-5.88896	-6.28310	-4.97044	-5.84138
5011.572	-5.94143	-6.28339	-4.93144	-5.77927
5015.529	-5.94168	-6.32585	-4.87239	-5.72124
5019.570	-5.98889	-6.33913	-4.87059	-5.76994
5023.572	-6.06669	-6.33854	-4.76423	-5.77932
5027.570	-6.09557	-6.29473	-4.83595	-5.81339
5031.576	-6.18277	-6.27884	-4.75524	-5.82064
5035.569	-6.12956	-6.22437	-4.71050	-5.79606
5039.571	-6.18561	-6.16089	-4.64204	-5.75120
5043.570	-6.14087	-6.15427	-4.54673	-5.65756
5047.575	-6.14410	-6.13128	-4.44763	-5.63501
5051.568	-6.16356	-6.10057	-4.48419	-5.64121
5055.573	-6.19336	-6.02289	-4.47087	-5.59617
5059.571	-6.22871	-5.97096	-4.69536	-5.47098
5063.575	-6.14688	-5.97567	-4.57453	-5.44035
5067.558	-6.12035	-5.96191	-4.68343	-5.46173
5071.525	-6.06136	-5.94655	-4.56752	-5.37787
5075.526	-5.94980	-5.85835	-4.58696	-5.38804
5079.430	-5.98955	-5.86414	-4.71136	-5.30625
5083.570	-5.87916	-5.93558	-4.81365	-5.30001
5087.569	-5.81575	-5.84628	-4.94472	-5.29162
5091.560	-5.78988	-5.80894	-4.98315	-5.26704
5095.574	-5.69453	-5.80366	-5.01369	-5.23871
5099.571	-5.74529	-5.83528	-4.92942	-5.24454
5103.572	-5.69477	-5.84844	-4.98494	-5.28472
5107.574	-5.66108	-5.78598	-4.98280	-5.33761
5111.572	-5.67280	-5.73608	-5.03107	-5.34421
5115.570	-5.63424	-5.73712	-5.01652	-5.37713
5119.570	-5.69549	-5.83187	-5.03107	-5.38756
5123.573	-5.60775	-5.79586	-5.08264	-5.38414
5127.574	-5.62480	-5.70714	-5.05523	-5.37838
5131.573	-5.72630	-5.74585	-5.00716	-5.43656
5135.571	-5.75711	-5.72638	-4.98655	-5.44527
5139.527	-5.79509	-5.76750	-4.98659	-5.48513
5143.468	-5.80845	-5.75065	-5.07498	-5.47850
5147.574	-5.83672	-5.75267	-5.07451	-5.48483
5151.549	-5.85337	-5.83608	-5.19079	-5.49426
5155.568	-5.86887	-5.92138	-5.13643	-5.52364
5159.466	-5.89055	-5.92120	-5.15566	-5.52990
5163.571	-5.89814	-5.96961	-5.19320	-5.55477
5167.572	-5.94757	-6.10473	-5.19807	-5.58170
5171.527	-5.99588	-6.16327	-5.22820	-5.60043
5175.574	-5.95972	-6.17457	-5.21968	-5.59300
5179.574	-5.94693	-6.24406	-5.25089	-5.58995
5183.569	-5.92861	-6.20726	-5.15962	-5.61880
5187.572	-5.89709	-6.14001	-5.09945	-5.60903
5191.434	-5.94585	-6.20494	-5.00534	-5.60050
5195.563	-5.90809	-6.15953	-4.80931	-5.61590
5199.574	-5.91513	-6.13991	-4.73079	-5.61212
5203.527	-5.94551	-6.11980	-4.75006	-5.58336
5207.465	-5.98579	-6.11560	-4.76100	-5.56748
5211.447	-6.00057	-6.11365	-4.63610	-5.54325
5215.445	-5.95987	-6.09629	-4.54101	-5.53610
5219.449	-5.99134	-6.11739	-4.46305	-5.54349
5223.433	-6.04895	-6.11091	-4.48993	-5.49722
5227.448	-6.03967	-6.03084	-4.37263	-5.43845
5231.446	-5.60698	-5.94710	-4.29011	-5.28459
5235.445	-3.48850	-5.11892	-3.45487	-4.49001
5239.406	-2.66023	-3.40875	-2.28088	-2.85974
5243.451	-1.44403	-2.86253	-0.63543	-1.25701
5247.445	-0.85808	-1.71836	-0.18995	-0.90731
5251.447	-0.67831	-1.49200	0.28999	-0.25080
5255.407	-0.61062	-1.22436	0.27853	0.50434
5259.447	-0.08813	-0.32269	0.87413	1.81620
5263.448	0.66290	0.49425	1.57223	2.53109
5267.449	0.42135	0.88672	1.29901	2.64065
5271.433	0.34077	0.84085	1.62929	2.55393
5275.449	0.15228	0.91732	1.75800	2.39475
5279.447	0.26557	0.80644	1.74169	2.40077
5283.447	0.32049	0.76922	1.79108	2.37738
5287.466	0.39648	0.84732	2.05115	2.45919
5291.449	0.54190	0.91455	1.98497	2.45778
5295.445	0.60124	0.98564	2.07995	2.51288
5299.448	0.64831	1.01549	2.18463	2.50327
5303.468	0.72682	1.05554	2.25930	2.51923
5307.448	0.67342	1.13188	2.31381	2.47497
5311.447	0.69719	1.14546	2.37600	2.43692
5315.451	0.69704	1.18165	2.41256	2.42166
5319.468	0.73719	1.15111	2.43967	2.41775
5323.452	0.79005	1.23008	2.51841	2.36672
5327.450	0.82597	1.22458	2.50759	2.37658
5331.452	0.86495	1.20082	2.51014	2.27928
5335.467	0.87247	1.21495	2.54033	2.26529
5339.454	0.89448	1.19498	2.55492	2.23287
5343.448	0.86069	1.17551	2.54150	2.19675
5347.448	0.85002	1.18404	2.53724	2.20982
5351.469	0.83079	1.13631	2.51135	2.19651
5355.450	0.83808	1.11621	2.50650	2.24604
5359.448	0.82640	1.09746	2.51106	2.21215
5363.435	0.83994	1.11271	2.51931	2.20889
5367.446	0.84836	1.09073	2.49944	2.32713
5371.403	0.85582	1.09080	2.50328	2.28387
5375.448	0.84314	1.11333	2.52027	2.26662
5379.449	0.85823	1.10684	2.50318	2.23727
5383.448	0.86838	1.10396	2.50759	2.22490
5387.448	0.89823	1.06471	2.52324	2.19113
5391.403	0.87101	1.02177	2.53763	2.11662
5395.451	0.87808	0.98401	2.54858	2.15554
5399.470	0.87731	0.95145	2.51178	2.09499
5403.448	0.87361	0.92512	2.47440	2.03909
5407.432	0.87478	0.88711	2.47080	2.01549
5411.449	0.86701	0.84399	2.43867	1.98940
5415.468	0.89406	0.79898	2.36495	1.95678
5419.405	0.89743	0.73535	2.33418	1.96198
5423.449	0.92949	0.68976	2.25243	1.96224
5427.452	0.94782	0.63359	2.19519	1.92638
5431.470	0.99159	0.61739	2.18092	1.94252
5435.448	0.99511	0.66799	2.16067	1.90390
5439.446	1.01417	0.69551	2.10974	1.88563
5443.449	1.04711	0.69814	2.07336	1.90845
5447.444	1.08232	0.72570	2.05107	1.88176
5451.449	1.11608	0.74216	2.07388	1.90401
5455.453	1.13796	0.88982	2.01479	1.86416
5459.421	1.16555	0.94796	2.07241	1.87985
5463.408	1.15855	0.99068	2.09147	1.88528
5467.448	1.13206	1.07148	2.07234	1.89654
5471.452	1.10537	1.09010	2.14466	1.87547
5475.453	1.05724	1.25613	2.14283	1.85764
5479.478	1.04347	1.31390	2.14364	1.90948
5483.452	1.02233	1.37055	2.14349	1.89095
5487.452	0.95599	1.40502	2.21452	1.86444
5491.441	0.94180	1.49175	2.23871	1.85677
5495.408	0.91614	1.50778	2.21254	1.84666
5499.451	0.89319	1.53068	2.16535	1.84325
5503.447	1.04089	1.56833	2.21668	1.84799
5507.453	1.51712	1.63316	2.63093	2.24322
5511.474	3.83304	3.20420	4.52930	3.49477
5515.449	3.93016	3.62536	5.06070	4.99462
5519.450	4.04132	5.24213	5.22692	5.88329
5523.453	4.01956	5.98563	5.36245	6.33201
5527.474	3.96592	6.14697	5.25584	6.50336
5531.426	3.94337	6.16378	5.24075	6.37455
5535.449	3.91647	6.08273	5.35298	6.19594
5539.452	3.87383	6.04604	5.31772	6.05557
5543.472	3.93547	5.97521	5.35820	6.18596
5547.451	3.96330	5.98160	5.42491	6.25635
5551.450	3.98477	5.92777	5.45058	6.37441
5555.453	4.02621	5.90770	5.46655	6.43556
5559.445	4.04890	5.91892	5.51346	6.51318
5563.453	4.04265	5.91663	5.51902	6.50140
5567.453	4.04685	5.91155	5.47048	6.54773
5571.409	4.10355	5.89726	5.50498	6.51288
5575.435	4.16991	5.90996	5.50663	6.52675
5579.407	4.22957	5.98870	5.46721	6.62153
5583.451	4.26371	6.05159	5.26037	6.61463
5587.451	4.30186	6.04178	5.32584	6.62863
5591.442	4.32693	6.06663	5.25475	6.58673
5595.451	4.36715	6.13316	5.19116	6.52755
5599.450	4.35425	6.20904	5.29078	6.55040
5603.452	4.36108	6.24221	5.35308	6.54589
5607.437	4.39743	6.32771	5.26408	6.51791
5611.452	4.48251	6.35980	5.35436	6.55637
5615.417	4.51361	6.40342	5.45100	6.58480
5619.451	4.57001	6.42416	5.62043	6.61942
5623.409	4.55413	6.36737	5.60504	6.65443
5627.450	4.51684	6.31115	5.64793	6.64785
5631.452	4.47383	6.29720	5.80531	6.75028
5635.453	4.44060	6.20798	5.80754	6.74591
5639.436	4.42318	6.25007	5.84055	6.81275
5643.434	4.39057	6.16836	5.87103	6.87786
5647.450	4.41995	6.14027	5.84097	6.86348
5651.453	4.38275	6.08514	5.89456	6.87745
5655.464	4.32661	6.08172	5.92682	6.94033
5659.453	4.32488	6.04672	5.88478	6.94003
5663.451	4.27550	6.03373	5.84618	6.98478
5667.453	4.27175	6.00425	5.80572	6.98716
5671.452	4.24073	6.02089	5.78148	7.00730
5675.454	4.28283	6.01426	5.71856	7.02222
5679.451	4.37283	6.11413	5.66978	7.06914
5683.451	4.45848	6.22282	5.65476	7.06011
5687.443	4.34916	6.19150	5.59656	7.03285
5691.455	4.43816	6.27386	5.60634	7.03427
5695.452	4.37061	6.34406	5.66627	7.07191
5699.411	4.34667	6.33621	5.70986	7.04900
5703.442	4.28816	6.32328	5.88749	7.02917
5707.455	4.37826	6.41719	5.89984	6.99885
5711.453	4.32706	6.42188	5.80789	7.00374
5715.455	4.34860	6.43760	5.90286	6.96949
5719.458	4.38361	6.49129	6.03699	6.98156
5723.454	4.41045	6.45134	6.08298	6.98771
5727.453	4.32503	6.43342	6.08617	6.95524
5731.465	4.34825	6.43371	6.16152	6.92323
5735.451	4.27299	6.44059	6.15595	6.96554
5739.455	4.25601	6.45242	6.07707	6.94930
5743.454	4.27624	6.51618	6.03817	6.91950
5747.453	4.26020	6.58543	5.99841	6.93252
5751.473	4.23041	6.57490	6.04033	6.92880
5755.454	4.17381	6.52498	6.03596	6.86541
5759.453	4.19571	6.54946	6.03945	6.83475
5763.454	4.14085	6.60663	5.99242	6.70654
5767.457	4.11752	6.66043	5.94256	6.61683
5771.413	4.09505	6.69480	5.95071	6.61032
5775.456	4.08192	6.71344	5.96598	6.65242
5779.440	4.10150	6.72122	5.98346	6.54603
5783.456	4.10710	6.74970	6.02789	6.50061
5787.453	4.08950	6.70611	6.02448	6.41767
5791.453	4.08515	6.70329	6.07148	6.36731
5795.454	4.09503	6.71626	6.03260	6.31467
5799.451	4.11466	6.75929	5.96080	6.25760
5803.454	4.13048	6.77512	5.94826	6.19839
5807.455	4.12732	6.76893	5.96691	6.24266
5811.453	4.09826	6.73689	6.04053	6.25840
5815.458	4.11940	6.72034	6.04696	6.21645
5819.454	4.08540	6.74788	6.05437	6.19077
5823.411	4.07552	6.75346	6.07351	6.18264
5827.452	4.04362	6.75607	6.07982	6.23009
5831.457	4.08043	6.76004	6.15573	6.26405
5835.456	4.07066	6.73592	6.15392	6.33652
5839.451	4.07372	6.70177	6.17040	6.36902
5843.453	4.10476	6.64997	6.17273	6.39161
5847.458	4.04868	6.63319	6.22456	6.44032
5851.455	4.07150	6.60918	6.25517	6.49462
5855.455	4.04999	6.55914	6.25867	6.50706
5859.455	4.01650	6.53430	6.18522	6.53015
5863.439	3.81713	6.54138	6.08681	6.61940
5867.447	3.51174	6.50584	5.36951	6.81898
5871.412	2.75658	6.72937	4.94630	7.52177
5875.455	2.61701	6.86717	4.35630	7.19705
5879.454	2.78290	7.29335	4.35894	7.60880
5883.455	2.65285	7.39495	4.68804	7.53326
5887.457	2.69787	7.36011	5.07491	7.55037
5891.412	2.67212	7.42600	5.15625	7.76368
5895.353	2.51158	7.21348	4.98945	7.57711
5899.455	2.53248	7.42823	4.91708	7.64927
5903.456	2.45151	7.40324	4.84876	7.65009
5907.455	2.40404	7.40419	4.71550	7.66185
5911.414	2.34550	7.37561	4.68545	7.65505
5915.454	2.33955	7.31290	4.64781	7.60468
5919.455	2.32692	7.21169	4.75258	7.54639
5923.457	2.30818	7.12470	4.81160	7.42294
5927.415	2.26970	7.03955	4.84962	7.45620
5931.455	2.24545	6.98145	4.84617	7.45792
5935.455	2.25920	7.03642	4.80675	7.37636
5939.459	2.30348	7.01241	4.77429	7.34468
5943.413	2.27927	7.00010	4.78794	7.35849
5947.432	2.29515	6.97104	4.77998	7.36201
5951.453	2.32372	6.96791	4.78075	7.36697
5955.456	2.33437	6.99328	4.75911	7.34294
5959.414	2.34260	6.95358	4.76091	7.36511
5963.455	2.34302	6.94323	4.75541	7.38521
5967.455	2.35640	6.95562	4.74045	7.42180
5971.453	2.35784	6.95679	4.70727	7.47214
5975.417	2.30600	6.97691	4.65397	7.47984
5979.456	2.27337	6.94178	4.62463	7.49943
5983.457	2.21373	6.93896	4.61696	7.56611
5987.444	2.18900	6.93621	4.59322	7.55575
5991.324	2.14454	6.91894	4.55189	7.64187
5995.457	2.19559	6.93439	4.54533	7.70311
5999.458	2.19497	6.94142	4.53339	7.70238
6003.458	2.18840	6.97492	4.51275	7.71247
6007.416	2.20939	7.00012	4.54849	7.77893
6011.458	2.18255	7.03935	4.58012	7.89839
6015.412	2.24877	7.06107	4.57056	7.94352
6019.458	2.31079	7.06271	4.59270	7.99405
6023.416	2.37030	7.12507	4.59702	8.01215
6027.457	2.40763	7.12984	4.56804	8.03843
6031.426	2.43924	7.09367	4.55524	8.09777
6035.456	2.45720	7.12208	4.59260	8.11641
6039.319	2.48782	7.11277	4.59679	8.16598
6043.454	2.48827	7.13093	4.61775	8.15693
6047.459	2.43025	7.06205	4.61830	8.13700
6051.452	2.41301	7.03082	4.62305	8.12996
6055.416	2.33992	7.02771	4.59366	8.11096
6059.456	2.34775	7.10228	4.56210	8.05173
6063.455	2.28945	7.07694	4.53504	8.03913
6067.457	2.19745	7.06944	4.51193	8.05532
6071.415	2.17078	7.07868	4.52259	8.05605
6075.413	2.10667	7.07311	4.50209	7.99130
6079.414	2.10820	7.07293	4.47432	7.99002
6083.458	2.06570	7.08958	4.48273	7.97876
6087.460	2.03600	7.09223	4.49181	8.01274
6091.446	2.03097	7.11039	4.48197	8.02444
6095.458	2.03504	7.13358	4.44038	8.05403
6099.457	2.04592	7.12480	4.46655	8.01729
6103.460	2.05105	7.10920	4.45530	8.02543
6107.463	2.05844	7.13758	4.49080	8.08081
6111.458	2.05831	7.14585	4.52757	8.05695
6115.453	2.05499	7.14205	4.54037	8.09595
6119.417	2.07006	7.19393	4.52025	8.19363
6123.461	2.07764	7.20568	4.55566	8.13698
6127.456	2.08959	7.17619	4.53480	8.11463
6131.456	2.09388	7.19859	4.50505	8.12079
6135.462	2.10967	7.16945	4.52042	8.07640
6139.416	2.13814	7.18387	4.51008	8.13819
6143.433	2.16173	7.18965	4.50671	8.17747
6147.460	2.16275	7.18666	4.51396	8.22474
6151.461	2.12858	7.17396	4.48078	8.24777
6155.435	2.14545	7.18706	4.51164	8.30701
6159.459	2.16587	7.19708	4.45873	8.26456
6163.458	2.05851	7.14084	4.48865	8.24604
6167.461	2.00971	7.08652	4.42237	8.26210
6171.458	1.91980	7.04170	4.40483	8.40029
6175.463	1.83122	7.04102	4.40544	8.29567
6179.459	1.83660	7.04381	4.40473	8.29386
6183.462	1.77020	7.01221	4.42313	8.14208
6187.458	1.75215	6.97996	4.35834	8.08879
6191.459	1.74191	6.97145	4.36945	7.97960
6195.446	1.73304	6.90296	4.35131	8.05950
6199.461	1.67305	6.84828	4.21264	7.86948
6203.458	1.57503	6.78018	4.21575	7.83071
6207.458	1.57590	6.71146	4.17139	7.74656
6211.460	1.64885	6.70402	4.19119	7.73868
6215.462	1.62634	6.68195	4.19980	7.69158
6219.458	1.65617	6.64683	4.18331	7.69967
6223.460	1.62601	6.59147	4.15278	7.57468
6227.460	1.61039	6.57095	4.12515	7.62988
6231.461	1.60809	6.52359	4.12063	7.60367
6235.460	1.60744	6.47406	4.12137	7.66307
6239.463	1.59167	6.45466	4.13278	7.61637
6243.311	1.60246	6.42822	4.18084	7.63375
6247.355	1.65282	6.43443	4.21837	7.62414
6251.335	1.75124	6.44061	4.20649	7.60685
6255.337	1.67695	6.45564	4.15226	7.43717
6259.331	1.67578	6.35660	3.55293	7.18005
6263.319	1.40943	3.53410	1.09274	4.47748
6267.332	0.38318	2.28474	0.87609	2.28673
6271.334	0.46860	1.13291	0.56952	1.45441
6275.336	-0.04862	0.14246	0.47810	0.50249
6279.355	0.06477	-0.78230	0.48562	-0.23501
6283.336	-0.24549	-1.53356	0.34948	-0.69824
6287.324	-0.34322	-1.59212	0.00519	-1.52399
6291.337	-1.08825	-1.94831	-0.18402	-1.60063
6295.332	-1.06666	-2.20203	-0.11046	-2.17405
6299.334	-0.90004	-2.70847	-0.70109	-2.36315
6303.334	-1.66653	-2.97637	-1.04950	-2.76211
6307.333	-1.74340	-3.48771	-0.90912	-3.22763
6311.320	-2.11326	-4.02147	-0.87696	-4.18695
6315.332	-2.35794	-4.33228	-1.17664	-4.61869
6319.335	-2.30013	-4.82614	-1.32200	-4.87769
6323.335	-1.98105	-4.92509	-1.02121	-5.07674
6327.971	-2.32181	-5.09620	-1.25284	-4.89494
6332.804	-2.25840	-5.19347	-1.20085	-4.98216
6335.334	-2.43583	-4.97307	-1.28767	-4.91445
6339.334	-2.38898	-4.98665	-1.25892	-4.96809
6343.332	-2.30068	-5.05797	-1.24922	-4.89238
6347.333	-2.16000	-5.09642	-1.20742	-4.93917
6351.335	-2.33965	-5.24956	-1.19723	-4.96384
6355.337	-2.14944	-5.22397	-1.20368	-4.98844
6359.333	-2.19472	-5.25351	-1.11075	-5.02095
6363.336	-2.27176	-5.04302	-1.11107	-4.97758
6367.318	-2.21673	-5.16059	-1.04741	-4.94982
6371.293	-2.29971	-5.13729	-1.09110	-4.92126
6375.335	-2.16587	-5.13478	-1.12427	-4.87381
6379.335	-2.16892	-5.13738	-1.11655	-4.84533
6383.338	-2.21663	-5.14502	-1.11918	-4.83166
6387.338	-2.21058	-5.18810	-1.08197	-4.82104
6391.321	-2.49191	-4.98287	-1.07222	-4.84390
6395.334	-2.39126	-5.00502	-1.05324	-4.84385
6399.337	-2.40736	-5.03120	-1.05959	-4.85369
6403.335	-2.50412	-4.99773	-1.08589	-4.83371
6407.361	-2.50702	-5.04253	-1.03082	-4.84191
6411.336	-2.43513	-5.02955	-1.05721	-4.81254
6415.337	-2.45369	-5.04034	-1.03603	-4.82086
6419.337	-1.90971	-5.05433	-1.00213	-4.85461
6423.357	-2.34946	-4.96594	-0.94644	-4.88762
6427.335	-2.19621	-4.83730	-0.97199	-4.89022
6431.335	-2.11304	-4.87100	-0.98678	-4.95756
6435.335	-2.04842	-4.87250	-0.96202	-4.96864
6439.296	-2.23011	-4.93690	-1.03079	-4.91640
6443.337	-2.26903	-4.95526	-1.07081	-4.92117
6447.339	-2.12451	-4.95655	-0.98345	-4.95238
6451.315	-2.29064	-4.92664	-1.02729	-5.02089
6455.329	-2.08818	-4.91976	-1.07197	-5.02094
6459.338	-2.06081	-4.88812	-1.09894	-5.10560
6463.337	-2.08285	-4.88505	-1.16069	-5.16730
6467.336	-2.21982	-4.89348	-1.15429	-5.19754
6471.320	-2.43072	-5.06124	-1.16892	-5.30705
6475.341	-2.44898	-4.93868	-1.15920	-5.34798
6479.336	-2.35127	-4.91625	-1.15865	-5.39080
6483.337	-2.48378	-4.98610	-1.21365	-5.44752
6487.338	-2.54767	-4.92621	-1.07331	-5.44156
6491.326	-2.54147	-4.95279	-1.07872	-5.42456
6495.320	-2.39832	-5.07341	-1.03156	-5.46709
6499.338	-2.49506	-5.05467	-1.08001	-5.46083
6503.295	-2.60421	-5.05294	-1.04826	-5.40132
6507.340	-2.42579	-5.20822	-1.12055	-5.30923
6511.341	-2.57246	-5.17258	-1.11683	-5.25780
6515.294	-2.39819	-5.38595	-1.08569	-5.21324
6519.337	-2.34057	-5.18042	-1.14521	-5.18090
6523.333	-2.32516	-5.31249	-1.14774	-5.13482
6527.337	-2.14131	-5.19326	-1.14367	-5.07079
6531.338	-2.03476	-5.30900	-1.09204	-5.06047
6535.295	-2.15418	-5.24907	-1.13367	-5.03814
6539.341	-2.22215	-5.39702	-1.12367	-5.01141
6543.342	-2.27843	-5.22871	-0.98281	-4.98671
6547.337	-2.10411	-5.16353	-0.98698	-4.94828
6551.356	-2.14250	-5.20961	-1.05049	-4.94123
6555.336	-2.10461	-5.10628	-0.96807	-4.95618
6559.339	-1.96724	-5.03351	-1.04689	-4.96141
6563.338	-1.88150	-4.94554	-0.96455	-5.02399
6567.359	-1.85031	-4.90372	-0.97653	-5.03593
6571.339	-2.01226	-5.00626	-0.98546	-5.07987
6575.327	-2.10082	-4.79357	-0.96321	-5.15976
6579.337	-2.00720	-4.82908	-0.92413	-5.23976
6583.359	-2.03345	-4.80529	-1.01347	-5.24953
6587.337	-1.96769	-4.60760	-0.99137	-5.27570
6591.337	-1.91489	-4.89790	-1.08160	-5.32004
6595.338	-1.98145	-4.95354	-1.00672	-5.34780
6599.360	-1.93353	-4.86742	-1.02774	-5.41088
6603.337	-2.01129	-4.66170	-1.01982	-5.43560
6607.338	-2.03444	-4.76644	-0.99921	-5.42947
6611.339	-2.07326	-4.85095	-1.00873	-5.46371
6615.362	-2.13589	-4.75373	-0.96911	-5.50141
6619.304	-2.07308	-4.81471	-0.99152	-5.50300
6623.339	-1.88816	-4.66678	-1.02593	-5.51089
6627.341	-2.04148	-4.64511	-1.03178	-5.55482
6631.360	-2.15415	-4.75109	-1.06446	-5.56249
6635.336	-2.10934	-4.74784	-1.09425	-5.57191
6639.339	-2.03628	-4.68998	-1.08862	-5.51955
6643.294	-2.23335	-4.49729	-1.02945	-5.44390
6647.331	-2.10369	-4.59046	-1.00648	-5.39696
6651.339	-2.07712	-4.64925	-1.01918	-5.44158
6655.338	-2.19846	-4.67481	-0.93716	-5.15061
6659.316	-1.96075	-4.56695	-0.94346	-5.07979
6663.298	-2.27017	-4.65164	-0.91207	-5.10313
6667.344	-2.22522	-4.69614	-0.86557	-5.04274
6671.340	-2.24488	-4.68670	-0.90520	-4.97284
6675.341	-2.00866	-4.58266	-0.86208	-4.96389
6679.326	-2.13123	-4.63977	-0.87644	-4.95638
6683.293	-2.21425	-5.11956	-0.87853	-4.98582
6687.338	-2.32818	-5.05578	-1.03220	-5.00266
6691.338	-2.24780	-4.87389	-1.08182	-4.96259
6695.297	-2.48440	-4.95008	-1.14357	-4.91070
6699.340	-2.30494	-4.68710	-1.17855	-4.99573
6703.341	-2.38717	-4.81618	-1.29067	-5.02257
6707.339	-2.45074	-4.80671	-1.39589	-5.00409
6711.298	-2.42572	-4.56176	-1.41903	-5.00347
6715.338	-2.31891	-4.63592	-1.53004	-5.00961
6719.337	-2.42812	-4.58901	-1.55145	-5.00036
6723.339	-2.44982	-4.63183	-1.62358	-4.97327
6727.299	-2.44061	-4.33964	-1.67911	-4.93637
6731.340	-2.39175	-4.69556	-1.32210	-4.90881
6735.339	-2.35132	-4.64847	-1.53627	-4.88794
6739.340	-2.38373	-4.69125	-1.25349	-4.90281
6743.326	-2.14808	-4.71850	-1.37322	-4.86023
6747.343	-2.26557	-4.72037	-1.11655	-4.82397
6751.341	-2.19358	-4.80307	-1.16982	-4.81231
6755.337	-2.11081	-4.81452	-1.00665	-4.84826
6759.298	-2.16981	-4.80714	-0.97529	-4.87369
6763.341	-2.05526	-4.73965	-1.02312	-4.88847
6767.343	-2.19192	-4.82319	-0.93341	-4.93211
6771.296	-2.22267	-4.87526	-0.87381	-4.95542
6775.300	-1.91764	-4.86566	-0.86394	-4.96554
6779.341	-2.05826	-4.88835	-0.84488	-4.95731
6783.321	-2.03206	-4.90441	-0.84411	-4.98890
6787.336	-2.04513	-4.81881	-0.81208	-4.96827
6791.336	-2.28522	-4.90704	-0.77878	-4.95428
6795.339	-2.39537	-5.14167	-0.80645	-4.95242
6799.339	-2.42966	-4.95553	-0.79367	-4.85590
6803.339	-2.24943	-5.08074	-0.78588	-4.78976
6807.299	-2.38318	-5.04587	-0.76846	-4.73249
6811.340	-2.27706	-5.02391	-0.76275	-4.77511
6815.340	-2.33655	-5.06757	-0.80168	-4.74639
6819.340	-2.32263	-4.87921	-0.82064	-4.73349
6823.299	-2.40647	-4.95086	-0.78625	-4.72259
6827.306	-2.39413	-4.44610	-0.76178	-4.71016
6831.342	-2.43142	-4.96875	-0.86657	-4.71579
6835.340	-2.33514	-4.73967	-0.75156	-4.71010
6839.301	-2.23040	-4.56061	-0.78419	-4.70693
6843.339	-2.27654	-4.66783	-0.77263	-4.79701
6847.341	-2.18436	-4.64720	-0.84590	-4.80780
6851.342	-2.29892	-4.50780	-0.79858	-4.80845
6855.325	-2.20077	-4.45385	-0.80057	-4.79022
6859.340	-2.30135	-4.66856	-0.72662	-4.80999
6863.341	-2.19772	-4.63345	-0.71278	-4.77491
6867.318	-2.17864	-4.56660	-0.73603	-4.72707
6871.300	-2.21249	-4.50730	-0.68275	-4.68191
6875.343	-2.25199	-4.52628	-0.66848	-4.70265
6879.347	-2.33631	-4.57365	-0.70320	-4.73806
6883.342	-2.42277	-4.70831	-0.68392	-4.76875
6887.342	-2.43159	-4.65308	-0.74392	-4.76980
6891.342	-2.49894	-4.62431	-0.86987	-4.84199
6895.348	-2.44923	-4.75395	-0.91713	-4.98811
6899.342	-2.48482	-4.75982	-0.84046	-5.00426
6903.346	-2.49515	-4.70980	-1.02436	-5.03662
6907.330	-2.47994	-4.68554	-1.10867	-4.98515
6911.344	-2.59056	-4.81738	-1.06657	-5.09308
6915.341	-2.29005	-4.75206	-1.12444	-5.09490
6919.346	-2.41016	-4.65730	-1.15560	-5.10434
6923.341	-2.22413	-4.79476	-1.10321	-5.13063
6927.344	-2.28925	-4.69154	-1.08502	-5.09714
6931.341	-2.02069	-4.72066	-1.19800	-5.06956
6935.344	-2.08372	-4.57475	-1.21417	-5.06940
6939.343	-1.94994	-4.50735	-1.08912	-5.04719
6943.343	-2.02755	-4.67488	-1.08547	-5.00378
6947.344	-1.84017	-4.56781	-1.11303	-4.98638
6951.346	-1.87651	-4.79833	-1.15238	-4.97859
6955.342	-1.83147	-4.68114	-1.09438	-4.98609
6959.335	-1.94821	-4.76972	-1.17555	-4.96322
6963.343	-2.15343	-4.62734	-1.07832	-4.96165
6967.302	-2.00623	-4.63764	-1.12410	-4.94417
6971.341	-2.00638	-4.57847	-1.21365	-4.89116
6975.343	-2.15061	-4.58109	-1.17145	-4.88095
6979.342	-2.09051	-4.52597	-1.10986	-4.86720
6983.348	-2.29327	-4.74669	-1.14928	-4.86121
6987.342	-2.17113	-4.51078	-1.27621	-4.80334
6991.326	-2.20032	-4.70339	-1.26240	-4.72056
6995.339	-2.33403	-4.66525	-1.22925	-4.76291
6999.251	-2.31421	-4.42014	-1.30154	-4.70655
7003.342	-2.32394	-4.36070	-1.30652	-4.63214
7007.341	-2.27221	-4.54218	-1.32825	-4.62869
7011.343	-2.31351	-4.25536	-1.42218	-4.62481
7015.345	-2.25474	-4.54598	-1.49309	-4.67017
7019.342	-2.22290	-4.33653	-1.52905	-4.70747
7023.344	-2.15098	-4.38725	-1.45140	-4.72488
7027.343	-2.14880	-4.29450	-1.68687	-4.71486
7031.243	-2.35033	-4.44574	-1.56742	-4.62233
7035.309	-2.07291	-4.28096	-1.07515	-4.50627
7039.341	-2.30833	-3.26428	1.81481	-4.22485
7043.347	-2.28985	-3.70129	0.25957	-4.26722
7047.346	-2.82989	-1.91453	-0.36139	-0.95296
7051.346	-2.90435	6.72482	-0.08989	2.20432
7055.344	NaN	NaN	NaN	NaN
7059.345	NaN	NaN	NaN	NaN
7063.347	NaN	NaN	NaN	NaN
7067.240	NaN	NaN	NaN	NaN
7071.344	NaN	NaN	NaN	NaN
7075.321	NaN	NaN	NaN	NaN
7079.298	NaN	NaN	NaN	NaN
7083.341	NaN	NaN	NaN	NaN
7087.343	NaN	NaN	NaN	NaN
7091.342	NaN	NaN	NaN	NaN
7095.342	NaN	NaN	NaN	NaN
7099.300	NaN	NaN	NaN	NaN
7103.343	NaN	NaN	NaN	NaN
7107.343	NaN	NaN	NaN	NaN
7111.341	NaN	NaN	NaN	NaN
7115.300	NaN	NaN	NaN	NaN
7119.332	NaN	NaN	-0.56697	8.76058
7123.343	NaN	NaN	2.53974	9.69751
7127.345	3.65144	4.77302	NaN	NaN
7131.346	3.42950	8.98880	2.55022	14.31696
7135.348	-2.56104	4.36659	1.91075	12.78700
7139.352	-2.49037	5.50060	0.26436	1.59953
7143.345	-0.00427	5.27843	0.52493	2.00502
7147.347	-1.36350	2.32749	-2.57560	2.29817
7151.347	-1.93846	1.00621	0.56369	1.93777
7155.345	-0.30434	0.92519	0.56451	1.49091
7159.317	-1.15047	0.66500	0.51185	1.52273
7163.345	-1.05711	1.04106	0.41663	1.45772
7167.239	-1.37357	1.18485	0.24006	1.63554
7171.344	1.19510	1.23651	0.41219	1.83558
7175.345	1.72976	1.52806	0.46892	1.87620
7179.349	1.34433	1.99346	0.67300	1.75904
7183.348	-0.54726	1.81216	1.12090	1.75702
7187.345	-0.30550	1.83890	1.66490	1.80991
7191.346	-0.29185	1.83071	1.81664	1.80277
7195.349	-0.09939	1.86539	1.36543	1.68751
7199.332	-0.16687	1.91301	1.38986	1.75728
7203.348	0.14158	2.13377	1.32389	1.80094
7207.344	0.14471	1.98380	1.15682	1.84247
7211.348	0.07981	1.94196	1.14511	1.71054
7215.350	0.04095	2.02454	1.11690	1.81262
7219.346	0.05279	2.02585	1.22407	1.76877
7223.346	-0.03442	1.90994	1.23032	1.75839
7227.346	-0.00687	1.84578	1.18537	1.71977
7231.349	-0.08056	1.77307	1.06848	1.64979
7235.346	-0.03777	1.70574	1.02990	1.54867
7239.348	-0.05549	1.59865	1.02293	1.54351
7243.348	-0.02119	1.55932	1.01424	1.54649
7247.348	-0.08160	1.52130	1.03161	1.54050
7251.343	-0.12811	1.42887	1.02990	1.47674
7255.327	-0.14528	1.42716	0.98085	1.46420
7259.347	-0.20554	1.38864	1.01422	1.47722
7263.245	-0.20455	1.38789	0.98884	1.44476
7267.348	-0.18186	1.30229	0.94730	1.46245
7271.303	-0.20365	1.32230	0.92639	1.50122
7275.346	-0.21130	1.30420	0.90835	1.53710
7279.307	-0.25128	1.31140	0.90637	1.63108
7283.223	-0.26929	1.35036	0.85491	1.60803
7287.211	-0.35943	1.33853	0.81034	1.61888
7291.210	-0.37886	1.28513	0.77637	1.69094
7295.214	-0.47398	1.29852	0.77096	1.68324
7299.222	-0.49982	1.29010	0.75975	1.71885
7303.223	-0.46445	1.30858	0.74151	1.75410
7307.223	-0.49815	1.28364	0.74067	1.81144
7311.242	-0.52672	1.33631	0.73020	1.81981
7315.224	-0.55818	1.32799	0.70990	1.77382
7319.221	-0.50121	1.35785	0.70995	1.73403
7323.222	-0.52875	1.34558	0.70044	1.71591
7327.212	-0.53394	1.34247	0.68791	1.67935
7331.190	-0.51977	1.33095	0.70826	1.66321
7335.222	-0.49924	1.34138	0.72598	1.66141
7339.221	-0.48021	1.36709	0.71687	1.63793
7343.240	-0.48706	1.34241	0.78771	1.59984
7347.223	-0.47830	1.32706	0.79707	1.57546
7351.222	-0.40152	1.32600	0.83396	1.52281
7355.218	-0.42365	1.32682	0.83947	1.46324
7359.241	-0.42934	1.30529	0.88686	1.42776
7363.225	-0.42423	1.30425	0.90309	1.40330
7367.223	-0.45006	1.27128	0.96524	1.34499
7371.202	-0.44090	1.24056	0.97603	1.30494
7375.198	-0.41832	1.21538	0.99226	1.28973
7379.224	-0.41025	1.20992	0.99839	1.24379
7383.222	-0.40326	1.18153	1.02104	1.21952
7387.221	-0.36769	1.18278	0.99864	1.21205
7391.242	-0.38025	1.19922	1.02298	1.20680
7395.224	-0.39735	1.21777	0.99268	1.19817
7399.221	-0.38313	1.12654	1.00854	1.20256
7403.221	-0.36866	1.15978	0.97750	1.20677
7407.245	-0.35372	1.09038	0.95229	1.25145
7411.223	-0.33888	1.11246	1.05855	1.39442
7415.219	-0.28515	1.07310	1.25031	1.43946
7419.224	-0.26706	1.10206	1.34881	1.41892
7423.246	-0.25515	1.16342	1.46519	1.44663
7427.225	-0.27282	1.19675	1.26922	1.51125
7431.222	-0.32168	1.14567	1.36796	1.56508
7435.223	-0.32146	1.15434	1.25699	1.68247
7439.243	-0.34841	1.10046	1.21058	1.73167
7443.226	-0.33858	1.20454	1.12494	1.83016
7447.228	-0.32191	1.17573	1.55626	1.73221
7451.223	-0.33841	1.21211	1.53954	1.74322
7455.213	-0.28111	1.24287	1.59063	1.73695
7459.224	-0.32275	1.26182	1.45775	1.65187
7463.223	-0.30669	1.27222	1.50264	1.73796
7467.222	-0.28426	1.26289	1.46244	1.81215
7471.219	-0.24341	1.24859	1.49371	1.81664
7475.225	-0.16355	1.28130	1.49636	1.86381
7479.223	-0.14784	1.34627	1.54525	1.83317
7483.226	-0.12607	1.34667	1.56511	1.89008
7487.243	-0.11960	1.33326	1.62651	1.79037
7491.226	-0.06636	1.37201	1.61104	1.88946
7495.213	-0.05859	1.37250	1.60600	1.80309
7499.214	-0.05609	1.35725	1.57711	1.81133
7503.220	-0.03226	1.39766	1.58557	1.86261
7507.227	-0.01918	1.36575	1.57756	1.86173
7511.221	-0.04507	1.37680	1.58792	1.83609
7515.223	-0.05993	1.35422	1.57448	1.77989
7519.246	-0.12240	1.32440	1.56590	1.75047
7523.190	-0.13568	1.27564	1.56367	1.75176
7527.222	-0.14419	1.24258	1.60394	1.69691
7531.224	-0.14039	1.22567	1.62450	1.71141
7535.247	-0.15973	1.15880	1.66279	1.65884
7539.226	-0.17990	1.12157	1.65037	1.64423
7543.226	-0.21197	1.07964	1.68260	1.62911
7547.226	-0.22316	1.03751	1.63707	1.55169
7551.183	-0.22284	1.03942	1.61280	1.54083
7555.192	-0.22988	1.01485	1.60920	1.51855
