time (ms)	lx (deg)	ly (deg)	rx (deg)	ry (deg)
0.000	NaN	NaN	12.79227	12.10908
3.991	NaN	NaN	12.68782	10.92462
8.002	NaN	NaN	12.76598	11.08613
11.957	NaN	NaN	12.63251	7.95415
15.989	NaN	NaN	12.67834	12.99456
20.003	NaN	NaN	12.85234	10.84572
24.006	NaN	NaN	12.87402	12.13189
28.025	NaN	NaN	12.87397	10.97708
32.004	NaN	NaN	12.78382	9.79559
36.003	NaN	NaN	12.80829	12.30306
39.992	NaN	NaN	12.92312	10.65704
44.024	NaN	NaN	13.03018	10.24895
48.003	NaN	NaN	12.99008	12.40918
52.001	NaN	NaN	12.92868	8.71667
56.007	NaN	NaN	13.10916	12.63253
60.024	NaN	NaN	12.91468	10.57768
64.002	NaN	NaN	13.08258	12.64254
68.001	NaN	NaN	13.03454	12.47900
72.003	NaN	NaN	12.73179	10.42693
76.025	NaN	NaN	12.76749	12.70164
80.002	NaN	NaN	12.96180	12.80530
83.985	NaN	NaN	12.84923	11.99488
88.003	NaN	NaN	12.84888	12.83123
92.023	NaN	NaN	12.84628	10.94489
96.003	NaN	NaN	12.69183	12.59394
100.000	NaN	NaN	12.19579	12.64253
103.992	8.04519	13.34517	8.24808	12.39026
108.003	6.69965	11.30843	6.56076	12.98135
112.024	5.85868	8.98955	4.86322	10.76750
116.003	4.92048	7.30740	4.28715	7.28887
120.006	4.12525	6.13127	4.32106	7.26598
124.004	3.39057	4.89189	3.95755	4.76171
128.024	2.12228	4.10192	2.88324	4.02051
132.002	1.98353	2.65864	2.16984	3.41899
136.005	1.51849	1.89305	1.33984	2.37781
140.003	0.92071	0.73244	0.74826	1.69127
144.024	0.48815	0.06130	0.21589	0.71445
148.002	-0.19172	-0.15993	-0.24090	0.59437
152.005	-0.65196	-0.54559	-0.27135	0.24434
156.003	-0.99090	-0.54079	-0.31630	0.00770
159.990	-1.05406	-0.72280	-0.32019	-0.10983
164.003	-0.87371	-0.80593	-0.21502	0.31667
167.959	-0.89510	-0.68048	-0.23316	-0.05912
172.002	-0.80034	-0.66815	-0.18152	-0.23105
176.028	-0.79424	-0.69530	-0.28587	-0.23445
180.002	-0.81439	-0.92824	-0.30699	-0.31602
184.003	-0.92830	-0.86181	-0.34367	-0.39944
188.005	-0.99881	-0.86975	-0.30595	-0.36545
192.024	-0.98889	-0.85022	-0.26344	-0.42285
196.002	-0.95616	-0.92264	-0.24679	-0.43711
199.961	-0.90900	-1.09063	-0.21306	-0.41336
204.005	-1.05528	-0.86772	-0.24445	-0.44762
208.026	-1.03538	-0.82572	-0.28622	-0.50174
211.995	-0.98703	-0.74686	-0.28620	-0.48839
216.003	-1.05436	-0.92318	-0.33600	-0.45015
219.958	-1.05729	-1.00386	-0.32558	-0.40667
224.027	-1.00851	-0.98738	-0.35931	-0.32961
228.003	-1.02077	-0.92717	-0.35620	-0.25445
232.001	-1.13950	-1.00981	-0.38105	-0.25003
236.003	-1.09358	-0.78497	-0.40651	-0.21859
239.989	-1.21224	-0.81486	-0.40199	-0.23330
244.003	-1.17766	-0.61648	-0.44085	-0.24960
248.003	-1.12921	-0.71714	-0.39469	-0.15923
251.973	-1.15893	-0.72091	-0.38842	-0.11900
255.965	-1.15434	-0.69257	-0.42728	-0.09815
260.004	-1.19812	-0.63841	-0.45229	-0.07283
264.005	-1.27142	-0.58170	-0.43639	-0.10635
268.010	-1.28269	-0.49188	-0.39608	-0.13120
271.989	-1.25066	-0.44558	-0.39598	-0.14519
276.005	-1.02231	0.30629	-0.44043	-0.17026
280.005	-1.14245	-0.14111	-0.40576	-0.19113
284.003	-1.05414	-0.14005	-0.40881	-0.18209
287.993	-0.97137	-0.13869	-0.37549	-0.18510
291.985	-0.89078	-0.03029	-0.35645	-0.23696
296.005	-0.96636	-0.41246	-0.33963	-0.26369
300.003	-1.12266	-1.01546	-0.35298	-0.26774
303.989	-1.02283	-0.39526	-0.33764	-0.34204
308.004	-0.84575	-0.62648	-0.30950	-0.41007
312.004	-0.60947	-0.47341	-0.22514	-0.35427
316.005	-0.13528	-0.33511	0.10381	-0.28939
319.963	0.21586	-0.40245	0.65325	-0.21908
324.003	-0.02489	-0.36861	0.72293	-0.24854
328.005	-0.32685	-0.44215	0.58441	-0.22390
332.005	-0.23353	-0.42377	0.48986	-0.19126
335.962	-0.28160	-0.52420	0.77727	-0.17641
339.998	-0.12744	-0.46059	0.74327	-0.15820
344.004	-0.02680	-0.43945	0.80464	-0.11859
348.006	-0.03534	-0.37226	0.80590	-0.09089
351.991	-0.02117	-0.35477	0.81225	-0.06107
356.008	-0.00365	-0.35002	0.87275	-0.11529
360.006	-0.07455	-0.36232	0.91287	-0.06723
364.005	-0.09451	-0.35613	0.92180	-0.09933
367.990	-0.12109	-0.37107	0.91909	-0.11350
372.002	-0.10332	-0.39293	0.97182	-0.11300
375.975	-0.07356	-0.40578	0.97502	-0.12495
380.002	-0.05740	-0.41475	0.96963	-0.09158
384.005	-0.08912	-0.40797	0.95681	-0.12271
388.008	-0.11781	-0.39857	0.97417	-0.09074
392.005	-0.13454	-0.42372	0.97901	-0.06080
396.005	-0.13719	-0.42506	0.93520	-0.00072
399.997	-0.14570	-0.40409	0.92549	0.03558
403.962	-0.15325	-0.37343	0.92974	0.02442
408.004	-0.13774	-0.36913	0.88803	0.07461
412.008	-0.10788	-0.38096	0.82662	0.06535
415.994	-0.04852	-0.34865	0.79414	0.06202
420.001	-0.03658	-0.34180	0.71548	0.02706
424.007	0.00119	-0.32266	0.62848	0.02159
428.006	-0.03546	-0.27843	0.51515	0.04502
432.010	-0.02467	-0.26621	0.50572	-0.00972
436.008	-0.10885	-0.29993	0.45075	-0.00211
440.006	0.01258	-0.34505	0.39695	-0.00770
444.006	0.00293	-0.36056	0.53210	-0.04192
448.010	-0.07676	-0.40071	0.47949	-0.08724
452.005	-0.01611	-0.36071	0.50795	-0.11077
456.012	-0.14173	-0.20371	0.46636	-0.12643
459.976	-0.14072	-0.18237	0.45676	-0.13242
464.001	-0.16159	-0.00718	0.55146	-0.10565
468.421	-0.17174	0.09356	0.54285	-0.15806
472.005	-0.16176	-0.39800	0.71057	-0.19125
475.969	-0.13933	-0.39693	0.67479	-0.17925
479.901	-0.09237	-0.23559	0.72434	-0.18260
484.007	-0.08386	-0.18577	0.73489	-0.19689
488.006	-0.04375	-0.14497	0.70087	-0.16884
492.005	-0.01551	-0.07045	0.66672	-0.14347
496.011	0.01094	-0.14214	0.59751	-0.13868
499.987	0.08391	-0.15150	0.58290	-0.08717
504.002	0.10168	-0.16612	0.61483	-0.05186
508.008	0.13402	-0.23348	0.63213	-0.00537
512.011	0.14131	-0.23728	0.66238	0.02810
516.007	0.13717	-0.17789	0.60741	0.08468
520.007	0.19775	-0.13376	0.59459	0.12342
524.011	0.22678	-0.13515	0.57674	0.17314
528.014	0.23237	-0.10454	0.65325	0.19279
531.964	0.19566	-0.10566	0.55223	0.19603
536.008	0.16975	-0.10700	0.47917	0.18408
540.008	0.16484	-0.07768	0.59270	0.20497
543.965	0.08225	-0.04550	0.59464	0.22962
548.007	0.14863	0.00467	0.61290	0.22837
552.007	0.13250	-0.04851	0.57853	0.21712
556.008	0.11086	-0.11065	0.54327	0.23022
559.965	-0.02139	-0.16010	0.47892	0.21320
564.007	-0.08386	-0.10285	0.47832	0.17558
568.009	-0.19618	-0.09003	0.46396	0.18586
572.007	-0.19127	-0.07703	0.52582	0.18882
575.967	-0.20519	-0.01660	0.49115	0.18002
580.008	-0.24321	0.02030	0.51252	0.21866
584.007	-0.32863	0.02053	0.49865	0.23054
588.006	-0.29885	0.04458	0.48172	0.26130
592.011	-0.34370	0.13456	0.48423	0.24602
596.007	-0.35546	0.15848	0.55342	0.24497
600.007	-0.38008	0.12129	0.60652	0.25382
604.008	-0.33315	0.11560	0.55543	0.25168
608.012	-0.28473	0.10213	0.62181	0.25563
612.010	-0.26743	0.07074	0.57937	0.23822
616.007	-0.24708	0.10081	0.56210	0.22867
620.011	-0.21177	0.12584	0.52275	0.22979
624.014	-0.21398	0.11567	0.50443	0.15709
628.010	-0.12806	0.08215	0.49083	0.13468
632.008	-0.12811	-0.05010	0.51664	0.14283
636.009	-0.09761	-0.07673	0.47520	0.15398
640.011	-0.11113	-0.09172	0.46755	0.14534
644.011	-0.11932	-0.06227	0.43450	0.14849
648.008	-0.16553	-0.03757	0.45669	0.20895
652.008	-0.17854	0.02505	0.44996	0.15376
656.012	-0.25795	0.06083	0.49470	0.19193
660.010	-0.16226	0.13495	0.46743	0.22547
664.009	-0.25912	0.16626	0.48234	0.26190
668.011	-0.27068	-0.02947	0.51473	0.33547
672.012	-0.24073	-0.17558	0.50622	0.37200
676.009	-0.28324	-0.16363	0.49731	0.42890
680.008	-0.26937	-0.10678	0.46904	0.49517
684.008	-0.27910	-0.16435	0.43894	0.48856
688.013	-0.26294	-0.13247	0.38489	0.54976
692.010	-0.18422	-0.12839	0.29483	0.46536
696.007	-0.16238	-0.19795	0.27972	0.48057
700.007	-0.10907	-0.20309	0.25954	0.48742
704.011	-0.08396	-0.19661	0.25346	0.46638
708.011	-0.06137	-0.24382	0.22353	0.47610
712.010	-0.00849	-0.17814	0.20318	0.44379
716.009	0.01549	-0.11314	0.20723	0.43726
719.897	0.03998	-0.07455	0.19256	0.39847
723.967	0.03517	-0.01869	0.18390	0.37653
728.009	0.05631	0.02502	0.22251	0.37658
732.009	0.03167	0.06622	0.23482	0.34756
736.013	0.02209	0.07519	0.30421	0.36781
740.009	0.03398	0.14415	0.31166	0.37720
744.011	0.02675	0.16413	0.29855	0.36873
747.966	-0.02720	0.15295	0.25063	0.37129
751.909	-0.01571	0.13883	0.23495	0.35802
756.010	-0.01228	0.12949	0.17375	0.35762
760.015	-0.06480	0.11311	0.14903	0.35181
764.004	-0.08009	0.07929	0.21862	0.37787
768.014	-0.03058	0.02696	0.19886	0.39102
772.011	-0.06753	0.01903	0.21432	0.43207
776.013	-0.01310	0.03941	0.30880	0.47425
780.012	-0.03956	0.00698	0.24341	0.45813
784.015	-0.11280	-0.06756	0.26547	0.46476
788.010	-0.11210	-0.11242	0.34878	0.47209
791.976	-0.15111	-0.15710	0.29972	0.48198
796.009	-0.22581	-0.19417	0.40809	0.44041
800.013	-0.22177	-0.20080	0.37216	0.36857
804.010	-0.23160	-0.14837	0.43897	0.37153
808.010	-0.21174	-0.14395	0.39492	0.30370
812.010	-0.28026	-0.10044	0.43234	0.29778
816.011	-0.20430	-0.10071	0.39383	0.32206
820.010	-0.00189	-0.10581	0.41939	0.37113
824.016	-0.19383	-0.08006	0.41055	0.35697
828.011	-0.26766	-0.02125	0.43209	0.34738
831.909	-0.19112	-0.01290	0.42428	0.38480
835.885	-0.19943	0.00373	0.38708	0.43348
840.012	-0.14804	-0.03141	0.36320	0.40627
843.884	-0.19380	-0.03750	0.42919	0.44550
847.907	-0.24562	-0.08936	0.50607	0.32029
851.886	-0.33536	-0.13863	0.45264	0.39446
855.884	-0.23090	-0.22081	0.55915	0.40410
859.891	-0.30034	-0.25358	0.46778	0.37140
863.904	-0.34913	-0.24757	0.30146	0.39802
867.886	-0.30262	-0.24613	0.42276	0.43578
871.889	-0.21239	-0.21517	0.41363	0.32340
875.887	-0.17352	-0.18664	0.51830	0.33589
879.888	-0.09572	-0.20853	0.46294	0.31637
883.885	-0.17911	-0.13630	0.50103	0.35945
887.887	-0.22877	-0.17240	0.50905	0.39950
891.886	-0.18951	-0.07109	0.46837	0.57246
895.908	-0.30066	-0.08819	0.49220	0.54227
899.896	-0.28575	-0.08550	0.42837	0.60993
903.886	-0.22313	-0.01603	0.41710	0.58683
907.887	-0.16988	0.03601	0.45996	0.52617
911.908	-0.20780	0.04555	0.47865	0.52163
915.887	-0.26138	0.01782	0.49143	0.48925
919.852	-0.29937	-0.02552	0.59198	0.49488
923.877	-0.34655	-0.05255	0.61121	0.53250
927.906	-0.35682	-0.07735	0.64402	0.46452
931.886	-0.33047	-0.16380	0.62588	0.44648
935.889	-0.27453	-0.07999	0.62933	0.43033
939.887	-0.25818	-0.13053	0.58061	0.37373
943.909	-0.25671	-0.10571	0.68275	0.37353
947.887	-0.30143	-0.15948	0.72950	0.42150
951.888	-0.33918	-0.16601	0.68923	0.50518
955.887	-0.34159	-0.15734	0.69833	0.48610
959.881	-0.36439	-0.14432	0.66620	0.51393
963.858	-0.33876	-0.11952	0.58987	0.57399
967.842	-0.39904	-0.10879	0.61888	0.65463
971.842	-0.41958	-0.08724	0.57878	0.57605
975.845	-0.49498	-0.08155	0.54290	0.64627
979.887	-0.52260	-0.15677	0.52049	0.67422
983.888	-0.52190	-0.14325	0.49738	0.61621
987.879	-0.46857	-0.11336	0.48068	0.55492
991.906	-0.41738	-0.09567	0.36231	0.52268
995.887	-0.39991	-0.14529	0.28823	0.49957
999.889	-0.39492	-0.10784	0.23676	0.45202
1003.877	-0.35990	-0.11560	0.28788	0.51001
1007.911	-0.34449	-0.08590	0.18832	0.49294
1011.844	-0.26954	-0.03683	0.20137	0.45480
1015.889	-0.27334	0.07365	0.20412	0.45647
1019.890	-0.21447	0.11624	0.14057	0.48840
1023.910	-0.18516	0.12623	0.13960	0.52338
1027.888	-0.22336	0.19332	0.18551	0.59124
1031.890	-0.28066	0.18219	0.17243	0.57864
1035.890	-0.42462	0.15309	0.22711	0.60711
1039.909	-0.45043	0.17471	0.26962	0.59543
1043.890	-0.44770	0.17245	0.36931	0.64748
1047.852	-0.43021	0.14593	0.46376	0.64032
1051.890	-0.42852	0.09992	0.36330	0.52765
1055.912	-0.59724	0.03352	0.45855	0.37265
1059.892	-0.47957	-0.03797	0.52706	0.44703
1063.888	-0.53520	-0.00875	0.56769	0.46698
1067.844	-0.59856	-0.03255	0.61992	0.44859
1071.885	-0.51399	-0.04393	0.63290	0.45994
1075.890	-0.53592	-0.10764	0.67853	0.43991
1079.889	-0.49974	-0.09052	0.69635	0.40727
1083.889	-0.41527	-0.03514	0.65288	0.32677
1087.849	-0.42772	-0.02950	0.77054	0.18098
1091.846	-0.42651	-0.04098	0.71836	0.19647
1095.844	-0.42934	0.00204	0.73831	0.24248
1099.888	-0.47875	0.05834	0.64737	0.33840
1103.879	-0.70975	-0.00837	-1.76936	0.32981
1107.889	-1.67717	-0.19250	-2.96621	0.21798
1111.888	-3.85234	-0.19993	-4.07424	-0.04167
1115.900	-4.29098	-0.31440	-4.61132	0.04070
1119.872	-4.80463	-0.54487	-4.85825	-0.24170
1123.891	-5.92474	-0.42571	-4.96379	-0.16161
1127.881	-5.68875	-0.48043	-4.97130	-0.29234
1131.888	-5.96993	-0.53821	-5.05885	-0.33482
1135.878	-5.97438	-0.61993	-5.09830	-0.39289
1139.888	-5.79037	-0.64604	-5.06520	-0.50847
1143.887	-5.99060	-0.72001	-5.08106	-0.42577
1147.888	-6.09062	-0.85897	-5.23224	-0.48599
1151.874	-6.28479	-0.79958	-5.27707	-0.57904
1155.888	-6.47877	-0.79076	-5.32491	-0.57483
1159.892	-6.66073	-0.84752	-5.41167	-0.56983
1163.890	-6.52062	-0.76001	-5.36467	-0.58825
1167.879	-6.62721	-0.81725	-5.39827	-0.61469
1171.859	-6.73941	-0.85274	-5.44156	-0.59127
1175.889	-6.74851	-0.88393	-5.51329	-0.59152
1179.890	-6.69204	-0.87212	-5.45813	-0.59600
1183.914	-6.81965	-0.84387	-5.45363	-0.58443
1187.848	-6.85515	-0.80856	-5.51681	-0.55051
1191.891	-6.86648	-0.74312	-5.45125	-0.55265
1195.889	-6.86890	-0.67935	-5.43954	-0.46745
1199.881	-6.83399	-0.64963	-5.44286	-0.42861
1203.893	-6.76738	-0.62810	-5.38344	-0.41943
1207.889	-6.73182	-0.61255	-5.38061	-0.37742
1211.891	-6.69508	-0.53763	-5.35192	-0.35587
1215.888	-6.63991	-0.52197	-5.33898	-0.34506
1219.846	-6.59253	-0.50450	-5.29932	-0.31577
1223.859	-6.57098	-0.48665	-5.25594	-0.34714
1227.888	-6.53708	-0.48196	-5.31718	-0.33441
1231.882	-6.50526	-0.50757	-5.27265	-0.39919
1235.890	-6.47480	-0.53207	-5.32119	-0.41002
1239.893	-6.43052	-0.59219	-5.35788	-0.46969
1243.891	-6.41589	-0.61625	-5.34093	-0.51730
1247.881	-6.46260	-0.65123	-5.35896	-0.61109
1251.891	-6.44853	-0.66986	-5.32442	-0.67891
1255.893	-6.48286	-0.71776	-5.27771	-0.71278
1259.891	-6.56196	-0.78369	-5.26332	-0.75466
1263.889	-6.60970	-0.81637	-5.26002	-0.82485
1267.893	-6.59008	-0.83086	-5.32011	-0.86042
1271.893	-6.65191	-0.81827	-5.29265	-0.86642
1275.891	-6.65265	-0.84492	-5.25340	-0.84510
1279.884	-6.69400	-0.80285	-5.21855	-0.87016
1283.891	-6.74907	-0.74806	-5.23366	-0.88612
1287.893	-6.74689	-0.65907	-5.23755	-0.91721
1291.895	-6.74966	-0.62499	-5.21164	-0.90817
1295.890	-6.74386	-0.53595	-5.25151	-0.90643
1299.892	-6.69583	-0.43105	-5.27392	-0.90736
1303.893	-6.70727	-0.34511	-5.29425	-0.89328
1307.891	-6.68563	-0.32693	-5.33871	-0.91535
1311.889	-6.72073	-0.34500	-5.37603	-0.93506
1315.892	-6.70541	-0.33660	-5.43310	-0.94773
1319.893	-6.68913	-0.36047	-5.43443	-0.97998
1323.848	-6.69326	-0.34934	-5.48659	-0.98405
1327.889	-6.62074	-0.42070	-5.47237	-1.00356
1331.888	-6.62980	-0.45537	-5.49935	-1.00415
1335.885	-6.58188	-0.52613	-5.49546	-0.97966
1339.847	-6.54734	-0.53957	-5.51125	-0.96111
1343.891	-6.53972	-0.57231	-5.48371	-0.93452
1347.891	-6.52069	-0.63632	-5.46920	-0.93096
1351.893	-6.53637	-0.65331	-5.43339	-0.90833
1355.891	-6.54585	-0.64046	-5.42456	-0.87897
1359.890	-6.57281	-0.64546	-5.39608	-0.88697
1363.892	-6.63318	-0.63899	-5.37291	-0.90491
1367.847	-6.65595	-0.62393	-5.34287	-0.89825
1371.892	-6.61606	-0.61344	-5.34545	-0.87715
1375.885	-6.67872	-0.59372	-5.34954	-0.86226
1379.863	-6.74792	-0.57093	-5.37711	-0.82672
1383.892	-6.78135	-0.56102	-5.36745	-0.83144
1387.893	-6.82922	-0.53803	-5.40437	-0.86383
1391.888	-6.85948	-0.52704	-5.40154	-0.92293
1395.892	-6.84791	-0.50546	-5.37212	-0.90667
1399.892	-6.79582	-0.49348	-5.35013	-0.90794
1403.849	-6.76359	-0.52218	-5.35677	-0.91263
1407.893	-6.77215	-0.53520	-5.37815	-0.91272
1411.892	-6.79114	-0.56321	-5.37945	-0.93273
1415.892	-6.86378	-0.58641	-5.40149	-0.98755
1419.895	-6.87966	-0.64606	-5.41913	-1.00365
1423.891	-6.87964	-0.61723	-5.33150	-1.00955
1427.894	-6.85505	-0.69062	-5.28443	-0.87222
1431.893	-6.83824	-0.75022	-5.27299	-0.74903
1435.894	-6.81571	-0.80638	-5.23344	-0.71919
1439.887	-6.77196	-0.83097	-5.23955	-0.72317
1443.892	-6.76383	-0.94015	-5.23871	-0.70761
1447.892	-6.77423	-0.90848	-5.19921	-0.69394
1451.896	-6.74506	-0.87743	-5.21427	-0.72164
1455.888	-6.78527	-0.83852	-5.19113	-0.48221
1459.894	-6.78874	-0.85914	-5.13961	-0.55667
1463.855	-6.74344	-0.81447	-5.11669	-0.49068
1467.847	-6.72156	-0.81083	-5.11167	-0.40795
1471.851	-6.62632	-0.65333	-5.16371	-0.34959
1475.848	-6.65350	-0.64145	-5.21173	-0.22653
1479.892	-4.13312	-0.57102	-2.27597	-0.36320
1483.894	-1.38250	0.30101	0.59337	-0.53021
1487.853	-4.17971	-0.35791	0.42966	-0.30792
1491.893	NaN	NaN	-1.99892	-0.36096
1495.894	NaN	NaN	-2.16625	-0.08309
1499.894	NaN	NaN	-8.36780	-3.48864
1503.852	NaN	NaN	NaN	NaN
1507.893	NaN	NaN	3.90807	14.71196
1511.889	NaN	NaN	NaN	NaN
1515.893	NaN	NaN	NaN	NaN
1519.891	NaN	NaN	NaN	NaN
1523.889	NaN	NaN	NaN	NaN
1527.890	NaN	NaN	NaN	NaN
1531.878	NaN	NaN	NaN	NaN
1535.895	NaN	NaN	NaN	NaN
1539.890	NaN	NaN	NaN	NaN
1543.889	NaN	NaN	3.46333	13.86225
1547.886	NaN	NaN	NaN	NaN
1551.786	NaN	NaN	NaN	NaN
1555.894	NaN	NaN	3.97852	14.63354
1559.890	NaN	NaN	NaN	NaN
1563.891	NaN	NaN	2.45441	3.14945
1567.895	-0.60635	14.68242	2.63601	-1.19941
1571.896	2.77064	14.61548	2.28611	-1.31684
1575.895	-1.77578	-1.66464	2.21142	-1.29686
1579.894	-1.29563	-1.81327	0.91765	-1.38199
1583.896	-1.08081	-1.81246	-0.24388	-1.39263
1587.897	-1.13164	-1.91821	-0.73032	-1.43179
1591.894	-1.75200	-1.90151	-1.86208	-1.39938
1595.792	-2.17514	-1.93340	-2.12459	-1.33309
1599.893	-3.51320	-1.89806	-2.10409	-1.34803
1603.885	-3.54442	-1.88462	-2.09628	-1.36588
1607.894	-3.55545	-1.93095	-2.00420	-1.35801
1611.791	-3.80962	-1.92262	-1.99364	-1.39237
1615.894	-3.87991	-1.94958	-2.05177	-1.36760
1619.897	-3.87282	-1.96571	-2.23848	-1.43295
1623.896	-3.91677	-1.93310	-2.37612	-1.48308
1627.853	-3.97111	-1.94560	-2.40060	-1.57343
1631.892	-3.96995	-1.88991	-2.43392	-1.55166
1635.896	-4.01971	-1.83701	-2.42698	-1.57839
1639.895	-4.04525	-1.76650	-2.38110	-1.57790
1643.794	-4.07303	-1.76317	-2.39158	-1.60009
1647.895	-4.01285	-1.82845	-2.34552	-1.52743
1651.898	-4.07804	-1.85255	-2.41009	-1.65507
1655.893	-4.08700	-1.82472	-2.35893	-1.54230
1659.792	-4.08727	-1.75388	-2.41616	-1.63487
1663.895	-4.12557	-1.73946	-2.38286	-1.62074
1667.864	-4.14685	-1.75375	-2.42666	-1.61024
1671.894	-4.10461	-1.70771	-2.39512	-1.67706
1675.773	-4.06263	-1.67941	-2.41048	-1.64750
1679.894	-4.02584	-1.79522	-2.38189	-1.68442
1683.896	-4.04619	-1.84415	-2.41120	-1.63301
1687.899	-4.01803	-1.82369	-2.44125	-1.62027
1691.792	-4.04125	-1.79640	-2.47759	-1.69380
1695.895	-4.03273	-1.71021	-2.52431	-1.68268
1699.895	-4.08108	-1.69924	-2.56907	-1.68691
1703.895	-4.10078	-1.69134	-2.60280	-1.68297
1707.792	-4.15929	-1.68446	-2.58157	-1.72072
1711.871	-4.14253	-1.72572	-2.55955	-1.71463
1715.895	-4.18230	-1.76387	-2.56273	-1.67271
1719.851	-4.20797	-1.74135	-2.59259	-1.64613
1723.758	-4.28802	-1.72280	-2.63036	-1.67696
1727.895	-4.30295	-1.68544	-2.64909	-1.71195
1731.897	-4.21560	-1.71182	-2.60431	-1.71628
1735.895	-4.17749	-1.73308	-2.58511	-1.71859
1739.757	-4.03438	-1.72942	-2.47539	-1.69142
1743.896	-4.03238	-1.74721	-2.45210	-1.71564
1747.898	-3.99857	-1.75516	-2.34664	-1.69344
1751.890	-3.84288	-1.72256	-2.53699	-1.59520
1755.856	-3.83853	-1.54448	-2.38452	-1.52361
1759.897	-3.59397	-1.58371	-0.31632	-1.38612
1763.901	-3.42844	-1.18607	2.41321	-1.12380
1767.898	-3.17663	9.62235	0.52667	-1.43234
1771.757	-1.15754	14.90234	NaN	NaN
1775.894	NaN	NaN	NaN	NaN
1779.897	NaN	NaN	NaN	NaN
1783.853	NaN	NaN	NaN	NaN
1787.857	NaN	NaN	NaN	NaN
1791.894	NaN	NaN	NaN	NaN
1795.864	NaN	NaN	NaN	NaN
1799.893	NaN	NaN	NaN	NaN
1803.853	NaN	NaN	NaN	NaN
1807.896	NaN	NaN	NaN	NaN
1811.895	NaN	NaN	NaN	NaN
1815.899	NaN	NaN	NaN	NaN
1819.853	NaN	NaN	NaN	NaN
1823.894	NaN	NaN	NaN	NaN
1827.894	NaN	NaN	NaN	NaN
1831.896	NaN	NaN	NaN	NaN
1835.853	NaN	NaN	NaN	NaN
1839.853	NaN	NaN	NaN	NaN
1843.852	NaN	NaN	NaN	NaN
1847.895	NaN	NaN	NaN	NaN
1851.898	NaN	NaN	15.89969	0.84007
1855.897	NaN	NaN	14.73583	-0.06070
1859.895	14.03671	13.89849	6.37530	12.39088
1863.796	13.84460	1.15064	14.02643	-3.67659
1867.900	14.01062	-0.71943	14.13493	-4.16393
1871.901	14.17558	-2.09610	5.28187	-3.40327
1875.898	3.65112	-5.14013	4.62513	-3.73182
1879.798	14.02288	-2.75472	4.19835	-4.30123
1883.751	13.57806	-2.80554	4.14428	-4.43283
1887.730	3.11584	-3.74352	4.04038	-4.50754
1891.774	2.99368	-4.75877	7.38461	-4.34397
1895.793	2.74083	-5.17522	6.91444	-4.31477
1899.771	2.51859	-5.26357	7.39881	-4.10315
1903.729	6.06649	-5.45935	7.63347	-4.15171
1907.773	6.14052	-5.53327	7.61182	-4.18771
1911.794	6.14111	-5.52790	7.53893	-4.24399
1915.779	6.14361	-5.14133	7.42639	-4.20947
1919.770	5.90823	-5.40194	7.27375	-4.28164
1923.772	5.72320	-5.43262	7.26307	-4.29228
1927.793	5.87378	-5.50880	7.26056	-4.30424
1931.773	5.84382	-5.49763	7.22869	-4.24666
1935.775	5.90698	-5.53323	7.23469	-4.25779
1939.773	5.94833	-5.50863	7.28649	-4.32110
1943.797	5.97246	-5.53233	7.23472	-4.31458
1947.774	6.00013	-5.54104	7.23281	-4.33833
1951.774	5.79396	-5.55555	7.16390	-4.32526
1955.774	5.83012	-5.53411	7.13905	-4.32262
1959.769	5.59629	-5.58158	7.13896	-4.32434
1963.776	5.61288	-5.58473	7.12874	-4.29595
1967.739	5.74175	-5.54825	7.10223	-4.26044
1971.773	5.70610	-5.52691	7.09568	-4.23198
1975.732	5.73178	-5.47488	7.09458	-4.23731
1979.773	5.72785	-5.50551	7.04340	-4.26375
1983.773	5.71851	-5.55589	7.00482	-4.22439
1987.775	5.70794	-5.51881	6.97917	-4.18417
1991.765	5.72232	-5.49506	6.95235	-4.23917
1995.775	5.77745	-5.47917	6.99133	-4.34703
1999.774	5.73718	-5.44604	7.03958	-4.40410
2003.777	5.76020	-5.49661	7.02858	-4.44181
2007.764	5.73944	-5.51153	7.00685	-4.46834
2011.731	5.70846	-5.53314	7.04814	-4.39627
2015.775	5.67271	-5.46047	7.10773	-4.40774
2019.774	5.27417	-5.48002	7.07212	-4.41296
2023.760	5.35844	-5.44454	7.06870	-4.53209
2027.774	5.18660	-5.43247	7.05110	-4.69980
2031.775	5.38449	-5.37641	7.04543	-4.67854
2035.774	5.41475	-5.31003	7.06867	-4.76472
2039.761	5.48828	-5.24297	7.07940	-4.69709
2043.778	5.47623	-5.26502	7.04961	-4.66706
2047.774	5.43974	-5.29887	7.01181	-4.73086
2051.774	5.46753	-5.26915	7.04320	-4.65512
2055.733	5.51177	-5.25468	7.03303	-4.61029
2059.775	5.57569	-5.28666	7.01602	-4.79965
2063.776	5.61507	-5.31538	7.04105	-4.75629
2067.779	5.65978	-5.35734	7.03345	-4.81472
2071.735	5.66231	-5.34427	7.04156	-4.73313
2075.772	5.64889	-5.32576	7.05816	-4.71141
2079.775	5.50970	-5.32714	7.05621	-4.69460
2083.780	5.57353	-5.35258	7.07055	-4.70303
2087.735	5.17334	-5.37740	7.03118	-4.71051
2091.753	5.30040	-5.36537	6.99167	-4.64147
2095.777	5.18478	-5.35709	6.95218	-4.61307
2099.775	5.04036	-5.38089	6.94284	-4.63793
2103.733	5.13904	-5.32923	6.92811	-4.52440
2107.774	5.14953	-5.31889	6.97543	-4.49120
2111.776	5.03676	-5.32755	6.89211	-4.51754
2115.776	5.07793	-5.31784	6.83876	-4.49771
2119.760	5.04383	-5.32479	6.83227	-4.51501
2123.775	5.26349	-5.33822	6.81649	-4.46894
2127.780	5.30158	-5.34020	6.80903	-4.44463
2131.763	5.49187	-5.30484	6.81001	-4.39566
2135.733	5.40609	-5.32021	6.84027	-4.50962
2139.773	5.47729	-5.28881	6.84747	-4.54650
2143.776	5.50921	-5.29144	6.85877	-4.65270
2147.776	5.57992	-5.31563	6.89302	-4.70189
2151.760	5.62249	-5.33483	6.88441	-4.74464
2155.777	5.69467	-5.28332	6.94132	-4.70925
2159.779	5.80489	-5.28157	6.94844	-4.69632
2163.775	5.87010	-5.22297	6.98507	-4.68351
2167.737	5.88891	-5.22995	7.05127	-4.69928
2171.733	5.92044	-5.29698	7.07796	-4.61908
2175.742	5.85119	-5.34978	7.10494	-4.65982
2179.775	5.97389	-5.36044	7.19637	-4.62200
2183.761	6.02742	-5.39173	7.22290	-4.62347
2187.776	6.02111	-5.46284	7.30300	-4.59731
2191.777	6.05243	-5.48447	7.29777	-4.56053
2195.774	6.02300	-5.49887	7.27023	-4.49893
2199.763	6.02536	-5.52908	7.26574	-4.49229
2203.775	5.99897	-5.57195	7.31872	-4.49744
2207.777	5.95783	-5.59660	7.26683	-4.47050
2211.777	5.93851	-5.61063	7.21608	-4.47391
2215.735	5.89245	-5.60771	7.16070	-4.53246
2219.771	5.87007	-5.59988	7.09277	-4.54067
2223.779	5.81211	-5.54308	6.99546	-4.56407
2227.777	5.62291	-5.43853	7.03257	-4.58861
2231.735	5.72232	-5.30099	7.01695	-4.65453
2235.776	5.63181	-5.27426	7.00763	-4.76194
2239.776	5.63759	-5.21285	7.04843	-4.85539
2243.775	5.61886	-5.21790	7.07275	-4.93110
2247.763	5.53962	-5.14118	7.07862	-5.05249
2251.777	5.52426	-5.13192	7.07400	-5.02587
2255.774	5.45777	-5.12409	7.06347	-5.09293
2259.771	5.46354	-5.10112	7.10103	-5.15328
2263.762	5.39010	-5.12358	7.16092	-5.00026
2267.738	5.34976	-5.16604	7.17602	-5.03756
2271.774	5.43408	-5.19145	7.18530	-4.99547
2275.777	5.36464	-5.28196	7.18672	-5.00732
2279.799	5.40353	-5.32519	7.19757	-4.87078
2283.779	5.38604	-5.38270	7.20783	-4.87055
2287.777	5.41069	-5.43260	7.19979	-4.81737
2291.782	5.56421	-5.43400	7.19058	-4.78672
2295.770	5.57584	-5.45463	7.18992	-4.79520
2299.780	5.59184	-5.49298	7.22959	-4.78224
2303.780	5.70645	-5.50396	7.25565	-4.76173
2307.778	5.71915	-5.49960	7.26774	-4.78811
2311.762	5.79403	-5.48849	7.26820	-4.78644
2315.781	5.80403	-5.49628	7.25704	-4.81233
2319.778	5.82456	-5.48474	7.25777	-4.82270
2323.777	5.83481	-5.49735	7.25733	-4.86769
2327.776	5.85006	-5.51991	7.23706	-4.90004
2331.780	5.87609	-5.50976	7.25350	-4.96761
2335.779	5.89414	-5.52352	7.23599	-4.97277
2339.772	5.90762	-5.53585	7.23892	-5.01709
2343.776	5.96355	-5.53404	7.19957	-5.03881
2347.737	5.98582	-5.54070	7.12591	-5.05325
2351.780	6.01814	-5.56196	7.06026	-5.11653
2355.778	6.04941	-5.56854	7.05753	-5.15560
2359.775	6.11903	-5.56795	7.02905	-5.20288
2363.780	6.13463	-5.58326	7.03362	-5.22656
2367.737	6.17271	-5.56840	6.95144	-5.21304
2371.780	6.16331	-5.54502	6.92890	-5.23090
2375.776	6.15267	-5.53263	6.87714	-5.19582
2379.778	6.16466	-5.50340	6.85378	-5.23747
2383.749	6.18306	-5.49973	6.87790	-5.25742
2387.777	6.21713	-5.46364	6.89803	-5.30631
2391.775	6.24352	-5.41404	6.90026	-5.30707
2395.779	6.22223	-5.36071	6.91415	-5.31680
2399.779	6.17259	-5.35176	6.91862	-5.36003
2403.780	6.18865	-5.31413	6.92679	-5.40065
2407.776	6.20249	-5.22561	6.88942	-5.42173
2411.779	6.22866	-5.14852	6.90928	-5.46121
2415.779	6.20999	-4.96764	6.92484	-5.36676
2419.782	6.24362	-4.88304	6.92322	-5.27203
2423.771	6.20511	-4.83310	6.89889	-5.15602
2427.772	6.17241	-4.76424	6.85848	-5.08413
2431.780	6.12681	-4.73665	6.81471	-5.00669
2435.781	6.04627	-4.72813	6.81478	-5.00361
2439.777	5.98704	-4.68725	6.81363	-4.98638
2443.780	6.02568	-4.65641	6.74481	-4.90440
2447.779	5.85517	-4.65058	6.73595	-4.85850
2451.736	5.86005	-4.63393	6.68661	-4.83302
2455.777	5.77281	-4.61957	6.68609	-4.80396
2459.778	5.76141	-4.64354	6.66589	-4.79435
2463.778	5.69212	-4.71675	6.67801	-4.81347
2467.738	5.65319	-4.76383	6.67064	-4.82923
2471.776	5.59061	-4.81085	6.69187	-4.84019
2475.781	5.54498	-4.82761	6.71537	-4.84744
2479.778	5.57650	-4.89276	6.68714	-4.85411
2483.779	5.51941	-4.91724	6.68915	-4.86181
2487.776	5.47055	-4.97412	6.74868	-4.84781
2491.780	5.52728	-4.97799	6.75899	-4.86888
2495.779	5.46982	-5.03198	6.79026	-4.85088
2499.784	5.45354	-5.07264	6.85493	-4.83384
2503.773	5.42348	-5.09250	6.90840	-4.80358
2507.782	5.42754	-5.10476	7.00101	-4.80313
2511.781	5.44800	-5.07936	7.09861	-4.78927
2515.779	5.46347	-5.10905	7.04046	-4.80015
2519.773	5.49861	-5.12568	7.11213	-4.84708
2523.779	5.50830	-5.10275	7.14729	-4.90306
2527.779	5.52222	-5.10011	7.17949	-4.90294
2531.782	5.53958	-5.09238	7.21325	-4.94200
2535.771	5.61647	-5.07716	7.24825	-4.92529
2539.783	5.61895	-5.07037	7.27338	-4.96965
2543.782	5.70576	-5.04918	7.26432	-4.92967
2547.769	5.73087	-5.04066	7.26259	-4.94077
2551.783	5.81081	-5.02131	7.23328	-4.94288
2555.779	5.84723	-5.01510	7.19239	-4.93185
2559.782	5.88211	-4.98430	7.21083	-4.91645
2563.778	5.88569	-4.95343	7.22778	-4.85327
2567.780	6.06387	-4.91592	7.28622	-4.76150
2571.784	6.16945	-4.50641	7.30141	-4.65884
2575.780	6.50521	-3.23029	7.35512	-2.93400
2579.783	6.67052	-2.84320	7.57498	-1.58498
2583.676	6.54068	-1.94938	7.79010	-0.86131
2587.783	6.67973	-0.50902	8.05185	-0.41096
2591.751	7.01856	-0.46190	8.33547	-0.08623
2595.781	7.05547	-0.58706	8.43763	-0.08657
2599.756	7.16156	-0.69007	8.47454	-0.14545
2603.738	7.29453	-0.71688	8.49520	-0.22040
2607.781	7.35080	-0.50883	8.58565	-0.17047
2611.782	7.44171	-0.51863	8.64189	-0.15580
2615.784	7.53254	-0.44130	8.67842	-0.13442
2619.785	7.57717	-0.40258	8.74968	-0.07633
2623.782	7.64713	-0.34713	8.77606	-0.05904
2627.782	7.66395	-0.29648	8.82284	-0.09375
2631.768	7.73404	-0.35811	8.82419	-0.09844
2635.784	7.74703	-0.35318	8.78517	-0.12885
2639.783	7.78630	-0.27308	8.79160	-0.12112
2643.780	7.80721	-0.29141	8.78280	-0.10604
2647.784	7.81359	-0.26861	8.79177	-0.10216
2651.784	7.82187	-0.28109	8.77877	-0.09352
2655.782	7.80297	-0.27595	8.74396	-0.12216
2659.784	7.77178	-0.31052	8.71579	-0.14737
2663.680	7.76728	-0.31143	8.68232	-0.20605
2667.783	7.73960	-0.39662	8.71332	-0.25240
2671.780	7.74162	-0.43306	8.68742	-0.22849
2675.778	7.66797	-0.45367	8.68880	-0.23822
2679.679	7.62409	-0.47723	8.71390	-0.24936
2683.782	7.59173	-0.49978	8.71535	-0.27581
2687.782	7.56569	-0.52075	8.69974	-0.32448
2691.783	7.56091	-0.56935	8.68400	-0.31700
2695.681	7.52710	-0.60265	8.65501	-0.32280
2699.784	7.50888	-0.64650	8.64638	-0.28478
2703.782	7.52925	-0.67410	8.63306	-0.31065
2707.786	7.52937	-0.71654	8.66615	-0.31205
2711.677	7.51325	-0.73748	8.63656	-0.28569
2715.765	7.52037	-0.77099	8.62346	-0.30789
2719.781	7.55640	-0.81363	8.59315	-0.28145
2723.784	7.53864	-0.81776	8.58299	-0.34052
2727.680	7.52564	-0.82803	8.57374	-0.29886
2731.783	7.50700	-0.81370	8.57935	-0.27296
2735.781	7.50622	-0.74942	8.56146	-0.30199
2739.782	7.48319	-0.75492	8.58308	-0.29224
2743.676	7.47129	-0.70215	8.57643	-0.33365
2747.783	7.44613	-0.69047	8.57539	-0.33522
2751.784	7.42012	-0.65367	8.55188	-0.30797
2755.772	7.40138	-0.59550	8.55690	-0.33752
2759.786	7.37475	-0.59155	8.54307	-0.34098
2763.794	7.34787	-0.54001	8.54457	-0.36751
2767.739	7.34895	-0.51253	8.54047	-0.33420
2771.786	7.36096	-0.54623	8.58177	-0.35576
2775.785	7.26600	-0.60310	8.45541	-0.39331
2779.783	6.75957	-0.64025	6.81823	-0.34483
2783.783	4.47864	-0.68723	4.24014	-0.33028
2787.782	3.94048	-0.66175	2.72645	-0.37209
2791.682	1.65761	-0.73861	1.14694	-0.36396
2795.785	0.41323	-0.80807	0.27103	-0.39514
2799.759	-0.42023	-0.83222	-2.29119	-0.61795
2803.782	-2.66885	-0.92435	-3.97390	-0.80325
2807.686	-3.20944	-1.01971	-4.66112	-0.85710
2811.784	-4.94957	-0.93492	-6.56013	-1.10954
2815.787	-6.12180	-0.93791	-7.08243	-1.09216
2819.785	-6.96291	-0.91998	-7.75546	-1.15456
2823.681	-7.28583	-0.96197	-8.09017	-1.22838
2827.784	-7.91431	-0.96934	-8.17627	-1.26605
2831.786	-7.76469	-0.99236	-7.96948	-1.26889
2835.784	-8.07341	-1.00898	-7.73409	-1.32631
2839.689	-7.90333	-1.01233	-7.69398	-1.33721
2843.740	-7.98941	-0.96577	-7.75972	-1.31673
2847.785	-7.93396	-0.91940	-7.86369	-1.31992
2851.784	-7.92860	-0.87190	-7.80682	-1.32443
2855.682	-7.89783	-0.86094	-7.84438	-1.31105
2859.785	-7.91159	-0.86814	-7.74601	-1.28409
2863.786	-8.04776	-0.85993	-7.72037	-1.28213
2867.741	-8.10416	-0.80846	-7.57186	-1.23949
2871.798	-8.08095	-0.76893	-7.58805	-1.23703
2875.783	-8.10763	-0.76231	-7.55386	-1.23932
2879.786	-8.12296	-0.74246	-7.54408	-1.20502
2883.779	-8.12113	-0.73424	-7.57254	-1.21782
2887.787	-8.06105	-0.74122	-7.56539	-1.24305
2891.784	-8.02703	-0.75161	-7.54318	-1.22344
2895.786	-8.01742	-0.76132	-7.53547	-1.23550
2899.785	-8.08190	-0.79768	-7.53937	-1.25797
2903.790	-8.11839	-0.82653	-7.59495	-1.27731
2907.782	-8.07844	-0.86085	-7.63382	-1.31707
2911.786	-8.07183	-0.90822	-7.70894	-1.28058
2915.660	-8.06910	-0.94308	-7.77181	-1.30604
2919.680	-8.06178	-0.96272	-7.82136	-1.30389
2923.660	-8.12746	-0.97912	-7.91361	-1.31031
2927.643	-8.15552	-0.98842	-7.99445	-1.29508
2931.660	-8.18876	-1.00326	-8.08017	-1.28389
2935.618	-8.23320	-0.99073	-8.06368	-1.25067
2939.661	-8.24847	-0.98612	-8.02202	-1.18707
2943.662	-8.28583	-0.98485	-8.01102	-1.13092
2947.661	-8.25627	-0.99025	-7.95017	-1.03246
2951.658	-8.22438	-1.07152	-7.86432	-1.07028
2955.661	-8.29759	-1.10185	-7.80784	-1.13995
2959.662	-8.29766	-1.10354	-7.82146	-1.16225
2963.661	-8.36132	-1.14234	-7.68530	-1.11071
2967.664	-8.37174	-1.14545	-7.56001	-1.09740
2971.650	-8.40808	-1.12694	-7.54169	-1.13509
2975.618	-8.47583	-1.15655	-7.50576	-1.15134
2979.660	-8.45456	-1.23317	-7.48810	-1.20114
2983.679	-8.52122	-1.24575	-7.47878	-1.14122
2987.660	-8.59162	-1.26998	-7.44152	-1.16326
2991.663	-8.67716	-1.29351	-7.41050	-1.19913
2995.660	-8.76583	-1.29885	-7.41995	-1.19204
2999.654	-8.76101	-1.27503	-7.44311	-1.16702
3003.661	-8.80088	-1.27052	-7.45289	-1.12769
3007.663	-8.84511	-1.25159	-7.45531	-1.10047
3011.618	-8.87651	-1.26717	-7.53379	-1.09946
3015.683	-8.86907	-1.27303	-7.55315	-1.04947
3019.663	-8.86170	-1.28926	-7.61765	-1.04653
3023.665	-8.86059	-1.22931	-7.58773	-1.00469
3027.662	-8.82322	-1.19784	-7.61407	-1.01113
3031.662	-8.78796	-1.08077	-7.63442	-1.02258
3035.659	-8.73608	-1.03982	-7.66075	-1.04613
3039.663	-8.65880	-1.03097	-7.66946	-1.10263
3043.661	-8.65283	-1.00714	-7.63913	-1.09584
3047.682	-8.56056	-1.01566	-7.61319	-1.10930
3051.656	-8.41138	-1.03262	-7.66941	-1.14062
3055.652	-8.38748	-1.02590	-7.60614	-1.12069
3059.662	-8.37259	-1.03280	-7.59407	-1.14719
3063.659	-8.29710	-1.02002	-7.58710	-1.12121
3067.660	-8.26923	-1.06766	-7.63559	-1.12985
3071.665	-8.26143	-1.07938	-7.63716	-1.12571
3075.664	-8.28476	-1.11049	-7.62684	-1.12603
3079.661	-8.29326	-1.11339	-7.62338	-1.14505
3083.659	-8.32612	-1.12123	-7.60431	-1.13119
3087.663	-8.38901	-1.10872	-7.73779	-1.08682
3091.660	-9.24842	-1.06779	-8.74030	-1.17572
3095.654	-10.12332	-1.03486	-10.04891	-1.01646
3099.662	-10.91672	-0.96488	-10.87568	-1.08809
3103.662	-11.47636	-0.99087	-11.81781	-1.40565
3107.662	-11.93296	-0.90575	-12.66022	-1.60729
3111.662	-12.61174	-0.91513	-12.70343	-1.46686
3115.663	-12.81405	-0.90691	-12.41353	-1.53516
3119.664	-12.87232	-0.90072	-12.41812	-1.57468
3123.662	-12.92658	-0.94069	-12.24280	-1.66102
3127.663	-12.99675	-0.96664	-12.30218	-1.69546
3131.663	-12.98921	-1.00954	-12.32411	-1.70065
3135.650	-13.05015	-0.99693	-12.32518	-1.73958
3139.658	-13.08249	-1.01882	-12.32961	-1.77374
3143.661	-13.13199	-1.06784	-12.38543	-1.82744
3147.663	-13.15447	-1.10190	-12.35145	-1.75024
3151.663	-13.19106	-1.13789	-12.29808	-1.67450
3155.620	-13.23864	-1.14040	-12.26185	-1.62014
3159.660	-13.26220	-1.16988	-12.20733	-1.53306
3163.663	-13.27047	-1.17804	-12.18208	-1.53389
3167.620	-13.26149	-1.16701	-12.17404	-1.45206
3171.664	-13.27174	-1.14189	-12.18308	-1.46912
3175.622	-13.35182	-1.06287	-12.26315	-1.45548
3179.628	-13.38524	-1.04232	-12.27116	-1.46201
3183.665	-13.42608	-1.01557	-12.27434	-1.47097
3187.663	-13.41227	-0.96952	-12.27562	-1.43789
3191.660	-13.44550	-0.90118	-12.28865	-1.49578
3195.662	-13.45831	-0.86941	-12.36371	-1.49887
3199.665	-13.45853	-0.86602	-12.39326	-1.57852
3203.661	-13.46223	-0.78826	-12.38765	-1.58233
3207.622	-13.47984	-0.77047	-12.40787	-1.60763
3211.664	-13.49150	-0.77869	-12.43826	-1.65661
3215.666	-13.48850	-0.78148	-12.42650	-1.67145
3219.640	-13.42946	-0.83261	-12.42418	-1.67069
3223.623	-13.37582	-0.88295	-12.41667	-1.67605
3227.664	-13.37456	-0.90591	-12.41933	-1.66982
3231.664	-13.34629	-0.94001	-12.39790	-1.68276
3235.665	-13.34157	-0.99941	-12.39939	-1.67189
3239.656	-13.32282	-1.02420	-12.39551	-1.66520
3243.664	-13.30204	-1.03275	-12.38431	-1.63762
3247.667	-13.28084	-1.05547	-12.39454	-1.63567
3251.665	-13.25620	-1.06701	-12.41776	-1.63099
3255.656	-13.24527	-1.06551	-12.41928	-1.61534
3259.659	-13.22255	-1.06887	-12.43431	-1.59088
3263.630	-13.20592	-1.05504	-12.43109	-1.59470
3267.621	-13.19616	-1.05987	-12.41102	-1.59674
3271.663	-13.16320	-1.04993	-12.37297	-1.58594
3275.668	-13.17329	-1.05823	-12.36232	-1.56633
3279.622	-13.14529	-1.05112	-12.35336	-1.54347
3283.666	-13.07950	-1.07371	-12.35547	-1.53489
3287.660	-13.06661	-1.10909	-12.30256	-1.52974
3291.666	-13.03826	-1.11943	-12.27033	-1.51552
3295.666	-13.01729	-1.11127	-12.24073	-1.51610
3299.665	-13.04045	-1.12900	-12.19607	-1.51021
3303.654	-13.03381	-1.12182	-12.17743	-1.53768
3307.663	-13.06384	-1.13364	-12.13413	-1.51566
3311.664	-13.05319	-1.14760	-12.10170	-1.49370
3315.665	-13.08145	-1.16583	-12.09401	-1.50186
3319.661	-13.13705	-1.14641	-12.08891	-1.51886
3323.664	-13.14546	-1.15397	-12.07260	-1.51281
3327.665	-13.18506	-1.12607	-12.05689	-1.46513
3331.665	-13.20820	-1.11355	-12.06297	-1.44759
3335.663	-13.22218	-1.10539	-12.05938	-1.43643
3339.666	-13.25058	-1.09440	-12.04483	-1.39702
3343.655	-13.19600	-1.09504	-12.04830	-1.37507
3347.660	-13.14562	-1.09125	-12.05176	-1.37833
3351.625	-13.05225	-1.09444	-12.04339	-1.37714
3355.665	-12.94129	-1.08883	-12.05162	-1.38035
3359.671	-12.92484	-1.05832	-12.05919	-1.32792
3363.665	-12.88638	-1.11999	-12.06432	-1.30733
3367.662	-12.87612	-1.14614	-12.05801	-1.31960
3371.662	-13.11818	-1.12763	-12.04578	-1.32872
3375.668	-12.90178	-1.12779	-12.02121	-1.37885
3379.665	-12.96015	-1.15411	-12.00324	-1.41247
3383.657	-12.99875	-1.14040	-12.01946	-1.42868
3387.630	-13.12907	-1.09088	-12.06086	-1.47021
3391.665	-13.31300	-1.11332	-12.03247	-1.45727
3395.664	-13.24064	-1.08267	-12.01998	-1.48797
3399.663	-13.32794	-1.09074	-12.00834	-1.51365
3403.664	-13.39356	-1.05072	-11.99339	-1.51760
3407.620	-13.38569	-1.01540	-11.94591	-1.55431
3411.667	-13.44660	-0.95162	-11.94579	-1.54092
3415.663	-13.36760	-0.92513	-11.92774	-1.55210
3419.665	-13.39367	-0.86539	-11.91952	-1.55390
3423.666	-13.39478	-0.81903	-11.89861	-1.54282
3427.646	-13.36601	-0.77547	-11.91018	-1.56056
3431.659	-13.32966	-0.77907	-11.88202	-1.54153
3435.622	-13.28427	-0.75165	-11.84722	-1.55898
3439.664	-13.27837	-0.73769	-11.84263	-1.55084
3443.669	-13.24186	-0.73222	-11.83869	-1.55234
3447.659	-13.20091	-0.71538	-11.83234	-1.56565
3451.662	-13.22403	-0.70755	-11.82437	-1.58798
3455.664	-13.19522	-0.68705	-11.82321	-1.60855
3459.669	-13.22072	-0.67065	-11.82682	-1.64483
3463.661	-13.19315	-0.64504	-11.83144	-1.64286
3467.661	-13.19604	-0.65543	-11.86125	-1.63343
3471.622	-13.19790	-0.62434	-11.82456	-1.62234
3475.629	-13.17438	-0.60539	-11.81246	-1.62451
3479.666	-13.16541	-0.58506	-11.83098	-1.61788
3483.667	-13.10994	-0.60349	-11.85592	-1.61815
3487.666	-13.13357	-0.57123	-11.86248	-1.60538
3491.668	-13.09619	-0.58600	-11.84841	-1.59329
3495.659	-13.06421	-0.57456	-11.86046	-1.57217
3499.676	-13.03348	-0.57707	-11.88468	-1.56428
3503.667	-13.01213	-0.57955	-11.87458	-1.52043
3507.669	-12.99573	-0.59222	-11.85918	-1.50863
3511.657	-12.96013	-0.60679	-11.82989	-1.48884
3515.667	-12.94016	-0.62960	-11.82839	-1.48904
3519.667	-12.96750	-0.65655	-11.80286	-1.45461
3523.666	-12.95572	-0.69261	-11.79627	-1.41082
3527.657	-13.00603	-0.71309	-11.89956	-1.40261
3531.668	-13.74994	-0.70537	-13.29897	-1.38229
3535.668	-13.63440	-0.75630	-13.52473	-1.40656
3539.670	-14.46189	-0.78068	-13.91215	-1.42736
3543.660	-14.61062	-0.81254	-14.13846	-1.48321
3547.668	-14.71656	-0.82589	-14.12429	-1.47245
3551.654	-14.56704	-0.83701	-14.04372	-1.46865
3555.670	-14.67128	-0.81311	-14.02952	-1.51047
3559.670	-14.61304	-0.82770	-13.94492	-1.52597
3563.668	-14.61987	-0.80109	-13.95895	-1.57908
3567.667	-14.63546	-0.80228	-13.97800	-1.59049
3571.671	-14.74913	-0.81933	-14.03790	-1.55551
3575.663	-14.72260	-0.82227	-14.04131	-1.57433
3579.665	-14.75567	-0.77671	-13.99625	-1.59986
3583.668	-14.75416	-0.74414	-13.96718	-1.61934
3587.671	-14.76147	-0.73760	-13.92615	-1.61517
3591.666	-14.79468	-0.73369	-13.86556	-1.63596
3595.633	-14.79987	-0.72844	-13.80566	-1.65712
3599.668	-14.82833	-0.74749	-13.75296	-1.66697
3603.670	-14.87114	-0.72263	-13.74175	-1.65019
3607.562	-14.88885	-0.72922	-13.66613	-1.62498
3611.668	-14.93608	-0.69773	-13.61790	-1.61988
3615.666	-14.90139	-0.63465	-13.56791	-1.63115
3619.670	-14.89237	-0.56358	-13.52409	-1.65509
3623.673	-14.87251	-0.47607	-13.43683	-1.60904
3627.666	-14.84624	-0.45216	-13.42376	-1.54312
3631.668	-14.81857	-0.43363	-13.35151	-1.49352
3635.669	-14.77751	-0.38347	-13.33462	-1.45274
3639.672	-14.70326	-0.41943	-13.30256	-1.29511
3643.668	-14.64754	-0.41562	-13.26328	-1.23387
3647.667	-14.63911	-0.44571	-13.24908	-1.17546
3651.669	-14.60349	-0.43518	-13.25171	-1.15864
3655.667	-14.57522	-0.43293	-13.28425	-1.12060
3659.671	-14.59993	-0.42747	-13.27024	-1.08368
3663.667	-14.63395	-0.45015	-13.27708	-1.07357
3667.625	-14.63144	-0.54192	-13.32778	-1.07112
3671.564	-14.63834	-0.58741	-13.35713	-1.04641
3675.661	-14.67235	-0.62821	-13.42317	-1.07299
3679.660	-14.69622	-0.64857	-13.47876	-1.08052
3683.669	-14.74938	-0.64749	-13.52724	-1.11752
3687.672	-14.74277	-0.68978	-13.61225	-1.18218
3691.669	-14.73367	-0.71357	-13.68881	-1.21220
3695.670	-14.75068	-0.69795	-13.79377	-1.24391
3699.672	-14.71758	-0.72653	-13.84053	-1.27682
3703.567	-14.63792	-0.77480	-13.88343	-1.27986
3707.669	-14.63762	-0.83357	-13.92536	-1.24354
3711.668	-14.48180	-0.67915	-13.96075	-1.23368
3715.671	-14.51681	-0.67613	-13.99971	-1.25536
3719.672	-14.51260	-0.69998	-13.99957	-1.24832
3723.670	-14.49727	-0.77077	-14.00092	-1.29986
3727.669	-14.43505	-0.79497	-14.00538	-1.40705
3731.667	-14.48159	-0.75514	-14.00907	-1.37560
3735.565	-14.35989	-0.59275	-13.89524	-1.39159
3739.668	-14.44222	-0.66219	-13.75849	-1.22202
3743.669	-14.44613	-0.75432	-13.80753	-1.27181
3747.672	-14.42749	-0.72693	-13.89262	-1.26269
3751.570	-14.41271	-0.62923	-13.75004	-1.35326
3755.670	-14.54795	-0.74621	-13.74125	-1.28899
3759.657	-14.47685	-0.74031	-13.73931	-1.32140
3763.673	-14.53002	-0.82590	-13.75879	-1.24762
3767.540	-14.48943	-0.86081	-13.86731	-1.16741
3771.670	-14.54009	-0.73132	-13.76734	-1.23536
3775.677	-14.44706	-0.70432	-13.78274	-1.07515
3779.627	-14.57002	-0.73310	-13.60090	-1.15459
3783.565	-14.54614	-0.74314	-13.78504	-1.14633
3787.673	-14.62809	-0.62172	-13.69001	-1.09746
3791.671	-14.40407	-0.71505	-13.66854	-1.04362
3795.673	-14.55170	-0.58194	-13.72807	-0.96869
3799.565	-14.57260	-0.47293	-13.74718	-0.92841
3803.635	-14.70646	-0.40604	-13.69249	-0.97007
3807.671	-14.62977	-0.34415	-13.60397	-0.97751
3811.672	-16.31969	0.14471	-13.47127	-0.68535
3815.673	-18.23871	3.08014	-15.13862	0.56773
3819.672	-16.68787	2.78373	-16.89498	3.59823
3823.671	-18.44299	5.44272	-16.79425	3.91606
3827.678	-3.65972	15.12007	-16.60942	4.46270
3831.566	-19.79902	-12.09185	-19.99355	-12.07744
3835.669	-19.89058	-12.08508	-19.99363	-12.07743
3839.676	-19.92433	-12.08258	-19.99366	-12.07743
3843.671	-19.94196	-12.08127	-19.99368	-12.07743
3847.661	-19.95288	-12.08046	-19.99368	-12.07743
3851.671	-19.96034	-12.07991	-19.99370	-12.07743
3855.669	-19.96577	-12.07950	-19.99370	-12.07743
3859.626	-19.97652	-12.07870	-19.99370	-12.07743
3863.625	-19.97886	-12.07853	NaN	NaN
3867.670	NaN	NaN	NaN	NaN
3871.669	NaN	NaN	NaN	NaN
3875.671	NaN	NaN	NaN	NaN
3879.626	NaN	NaN	NaN	NaN
3883.661	NaN	NaN	NaN	NaN
3887.659	NaN	NaN	NaN	NaN
3891.670	NaN	NaN	NaN	NaN
3895.626	NaN	NaN	NaN	NaN
3899.670	NaN	NaN	NaN	NaN
3903.671	NaN	NaN	NaN	NaN
3907.669	NaN	NaN	NaN	NaN
3911.672	NaN	NaN	NaN	NaN
3915.673	NaN	NaN	7.07965	14.37956
3919.670	NaN	NaN	-2.71850	11.25154
3923.571	NaN	NaN	-2.65297	2.93089
3927.642	NaN	NaN	5.46839	0.38880
3931.674	-2.62774	14.06041	-2.27763	0.46477
3935.671	4.16653	-0.04337	1.57354	0.37955
3939.569	3.80036	0.29141	1.86211	0.29860
3943.673	-2.57295	0.19559	0.62352	0.69265
3947.673	-1.97689	0.22497	0.63424	1.02977
3951.546	-1.65210	0.01299	1.62349	1.27593
3955.548	-1.35291	-0.16232	1.72059	0.96305
3959.547	-1.18899	-0.19805	1.55588	1.06492
3963.550	-1.31945	-0.33309	1.67591	0.57052
3967.549	-0.97226	-0.28033	1.68129	0.67826
3971.675	-0.85233	-0.15884	1.76951	0.83085
3975.503	-0.86438	-0.14299	1.70762	0.93887
3979.549	-0.72104	-0.16961	1.72912	1.04225
3983.547	-0.20787	-0.31488	1.73445	1.12997
3987.546	0.03752	-0.36513	1.70933	1.18210
3991.545	0.03137	-0.42620	1.76410	1.15813
3995.549	0.01353	-0.45888	1.76294	1.05597
3999.547	0.15074	-0.44968	1.72756	1.04178
4003.539	-0.11754	-0.47970	1.73772	1.05025
4007.552	-0.03958	-0.53695	1.65887	1.00745
4011.507	0.02747	-0.55310	1.67149	0.99401
4015.525	-0.01693	-0.55780	1.61059	1.00172
4019.516	0.05763	-0.55867	1.56747	0.92026
4023.549	0.08902	-0.52718	1.55534	0.86380
4027.551	0.03224	-0.39127	1.52501	0.79948
4031.550	0.05110	-0.56229	1.53736	0.73376
4035.550	0.00132	-0.49324	1.50328	0.73077
4039.549	-0.02139	-0.59613	1.49168	0.71200
4043.552	-0.03700	-0.52982	1.48094	0.71150
4047.550	0.01980	-0.52542	1.49493	0.66655
4051.549	0.07721	-0.43607	1.52377	0.71616
4055.549	0.05006	-0.41512	1.56637	0.76691
4059.551	0.07177	-0.36272	1.56789	0.67581
4063.549	0.10416	-0.38190	1.57347	0.60279
4067.545	0.09448	-0.44531	1.56005	0.61474
4071.547	0.12225	-0.48186	1.56769	0.68634
4075.548	0.14397	-0.39982	1.44785	0.63954
4079.550	0.11793	-0.37522	1.48436	0.62596
4083.547	0.15479	-0.29115	1.52769	0.62225
4087.548	0.13404	-0.27786	1.62319	0.61656
4091.502	0.13665	-0.45689	1.63636	0.61022
4095.548	0.13868	-0.52582	1.71409	0.60968
4099.546	0.19852	-0.53133	1.54470	0.55317
4103.548	0.24554	-0.55342	1.51422	0.56192
4107.554	0.24763	-0.45711	1.52803	0.58504
4111.549	0.26274	-0.44682	1.55965	0.53894
4115.547	0.21251	-0.48005	1.49666	0.54151
4119.549	0.21465	-0.46101	1.55993	0.55232
4123.551	0.18544	-0.38515	1.58758	0.56287
4127.549	0.17871	-0.35375	1.60667	0.56674
4131.540	0.20087	-0.27605	1.44579	0.56154
4135.553	0.18856	-0.27552	1.41888	0.54021
4139.524	0.14826	-0.21174	1.40232	0.49647
4143.543	0.09307	-0.21278	1.49341	0.49323
4147.548	0.08622	-0.16669	1.60389	0.52410
4151.551	0.06681	-0.12420	1.66103	0.53449
4155.552	0.05624	-0.09838	1.65223	0.57597
4159.549	0.06924	-0.09130	1.64045	0.55213
4163.550	-0.00442	-0.09992	1.57302	0.57199
4167.549	-0.00844	-0.10407	1.55712	0.56961
4171.548	0.01067	-0.08675	1.52288	0.53428
4175.551	0.03182	-0.21258	1.60573	0.52790
4179.546	0.77456	-0.26638	2.04884	0.31242
4183.547	1.13342	-0.59455	2.51128	-0.01755
4187.548	1.88259	-1.36536	3.09028	-0.85187
4191.551	2.17859	-1.33761	3.19704	-0.75663
4195.546	1.93963	-1.48964	3.48437	-0.76880
4199.549	2.17730	-1.37821	3.60791	-0.97695
4203.549	2.06141	-1.68637	3.63045	-0.65043
4207.553	2.01546	-1.64670	3.63238	-0.64183
4211.509	2.01218	-1.65945	3.48064	-0.95511
4215.554	2.01560	-1.77631	3.46961	-1.04605
4219.551	2.15356	-1.67538	3.79428	-0.99402
4223.506	2.10664	-1.83002	3.56470	-1.08668
4227.509	2.23814	-1.82755	3.70089	-1.12583
4231.551	2.17462	-1.83621	3.76124	-1.08133
4235.552	2.15373	-1.83267	3.84641	-1.15558
4239.548	2.13180	-1.84966	3.64951	-1.13928
4243.509	2.21073	-1.78929	3.68587	-1.17629
4247.549	2.20674	-1.75297	3.67998	-1.21278
4251.548	2.20262	-1.79771	3.68377	-1.28739
4255.550	2.21541	-1.70980	3.77792	-1.28591
4259.510	2.22775	-1.72192	3.78884	-1.29256
4263.538	2.21928	-1.72651	3.72949	-1.31478
4267.540	2.20476	-1.67840	3.74938	-1.29686
4271.551	2.16786	-1.70258	3.73510	-1.26136
4275.510	2.17854	-1.68563	3.64931	-1.27554
4279.512	2.12535	-1.69112	3.65351	-1.26524
4283.557	2.19985	-1.66858	3.69205	-1.27012
4287.553	2.13916	-1.72393	3.65846	-1.25175
4291.510	2.09028	-1.72830	3.61508	-1.28434
4295.551	2.02696	-1.72259	3.67620	-1.26330
4299.552	2.04550	-1.75365	3.61391	-1.29410
4303.551	2.04166	-1.77261	3.63342	-1.25620
4307.509	2.04508	-1.79804	3.52937	-1.26904
4311.551	1.98722	-1.83537	3.57394	-1.20370
4315.552	2.03234	-1.81733	3.54685	-1.23096
4319.548	2.08590	-1.82344	3.60951	-1.22619
4323.537	2.09204	-1.80868	3.57550	-1.30469
4327.549	2.11323	-1.79789	3.52094	-1.26818
4331.552	2.12848	-1.76748	3.49374	-1.32528
4335.549	2.12751	-1.73215	3.57196	-1.33147
4339.509	2.20248	-1.67262	3.54818	-1.35490
4343.553	2.17829	-1.69357	3.57276	-1.31650
4347.533	2.18000	-1.64722	3.51461	-1.34164
4351.552	2.17063	-1.63835	3.58054	-1.37863
4355.510	2.21214	-1.59441	3.57261	-1.42129
4359.553	2.18498	-1.60774	3.57656	-1.42818
4363.552	2.16751	-1.60679	3.60420	-1.36615
4367.552	2.16885	-1.61091	3.65084	-1.30753
4371.510	2.15770	-1.66848	3.68097	-1.31988
4375.553	2.15304	-1.70302	3.68092	-1.22964
4379.555	2.15001	-1.75892	3.63910	-1.13366
4383.551	2.12744	-1.77078	3.65159	-1.17864
4387.542	2.17393	-1.76088	3.65166	-1.24321
4391.547	2.50506	-1.81078	3.78155	-1.22419
4395.552	4.96524	-1.76056	4.52750	-1.08972
4399.551	6.90199	-1.73906	7.08695	-0.94570
4403.511	7.83001	-1.57871	7.79756	-0.79503
4407.551	9.31774	-1.44630	9.60811	-0.92367
4411.554	10.25252	-1.15057	10.38829	-0.70120
4415.551	10.62806	-1.22665	11.31304	-0.69068
4419.512	11.98911	-1.12302	12.09040	-0.46095
4423.556	12.52499	-1.13155	12.54925	-0.42539
4427.552	13.04700	-0.82230	13.12392	-0.36208
4431.524	13.22544	-0.68094	13.27283	-0.35170
4435.538	13.06716	-0.57898	13.65268	-0.17458
4439.551	12.79843	-0.43357	13.66852	-0.16206
4443.554	12.76725	-0.45422	13.58599	-0.10451
4447.553	12.70704	-0.51755	13.68314	0.06852
4451.511	12.99310	-0.58121	13.64490	0.11837
4455.553	13.02038	-0.42123	13.77417	-0.04641
4459.554	12.92654	-0.33832	13.86668	-0.00567
4463.554	12.88430	-0.31086	13.85414	-0.03752
4467.508	12.71642	-0.28651	13.93843	0.05460
4471.508	12.52565	-0.31629	13.95212	0.13368
4475.541	12.70303	-0.34221	13.99389	0.25450
4479.555	12.68184	-0.40536	13.92208	0.16674
4483.546	12.71665	-0.40346	13.90209	-0.06708
4487.556	12.67291	-0.41209	13.95378	-0.03598
4491.561	12.73956	-0.43086	14.01471	0.08728
4495.549	12.74081	-0.43234	13.96891	0.21216
4499.545	12.69885	-0.47027	13.89012	0.16259
4503.555	12.66918	-0.52429	13.90789	0.18139
4507.553	12.69008	-0.49894	14.00548	0.06052
4511.553	12.78569	-0.41532	14.00008	0.10992
4515.551	12.78937	-0.49009	13.99910	0.09509
4519.552	12.80789	-0.53163	13.93742	0.03270
4523.555	12.80091	-0.56620	13.90080	0.08037
4527.552	12.73968	-0.56459	13.94729	0.12685
4531.544	12.74426	-0.55087	13.97293	0.12021
4535.541	12.71899	-0.51386	13.89126	0.09996
4539.555	12.73363	-0.46432	13.93658	0.03601
4543.554	12.76838	-0.44913	13.96846	0.03400
4547.547	12.75306	-0.39897	14.02543	-0.01567
4551.558	12.74796	-0.49553	14.03603	0.05455
4555.535	12.74038	-0.52429	14.00094	0.08514
4559.511	12.72678	-0.50931	14.00298	0.09480
4563.555	12.71807	-0.48417	14.06513	0.14752
4567.510	12.71677	-0.46907	14.00760	0.15807
4571.555	12.72867	-0.43660	14.02646	0.20379
4575.555	12.78061	-0.40418	14.03510	0.29787
4579.552	12.84069	-0.47149	14.06607	0.22569
4583.555	12.88449	-0.50476	14.05603	0.28851
4587.558	12.85253	-0.51788	14.05603	0.16493
4591.556	12.85017	-0.49623	14.16931	-0.00834
4595.555	12.89386	-0.48129	14.15206	0.01467
4599.548	12.91644	-0.49525	14.18540	0.03438
4603.556	12.90914	-0.51098	14.20460	0.03690
4607.552	12.85456	-0.52286	14.23606	-0.00207
4611.551	12.81254	-0.51779	14.32381	-0.04466
4615.554	12.80577	-0.50150	14.26292	0.00082
4619.556	12.85598	-0.53233	14.25366	-0.08873
4623.555	12.78571	-0.53675	14.25541	0.02498
4627.453	12.75375	-0.53461	14.26574	0.16244
4631.558	12.63466	-0.53365	14.34769	-0.04004
4635.558	12.54382	-0.54613	14.34236	-0.20986
4639.533	12.60443	-0.58742	14.33026	-0.17130
4643.456	12.50690	-0.60220	14.27445	-0.03771
4647.555	12.47368	-0.59230	14.30058	0.03171
4651.556	12.59451	-0.59081	14.34403	0.07179
4655.556	12.61880	-0.57335	14.37203	0.03134
4659.452	12.68366	-0.54530	14.37466	-0.03883
4663.556	12.61805	-0.55812	14.35559	-0.05580
4667.512	12.67282	-0.50986	14.46042	-0.16877
4671.557	12.64380	-0.53239	14.49069	-0.13795
4675.560	12.41088	-0.56012	14.22309	0.00366
4679.542	11.75653	-0.50851	12.00139	0.13796
4683.545	10.42055	0.04399	10.88384	0.44470
4687.555	8.51341	0.63190	8.20153	1.25090
4691.553	7.33899	0.93753	6.97306	1.61311
4695.556	6.15625	1.08969	5.69775	1.89945
4699.512	5.08889	0.82661	5.16986	1.95624
4703.557	3.77377	1.18450	3.69054	1.70577
4707.450	2.61318	1.03961	3.51426	1.89050
4711.554	2.17209	1.23038	2.95777	1.87173
4715.512	2.00093	1.33627	3.21723	1.99694
4719.555	2.05893	1.29912	3.24056	2.05758
4723.552	2.09304	1.30098	3.38224	2.03863
4727.556	2.09760	1.33691	3.33161	2.03527
4731.556	2.00728	1.35856	3.23954	2.03141
4735.556	1.93636	1.39381	3.10562	2.05757
4739.453	1.87188	1.41419	3.14494	2.01904
4743.556	1.86365	1.49275	3.08003	2.01958
4747.559	1.88207	1.52766	3.04895	2.01342
4751.556	1.83087	1.55453	3.12309	2.02500
4755.453	1.85085	1.55915	3.15523	2.01763
4759.556	1.82514	1.56047	3.16584	1.98381
4763.539	1.77682	1.55408	3.16720	1.94911
4767.513	1.68332	1.59216	3.08179	1.96929
4771.451	1.69954	1.61778	3.06357	2.00430
4775.555	1.70720	1.67823	3.03917	2.03329
4779.513	1.69701	1.68124	3.06474	2.04472
4783.560	1.67601	1.66451	3.08023	2.02964
4787.457	1.68508	1.66182	3.07271	1.99129
4791.556	1.64861	1.62159	3.06258	1.97473
4795.559	1.65428	1.61166	3.02630	1.96781
4799.558	1.65394	1.60586	3.06662	1.95054
4803.458	1.67898	1.61147	3.01987	1.95498
4807.522	1.66753	1.62997	2.97638	1.98991
4811.558	1.62319	1.58121	2.99138	1.98693
4815.561	1.62398	1.53996	3.03784	2.00350
4819.454	1.62775	1.52317	2.99819	2.00938
4823.558	1.63006	1.50207	2.95911	1.96615
4827.559	1.61099	1.51244	2.97878	1.95302
4831.557	1.60893	1.48449	2.96079	1.97492
4835.455	1.61220	1.49874	2.95643	1.98712
4839.561	1.62735	1.56547	3.02138	1.96908
4843.516	1.67789	1.49553	2.92198	1.98438
4847.530	1.62924	1.51059	2.87482	1.96654
4851.453	1.62155	1.43143	2.94698	2.00796
4855.557	1.66061	1.44037	2.99430	1.95448
4859.559	1.65302	1.35483	2.91087	2.02037
4863.558	1.65523	1.36362	3.01361	2.03735
4867.558	1.68813	1.28127	3.08941	2.07235
4871.557	1.68473	1.23703	3.10421	2.01079
4875.560	1.72520	1.24138	3.05632	2.09583
4879.558	1.72366	1.24024	3.10280	1.98571
4883.459	1.69902	1.24182	3.09750	1.86804
4887.558	1.64528	1.26325	3.15399	2.03391
4891.546	1.63571	1.22257	3.17240	1.99849
4895.559	1.66068	1.27598	3.09941	2.07875
4899.452	1.68116	1.27162	3.05724	1.98158
4903.559	1.69344	1.27755	3.08431	2.01127
4907.514	1.72810	1.23058	2.95829	1.94461
4911.560	1.75600	1.27003	2.92819	1.94283
4915.454	1.76842	1.27722	2.89510	1.98329
4919.558	1.79929	1.26365	2.91507	1.97525
4923.558	1.80511	1.25672	2.79681	1.96045
4927.558	1.80209	1.23341	2.80506	1.99921
4931.453	1.81914	1.18571	2.75750	1.99520
4935.556	1.80687	1.17030	2.71369	2.02081
4939.558	1.77615	1.11314	2.68083	1.99689
4943.561	1.79837	1.09604	2.64371	2.01807
4947.452	1.81248	1.09474	2.68217	1.99485
4951.558	1.81729	1.12925	2.77248	1.96880
4955.559	1.79524	1.14287	2.81068	1.94766
4959.562	1.76289	1.15225	2.87324	1.92822
4963.453	1.70613	1.13692	2.82085	1.88071
4967.513	1.67082	1.16348	2.89131	1.92112
4971.558	1.58453	1.14126	2.97205	1.93645
4975.561	1.55668	1.17348	2.98586	1.86814
4979.456	1.66973	1.22026	2.98666	1.81885
4983.436	1.66011	1.29107	3.08805	1.78866
4987.436	1.62165	1.37692	3.16186	1.77416
4991.437	1.55187	1.41036	3.16861	1.75088
4995.392	1.47112	1.41091	3.08023	1.72135
4999.434	1.44698	1.43463	2.93705	1.71243
5003.436	1.45264	1.48944	2.99314	1.74308
5007.436	1.55365	1.47187	3.08911	1.73591
5011.447	1.50814	1.41808	3.07340	1.74789
5015.434	1.46050	1.44418	3.06783	1.78862
5019.404	1.45832	1.50359	2.95094	1.82290
5023.436	0.77084	1.87971	1.94109	4.14470
5027.424	-0.52232	4.89025	-1.11514	6.08304
5031.434	-1.58827	5.22486	-1.02260	8.08702
5035.435	-2.80479	8.14205	-1.23456	10.63767
5039.439	-3.22453	8.98688	-1.20368	12.16828
5043.458	-2.72662	11.24681	-1.16458	13.42273
5047.436	-3.26421	11.72261	NaN	NaN
5051.436	-3.23571	13.73306	NaN	NaN
5055.439	-3.18781	13.77944	NaN	NaN
5059.448	-3.21723	13.81809	NaN	NaN
5063.431	-3.16616	13.86555	NaN	NaN
5067.435	-3.22532	13.54231	NaN	NaN
5071.436	-3.33428	13.70448	NaN	NaN
5075.457	-3.40425	13.79696	NaN	NaN
5079.434	-3.48922	14.11019	NaN	NaN
5083.440	-3.61693	14.21983	NaN	NaN
5087.439	-3.54729	14.27748	NaN	NaN
5091.456	-3.29730	13.96735	NaN	NaN
5095.433	-3.56831	14.32105	NaN	NaN
5099.438	-3.57107	14.31716	NaN	NaN
5103.392	-3.58190	14.26949	NaN	NaN
5107.459	-3.60877	14.29820	NaN	NaN
5111.437	-3.60870	14.24449	NaN	NaN
5115.434	-3.64855	14.07611	NaN	NaN
5119.437	-3.59313	14.29699	NaN	NaN
5123.455	-3.65282	14.20635	NaN	NaN
5127.445	-3.55456	14.28303	NaN	NaN
5131.435	-3.60445	14.24371	NaN	NaN
5135.437	-3.70210	14.35257	NaN	NaN
5139.458	-3.75919	14.40022	NaN	NaN
5143.414	-3.51782	13.99613	NaN	NaN
5147.437	-3.40074	14.13149	NaN	NaN
5151.438	-3.56329	14.15946	NaN	NaN
5155.458	-3.59748	14.17395	NaN	NaN
5159.437	-3.62687	14.27671	NaN	NaN
5163.435	-3.67734	14.37074	NaN	NaN
5167.393	-3.48800	14.38639	NaN	NaN
5171.434	-3.59864	14.48854	NaN	NaN
5175.436	-3.67969	14.53796	NaN	NaN
5179.439	-3.58764	14.42611	NaN	NaN
5183.437	-3.63903	14.48723	NaN	NaN
5187.459	NaN	NaN	NaN	NaN
5191.434	-3.75845	14.60142	NaN	NaN
5195.438	NaN	NaN	NaN	NaN
5199.439	-3.77463	14.52484	NaN	NaN
5203.462	-3.80223	14.35509	NaN	NaN
5207.436	-3.75501	14.52452	NaN	NaN
5211.438	-3.83725	14.32998	NaN	NaN
5215.394	-3.86546	14.34237	NaN	NaN
5219.457	-3.84752	14.30041	NaN	NaN
5223.440	-3.84441	14.40790	NaN	NaN
5227.411	-3.85232	14.32869	NaN	NaN
5231.439	-3.80307	14.39386	NaN	NaN
5235.461	-3.73739	14.23804	NaN	NaN
5239.437	-3.69217	14.19958	NaN	NaN
5243.435	-3.61822	14.18629	NaN	NaN
5247.438	-3.60645	14.29348	NaN	NaN
5251.456	-3.62252	14.47607	NaN	NaN
5255.437	-3.56418	14.48495	NaN	NaN
5259.434	-3.54690	14.48000	NaN	NaN
5263.394	-3.55879	14.41440	NaN	NaN
5267.423	-3.53822	14.35222	NaN	NaN
5271.438	-3.60838	14.55421	NaN	NaN
5275.434	-3.67724	14.49570	NaN	NaN
5279.437	-3.66936	14.54137	NaN	NaN
5283.459	-3.71241	14.45919	NaN	NaN
5287.440	-3.78630	14.47708	NaN	NaN
5291.436	-3.83262	14.46127	NaN	NaN
5295.437	-3.87976	14.35896	NaN	NaN
5299.424	-3.87690	14.47391	NaN	NaN
5303.435	-3.89681	14.44834	NaN	NaN
5307.439	-3.92060	14.49146	NaN	NaN
5311.402	-3.85343	14.32092	NaN	NaN
5315.425	-3.95738	14.43913	NaN	NaN
5319.439	-3.88174	14.50112	NaN	NaN
5323.441	-3.90708	13.67112	-0.90902	14.61664
5327.440	-3.85387	10.06957	-1.74647	12.17907
5331.424	-3.76250	7.51066	-2.42780	10.25279
5335.438	-3.81093	6.95346	-2.25726	7.62886
5339.440	-3.79401	5.26860	-2.60490	7.14222
5343.440	-3.76480	4.27878	-2.55227	4.92451
5347.458	-3.84644	4.12250	-2.59111	4.49924
5351.416	-3.97943	3.44653	-2.76911	4.13990
5355.438	-4.05211	2.76755	-2.80714	3.70159
5359.437	-3.91995	2.30299	-2.70352	3.24306
5363.396	-3.89911	1.96280	-2.74893	2.40581
5367.408	-3.90595	1.50422	-2.74502	1.53534
5371.437	-3.93989	1.26772	-2.79137	1.38740
5375.439	-4.01354	1.16407	-2.77985	1.01828
5379.444	-4.01658	1.10953	-2.79870	0.97469
5383.440	-4.04152	1.24039	-2.77146	1.11091
5387.439	-4.03238	1.30172	-2.82343	1.36910
5391.440	-4.07214	1.13921	-2.85180	1.39955
5395.398	-4.06609	1.07279	-2.83172	1.62703
5399.439	-4.05090	1.00742	-2.84655	1.46611
5403.438	-4.07011	0.96016	-2.93557	1.54775
5407.439	-4.07937	0.95510	-2.99861	1.55699
5411.424	-4.12105	0.92452	-3.00448	1.63712
5415.440	-4.14959	0.91460	-3.02586	1.59417
5419.437	-4.11611	0.95666	-3.01296	1.73053
5423.438	-4.10209	0.95916	-3.04185	1.75565
5427.439	-4.07863	0.93124	-3.05313	1.87407
5431.439	-4.11241	0.92741	-3.02079	1.89215
5435.409	-4.05712	0.92571	-3.01908	1.90915
5439.440	-4.04873	0.88163	-2.96987	1.89206
5443.430	-4.05157	0.87529	-2.94856	1.90313
5447.442	-4.06730	0.86392	-2.90190	1.90249
5451.441	-4.10960	0.82970	-2.85002	1.89596
5455.449	-4.10925	0.80131	-2.80635	1.87547
5459.460	-4.12787	0.80297	-2.76770	1.87697
5463.438	-4.16579	0.74914	-2.74564	1.88447
5467.439	-4.19867	0.71476	-2.73395	1.89069
5471.439	-4.19568	0.67772	-2.70391	1.87945
5475.445	-4.22700	0.65069	-2.70990	1.86043
5479.441	-4.21945	0.63545	-2.71189	1.87493
5483.440	-4.20627	0.63269	-2.74403	1.88931
5487.441	-4.21888	0.66051	-2.70542	1.91337
5491.442	-4.15524	0.70152	-2.72853	1.97440
5495.442	-4.10132	0.77591	-2.74992	1.98510
5499.436	-4.03848	0.90846	-2.76042	2.04058
5503.440	-4.03688	0.94573	-2.78485	2.09014
5507.441	-4.00509	1.07136	-2.76896	2.06142
5511.441	-4.04520	1.06105	-2.77713	2.06165
5515.441	-4.02757	1.11571	-2.80847	2.01770
5519.404	-4.00912	1.20384	-2.74804	1.99926
5523.435	-4.05567	1.21279	-2.74076	1.97723
5527.398	-4.09078	1.26068	-2.71352	1.90773
5531.440	-4.08537	1.33179	-2.72513	1.86928
5535.442	-4.12700	1.30471	-2.63073	1.82985
5539.434	-4.18874	1.28566	-2.51695	1.77766
5543.444	-4.28792	1.22521	-2.60456	1.58214
5547.441	-4.29769	1.18096	-2.58093	1.56340
5551.441	-4.30692	1.13602	-2.58890	1.46250
5555.432	-4.28113	1.10851	-2.54227	1.42497
5559.443	-4.30206	1.11133	-2.55155	1.39992
5563.438	-4.28022	1.09209	-2.52347	1.42072
5567.443	-4.28056	1.23595	-2.53023	1.36286
5571.432	-4.32599	1.23256	-2.51968	1.37932
5575.442	-4.32160	1.23863	-2.55116	1.40119
5579.440	-4.33586	1.24698	-2.58990	1.36339
5583.441	-4.32170	1.22224	-2.58321	1.37647
5587.448	-4.28834	1.19111	-2.55465	1.38355
5591.398	-4.31013	1.22624	-2.55876	1.38473
5595.441	-4.29660	1.18540	-2.51378	1.45194
5599.431	-4.32192	1.21929	-2.56032	1.42648
5603.444	-4.33910	1.20403	-2.52760	1.35998
5607.444	-4.28937	1.19950	-2.57256	1.35006
5611.438	-4.22439	1.14285	-2.55465	1.37762
5615.441	-4.20945	1.12093	-2.59492	1.34202
5619.446	-4.24137	1.06581	-2.58957	1.39023
5623.444	-4.16300	1.07352	-2.61466	1.39586
5627.439	-4.16833	1.11202	-2.65010	1.45898
5631.442	-4.25633	1.08764	-2.72701	1.50039
5635.445	-4.21896	1.07052	-2.71778	1.47051
5639.445	-4.25048	1.06297	-2.79260	1.51821
5643.410	-4.24043	1.05253	-2.79624	1.57004
5647.441	-4.25319	1.04660	-2.79340	1.61717
5651.446	-4.28922	1.05021	-2.77631	1.69248
5655.443	-4.30633	1.04583	-2.80127	1.73869
5659.444	-4.32170	1.03404	-2.78721	1.74382
5663.453	-4.27681	1.04651	-2.82915	1.80168
5667.444	-4.28900	1.05757	-2.83457	1.80861
5671.442	-4.18571	1.00655	-2.85324	1.86189
5675.442	-4.24226	1.04674	-2.81585	1.83453
5679.442	-4.19753	1.08636	-2.81927	1.87429
5683.340	-4.16500	1.10367	-2.79827	1.86817
5687.400	-4.14962	1.12133	-2.80008	1.88642
5691.442	-4.11404	1.13875	-2.80278	1.87865
5695.442	-4.06745	1.16082	-2.80085	1.84457
5699.445	-4.06011	1.19599	-2.70904	1.96387
5703.439	-4.02734	1.21558	-2.75071	1.89882
5707.445	-4.01613	1.23475	-2.54224	1.93648
5711.440	-4.02999	1.20654	-2.60550	1.97576
5715.443	-4.07960	1.21687	-2.57959	1.91394
5719.442	-4.06525	1.19853	-2.57417	1.91628
5723.445	-4.06831	1.18361	-2.57910	1.95691
5727.406	-4.08710	1.18495	-2.55569	1.99022
5731.321	-4.06843	1.22033	-2.54442	1.99358
5735.443	-4.08261	1.20418	-2.52708	1.97437
5739.445	-4.10076	1.19124	-2.46199	2.01697
5743.442	-4.09483	1.20520	-2.45019	1.98485
5747.445	-4.13416	1.24265	-2.39748	2.01575
5751.443	-4.09964	1.18775	-2.45235	2.01334
5755.446	-4.09063	1.18985	-2.43595	2.01703
5759.443	-4.07293	1.18816	-2.43575	2.04366
5763.446	-4.06201	1.22752	-2.40072	2.07585
5767.449	-4.03389	1.23136	-2.42938	2.08706
5771.444	-4.02737	1.22812	-2.43010	2.06338
5775.442	-4.06384	1.24320	-2.44841	2.03395
5779.340	-4.04821	1.22046	-2.44534	2.09081
5783.444	-4.05685	1.24418	-2.48750	2.10891
5787.445	-4.15413	1.24844	-2.56755	2.12366
5791.443	-4.10397	1.29576	-2.61825	2.15669
5795.447	-4.16275	1.36445	-2.62070	2.08004
5799.443	-4.16235	1.45506	-2.65491	2.06451
5803.447	-4.22473	1.51660	-2.66516	2.06648
5807.439	-4.26489	1.56838	-2.70173	2.01180
5811.447	-4.29451	1.63004	-2.71151	1.98957
5815.443	-4.32185	1.72023	-2.71285	2.02472
5819.445	-4.29994	1.69470	-2.66226	1.95512
5823.445	-4.30941	1.71986	-2.64329	1.85763
5827.448	-4.30855	1.75474	-2.60884	1.76778
5831.445	-4.30302	1.78565	-2.62942	1.71530
5835.447	-4.31610	1.79827	-2.56902	1.66104
5839.443	-4.33273	1.83640	-2.58980	1.64296
5843.403	-4.34122	1.85749	-2.57211	1.63452
5847.445	-4.35052	1.84975	-2.55626	1.60803
5851.449	-4.32570	1.82800	-2.56307	1.53861
5855.445	-4.22609	1.84430	-2.55103	1.48792
5859.449	-4.23809	1.82086	-2.58090	1.46090
5863.445	-4.22459	1.86060	-2.60901	1.45826
5867.399	-4.20133	1.88811	-2.62937	1.48170
5871.445	-4.20331	1.90345	-2.63034	1.44985
5875.458	-4.14216	1.91340	-2.64475	1.43525
5879.443	-3.86978	1.88796	-2.60010	1.41471
5883.445	-3.90699	1.86574	-2.60144	1.40448
5887.447	-3.86123	1.84065	-2.56156	1.38701
5891.428	-3.84214	1.82459	-2.61157	1.38515
5895.441	-3.74048	1.78914	-2.62908	1.39986
5899.444	-3.71891	1.73659	-2.44744	1.41733
5903.400	-3.72407	1.71956	-2.52795	1.40079
5907.343	-3.64259	1.71694	-2.53929	1.44469
5911.447	-3.61048	1.69780	-2.45953	1.43850
5915.443	-3.57614	1.68490	-2.40803	1.47396
5919.447	-3.55444	1.69465	-2.43454	1.53187
5923.448	-3.60714	1.64686	-2.43771	1.54915
5927.446	-3.61604	1.60972	-2.45899	1.56984
5931.447	-3.60378	1.58992	-2.47137	1.58375
5935.448	-3.60205	1.56051	-2.51638	1.62475
5939.448	-3.58583	1.58618	-2.53219	1.62530
5943.446	-3.60114	1.64015	-2.48247	1.73321
5947.445	-3.60178	1.65779	-2.51963	1.77168
5951.444	-3.65678	1.63705	-2.48396	1.75913
5955.449	-3.64086	1.62544	-2.50511	1.85225
5959.444	-3.68695	1.62389	-2.58043	1.84324
5963.445	-3.78049	1.56356	-2.61578	1.84829
5967.401	-3.74686	1.55096	-2.62462	1.88684
5971.304	-3.85486	1.52763	-2.68720	1.93549
5975.347	-3.88152	1.53018	-2.69950	1.95550
5979.444	-3.85526	1.51598	-2.71203	1.95519
5983.445	-3.93752	1.47667	-2.71822	1.95500
5987.405	-4.00084	1.46548	-2.76312	1.93205
5991.446	-3.95276	1.37192	-2.74611	1.95456
5995.443	-3.99003	1.36120	-2.81179	1.94523
5999.445	-3.93403	1.31186	-2.81999	1.91876
6003.405	-4.00981	1.31206	-2.81206	1.93373
6007.446	-4.00215	1.32957	-2.77970	1.93465
6011.404	-3.94629	1.31997	-2.76232	1.93773
6015.445	-3.89955	1.29204	-2.74484	1.95625
6019.405	-3.97486	1.35565	-2.69599	1.94584
6023.286	-4.01974	1.34909	-2.73551	1.97689
6027.320	-3.88584	1.32413	-2.72214	2.01249
6031.321	-3.93858	1.37248	-2.60171	2.02803
6035.280	-4.00729	1.35300	-2.56807	2.01874
6039.323	-3.87845	1.36079	-2.56679	2.07787
6043.323	-4.06080	1.41858	-2.55663	2.08966
6047.322	-4.16991	1.44486	-2.54898	2.13103
6051.280	-3.97713	1.42752	-2.49788	2.14130
6055.323	-4.06145	1.49378	-2.47994	2.33029
6059.322	-4.54096	1.96480	-2.57890	2.65238
6063.323	-4.57906	3.69906	-3.32140	4.54767
6067.307	-4.95610	3.96035	-2.88314	5.35124
6071.322	-4.98162	4.19507	-2.82590	5.53991
6075.322	-5.30965	4.26935	-3.19120	5.42374
6079.320	-5.33987	4.29728	-3.54840	5.61483
6083.341	-5.34053	4.47172	-3.57352	5.77385
6087.323	-5.40720	4.51057	-3.31796	5.68666
6091.324	-5.38626	4.44544	-3.52202	5.67580
6095.321	-5.37726	4.42576	-3.46441	5.50651
6099.343	-5.43002	4.30019	-3.54571	5.56328
6103.323	-5.47247	4.35378	-3.64499	5.44498
6107.285	-5.43691	4.40120	-3.61920	5.45298
6111.323	-5.46022	4.43234	-3.62642	5.45225
6115.342	-5.49947	4.41953	-3.63354	5.46191
6119.324	-5.40132	4.37328	-3.64363	5.43285
6123.322	-5.36034	4.35832	-3.63945	5.33040
6127.323	-5.31022	4.28411	-3.62751	5.29123
6131.343	-5.25286	4.26614	-3.65729	5.23900
6135.325	-5.15411	4.26760	-3.69808	5.32646
6139.326	-5.25217	4.31160	-3.76376	5.28958
6143.323	-5.26603	4.36725	-3.80980	5.26118
6147.329	-5.22485	4.38230	-3.82030	5.24553
6151.324	-5.22864	4.41679	-3.86123	5.30718
6155.321	-5.19660	4.43236	-3.81479	5.79588
6159.325	-5.15448	4.45866	-3.87445	5.59330
6163.343	-5.19684	4.50672	-3.87495	5.68932
6167.280	-5.25512	4.48458	-3.85182	5.77919
6171.324	-5.29920	4.55233	-3.88031	5.68226
6175.323	-5.36587	4.52482	-3.89639	5.72658
6179.343	-5.40277	4.53214	-3.89839	5.70841
6183.327	-5.47579	4.52675	-3.89090	5.85607
6187.312	-5.49067	4.51582	-3.80290	6.03837
6191.313	-5.48430	4.49185	-3.76769	5.99474
6195.319	-5.54998	4.48954	-3.79042	5.95294
6199.325	-5.58919	4.46958	-3.77817	5.94481
6203.324	-5.61726	4.42839	-3.70438	6.01399
6207.323	-5.62584	4.41829	-3.78872	6.06373
6211.342	-5.62544	4.40627	-3.77041	6.08209
6215.279	-5.62940	4.37640	-3.81367	6.08885
6219.323	-5.62746	4.34974	-3.79228	6.24316
6223.324	-5.62569	4.31488	-3.68379	6.18256
6227.345	-5.61175	4.30252	-3.74147	6.07227
6231.325	-5.61396	4.28003	-3.70991	6.11041
6235.323	-5.65425	4.27225	-3.62867	6.14426
