time (ms)	lx (deg)	ly (deg)	rx (deg)	ry (deg)
0.000	-1.38803	0.03567	0.34692	0.05340
3.890	-1.41400	-0.08322	0.25604	0.06453
8.034	-1.41075	-0.13273	0.23309	0.06843
11.902	-1.40973	-0.18457	0.19060	-0.05772
15.900	-1.46184	-0.07885	0.27741	-0.02194
19.860	-1.41273	-0.09735	0.32627	0.00743
23.905	-1.48572	-0.01967	0.51088	0.06759
27.902	-1.49178	-0.02924	0.17769	0.04016
31.900	-1.40552	0.15996	0.28756	0.06418
35.900	-1.45452	0.05532	0.33414	0.13334
39.906	-1.46435	0.07952	0.46733	0.22244
43.905	-1.51340	0.13297	0.56081	0.17659
47.868	-1.51988	0.25200	0.42579	0.14551
51.893	-1.48188	0.32360	0.50753	0.04453
55.903	-1.56610	0.37741	0.50125	0.03931
59.901	-1.55918	0.32068	0.64010	-0.22780
63.903	-1.59410	0.38411	0.80679	-0.18240
67.925	-1.61128	0.33101	0.69853	-0.16829
71.903	-1.52464	0.37108	0.59503	-0.21143
75.905	-1.43858	0.37992	0.55270	-0.11636
79.903	-1.51129	0.37516	0.50872	-0.20835
83.937	-1.47015	0.41518	0.45554	-0.22612
87.881	-1.43776	0.42831	0.39678	-0.22135
91.907	-1.51687	0.37215	0.35256	-0.21298
95.904	-1.54656	0.32948	0.41963	-0.22542
99.924	-1.49974	0.28298	0.34154	-0.11622
103.902	-1.54358	0.26835	0.27664	-0.09229
107.905	-1.51494	0.23422	0.28649	-0.05797
111.903	-1.50871	0.25573	0.24795	-0.03004
115.938	-1.51159	0.17393	0.32096	0.00134
119.905	-1.52598	0.12924	0.35221	0.01739
123.885	-1.48540	0.07996	0.41333	0.07017
127.892	-1.46392	0.01548	0.40323	0.03789
131.901	-1.47288	0.00132	0.38072	0.04967
135.904	-1.35283	-0.02194	0.45396	-0.00417
139.905	-1.30833	-0.04338	0.45093	0.00991
143.906	-1.35732	-0.07314	0.43832	-0.05633
147.923	-1.28700	-0.11207	0.46880	-0.08329
151.904	-1.31218	-0.09187	0.45276	-0.11371
155.905	-1.26304	-0.12638	0.45413	-0.12623
159.906	-1.29164	-0.08514	0.40986	-0.11286
163.898	-1.27358	0.00638	0.34248	-0.09090
167.905	-1.32654	0.11117	0.24376	-0.08198
171.874	-1.35807	0.14610	0.20139	-0.02281
175.906	-1.35268	0.11410	0.30610	0.11955
179.903	-1.26567	0.03806	0.32608	0.02177
183.905	-1.04307	0.03203	0.73709	0.04661
187.904	-0.64637	0.04229	1.52045	0.05974
191.909	-0.77784	-0.03526	1.76490	0.02412
195.901	-0.83384	-0.08480	1.54224	0.04166
199.905	-0.81223	-0.07129	1.29276	0.06715
203.906	-0.79543	-0.18066	1.36801	0.03346
207.908	-0.82545	-0.24948	1.17183	-0.00539
211.916	-0.62675	-0.28254	1.25664	-0.17994
215.902	-0.63114	-0.28366	1.14923	-0.18427
219.910	-0.58736	-0.30498	1.18505	-0.19177
223.862	-0.63218	-0.30058	1.17292	-0.27003
227.904	-0.65322	-0.35124	1.08904	-0.32355
231.905	-0.68851	-0.41482	1.06907	-0.35851
235.903	-0.72980	-0.39335	1.11638	-0.37900
239.861	-0.71494	-0.37633	1.09247	-0.44508
243.897	-0.66057	-0.39676	1.08835	-0.46685
247.909	-0.66129	-0.43214	1.01318	-0.53331
251.900	-0.62511	-0.39768	1.01419	-0.57102
255.862	-0.66188	-0.39962	1.02652	-0.53716
259.906	-0.63255	-0.37656	0.99618	-0.50604
263.907	-0.64957	-0.34953	0.98824	-0.50579
267.905	-0.62868	-0.36188	1.00928	-0.44435
271.907	-0.64082	-0.32026	1.03019	-0.41714
275.925	-0.64131	-0.31064	1.00238	-0.41141
279.906	-0.60198	-0.20000	1.01610	-0.45148
283.904	-0.59459	-0.24900	1.00754	-0.41538
287.911	-0.61709	-0.26458	1.05845	-0.41903
291.929	-0.59533	-0.25198	1.06034	-0.40497
295.884	-0.58188	-0.27201	1.07689	-0.41418
299.907	-0.57156	-0.23379	1.14516	-0.42137
303.864	-0.57903	-0.30714	1.26249	-0.43569
307.929	-0.55704	-0.40106	1.22124	-0.43662
311.908	-0.56183	-0.45632	1.20785	-0.47830
315.906	-0.61129	-0.53565	1.29159	-0.46810
319.863	-0.85597	-0.45217	1.30437	-0.40125
323.905	-0.96097	-0.52577	1.23116	-0.29161
327.917	-0.77645	-0.50565	1.20011	-0.20528
331.908	-0.73486	-0.51954	1.24736	-0.23464
335.895	-0.69283	-0.55467	1.25356	-0.24831
339.892	-0.72538	-0.56918	1.36471	-0.28372
343.905	-1.11328	-0.67855	1.31570	-0.28196
347.906	-0.83141	-0.62261	1.34891	-0.26382
351.906	-0.85977	-0.63313	1.35196	-0.32729
355.865	-0.85287	-0.53197	1.30613	-0.30119
359.906	-0.80220	-0.48934	1.30015	-0.27225
363.907	-0.75546	-0.48679	1.32587	-0.32717
367.906	-0.73451	-0.50404	1.36142	-0.34615
371.864	-0.67873	-0.53791	1.37781	-0.33859
375.909	-0.67382	-0.55105	1.25396	-0.39609
379.907	-0.67590	-0.51982	1.17800	-0.48348
383.911	-0.64531	-0.49880	1.12891	-0.48450
387.929	-0.68784	-0.45209	1.07954	-0.50876
391.909	-0.64253	-0.42061	1.09480	-0.51002
395.908	-0.60106	-0.39112	1.09837	-0.49556
399.907	-0.61528	-0.45202	1.09534	-0.52686
403.934	-0.64516	-0.47691	1.08403	-0.53335
407.910	-0.73431	-0.53604	0.96167	-0.50194
411.907	-0.77756	-0.50567	0.96398	-0.46572
415.908	-0.85046	-0.49038	0.89917	-0.53909
419.919	-0.86342	-0.44951	0.91939	-0.52518
423.915	-0.92959	-0.45591	0.97298	-0.48199
427.904	-0.93443	-0.43822	1.01618	-0.46805
431.910	-0.97440	-0.41350	1.02742	-0.42552
435.928	-1.05763	-0.45311	0.94810	-0.40846
439.898	-1.14707	-0.47399	0.93539	-0.40595
443.906	-1.19854	-0.44830	0.93066	-0.34975
447.908	-1.24625	-0.45646	0.89468	-0.32372
451.906	-1.32542	-0.43958	0.91450	-0.28814
455.907	-1.28507	-0.46860	0.96172	-0.27467
459.910	-1.30940	-0.47386	0.96986	-0.24493
463.872	-1.34309	-0.48494	0.97790	-0.20189
467.901	-1.25915	-0.43572	0.93004	-0.15703
471.910	-1.27792	-0.57420	0.92927	-0.08930
475.870	-1.28311	-0.52012	0.92805	-0.09141
479.910	-1.20852	-0.56555	0.96695	-0.09660
483.926	-1.20554	-0.49405	0.97554	-0.07583
487.909	-1.27418	-0.43127	1.00777	-0.10154
491.909	-1.15620	-0.43603	1.02898	-0.20847
495.865	-1.04215	-0.43113	1.04307	-0.13943
499.902	-1.02469	-0.51667	1.04612	-0.12932
503.880	-0.96152	-0.45273	1.05453	-0.04529
507.907	-0.94753	-0.41554	1.06664	-0.07193
511.911	-0.87721	-0.41994	1.08619	-0.08363
515.914	-0.83652	-0.46228	1.11598	-0.16184
519.864	-0.84262	-0.49662	1.15600	-0.16044
523.912	-0.81238	-0.44415	1.25617	-0.10126
527.909	-0.82396	-0.45337	1.26542	-0.14081
531.912	-0.78141	-0.50237	1.33148	-0.03408
535.918	-0.75238	-0.57206	1.27098	0.00671
539.910	-0.76600	-0.59573	1.29496	0.03093
543.901	-0.81240	-0.59958	1.25456	0.07224
547.906	-0.87570	-0.64573	1.22742	0.08223
551.905	-0.84937	-0.64869	1.30717	0.07912
555.864	-0.82679	-0.58102	1.26205	0.05694
559.909	-0.84163	-0.48571	1.23799	0.10263
563.912	-0.83022	-0.53255	1.17153	0.11997
567.908	-0.88942	-0.53867	1.11469	0.09578
571.907	-0.89575	-0.53365	1.04575	0.03523
575.910	-0.86659	-0.53761	1.01122	0.04718
579.911	-0.88920	-0.51559	1.00653	0.04532
583.909	-0.84208	-0.48457	0.97606	0.02668
587.874	-0.74732	-0.43978	0.95485	0.03916
591.910	-0.67801	-0.40381	0.92200	-0.00288
595.914	-0.69501	-0.37161	0.83779	-0.03083
599.909	-0.67717	-0.40896	0.84553	-0.11340
603.910	-0.67196	-0.42198	0.82458	-0.13678
607.913	-0.73178	-0.39228	0.93443	-0.13514
611.914	-0.71213	-0.38155	0.87944	-0.13847
615.910	-0.70342	-0.40635	0.94239	-0.08351
619.908	-0.63305	-0.40598	0.87875	-0.13248
623.869	-0.66317	-0.43698	0.81878	-0.15703
627.870	-0.69474	-0.42868	0.89031	-0.10229
631.904	-0.75322	-0.41847	0.96090	-0.04326
635.911	-0.73392	-0.38237	0.90701	-0.02224
639.910	-0.78399	-0.37056	0.96782	-0.08723
643.869	-0.74181	-0.35963	0.95423	-0.03324
647.908	-0.76422	-0.37019	0.97276	0.05819
651.909	-0.75327	-0.48679	0.93696	-0.02882
655.908	-0.78593	-0.50718	0.93224	0.01016
659.895	-0.82821	-0.53250	0.91768	-0.00147
663.907	-0.74618	-0.39904	0.92115	0.04388
667.910	-0.71724	-0.32490	0.94217	0.03918
671.910	-0.72824	-0.30793	0.93864	0.06775
675.869	-0.65856	-0.37594	0.90594	0.02979
679.909	-0.67838	-0.35179	0.90344	-0.04182
683.913	-0.66305	-0.36737	0.90723	-0.08405
687.912	-0.80528	-0.42842	0.92894	-0.09372
691.870	-0.71295	-0.37375	0.93463	-0.23417
695.910	-0.65846	-0.39119	0.92177	-0.34933
699.910	-0.76144	-0.45988	0.92696	-0.28806
703.910	-0.75161	-0.53954	0.89185	-0.23698
707.872	-0.74548	-0.58545	0.85840	-0.26424
711.889	-0.72208	-0.52446	0.90051	-0.15320
715.911	-0.72556	-0.59812	0.88691	-0.17765
719.912	-0.76087	-0.66011	0.91976	-0.23763
723.871	-0.77034	-0.72040	0.94385	-0.23616
727.909	-0.73873	-0.63171	0.97192	-0.22450
731.910	-0.69342	-0.57358	0.93467	-0.17725
735.910	-0.68186	-0.59793	0.88222	-0.11573
739.869	-0.72020	-0.58103	1.03019	-0.05379
743.912	-0.70379	-0.58675	1.01320	-0.04760
747.916	-0.71747	-0.50598	0.99166	-0.06065
751.901	-0.70977	-0.43688	0.97775	-0.07056
755.869	-0.75516	-0.44455	0.91473	-0.11131
759.912	-0.78424	-0.41846	0.92884	-0.17685
763.913	-0.82163	-0.42552	0.92316	-0.22818
767.912	-0.82002	-0.33369	0.91681	-0.22781
771.869	-0.84900	-0.35545	0.91929	-0.22433
775.911	-0.89068	-0.38665	0.92306	-0.21581
779.910	-0.91919	-0.40687	0.97365	-0.19916
783.913	-0.90445	-0.37082	0.93495	-0.29566
787.871	-0.93319	-0.37633	0.91557	-0.35624
791.912	-0.94807	-0.36182	0.87595	-0.39378
795.912	-0.96246	-0.36041	0.88932	-0.40116
799.911	-0.98244	-0.38594	0.89264	-0.43381
803.780	-0.87108	-0.36494	0.94142	-0.39986
807.913	-0.82699	-0.31669	1.07820	-0.38069
811.915	-0.79521	-0.32979	1.11851	-0.37065
815.912	-0.77761	-0.38999	1.04530	-0.40994
819.873	-0.62938	-0.39182	0.90247	-0.41144
823.915	-0.62940	-0.32331	0.89939	-0.42506
827.913	-0.55759	-0.39354	1.04044	-0.35021
831.912	-0.52036	-0.31977	1.01417	-0.36654
835.897	-0.54352	-0.43275	1.05535	-0.30643
839.916	-0.55669	-0.36119	0.98144	-0.25919
843.911	-0.49823	-0.35992	0.72804	-0.28283
847.913	-0.46746	-0.34504	0.79769	-0.31222
851.812	-0.46177	-0.39697	0.65786	-0.32711
855.914	-0.49572	-0.34365	0.73508	-0.41981
859.912	-0.47830	-0.35093	0.74002	-0.41067
863.918	-0.53088	-0.25899	0.88034	-0.43378
867.917	-0.50855	-0.39180	0.82399	-0.36887
871.911	-0.52069	-0.36211	0.85173	-0.40651
875.911	-0.51704	-0.31105	0.86937	-0.30402
879.908	-0.55548	-0.35629	0.78404	-0.42455
883.914	-0.56322	-0.34116	0.64464	-0.36461
887.914	-0.60910	-0.36136	0.83409	-0.37371
891.913	-0.73891	-0.48510	0.84955	-0.25435
895.913	-0.67173	-0.30741	0.89227	-0.18746
899.915	-0.64588	-0.42737	0.87515	-0.15034
903.916	-0.77687	-0.37126	0.87783	-0.12920
907.911	-0.79344	-0.47906	0.79203	-0.15050
911.868	-0.86880	-0.38263	0.72776	-0.13062
915.812	-0.83255	-0.36439	0.69007	-0.17798
919.868	-0.84781	-0.34586	0.65953	-0.23068
923.919	-0.83920	-0.49707	0.64292	-0.22634
927.915	-0.84684	-0.51426	0.67456	-0.20526
931.808	-0.82466	-0.44263	0.70615	-0.17048
935.868	-0.77384	-0.34900	0.67521	-0.23747
939.916	-0.77372	-0.51916	0.67536	-0.22835
943.913	-0.83803	-0.52991	0.64737	-0.27516
947.812	-0.85438	-0.51304	0.61612	-0.25389
951.914	-0.95112	-1.13662	0.67893	-0.24842
955.917	-0.93820	-0.45074	0.69407	-0.24385
959.903	-0.90560	-0.60925	0.68593	-0.29695
963.925	-0.85932	-0.57567	0.66714	-0.33164
967.913	-0.86173	-0.51557	0.76704	-0.28643
971.915	-0.84133	-0.54748	0.88396	-0.31731
975.913	-0.83597	-0.51898	0.82034	-0.34909
979.916	-0.84456	-0.52233	0.85863	-0.38086
983.914	-0.83292	-0.49294	0.79647	-0.45399
987.915	-0.78967	-0.42984	0.84826	-0.44991
991.914	-0.75119	-0.42294	0.87304	-0.50849
995.918	-0.69357	-0.40719	0.95544	-0.53541
999.915	-0.66826	-0.42210	0.98928	-0.52959
1003.914	-0.63895	-0.38183	1.00504	-0.56534
1007.915	-0.62208	-0.35139	1.01933	-0.49148
1011.917	-0.64049	-0.31501	0.99422	-0.52407
1015.914	-0.63928	-0.32428	0.96901	-0.52808
1019.869	-0.60062	-0.37182	0.98033	-0.58350
1023.915	-0.60568	-0.35164	1.03538	-0.50638
1027.921	-0.58913	-0.38700	1.03295	-0.50727
1031.914	-0.64178	-0.35392	0.99253	-0.51968
1035.913	-0.66657	-0.35335	0.97331	-0.50035
1039.917	-0.65826	-0.38327	0.90061	-0.54024
1043.788	-0.72317	-0.51852	0.91378	-0.48722
1047.784	-0.74886	-0.51738	0.95566	-0.46234
1051.749	-0.79114	-0.41792	0.80416	-0.46954
1055.746	-0.80796	-0.36835	0.67503	-0.47477
1059.789	-0.71278	-0.34753	0.71176	-0.47798
1063.789	-0.78987	-0.45079	0.55257	-0.41759
1067.789	-0.83511	-0.53518	0.40948	-0.49154
1071.790	-0.88748	-0.59800	0.37752	-0.52367
1075.749	-0.89979	-0.75555	0.39832	-0.59600
1079.787	-0.92103	-0.86703	0.25398	-0.84180
1083.789	-1.04610	-0.91193	0.26967	-0.77074
1087.791	-1.03310	-0.90528	0.21725	-0.66592
1091.774	-1.10356	-0.94999	0.13168	-0.60292
1095.790	-1.18011	-0.82016	0.12138	-0.81380
1099.791	-1.19924	-0.83551	0.20194	-0.77986
1103.789	-1.28809	-0.80826	0.20698	-0.82868
1107.775	-1.31260	-0.75343	0.18469	-1.00412
1111.789	-1.34157	-0.74515	0.23845	-1.05447
1115.791	-1.40532	-0.71222	0.23046	-1.14789
1119.793	-1.42982	-0.72292	0.16397	-1.13811
1123.788	-1.43034	-0.64694	0.13362	-1.13091
1127.793	-1.40611	-0.71257	0.09036	-1.18531
1131.778	-1.37181	-0.71089	0.10086	-1.21270
1135.791	-1.32892	-0.64749	0.10652	-1.27827
1139.787	-1.29717	-0.72006	0.10920	-1.21087
1143.792	-1.30821	-0.78620	0.15580	-1.24010
1147.790	-1.22729	-0.88659	0.17012	-1.17197
1151.789	-1.27894	-0.92549	0.25964	-1.16955
1155.812	-1.28762	-0.95929	0.17097	-1.16876
1159.791	-1.33644	-1.01272	0.17834	-1.17152
1163.791	-1.23724	-0.99438	0.20045	-1.15177
1167.789	-1.25704	-1.07317	0.28667	-1.19126
1171.792	-1.21457	-1.08971	0.30771	-1.12541
1175.802	-1.21886	-1.10267	0.35208	-1.06914
1179.790	-1.16761	-1.13587	0.37094	-1.02445
1183.790	-1.16932	-1.12380	0.39847	-1.01883
1187.783	-1.10279	-1.19624	0.39765	-0.96304
1191.788	-1.10690	-1.20205	0.41735	-1.17095
1195.791	-1.10413	-1.22693	0.42921	-1.12291
1199.791	-1.03806	-1.21643	0.48527	-1.07749
1203.782	-0.97762	-1.21392	0.40410	-0.99506
1207.795	-0.96680	-1.24517	0.35583	-0.96764
1211.750	-0.94768	-1.23124	0.38253	-0.92824
1215.789	-0.92914	-1.17599	0.37377	-0.90424
1219.791	-0.94584	-1.20479	0.31590	-0.87836
1223.793	-1.10514	-1.10264	-0.05284	-0.84777
1227.795	-2.97646	-1.04155	-2.02418	-0.86166
1231.793	-3.41931	-0.89851	-3.77958	-0.72021
1235.815	-5.03989	-0.82932	-4.91504	-0.66729
1239.748	-5.10123	-0.68529	-6.14582	-0.54226
1243.790	-7.07214	-0.64737	-6.98780	-0.55711
1247.791	-7.35959	-0.58447	-7.47095	-0.49600
1251.789	-8.78071	-0.34616	-7.82518	-0.43186
1255.777	-8.44140	-0.31059	-8.34674	-0.40409
1259.785	-9.24946	-0.33890	-8.65256	-0.31381
1263.791	-9.79120	-0.35024	-9.05538	-0.26181
1267.789	-9.21420	-0.05845	-8.74685	-0.19181
1271.792	-9.32722	-0.02001	-8.61152	-0.18626
1275.792	-9.24317	0.05648	-8.77308	-0.13765
1279.793	-9.30788	0.11901	-8.68453	-0.08381
1283.791	-9.33973	0.16323	-8.70670	-0.07757
1287.794	-9.42943	0.24773	-8.56986	-0.08563
1291.792	-9.51983	0.39703	-8.62161	-0.03607
1295.792	-9.55717	0.41367	-8.69309	-0.02793
1299.750	-9.63407	0.46228	-8.62413	-0.01413
1303.748	-9.58687	0.13929	-8.56163	-0.00118
1307.792	-9.53011	0.17140	-8.54649	-0.00398
1311.794	-9.64552	-0.06188	-8.53794	-0.09748
1315.791	-9.65978	0.11259	-8.55098	-0.06760
1319.750	-9.67148	0.11266	-8.55505	-0.02674
1323.793	-9.72855	0.32824	-8.52008	-0.04116
1327.796	-9.76787	0.50536	-8.48369	-0.00676
1331.789	-9.71951	0.31524	-8.43173	-0.10051
1335.793	-9.69976	0.01913	-8.47461	-0.16742
1339.781	-9.68532	0.07246	-8.47714	-0.13429
1343.788	-9.72274	-0.00554	-8.47585	-0.08882
1347.754	-9.72223	0.01288	-8.52015	-0.11929
1351.796	-9.74499	0.10712	-8.53727	-0.12447
1355.792	-9.69089	0.07606	-8.46313	-0.07319
1359.794	-9.66487	0.26865	-8.46951	-0.07663
1363.760	-9.70495	0.31768	-8.43258	-0.05703
1367.792	-9.71503	0.35448	-8.39346	-0.01954
1371.781	-9.80012	0.31903	-8.41935	0.00846
1375.794	-9.89299	0.26994	-8.45718	0.04574
1379.791	-9.91736	0.32582	-8.45973	0.06184
1383.770	-10.06655	0.27075	-8.44686	0.09765
1387.796	-10.02329	0.33937	-8.44535	0.13543
1391.795	-9.80106	0.38397	-8.44186	0.13455
1395.789	-9.86943	0.39811	-8.48840	0.18066
1399.794	-9.87309	0.42765	-8.50248	0.17631
1403.795	-9.99043	0.40288	-8.55226	0.16105
1407.794	-10.04502	0.35001	-8.50583	0.14773
1411.791	-10.07904	0.31370	-8.52751	0.14823
1415.794	-10.12130	0.27933	-8.51998	0.13543
1419.750	-10.05370	0.27841	-8.51765	0.10602
1423.771	-9.84886	0.22101	-8.51081	0.11759
1427.771	-9.71413	0.16839	-8.43999	0.13113
1431.792	-9.68327	0.16760	-8.43297	0.15110
1435.796	-9.66513	0.17625	-8.39428	0.23393
1439.796	-9.52543	0.17081	-8.39642	0.22245
1443.794	-9.60929	0.18231	-8.43404	0.21245
1447.795	-9.68115	0.12502	-8.42177	0.25107
1451.794	-9.72583	0.07642	-8.43537	0.25895
1455.797	-9.64560	0.04174	-8.45473	0.30854
1459.793	-9.60239	0.04650	-8.44166	0.30476
1463.791	-9.64429	-0.06965	-8.40429	0.34223
1467.791	-9.65515	-0.07006	-8.44543	0.35795
1471.799	-9.66928	-0.07951	-8.45570	0.38633
1475.787	-9.71645	-0.10794	-8.43302	0.40874
1479.796	-9.71300	-0.10030	-8.42607	0.37898
1483.796	-9.76495	-0.11253	-8.45592	0.34890
1487.797	-9.78609	-0.15993	-8.47231	0.36481
1491.805	-9.79766	-0.19555	-8.46259	0.37295
1495.796	-9.76777	-0.18842	-8.48692	0.38077
1499.795	-9.75369	-0.18850	-8.48114	0.33086
1503.799	-9.63021	-0.00578	-8.48835	0.35154
1507.792	-9.59320	-0.01816	-8.46631	0.41284
1511.793	-9.55258	0.04080	-8.43525	0.46431
1515.795	-9.55036	0.17396	-8.43695	0.50683
1519.750	-9.55758	0.18322	-8.45543	0.57879
1523.796	-9.55476	0.26374	-8.46883	0.59113
1527.801	-9.51969	0.29531	-8.47714	0.73695
1531.796	-9.52070	0.37769	-8.41247	0.72458
1535.793	-9.47036	0.46846	-8.40968	0.75674
1539.754	-9.48695	0.44768	-8.38743	0.74383
1543.796	-9.50730	0.45123	-8.47068	0.77942
1547.796	-9.62610	0.36040	-8.45223	0.80285
1551.750	-9.74171	0.38428	-8.49017	0.83860
1555.783	-9.80643	0.34975	-8.47862	0.74820
1559.795	-9.81838	0.31799	-8.49957	0.59802
1563.797	-9.84409	0.32487	-8.49692	0.50191
1567.795	-9.82944	0.36560	-8.52680	0.47838
1571.793	-9.81862	0.39954	-8.48779	0.44400
1575.798	-9.79795	0.43086	-8.52246	0.51021
1579.793	-9.80896	0.40379	-8.52994	0.45240
1583.795	-9.85910	0.33146	-8.50991	0.41416
1587.797	-9.78402	0.39403	-8.49627	0.36636
1591.798	-9.76331	0.38340	-8.47706	0.32565
1595.800	-9.72749	0.33257	-8.45274	0.27113
1599.797	-9.71235	0.31701	-8.34893	0.25461
1603.792	-8.33299	0.22799	-7.60804	0.30317
1607.797	-6.82457	0.18275	-6.63492	0.26756
1611.793	-6.50866	0.09253	-5.22483	0.21299
1615.794	-6.02173	-0.12391	-4.97448	0.08048
1619.801	-5.39052	-0.41104	-4.88338	-0.19438
1623.753	-5.59037	-0.33285	-4.65212	-0.12213
1627.799	-5.21725	-0.43362	-4.44455	-0.32989
1631.753	-5.40727	-0.47692	-4.42476	-0.42749
1635.764	-5.40006	-0.53556	-4.29177	-0.43227
1639.798	-5.32124	-0.57654	-4.16458	-0.61605
1643.797	-5.30840	-0.63195	-4.14705	-0.68988
1647.796	-5.22104	-0.69105	-4.07347	-0.73175
1651.794	-5.21198	-0.73050	-4.02329	-0.75239
1655.798	-5.16022	-0.78514	-3.93532	-0.77364
1659.797	-5.19539	-0.81487	-3.84016	-0.77487
1663.797	-5.19903	-0.83176	-3.77780	-0.73144
1667.797	-5.17481	-0.85794	-3.76534	-0.75354
1671.799	-5.19423	-0.88471	-3.70833	-0.75329
1675.785	-5.12737	-0.95978	-3.76809	-0.74283
1679.796	-5.03427	-0.98343	-3.77402	-0.76620
1683.801	-4.98113	-1.03956	-3.77031	-0.75014
1687.800	-5.00694	-1.06115	-3.74261	-0.73631
1691.796	-5.04257	-1.12243	-3.75237	-0.69437
1695.797	-5.04927	-1.14857	-3.71145	-0.63287
1699.790	-5.10280	-1.18571	-3.69316	-0.64362
1703.800	-5.11617	-1.18244	-3.71550	-0.64021
1707.807	-5.09933	-1.18913	-3.69684	-0.64753
1711.798	-5.13685	-1.22745	-3.73265	-0.63211
1715.795	-5.08380	-1.25922	-3.68799	-0.64727
1719.752	-5.09938	-1.29390	-3.66172	-0.68393
1723.797	-5.14530	-1.31434	-3.63337	-0.73144
1727.797	-5.22123	-1.32405	-3.63705	-0.76119
1731.695	-5.22675	-1.34795	-3.65880	-0.83201
1735.799	-5.22463	-1.28506	-3.65554	-0.96924
1739.754	-5.20088	-1.27645	-3.64303	-0.74351
1743.798	-5.22429	-1.22254	-3.64064	-0.83180
1747.798	-5.18350	-1.17287	-3.61043	-0.87775
1751.797	-5.20337	-1.13313	-3.60890	-0.97350
1755.799	-5.14333	-1.11228	-3.60657	-0.91749
1759.792	-5.11174	-1.10034	-3.54672	-0.78961
1763.801	-5.12361	-1.10747	-3.49545	-0.71153
1767.798	-5.13643	-1.09305	-3.48120	-0.65619
1771.755	-5.10586	-1.08122	-3.48452	-0.64585
1775.797	-5.13316	-1.09288	-3.46924	-0.61960
1779.796	-5.18540	-1.09747	-3.44300	-0.59709
1783.798	-5.15514	-1.14987	-3.42529	-0.61804
1787.800	-4.66073	-1.17042	-3.42423	-0.67072
1791.799	-2.70384	-1.21905	-3.16005	-0.63378
1795.697	-0.55153	-1.26558	-0.72913	-0.68023
1799.764	0.05140	-1.32497	0.54838	-0.63700
1803.754	1.54319	-1.50018	1.76271	-0.72107
1807.799	3.36913	-1.50502	2.84086	-0.71767
1811.796	4.45750	-1.67254	4.60392	-0.81717
1815.798	5.05449	-1.98436	5.37967	-0.92694
1819.755	7.13544	-2.32420	6.10556	-1.18214
1823.798	7.94767	-2.61015	7.44947	-1.07997
1827.692	8.73577	-2.61711	7.97593	-1.31417
1831.801	9.53436	-2.74190	9.74774	-1.26791
1835.800	10.19733	-2.65922	9.98940	-1.47517
1839.799	10.11404	-2.74719	10.20587	-1.48830
1843.687	9.65874	-2.88262	10.33468	-1.56570
1847.797	9.74065	-3.02136	10.33865	-1.60244
1851.801	9.76122	-3.04345	10.39426	-1.68585
1855.801	9.78479	-3.11997	10.41256	-1.74188
1859.697	9.86577	-3.15753	10.47960	-1.78933
1863.798	9.88237	-3.16570	10.50033	-1.76251
1867.756	9.85907	-3.19901	10.50153	-1.78283
1871.797	9.91112	-3.19629	10.51386	-1.76895
1875.696	9.91317	-3.20703	10.50078	-1.76934
1879.792	9.90111	-3.20520	10.58057	-1.75814
1883.802	9.84084	-3.23636	10.59577	-1.76587
1887.797	9.85744	-3.22878	10.60188	-1.74860
1891.700	9.88116	-3.18653	10.59651	-1.72940
1895.799	9.81453	-3.16598	10.63674	-1.76907
1899.800	9.69646	-3.15254	10.67584	-1.79038
1903.800	9.66007	-3.13457	10.73028	-1.78074
1907.697	9.54645	-3.12731	10.78091	-1.80349
1911.755	9.50870	-3.08005	10.80216	-1.81446
1915.757	9.42786	-3.08273	10.87187	-1.81606
1919.798	9.40554	-3.05463	10.92382	-1.82115
1923.802	9.32096	-3.03571	10.95569	-1.83987
1927.799	9.28654	-3.01475	10.95751	-1.86067
1931.804	9.24764	-2.98875	11.01187	-1.87185
1935.801	9.19875	-2.97380	11.03867	-1.89578
1939.698	9.19147	-2.96258	11.05452	-1.85550
1943.800	9.22197	-2.94026	11.04702	-1.82680
1947.799	9.23756	-2.90564	10.98549	-1.81566
1951.800	9.26527	-2.88271	10.91605	-1.78647
1955.703	9.47778	-2.84251	10.93983	-1.80850
1959.801	9.46150	-2.84159	10.88676	-1.82796
1963.782	9.52246	-2.85903	10.83089	-1.86178
1967.802	9.44957	-2.79636	10.81374	-1.91311
1971.697	9.46054	-2.72036	10.79397	-1.89322
1975.801	9.47034	-2.69783	10.76784	-1.90948
1979.803	9.53533	-2.59782	10.69371	-1.85750
1983.801	9.54283	-2.56311	10.63967	-1.87535
1987.696	9.55360	-2.56633	10.63125	-1.83588
1991.801	9.62480	-2.52071	10.64935	-1.80671
1995.798	9.62806	-2.51662	10.68140	-1.80896
1999.802	9.60656	-2.48661	10.69335	-1.78933
2003.696	9.62302	-2.47954	10.72244	-1.76823
2007.767	9.61841	-2.48268	10.75924	-1.74684
2011.799	9.64593	-2.50258	10.82229	-1.72721
2015.804	9.70695	-2.51464	10.73768	-1.69753
2019.660	9.78631	-2.49904	10.70488	-1.67627
2023.800	9.76922	-2.54590	10.72515	-1.72679
2027.801	9.77064	-2.58083	10.80381	-1.77680
2031.805	9.68881	-2.62270	10.83398	-1.77089
2035.698	9.62237	-2.68236	10.88606	-1.82365
2039.802	9.53364	-2.70367	10.90604	-1.86938
2043.802	9.40267	-2.75105	10.86005	-1.95562
2047.782	9.33959	-2.76464	10.84920	-1.95055
2051.691	9.33200	-2.76350	10.77521	-2.02981
2055.803	9.29357	-2.77007	10.74448	-2.08941
2059.759	9.32050	-2.77487	10.79677	-2.18272
2063.802	9.36462	-2.75497	10.70426	-2.13531
2067.698	9.49557	-2.74412	10.71561	-2.14776
2071.801	9.56226	-2.71501	10.64609	-2.13913
2075.802	9.45426	-2.60421	10.62497	-2.15689
2079.805	9.46896	-2.56503	10.61452	-2.16713
2083.699	9.48125	-2.53676	10.57944	-2.14296
2087.674	9.56161	-2.49202	10.56469	-2.12743
2091.677	9.69055	-2.47809	10.55378	-2.10223
2095.649	9.71382	-2.43394	10.56538	-2.04355
2099.646	9.74449	-2.37756	10.48867	-2.01599
2103.678	9.55285	-2.36218	10.42648	-1.97402
2107.678	8.43414	-2.29831	10.28373	-1.87247
2111.680	8.32517	-2.35375	9.77736	-1.72793
2115.673	8.47585	-2.26258	9.60912	-1.64865
2119.677	8.56770	-2.25348	9.61141	-1.56971
2123.676	8.40749	-2.27319	9.71119	-1.54330
2127.678	8.36389	-2.33341	9.66248	-1.53609
2131.640	8.40883	-2.32399	9.60779	-1.52226
2135.658	8.37067	-2.22709	9.54505	-1.48443
2139.677	8.33608	-2.27238	9.52391	-1.47098
2143.678	8.35437	-2.27876	9.45522	-1.41450
2147.667	8.28012	-2.27334	9.44356	-1.38216
2151.676	8.35542	-2.32683	9.43639	-1.37008
2155.678	8.29292	-2.32377	9.48804	-1.39922
2159.680	8.29044	-2.39343	9.53557	-1.38051
2163.670	8.21981	-2.44376	9.56622	-1.39190
2167.678	8.19893	-2.36083	9.60290	-1.39153
2171.679	8.13743	-2.33502	9.61563	-1.38406
2175.674	8.05611	-2.20519	9.66106	-1.33397
2179.672	8.02596	-2.21452	9.67116	-1.31464
2183.681	7.98797	-2.17871	9.70656	-1.25487
2187.678	7.94479	-2.13190	9.72653	-1.21797
2191.680	7.93698	-2.06123	9.73366	-1.20637
2195.659	7.94513	-2.05541	9.74902	-1.15919
2199.678	8.00102	-1.98477	9.74080	-1.14546
2203.678	7.99153	-1.93720	9.70159	-1.15113
2207.679	8.00817	-1.93948	9.68819	-1.14086
2211.674	8.00927	-1.95078	9.63211	-1.13963
2215.680	8.03183	-1.96024	9.60794	-1.14936
2219.656	8.05200	-1.95599	9.57932	-1.17778
2223.679	8.03022	-1.95973	9.55217	-1.19644
2227.676	7.96164	-1.97977	9.52263	-1.21986
2231.681	7.92558	-1.97117	9.51727	-1.25596
2235.677	7.96103	-1.99678	9.49267	-1.27342
2239.688	7.96797	-2.00262	9.46346	-1.28820
2243.701	7.93513	-2.03398	9.46701	-1.35377
2247.679	7.83702	-2.07896	9.46855	-1.37348
2251.677	7.79573	-2.08253	9.46213	-1.40151
2255.681	7.78816	-2.08574	9.48335	-1.48757
2259.679	7.79753	-2.04272	9.47715	-1.49886
2263.666	7.74927	-2.05953	9.46326	-1.55190
2267.679	7.77829	-2.09563	9.46614	-1.58184
2271.680	7.84939	-2.11951	9.43624	-1.60427
2275.677	7.87323	-2.16602	9.41139	-1.61751
2279.678	7.95857	-2.17100	9.38211	-1.65910
2283.679	8.02874	-2.10138	9.37484	-1.68148
2287.682	8.13563	-2.08805	9.34309	-1.67754
2291.676	8.14463	-2.06076	9.29993	-1.66366
2295.678	8.21257	-2.08544	9.28117	-1.65093
2299.681	8.26383	-2.06125	9.24177	-1.61127
2303.635	8.29467	-2.03820	9.21921	-1.63277
2307.674	8.33953	-2.04170	9.18114	-1.59363
2311.680	8.34779	-2.01008	9.14951	-1.59615
2315.681	8.37932	-1.99293	9.17749	-1.58563
2319.637	8.41869	-1.96240	9.19882	-1.54509
2323.698	8.40915	-1.94246	9.21423	-1.50980
2327.678	8.41172	-1.95951	9.20368	-1.51286
2331.680	8.32116	-2.00749	9.17084	-1.50591
2335.682	8.28128	-2.08419	9.20306	-1.46479
2339.719	8.29866	-2.05078	9.23222	-1.46771
2343.664	8.21488	-2.09147	9.22206	-1.51074
2347.675	8.08798	-2.12248	9.22966	-1.45615
2351.681	7.92451	-2.04600	8.33141	-1.43508
2355.637	6.51701	-1.94141	6.69960	-1.25529
2359.680	5.03962	-1.78301	5.13599	-1.11316
2363.679	4.32160	-1.81959	3.84251	-1.21751
2367.681	3.04942	-1.77735	3.31046	-1.04240
2371.635	2.49872	-1.63829	2.13542	-1.05536
2375.681	1.91717	-1.50661	1.88660	-1.10895
2379.681	1.22861	-1.26023	1.84042	-1.02119
2383.681	1.10673	-1.28164	1.72421	-0.90420
2387.670	1.20212	-1.33821	1.63313	-0.91673
2391.679	1.27991	-1.30306	1.56179	-0.94070
2395.680	1.15047	-1.24234	1.61528	-0.84636
2399.681	1.03741	-1.13547	1.67276	-0.84691
2403.678	0.92961	-1.03119	1.59378	-0.91134
2407.681	0.83945	-1.00168	1.56518	-0.90541
2411.680	0.78188	-0.94780	1.55931	-0.88602
2415.683	0.71094	-0.92896	1.54706	-0.86867
2419.641	0.64568	-0.83157	1.53607	-0.82777
2423.682	0.48125	-0.78359	1.56248	-0.79383
2427.653	0.45512	-0.70653	1.58547	-0.78593
2431.636	0.35978	-0.70157	1.63105	-0.76088
2435.675	0.31888	-0.69600	1.64655	-0.76271
2439.688	0.23391	-0.67248	1.63918	-0.80721
2443.682	0.24609	-0.68351	1.60794	-0.83735
2447.682	0.21202	-0.73946	1.62688	-0.83026
2451.640	0.21442	-0.72173	1.63353	-0.76602
2455.681	0.20777	-0.76222	1.66321	-0.79061
2459.681	0.20949	-0.76781	1.63395	-0.76400
2463.681	0.20790	-0.81171	1.62220	-0.74464
2467.639	0.20921	-0.88510	1.61270	-0.74797
2471.671	0.23601	-0.96512	1.60265	-0.74904
2475.682	0.25746	-1.00230	1.56707	-0.75608
2479.682	0.27736	-1.06706	1.52439	-0.79591
2483.640	0.31600	-1.12034	1.54242	-0.76843
2487.681	0.32367	-1.17516	1.53148	-0.73618
2491.681	0.37576	-1.22637	1.55323	-0.73974
2495.682	0.41465	-1.25679	1.57602	-0.75807
2499.641	0.40742	-1.31279	1.59725	-0.75538
2503.683	0.40874	-1.34652	1.59797	-0.76203
2507.682	0.42926	-1.43465	1.59536	-0.76891
2511.647	0.50190	-1.36984	1.58916	-0.79104
2515.668	0.49465	-1.31419	1.58530	-0.78128
2519.638	0.49639	-1.27922	1.62914	-0.76964
2523.682	0.51992	-1.24358	1.64146	-0.71468
2527.683	0.53205	-1.21278	1.61213	-0.67277
2531.640	0.55453	-1.08280	1.61183	-0.65774
2535.681	0.49875	-0.97194	1.58111	-0.61538
2539.682	0.45763	-0.93223	1.57443	-0.58235
2543.682	0.46018	-0.94455	1.54949	-0.55779
2547.652	0.45383	-0.86831	1.56756	-0.55381
2551.665	0.43013	-0.82963	1.60533	-0.52360
2555.637	0.35452	-0.84199	1.57463	-0.48874
2559.681	0.30225	-0.87029	1.54391	-0.54694
2563.640	0.27930	-0.88450	1.48754	-0.59911
2567.681	0.29332	-0.90266	1.50956	-0.62002
2571.682	0.29617	-0.91163	1.55891	-0.69697
2575.682	0.29545	-0.96171	1.56776	-0.78804
2579.642	0.25967	-1.03355	1.60414	-0.83787
2583.681	0.28160	-1.11572	1.66876	-0.85376
2587.684	0.25207	-1.14327	1.70162	-0.92815
2591.684	0.23470	-1.23150	1.62892	-0.91696
2595.641	0.21906	-1.26669	1.55990	-0.96159
2599.680	0.23753	-1.30442	1.54309	-0.99390
2603.682	0.27736	-1.30434	1.57438	-0.96573
2607.681	0.35583	-1.32358	1.61305	-0.96968
2611.640	0.38834	-1.35747	1.58649	-0.99612
2615.683	0.45539	-1.37035	1.61523	-1.00740
2619.640	0.58563	-1.38184	1.51387	-0.94249
2623.638	0.52160	-1.37781	1.49101	-0.91525
2627.690	0.53612	-1.36792	1.43662	-0.91895
2631.685	0.54319	-1.27151	1.41975	-0.90679
2635.662	0.55113	-1.22740	1.40428	-0.94007
2639.682	0.53083	-1.17398	1.42553	-0.95132
2643.641	0.51456	-1.15024	1.42613	-0.97685
2647.683	0.52788	-1.13392	1.40963	-1.00534
2651.685	0.48967	-1.10914	1.42618	-1.01973
2655.685	0.46160	-1.11580	1.41487	-1.03176
2659.641	0.34370	-1.06703	1.37605	-1.02557
2663.682	0.31138	-1.01325	1.42501	-1.04921
2667.684	0.26706	-0.95344	1.47526	-1.07052
2671.682	0.22837	-0.92857	1.52211	-1.06444
2675.644	0.14980	-0.95362	1.52436	-1.08410
2679.673	0.09292	-0.93494	1.57354	-1.08120
2683.687	0.15290	-0.89020	1.60491	-1.12203
2687.682	0.72057	-0.88374	1.62247	-1.10831
2691.643	2.24339	-0.83505	2.29305	-1.05381
2695.682	4.49938	-0.71871	4.72943	-0.93824
2699.685	6.83367	-0.54303	6.21149	-0.33142
2703.686	7.82031	-0.44902	7.57149	-0.16075
2707.644	8.80696	-0.36026	9.25591	-0.25609
2711.685	10.14800	-0.48012	10.04903	0.02329
2715.682	11.97757	-0.28333	11.10837	-0.09197
2719.654	12.76834	-0.14424	12.94884	0.17616
2723.644	13.29140	-0.30473	13.85187	0.14358
2727.685	15.10478	-0.34345	14.46968	0.09689
2731.685	15.43349	-0.42758	15.68631	0.22852
2735.687	16.11091	-0.24933	15.98227	0.25537
2739.642	16.63302	-0.23800	16.24313	0.34707
2743.686	16.53461	-0.27895	16.69427	0.31499
2747.674	16.40861	-0.29398	16.91890	0.30789
2751.685	16.01628	-0.26612	16.92247	0.35020
2755.643	16.14439	-0.34300	16.85748	0.36311
2759.668	16.06825	-0.44301	16.82834	0.42960
2763.691	16.25118	-0.41197	16.81826	0.41989
2767.682	16.24089	-0.42115	16.81619	0.44102
2771.642	16.17132	-0.30899	16.80209	0.50061
2775.681	16.17766	-0.25264	16.84270	0.49668
2779.685	16.04097	-0.24490	16.87260	0.54256
2783.685	15.97977	-0.20095	16.86487	0.55973
2787.643	15.94958	-0.19640	16.83161	0.61657
2791.685	15.85963	-0.16237	16.72869	0.63677
2795.686	15.82488	-0.17020	16.72198	0.64722
2799.684	15.80703	-0.14855	16.69017	0.68038
2803.644	15.76028	-0.08509	16.66569	0.66135
2807.685	15.67356	-0.07010	16.60595	0.66882
2811.683	15.61904	-0.03647	16.58195	0.63935
2815.682	15.60286	-0.05962	16.57176	0.62720
2819.644	15.56588	-0.05939	16.53439	0.62610
2823.685	15.55805	-0.05386	16.48830	0.55919
2827.686	15.54045	-0.06588	16.48358	0.55498
2831.687	15.52882	-0.05691	16.47171	0.54339
2835.649	15.51186	-0.05265	16.45884	0.55017
2839.687	15.47432	-0.03662	16.44948	0.56247
2843.686	15.46749	-0.04028	16.45437	0.56922
2847.685	15.45560	-0.04237	16.42521	0.53982
2851.645	15.43777	-0.03629	16.43416	0.57152
2855.686	15.47171	-0.05944	16.42291	0.59045
2859.686	15.44248	-0.03993	16.42496	0.55698
2863.687	15.45159	-0.03710	16.42384	0.57288
2867.690	15.43109	-0.06843	16.44437	0.58035
2871.685	15.42989	-0.04292	16.47242	0.59285
2875.685	15.40655	-0.03316	16.53600	0.55919
2879.686	15.45417	-0.02285	16.58945	0.48357
2883.646	15.47289	-0.00208	16.65697	0.46862
2887.675	15.44790	0.01540	16.68582	0.46343
2891.687	15.45611	0.04867	16.68289	0.42969
2895.686	15.51592	0.08258	16.69411	0.39948
2899.645	15.52013	0.08725	16.69452	0.36652
2903.686	15.46431	0.13203	16.75300	0.33838
2907.686	15.46600	0.15874	16.82886	0.33960
2911.643	15.46729	0.17605	16.99286	0.34505
2915.554	15.44091	0.19535	17.01707	0.29972
2919.643	15.45615	0.20499	17.06233	0.31651
2923.686	15.38200	0.23070	17.04659	0.31925
2927.686	15.38915	0.22343	17.10821	0.35334
2931.692	15.43383	0.21515	17.09188	0.31827
2935.693	15.43309	0.20930	17.13479	0.34370
2939.688	15.42876	0.21618	17.15689	0.36785
2943.686	15.40503	0.25815	17.10691	0.36869
2947.646	15.44923	0.26116	17.12217	0.35935
2951.687	15.50239	0.26280	16.92215	0.32540
2955.687	15.55022	0.28986	16.89541	0.29640
2959.688	15.55538	0.27005	16.85903	0.26437
2963.548	15.54985	0.26137	16.73611	0.25017
2967.672	15.61598	0.28192	16.67091	0.19996
2971.685	15.63610	0.28541	16.69352	0.24009
2975.689	15.62531	0.28465	16.62594	0.21103
2979.551	15.60224	0.27504	16.63947	0.19725
2983.686	15.60560	0.27367	16.62227	0.25854
2987.687	15.62151	0.26319	16.61005	0.31225
2991.654	15.59568	0.25461	16.62628	0.26467
2995.691	15.57097	0.26635	16.67614	0.30674
2999.687	15.55328	0.26893	16.72744	0.37536
3003.689	15.53068	0.28467	16.71736	0.42435
3007.686	15.54660	0.29807	16.78501	0.46540
3011.552	15.50476	0.30115	16.80073	0.50166
3015.688	15.47826	0.30895	16.82340	0.54334
3019.689	15.43095	0.33968	16.82852	0.55622
3023.688	15.41040	0.37109	16.83011	0.59529
3027.548	15.41686	0.41451	16.85198	0.63167
3031.687	15.37891	0.45661	16.84450	0.64806
3035.687	15.34081	0.47354	16.80462	0.67574
3039.689	15.32276	0.50452	16.80489	0.71619
3043.649	15.27319	0.53941	16.78485	0.75837
3047.686	15.29658	0.59486	16.79020	0.79296
3051.664	15.22169	0.61504	16.75823	0.72351
3055.688	15.13693	0.62738	16.65476	0.72466
3059.553	15.06963	0.64574	16.63717	0.72789
3063.687	15.03804	0.65270	16.58576	0.69270
3067.687	14.99528	0.65880	16.53753	0.69566
3071.688	15.03184	0.67340	16.49848	0.67356
3075.548	14.93140	0.68750	16.49969	0.64904
3079.686	14.95415	0.69676	16.44827	0.60019
3083.687	14.91715	0.70706	16.42309	0.57077
3087.687	14.90357	0.69745	16.38212	0.51909
3091.621	14.88739	0.66588	16.37659	0.53517
3095.676	14.86532	0.66288	16.35004	0.56101
3099.687	14.87591	0.66035	16.36263	0.60029
3103.689	14.76124	0.67036	15.87972	0.60680
3107.550	13.61923	0.62395	13.76074	0.55574
3111.689	12.00371	-0.66991	11.72243	0.26637
3115.690	10.78029	-1.76377	10.64952	-1.75201
3119.687	9.35938	-2.27274	9.48893	-2.13166
3123.550	8.23867	-2.58186	9.21077	-2.04527
3127.563	7.49659	-2.61761	7.57064	-2.43432
3131.565	6.53938	-2.71647	7.37836	-2.55899
3135.565	6.18024	-2.88732	6.48007	-2.95063
3139.525	5.48673	-2.66237	5.83486	-2.98543
3143.565	4.09285	-3.31153	5.20329	-3.20724
3147.561	3.49285	-3.58364	4.88010	-3.30526
3151.564	2.89901	-3.75225	4.75985	-3.64430
3155.523	2.87814	-3.55831	4.59933	-3.74752
3159.563	2.94849	-3.64379	4.72960	-3.66574
3163.566	3.02088	-3.67728	5.12806	-3.63414
3167.564	3.19276	-3.76392	4.89444	-3.66860
3171.551	3.04538	-3.92778	4.82257	-3.76429
3175.567	3.00851	-3.92382	4.63506	-3.84434
3179.559	3.05244	-3.91467	4.56017	-3.88637
3183.567	3.02559	-3.97732	4.55157	-3.91681
3187.556	3.08330	-3.95466	4.48700	-3.94909
3191.562	2.99668	-3.92737	4.41393	-3.96802
3195.561	3.09963	-3.92240	4.36010	-3.95711
3199.565	3.07048	-3.97602	4.40725	-3.95460
3203.523	3.12207	-3.96565	4.33999	-3.97702
3207.562	3.16134	-4.01642	4.24559	-4.00501
3211.567	3.10010	-4.05270	4.23715	-4.01159
3215.565	3.12326	-4.00205	4.20513	-4.00776
3219.524	3.15468	-4.04116	4.18467	-4.00300
3223.537	3.21070	-4.06997	4.17941	-3.97168
3227.564	3.21248	-4.05890	4.15586	-3.98140
3231.564	3.18356	-4.07494	4.09829	-4.00983
3235.564	3.16824	-4.16569	4.09081	-4.04415
3239.566	3.13232	-4.20129	4.12214	-4.06894
3243.565	3.08780	-4.25586	4.10392	-4.09592
3247.566	3.10527	-4.18450	4.23387	-4.12022
3251.584	3.02566	-4.29251	4.29623	-4.16588
3255.558	2.94544	-4.34111	4.28338	-4.22463
3259.567	2.94089	-4.37147	4.30040	-4.24014
3263.553	2.84437	-4.47497	4.50520	-4.24898
3267.562	2.82385	-4.43661	4.49501	-4.29139
3271.566	2.80746	-4.50069	4.30608	-4.32549
3275.564	2.86938	-4.52516	4.45380	-4.31772
3279.566	2.82771	-4.52128	4.37638	-4.31720
3283.586	2.87638	-4.53806	4.47952	-4.31022
3287.567	2.96327	-4.49275	4.50382	-4.27934
3291.567	2.94794	-4.53975	4.41346	-4.27713
3295.565	2.97332	-4.52494	4.34561	-4.26027
3299.585	2.96794	-4.53727	4.26548	-4.25933
3303.521	2.98089	-4.52459	4.25983	-4.24012
3307.530	3.03640	-4.53788	4.22387	-4.23472
3311.567	3.05588	-4.57559	4.18546	-4.23685
3315.555	3.06501	-4.60904	4.19013	-4.18930
3319.523	3.05476	-4.64433	4.20491	-4.12602
3323.566	3.04452	-4.57244	4.22562	-4.11587
3327.563	3.00408	-4.66208	4.20990	-4.11223
3331.586	2.99099	-4.77487	4.18825	-4.07393
3335.571	2.94559	-4.84037	4.20711	-4.09366
3339.569	2.88765	-4.88684	4.19459	-4.05289
3343.567	2.85385	-4.92965	4.22918	-4.03005
3347.576	2.86051	-4.96579	4.25507	-3.98982
3351.566	2.77592	-5.04265	4.19208	-3.99576
3355.566	2.78533	-5.06775	4.25788	-3.96018
3359.567	2.79718	-5.05822	4.25497	-3.96923
3363.589	2.74150	-5.10397	4.29522	-3.96801
3367.524	2.78278	-5.09458	4.39269	-4.01094
3371.567	2.78587	-5.05977	4.27138	-3.99104
3375.536	2.65320	-5.03648	3.86010	-4.02648
3379.526	1.55440	-5.02749	2.33564	-4.01823
3383.569	0.33943	-5.08608	0.10691	-4.02506
3387.560	-1.35730	-5.08706	-1.32853	-4.54953
3391.564	-1.62329	-5.29864	-2.15703	-4.66453
3395.570	-2.47692	-5.43741	-2.92475	-6.18100
3399.570	-3.17876	-5.78972	-3.13130	-5.78543
3403.566	-4.15522	-5.80196	-3.52905	-6.43086
3407.563	-4.94947	-5.79413	-4.60868	-6.44355
3411.586	-5.43246	-6.01234	-4.46672	-6.52278
3415.569	-5.41758	-6.11097	-4.84632	-6.53664
3419.525	-5.43907	-6.17428	-4.75563	-6.66425
3423.567	-5.36194	-6.21360	-4.75487	-6.69292
3427.559	-5.23428	-6.37921	-4.74912	-6.70326
3431.538	-5.39667	-6.25058	-4.75223	-6.70562
3435.567	-5.46637	-6.28714	-4.89427	-6.72963
3439.570	-5.59005	-6.31310	-5.02078	-6.77422
3443.588	-5.49807	-6.30391	-5.07365	-6.81577
3447.567	-5.71962	-6.31529	-5.13156	-6.82797
3451.569	-5.63309	-6.33861	-5.13225	-6.85527
3455.566	-5.95322	-6.34666	-5.21868	-6.87151
3459.589	-6.00842	-6.33775	-5.17919	-6.86499
3463.569	-5.90814	-6.34860	-5.10074	-6.82779
3467.572	-5.87798	-6.34025	-5.05178	-6.82347
3471.555	-6.03702	-6.32275	-5.06203	-6.80149
3475.567	-6.08907	-6.40664	-4.99142	-6.80596
3479.566	-5.80017	-6.48008	-4.88473	-6.81349
3483.570	-5.76836	-6.44483	-4.87722	-6.83058
3487.565	-6.17614	-6.38725	-4.65032	-6.85178
3491.588	-6.00700	-6.47063	-4.71592	-6.85010
3495.569	-6.05552	-6.48191	-4.64046	-6.85378
3499.566	-5.82648	-6.40050	-4.67574	-6.82717
3503.569	-5.80305	-6.58012	-4.67234	-6.78889
3507.593	-5.91290	-6.47132	-4.69073	-6.81364
3511.567	-6.02548	-6.43935	-4.67599	-6.81918
3515.567	-5.97335	-6.44006	-4.72642	-6.79833
3519.526	-6.03091	-6.44585	-4.80850	-6.79953
3523.568	-5.98788	-6.40226	-4.76593	-6.82299
3527.568	-6.01427	-6.40830	-4.87074	-6.76519
3531.569	-5.98766	-6.43731	-4.90163	-6.75329
3535.568	-6.01812	-6.41392	-4.96036	-6.70616
3539.595	-6.01409	-6.38746	-4.94403	-6.69558
3543.570	-6.02651	-6.40615	-4.96253	-6.66748
3547.571	-6.05891	-6.37200	-4.91558	-6.71515
3551.570	-6.05530	-6.35210	-4.94992	-6.72387
3555.527	-6.02568	-6.35811	-4.98017	-6.69206
3559.572	-6.01193	-6.36354	-4.97130	-6.69032
3563.572	-6.01959	-6.34771	-4.91986	-6.68278
3567.569	-6.00028	-6.31116	-4.96329	-6.63347
3571.561	-5.99804	-6.28594	-4.91632	-6.64173
3575.570	-5.98186	-6.27101	-4.88252	-6.64629
3579.569	-5.99379	-6.23461	-4.85931	-6.62739
3583.569	-6.00474	-6.22711	-4.90750	-6.63845
3587.568	-6.04527	-6.20909	-4.86436	-6.68579
3591.569	-6.12401	-6.18580	-4.87421	-6.69488
3595.566	-6.08767	-6.21349	-4.84812	-6.68632
3599.526	-6.10725	-6.22753	-4.84588	-6.71233
3603.567	-6.12200	-6.24621	-4.79839	-6.75170
3607.570	-6.06733	-6.27753	-4.79743	-6.77432
3611.581	-6.08441	-6.33614	-4.82385	-6.77291
3615.569	-6.08644	-6.34915	-4.78434	-6.78404
3619.566	-6.09550	-6.36159	-4.85802	-6.73184
3623.525	-6.04112	-6.40303	-4.89166	-6.75705
3627.572	-6.10293	-6.40474	-4.87342	-6.77942
3631.569	-6.05209	-6.43314	-4.86763	-6.76498
3635.562	-6.05469	-6.47478	-4.85527	-6.75167
3639.543	-5.96758	-6.50469	-4.89685	-6.71087
3643.571	-5.96853	-6.52615	-4.87961	-6.67722
3647.571	-5.95115	-6.52757	-4.93105	-6.64591
3651.573	-6.07771	-6.55995	-4.95573	-6.58709
3655.567	-6.04649	-6.54513	-4.90947	-6.58070
3659.572	-6.05751	-6.57097	-4.93635	-6.59644
3663.569	-6.10087	-6.56827	-4.90668	-6.60902
3667.573	-6.10642	-6.54609	-4.92607	-6.58024
3671.570	-6.04441	-6.57925	-4.88286	-6.57004
3675.574	-6.07464	-6.54737	-4.87929	-6.54265
3679.554	-6.04355	-6.51477	-4.88155	-6.48891
3683.563	-6.05970	-6.46410	-4.87695	-6.48111
3687.569	-6.12536	-6.46305	-4.86377	-6.47341
3691.561	-6.11405	-6.43860	-4.89419	-6.38501
3695.573	-6.14955	-6.31595	-4.91065	-6.36079
3699.563	-6.19846	-5.88637	-5.15544	-5.58146
3703.572	-6.59202	-3.06575	-5.61266	-3.67067
3707.573	-6.45696	-2.71147	-5.27609	-2.74921
3711.574	-6.41405	-1.59872	-5.56451	-1.72484
3715.568	-6.47772	-1.20899	-5.32004	-0.48701
3719.568	-6.40670	-0.96073	-5.46669	-0.31833
3723.531	-6.50851	-0.62888	-5.43064	-0.08705
3727.570	-6.61810	-0.81275	-5.51128	-0.13126
3731.568	-6.85686	-0.95302	-5.56721	-0.42387
3735.570	-6.91725	-0.94602	-5.64958	-0.54802
3739.572	-6.90361	-0.84537	-5.76025	-0.53011
3743.573	-6.93834	-0.80062	-5.65693	-0.39864
3747.567	-6.95675	-0.67762	-5.54931	-0.28984
3751.573	-6.90970	-0.61228	-5.51509	-0.22834
3755.578	-6.88727	-0.60545	-5.45673	-0.19186
3759.572	-6.91138	-0.54659	-5.49192	-0.12429
3763.568	-6.90833	-0.45777	-5.48669	-0.10028
3767.573	-6.81152	-0.47360	-5.46384	-0.03963
3771.573	-6.78118	-0.39704	-5.48723	-0.11861
3775.571	-6.61046	-0.46331	-5.35903	-0.04822
3779.567	-6.57874	-0.38282	-5.32427	-0.03026
3783.573	-6.54852	-0.36830	-5.20287	0.00960
3787.573	-6.48198	-0.29386	-5.13208	0.08969
3791.573	-6.44603	-0.26398	-5.05491	0.13473
3795.570	-6.42038	-0.25469	-5.13464	0.18824
3799.572	-6.36739	-0.16509	-5.19098	0.19384
3803.568	-6.34307	-0.15683	-5.08958	0.21197
3807.563	-6.31068	-0.20717	-5.10600	0.20474
3811.569	-6.34469	-0.26060	-5.11859	0.22156
3815.573	-6.34464	-0.26072	-5.13011	0.22255
3819.529	-6.38351	-0.26364	-5.19719	0.17907
3823.572	-6.43187	-0.24836	-5.26812	0.20431
3827.562	-6.44812	-0.23657	-5.39468	0.16879
3831.572	-6.45963	-0.26237	-5.48602	0.07851
3835.575	-6.47282	-0.28594	-5.54196	0.00594
3839.571	-6.50148	-0.33550	-5.49455	-0.00801
3843.474	-6.55964	-0.36449	-5.48046	-0.05046
3847.542	-6.59047	-0.40937	-5.54253	-0.11550
3851.574	-6.69028	-0.42431	-5.60519	-0.19354
3855.572	-6.70017	-0.41406	-5.59078	-0.23707
3859.565	-6.71326	-0.41620	-5.55892	-0.23943
3863.571	-6.68523	-0.39271	-5.58656	-0.25389
3867.571	-6.67551	-0.37704	-5.52682	-0.28760
3871.572	-6.59826	-0.34030	-5.53899	-0.27755
3875.467	-6.67165	-0.28699	-5.53183	-0.27392
3879.573	-6.61631	-0.26300	-5.52209	-0.26960
3883.531	-6.64814	-0.24151	-5.61984	-0.29572
3887.561	-6.60081	-0.21873	-5.58592	-0.30731
3891.468	-6.54288	-0.21204	-5.64911	-0.32414
3895.572	-6.52235	-0.18217	-5.59902	-0.34162
3899.574	-6.49587	-0.16448	-5.59639	-0.39074
3903.575	-6.48632	-0.17108	-5.62569	-0.43246
3907.476	-6.50457	-0.16998	-5.62149	-0.42158
3911.528	-6.52480	-0.19923	-5.62158	-0.42960
3915.573	-6.54386	-0.22495	-5.54641	-0.37628
3919.529	-6.55660	-0.24931	-5.45752	-0.30829
3923.474	-6.58009	-0.28551	-5.40260	-0.33728
3927.585	-6.57923	-0.30247	-5.24083	-0.25312
3931.528	-6.57906	-0.33493	-5.23834	-0.28031
3935.574	-6.61844	-0.38604	-5.16782	-0.25310
3939.441	-6.61543	-0.39947	-5.12006	-0.26334
3943.574	-6.61156	-0.44815	-5.15258	-0.17277
3947.573	-6.60806	-0.48770	-5.12651	-0.16043
3951.573	-6.60130	-0.53806	-5.12794	-0.14241
3955.441	-6.54494	-0.55522	-5.16280	-0.12951
3959.575	-6.52458	-0.61496	-5.20679	-0.16090
3963.576	-6.44733	-0.64394	-5.22601	-0.22665
3967.570	-6.41550	-0.67736	-5.25151	-0.23705
3971.435	-6.44280	-0.71107	-5.25409	-0.24757
3975.577	-6.57833	-0.66887	-5.41900	-0.19066
3979.574	-7.48251	-0.58574	-6.88519	-0.28442
3983.573	-8.26096	-0.68958	-7.51998	-0.31829
3987.533	-8.45033	-0.74933	-7.52483	-0.43160
3991.575	-8.62792	-0.73847	-7.43788	-0.42001
3995.575	-8.67619	-0.72069	-7.33215	-0.38450
3999.576	-8.67980	-0.79140	-7.45182	-0.48272
4003.534	-8.70558	-0.79166	-7.48405	-0.46665
4007.576	-8.71351	-0.80665	-7.45050	-0.47006
4011.567	-8.73286	-0.83170	-7.49020	-0.54781
4015.573	-8.70216	-0.83538	-7.52803	-0.56964
4019.533	-8.72772	-0.87329	-7.56500	-0.62262
4023.532	-8.77965	-0.89566	-7.62523	-0.60589
4027.575	-8.75322	-0.88096	-7.59744	-0.62836
4031.576	-8.78096	-0.83361	-7.57903	-0.60477
4035.466	-8.73994	-0.83068	-7.59897	-0.61077
4039.574	-8.72141	-0.82416	-7.61451	-0.64673
4043.578	-8.70209	-0.80864	-7.62136	-0.62626
4047.574	-8.63842	-0.78239	-7.61416	-0.65186
4051.475	-8.63558	-0.75378	-7.64983	-0.66522
4055.531	-8.65914	-0.74038	-7.67501	-0.67860
4059.573	-8.63915	-0.73462	-7.67102	-0.68710
4063.577	-8.67716	-0.73671	-7.65695	-0.64928
4067.471	-8.64427	-0.75976	-7.59505	-0.71648
4071.577	-8.60024	-0.78820	-7.52366	-0.75636
4075.574	-8.56583	-0.84421	-7.54803	-0.74796
4079.574	-8.59444	-0.85930	-7.56703	-0.74463
4083.577	-8.58789	-0.86727	-7.54162	-0.74229
4087.576	-8.53508	-0.86106	-7.53086	-0.75831
4091.577	-8.52294	-0.88290	-7.53620	-0.74483
4095.560	-8.43766	-0.87720	-7.47604	-0.79455
4099.475	-8.48646	-0.84392	-7.46409	-0.76062
4103.577	-8.41913	-0.84800	-7.44596	-0.74642
4107.576	-8.42981	-0.80256	-7.35461	-0.83020
4111.577	-8.35566	-0.83491	-7.35214	-0.79585
4115.580	-8.36161	-0.81877	-7.35109	-0.79940
4119.576	-8.29477	-0.83806	-7.31577	-0.76899
4123.533	-8.30556	-0.85171	-7.26034	-0.76573
4127.576	-8.31030	-0.82409	-7.26078	-0.76837
4131.471	-8.31144	-0.87232	-7.19864	-0.75994
4135.577	-8.29076	-0.85597	-7.16207	-0.75838
4139.540	-8.33299	-0.86404	-7.13744	-0.72980
4143.579	-8.24660	-0.86816	-7.16078	-0.71036
4147.578	-8.32480	-0.87332	-7.13805	-0.71116
4151.577	-8.31443	-0.87711	-7.16608	-0.67926
4155.576	-8.34924	-0.83827	-7.15799	-0.66535
4159.451	-8.30121	-0.82866	-7.17143	-0.63345
4163.477	-8.30417	-0.80075	-7.23230	-0.61104
4167.452	-8.22898	-0.77747	-7.24188	-0.59490
4171.451	-8.30306	-0.75707	-7.20555	-0.59103
4175.449	-8.30080	-0.74330	-7.23423	-0.57246
4179.422	-8.33598	-0.71347	-7.24327	-0.56939
4183.439	-8.34502	-0.69705	-7.26830	-0.57197
4187.448	-8.36759	-0.70736	-7.23943	-0.60928
4191.451	-8.31010	-0.71644	-7.24041	-0.62468
4195.475	-8.28857	-0.74665	-7.23191	-0.62119
4199.454	-8.28471	-0.78614	-7.22319	-0.62419
4203.453	-8.27061	-0.74943	-7.21161	-0.62768
4207.452	-8.30719	-0.70319	-7.18110	-0.68393
4211.474	-8.33700	-0.67401	-7.16207	-0.69630
4215.454	-8.39826	-0.68723	-7.19185	-0.67718
4219.411	-8.43035	-0.67962	-7.20893	-0.68884
4223.453	-8.50234	-0.66104	-7.19417	-0.72832
4227.475	-8.55006	-0.62494	-7.20138	-0.75069
4231.453	-8.57954	-0.62811	-7.21005	-0.73518
4235.452	-8.53411	-0.59624	-7.20314	-0.74884
4239.451	-8.52782	-0.54101	-7.21237	-0.79275
4243.480	-8.58934	-0.50727	-7.23074	-0.83306
4247.454	-8.57847	-0.50333	-7.20052	-0.83758
4251.454	-8.60463	-0.50762	-7.18889	-0.80297
4255.452	-8.60186	-0.51015	-7.21322	-0.82326
4259.471	-8.61052	-0.52493	-7.20086	-0.77357
4263.455	-8.44295	-0.55944	-7.17717	-0.86045
4267.433	-7.75643	-0.53755	-6.24614	-0.64950
4271.447	-4.25773	-0.62546	-4.77939	-0.73593
4275.451	-3.24098	-0.59129	-2.57107	-0.42411
4279.455	-1.36221	-0.52217	-1.92852	-0.50729
4283.452	-1.19946	-0.66481	-1.07475	-0.29366
4287.453	-0.87768	-0.78102	-0.58692	-0.36282
4291.451	-1.03714	-0.78871	-0.41542	-0.31686
4295.455	-1.08594	-0.82444	-0.42542	-0.15973
4299.452	-1.21489	-0.83630	-0.53498	-0.15376
4303.453	-1.30179	-0.84772	-0.51490	-0.14752
4307.451	-1.27095	-0.85876	-0.49029	-0.05519
4311.410	-1.20790	-0.84152	-0.33230	-0.04219
4315.409	-1.16523	-0.87757	-0.20072	-0.03536
4319.454	-1.12286	-0.89353	-0.10667	-0.06103
4323.451	-1.10003	-0.92362	-0.10825	-0.05919
4327.454	-1.08646	-0.92963	-0.07058	0.02704
4331.455	-1.11368	-0.92215	0.06954	0.03986
4335.453	-1.14305	-0.89996	0.05393	0.06620
4339.451	-1.14570	-0.92619	-0.00146	0.03854
4343.452	-1.10579	-0.93261	0.07217	0.03847
4347.458	-1.14399	-0.96399	0.15429	0.06185
4351.430	-1.06880	-0.97661	0.19978	0.06744
4355.450	-1.06788	-1.00211	0.17926	-0.01710
4359.452	-1.05984	-1.00681	0.15978	-0.04786
4363.453	-1.07346	-0.99844	0.12354	-0.06220
4367.453	-1.08602	-1.01838	0.13228	-0.10576
4371.470	-1.11291	-1.00222	0.16074	-0.18592
4375.454	-1.12866	-0.97390	0.13811	-0.23239
4379.456	-1.16773	-0.94451	0.14109	-0.29806
4383.455	-1.21913	-0.93192	0.15906	-0.32669
4387.452	-1.22285	-0.96560	0.21462	-0.37797
4391.443	-1.17570	-0.98906	0.27071	-0.40948
4395.456	-1.20209	-1.00358	0.25212	-0.45681
4399.453	-1.12717	-0.96715	0.28289	-0.47863
4403.445	-1.12189	-0.95252	0.31955	-0.47311
4407.456	-1.08428	-0.92424	0.34191	-0.47129
4411.457	-1.05751	-0.92040	0.32206	-0.47144
4415.452	-0.99395	-0.99287	0.35950	-0.47644
4419.412	-0.98122	-1.00234	0.37087	-0.45507
4423.457	-0.95465	-1.05694	0.36563	-0.41802
4427.456	-0.89393	-1.07271	0.34444	-0.38130
4431.457	-0.87312	-1.03714	0.31784	-0.34810
4435.484	-0.87761	-1.06022	0.32493	-0.33414
4439.456	-0.85900	-1.03250	0.35184	-0.34673
4443.457	-1.34767	-1.08955	0.32322	-0.32219
4447.430	-0.95026	-1.02925	0.31344	-0.30854
4451.414	-0.95517	-1.00088	0.32196	-0.33816
4455.464	-1.17949	-0.96418	0.27567	-0.33829
4459.456	-1.30146	-0.83873	0.24187	-0.29727
4463.453	-1.20532	-0.81750	0.29371	-0.28263
4467.451	-1.03263	-0.81616	0.31421	-0.28727
4471.455	-1.15017	-0.75261	0.35151	-0.28993
4475.459	-1.13779	-0.71913	0.37196	-0.25698
4479.456	-1.01853	-0.62757	0.33186	-0.24888
4483.451	-1.05870	-0.77154	0.32923	-0.19866
4487.454	-0.89855	-0.72142	0.35032	-0.16139
4491.454	-0.98730	-0.79023	0.27664	-0.20301
4495.456	-1.03513	-0.85828	0.33183	-0.18400
4499.453	-0.97474	-0.92273	0.30478	-0.17913
4503.454	-0.93793	-0.98181	0.30622	-0.21519
4507.457	-0.90577	-1.03651	0.23743	-0.24267
4511.459	-0.93631	-1.07940	0.19137	-0.25306
4515.447	-0.91046	-1.11522	0.14903	-0.27535
4519.450	-0.93338	-1.17418	0.11783	-0.31826
4523.456	-0.97740	-1.19830	0.12632	-0.36963
4527.458	-1.01072	-1.14606	0.08840	-0.42966
4531.446	-1.05069	-1.12628	0.06185	-0.45833
4535.456	-1.06188	-1.10819	0.08247	-0.48417
4539.456	-1.06510	-1.07799	0.03782	-0.50244
4543.458	-1.04855	-1.06247	0.05147	-0.53342
4547.476	-1.11519	-1.05654	0.03909	-0.55156
4551.462	-1.13459	-1.03798	0.06669	-0.56990
4555.452	-1.14662	-1.02322	0.09108	-0.60073
4559.413	-1.14265	-0.97363	0.13230	-0.59797
4563.437	-1.11415	-0.92073	0.18819	-0.62269
4567.456	-1.10482	-0.91274	0.14441	-0.63042
4571.455	-1.09688	-0.91522	0.09063	-0.64178
4575.455	-1.16451	-0.98569	0.09969	-0.63107
4579.452	-1.14823	-1.00877	0.08676	-0.59666
4583.456	-1.13407	-1.02991	0.18628	-0.56008
4587.455	-1.17614	-1.12851	0.15193	-0.52840
4591.457	-1.12119	-1.07842	0.17725	-0.45920
4595.483	-1.07820	-1.15622	0.17335	-0.50179
4599.447	-1.05342	-1.06523	0.19440	-0.44653
4603.456	-1.06766	-1.16951	0.17057	-0.43314
4607.458	-1.11157	-1.17235	0.18650	-0.38558
4611.480	-1.05483	-1.18898	0.16305	-0.31712
4615.458	-1.03794	-1.13567	0.22897	-0.32383
4619.412	-1.01504	-1.11342	0.26815	-0.30087
4623.456	-1.00734	-1.09902	0.30605	-0.30365
4627.476	-1.02501	-1.04440	0.28086	-0.32343
4631.458	-1.02250	-1.02155	0.29329	-0.34356
4635.458	-1.03357	-0.99224	0.25187	-0.36890
4639.458	-1.05168	-0.96933	0.19849	-0.38910
4643.447	-1.03094	-1.05356	0.18797	-0.39621
4647.463	-1.07552	-1.06852	0.14925	-0.31518
4651.458	-1.03248	-1.08578	0.06718	-0.32567
4655.458	-1.02201	-1.08774	0.09289	-0.39167
4659.415	-1.01829	-1.12808	0.08331	-0.33126
4663.457	-0.99551	-1.17768	0.02507	-0.31066
4667.457	-1.00906	-1.19377	-0.04537	-0.36697
4671.459	-1.00849	-1.19665	-0.03378	-0.35877
4675.415	-1.00315	-1.22382	-0.11098	-0.41472
4679.458	-0.94728	-1.22183	-0.07480	-0.41187
4683.459	-0.94450	-1.21433	-0.08607	-0.45647
4687.459	-0.97700	-1.14729	-0.11193	-0.39455
4691.415	-0.96571	-1.09958	-0.11116	-0.36647
4695.456	-1.02268	-1.09355	-0.06554	-0.43967
4699.457	-1.05014	-1.09734	-0.11024	-0.50298
4703.457	-1.08611	-1.06353	-0.13349	-0.48701
4707.444	-1.13119	-1.10630	-0.14067	-0.54624
4711.458	-1.17572	-1.14565	-0.14652	-0.48591
4715.460	-1.17480	-1.12886	-0.14863	-0.47687
4719.457	-1.19098	-1.11145	-0.10858	-0.50390
4723.418	-1.26567	-1.08310	-0.09411	-0.54090
4727.421	-1.30198	-1.02664	-0.08155	-0.54656
4731.458	-1.27341	-1.04501	-0.04700	-0.61074
4735.459	-1.30908	-0.99006	-0.04323	-0.69860
4739.417	-1.33678	-1.02154	-0.03738	-0.70332
4743.459	-1.33103	-1.03147	-0.00819	-0.64809
4747.463	-1.32644	-1.07550	0.01819	-0.63144
4751.456	-1.33614	-0.99961	0.08344	-0.59750
4755.418	-1.35566	-0.91844	0.08249	-0.60304
4759.464	-1.35536	-0.87699	0.11223	-0.59757
4763.456	-1.38379	-0.85564	0.12995	-0.49098
4767.431	-1.40720	-0.82352	0.08341	-0.41013
4771.418	-1.40626	-0.82533	0.07602	-0.49213
4775.457	-1.48213	-0.87413	0.02422	-0.46174
4779.468	-1.48027	-0.91305	0.01633	-0.49143
4783.457	-1.55053	-0.92938	0.04177	-0.44231
4787.444	-1.48377	-1.00789	0.04011	-0.50574
4791.458	-1.51648	-1.09538	-0.01335	-0.31866
4795.459	-1.48520	-1.03865	-0.05882	-0.39927
4799.458	-1.46147	-1.01619	-0.09721	-0.45885
4803.451	-1.44855	-1.00982	-0.15901	-0.50842
4807.447	-1.51700	-0.91902	-0.11672	-0.46275
4811.450	-1.48706	-0.89109	-0.09081	-0.55857
4815.459	-1.45018	-0.94669	-0.06701	-0.58408
4819.459	-1.42588	-0.94374	-0.00146	-0.63768
4823.461	-1.38225	-0.95389	0.02561	-0.58948
4827.457	-1.33488	-0.93074	-0.07661	-0.63517
4831.459	-1.34765	-0.89355	-0.11828	-0.60803
4835.462	-1.31833	-0.95722	-0.15087	-0.69872
4839.462	-1.28641	-1.05218	-0.15136	-0.69880
4843.458	-1.25600	-1.08311	-0.18000	-0.74883
4847.459	-1.30662	-1.12116	-0.07865	-0.74404
4851.358	-1.22067	-1.23602	-0.17263	-0.78391
4855.462	-1.08691	-1.25130	-0.13563	-0.80570
4859.460	-0.90063	-1.24136	-0.23296	-0.73477
4863.459	-0.94008	-1.21475	-0.21899	-0.69519
4867.354	-1.00159	-1.24381	-0.18936	-0.69335
4871.459	-0.94993	-1.24698	-0.20028	-0.66915
4875.461	-0.91473	-1.23426	-0.11252	-0.68859
4879.460	-0.88952	-1.19239	-0.12079	-0.68324
4883.463	-0.99134	-1.19718	-0.10786	-0.66931
4887.460	-0.98616	-1.17962	-0.05562	-0.63929
4891.442	-0.97499	-1.17873	-0.08642	-0.61482
4895.460	-0.98921	-1.13276	-0.01325	-0.61497
4899.456	-1.13940	-1.15170	-0.01276	-0.58272
4903.456	-1.17910	-1.16482	0.05388	-0.59462
4907.462	-1.22638	-1.19418	0.06525	-0.58818
4911.416	-1.23084	-1.21322	0.11908	-0.58709
4915.362	-1.24394	-1.18960	0.17412	-0.60329
4919.458	-1.26914	-1.21050	0.15903	-0.61313
4923.463	-1.28603	-1.20930	0.16697	-0.54776
4927.461	-1.24116	-1.13524	0.19991	-0.49928
4931.455	-1.25907	-1.15237	0.21298	-0.50385
4935.452	-1.24828	-1.14522	0.25785	-0.51645
4939.449	-1.23496	-1.08838	0.25237	-0.50241
4943.460	-1.16156	-1.03494	0.23932	-0.54999
4947.464	-1.16456	-1.01743	0.18087	-0.56234
4951.461	-1.16498	-1.00804	0.16069	-0.59884
4955.462	-1.11653	-0.96420	0.12158	-0.70898
4959.463	-1.13809	-0.92629	0.11337	-0.74757
4963.466	-1.16642	-0.90566	0.02750	-0.74374
4967.466	-1.24133	-0.93626	-0.03393	-0.86451
4971.465	-1.22685	-0.94710	-0.00521	-0.92140
4975.460	-1.28254	-0.90013	0.00151	-0.95852
4979.465	-1.23985	-0.78587	-0.03958	-0.91869
4983.460	-1.26743	-0.75856	-0.05083	-0.93484
4987.460	-1.37424	-0.72661	-0.06594	-0.96115
4991.462	-1.37392	-0.74668	-0.02122	-0.99521
4995.464	-1.34207	-0.66679	-0.06430	-0.97432
4999.458	-1.35092	-0.64475	-0.09577	-0.97111
5003.463	-1.34269	-0.69279	-0.12836	-0.75385
5007.460	-1.29965	-0.73570	-0.11766	-0.78493
5011.464	-1.10462	-0.71109	-0.05946	-0.71241
5015.447	-0.89577	-0.65996	-0.07460	-0.69820
5019.416	-0.77191	-0.69620	-0.08594	-0.71929
5023.463	-0.96221	-0.75104	-0.06170	-0.81214
5027.464	-1.02957	-0.76091	-0.12277	-0.80928
5031.460	-1.03091	-0.78533	-0.08222	-0.78133
5035.458	-0.96281	-0.80753	-0.10686	-0.82270
5039.460	-0.89679	-0.82024	-0.12374	-0.79142
5043.463	-0.92363	-0.84930	-0.05512	-0.82464
5047.462	-0.99067	-0.83187	-0.06023	-0.80240
5051.461	-0.97584	-0.82057	-0.09527	-0.86697
5055.419	-0.99231	-0.84324	-0.11103	-0.90036
5059.357	-1.02372	-0.87314	-0.10610	-0.91025
5063.462	-1.09812	-0.87498	-0.13218	-0.86647
5067.461	-1.12194	-0.91064	-0.14012	-0.80799
5071.463	-1.13258	-0.93250	-0.12374	-0.80039
5075.322	-1.16543	-0.93629	-0.17020	-0.78697
5079.462	-1.20986	-0.92803	-0.19986	-0.74563
5083.463	-1.35807	-0.90075	-0.07661	-0.80893
5087.462	-1.40790	-0.75340	-0.11984	-0.82682
5091.323	-1.37883	-0.75602	-0.02785	-0.90195
5095.462	-1.31205	-0.78148	0.15511	-0.91181
5099.443	-1.35169	-0.74739	0.17541	-0.99299
5103.463	-1.33361	-0.60534	0.29572	-1.04371
5107.322	-1.32418	-0.69198	0.25232	-0.97644
5111.461	-1.40068	-0.65480	0.23956	-1.04506
5115.460	-1.45199	-0.68941	0.36139	-1.03210
5119.462	-1.41010	-0.70005	0.43646	-1.08992
5123.322	-1.39860	-0.71079	0.46368	-1.04399
5127.464	-1.36972	-0.69592	0.49577	-1.01874
5131.463	-1.30518	-0.72984	0.51106	-1.01981
5135.464	-1.43111	-0.75690	0.50006	-0.98104
5139.323	-1.31444	-0.66275	0.47574	-1.04704
5143.456	-1.39299	-0.66342	0.46644	-1.01400
5147.419	-1.42362	-0.69078	0.41688	-1.00085
5151.464	-1.45207	-0.67783	0.37586	-1.06387
5155.422	-1.40889	-0.61635	0.33295	-0.96533
5159.463	-1.38163	-0.59768	0.23204	-1.03634
5163.460	-1.41831	-0.58661	0.13876	-1.00186
5167.463	-1.42265	-0.55569	0.12287	-1.03890
5171.422	-1.44627	-0.59051	0.00136	-1.04069
5175.468	-1.45103	-0.59962	0.07865	-1.03351
5179.464	-1.38056	-0.59820	0.03616	-1.02705
5183.441	-1.42494	-0.66219	0.00717	-0.99476
5187.315	-1.41690	-0.67360	0.00350	-1.03637
5191.463	-1.42791	-0.71199	-0.02340	-1.03006
5195.464	-1.43352	-0.71818	-0.01511	-1.03438
5199.339	-1.42672	-0.76336	0.00017	-1.05033
5203.334	-1.44855	-0.76822	0.03750	-1.03784
5207.338	-1.45192	-0.77818	0.08592	-1.03620
5211.337	-1.47553	-0.76858	0.07190	-1.06826
5215.336	-1.47950	-0.73232	0.13501	-1.10522
5219.296	-1.46980	-0.72884	0.20209	-1.13965
5223.339	-1.43200	-0.72218	0.16648	-1.17852
5227.337	-1.42335	-0.70089	0.16960	-1.19184
5231.304	-1.44398	-0.68837	0.13243	-1.15652
5235.339	-1.45128	-0.67483	0.06669	-1.11385
5239.295	-1.36891	-0.67716	0.09235	-1.05632
5243.339	-1.38810	-0.63920	0.14062	-0.88481
5247.340	-1.28735	-0.56941	0.14846	-0.66588
5251.358	-1.25833	-0.21889	0.26944	-0.56311
5255.331	-3.17468	0.49323	0.22460	-0.44357
5259.341	-0.95393	2.50095	0.01946	-0.23783
5263.339	-0.89518	1.37092	-0.23361	1.25986
5267.359	NaN	NaN	0.65335	11.19610
5271.322	NaN	NaN	-6.68457	4.27992
5275.340	NaN	NaN	NaN	NaN
5279.341	NaN	NaN	NaN	NaN
5283.340	NaN	NaN	NaN	NaN
5287.291	NaN	NaN	NaN	NaN
5291.338	NaN	NaN	NaN	NaN
5295.337	NaN	NaN	NaN	NaN
5299.338	NaN	NaN	NaN	NaN
5303.338	NaN	NaN	NaN	NaN
5307.338	NaN	NaN	NaN	NaN
5311.338	NaN	NaN	NaN	NaN
5315.338	NaN	NaN	NaN	NaN
5319.295	NaN	NaN	NaN	NaN
5323.296	NaN	NaN	NaN	NaN
5327.366	NaN	NaN	-9.61158	3.37217
5331.338	-2.37337	8.59356	-9.74866	0.68893
5335.341	-0.50411	0.73793	-1.72527	0.77733
5339.349	0.22584	2.61818	-1.53208	-0.86440
5343.358	0.25716	0.64915	-0.51570	-3.00675
5347.340	-0.96028	-1.75321	-0.25167	-3.13541
5351.342	-7.08691	-1.92000	-0.69985	-3.19629
5355.343	-1.57585	-1.93676	-0.08249	-3.25778
5359.365	-3.07731	-2.07356	-1.54780	-3.29082
5363.296	-6.77918	-2.09510	-3.00141	-2.54408
5367.297	-6.77137	-2.20722	-5.10389	-2.72321
5371.340	-6.92667	-2.13815	-4.13162	-1.94118
5375.363	-6.90287	-2.05208	-5.21141	-2.13310
5379.340	-7.05819	-2.02384	-5.05841	-2.22130
5383.340	-6.93665	-2.05457	-4.87847	-2.06854
5387.342	-6.79831	-2.07027	-4.86007	-2.09031
5391.333	-6.92721	-2.10164	-4.95605	-2.12007
5395.323	-6.81909	-2.13311	-5.13643	-2.27725
5399.342	-6.86533	-2.08528	-5.20253	-2.16869
5403.344	-6.85128	-1.77195	-5.10613	-2.22732
5407.367	-6.81909	-1.86270	-5.33536	-2.28851
5411.341	-6.87039	-1.93377	-5.12245	-2.06599
5415.341	-6.80061	-1.93314	-5.07057	-2.27368
5419.297	-6.64170	-1.93256	-4.98076	-2.24221
5423.334	-6.73206	-1.98375	-4.92063	-2.23626
5427.342	-6.67414	-1.96732	-5.05270	-2.28687
5431.340	-6.69586	-1.96068	-5.08136	-2.30836
5435.344	-6.66423	-1.94791	-5.18185	-2.41762
5439.326	-6.65341	-1.93580	-5.11236	-2.50052
5443.339	-6.59229	-1.90189	-5.33758	-2.49683
5447.342	-6.62713	-1.93950	-4.94369	-2.14333
5451.346	-6.74856	-1.98629	-4.92400	-1.96551
5455.300	-6.64246	-2.31276	-4.85376	-2.39419
5459.342	-6.53627	-2.00150	-5.04193	-2.41847
5463.341	-6.74031	-1.85356	-4.97753	-2.39886
5467.342	-6.56402	-1.78076	-5.07776	-2.51125
5471.328	-6.73573	-1.86818	-5.34538	-2.62596
5475.342	-6.69030	-1.79572	-5.00529	-2.31931
5479.342	-6.45831	-2.42050	-4.79423	-2.38721
5483.342	-6.50881	-1.94297	-4.77658	-2.30724
5487.326	-6.47946	-1.60799	-4.81044	-2.29235
5491.341	-6.44839	-2.02355	-4.94755	-2.24272
5495.344	-6.55418	-1.65136	-5.09099	-2.43600
5499.341	-6.39856	-1.89273	-5.11236	-2.46079
5503.332	-6.51234	-1.70979	-5.10945	-2.43617
5507.341	-6.41584	-1.70093	-5.07360	-2.52169
5511.342	-6.39565	-1.92902	-4.93179	-2.39806
5515.342	-6.35344	-1.76401	-4.86113	-2.28693
5519.327	-6.33233	-1.85443	-4.91974	-2.16968
5523.335	-6.37824	-1.80446	-4.87069	-2.36645
5527.343	-6.49903	-1.75875	-4.88978	-2.12281
5531.342	-6.58869	-1.80393	-4.75994	-1.98014
5535.364	-2.92319	-1.77151	-4.96849	-1.71615
5539.345	-3.53535	2.14352	-0.18737	-2.32903
5543.342	0.41896	2.51918	-8.53190	0.61096
5547.348	-3.55196	9.59569	0.56096	-1.86808
5551.366	NaN	NaN	-8.63740	3.43457
5555.297	NaN	NaN	NaN	NaN
5559.341	NaN	NaN	NaN	NaN
5563.316	NaN	NaN	NaN	NaN
5567.339	NaN	NaN	NaN	NaN
5571.342	NaN	NaN	NaN	NaN
5575.300	NaN	NaN	NaN	NaN
5579.341	NaN	NaN	NaN	NaN
5583.341	NaN	NaN	NaN	NaN
5587.342	NaN	NaN	NaN	NaN
5591.299	NaN	NaN	NaN	NaN
5595.341	NaN	NaN	NaN	NaN
5599.342	NaN	NaN	NaN	NaN
5603.325	NaN	NaN	NaN	NaN
5607.299	NaN	NaN	NaN	NaN
5611.340	NaN	NaN	NaN	NaN
5615.344	NaN	NaN	NaN	NaN
5619.325	NaN	NaN	NaN	NaN
5623.342	-5.54693	7.04204	1.56189	10.54687
5627.343	-5.23359	0.52264	-0.79727	5.61425
5631.345	-0.98740	6.06510	-1.33835	0.74101
5635.344	-1.06905	-0.91719	-0.86964	-2.47303
5639.364	-0.89684	-1.79526	-0.37859	-2.84142
5643.346	-0.98879	-2.18003	-0.00489	-3.37473
5647.309	-1.16327	-2.47000	-0.10860	-3.19898
5651.352	-0.99268	-2.36032	-0.42420	-3.02017
5655.365	-1.23298	-2.27635	-0.40226	-2.90005
5659.346	-2.83051	-2.31867	-1.03769	-2.78503
5663.344	-3.70974	-2.18622	-1.57843	-2.54028
5667.341	-3.84476	-2.07874	-1.46916	-2.62123
5671.364	-3.10809	-2.19212	-1.53912	-2.47537
5675.346	-3.35545	-2.23582	-1.65599	-2.57613
5679.345	-3.37917	-2.28426	-1.73874	-2.82565
5683.346	-3.44055	-2.29568	-1.77172	-2.67080
5687.336	-3.39532	-2.27803	-1.90780	-2.95421
5691.347	-3.32728	-2.30605	-1.93430	-3.04184
5695.343	-3.32857	-2.35816	-1.97399	-2.96595
5699.345	-3.34410	-2.40485	-1.89516	-3.05189
5703.345	-3.31101	-2.47917	-1.95351	-3.08816
5707.347	-3.24209	-2.49818	-1.78337	-3.04527
5711.345	-3.29975	-2.52731	-1.92347	-3.17624
5715.346	-3.43986	-2.57873	-2.11566	-3.04301
5719.347	-3.43716	-2.62580	-2.14659	-3.06659
5723.348	-3.38998	-2.65719	-2.29537	-3.07032
5727.341	-3.20620	-2.69650	-2.33598	-3.13492
5731.336	-3.30510	-2.73856	-2.26200	-3.24941
5735.342	-3.23888	-2.78012	-2.25553	-3.16968
5739.347	-3.39925	-2.82825	-2.20017	-3.30588
5743.344	-3.30886	-2.83626	-2.31943	-3.38741
5747.347	-3.18724	-2.83897	-2.29317	-3.39881
5751.345	-3.29246	-2.84115	-2.34589	-3.39109
5755.347	-3.34222	-2.76756	-2.40057	-3.36767
5759.345	-3.31882	-2.80099	-2.31207	-3.24970
5763.345	-3.29656	-2.80422	-2.25836	-3.28729
5767.349	-3.33681	-2.76673	-2.30635	-2.98512
5771.345	-3.16500	-2.67581	-2.12734	-3.08671
5775.345	-3.45502	-2.88470	-2.04076	-3.15618
5779.346	-3.58912	-2.72079	-2.08957	-3.05700
5783.342	-3.65848	-2.59339	-2.13978	-3.36043
5787.347	-3.84928	-2.61309	-2.24116	-3.18340
5791.356	-3.55733	-2.53509	-2.27565	-3.16681
5795.344	-3.69669	-2.50211	-1.99166	-3.31476
5799.342	-3.62220	-2.95653	-2.19256	-3.32300
5803.301	-3.61387	-2.58639	-2.14979	-3.17339
5807.344	-3.61162	-2.48834	-1.94409	-3.01829
5811.328	-3.59332	-2.55702	-1.88883	-2.95877
5815.345	-3.76092	-2.68885	-2.13921	-3.07005
5819.301	-3.67835	-2.61081	-2.00745	-3.29718
5823.347	-3.59132	-2.66907	-2.30013	-2.98016
5827.345	-3.52361	-2.74464	-2.25783	-2.71822
5831.341	-3.45625	-2.58953	-2.21747	-2.33660
5835.347	-3.49040	-2.63698	-2.36019	-2.33580
5839.345	-3.46459	-2.65228	-2.55044	-2.51527
5843.345	-3.44142	-2.66719	-2.63705	-2.51574
5847.344	-3.47643	-2.61707	-2.72880	-2.34526
5851.303	-3.46150	-2.73911	-2.53729	-2.17606
5855.312	-3.43981	-2.79126	-2.68581	-3.62001
5859.345	-3.40163	-2.84918	-2.81669	-2.21064
5863.339	-3.36236	-2.71880	-2.71307	-2.24426
5867.346	-3.37437	-2.84780	-2.73957	-2.22082
5871.343	-3.39312	-2.76816	-2.73704	-2.32438
5875.349	-3.48412	-2.93738	-2.68016	-2.31173
5879.350	-3.44307	-2.97835	-2.64743	-2.29444
5883.345	-3.48271	-3.03907	-2.55257	-2.59318
5887.344	-3.50712	-3.05675	-2.51737	-2.15607
5891.347	-3.52358	-3.08823	-2.48339	-2.66033
5895.243	-3.53540	-3.07107	-2.35662	-2.17765
5899.346	-3.56648	-3.04439	-2.39693	-2.38449
5903.346	-3.56939	-3.03265	-2.42639	-2.63223
5907.346	-3.57572	-3.02014	-2.44482	-2.23526
5911.304	-3.53950	-3.04106	-2.36532	-2.78301
5915.350	-3.52007	-3.05762	-2.33764	-2.73023
5919.304	-3.50684	-3.05833	-2.27788	-2.44953
5923.347	-3.48481	-3.00765	-2.28296	-3.12229
5927.345	-3.43932	-3.00972	-2.26616	-2.51946
5931.305	-3.42609	-2.96365	-2.26886	-2.57705
5935.340	-3.39507	-2.96234	-2.23472	-2.37224
5939.335	-3.38521	-2.88335	-2.33348	-2.39178
5943.336	-3.37413	-2.94786	-2.36244	-2.30473
5947.347	-3.34920	-2.89662	-2.35786	-2.31136
5951.348	-3.33733	-2.88270	-2.39502	-2.39131
5955.351	-3.35155	-2.85630	-2.34778	-2.06303
5959.245	-3.35155	-2.78830	-2.30457	-1.95396
5963.344	-3.36369	-2.75473	-2.38021	-2.02619
5967.349	-3.36876	-2.71640	-2.40786	-1.98370
5971.348	-3.40210	-2.66074	-2.39750	-1.96132
5975.346	-3.42114	-2.68888	-2.31478	-1.68331
5979.317	-3.34212	-2.67613	-2.39398	-1.89789
5983.351	-3.36156	-2.67665	-2.25811	-1.91035
5987.348	-3.34415	-2.66291	-2.22557	-1.92163
5991.216	-3.34163	-2.66583	-2.14548	-2.34095
5995.345	-3.33537	-2.67305	-2.05826	-2.19537
5999.350	-3.34010	-2.71646	-2.06942	-2.89155
6003.350	-3.33955	-2.77452	-2.01821	-2.91711
6007.351	-3.39384	-2.83831	-1.97421	-2.59987
6011.349	-3.38456	-2.80624	-1.88221	-3.03031
6015.349	-3.41906	-2.88748	-1.80935	-3.03509
6019.303	-3.45962	-2.88787	-1.68620	-3.13661
6023.352	-3.39715	-2.85161	-1.60811	-2.78587
6027.348	-3.39426	-2.69695	-1.56132	-2.54519
6031.348	-3.50687	-2.20226	-1.62420	-1.04355
