time (ms)	lx (deg)	ly (deg)	rx (deg)	ry (deg)
0.000	-0.75342	0.20526	0.95624	0.55889
3.998	-0.81215	0.34753	1.00345	0.58894
8.001	-0.90574	0.29437	1.10227	0.53253
11.975	-0.89939	0.33519	1.15473	0.49051
16.000	-0.81081	0.22469	1.23260	0.48831
19.959	-0.72568	0.44659	1.22035	0.48459
23.999	-0.73734	0.39367	1.20571	0.48804
28.000	-0.71891	0.44503	1.19212	0.47361
32.001	-0.63223	0.33676	1.20013	0.55579
36.002	-0.61186	0.32386	1.19661	0.66404
40.000	-0.59647	0.25879	1.15687	0.60401
44.001	-0.64895	0.38871	0.98422	0.47158
48.001	-0.52776	0.38526	1.02548	0.48179
52.000	-0.51617	0.39597	1.00213	0.43690
55.999	-0.51426	0.34663	0.90470	0.57333
60.005	-0.54275	0.36032	0.86096	0.44770
64.002	-0.79213	0.26959	0.87513	0.45883
67.958	-0.78826	0.27321	0.82171	0.49260
71.983	-0.78880	0.29950	0.83652	0.44377
76.006	-0.79057	0.29227	0.84272	0.38017
80.001	-0.92723	0.26143	0.75816	0.34559
84.001	-0.81099	0.29219	0.80836	0.29217
88.001	-0.78263	0.32862	0.82808	0.38534
92.001	-0.77020	0.25277	0.75253	0.37528
96.000	-0.81878	0.24347	0.66307	0.36160
100.002	-0.69965	0.25163	0.71293	0.32977
104.001	-0.65089	0.24611	0.69533	0.35981
107.899	-0.68322	0.43614	0.66588	0.30053
112.004	-0.61491	0.27548	0.67034	0.34120
115.968	-0.63094	0.30118	0.71459	0.33638
120.002	-0.71486	0.30753	0.63699	0.35676
123.898	-0.59888	0.35711	0.73829	0.36887
127.998	-0.69570	0.35882	0.80379	0.33195
132.003	-0.64627	0.45102	0.93078	0.39050
136.000	-0.77682	0.50768	1.07728	0.26651
140.005	-0.80245	0.43707	0.90852	0.31631
144.002	-0.64019	0.45731	1.15434	0.24750
148.001	-0.90892	0.51651	1.06515	0.33351
152.004	-0.96482	0.33827	1.30340	0.31001
155.898	-0.95254	0.44518	1.39790	0.32448
160.002	-1.00883	0.45610	1.16736	0.26205
164.001	-0.94217	0.44381	1.25947	0.12586
168.005	-0.93336	0.41494	1.13335	0.25729
172.006	-0.96760	0.36664	1.23846	0.21686
176.003	-1.08048	0.39992	1.18656	0.11525
180.003	-1.09547	0.26820	1.18716	0.24819
184.004	-1.13774	0.37422	1.15950	0.14837
187.899	-1.15769	0.39139	1.08810	0.31890
192.004	-1.08428	0.34787	1.09435	0.11580
196.006	-0.85595	0.41431	1.20983	0.10829
199.992	-0.57270	0.35239	1.70653	0.01503
204.007	-0.80558	0.26317	1.30766	-0.00561
208.004	-0.45966	0.05303	1.66991	0.06647
212.003	-0.55984	0.13888	1.51784	-0.17922
216.005	-0.61052	0.22186	1.52848	-0.16146
220.007	-0.54428	0.08110	1.88100	-0.27853
224.004	-0.45244	0.26073	1.77633	-0.33830
228.002	-0.40752	0.16713	1.58805	-0.37433
232.006	-0.42425	0.12949	1.68369	-0.30481
236.005	-0.38973	-0.09095	1.67660	-0.34610
239.973	-0.43691	-0.00994	1.87679	-0.43012
244.002	-0.56880	-0.10190	1.66956	-0.42215
248.005	-0.42440	-0.05265	1.77516	-0.37074
252.006	-0.55143	0.09385	1.74856	-0.45375
256.003	-0.54778	0.11517	1.80030	-0.40742
260.003	-0.51044	0.10031	1.74541	-0.37273
264.006	-0.56945	0.07372	1.76157	-0.39454
268.006	-0.62340	-0.05819	1.77328	-0.36103
272.003	-0.65975	-0.24760	1.78684	-0.30760
276.004	-0.47577	-0.20177	1.67400	-0.36070
279.987	-0.60846	-0.23265	1.66056	-0.34647
283.898	-0.39134	-0.20557	1.69884	-0.38476
288.003	-0.42544	-0.04587	1.73128	-0.36193
292.003	-0.47761	-0.06503	1.38500	-0.47271
296.006	-0.42291	-0.23029	1.44731	-0.44241
299.929	-0.30493	-0.29460	1.42590	-0.37992
303.985	-0.26267	-0.30532	1.31912	-0.40900
308.004	-0.24584	-0.31709	1.33525	-0.48715
311.958	-0.19715	-0.21802	1.37101	-0.49270
315.902	-0.24837	-0.12976	1.32969	-0.61043
319.834	-0.27900	-0.12089	1.42273	-0.58584
323.880	-0.29205	-0.00487	1.44225	-0.52709
327.854	-0.34126	0.01670	1.42370	-0.51324
331.837	-0.49895	0.00432	1.35075	-0.50540
335.879	-0.58210	0.07656	1.43002	-0.45715
339.878	-0.57419	0.13654	1.49644	-0.44062
343.879	-0.70114	0.10336	1.51119	-0.45504
347.864	-0.67615	0.14342	1.53924	-0.57684
351.879	-0.66781	0.14948	1.46144	-0.44696
355.879	-0.64114	0.14794	1.43555	-0.44147
359.879	-0.79402	0.04962	1.33842	-0.37775
363.865	-0.79771	0.01762	1.29318	-0.38312
367.868	-0.59965	-0.01391	1.18679	-0.37814
371.869	-0.60697	-0.07740	1.12348	-0.36831
375.878	-0.87175	-0.01138	1.15744	-0.51687
379.870	-0.66131	-0.04321	1.08874	-0.49050
383.878	-0.67022	-0.09825	0.99236	-0.41292
387.881	-0.55783	-0.25966	1.04002	-0.34398
391.879	-0.66355	-0.11614	1.06922	-0.21366
395.839	-0.84193	-0.05320	1.08133	-0.16952
399.880	-0.71717	-0.01722	1.07924	-0.08626
403.881	-0.73429	-0.06480	1.13412	-0.23157
407.886	-0.57379	-0.09748	1.10214	-0.12323
411.863	-0.72766	-0.12734	1.10569	-0.20936
415.882	-0.79751	-0.20871	1.19214	-0.16052
419.879	-0.77027	-0.15750	1.22980	-0.27126
423.881	-0.76756	-0.16088	1.19180	-0.13453
427.903	-0.64305	-0.26418	1.15612	-0.10623
431.882	-0.67144	-0.20169	1.20995	-0.19023
435.881	-0.48103	-0.16601	1.17408	-0.15599
439.879	-0.61206	-0.15289	1.17798	-0.19388
443.844	-0.50220	-0.25188	1.18006	-0.27723
447.837	-0.45468	-0.23427	1.13608	-0.29905
451.861	-0.64322	-0.09497	1.15788	-0.27390
455.881	-0.70652	-0.11368	1.20038	-0.29355
459.878	-0.66851	-0.18626	1.09681	-0.32529
463.880	-0.50145	-0.22269	1.10926	-0.26924
467.882	-0.58717	-0.24428	1.19715	-0.34068
471.878	-0.79086	-0.20759	1.21449	-0.33688
475.900	-0.46115	-0.15167	1.17733	-0.38165
479.885	-0.54719	-0.20914	1.13340	-0.39877
483.883	-0.65193	-0.10901	1.10832	-0.45594
487.881	-0.64928	-0.07024	1.15975	-0.46800
491.868	-0.59550	-0.11934	1.21142	-0.48628
495.874	-0.55952	-0.19727	1.14032	-0.45871
499.884	-0.61588	-0.17490	1.17002	-0.45473
503.881	-0.80930	-0.14585	1.16223	-0.50733
507.878	-0.71759	-0.15221	1.11941	-0.48175
511.882	-0.55215	-0.20967	1.19730	-0.51425
515.882	-0.72216	-0.12294	1.16582	-0.49195
519.880	-0.72677	-0.06304	1.21035	-0.45560
523.877	-0.77481	-0.07091	1.34080	-0.46444
527.884	-0.68503	-0.17473	1.29787	-0.54516
531.881	-0.68900	-0.21384	1.28417	-0.60212
535.857	-0.73235	-0.20546	1.22151	-0.43510
539.850	-0.71186	-0.21900	1.25763	-0.47733
543.880	-0.61260	-0.22152	1.24912	-0.44744
547.884	-0.60426	-0.25004	1.25277	-0.41038
551.838	-0.59543	-0.21854	1.30372	-0.40212
555.879	-0.64250	-0.17831	1.28876	-0.39360
559.880	-0.63320	-0.17813	1.31019	-0.44758
563.881	-0.62660	-0.24348	1.12784	-0.31800
567.881	-0.61776	-0.27280	1.14943	-0.39104
571.885	-0.59181	-0.22534	1.12566	-0.38983
575.882	-0.62233	-0.19463	1.07820	-0.31861
579.891	-0.64019	-0.17955	1.06210	-0.38902
583.883	-0.68037	-0.21664	1.16357	-0.29870
587.901	-0.65121	-0.30778	1.20269	-0.28436
591.883	-0.79610	-0.18717	1.15101	-0.30486
595.883	-0.45453	-0.24242	1.15027	-0.33395
599.881	-0.62682	-0.05792	1.12918	-0.33276
603.903	-0.69139	-0.16615	1.06957	-0.33354
607.882	-0.57086	-0.23973	1.03203	-0.34770
611.849	-0.68628	-0.12948	1.14707	-0.44915
615.880	-0.66824	-0.14436	1.27842	-0.35490
619.903	-0.52503	-0.19444	1.23064	-0.36480
623.880	-0.54453	-0.33964	1.24067	-0.40780
627.880	-0.67186	-0.19637	1.22323	-0.35998
631.839	-0.71727	-0.12975	1.15143	-0.40441
635.905	-0.64558	-0.20512	1.11167	-0.43912
639.883	-0.58764	-0.20532	0.99045	-0.42271
643.879	-0.61168	-0.21836	1.07346	-0.39768
647.878	-0.53096	-0.21575	1.25781	-0.41875
651.904	-0.61794	-0.21453	1.23861	-0.45246
655.884	-0.80369	-0.16021	1.01930	-0.42569
659.864	-0.73067	-0.17962	1.07488	-0.43962
663.885	-0.79431	-0.18583	1.09415	-0.44128
667.902	-0.71471	-0.18106	1.00854	-0.42760
671.879	-0.68293	-0.22216	1.01727	-0.43943
675.883	-0.70278	-0.22671	1.07634	-0.46342
679.888	-0.56724	-0.23720	1.05210	-0.45709
683.904	-0.76292	-0.15686	1.08021	-0.45147
687.881	-0.64575	-0.04107	1.11507	-0.47844
691.882	-0.73804	-0.02303	1.12157	-0.50686
695.838	-0.72228	-0.07670	1.08242	-0.60209
699.843	-0.74575	-0.04890	1.08440	-0.45842
703.883	-0.68362	-0.04241	1.14216	-0.41420
707.885	-0.69010	-0.10997	1.14002	-0.36217
711.839	-0.59709	-0.07293	1.12437	-0.44873
715.906	-0.62637	-0.02105	1.11474	-0.43832
719.882	-0.55290	-0.11336	1.10795	-0.23709
723.881	-0.54634	-0.05367	1.13258	-0.17908
727.882	-0.45862	-0.09992	1.12901	-0.14730
731.842	-0.48520	-0.20482	1.11321	-0.09997
735.886	-0.45614	-0.21767	1.06282	-0.02512
739.886	-0.57034	-0.21642	1.08001	-0.02241
743.855	-0.57967	-0.19766	1.09629	0.05948
747.874	-0.44649	-0.22455	1.11363	0.01210
751.884	-0.44443	-0.16793	1.15642	-0.09252
755.848	-0.57592	-0.12700	1.15855	-0.05332
759.845	-0.69712	-0.12960	1.20881	-0.04189
763.883	-0.49021	-0.20853	1.28288	-0.07023
767.886	-0.72302	-0.16981	1.30786	-0.10429
771.884	-0.81173	-0.06646	1.21330	-0.13450
775.881	-0.56994	-0.08853	1.15397	-0.15607
779.872	-0.71752	-0.10456	1.22233	-0.17395
783.872	-0.73660	-0.12456	1.23340	-0.24322
787.872	-0.71868	-0.09589	1.19894	-0.20084
791.883	-0.68990	-0.19331	1.12948	-0.18405
795.870	-0.71407	-0.12250	1.12630	-0.18797
799.883	-0.62975	-0.14846	1.08927	-0.13617
803.884	-0.64436	-0.25287	1.06299	-0.21503
807.885	-0.59761	-0.76760	1.23265	-0.78672
811.869	-0.57436	-1.24285	1.18361	-0.80869
815.885	-0.41829	-0.70743	1.21256	-1.01706
819.846	-0.43522	-1.60817	1.24868	-0.74250
823.884	-0.41852	-0.86742	1.42119	-1.09774
827.874	-0.38839	-0.57520	1.35588	-0.86203
831.887	-0.42986	-0.82218	1.37744	-0.99902
835.883	-0.33340	-1.07791	1.43751	-1.01933
839.885	-0.20082	-1.28098	1.43287	-1.00451
843.882	-0.20442	-1.12455	1.55127	-1.17353
847.888	-0.08058	-1.20399	1.58671	-1.20864
851.884	-0.09967	-1.12095	1.59906	-1.16556
855.884	-0.09391	-1.07805	1.58319	-1.14337
859.884	-0.11773	-1.14154	1.65674	-1.06109
863.841	-0.07527	-1.13245	1.69391	-1.02685
867.866	-0.12764	-1.21541	1.64962	-1.01876
871.884	-0.10912	-1.17681	1.67908	-1.03923
875.888	-0.11116	-1.20798	1.66036	-1.03462
879.887	-0.12851	-1.24271	1.63638	-1.03304
883.884	-0.12967	-1.18143	1.62172	-1.06908
887.887	-0.14054	-1.16315	1.53895	-1.04747
891.881	-0.14804	-1.15575	1.53049	-1.06148
895.888	-0.13588	-1.16047	1.51794	-1.06742
899.886	-0.10165	-1.13965	1.48942	-1.06003
903.886	-0.09155	-1.15766	1.48496	-1.07695
907.872	-0.01206	-1.05028	1.48982	-1.06872
911.840	-0.03621	-1.00770	1.47327	-1.11400
915.885	-0.02722	-1.05803	1.48096	-1.05646
919.887	0.00514	-1.03861	1.53724	-0.92182
923.887	-0.03963	-1.08563	1.53280	-0.97618
927.885	-0.10793	-1.03632	1.59279	-0.93585
931.887	-0.00874	-1.03133	1.63953	-1.07319
935.884	-0.00645	-1.07636	1.60124	-1.03683
939.878	0.08890	-1.14092	1.64260	-1.01064
943.887	0.11205	-1.18111	1.70442	-0.98575
947.886	0.21281	-1.30283	1.69641	-0.94081
951.863	0.27649	-1.34654	1.69530	-0.97255
955.884	0.21507	-1.39584	1.63854	-0.92984
959.883	0.20584	-1.41049	1.68664	-0.87988
963.887	0.20380	-1.37237	1.65356	-0.95909
967.886	0.24857	-1.41501	1.56818	-1.03154
971.881	0.22614	-1.46450	1.70623	-1.08237
975.887	0.26589	-1.31641	1.64027	-0.93640
979.888	0.17169	-1.33013	1.67201	-0.90229
983.886	0.23589	-1.31696	1.67821	-0.82284
987.790	0.15216	-1.46965	1.62914	-0.85912
991.874	0.14841	-1.39771	1.69944	-1.08105
995.886	0.13801	-1.36167	1.65845	-1.03412
999.887	0.15116	-1.31168	1.80861	-1.08909
1003.782	0.18695	-1.34669	1.79765	-1.25521
1007.884	0.25582	-1.41121	1.89278	-1.15738
1011.883	0.22395	-1.40821	1.91095	-1.05454
1015.843	0.28123	-1.53735	1.90648	-1.18252
1019.781	0.35293	-1.59418	1.92121	-1.29469
1023.887	0.36685	-1.60612	1.81686	-1.39649
1027.887	0.38670	-1.65336	1.88992	-1.40668
1031.887	0.42164	-1.60512	2.00267	-1.43304
1035.844	0.43773	-1.63841	2.01070	-1.35724
1039.886	0.43924	-1.65022	1.90403	-1.36854
1043.886	0.46924	-1.67529	1.83370	-1.31074
1047.886	0.43979	-1.66485	1.92228	-1.22600
1051.845	0.36481	-1.60165	1.80600	-1.17278
1055.888	0.35499	-1.63554	1.63926	-1.14584
1059.887	0.43078	-1.63022	1.73956	-1.15311
1063.887	0.34782	-1.44388	1.89508	-1.09296
1067.845	0.33600	-1.37501	1.77335	-1.12166
1071.886	0.28423	-1.30670	1.79762	-1.13177
1075.872	0.25019	-1.35742	1.77476	-1.06641
1079.887	0.26550	-1.31440	1.75438	-1.02714
1083.851	0.24979	-1.29150	1.82616	-0.99805
1087.886	0.27178	-1.26858	1.80511	-1.01214
1091.887	0.22207	-1.33720	1.79934	-1.03469
1095.888	0.26165	-1.36832	1.78976	-1.06107
1099.756	0.39906	-1.35603	1.84485	-1.11158
1103.886	0.33208	-1.31114	1.84361	-1.14537
1107.888	0.36315	-1.40759	1.80035	-1.15707
1111.890	0.34997	-1.44196	1.83722	-1.11757
1115.757	0.37003	-1.48067	1.88457	-1.05478
1119.880	0.38856	-1.46279	1.95492	-1.05352
1123.888	0.40425	-1.45556	1.98655	-1.08374
1127.889	0.41485	-1.47314	1.93403	-1.08625
1131.757	0.43785	-1.46867	1.94233	-1.11418
1135.889	0.45428	-1.42384	1.99278	-1.10697
1139.889	0.50488	-1.40767	2.06121	-1.11159
1143.894	0.47614	-1.42895	2.04505	-1.12627
1147.891	0.43842	-1.45985	2.12902	-1.19157
1151.890	0.42030	-1.50413	2.13185	-1.22259
1155.887	0.42155	-1.49638	2.09356	-1.21418
1159.887	0.39189	-1.48315	2.07388	-1.17143
1163.892	0.32833	-1.51860	2.04121	-1.26245
1167.891	0.30684	-1.48642	2.01754	-1.18381
1171.889	0.33846	-1.53816	2.03075	-1.30684
1175.887	0.30183	-1.55334	2.04270	-1.29660
1179.782	0.28270	-1.55632	2.08818	-1.38107
1183.894	0.24296	-1.57880	2.10726	-1.39974
1187.889	0.22661	-1.62263	2.14089	-1.38021
1191.889	0.28741	-1.63538	2.11239	-1.35412
1195.778	0.29756	-1.63501	2.09549	-1.29078
1199.879	0.27495	-1.64889	2.09779	-1.26345
1203.877	0.31627	-1.66959	2.07328	-1.28948
1207.889	0.36280	-1.65521	2.10349	-1.26347
1211.892	0.40854	-1.66629	2.05229	-1.30047
1215.890	0.36397	-1.68691	2.07710	-1.25634
1219.888	0.35735	-1.69009	2.01466	-1.23018
1223.888	0.35223	-1.72328	2.02138	-1.17715
1227.892	0.35988	-1.71107	1.99387	-1.15153
1231.891	0.34950	-1.70365	2.00968	-1.12709
1235.889	0.35588	-1.69659	2.00358	-1.13243
1239.886	0.28647	-1.70174	1.91977	-1.16833
1243.786	0.27761	-1.66887	1.96417	-1.22614
1247.892	0.27480	-1.63454	1.98165	-1.20714
1251.889	0.26026	-1.66843	1.96102	-1.22816
1255.890	0.22874	-1.68341	2.00487	-1.15849
1259.850	0.25498	-1.63730	2.00460	-1.14961
1263.887	0.31044	-1.65293	2.05940	-1.06658
1267.889	0.31119	-1.61221	2.03095	-1.04910
1271.889	0.30151	-1.62949	2.02386	-1.22652
1275.891	0.30838	-1.60926	2.02837	-1.16364
1279.889	0.26173	-1.58592	2.02683	-1.15617
1283.869	0.30339	-1.60906	1.99077	-1.09632
1287.892	0.30377	-1.66395	1.83833	-1.11315
1291.785	0.31794	-1.69916	1.97523	-0.99064
1295.890	0.39201	-1.75587	1.97706	-0.98332
1299.760	0.37521	-1.77921	1.95113	-1.03088
1303.890	0.40752	-1.78980	1.94196	-1.00732
1307.894	0.32193	-1.76696	1.88452	-1.01297
1311.846	0.28761	-1.77431	1.91831	-1.04217
1315.891	0.28414	-1.79132	1.85009	-1.04805
1319.846	0.32153	-1.74568	1.89868	-1.08357
1323.887	0.28595	-1.75060	1.94027	-1.11202
1327.883	0.32488	-1.75991	1.98217	-1.16089
1331.892	0.32652	-1.75901	2.00135	-1.14656
1335.891	0.30627	-1.72585	1.96296	-1.14584
1339.895	0.31109	-1.74074	1.90520	-1.16673
1343.890	0.31129	-1.71036	1.94290	-1.16762
1347.765	0.28615	-1.68310	1.86412	-1.14568
1351.766	0.33801	-1.68269	1.91018	-1.23246
1355.784	0.34590	-1.70141	1.87215	-1.31406
1359.765	0.37320	-1.68852	1.90091	-1.33625
1363.767	0.31888	-1.70350	1.84057	-1.33821
1367.763	0.42604	-1.77734	1.81270	-1.36415
1371.724	0.42326	-1.78491	1.83707	-1.42561
1375.762	0.44624	-1.77507	1.86047	-1.38548
1379.721	0.46254	-1.75039	1.91952	-1.37772
1383.768	0.43606	-1.71582	1.91886	-1.38727
1387.769	0.41755	-1.70857	1.94233	-1.34801
1391.766	0.41842	-1.69551	1.93482	-1.32474
1395.770	0.40157	-1.62213	1.92431	-1.20534
1399.768	0.37032	-1.55976	1.96950	-1.27355
1403.789	0.29793	-1.50313	1.98816	-1.20314
1407.768	0.35854	-1.53173	2.00571	-1.19364
1411.724	0.32819	-1.50675	2.01206	-1.14548
1415.732	0.35159	-1.52098	1.99268	-1.10801
1419.788	0.31305	-1.52764	1.98279	-1.08826
1423.766	0.30597	-1.60280	1.96134	-1.04855
1427.724	0.31749	-1.61539	1.97233	-1.04648
1431.767	0.33585	-1.65792	1.94585	-1.04091
1435.785	0.33558	-1.65625	1.96442	-1.02725
1439.768	0.30950	-1.68171	1.98214	-1.03503
1443.743	0.33660	-1.69538	1.97785	-1.00127
1447.768	0.35955	-1.77695	1.97215	-1.00425
1451.788	0.36846	-1.77013	1.98053	-0.96480
1455.755	0.36665	-1.77057	1.97495	-0.93185
1459.767	0.34521	-1.76440	1.98338	-0.89103
1463.766	0.36655	-1.75588	2.00274	-0.88690
1467.766	0.36060	-1.70804	2.02544	-0.86750
1471.765	0.33831	-1.64178	2.10389	-0.84682
1475.767	0.31930	-1.61896	2.15294	-0.81599
1479.769	0.27974	-1.58970	2.14240	-0.82841
1483.790	0.29850	-1.56278	2.13551	-0.84867
1487.767	0.28406	-1.60285	2.09427	-0.81363
1491.769	0.25071	-1.54543	1.84890	-0.77008
1495.761	-0.73759	-1.48684	0.23547	-0.75770
1499.786	-1.51050	-1.51497	-0.59320	-0.74395
1503.765	-2.14796	-1.48217	-1.40155	-0.71327
1507.769	-3.10559	-1.44890	-2.37912	-0.72501
1511.766	-3.37870	-1.49288	-2.42720	-0.73434
1515.726	-3.83099	-1.47779	-2.89143	-0.80463
1519.767	-3.98343	-1.48052	-2.67865	-0.92290
1523.767	-3.91398	-1.49194	-2.46644	-0.96910
1527.768	-3.91837	-1.50004	-2.37337	-0.93096
1531.761	-4.09125	-1.46698	-2.47400	-0.94636
1535.767	-4.08083	-1.47836	-2.46199	-0.97054
1539.737	-4.05019	-1.44151	-2.49047	-1.00410
1543.766	-4.07851	-1.43641	-2.51083	-1.00475
1547.791	-4.13557	-1.39350	-2.56810	-1.09293
1551.769	-4.16035	-1.34372	-2.57149	-1.23275
1555.769	-4.18973	-1.33134	-2.61082	-1.32918
1559.765	-4.19612	-1.32843	-2.56874	-1.22546
1563.799	-4.26435	-1.34731	-2.60198	-1.20247
1567.770	-4.29618	-1.34094	-2.54058	-1.11268
1571.767	-4.37216	-1.30068	-2.53132	-1.28668
1575.769	-4.41741	-1.27144	-2.57367	-1.26649
1579.779	-4.35173	-1.16201	-2.55425	-1.33306
1583.767	-4.42370	-1.13975	-2.55876	-1.38235
1587.770	-4.46065	-1.19252	-2.54016	-1.39319
1591.770	-4.37606	-1.24850	-2.52629	-1.35440
1595.786	-4.35580	-1.34358	-2.48475	-1.35442
1599.768	-4.42284	-1.47437	-2.48904	-1.38550
1603.767	-4.31785	-1.33751	-2.47105	-1.40678
1607.767	-4.30502	-1.39786	-2.43060	-1.40305
1611.727	-4.28002	-1.43443	-2.45017	-1.44886
1615.769	-4.25986	-1.38769	-2.48884	-1.45686
1619.771	-4.24250	-1.43207	-2.50018	-1.43139
1623.768	-4.26292	-1.45863	-2.54011	-1.40693
1627.781	-4.26526	-1.55642	-2.48824	-1.41183
1631.725	-4.19395	-1.56696	-2.50598	-1.45768
1635.769	-4.24833	-1.61239	-2.52651	-1.53528
1639.766	-4.24122	-1.61149	-2.53801	-1.53294
1643.790	-4.21535	-1.59800	-2.54975	-1.53047
1647.770	-4.26825	-1.56778	-2.55274	-1.53768
1651.772	-4.27424	-1.52673	-2.57050	-1.48120
1655.770	-4.29433	-1.46335	-2.59240	-1.46825
1659.790	-4.27644	-1.52777	-2.62157	-1.39980
1663.771	-4.31247	-1.52403	-2.60857	-1.41499
1667.773	-4.32970	-1.54495	-2.59683	-1.40943
1671.766	-4.33204	-1.52956	-2.59121	-1.30141
1675.790	-4.29870	-1.49908	-2.57206	-1.22325
1679.768	-4.28883	-1.45516	-2.59678	-1.19412
1683.770	-4.31116	-1.48900	-2.48274	-1.14479
1687.772	-4.32757	-1.42535	-2.54529	-0.99639
1691.789	-4.32313	-1.45406	-2.53860	-0.94738
1695.767	-4.26654	-1.49688	-2.55951	-0.96999
1699.772	-4.29737	-1.53711	-2.54913	-0.97931
1703.764	-4.31923	-1.50696	-2.52565	-1.02712
1707.759	-4.30351	-1.44838	-2.57783	-0.99507
1711.769	-4.32535	-1.41240	-2.52545	-1.03976
1715.770	-4.28821	-1.40343	-2.57895	-1.00008
1719.771	-4.32876	-1.44979	-2.58400	-1.10530
1723.790	-4.28955	-1.48951	-2.56798	-1.07779
1727.769	-4.34438	-1.45451	-2.57080	-1.17196
1731.772	-4.41724	-1.39789	-2.57590	-1.15890
1735.770	-4.36101	-1.41159	-2.55542	-1.26845
1739.788	-4.04777	-1.40961	-2.42654	-1.30589
1743.772	-2.47333	-1.47471	-1.96476	-1.25558
1747.770	-1.54011	-1.59830	0.38978	-1.20319
1751.770	-1.09639	-1.49632	0.45897	-1.29008
1755.769	-0.22792	-1.64738	0.74387	-1.21578
1759.767	-0.32868	-1.64126	1.45507	-1.28983
1763.769	-0.03522	-1.58631	1.51603	-1.32163
1767.726	-0.00228	-1.67567	1.97071	-1.30187
1771.802	-0.16710	-1.83135	1.64818	-1.13625
1775.769	-0.04609	-1.87502	1.72470	-1.14301
1779.769	0.13109	-1.90798	1.71811	-1.17365
1783.772	0.10540	-1.98224	1.71449	-1.14617
1787.763	0.05867	-1.92412	1.58961	-1.17969
1791.767	0.00484	-1.85139	1.66609	-1.23134
1795.770	0.09828	-1.89227	1.71427	-1.18751
1799.771	0.11175	-1.86107	1.73884	-1.19551
1803.798	0.12213	-1.86660	1.72106	-1.18073
1807.771	0.14163	-1.86657	1.71965	-1.14068
1811.772	0.02668	-1.84141	1.70212	-1.10149
1815.770	0.08845	-1.74444	1.72924	-1.14430
1819.794	0.10418	-1.71482	1.74000	-1.16157
1823.773	0.11041	-1.68865	1.76038	-1.17631
1827.775	0.13312	-1.66452	1.84899	-1.21441
1831.761	0.16578	-1.71559	1.92116	-1.28426
1835.764	0.22854	-1.76928	1.91424	-1.24795
1839.771	0.27019	-1.84943	1.88955	-1.17742
1843.771	0.28021	-1.87281	1.85507	-1.19943
1847.774	0.21631	-1.80699	1.84287	-1.17760
1851.763	0.19008	-1.78733	1.87944	-1.17690
1855.770	0.21102	-1.73410	1.84324	-1.23321
1859.772	0.19598	-1.71340	1.80152	-1.20910
1863.772	0.17484	-1.65992	1.87411	-1.18247
1867.777	0.07842	-1.68434	1.88271	-1.08551
1871.750	0.01132	-1.65643	1.82795	-1.05652
1875.771	0.00638	-1.56416	1.84922	-1.02195
1879.727	-0.03822	-1.54132	1.83925	-1.02921
1883.773	-0.07669	-1.57854	1.81981	-1.07892
1887.775	-0.09448	-1.52776	1.82051	-1.13148
1891.770	-0.07480	-1.49610	1.87453	-1.07988
1895.773	-0.08217	-1.52192	1.82609	-1.05005
1899.775	-0.04872	-1.51199	1.78741	-1.06226
1903.773	-0.00174	-1.53787	1.77353	-1.11024
1907.774	0.00682	-1.55311	1.80315	-1.02535
1911.727	0.00127	-1.57328	1.77615	-1.02929
1915.775	0.01149	-1.59386	1.73822	-1.06400
1919.772	0.00174	-1.63870	1.67132	-1.06714
1923.771	0.00278	-1.62815	1.70698	-1.12152
1927.772	0.09820	-1.61395	1.63204	-1.16169
1931.733	0.15536	-1.59291	1.62698	-1.02945
1935.771	0.12712	-1.59589	1.68010	-1.08280
1939.773	0.12992	-1.56925	1.70202	-1.08781
1943.732	0.19730	-1.62385	1.74965	-1.08150
1947.776	0.16236	-1.61486	1.73075	-1.07106
1951.772	0.10838	-1.65434	1.78813	-1.25506
1955.742	0.16953	-1.73642	1.87094	-1.28365
1959.772	0.19668	-1.69118	1.85135	-1.27684
1963.774	0.19085	-1.64157	1.83781	-1.27196
1967.773	0.12709	-1.67532	1.87674	-1.25629
1971.773	0.17216	-1.70705	1.84929	-1.23121
1975.770	0.15752	-1.81658	1.89320	-1.27418
1979.795	0.14374	-1.92664	1.94245	-1.29194
1983.785	0.09729	-1.89823	1.96058	-1.28324
1987.774	0.04363	-1.83818	1.82148	-1.31454
1991.773	-0.01767	-1.88192	1.84285	-1.37336
1995.750	0.09649	-1.91726	1.85802	-1.48504
1999.769	0.11376	-1.91322	1.77444	-1.40757
2003.737	0.12918	-1.92468	1.75074	-1.40205
2007.730	0.15930	-1.88852	1.70127	-1.41909
2011.775	0.06770	-1.94171	1.75446	-1.51699
2015.773	0.10955	-1.96385	1.71746	-1.50171
2019.771	0.16365	-1.96226	1.70440	-1.47037
2023.773	0.21415	-2.04334	1.63459	-1.61853
2027.776	0.15558	-2.05064	1.60261	-1.59969
2031.773	0.23696	-2.06718	1.66301	-1.74870
2035.774	0.25989	-2.07547	1.67722	-1.71459
2039.736	0.19822	-2.11746	1.67387	-1.61242
2043.778	0.39119	-2.08822	1.73948	-1.56727
2047.775	2.03481	-2.05421	1.87384	-1.54040
2051.774	3.51377	-2.17269	3.92351	-1.70660
2055.775	5.05336	-2.25824	4.75526	-1.64420
2059.779	5.48492	-2.55960	5.77426	-1.69697
2063.775	7.09881	-3.41819	7.05604	-1.89110
2067.774	7.70419	-3.97655	7.63023	-2.13559
2071.775	7.38229	-4.10630	8.02509	-2.62513
2075.768	8.10223	-4.15509	8.87290	-2.73395
2079.754	8.70641	-4.22673	9.68035	-3.29102
2083.774	8.69081	-4.35355	9.93321	-3.41556
2087.777	8.98695	-4.40160	10.03265	-3.52681
2091.771	8.98407	-4.39805	10.05452	-3.51597
2095.773	9.04076	-4.66431	10.14477	-3.47865
2099.773	9.13240	-4.61725	10.13609	-3.14991
2103.773	9.05865	-4.60820	10.26163	-3.56154
2107.675	9.14464	-4.61977	10.26542	-3.61298
2111.731	9.18809	-4.67311	10.28851	-3.72604
2115.772	9.16552	-4.72382	10.29303	-3.61345
2119.768	9.21926	-4.71305	10.35584	-3.58417
2123.680	9.23676	-4.82048	10.36660	-3.65798
2127.774	9.28833	-4.80521	10.42286	-3.58323
2131.733	9.34099	-4.78336	10.48783	-3.47314
2135.777	9.30406	-4.83848	10.46462	-3.75288
2139.673	9.34036	-4.78763	10.51935	-3.75069
2143.773	9.21793	-4.74805	10.57738	-3.76518
2147.778	9.25289	-4.75952	10.50923	-3.71728
2151.775	9.25826	-4.74576	10.52993	-3.62010
2155.669	9.29543	-4.74019	10.60932	-3.55005
2159.776	9.35648	-4.77333	10.56747	-3.56479
2163.746	9.27295	-4.79027	10.34931	-3.56001
2167.773	9.19764	-4.73556	10.48500	-3.56063
2171.672	9.28502	-4.71812	10.56397	-3.62287
2175.775	9.19836	-4.72802	10.63072	-3.71509
2179.777	9.22794	-4.68363	10.59596	-3.58913
2183.776	9.18555	-4.77791	10.46995	-3.59848
2187.672	9.18828	-4.76616	10.53332	-3.59863
2191.775	9.27303	-4.74787	10.63118	-3.57427
2195.731	9.23966	-4.80410	10.57968	-3.54767
2199.777	9.18659	-4.72669	10.69494	-3.65266
2203.670	9.19609	-4.71803	10.60188	-3.56804
2207.768	9.21972	-4.74673	10.65635	-3.68888
2211.730	9.20366	-4.75068	10.69915	-3.57467
2215.732	9.05577	-4.74177	10.67536	-3.62114
2219.672	9.15471	-4.86042	10.65508	-3.69325
2223.774	9.17781	-4.78091	10.66996	-3.73411
2227.777	9.16675	-4.82778	10.73171	-3.60711
2231.778	9.13673	-4.83063	10.71463	-3.69736
2235.670	9.08592	-4.82212	10.70893	-3.65495
2239.776	9.07140	-4.80461	10.72973	-3.75506
2243.776	9.12033	-4.74876	10.75447	-3.55814
2247.741	9.05403	-4.78948	10.73341	-3.60512
2251.653	8.98951	-4.66406	10.73471	-3.54648
2255.776	9.14629	-4.74774	10.78683	-3.58226
2259.775	9.16044	-4.74567	10.82287	-3.58986
2263.779	9.18729	-4.64203	10.82543	-3.52367
2267.672	9.10618	-4.60983	10.80568	-3.53122
2271.732	9.11890	-4.64014	10.81954	-3.49473
2275.777	9.11895	-4.67307	10.81425	-3.48431
2279.780	9.12396	-4.70902	10.79341	-3.37304
2283.671	9.03851	-4.62001	10.81667	-3.45778
2287.776	9.00162	-4.80531	10.76880	-3.54912
2291.777	9.03062	-4.64969	10.72685	-3.49671
2295.779	9.00121	-4.71645	10.72584	-3.58780
2299.688	8.95954	-4.69288	10.70284	-3.62086
2303.773	9.01181	-4.76613	10.63873	-3.52042
2307.774	8.94331	-4.74421	10.65328	-3.61376
2311.731	8.96549	-4.79716	10.67974	-3.78663
2315.674	8.86953	-4.73470	10.60814	-3.79187
2319.774	8.87571	-4.71041	10.48392	-3.56318
2323.778	8.91246	-4.67353	10.50054	-3.68041
2327.776	8.97056	-4.69583	10.48200	-3.58829
2331.641	9.04689	-4.66172	10.49198	-3.61264
2335.778	9.00820	-4.73703	10.54097	-3.64657
2339.774	9.08951	-4.74783	10.55843	-3.61084
2343.776	9.13330	-4.74053	10.64413	-3.59991
2347.638	9.17599	-4.72442	10.77011	-3.58643
2351.778	9.16359	-4.70367	10.66829	-3.59308
2355.777	9.05393	-4.62891	10.57407	-3.38951
2359.778	8.85242	-4.61783	10.34381	-3.44688
2363.638	7.92544	-4.45577	7.80711	-3.24596
2367.778	5.64164	-3.44519	6.32674	-1.99978
2371.748	5.11987	-2.92676	4.01621	-1.90001
2375.777	3.75328	-2.11410	3.62660	-1.37090
2379.638	2.90027	-1.72711	2.39569	-0.65723
2383.654	2.02743	-1.18832	1.98732	-0.49424
2387.655	1.48034	-1.28701	1.97141	-0.60490
2391.656	1.48548	-1.04665	1.91417	-0.64008
2395.738	1.21343	-0.96764	1.94573	-0.63982
2399.653	1.16882	-0.86540	2.14012	-0.36157
2403.651	0.92073	-0.90660	2.00227	-0.29607
2407.653	1.01082	-0.86920	2.01873	-0.32500
2411.610	0.81315	-0.83452	2.01028	-0.20158
2415.648	0.77488	-0.83052	2.08359	-0.19146
2419.652	0.75568	-0.73941	2.02371	-0.09668
2423.653	0.60201	-0.69213	2.00237	-0.06052
2427.649	0.63134	-0.64412	2.00333	-0.04803
2431.656	0.54962	-0.66719	2.00527	-0.02220
2435.653	0.46914	-0.72812	2.00195	0.00169
2439.653	0.56600	-0.66734	1.99330	0.04413
2443.673	0.46311	-0.66866	1.97017	0.05138
2447.653	0.39862	-0.69794	1.92168	0.04930
2451.656	0.37673	-0.71868	1.79395	0.06237
2455.656	0.34089	-0.82298	1.85757	0.04530
2459.654	0.36429	-0.82246	1.84528	0.05146
2463.658	0.29185	-0.78194	1.76663	0.05683
2467.655	0.26877	-0.82440	1.67990	0.03726
2471.656	0.28389	-0.86221	1.65969	0.03082
2475.651	0.32243	-0.85213	1.64975	0.04275
2479.653	0.36427	-0.79473	1.73313	0.02519
2483.654	0.30960	-0.76848	1.77452	0.04821
2487.651	0.32667	-0.81655	1.63348	-0.01808
2491.656	0.32799	-0.75367	1.71667	-0.05042
2495.657	0.34357	-0.71789	1.76673	-0.04540
2499.653	0.35752	-0.66673	1.77657	-0.00224
2503.641	0.35931	-0.69093	1.70998	0.00889
2507.651	0.38472	-0.72497	1.69497	-0.01709
2511.654	0.42120	-0.76628	1.70668	0.02148
2515.610	0.41552	-0.79659	1.74176	0.02697
2519.663	0.38797	-0.74835	1.79785	-0.00020
2523.651	0.32124	-0.76915	1.78275	0.10896
2527.653	0.31893	-0.77943	1.71627	0.04754
2531.654	0.34111	-0.78348	1.64608	0.09163
2535.655	0.33010	-0.87066	1.70933	0.11972
2539.653	0.31439	-0.80597	1.79108	0.09781
2543.619	0.27227	-0.82286	1.73621	0.03058
2547.657	0.30838	-0.77494	1.82914	0.00666
2551.655	0.26719	-0.72259	1.91387	0.07721
2555.652	0.32761	-0.67166	1.97808	0.08041
2559.655	0.30344	-0.68410	1.76673	0.05683
2563.653	0.32918	-0.72164	1.75944	0.03167
2567.657	0.43787	-0.73925	1.88926	0.04572
2571.647	0.39325	-0.72519	1.90267	-0.02677
2575.656	0.23046	-0.86654	1.81848	-0.17276
2579.654	0.30913	-1.35701	1.79921	-0.67531
2583.658	0.21087	-1.96037	1.73961	-1.93673
2587.660	0.29826	-1.58346	1.85596	-1.49460
2591.658	0.23812	-1.28256	1.75272	-1.02571
2595.655	0.25207	-1.78124	1.77132	-1.26868
2599.657	0.19807	-1.74257	1.69807	-1.12200
2603.647	0.08041	-1.58961	1.72927	-1.17789
2607.655	0.16447	-1.68098	1.74345	-1.07405
2611.657	0.14198	-2.08826	1.69361	-0.98847
2615.658	0.04246	-1.90168	1.60756	-1.31407
2619.651	0.11282	-1.89711	1.70641	-1.23997
2623.653	0.10523	-1.99555	1.66862	-1.22379
2627.618	0.12133	-2.05496	1.69180	-1.19306
2631.610	0.08267	-2.04702	1.64503	-1.27969
2635.614	0.04490	-1.83205	1.63524	-1.19858
2639.656	0.08247	-1.92578	1.69024	-1.22338
2643.656	0.06306	-2.01066	1.63370	-1.24600
2647.657	0.07200	-1.89830	1.59519	-1.32366
2651.662	0.04105	-2.04784	1.58423	-1.30780
2655.656	0.00752	-1.90466	1.55844	-1.29086
2659.658	0.08619	-1.95375	1.62366	-1.33223
2663.656	0.08019	-1.91208	1.58190	-1.29775
2667.636	0.07602	-1.82857	1.69153	-1.32213
2671.657	0.09808	-1.89485	1.69743	-1.32923
2675.656	0.10957	-1.66889	1.57739	-1.28375
2679.657	0.15759	-1.86454	1.60707	-1.32944
2683.614	0.10912	-1.86444	1.65981	-1.27059
2687.657	0.08306	-1.62889	1.62443	-1.25693
2691.661	0.07349	-1.72652	1.60628	-1.20555
2695.657	0.11391	-1.80623	1.69760	-1.22638
2699.655	0.09376	-1.59269	1.68367	-1.26407
2703.655	0.12409	-1.65424	1.69522	-1.27881
2707.644	0.28677	-1.71652	1.70827	-1.29186
2711.643	0.20810	-1.49336	1.62425	-1.28146
2715.659	0.08478	-1.67448	1.62790	-1.27113
2719.657	0.30327	-1.73878	1.69463	-1.33015
2723.656	0.08825	-1.67964	1.69212	-1.27263
2727.657	0.03296	-1.68704	1.64208	-1.36087
2731.621	0.19313	-1.75225	1.62314	-1.25485
2735.655	0.15437	-1.51599	1.67157	-1.29817
2739.654	0.17424	-1.67907	1.56303	-1.29697
2743.655	0.08771	-1.68694	1.60265	-1.40938
2747.677	0.04487	-1.72401	1.61751	-1.27479
2751.626	0.05440	-1.73019	1.62110	-1.20820
2755.657	0.01119	-1.58877	1.64379	-1.19597
2759.656	0.10674	-1.58768	1.66353	-1.23166
2763.641	0.03867	-1.69831	1.66983	-1.16539
2767.658	0.12334	-1.66879	1.65069	-1.18435
2771.658	0.13198	-1.53635	1.57860	-1.19124
2775.657	0.09009	-1.51477	1.66269	-1.25356
2779.648	0.06721	-1.63292	1.63693	-1.28689
2783.658	0.18435	-1.60388	1.66125	-1.26610
2787.655	0.12602	-1.53481	1.67618	-1.25700
2791.638	-0.05847	-1.59505	1.69800	-1.19256
2795.616	0.23011	-1.58488	1.74256	-1.22861
2799.655	0.30645	-1.62962	1.72942	-1.21657
2803.658	0.23589	-1.62471	1.74762	-1.15829
2807.660	0.13697	-1.60649	1.61446	-1.20902
2811.647	-0.26818	-1.54905	0.01022	-1.13812
2815.658	-2.32481	-1.45706	-1.56037	-0.90730
2819.657	-3.69677	-1.34110	-3.52915	-0.37860
2823.659	-4.97179	-0.97468	-5.53200	-0.47509
2827.659	-6.06689	-0.60940	-6.26625	-0.28376
2831.656	-7.49085	-0.50125	-6.82775	-0.27688
2835.650	-8.22739	-0.08276	-8.37774	-0.26755
2839.655	-10.21351	0.20858	-9.50535	0.09252
2843.648	-11.24051	0.21623	-11.59889	-0.05793
2847.660	-11.22912	0.51341	-12.07524	0.36091
2851.658	-13.17160	0.57878	-12.45918	0.23097
2855.659	-13.19698	0.78595	-13.04886	0.30569
2859.663	-14.48674	1.11490	-13.85131	0.48334
2863.660	-14.99783	1.04582	-14.41645	0.44737
2867.660	-14.97479	1.30991	-14.40486	0.39326
2871.660	-14.84494	1.19063	-13.00028	0.71173
2875.657	-14.78117	1.31711	-12.60115	0.63333
2879.616	-14.59826	1.41718	-12.76890	0.70863
2883.659	-14.81215	1.50731	-13.16466	0.78961
2887.662	-14.96196	1.52731	-13.74172	0.86451
2891.652	-15.01825	1.60015	-13.75673	0.85873
2895.615	-14.84626	1.67096	-13.53097	0.85859
2899.660	-14.85234	1.68310	-13.41669	0.82173
2903.659	-14.94914	1.67224	-13.47024	0.81483
2907.655	-14.87930	1.62897	-13.37063	0.83180
2911.615	-14.98634	1.63977	-13.48779	0.83031
2915.644	-14.91907	1.63642	-13.31163	0.78672
2919.647	-14.81530	1.61452	-13.60826	0.81719
2923.658	-15.01346	1.58975	-13.60573	0.60503
2927.658	-14.97842	1.45582	-13.50253	0.78240
2931.661	-14.91064	1.60892	-13.43599	0.60515
2935.659	-15.06959	1.51579	-13.39605	0.59959
2939.659	-14.83179	1.36540	-13.33377	0.59593
2943.658	-14.99315	1.35708	-13.66299	0.57002
2947.660	-14.91935	1.44946	-13.56948	0.65669
2951.659	-14.88384	1.52527	-13.37009	0.47782
2955.658	-14.98377	1.40658	-13.20879	0.45871
2959.624	-14.98456	1.57497	-13.18475	0.51484
2963.662	-15.16999	1.38076	-13.30103	0.51009
2967.659	-15.06109	1.39240	-13.39621	0.52899
2971.656	-15.00276	1.48741	-13.76436	0.42437
2975.659	-15.08993	1.38807	-13.55832	0.56404
2979.660	-15.17764	1.50464	-13.36171	0.35157
2983.661	-15.21444	1.47040	-13.16066	0.61038
2987.663	-15.18906	1.55333	-13.64195	0.46998
2991.661	-15.16946	1.52325	-13.54333	0.52907
2995.663	-15.20838	1.61216	-13.53057	0.53159
2999.640	-15.15249	1.58701	-13.77460	0.53485
3003.657	-15.13857	1.65643	-13.65929	0.55899
3007.661	-15.10917	1.82340	-13.69999	0.67713
3011.658	-15.14849	1.95259	-13.63791	0.47617
3015.615	-15.08222	1.76325	-13.51027	0.49827
3019.652	-14.91159	1.74535	-13.52843	0.64351
3023.660	-14.98032	1.75767	-13.47320	0.75614
3027.662	-14.91566	1.78946	-13.58125	0.62842
3031.661	-14.94706	1.85959	-13.52142	0.66383
3035.656	-15.05626	1.95447	-13.52841	0.62153
3039.658	-15.12007	2.10856	-13.48765	0.71156
3043.662	-15.09645	2.25261	-13.48017	0.77373
3047.661	-15.10709	2.14400	-13.48425	0.68628
3051.657	-15.30321	1.93641	-13.43230	0.78548
3055.660	-15.32207	1.97348	-13.31055	0.86465
3059.661	-15.32419	1.88027	-13.43439	0.85263
3063.659	-15.31279	2.10477	-13.42603	0.81448
3067.556	-15.30974	1.96967	-13.47014	0.79548
3071.659	-15.46030	1.95186	-13.50865	0.83043
3075.664	-15.46023	2.02243	-13.42019	0.92679
3079.660	-15.38625	2.24681	-13.38421	0.81718
3083.558	-15.50167	1.98290	-13.38524	0.85976
3087.661	-15.37144	1.79061	-13.41570	0.85917
3091.663	-15.32470	1.77476	-13.47780	0.86204
3095.664	-15.29212	1.74529	-13.29859	0.89508
3099.559	-15.09955	1.67049	-13.34225	0.77966
3103.660	-15.22793	1.57846	-13.39471	0.86862
3107.664	-15.29159	1.63080	-13.29497	0.88839
3111.618	-15.23944	1.67042	-13.28627	0.89043
3115.665	-15.22971	1.68858	-13.17569	0.84853
3119.662	-15.08784	1.54410	-13.19663	0.83670
3123.650	-14.52328	1.53324	-12.79050	0.86196
3127.618	-11.00828	1.45396	-10.61001	0.97129
3131.620	-9.36868	1.41904	-8.73877	1.05540
3135.664	-7.43679	1.31893	-7.79700	1.03127
3139.654	-6.84928	1.14704	-6.94797	0.95755
3143.661	-6.33691	0.81782	-5.95643	0.89674
3147.558	-5.75092	0.76677	-4.62513	0.90595
3151.667	-4.74708	0.26155	-4.00149	0.78245
3155.663	-4.37559	0.01504	-3.42495	0.73440
3159.662	-3.19625	-0.12428	-2.76879	0.48358
3163.660	-2.52423	-0.60583	-1.13940	0.41159
3167.627	-1.92520	-0.51313	-0.88828	0.29363
3171.663	-1.90929	-0.77703	-0.74918	-0.00755
3175.662	-1.96100	-0.73598	-0.51902	-0.03933
3179.562	-2.16238	-0.75578	-0.49949	-0.17046
3183.661	-2.28130	-0.56495	-0.60513	-0.30928
3187.664	-2.32553	-0.57690	-0.62287	-0.24850
3191.662	-2.12582	-0.65680	-0.49153	-0.18974
3195.562	-2.04061	-0.72788	-0.27652	-0.25532
3199.663	-2.01114	-0.78974	-0.47217	-0.28277
3203.666	-2.07455	-0.71363	-0.55751	-0.37681
3207.643	-2.06195	-0.72476	-0.55535	-0.26219
3211.552	-2.24869	-0.61099	-0.50932	-0.29336
3215.662	-2.33224	-0.63464	-0.40750	-0.28434
3219.666	-2.35576	-0.59476	-0.27694	-0.28688
3223.662	-2.34010	-0.61949	-0.39834	-0.35431
3227.560	-2.20220	-0.64746	-0.43648	-0.29420
3231.667	-1.98670	-0.65967	-0.43115	-0.20940
3235.663	-2.21405	-0.72484	-0.48634	-0.29674
3239.663	-2.28819	-0.70576	-0.49465	-0.36646
3243.559	-2.23551	-0.57877	-0.48098	-0.33744
3247.660	-2.09536	-0.60574	-0.53423	-0.31748
3251.666	-2.10005	-0.57607	-0.43090	-0.35873
3255.663	-1.96040	-0.59504	-0.49964	-0.42912
3259.570	-2.09534	-0.59340	-0.55560	-0.41115
3263.662	-2.04934	-0.59215	-0.52061	-0.42728
3267.665	-2.10357	-0.48586	-0.52195	-0.37431
3271.661	-2.04931	-0.46258	-0.54086	-0.33013
3275.556	-2.13276	-0.42166	-0.50523	-0.39327
3279.662	-2.04513	-0.39147	-0.46227	-0.41501
3283.665	-2.04765	-0.40192	-0.40241	-0.36987
3287.665	-2.04314	-0.51796	-0.47125	-0.41325
3291.559	-2.05397	-0.57964	-0.44554	-0.34544
3295.668	-2.31696	-0.52946	-0.33516	-0.38028
3299.539	-2.28142	-0.54775	-0.41455	-0.40301
3303.664	-2.23620	-0.63670	-0.36313	-0.40244
3307.558	-2.09574	-0.57543	-0.40301	-0.37267
3311.665	-2.36495	-0.68755	-0.42291	-0.39764
3315.667	-2.24175	-0.75482	-0.39258	-0.39750
3319.665	-1.89511	-0.95479	-0.19631	-0.33677
3323.559	0.11903	-1.15503	0.44120	-0.37044
3327.665	0.34419	-1.14378	1.29479	-0.44406
3331.654	0.59141	-1.35964	1.51715	-0.50698
3335.662	-0.30220	-1.20705	1.66031	-0.53946
3339.554	-0.90463	-1.35195	1.09038	-0.49032
3343.664	-0.11677	-1.15967	1.46296	-0.46402
3347.667	-0.20978	-1.30477	1.52533	-0.46816
3351.664	-0.63625	-1.34744	1.47253	-0.44934
3355.562	0.03045	-1.19284	1.38086	-0.45837
3359.665	-0.06904	-1.40067	1.55450	-0.53804
3363.666	0.00695	-1.38584	1.48431	-0.71098
3367.670	-0.05259	-1.19249	1.52082	-0.57037
3371.563	-0.31151	-1.39595	1.44671	-0.54234
3375.629	-0.00263	-1.11633	1.36161	-0.58268
3379.620	-0.16772	-1.32777	1.37788	-0.48006
3383.665	0.00531	-1.08734	1.49093	-0.55266
3387.561	-0.05993	-1.13469	1.45276	-0.45424
3391.666	-0.01042	-1.26422	1.51995	-0.51962
3395.670	0.04254	-1.19534	1.40348	-0.41530
3399.666	-0.23180	-1.24720	1.46953	-0.50195
3403.559	-0.07512	-1.18056	1.38729	-0.53138
3407.664	-0.10533	-1.22182	1.53860	-0.49197
3411.619	-0.10456	-1.39689	1.52585	-0.54068
3415.643	-0.00541	-1.21171	1.36382	-0.58471
3419.556	-0.14168	-1.32690	1.67744	-0.55232
3423.529	-0.10662	-1.23474	1.35509	-0.61842
3427.496	-0.12694	-1.24296	1.49830	-0.61210
3431.541	-0.16303	-1.33977	1.61887	-0.62145
3435.538	-0.07133	-1.26596	1.45415	-0.65421
3439.541	-0.09719	-1.25110	1.62862	-0.66417
3443.542	-0.14518	-1.32730	1.49604	-0.71157
3447.498	-0.00511	-1.24743	1.52446	-0.71005
3451.499	-0.10528	-1.24584	1.44666	-0.70769
3455.540	-0.12870	-1.26454	1.62869	-0.76937
3459.541	-0.02077	-1.17438	1.40524	-0.81567
3463.540	-0.03261	-1.15940	1.43183	-0.72011
3467.513	-0.14548	-1.22331	1.61967	-0.77404
3471.540	0.00151	-1.13836	1.32500	-0.68393
3475.541	-0.02668	-1.15458	1.39659	-0.85313
3479.540	-0.09669	-1.20498	1.58983	-0.72384
3483.499	-0.00645	-1.09601	1.26922	-0.59119
3487.539	0.09044	-1.13869	1.43079	-0.54339
3491.541	0.00213	-1.26725	1.42526	-0.73263
3495.542	-0.02246	-1.26986	1.35750	-0.53663
3499.501	-0.01152	-1.24234	1.41449	-0.65999
3503.541	-0.12042	-1.25694	1.44579	-0.61147
3507.544	-0.15985	-1.35437	1.49376	-0.70112
3511.497	0.03251	-1.15006	1.32753	-0.77288
3515.509	-0.05117	-1.23287	1.40023	-0.78023
3519.538	-0.16040	-1.23774	1.59928	-0.82735
3523.539	-0.12520	-1.26871	1.55983	-0.82388
3527.541	-0.13754	-1.30490	1.41759	-0.79888
3531.542	-0.02683	-1.30825	1.41090	-0.76612
3535.541	-0.14044	-1.25381	1.44641	-0.81583
3539.542	-0.17831	-1.14417	1.55946	-0.84874
3543.543	-0.02797	-1.21427	1.65602	-0.80614
3547.519	-0.09644	-1.21174	1.39661	-0.75405
3551.499	-0.09314	-1.25071	1.39569	-0.79233
3555.540	-0.11689	-1.36863	1.44398	-0.72992
3559.539	-0.14290	-1.42562	1.56067	-0.66417
3563.513	-0.04981	-1.46479	1.56935	-0.66463
3567.543	-0.07693	-1.48316	1.51911	-0.67024
3571.498	-0.11533	-1.58177	1.51355	-0.70042
3575.542	-0.16824	-1.64605	1.51286	-0.74043
3579.500	-0.10969	-1.65457	1.75954	-0.74128
3583.542	-0.06487	-1.67756	1.70370	-0.77314
3587.518	-0.13962	-1.65536	1.75746	-0.80490
3591.539	-0.14838	-1.71204	1.64283	-0.85601
3595.537	-0.18722	-1.78247	1.72619	-0.87435
3599.541	-0.15089	-1.78726	1.79953	-0.92904
3603.542	-0.13764	-1.73029	1.82705	-1.01901
3607.543	-0.17079	-1.73331	1.87934	-0.99909
3611.500	-0.20643	-1.76896	1.92047	-1.00267
3615.543	-0.18310	-1.80332	1.87408	-1.05727
3619.544	-0.16092	-1.80556	1.84738	-1.04894
3623.539	-0.13332	-1.76882	1.78758	-1.06529
3627.537	-0.07840	-1.74365	1.74727	-1.01898
3631.533	-0.10021	-1.79186	1.73435	-1.01072
3635.543	-0.04874	-1.76458	1.74754	-0.98896
3639.542	-0.01437	-1.69077	1.70760	-1.02193
3643.539	0.00836	-1.63555	1.66996	-1.00842
3647.542	0.05686	-1.64992	1.65475	-0.91613
3651.544	0.09766	-1.68461	1.65079	-0.93324
3655.543	0.17462	-1.70384	1.58708	-0.94660
3659.539	0.18387	-1.69458	1.62363	-0.91624
3663.543	0.19204	-1.65272	1.61952	-0.97038
3667.546	0.17854	-1.71526	1.53555	-0.85382
3671.516	0.09562	-1.79009	1.52159	-0.97228
3675.533	0.14186	-1.74111	1.53126	-0.95204
3679.543	0.16603	-1.70077	1.43714	-1.03979
3683.542	0.18477	-1.76266	1.44282	-0.91339
3687.552	0.20720	-1.78537	1.38689	-0.95774
3691.501	0.17042	-1.78279	1.27730	-0.96876
3695.499	-0.23678	-1.87833	1.16947	-0.95879
3699.532	-0.49919	-1.77516	0.32900	-1.01370
3703.543	-2.26106	-1.95727	-0.74960	-1.16092
3707.538	-2.67952	-2.27525	-2.00601	-1.86710
3711.525	-3.09807	-2.90057	-2.52765	-2.92465
3715.546	-3.52640	-3.61726	-2.58695	-3.49940
3719.544	-3.81432	-3.85948	-2.74408	-3.41542
3723.542	-3.98062	-4.12258	-2.81058	-3.60421
3727.543	-3.93596	-4.20344	-2.80058	-3.96947
3731.545	-3.95471	-4.11188	-2.80637	-3.94828
3735.545	-3.84527	-4.34628	-2.74120	-4.06004
3739.541	-3.94473	-4.38973	-2.74804	-4.01561
3743.544	-3.92173	-4.31894	-2.79176	-3.98163
3747.546	-3.98464	-4.17802	-2.83219	-4.03022
3751.545	-4.02270	-4.22514	-2.83586	-3.90261
3755.501	-4.01258	-4.29890	-2.85945	-4.03773
3759.547	-4.00564	-4.35658	-2.73229	-4.02668
3763.499	-4.00554	-4.29519	-2.60220	-4.11022
3767.542	-4.00719	-4.37057	-2.65798	-4.14942
3771.541	-4.00057	-4.35309	-2.71473	-4.02709
3775.546	-4.00472	-4.25373	-2.76200	-4.07417
3779.547	-4.06940	-4.28440	-2.70926	-4.09504
3783.544	-4.10599	-4.26700	-2.70728	-4.16212
3787.541	-4.18275	-4.31758	-2.67504	-4.11166
3791.544	-4.12868	-4.33478	-2.61119	-4.07867
3795.524	-4.26032	-4.31981	-2.55304	-4.07832
3799.544	-4.13280	-4.39426	-2.56250	-4.12956
3803.541	-4.19087	-4.33552	-2.63168	-4.12536
3807.543	-4.30253	-4.38560	-2.65966	-4.04490
3811.500	-4.23021	-4.32353	-2.60389	-3.91049
3815.544	-4.16613	-4.33743	-2.58752	-4.03177
3819.503	-4.18289	-4.34037	-2.54437	-4.00291
3823.544	-4.29892	-4.41698	-2.56971	-3.93849
3827.544	-4.21846	-4.40349	-2.59510	-3.83429
3831.546	-4.09202	-4.40900	-2.70446	-3.86306
3835.537	-4.04068	-4.43927	-2.70305	-3.84577
3839.534	-4.19785	-4.54874	-2.73187	-3.86749
3843.545	-4.10648	-4.45354	-2.68113	-3.75591
3847.547	-4.15445	-4.51699	-2.56604	-3.76278
3851.541	-4.16201	-4.47069	-2.63272	-3.79454
3855.546	-4.06700	-4.52579	-2.66454	-3.81278
3859.547	-4.11401	-4.55695	-2.69170	-3.75407
3863.545	-4.20886	-4.60408	-2.73932	-3.79801
3867.540	-4.06508	-4.53504	-2.65434	-3.72131
3871.546	-4.12772	-4.51427	-2.64005	-3.84609
3875.547	-4.08547	-4.49236	-2.61043	-3.76858
3879.501	-4.29068	-4.49296	-2.64398	-3.77757
3883.514	-4.09458	-4.37617	-2.63754	-3.71926
3887.547	-4.25645	-4.45969	-2.64668	-3.80322
3891.555	-4.15742	-4.42000	-2.65674	-3.83143
3895.546	-4.08239	-4.47676	-2.59237	-3.84843
3899.544	-4.05851	-4.54480	-2.55430	-3.78137
3903.546	-3.76875	-4.43345	-2.59661	-3.84298
3907.543	-3.82415	-4.45146	-2.55534	-3.82460
3911.500	-4.01776	-4.46255	-2.52317	-3.84231
3915.538	-4.17134	-4.51924	-2.51908	-3.83953
3919.530	-4.10108	-4.53996	-2.52483	-3.87834
3923.542	-4.15638	-4.60153	-2.49359	-3.87947
3927.545	-4.47755	-4.66383	-2.44769	-3.92117
3931.505	-4.47171	-4.59822	-2.52986	-3.88687
3935.545	-3.91553	-4.50696	-2.65741	-3.86573
3939.545	-4.31578	-4.50783	-2.65258	-3.86690
3943.547	-4.33436	-4.50942	-2.73897	-3.85163
3947.544	-4.36496	-4.50170	-2.63460	-3.87914
3951.543	-4.46302	-4.47009	-2.57811	-3.89029
3955.550	-4.22412	-4.45290	-2.52064	-3.85594
3959.505	-3.78499	-4.37106	-2.37649	-3.81772
3963.505	-2.35625	-4.07111	-1.95492	-3.58124
3967.546	-1.07326	-2.85657	-0.54940	-1.26265
3971.545	-0.31990	-1.98030	1.32453	-0.93392
3975.547	2.68581	-2.20713	1.33931	-0.58581
3979.532	-0.01201	-1.70673	1.53587	0.79158
3983.547	0.45822	-2.22693	1.61575	-0.10693
3987.548	-0.85424	-1.56548	1.64883	-0.06900
3991.546	0.10441	-2.34693	1.78778	-0.28406
3995.505	0.13593	-1.91026	1.82926	-0.40006
3999.549	0.25818	-1.49576	1.80581	-0.40461
4003.546	0.25579	-1.56057	1.88665	0.26763
4007.546	0.42236	-1.58349	2.01890	-0.08041
4011.542	0.48686	-1.54387	2.09888	-0.04073
4015.500	0.54575	-1.46301	2.04639	0.03338
4019.547	0.50724	-1.49430	2.08570	-0.02386
4023.547	0.56275	-1.49451	2.20233	-0.03442
4027.548	0.60263	-1.41844	2.21777	-0.07653
4031.546	0.57391	-1.52187	2.22817	-0.04281
4035.547	0.53575	-1.51232	2.28797	-0.00822
4039.546	0.52493	-1.54232	2.29153	0.11119
4043.506	0.57806	-1.63663	2.29622	0.08690
4047.537	0.54285	-1.48809	2.30239	0.07424
4051.547	0.49912	-1.51670	2.26019	0.09418
4055.548	0.54091	-1.43748	2.23194	0.09778
4059.507	0.50252	-1.26298	2.16275	0.05984
4063.547	0.41852	-1.12880	2.12072	0.01269
4067.548	-0.03819	-1.14082	2.06746	-0.03839
4071.548	-0.25237	-1.23405	2.13765	-0.04524
4075.506	-0.13464	-1.01331	2.23434	-0.03533
4079.546	0.42286	-0.79617	2.18429	-0.12624
4083.549	0.82451	-0.89806	2.23987	0.06384
4087.518	0.60248	-0.78305	2.25305	0.09592
4091.519	1.13102	-0.87013	2.12860	0.06138
4095.547	1.18847	-0.94882	2.04242	0.05982
4099.508	0.96145	-0.93836	2.19628	0.01343
4103.549	0.83071	-0.71959	2.35172	0.01582
4107.505	1.00695	-0.86147	2.31891	0.16745
4111.503	1.09274	-1.10704	2.31857	0.07302
4115.548	1.02330	-1.20690	2.34577	0.10388
4119.547	0.86376	-0.98268	2.33494	0.09343
4123.526	0.93557	-1.18302	2.32397	0.12248
4127.529	1.04895	-1.47028	2.17437	0.08959
4131.547	1.42290	-4.95100	2.24250	0.09406
4135.549	1.76812	-5.06153	2.35853	0.05599
4139.507	0.78756	-1.55212	2.27585	-0.07583
4143.550	0.80667	-1.17710	2.31321	-0.17589
4147.550	0.68288	-1.49644	2.28692	-0.45315
4151.549	0.92031	-1.46336	2.08114	-0.17346
4155.529	0.68144	-1.78332	2.06706	-0.38662
4159.549	0.46495	-1.99623	2.11720	-0.41772
4163.547	0.34687	-1.98340	2.13589	-0.39723
4167.550	0.44197	-1.99896	2.27089	-0.43558
4171.544	0.33841	-1.86012	2.43659	-0.51149
4175.549	0.42388	-2.06198	2.22220	-0.63906
4179.547	0.37432	-1.79942	2.10414	-0.67072
4183.549	0.27778	-1.86825	2.05313	-0.73314
4187.507	1.81329	-2.27444	2.01548	-0.78795
4191.548	1.63556	-2.56423	1.85219	-0.77668
4195.549	2.14677	-2.88888	1.88120	-0.84013
4199.551	2.47014	-3.15488	1.80184	-0.87717
4203.419	2.59668	-3.32942	1.87733	-0.90869
4207.550	1.24746	-2.38822	1.82113	-0.95644
4211.527	0.46143	-2.20269	1.86065	-1.02222
4215.549	0.49584	-2.32263	1.83142	-1.02482
4219.417	0.70141	-2.55256	1.82234	-1.03282
4223.548	0.61307	-2.46298	1.90120	-1.05464
4227.548	0.51485	-2.64792	1.83982	-1.06891
4231.548	0.42671	-2.44294	1.83885	-1.01024
4235.416	0.19683	-2.40596	1.86789	-0.99686
4239.549	0.13843	-2.44902	1.93033	-0.97987
4243.549	0.32618	-2.40092	1.91067	-1.02353
4247.551	0.44797	-2.39436	1.90019	-0.99625
4251.418	0.35677	-2.31846	1.89942	-1.07058
4255.507	0.16876	-2.26498	1.84114	-1.05329
4259.506	0.26977	-2.33138	1.82321	-0.88160
4263.549	0.22351	-2.33843	1.89922	-0.84469
4267.418	0.12225	-2.20983	1.91362	-0.83962
4271.548	0.24463	-2.16113	1.89662	-0.93098
4275.551	0.19591	-2.28430	1.86417	-0.91796
4279.550	0.21145	-2.08257	1.88477	-0.90747
4283.413	0.27255	-2.18217	1.90530	-0.86972
4287.548	0.33896	-2.20364	1.72855	-0.59249
4291.550	0.31143	-1.99723	1.98209	-0.86772
4295.521	0.29967	-2.03667	1.80253	-0.78653
4299.557	0.33816	-2.25937	2.00130	-0.84365
4303.551	0.28550	-2.15554	2.01754	-0.79018
4307.550	0.23217	-2.18783	2.00031	-0.85723
4311.551	0.35645	-2.19183	2.06862	-0.86325
4315.410	0.31957	-2.23707	1.85678	-0.84367
4319.547	0.29520	-2.11420	1.99915	-0.96556
4323.549	0.33275	-2.20148	1.95770	-0.84975
4327.550	0.40013	-2.20219	2.00839	-0.64178
4331.509	0.32022	-2.10221	2.11155	-0.81067
4335.531	0.31603	-2.02086	2.02547	-0.73394
4339.550	0.35643	-2.09547	2.22143	-0.87238
4343.550	0.36948	-2.10579	2.09566	-0.73838
4347.410	0.41378	-2.02994	1.82219	-0.73748
4351.550	0.45736	-1.94870	1.90698	-0.78929
4355.551	0.39914	-1.92620	1.93527	-0.76579
4359.551	0.43301	-1.94156	1.83050	-0.80097
4363.412	0.47306	-1.95885	1.93316	-0.72778
4367.551	0.45420	-1.96124	1.95416	-0.77122
4371.552	0.41177	-1.94387	1.96025	-0.78386
4375.551	0.46430	-1.97915	1.80558	-0.81350
4379.511	0.41549	-2.03997	1.64821	-0.87677
4383.551	0.36777	-2.06252	1.71087	-0.92211
4387.555	0.32873	-2.07424	1.72629	-1.05693
4391.552	0.24512	-2.11835	1.78562	-1.08736
4395.510	0.30156	-2.18973	1.84785	-1.07402
4399.551	0.37727	-2.17343	1.89538	-1.04923
4403.555	0.33824	-2.12461	1.95507	-1.04257
4407.553	0.28999	-2.12063	2.02703	-1.09438
4411.410	0.32501	-2.17221	2.04061	-0.96367
4415.552	0.32253	-2.12528	1.98507	-0.91087
4419.528	0.42557	-2.08258	2.01498	-0.12817
4423.550	0.92341	-1.93226	2.15812	-0.22050
4427.452	-0.34320	-1.91046	0.98117	-0.73005
4431.553	0.53227	-1.70221	1.81562	-1.34933
4435.551	11.76730	1.95131	5.59568	-1.82866
4439.550	NaN	NaN	17.50178	4.16108
4443.557	NaN	NaN	NaN	NaN
4447.550	NaN	NaN	NaN	NaN
4451.554	NaN	NaN	NaN	NaN
4455.556	NaN	NaN	NaN	NaN
4459.425	NaN	NaN	NaN	NaN
4463.512	NaN	NaN	NaN	NaN
4467.392	NaN	NaN	NaN	NaN
4471.426	NaN	NaN	NaN	NaN
4475.423	NaN	NaN	NaN	NaN
4479.381	NaN	NaN	NaN	NaN
4483.426	NaN	NaN	NaN	NaN
4487.426	NaN	NaN	NaN	NaN
4491.427	NaN	NaN	NaN	NaN
4495.383	NaN	NaN	NaN	NaN
4499.426	NaN	NaN	NaN	NaN
4503.426	NaN	NaN	NaN	NaN
4507.427	NaN	NaN	NaN	NaN
4511.428	NaN	NaN	NaN	NaN
4515.381	NaN	NaN	NaN	NaN
4519.383	NaN	NaN	NaN	NaN
4523.383	NaN	NaN	NaN	NaN
4527.385	NaN	NaN	NaN	NaN
4531.426	NaN	NaN	NaN	NaN
4535.430	NaN	NaN	NaN	NaN
4539.428	-2.61984	10.49553	16.81137	6.10576
4543.428	16.40375	2.92594	17.48990	3.79138
4547.426	12.45341	-1.39476	16.69331	-0.42400
4551.423	16.14533	1.75140	17.01521	-0.51834
4555.429	13.14823	-1.10251	15.84176	-1.60877
4559.429	15.90740	-0.73115	15.93355	-0.62140
4563.414	16.02444	-0.57725	16.49583	-0.88953
4567.427	14.54967	-0.72677	15.71434	-2.47286
4571.431	15.09610	-0.22235	15.77322	-2.76984
4575.440	16.09277	-0.64912	15.72458	-3.18812
4579.387	14.55056	-0.77075	15.42814	-2.98578
4583.431	5.09101	-4.15729	15.03890	-3.54074
4587.428	5.10014	-4.19418	15.10159	-3.42614
4591.429	11.73654	-4.12985	12.80261	-3.36589
4595.414	12.08670	-4.05434	11.77042	-3.36910
4599.429	10.66630	-3.94099	11.20113	-3.19161
4603.430	10.06925	-4.07857	11.01385	-3.16080
4607.429	9.74465	-4.09327	10.94028	-3.31456
4611.387	10.55721	-4.07476	10.98265	-3.37304
4615.430	9.67225	-4.07509	10.97750	-3.34798
4619.425	8.87438	-4.05495	10.48029	-3.53304
4623.427	8.02046	-3.97669	10.22224	-3.47842
4627.425	8.65089	-4.00617	10.31150	-3.28278
4631.384	8.35034	-4.06226	10.29748	-3.18198
4635.420	8.88566	-4.13201	10.38418	-3.22204
4639.431	8.80825	-4.14814	10.25523	-3.25796
4643.393	8.51013	-4.21217	10.36411	-3.17533
4647.436	8.28991	-4.24023	9.98771	-3.20403
4651.431	8.30459	-4.16340	10.17740	-3.20034
4655.430	8.37757	-4.19745	10.07281	-3.08903
4659.420	8.46072	-4.22077	9.82739	-3.08571
4663.387	8.41973	-4.25180	9.85989	-3.02360
4667.429	8.47056	-4.25596	9.96253	-3.04181
4671.431	8.46505	-4.28975	9.77597	-3.07491
4675.419	8.53348	-4.23652	9.76213	-3.10422
4679.434	8.45378	-4.18078	9.72503	-3.05755
4683.428	8.50272	-4.09901	9.68001	-2.98434
4687.429	8.64325	-4.03974	9.66513	-2.99072
4691.425	8.61419	-4.09649	9.67386	-3.02863
4695.428	8.65230	-4.05961	9.66641	-3.00258
4699.429	8.72229	-4.01939	9.62174	-3.11541
4703.431	8.51559	-4.12811	9.66168	-3.09042
4707.424	8.48641	-4.11244	9.67094	-3.11017
4711.429	8.52401	-4.03357	9.68199	-3.11028
4715.411	8.35172	-4.06032	9.75994	-3.12006
4719.431	8.32706	-4.03581	9.86276	-3.06004
4723.388	8.36800	-4.05995	9.89152	-3.08755
4727.430	8.26113	-4.15446	9.94310	-3.10476
4731.433	8.19382	-4.17036	9.97127	-3.10791
4735.432	8.18422	-4.16476	10.06528	-3.09474
4739.389	8.15217	-4.19081	10.08926	-3.09305
4743.431	8.16326	-4.23715	10.15456	-3.03723
4747.432	8.18067	-4.18080	10.11596	-2.98700
4751.429	8.13784	-4.12915	10.14408	-2.94292
4755.392	8.16929	-4.13807	10.17430	-2.91778
4759.388	8.24086	-4.12260	10.07490	-2.92698
4763.433	8.31528	-4.11994	9.99758	-2.96629
4767.431	8.36606	-4.08094	10.00100	-3.01515
4771.429	8.49277	-4.06491	9.91657	-3.10301
4775.436	8.61378	-4.01495	9.93282	-3.25029
4779.432	8.56969	-3.90341	9.80359	-3.04259
4783.431	8.40684	-3.94824	9.69465	-2.99300
4787.427	8.32541	-3.94770	9.67029	-3.03245
4791.433	8.41743	-3.95249	9.69916	-3.03436
4795.431	8.39027	-3.93153	9.65541	-3.09702
4799.408	8.42148	-3.87044	9.59216	-3.04571
4803.395	8.45067	-3.82970	9.61884	-3.06660
4807.433	8.46456	-3.81892	9.64545	-3.08204
4811.386	8.57219	-3.84642	9.64494	-3.05723
4815.431	8.61720	-3.87333	9.65220	-3.00073
4819.429	8.30483	-3.83933	9.59139	-2.89700
4823.432	8.30709	-3.89693	9.60434	-2.92514
4827.430	8.34616	-3.91347	9.63235	-2.94237
4831.434	8.22436	-3.81908	9.58941	-2.95664
4835.425	8.15338	-3.80002	9.59636	-3.03768
4839.433	8.10953	-3.88106	9.54532	-2.96876
4843.419	8.22584	-3.85942	9.57049	-2.87687
4847.434	8.23556	-3.85496	9.60521	-2.89673
4851.422	8.19122	-3.87547	9.60229	-2.92056
4855.432	8.08226	-3.84723	9.41429	-2.77656
4859.431	7.74169	-3.74518	8.79594	-2.51076
4863.435	6.93971	-3.69604	5.67664	-1.38325
4867.427	4.03902	-2.45424	4.65106	-0.64860
4871.434	2.87336	-1.75472	2.87977	-0.17772
4875.432	2.22971	-1.55648	1.89560	0.22469
4879.389	1.79956	-1.08571	1.79358	-0.17187
4883.434	0.22326	-1.34185	1.49178	-0.25511
4887.433	0.16328	-1.21886	1.61823	-0.23128
4891.432	0.20924	-1.06871	1.62175	-0.33403
4895.433	0.73342	-0.85485	1.63779	-0.54811
4899.429	1.04605	-1.06387	1.74444	-0.16137
4903.431	0.40648	-0.94227	1.80144	-0.46563
4907.434	0.44882	-0.94207	1.64548	-0.22767
4911.387	0.50470	-0.89642	1.67415	-0.27250
4915.430	0.29056	-0.80589	1.60394	-0.03723
4919.432	0.37635	-0.91656	1.41306	-0.22452
4923.414	0.22857	-0.80866	1.56771	-0.39676
4927.433	0.35955	-0.82181	1.55331	-0.21183
4931.391	0.43931	-0.70663	1.62058	-0.17748
4935.433	0.28416	-0.68659	1.62063	-0.26759
4939.433	0.41115	-0.78509	1.63026	-0.16729
4943.436	0.25589	-0.72294	1.59616	-0.14742
4947.393	0.33203	-0.82852	1.49927	-0.02395
4951.390	0.24435	-0.71310	1.57835	-0.11396
4955.433	0.24564	-0.78244	1.55278	-0.15803
4959.435	0.24351	-0.86950	1.53528	-0.25198
4963.421	0.26877	-0.73996	1.57322	-0.21529
4967.437	0.22961	-0.78485	1.59517	-0.18572
4971.433	0.27781	-0.83449	1.63650	-0.21361
4975.430	0.27344	-0.89640	1.55090	-0.21993
4979.426	0.20293	-0.78389	1.51660	-0.26472
4983.436	0.19827	-0.78473	1.56236	-0.31966
4987.434	0.38109	-0.84193	1.46784	-0.36955
4991.434	0.37256	-0.75702	1.44577	-0.40481
4995.430	0.30379	-0.64674	1.47940	-0.41886
4999.434	0.42596	-0.69565	1.50822	-0.39051
5003.432	0.53071	-0.74972	1.63402	-0.34407
5007.389	0.52255	-0.85049	1.38877	-0.30647
5011.430	0.26178	-0.61101	1.49917	-0.25938
5015.435	0.32312	-0.65995	1.60885	-0.30691
5019.432	0.32471	-0.74413	1.60375	-0.37979
5023.435	0.36313	-0.87736	1.61585	-0.29283
5027.431	0.55434	-0.91346	1.62728	-0.37238
5031.436	0.47170	-0.87315	1.62098	-0.39608
5035.433	0.30709	-0.90944	1.67149	-0.40817
5039.434	0.12612	-0.82911	1.64667	-0.30057
5043.432	0.18688	-0.84339	1.54763	-0.24020
5047.422	0.23554	-0.88977	1.56151	-0.24338
5051.391	0.08885	-0.93442	1.63712	-0.32509
5055.434	0.24482	-0.91590	1.61476	-0.30361
5059.426	0.40412	-0.90702	1.54579	-0.26633
5063.433	0.29595	-0.95806	1.50837	-0.33514
5067.434	0.32992	-0.91547	1.48213	-0.32323
5071.391	0.25418	-0.89849	1.49433	-0.33686
5075.432	0.19375	-0.92962	1.49515	-0.27516
5079.437	0.41078	-0.90391	1.52913	-0.27754
5083.435	0.34350	-0.97057	1.54619	-0.31100
5087.434	0.34576	-0.99546	1.53622	-0.36264
5091.430	0.29781	-1.02068	1.53257	-0.37518
5095.437	0.25488	-1.00496	1.59779	-0.37688
5099.435	0.24381	-0.94614	1.65954	-0.36902
5103.433	0.23420	-0.78565	1.81580	-0.35730
5107.426	0.09453	-0.75761	1.69309	-0.34500
5111.389	0.09793	-0.75457	1.75545	-0.39652
5115.434	0.18082	-0.93720	1.70479	-0.42100
5119.435	0.30806	-0.93341	1.64466	-0.39573
5123.433	0.40013	-0.90426	1.69034	-0.28691
5127.436	0.31300	-0.89237	1.49267	-0.14028
5131.390	0.30798	-0.83026	1.63142	-0.20147
5135.432	0.24686	-0.76702	1.55363	-0.33665
5139.433	0.28317	-0.72746	1.44584	-0.54984
5143.435	0.26078	-0.61869	1.44842	-0.48362
5147.437	0.18402	-0.73251	1.45212	-0.24717
5151.437	0.23860	-0.65941	1.47248	-0.10669
5155.332	0.03623	-0.79048	1.48949	-0.40217
5159.434	0.13709	-0.71959	1.40807	-0.37222
5163.435	0.20355	-0.68587	1.47737	-0.62887
5167.437	0.21723	-0.65226	1.53798	-0.80899
5171.333	0.24612	-0.74764	1.60677	-0.67545
5175.428	0.16891	-0.82108	1.53292	-0.97968
5179.437	0.15196	-0.81206	1.60990	-0.91217
5183.436	0.22542	-0.76426	1.73527	-0.94164
5187.432	0.24068	-0.89138	1.83895	-0.88723
5191.435	0.17285	-0.91109	1.89679	-0.88221
5195.435	0.22611	-0.93886	1.96967	-0.93814
5199.438	0.29200	-0.95473	2.02344	-0.95494
5203.432	0.32265	-0.99256	2.08131	-0.93678
5207.437	0.30257	-0.98337	2.08949	-0.92926
5211.437	0.30610	-1.02977	2.13680	-0.89251
5215.413	0.28997	-1.04279	2.14942	-0.84662
5219.321	0.29503	-1.05290	2.14030	-0.81073
5223.392	0.33600	-1.07220	2.02368	-0.83808
5227.435	0.37273	-1.12192	2.01890	-0.82115
5231.437	0.41703	-1.14536	2.02574	-0.83125
5235.440	0.49959	-1.18546	1.94275	-0.85868
5239.436	0.58171	-1.21217	2.00336	-0.94112
5243.434	0.65771	-1.24062	1.97684	-0.94697
5247.439	0.77957	-1.24334	1.96561	-0.95247
5251.332	0.81568	-1.26474	1.99577	-0.90066
5255.424	0.89726	-1.27636	1.99781	-0.94160
5259.431	1.00677	-1.27805	2.01094	-0.93340
5263.437	1.04736	-1.27121	2.02111	-0.93180
5267.331	1.13370	-1.28183	2.06203	-0.94747
5271.437	1.16458	-1.28281	2.08082	-0.87921
5275.437	1.16902	-1.25127	2.06902	-0.84103
5279.438	1.14667	-1.24750	2.03923	-0.80202
5283.333	1.12176	-1.26904	1.91563	-0.75857
5287.437	1.16019	-1.26515	1.86402	-0.74643
5291.436	0.96936	-1.29977	1.82567	-0.75548
5295.440	0.76977	-1.37248	1.81381	-0.81091
5299.340	0.79394	-1.41089	1.83913	-0.88967
5303.441	0.77290	-1.41482	1.89506	-0.91489
5307.440	0.64042	-1.43115	1.91754	-0.88434
5311.393	0.60116	-1.41720	1.88707	-0.88172
5315.298	0.57654	-1.42300	1.88725	-0.82660
5319.392	0.61285	-1.41330	1.96271	-0.88930
5323.436	0.59312	-1.38015	1.98930	-0.90563
5327.437	0.52193	-1.35263	2.01652	-0.87748
5331.299	0.53870	-1.31818	2.07274	-0.86154
5335.438	0.52905	-1.29255	2.09896	-0.86609
5339.418	0.55208	-1.26520	2.11373	-0.83800
5343.437	0.56148	-1.27571	2.14897	-0.74111
5347.396	0.53451	-1.26064	2.15380	-0.70920
5351.437	0.54235	-1.28252	2.13705	-0.68761
5355.437	0.51741	-1.37215	2.16178	-0.68738
5359.438	0.45485	-1.36638	2.19526	-0.73103
5363.396	0.42286	-1.34676	2.17276	-0.73020
5367.437	0.43500	-1.33623	2.06406	-0.74296
5371.438	0.43222	-1.29250	2.05236	-0.80325
5375.437	0.41450	-1.28408	2.01018	-0.77854
5379.396	0.41926	-1.21806	2.10087	-0.70680
5383.435	0.39822	-1.24151	2.22716	-0.67528
5387.442	0.38149	-1.25398	2.28222	-0.71860
5391.439	0.38673	-1.27172	2.32062	-0.66796
5395.301	0.42869	-1.29965	2.41673	-0.63046
5399.439	0.43539	-1.32252	2.26943	-0.54440
5403.439	0.45229	-1.34229	2.13227	-0.52384
5407.444	0.46254	-1.25956	2.10503	-0.54207
5411.296	0.46123	-1.23723	2.10067	-0.53108
5415.440	0.48058	-1.19411	2.04746	-0.55963
5419.440	0.50743	-1.21095	2.21122	-0.52895
5423.406	0.47138	-1.23008	2.30625	-0.56025
5427.311	0.38477	-1.24171	2.38008	-0.52936
5431.441	0.34712	-1.20270	2.43154	-0.48649
5435.438	0.29151	-1.18981	2.42188	-0.52076
5439.438	0.24348	-1.21597	2.23107	-0.51700
5443.334	0.21122	-1.14839	2.19883	-0.58728
5447.396	0.34139	-1.11231	2.12560	-0.63888
5451.425	0.23115	-1.12941	2.08059	-0.64999
5455.438	0.20522	-1.10929	2.17460	-0.54731
5459.336	0.16640	-1.12410	2.01647	-0.54389
5463.427	0.09974	-1.13662	1.96189	-0.50639
5467.440	0.13933	-1.11859	1.82081	-0.50554
5471.438	0.13980	-1.10495	1.80563	-0.50790
5475.334	0.16993	-1.10614	1.74090	-0.54765
5479.438	0.22423	-1.08560	1.77687	-0.55442
5483.441	0.29337	-1.09563	1.72351	-0.58161
5487.440	0.28538	-1.14344	1.69416	-0.57993
5491.333	0.33620	-1.16271	1.66824	-0.52947
5495.440	0.42869	-1.17539	1.70080	-0.51078
5499.440	0.48177	-1.18956	1.67938	-0.53893
5503.313	0.52193	-1.18156	1.68533	-0.54499
5507.314	0.53652	-1.16621	1.70055	-0.54854
5511.296	0.41298	-1.17673	1.72892	-0.54609
5515.271	0.42236	-1.18073	1.75495	-0.52279
5519.315	0.47629	-1.26199	1.74739	-0.51358
5523.318	0.61578	-1.28672	1.76195	-0.52075
5527.314	0.53530	-1.26623	1.80908	-0.55824
5531.315	0.37561	-1.24879	1.84894	-0.56900
5535.317	0.32913	-1.22133	1.82552	-0.58528
5539.313	0.35169	-1.20791	1.86072	-0.59796
5543.315	0.46388	-1.22076	1.82805	-0.60825
5547.313	0.36846	-1.19477	1.84550	-0.58065
5551.304	0.13813	-1.21064	1.82155	-0.57083
5555.312	0.43574	-1.29945	1.88192	-0.57806
5559.316	0.34270	-1.30538	1.86137	-0.61355
5563.314	0.41075	-1.18583	1.85078	-0.64137
5567.315	0.41891	-1.27688	1.84612	-0.59230
5571.306	0.20380	-1.30845	1.80013	-0.60369
5575.316	0.32213	-1.27952	1.76234	-0.83992
5579.316	0.30796	-1.38219	1.77472	-0.70579
5583.316	0.37563	-1.28794	1.76249	-0.69117
5587.309	0.34506	-1.40829	1.82152	-0.68176
5591.314	0.28312	-1.37149	1.80310	-0.64506
5595.289	0.40348	-1.47967	1.80117	-0.63302
5599.319	0.27108	-1.34813	1.85876	-0.68882
5603.308	0.39499	-1.32886	1.93073	-0.46301
5607.316	0.31987	-1.38396	1.86925	-0.55410
5611.318	0.27580	-1.43351	1.92208	-0.79497
5615.319	0.30501	-1.40753	1.81166	-0.74042
5619.313	0.32441	-1.41324	1.92292	-0.73863
5623.316	0.32337	-1.38433	1.81205	-0.67516
5627.316	0.35189	-1.32537	1.84116	-0.70561
5631.271	0.48473	-1.33009	1.88583	-0.62698
5635.305	0.30066	-1.40273	1.84086	-0.52892
5639.311	0.31625	-1.52165	1.88125	-0.64446
5643.316	0.27153	-1.43654	1.83970	-0.69541
5647.312	0.30121	-1.52782	1.77995	-0.77897
5651.274	0.33700	-1.52314	1.72726	-0.82250
5655.315	0.24778	-1.47682	1.63737	-0.72568
5659.317	0.20447	-1.49694	1.73254	-0.86580
5663.316	0.23443	-1.51300	1.60737	-0.83670
5667.300	0.18199	-1.49766	1.74613	-0.75616
5671.316	0.26684	-1.58374	1.80008	-0.81402
5675.316	0.17526	-1.53895	1.72463	-0.81219
5679.281	0.19775	-1.50910	1.73271	-0.82466
5683.288	0.23247	-1.52082	1.75309	-0.86602
5687.318	0.16906	-1.50665	1.68664	-0.81226
5691.317	0.20626	-1.49209	1.80038	-0.78167
5695.316	0.23711	-1.50880	1.85651	-0.75862
5699.275	0.12741	-1.50757	1.87004	-0.78146
5703.316	0.22353	-1.46234	1.84691	-0.75552
5707.316	0.27078	-1.51965	1.88737	-0.75633
5711.319	0.17338	-1.49431	1.83020	-0.72476
5715.277	0.15819	-1.42403	1.85234	-0.73119
5719.293	0.29357	-1.51997	1.86365	-0.74280
5723.316	0.25393	-1.48779	1.81191	-0.77342
5727.315	0.18345	-1.47441	1.73532	-0.77800
5731.276	0.29371	-1.47127	1.81766	-0.90582
5735.329	0.28612	-1.47137	1.74871	-0.90334
5739.317	0.15903	-1.46011	1.74424	-0.97637
5743.317	0.29041	-1.45526	1.74226	-0.98511
5747.276	0.24909	-1.51195	1.73256	-0.93682
5751.316	0.31029	-1.45928	1.76666	-0.83885
5755.317	0.29863	-1.37946	1.76311	-0.79668
5759.273	0.35397	-1.43317	1.83169	-0.81731
5763.337	0.25681	-1.38953	1.80003	-0.87340
5767.317	0.28210	-1.46959	1.75766	-0.87324
5771.318	0.29451	-1.38140	1.75639	-0.93257
5775.318	0.28548	-1.32448	1.74481	-0.97796
5779.276	0.31181	-1.30873	1.82301	-0.92704
5783.316	0.37052	-1.41017	1.78662	-0.81813
5787.319	0.36630	-1.37595	1.85425	-0.78030
5791.317	0.43840	-1.29408	1.91097	-0.85248
5795.310	0.37583	-1.30738	1.81967	-0.88054
5799.321	0.41710	-1.42909	1.84138	-0.95671
5803.319	0.34846	-1.46769	1.80739	-0.99437
5807.316	0.38772	-1.35501	1.78919	-1.00614
5811.278	0.39760	-1.33795	1.79785	-0.89083
5815.317	0.37529	-1.45239	1.88402	-0.84127
5819.318	0.40479	-1.48486	1.94320	-0.88048
5823.320	0.36092	-1.47400	2.02108	-0.83113
5827.338	0.35774	-1.48003	1.96400	-0.91513
5831.319	0.36881	-1.43898	1.93955	-0.90863
5835.318	0.32024	-1.53203	1.83623	-0.92823
5839.318	0.37415	-1.51894	1.97743	-0.98332
5843.340	0.32441	-1.48865	1.85988	-0.98917
5847.313	0.29208	-1.50321	1.86176	-0.95679
5851.317	0.33141	-1.48659	1.81215	-0.99863
5855.317	0.31354	-1.49960	1.87478	-0.99299
5859.339	0.34126	-1.47643	1.86439	-1.05094
5863.322	0.32548	-1.49707	1.87912	-1.02928
5867.320	0.31590	-1.49998	1.77930	-1.01516
5871.320	0.31764	-1.42714	1.75862	-0.96686
5875.345	0.29674	-1.41604	1.78632	-0.88602
5879.274	0.27592	-1.36839	1.84493	-0.87598
5883.321	0.18276	-1.33246	1.81024	-0.84526
5887.286	0.17755	-1.41290	1.81929	-0.78012
5891.337	0.19268	-1.43138	1.81230	-0.70900
5895.321	0.21328	-1.65324	1.80447	-0.72726
5899.320	0.19911	-1.63283	1.82681	-0.97501
5903.321	0.17980	-1.67117	1.81292	-0.99906
5907.316	0.16486	-1.68329	1.84389	-1.11503
5911.277	0.15722	-1.66107	1.88950	-1.12759
5915.319	0.11280	-1.73565	1.90792	-1.14116
5919.320	0.09083	-1.76482	1.87250	-1.33459
5923.311	0.09416	-1.75787	1.82376	-1.27636
5927.297	0.12456	-1.76095	1.81669	-1.47713
5931.322	0.12831	-1.71296	1.81357	-1.47572
5935.321	0.11612	-1.66909	1.85289	-1.47340
5939.340	0.09093	-1.60997	1.91122	-1.50455
5943.326	0.06276	-1.57663	1.89620	-1.48114
5947.320	0.04599	-1.52525	1.92017	-1.44026
5951.317	0.04065	-1.49419	1.82871	-1.35828
5955.343	0.05591	-1.48396	1.77194	-1.37572
5959.319	0.08433	-1.45530	1.76448	-1.39253
5963.320	0.10816	-1.43238	1.79455	-1.37776
5967.312	0.15901	-1.43086	1.74682	-1.36385
5971.338	0.17995	-1.43215	1.76234	-1.24386
5975.320	0.25703	-1.45385	1.71012	-1.24206
5979.322	0.35476	-1.47223	1.68434	-1.25268
5983.320	0.43323	-1.48215	1.67571	-1.25874
5987.317	0.53433	-1.50060	1.71020	-1.26601
5991.320	0.54453	-1.51319	1.72284	-1.31201
5995.321	0.53158	-1.54314	1.78813	-1.36104
5999.321	0.58650	-1.55787	1.81815	-1.30516
6003.323	0.55327	-1.53395	1.86077	-1.29888
6007.323	0.54428	-1.52293	1.87019	-1.28065
6011.280	0.47676	-1.53399	1.90150	-1.26161
6015.320	0.42534	-1.52787	1.91972	-1.27811
6019.318	0.25711	-1.53708	1.95205	-1.25249
6023.319	0.18643	-1.51586	1.92428	-1.24625
6027.319	0.11029	-1.53973	1.89667	-1.22463
6031.323	0.16911	-1.51770	1.81763	-1.22359
6035.324	0.13312	-1.51611	1.77935	-1.21699
6039.321	0.14374	-1.51849	1.74571	-1.22567
6043.321	0.14573	-1.52155	1.70328	-1.24906
6047.324	0.14362	-1.55696	1.67189	-1.28640
6051.318	0.05430	-1.58594	1.60799	-1.24202
6055.321	0.08244	-1.46796	1.56288	-0.95270
6059.320	-0.20882	0.17673	1.38275	0.70334
6063.321	-0.40675	1.56897	1.04391	1.94005
6067.279	-0.83563	2.99421	0.82721	3.68235
6071.320	-0.68776	3.44887	0.78047	4.28009
6075.322	-0.57257	4.78506	1.08038	5.54258
6079.323	-0.61751	5.99694	0.86840	5.96856
6083.322	-0.81558	6.36950	1.25019	6.61152
6087.321	-0.67059	6.70487	1.77283	7.19544
6091.323	-0.84136	6.67356	1.55343	7.43315
6095.322	-0.90835	6.71253	2.05863	7.58440
6099.314	-0.94264	6.74469	1.80821	7.73544
6103.322	-0.93730	6.59568	1.77737	7.92801
6107.322	-0.88443	6.61465	1.86117	7.83198
6111.281	-0.87729	6.64303	1.93626	7.95447
6115.315	-0.84451	6.61744	1.84661	7.89809
6119.321	-0.86883	6.62059	1.84761	7.90259
6123.323	-0.85324	6.59909	1.90113	7.92296
6127.322	-0.82019	6.58826	1.87909	7.92599
6131.282	-0.84816	6.52923	1.80362	7.97046
6135.323	-0.85984	6.49240	1.72979	7.98242
6139.324	-0.89006	6.47331	1.66661	7.99712
6143.319	-0.92165	6.46278	1.67333	8.02622
6147.319	-0.82238	6.54333	1.68575	7.97020
6151.324	-0.83200	6.59957	1.66524	8.00621
6155.325	-0.77265	6.75065	1.59646	7.99111
6159.321	-0.77645	6.84415	1.64099	8.05487
6163.319	-0.74965	6.82414	1.61820	8.09769
6167.324	-0.76779	6.93458	1.59167	8.12672
6171.322	-0.76268	6.98799	1.65793	8.04190
6175.313	-0.68511	7.13212	1.82301	8.17433
6179.326	-0.67603	7.16829	1.78875	8.09954
6183.325	-0.63379	7.11813	1.76953	8.20041
6187.323	-0.58047	7.10308	1.81014	8.13102
6191.323	-0.58826	7.17259	1.80365	8.20179
6195.320	-0.60282	7.19782	1.70814	8.00187
6199.326	-0.63369	7.26666	1.72795	7.87229
6203.322	-0.63503	7.34122	1.73048	7.86314
6207.321	-0.61072	7.31390	1.72319	7.81520
6211.325	-0.62608	7.36108	1.84823	7.80466
6215.324	-0.64434	7.38063	1.72647	7.86201
6219.292	-0.63858	7.42086	1.63985	7.71894
6223.322	-0.62853	7.44843	1.67030	7.87260
6227.321	-0.58066	7.42152	1.64863	7.86459
6231.325	-0.69503	7.32226	1.65168	7.84559
6235.323	-0.63747	7.41370	1.63546	7.90841
6239.324	-0.56235	7.31643	1.73906	7.80346
6243.320	-0.54344	7.31061	1.77568	7.86861
6247.324	-0.61005	7.34756	1.71712	7.99467
6251.320	-0.58468	7.20366	1.71617	7.90103
6255.323	-0.47296	7.18716	1.65500	8.02269
6259.320	-0.60692	7.06054	1.63844	8.10565
6263.325	-0.51748	7.04790	1.64724	8.02360
6267.332	-0.55878	7.03625	1.75314	7.74425
6271.322	-0.68930	7.04491	1.75555	7.92896
6275.218	-0.68538	7.02203	1.75776	8.07221
6279.324	-0.75144	6.91683	1.71784	7.96057
6283.324	-0.89952	7.23333	1.27884	8.19349
6287.323	-1.45998	7.72574	1.20901	8.40434
6291.218	-1.14727	7.88146	1.01973	9.27293
6295.325	-1.38969	7.48031	0.96631	9.42511
6299.333	-1.28070	7.51693	0.90654	9.13455
6303.288	-1.31233	7.80179	0.84999	9.31134
6307.201	-1.36424	7.58814	1.12918	9.15604
6311.281	-1.31726	7.65254	0.83436	9.59576
6315.324	-1.42156	7.73828	0.82655	9.12740
6319.325	-1.48816	7.88432	0.73923	9.25377
6323.224	-1.46152	8.00028	0.70161	9.49802
6327.322	-1.54934	8.08486	0.70985	9.46638
6331.323	-1.57565	8.06116	0.77012	9.31115
6335.325	-1.56194	8.17318	0.76747	9.45582
6339.223	-1.56838	7.99485	0.76687	9.23616
6343.302	-1.51995	7.98212	0.75694	9.47441
6347.326	-1.65590	8.28404	0.67332	9.33608
6351.324	-1.56260	8.29899	0.67312	9.22252
6355.223	-1.62086	8.31077	0.65364	9.20229
6359.326	-1.64704	8.35130	0.62126	9.11568
6363.327	-1.68342	8.41158	0.67037	9.22168
6367.325	-1.76648	8.35903	0.60106	9.42887
6371.232	-1.66743	8.31683	0.61265	9.54070
6375.325	-1.55484	8.30797	0.62049	9.36341
6379.327	-1.67881	8.23586	0.56066	9.38354
6383.313	-1.71102	8.30670	0.58235	9.38450
6387.220	-1.61359	8.15662	0.67302	9.20190
6391.326	-1.54869	8.28189	0.73826	9.03417
6395.327	-1.57195	8.20378	0.69089	9.35365
6399.324	-1.63149	8.32697	0.62387	9.15811
6403.224	-1.65607	8.33572	0.65848	9.17967
6407.325	-1.79601	8.26235	0.60456	9.20393
6411.280	-1.64689	8.39815	0.69285	9.37262
6415.328	-1.63407	8.30262	0.66151	9.43367
6419.220	-1.71335	8.21403	0.61399	9.27235
6423.326	-1.65185	8.15781	0.54826	9.27807
6427.294	-1.56928	8.11548	0.55831	9.53866
6431.328	-1.63970	8.32229	0.52500	9.34607
6435.221	-1.65302	8.18732	0.59476	9.31108
6439.327	-1.71558	8.51955	0.60518	9.26002
6443.326	-1.71141	8.53930	0.59394	9.24118
6447.283	-1.74342	8.40539	0.52495	9.56638
6451.220	-1.74583	8.35265	0.66578	9.35196
6455.325	-1.71481	8.13834	0.64605	9.42226
6459.326	-1.71466	8.03974	0.61198	9.29336
6463.326	-1.91268	8.23596	0.01129	9.35260
6467.285	-3.02237	7.70373	-1.91576	9.00213
6471.320	-4.27543	7.33067	-3.77473	8.49433
6475.325	-4.75856	5.63281	-4.80827	7.52507
6479.332	-5.64356	4.20886	-5.63432	5.45068
6483.285	-6.51562	3.71964	-7.21515	5.19685
6487.325	-7.39300	3.42451	-7.54920	4.35272
6491.328	-8.48665	3.32491	-7.95105	3.89540
6495.327	-9.51944	2.88250	-10.17055	3.07878
6499.186	-9.87642	2.13465	-10.06061	2.70825
6503.325	-10.06458	1.45360	-10.06845	2.43026
6507.328	-10.16682	1.07854	-10.07945	1.66373
6511.291	-10.27160	0.88268	-10.06275	0.80872
6515.191	-10.54987	0.96796	-10.20397	0.43553
6519.323	-10.93569	0.80057	-10.37405	0.31284
6523.326	-11.21634	0.74341	-10.28121	0.27509
6527.327	-11.13872	0.76437	-10.32099	0.38819
6531.221	-11.03408	0.83585	-10.38231	0.34378
6535.202	-10.88963	0.73962	-10.43155	0.48118
6539.203	-11.02287	0.72707	-10.41998	0.50637
6543.202	-11.12923	0.65723	-10.43373	0.58711
6547.160	-11.09277	0.60728	-10.35849	0.55462
6551.202	-11.10861	0.56870	-10.33175	0.48745
6555.190	-11.17032	0.46996	-10.24574	0.44555
6559.191	-11.24659	0.43223	-10.15860	0.49728
6563.201	-11.25366	0.45488	-9.97313	0.54428
6567.203	-11.22334	0.55339	-9.86958	0.53040
6571.203	-11.26653	0.53262	-9.81848	0.51285
6575.202	-11.25175	0.50175	-9.88983	0.51037
6579.194	-11.28259	0.51856	-9.90306	0.45388
6583.203	-11.29622	0.53985	-9.88757	0.43823
6587.200	-11.27939	0.52434	-9.90359	0.38999
6591.201	-11.29278	0.51596	-9.94303	0.35685
6595.225	-11.25218	0.48157	-9.98090	0.33613
6599.169	-11.19562	0.49675	-10.02471	0.30540
6603.204	-11.08820	0.50064	-10.08474	0.28986
6607.203	-11.01644	0.40913	-10.10134	0.27321
6611.331	-11.05780	0.42651	-10.12847	0.28246
6615.209	-11.12202	0.48795	-10.15078	0.28877
6619.203	-11.12202	0.45572	-10.09325	0.28777
6623.204	-11.09253	0.45089	-9.99484	0.30247
6627.226	-11.04843	0.43701	-9.87232	0.28229
6631.205	-11.00510	0.44459	-9.74649	0.28183
6635.204	-11.00101	0.49550	-9.70960	0.33161
6639.186	-10.98344	0.54458	-9.60446	0.34012
6643.222	-11.02595	0.73877	-9.52051	0.37747
6647.206	-11.02012	0.65577	-9.43110	0.46626
6651.203	-11.10503	0.63332	-9.37890	0.54004
6655.203	-11.16583	0.50806	-9.36907	0.62974
6659.199	-11.14213	0.47083	-9.34321	0.72383
6663.205	-11.09762	0.42077	-9.33297	0.72723
6667.204	-11.07616	0.38454	-9.36617	0.76663
6671.203	-11.00742	0.34709	-9.39632	0.80666
6675.167	-11.04059	0.43353	-9.44317	0.77214
6679.200	-11.17245	0.51637	-9.44950	0.78176
6683.196	-11.19167	0.48250	-9.44305	0.79748
6687.201	-11.11776	0.39990	-9.47686	0.71781
6691.234	-11.08835	0.36777	-9.62905	0.66698
6695.158	-11.04596	0.05083	-9.59339	0.35044
6699.204	-10.96521	-0.89002	-9.62437	-0.21895
6703.203	-10.96729	-1.19881	-9.65295	-1.20673
6707.199	-11.02987	-1.45300	-9.79339	-0.92103
6711.158	-10.99599	-1.54056	-9.79573	-1.54957
6715.206	-10.95837	-1.43538	-9.71640	-1.79749
6719.203	-10.89408	-1.59241	-9.65592	-1.80401
6723.200	-10.83290	-1.68063	-9.58128	-1.82384
6727.206	-10.73282	-1.65538	-9.37153	-1.94347
6731.205	-10.71077	-1.70095	-9.29469	-1.85782
6735.203	-10.64731	-1.70535	-9.19766	-1.75933
6739.202	-10.63679	-1.83472	-8.92796	-1.83863
6743.204	-10.62646	-1.83191	-8.91941	-1.71397
6747.206	-10.62965	-1.85670	-9.11694	-1.80216
6751.204	-10.65489	-1.90956	-9.29717	-1.91454
6755.201	-10.62387	-1.90765	-9.29870	-1.88964
6759.159	-10.61440	-1.89773	-9.43706	-1.93416
6763.190	-10.66390	-1.86188	-9.43368	-1.95230
6767.195	-10.64190	-1.80976	-9.40001	-1.95572
6771.201	-10.64456	-1.77366	-9.49868	-1.93901
6775.204	-10.66344	-1.75689	-9.41719	-1.95325
6779.206	-10.68025	-1.76538	-9.38926	-1.94636
6783.204	-10.71763	-1.74586	-9.36658	-1.97281
6787.200	-10.68451	-1.72976	-9.31006	-1.96889
6791.204	-10.64199	-1.67825	-9.24975	-1.98258
6795.206	-10.55450	-1.67153	-9.20813	-1.97228
6799.205	-10.45697	-1.69029	-9.13013	-1.97127
6803.164	-10.41724	-1.65981	-9.07595	-2.05298
6807.168	-10.43131	-1.72110	-9.02559	-2.09861
6811.158	-10.36072	-1.73126	-8.99903	-2.12631
6815.176	-10.31710	-1.75297	-9.00465	-2.10635
6819.204	-10.35853	-1.83945	-8.96637	-2.18724
6823.204	-10.33762	-1.89781	-8.95254	-2.14056
6827.205	-10.24920	-1.92751	-8.98065	-2.07308
6831.203	-10.20250	-1.90192	-8.96901	-2.05761
6835.204	-10.20957	-1.92306	-9.00641	-2.04664
6839.205	-10.20519	-1.92641	-8.99741	-2.00747
6843.206	-10.21832	-1.92780	-9.12234	-2.09687
6847.189	-10.25958	-1.91047	-9.14208	-2.03138
6851.226	-10.28991	-1.93774	-9.17227	-1.97515
6855.206	-10.31556	-1.98954	-9.15035	-1.90855
6859.206	-10.34662	-2.00058	-9.12607	-1.81753
6863.180	-10.32750	-1.96742	-9.09132	-1.77250
6867.200	-10.35318	-1.96489	-9.06562	-1.73500
6871.206	-10.37402	-1.95783	-8.97937	-1.66339
6875.207	-10.41054	-1.89356	-8.88956	-1.75021
6879.161	-10.48600	-1.85203	-8.96467	-1.75598
6883.205	-10.52142	-1.76795	-9.03406	-1.79250
6887.205	-10.59759	-1.75436	-9.01314	-1.80547
6891.199	-10.62600	-1.67697	-9.00494	-1.83609
6895.208	-10.62814	-1.60314	-8.99905	-1.86412
6899.195	-10.60613	-1.56828	-9.10436	-1.82818
6903.205	-10.67473	-1.50990	-9.25560	-1.92074
6907.205	-10.67945	-1.51115	-9.31286	-1.91234
6911.160	-10.71353	-1.55402	-9.32958	-1.92298
6915.224	-10.75792	-1.50405	-9.38798	-1.96279
6919.206	-10.80127	-1.53037	-9.34749	-1.95710
6923.208	-10.81240	-1.57865	-9.35831	-1.98466
6927.204	-10.82193	-1.64279	-9.33637	-1.98202
6931.166	-10.80091	-1.68807	-9.31359	-1.96564
6935.204	-10.75629	-1.71771	-9.24980	-1.93197
6939.207	-10.71909	-1.79274	-9.27827	-1.89428
6943.207	-10.73698	-1.82600	-9.23021	-1.89662
6947.167	-10.64413	-1.89135	-9.10393	-1.81899
6951.205	-10.55310	-1.91056	-9.07363	-1.82723
6955.208	-10.55157	-1.91093	-8.96208	-1.80212
6959.207	-10.54972	-1.97236	-8.86379	-1.80817
6963.202	-10.58455	-2.02705	-8.81780	-1.75585
6967.209	-10.54219	-2.04114	-8.83197	-1.63256
6971.192	-10.56625	-1.99214	-8.81605	-1.55328
6975.203	-10.53480	-1.98946	-8.78462	-1.42459
6979.203	-10.57615	-1.95587	-8.71623	-1.38722
6983.209	-10.64309	-1.91685	-8.82664	-1.24756
6987.207	-10.67078	-1.80427	-8.79007	-1.21636
6991.208	-10.64988	-1.73947	-8.85947	-1.20322
6995.227	-10.63430	-1.86287	-8.82419	-1.57469
6999.208	-8.43100	-1.83616	-8.02927	-1.23830
7003.209	-6.36268	-1.80141	-6.27231	-1.19160
7007.174	-4.36481	-1.73897	-4.00472	-1.09715
7011.197	-2.85955	-1.76699	-3.38172	-1.22966
7015.173	-1.95829	-1.77866	-2.15195	-1.31661
7019.206	-0.23743	-1.85497	-0.38186	-1.16025
7023.207	0.45026	-1.95434	0.15913	-1.30383
7027.206	1.23992	-2.07900	1.34036	-1.53002
7031.208	2.08694	-2.26537	1.97399	-1.49013
7035.207	2.09938	-2.22067	2.65297	-1.42980
7039.207	2.14012	-2.19927	3.25236	-1.54645
7043.205	2.16126	-2.23772	3.49270	-1.66025
7047.209	1.99639	-2.32349	3.28904	-1.64731
7051.208	1.98745	-2.33957	3.43857	-1.76324
7055.188	2.10434	-2.38777	3.51570	-1.78049
7059.211	2.08786	-2.40829	3.50385	-1.70800
7063.211	2.03858	-2.39263	3.46644	-1.73635
7067.208	2.05672	-2.35462	3.37695	-1.77388
7071.211	2.09809	-2.32094	3.42512	-1.78398
7075.210	2.07735	-2.26469	3.51978	-1.73330
7079.208	2.09016	-2.24900	3.54289	-1.74017
7083.207	2.11192	-2.24062	3.51562	-1.79568
7087.208	2.12863	-2.22291	3.51884	-1.74847
7091.212	2.18054	-2.21649	3.54608	-1.78105
7095.206	2.15229	-2.23657	3.53834	-1.77100
7099.198	2.13678	-2.23865	3.52816	-1.76998
7103.211	2.08124	-2.25239	3.56361	-1.79298
7107.201	2.04557	-2.27272	3.58544	-1.81023
7111.168	2.06461	-2.31896	3.62736	-1.82150
7115.209	2.04401	-2.38563	3.64326	-1.82654
7119.212	2.01786	-2.44744	3.59013	-1.85621
7123.209	1.94419	-2.52055	3.52096	-1.90565
7127.209	1.96095	-2.58554	3.51251	-1.91743
7131.164	1.96129	-2.61828	3.49911	-1.96530
7135.206	1.92327	-2.67823	3.43163	-1.96202
7139.168	1.95817	-2.69979	3.38736	-1.97656
7143.208	1.95103	-2.71895	3.36468	-2.02199
7147.211	1.97183	-2.72858	3.29894	-2.05840
7151.209	2.00071	-2.74514	3.27212	-2.10439
7155.212	1.99389	-2.75355	3.23719	-2.11688
7159.209	2.01761	-2.75118	3.16646	-2.12654
7163.212	2.00787	-2.72448	3.12205	-2.11763
7167.207	2.02091	-2.70989	3.09315	-2.13253
7171.213	2.00016	-2.68289	3.05843	-2.11089
7175.209	1.97180	-2.66614	3.10215	-2.06739
7179.198	1.97932	-2.62848	3.13526	-1.99703
7183.200	1.92795	-2.57736	3.17131	-2.01026
7187.213	1.91957	-2.58134	3.19632	-1.96794
7191.208	1.92691	-2.56628	3.24311	-1.89881
7195.165	1.91129	-2.55595	3.35120	-1.82996
7199.209	1.90532	-2.53122	3.44476	-1.83043
7203.207	1.65399	-2.49388	3.21478	-1.81660
7207.209	1.21576	-2.45647	2.55891	-1.80071
7211.166	0.86441	-2.36725	1.63730	-1.72790
7215.208	0.28064	-2.21268	2.01295	-1.70821
7219.224	0.56113	-2.23079	2.59354	-1.75230
7223.172	0.68722	-2.05318	2.24951	-1.80219
7227.209	0.53476	-2.06686	2.08208	-1.79137
7231.208	0.49101	-1.99495	2.02193	-1.80213
7235.211	0.46773	-2.00266	1.88083	-1.81595
7239.209	0.45520	-1.99358	1.90991	-1.84019
7243.208	0.42358	-1.95779	1.96573	-1.86104
7247.210	0.49225	-1.95313	1.95103	-1.88676
7251.105	0.44197	-1.95849	1.91365	-1.93163
7255.210	0.43867	-1.96380	1.99027	-1.94491
7259.167	0.50093	-1.95690	2.03038	-1.90827
7263.166	0.49580	-1.95591	1.97032	-1.87557
7267.213	0.47761	-2.00154	1.94783	-1.78519
7271.209	0.43224	-2.02473	1.91781	-1.74679
7275.210	0.39469	-2.05593	1.88551	-1.68303
7279.210	0.46564	-2.03584	1.85296	-1.71852
7283.213	0.45815	-2.00179	1.91923	-1.78574
7287.211	0.54225	-2.00147	1.88422	-1.70293
7291.210	0.50594	-1.98870	1.82180	-1.76036
7295.212	0.45090	-1.98365	1.84875	-1.76339
7299.105	0.35124	-2.00611	1.88303	-1.79226
7303.204	0.38127	-2.00208	1.89563	-1.73026
7307.204	0.36139	-2.02757	1.90091	-1.77001
7311.166	0.30528	-2.01317	1.92634	-1.76375
7315.103	0.21681	-2.01926	1.93333	-1.81228
7319.171	0.29545	-2.00200	1.93532	-1.87494
7323.212	0.28880	-1.99180	1.99592	-1.82141
7327.213	0.25664	-1.97505	1.93881	-1.81502
7331.077	0.29126	-1.99426	1.86880	-1.76436
7335.209	0.21735	-2.04048	1.88948	-1.75928
7339.211	0.18072	-2.05572	1.82202	-1.70795
7343.212	0.20618	-2.05979	1.88246	-1.64191
7347.171	0.21321	-2.04170	1.93197	-1.71355
7351.210	0.24897	-2.04809	1.95991	-1.70779
7355.210	0.25689	-2.05301	1.96134	-1.71293
7359.211	0.33719	-2.03681	1.93765	-1.67720
7363.079	0.33722	-2.08568	1.90408	-1.65241
7367.212	0.31880	-2.13543	1.87691	-1.66455
7371.212	0.32848	-2.13310	2.00683	-1.61132
7375.212	0.32831	-2.15365	1.98202	-1.63053
7379.170	0.34427	-2.15736	1.94731	-1.62820
7383.208	0.35660	-2.17726	1.96548	-1.62027
7387.204	0.37015	-2.17823	1.90733	-1.64000
7391.201	0.44132	-2.19520	1.82596	-1.63993
7395.171	0.45788	-2.16716	1.75059	-1.62215
7399.214	0.48565	-2.16311	1.68198	-1.59566
7403.212	0.49865	-2.17213	1.63665	-1.57405
7407.212	0.55788	-2.15822	1.59698	-1.56760
7411.071	0.56759	-2.13673	1.55822	-1.53636
7415.213	0.62345	-2.10281	1.54014	-1.55238
7419.212	0.64943	-2.14171	1.50685	-1.55295
7423.212	0.63694	-2.16295	1.50214	-1.54099
7427.222	0.65677	-2.16299	1.50323	-1.51517
7431.177	0.64756	-2.19384	1.51147	-1.56290
7435.211	0.61178	-2.23479	1.52486	-1.55611
7439.212	0.55729	-2.26391	1.52687	-1.53136
7443.110	0.45937	-2.24117	1.55598	-1.53154
7447.169	0.42110	-2.20528	1.59338	-1.55847
7451.212	0.40425	-2.21154	1.67065	-1.54828
7455.212	0.38502	-2.21276	1.73507	-1.55280
7459.106	0.31054	-2.16655	1.82296	-1.57179
7463.212	0.27297	-2.15572	1.85336	-1.61722
7467.214	0.27793	-2.10921	1.91055	-1.59350
7471.193	0.22604	-2.07512	1.95046	-1.64624
7475.174	0.21894	-2.03743	1.95790	-1.72502
7479.212	0.24984	-2.00305	1.95277	-1.72234
7483.215	0.26637	-1.95803	1.86352	-1.73863
7487.212	0.33017	-1.95241	1.91506	-1.70841
7491.113	0.40087	-1.99200	1.91928	-1.70148
7495.210	0.41688	-2.10184	1.84255	-1.75262
7499.214	0.39132	-2.06603	1.81181	-1.82129
7503.212	0.35993	-2.09862	1.75399	-1.76293
7507.108	0.32054	-2.06853	1.76671	-1.73498
7511.213	0.31062	-2.11829	1.77429	-1.74812
7515.168	0.30520	-2.12504	1.78567	-1.78407
7519.218	0.24976	-2.17947	1.78213	-1.74549
7523.110	0.24708	-2.19093	1.75654	-1.68094
7527.214	0.31354	-2.21987	1.83266	-1.65524
7531.214	0.36263	-2.23763	1.76512	-1.65731
7535.215	0.37668	-2.22896	1.78766	-1.64359
7539.106	0.37990	-2.20296	1.83397	-1.62866
7543.210	0.48445	-2.19281	1.87577	-1.58107
7547.213	0.40033	-2.23377	1.91424	-1.59389
7551.212	0.44994	-2.28333	1.95378	-1.59648
7555.152	0.49185	-2.30983	1.88298	-1.67147
7559.213	0.51753	-2.30757	1.83454	-1.68452
7563.213	0.48743	-2.32092	1.79581	-1.72468
7567.216	0.58538	-2.30747	1.82581	-1.77738
7571.111	0.67243	-2.29976	1.84842	-1.77813
7575.092	0.59143	-2.29476	1.84156	-1.77260
7579.089	0.57548	-2.29792	1.87723	-1.85687
7583.090	0.60275	-2.27216	1.85435	-1.89451
7587.086	0.50733	-2.28554	1.89538	-1.93423
7591.090	0.49388	-2.33744	1.88298	-1.90857
7595.092	0.49910	-2.32484	1.88050	-1.90929
7599.091	0.43271	-2.30025	1.91434	-1.86745
7603.085	0.40742	-2.28421	1.98395	-1.85140
7607.091	0.43003	-2.21714	2.07596	-1.80066
7611.090	0.31203	-2.17102	2.13960	-1.72601
7615.047	0.31473	-2.15953	2.17727	-1.58775
7619.085	0.26522	-2.14222	2.17955	-1.61164
7623.090	0.24353	-2.18890	2.15841	-1.52467
7627.090	0.30329	-2.16167	2.17859	-1.54596
7631.045	0.39313	-2.15549	2.15123	-1.53572
7635.085	0.39087	-2.10705	2.18149	-1.61402
7639.100	0.39149	-2.04256	2.13559	-1.60958
7643.066	0.30533	-1.98311	2.15869	-1.65372
7647.091	0.33394	-1.94481	2.12744	-1.52063
7651.111	0.32310	-1.90286	2.08932	-1.56769
7655.089	0.33044	-1.94171	2.04609	-1.53475
7659.090	0.33794	-1.96466	2.04919	-1.53257
7663.091	0.34720	-2.01088	2.01094	-1.51481
7667.108	0.40358	-2.01528	2.02254	-1.49899
7671.090	0.45922	-1.97484	2.03662	-1.52104
7675.088	0.48378	-2.01834	2.03836	-1.51067
7679.093	0.47095	-2.04254	2.00311	-1.45632
7683.100	0.46676	-2.09470	2.01258	-1.44090
7687.090	0.53845	-2.14909	1.98945	-1.40593
7691.090	0.58213	-2.18999	1.95810	-1.41509
7695.045	0.65918	-2.22919	1.92327	-1.39122
7699.078	0.68002	-2.25570	1.92647	-1.37746
7703.090	0.70908	-2.26548	1.90934	-1.38031
7707.089	0.71905	-2.24690	1.91045	-1.37201
7711.045	0.71714	-2.23085	1.92860	-1.38046
7715.112	0.66474	-2.20338	1.92691	-1.32591
7719.090	0.66744	-2.12684	1.97518	-1.30882
7723.091	0.66910	-2.09872	2.04646	-1.26838
7727.062	0.65032	-2.08463	2.08843	-1.26095
7731.069	0.65394	-2.04679	2.12620	-1.26243
7735.091	0.65074	-1.99865	2.18042	-1.28964
7739.089	0.63424	-1.93303	2.19841	-1.34851
7743.091	0.52394	-1.95836	2.20057	-1.42807
7747.060	0.44549	-1.95399	2.21977	-1.42860
7751.090	0.42437	-1.96494	2.24532	-1.44121
7755.089	0.41063	-1.99267	2.21380	-1.44015
7759.083	0.39522	-2.03600	2.20689	-1.42663
7763.049	0.35531	-2.09016	2.18684	-1.42332
7767.091	0.32273	-2.15231	2.14017	-1.43607
7771.087	0.30677	-2.21062	2.05672	-1.43687
7775.090	0.28121	-2.24243	2.00579	-1.42691
7779.082	0.23912	-2.24653	1.91219	-1.31078
7783.093	0.16856	-2.28716	1.87267	-1.25498
7787.090	0.15303	-2.28815	1.86823	-1.19305
7791.091	0.15863	-2.29103	1.86342	-1.19432
7795.087	0.12193	-2.28558	1.88331	-1.18464
7799.093	0.08212	-2.27632	1.88901	-1.19283
7803.091	0.10327	-2.26975	1.90525	-1.20012
7807.092	0.09803	-2.25273	1.97490	-1.25550
7811.089	0.10476	-2.23263	1.97299	-1.23497
7815.092	0.09952	-2.21459	1.97929	-1.23308
7819.092	0.08768	-2.22243	1.95874	-1.25735
7823.095	0.07254	-2.24546	1.90877	-1.33007
7827.113	0.08731	-2.26930	1.87981	-1.41041
7831.093	0.12583	-2.30766	1.85814	-1.44674
7835.093	0.13684	-2.33651	1.81121	-1.51047
7839.090	0.16645	-2.34712	1.71070	-1.56987
7843.110	0.20288	-2.38413	1.69527	-1.61567
7847.104	0.21581	-2.39764	1.66564	-1.67832
7851.069	0.22152	-2.43961	1.61468	-1.70002
7855.090	0.23914	-2.44261	1.61488	-1.75383
7859.091	0.27304	-2.43447	1.58354	-1.79800
7863.093	0.29773	-2.42075	1.58569	-1.83847
7867.093	0.33583	-2.41692	1.61069	-1.84408
7871.091	0.34576	-2.38789	1.67375	-1.82390
7875.092	0.35921	-2.34939	1.72017	-1.78540
7879.095	0.37090	-2.27124	1.72954	-1.75936
7883.095	0.36990	-2.25192	1.75753	-1.73069
7887.064	0.37166	-2.20750	1.79661	-1.67554
7891.111	0.39000	-2.17306	1.85346	-1.58283
7895.049	0.34451	-2.14240	1.92361	-1.52524
7899.092	0.30689	-2.14717	1.95356	-1.54095
7903.091	0.26661	-2.13328	1.98903	-1.51376
7907.052	0.25728	-2.11964	2.03030	-1.49618
7911.048	0.25857	-2.04680	2.01655	-1.52237
7915.092	0.21035	-2.05934	1.98849	-1.55915
7919.093	0.14613	-2.05508	1.99570	-1.57647
7923.087	0.13769	-2.03272	1.93782	-1.56843
7927.094	0.19963	-2.06098	1.93502	-1.62139
7931.098	0.16129	-2.06334	1.96144	-1.66310
7935.093	0.18918	-2.06121	1.97314	-1.67972
7939.087	0.24984	-2.03978	1.97086	-1.69004
7943.092	0.29528	-2.03434	1.97436	-1.67949
7947.071	0.27537	-2.10281	1.96794	-1.68918
7951.091	0.28659	-2.16231	1.93928	-1.62027
7955.128	0.31756	-2.20144	1.94954	-1.48129
7959.091	0.26939	-2.18874	1.94870	-1.35647
7963.094	0.30587	-2.19618	1.96050	-1.29503
7967.091	0.29381	-2.19908	1.98933	-1.27555
7971.088	0.21378	-2.14443	2.02676	-1.30163
7975.076	0.17231	-2.10588	2.04292	-1.26036
7979.094	0.11749	-2.11348	2.03871	-1.26171
7983.093	0.06830	-2.04913	1.99332	-1.31652
7987.090	0.02886	-2.05141	1.98370	-1.31713
7991.093	0.01774	-2.02568	1.98219	-1.28121
7995.095	0.01961	-1.99607	1.95403	-1.30169
7999.094	0.00313	-1.99175	1.94151	-1.30289
8003.091	0.02085	-2.00339	1.95088	-1.36253
8007.051	0.01911	-2.01364	1.94144	-1.39656
8011.069	-0.01953	-2.05968	1.92218	-1.42656
8015.095	0.00308	-2.09604	1.84590	-1.43402
8019.091	0.01578	-2.15844	1.78939	-1.44665
8023.096	0.06507	-2.17480	1.81104	-1.44770
8027.095	0.13104	-2.21052	1.79505	-1.40154
8031.096	0.27686	-2.22812	1.77005	-1.36204
8035.090	0.31630	-2.22533	1.75272	-1.35287
8039.093	0.42365	-2.23178	1.76165	-1.32472
8043.094	0.46822	-2.17294	1.73313	-1.30937
8047.096	0.36606	-2.17336	1.72237	-1.27892
8051.093	0.32811	-2.18374	1.68305	-1.29692
8055.093	0.40827	-2.13849	1.68994	-1.29520
8059.072	0.39561	-2.09725	1.69133	-1.23681
8063.096	0.41658	-2.09164	1.72255	-1.20824
8067.089	0.32747	-2.08349	1.69584	-1.13854
8071.050	0.27773	-2.05439	1.71223	-1.20827
8075.093	0.21782	-2.03877	1.73403	-1.25743
8079.096	0.06266	-2.04154	1.73395	-1.28000
8083.086	0.02541	-2.01009	1.71754	-1.35171
8087.096	-0.03211	-2.01240	1.72418	-1.42769
8091.096	-0.08614	-1.96068	1.71176	-1.39153
8095.096	-0.14476	-1.94402	1.74603	-1.40230
8099.088	-0.15134	-1.89701	1.74615	-1.43514
8103.085	-0.18358	-1.88352	1.77226	-1.44135
8107.094	-0.23569	-1.84725	1.75032	-1.44544
8111.050	-0.25138	-1.80738	1.75379	-1.47520
8115.089	-0.28597	-1.77597	1.74256	-1.39421
8119.097	-0.34466	-1.72567	1.72624	-1.40217
8123.097	-0.31540	-1.69171	1.72106	-1.34925
8127.096	-0.30789	-1.65109	1.71828	-1.29821
8131.054	-0.29560	-1.62788	1.72954	-1.24222
8135.097	-0.28659	-1.62751	1.75295	-1.29920
8139.098	-0.26383	-1.63533	1.75565	-1.32077
8143.065	-0.28138	-1.62550	1.81562	-1.35340
8147.089	-0.30704	-1.62805	1.86464	-1.32102
8151.096	-0.29756	-1.62997	1.86927	-1.35959
8155.095	-0.25192	-1.63029	1.93470	-1.26561
8159.095	-0.14436	-1.64356	1.90468	-1.23497
8163.092	-0.12436	-1.67207	1.84052	-1.17075
8167.096	0.00127	-1.68516	1.81022	-1.23564
8171.094	0.04333	-1.73434	1.82562	-1.19235
8175.057	0.10955	-1.77321	1.84218	-1.14788
8179.089	0.12426	-1.84131	1.81151	-1.17332
8183.078	0.24026	-1.85028	1.86950	-1.12485
8187.089	0.34504	-1.85130	1.90495	-1.11924
8191.095	0.27140	-1.87592	1.87567	-1.12802
8195.092	0.25465	-1.89069	1.89000	-1.19544
8199.096	0.18700	-1.91956	1.86620	-1.20975
8203.096	0.09250	-1.89984	1.85916	-1.26286
8207.095	0.08547	-1.76661	1.77831	-1.31239
8211.094	-0.05055	-1.84692	1.83476	-1.35202
8215.099	-0.15196	-1.83003	1.82616	-1.32239
8219.097	0.08562	-1.86052	1.85760	-1.37647
8223.100	0.01990	-1.85402	1.83727	-1.43581
8227.092	0.08517	-1.85754	1.73502	-1.47792
8231.095	0.21311	-1.79957	1.60556	-1.45240
8235.098	0.15330	-1.77579	1.70616	-1.45413
8239.095	0.13672	-1.76869	1.65111	-1.38321
8243.100	0.18335	-1.70076	1.62805	-1.33129
8247.100	0.14685	-1.67219	1.61515	-1.29366
8251.097	0.06192	-1.71458	1.68751	-1.25742
8255.093	0.12111	-1.70899	1.69180	-1.25111
8258.993	0.09840	-1.67115	1.72892	-1.24669
8263.096	0.08445	-1.62425	1.74288	-1.16510
8267.096	0.18169	-1.60977	1.79291	-1.08031
8271.097	0.12545	-1.57561	1.87708	-1.09850
8274.994	-0.01767	-1.57559	1.89000	-1.10182
8279.097	0.08200	-1.62068	1.87265	-1.11363
8283.095	0.10061	-1.65226	1.87220	-1.16147
8287.097	0.12014	-1.69493	1.84728	-1.19984
8290.995	0.19462	-1.70285	1.85413	-1.24501
8295.098	0.19817	-1.73254	1.83300	-1.26223
8299.098	0.17576	-1.77616	1.83576	-1.29659
8303.096	0.18360	-1.80183	1.80028	-1.27184
8307.097	0.25902	-1.77583	1.70202	-1.31028
8311.052	0.25135	-1.74304	1.66953	-1.32294
8315.098	0.27327	-1.71940	1.67853	-1.31162
8319.097	0.31684	-1.70405	1.72956	-1.32963
8323.101	0.26669	-1.70629	1.77281	-1.30952
8327.100	0.25105	-1.70004	1.75133	-1.30084
8331.100	0.22534	-1.70106	1.71077	-1.31800
8335.098	0.15305	-1.74265	1.74370	-1.21319
8339.001	0.12776	-1.74211	1.74610	-1.17597
8343.099	0.11049	-1.74235	1.73626	-1.17431
8347.098	0.11012	-1.72624	1.75012	-1.16283
8351.100	0.11577	-1.74499	1.81456	-1.13787
8354.987	0.04946	-1.78779	1.81550	-1.15090
8359.097	0.01092	-1.81296	1.78570	-1.11405
8363.100	0.00323	-1.82242	1.73936	-1.10032
8367.098	-0.03276	-1.82505	1.69864	-1.11214
8370.996	-0.04797	-1.83451	1.67566	-1.09688
8375.100	-0.08123	-1.84007	1.67353	-1.06304
8379.056	-0.07229	-1.81236	1.65347	-1.08091
8383.096	-0.08473	-1.80499	1.63432	-1.07012
8386.999	-0.09277	-1.77637	1.63750	-1.06026
8391.082	-0.09922	-1.76969	1.61260	-1.04780
8395.100	-0.15206	-1.79163	1.57302	-1.05160
8399.100	-0.18112	-1.76631	1.56045	-1.01128
8402.997	-0.20194	-1.76141	1.56796	-0.98460
8407.099	-0.22581	-1.74810	1.60769	-0.96087
8411.054	-0.22854	-1.72946	1.66909	-0.93238
8415.097	-0.23817	-1.69790	1.70306	-0.90366
8418.995	-0.24031	-1.64619	1.74714	-0.86207
8423.096	-0.22502	-1.59447	1.81867	-0.83545
8427.098	-0.23361	-1.51233	1.87195	-0.82020
8431.101	-0.22671	-1.47955	1.89548	-0.80663
8434.995	-0.24629	-1.41262	1.93177	-0.78928
8439.099	-0.22467	-1.36323	1.98068	-0.78330
8443.098	-0.21390	-1.34078	1.98596	-0.74844
8447.101	-0.21383	-1.31331	2.00839	-0.71222
8450.995	-0.21901	-1.29717	1.98802	-0.69589
8455.101	-0.21038	-1.26436	1.96013	-0.67952
8459.056	-0.21246	-1.23520	1.92143	-0.68197
8463.100	-0.21986	-1.21975	1.87780	-0.72671
8466.995	-0.25756	-1.24630	1.84577	-0.76675
8471.102	-0.36918	-1.30679	1.80613	-0.83016
8475.077	-0.37869	-1.33172	1.67702	-0.77077
8479.103	-0.40008	-1.36594	1.74962	-0.82306
8482.995	-0.34479	-1.40668	1.68714	-0.85323
8487.098	-0.28627	-1.38255	1.64588	-0.87640
8491.100	-0.28548	-1.39151	1.55063	-0.95124
8495.101	-0.25823	-1.42506	1.58019	-1.01065
8498.960	-0.29960	-1.47569	1.62301	-1.01080
8503.100	-0.38298	-1.51896	1.54696	-1.03470
8507.101	-0.25160	-1.54674	1.51673	-1.02707
8511.100	-0.31920	-1.52198	1.50368	-0.99189
8514.977	-0.26346	-1.48196	1.45596	-0.95225
8519.090	-0.21906	-1.46346	1.47657	-1.01872
8523.099	-0.21864	-1.43411	1.42496	-1.04074
8527.104	-0.21735	-1.41071	1.41343	-1.08185
8530.999	-0.26326	-1.40468	1.38617	-1.12268
8535.101	-0.31029	-1.33357	1.49329	-1.08509
8539.098	-0.30744	-1.34658	1.50435	-1.10755
8543.104	-0.30751	-1.30185	1.42955	-1.12855
8546.995	-0.27674	-1.26100	1.41107	-1.21375
8551.100	-0.30724	-1.21589	1.41831	-1.25087
8555.102	-0.31751	-1.21261	1.43677	-1.30484
8559.071	-0.33290	-1.20469	1.50033	-1.38710
8562.983	-0.30064	-1.20352	1.51444	-1.43982
8567.100	-0.23217	-1.17628	1.56791	-1.48211
8571.101	-0.12739	-1.24062	1.50177	-1.53523
8575.104	-0.02842	-1.23908	1.57567	-1.42533
8578.998	0.02799	-1.28337	1.59849	-1.44557
8583.102	0.12399	-1.30651	1.56846	-1.42144
8587.105	0.25019	-1.41600	1.55859	-1.45216
8591.100	0.18119	-1.53900	1.56151	-1.39215
8594.994	0.14868	-1.64341	1.59288	-1.32284
8599.056	0.18623	-1.69327	1.57168	-1.31854
8603.096	0.18320	-1.79193	1.51531	-1.29727
8607.100	0.24922	-1.75560	1.53505	-1.25659
8611.063	0.24989	-1.76620	1.49140	-1.27027
8614.977	0.25356	-1.81962	1.52503	-1.25811
8618.977	0.19596	-1.84209	1.47950	-1.24955
8622.976	0.22341	-1.83363	1.45780	-1.26741
8626.972	0.22244	-1.83027	1.41940	-1.27424
8630.977	0.17119	-1.79823	1.41494	-1.29338
8634.977	0.17812	-1.78021	1.43456	-1.30814
8638.983	0.09619	-1.76142	1.45321	-1.33810
8642.975	0.14881	-1.73652	1.44971	-1.37725
8646.946	0.15126	-1.72028	1.45175	-1.40064
8650.981	0.12694	-1.73337	1.44436	-1.40849
8654.978	0.11940	-1.79002	1.43426	-1.38218
8658.995	0.08306	-1.78513	1.40966	-1.36712
8662.975	0.06070	-1.78928	1.37888	-1.36431
8666.977	-0.08262	-1.85995	1.40862	-1.35578
8670.978	-0.06075	-1.86779	1.39073	-1.35740
8674.973	-0.04894	-1.84454	1.35102	-1.34814
8678.975	-0.08709	-1.87780	1.31863	-1.33445
8682.978	-0.01278	-1.84578	1.31503	-1.29455
8686.977	0.05326	-1.80524	1.31255	-1.26031
8690.973	0.00176	-1.81626	1.32299	-1.21727
8694.975	0.14657	-1.78997	1.34792	-1.21768
8698.975	0.09016	-1.74926	1.43900	-1.21222
8702.978	0.11292	-1.72582	1.50212	-1.20519
8706.974	0.09116	-1.66621	1.54282	-1.20561
8710.976	0.04365	-1.62875	1.44247	-1.21838
8714.975	0.03343	-1.59254	1.56590	-1.20985
8718.978	0.10585	-1.57432	1.60283	-1.21581
8722.973	0.05931	-1.52697	1.63083	-1.20040
8726.980	-0.12382	-1.51571	1.68037	-1.24818
8730.946	-0.02829	-1.47566	1.71511	-1.27860
8734.979	-0.01866	-1.43889	1.72066	-1.30809
8738.976	-0.14139	-1.38815	1.73626	-1.31510
8742.978	-0.18494	-1.35896	1.73098	-1.36312
8746.978	-0.18494	-1.24673	1.68989	-1.41001
8750.979	-0.16620	-1.20527	1.68672	-1.49205
8755.001	-0.14749	-1.20518	1.69041	-1.53993
8758.980	-0.15913	-1.10329	1.68592	-1.57322
8762.979	-0.17012	-1.00671	1.69217	-1.63114
8766.977	-0.21358	-1.00477	1.65272	-1.67996
8770.975	-0.19993	-0.95228	1.62425	-1.67887
8774.979	-0.23810	-0.91021	1.64372	-1.69005
8778.978	-0.23368	-0.85539	1.66222	-1.72991
8782.979	-0.21078	-0.83921	1.67058	-1.74497
8786.974	-0.21274	-0.81770	1.66336	-1.74274
8790.989	-0.21951	-0.88145	1.68959	-1.76307
8794.977	-0.30004	-0.91009	1.71521	-1.76634
8798.978	-0.28123	-0.85938	1.75171	-1.76827
8802.975	-0.19199	-0.87350	1.77526	-1.78619
8806.977	-0.26895	-0.92132	1.77204	-1.78639
8810.976	-0.20209	-0.93260	1.75912	-1.76588
8814.976	-0.21028	-0.96966	1.76819	-1.79654
8818.974	-0.17474	-0.97953	1.70861	-1.81426
8822.980	0.00655	-1.02129	1.73418	-1.77816
8826.979	-0.07937	-1.03294	1.69991	-1.77005
8830.982	-0.08393	-1.05634	1.71459	-1.74815
8835.001	-0.07368	-1.05900	1.67253	-1.67920
8838.978	-0.05013	-1.07487	1.64675	-1.62413
8842.978	-0.03340	-1.11968	1.61929	-1.53954
8846.980	-0.07021	-1.14668	1.64689	-1.55451
8850.970	-0.07912	-1.16539	1.63397	-1.58597
8854.951	-0.11940	-1.20140	1.67861	-1.58499
8858.979	-0.14759	-1.22512	1.68573	-1.62903
8862.980	-0.16315	-1.23630	1.68945	-1.58503
8866.938	-0.23331	-1.24675	1.70774	-1.61333
8870.936	-0.30903	-1.27617	1.71925	-1.60714
